-9677 14945 7878 -3637 2082 3046
-9085 15029 8150 -4131 2215 2895
-9968 14310 8213 -4796 2693 2694
-9537 13765 8545 -4517 3062 3114
-9854 13570 8712 -4134 3470 2842
-9846 13064 8658 -3677 3764 3324
-9417 13576 8790 -3043 3892 3103
-9448 13538 8780 -2753 4021 3086
-9393 13680 8663 -2860 4152 3219
-8988 14082 8522 -2990 4078 2899
-8918 14129 8316 -3297 4181 2824
-9019 13533 7967 -3320 4044 3164
-9144 14564 8301 -2889 4197 2753
-8398 14420 8049 -3382 5101 2758
-10352 15556 7752 -3815 5336 3515
-8975 14598 7625 -3540 4394 3839
-9786 14277 7414 -2894 3882 3850
-10068 13890 8078 -3840 4150 2728
-10626 14676 8276 -4873 4404 1907
-10926 13372 8444 -5624 4177 1107
-11066 12929 8384 -5526 3920 1002
-10764 12712 8204 -5253 3625 1036
-10414 13156 7874 -4758 3783 1281
-10284 13133 7653 -3953 3687 1759
-10128 13469 7465 -2762 3259 2547
-10178 13897 7281 -2062 2799 3255
-10016 14269 7152 -2060 2423 3630
-9938 14422 7048 -2840 2432 3509
-9680 14106 7052 -3574 2292 2694
-9913 13412 7113 -4047 2459 2204
-9964 12970 7057 -4140 2497 1873
-10021 12494 7192 -3837 2320 1704
-10224 12641 7257 -3461 2388 1461
-10314 12900 7513 -3195 2312 934
-10894 13006 7792 -3152 2257 1005
-10492 13461 8014 -2857 1915 954
-10638 13740 8124 -2518 1798 991
-10245 13921 8044 -2255 1631 905
-9970 13966 7889 -2019 1547 1113
-9112 14417 7942 -1722 1326 748
-9938 13849 7761 -2219 1324 1544
-9216 14629 7962 -2024 1016 1135
-10064 15393 8162 -2296 1326 1464
-10200 16009 8970 -3598 1894 1515
-10493 17516 10017 -6999 2773 1924
-12465 20400 11516 -11583 2734 2301
-15457 23612 13878 -15740 3029 1920
-18696 27562 15752 -19315 1451 1380
-19493 24612 16910 -21280 -2270 2495
-19438 20482 16800 -18080 -6726 5657
-20844 17106 15638 -15544 -12192 9012
-14714 17877 13606 -5904 -15112 12902
-18781 12420 12778 -4485 -18990 12039
-17393 16028 11289 1332 -21048 16527
-14873 10656 11038 8218 -21633 21325
-12376 17894 11252 18688 -23498 23270
-10050 18664 10837 25956 -21073 29661
-7653 22740 9837 28769 -19985 32767
-6062 22926 8386 30052 -17728 32767
-1025 24602 3529 27921 -11380 32767
901 22648 4678 27837 -9711 32767
4133 22038 3092 26967 -6139 32767
8129 21420 2605 25488 -755 32767
9408 20532 2784 23211 2933 32767
10114 20300 2288 19667 5169 32767
11229 19002 1622 16218 7442 32767
12864 16329 1645 13387 9907 32767
12642 15685 1578 11330 11816 32767
12284 14082 2722 8985 12454 32767
11118 12702 3181 7288 12838 32642
9782 10184 4184 6070 14382 30921
9153 8398 5196 5531 15740 28433
8773 6362 6177 5555 17048 25473
8848 4610 6850 6447 18419 22506
8618 2392 7636 8624 19836 20163
8024 2236 8556 10149 20927 18692
7712 1646 9140 11275 22947 16779
6344 2493 10042 11618 21509 14016
7114 1080 10584 11457 21096 12112
6376 746 10678 11655 20242 10252
4857 1225 10709 11306 18779 7897
4032 1724 10746 11283 17542 5348
3146 1968 10614 11768 16125 2578
2632 2196 10052 12602 14704 -262
2370 2573 9248 13480 13619 -2665
1825 3404 8329 14147 12592 -5008
1334 4592 7722 14143 11314 -7445
568 5933 7188 12812 9574 -9027
-704 6481 6701 10270 6691 -9628
-2188 6598 6206 7682 3347 -9717
-3722 6033 5465 6350 -221 -10120
-5228 6569 4834 5981 -2918 -11236
-6481 6846 4618 5781 -5032 -12726
-6826 6834 4364 6241 -5979 -14279
-7861 7016 3897 7424 -5958 -15581
-9921 9324 4185 7833 -5348 -16609
-11360 11973 4704 6627 -5287 -17996
-12994 14566 5125 3424 -6091 -19343
-14190 16092 5096 -409 -7650 -20751
-15344 16385 4234 -3065 -9677 -22209
-16289 15918 2650 -2147 -11909 -23481
-16984 15970 1206 1706 -13313 -24404
-17008 17346 670 6222 -13913 -24206
-16878 20464 1232 8772 -13749 -23175
-16664 23880 2132 8270 -13099 -22370
-16068 26358 2976 4956 -11740 -22131
-15732 26674 2766 257 -9975 -21938
-16310 26329 1462 -1568 -9504 -22230
-16297 25969 436 -925 -9997 -22788
-16077 26229 -442 694 -10324 -22356
-15866 26868 -1745 3548 -11496 -21722
-14797 28200 -2500 5946 -13565 -20255
-13069 29014 -2588 7550 -13759 -18502
-12473 30137 -2745 7557 -13445 -15817
-12017 30642 -2993 6188 -13294 -13718
-11397 30296 -3505 4324 -12348 -12694
-10874 29472 -4564 3171 -12020 -12213
-9789 28296 -5530 3976 -11625 -11495
-8604 27593 -6085 6090 -10551 -10166
-7861 28258 -6262 8022 -10017 -8840
-7388 29681 -6418 8010 -9532 -7190
-7022 31906 -6634 6528 -10025 -6504
-6026 32746 -6453 3910 -10361 -6358
-4658 32257 -6190 375 -10023 -6095
-3313 31172 -5930 -3392 -8810 -5486
-2180 29809 -6122 -5484 -8218 -5628
-534 26937 -6126 -5063 -7264 -5724
576 26021 -6061 -2582 -5279 -5517
1650 25341 -5760 1164 -3376 -4533
2906 26017 -4953 3935 -1244 -2836
3342 27864 -4369 4641 -171 -1341
3960 28598 -3922 3898 412 127
4440 29317 -3440 1875 951 1008
5478 28746 -2866 -1126 2174 911
6041 27248 -2488 -4170 2898 1055
6168 25510 -2284 -5707 3534 1598
5710 24273 -1642 -5869 4487 1765
5153 23982 -1580 -4655 5423 1824
4084 23941 -1688 -2719 6362 1289
3706 23730 -993 -1060 7189 1152
2998 24548 -254 -574 8270 1215
2554 25124 1178 -2046 10103 1244
2345 24368 2564 -5966 12737 1251
1329 22869 3513 -11646 15702 1426
876 20084 4385 -16786 17870 1018
229 17040 4840 -20329 19023 438
30 14541 5120 -21559 20967 -427
-508 10833 6104 -21046 22687 -1511
-1465 7910 6510 -18917 23016 -1033
-1020 6157 7118 -16005 22326 -735
-1270 6090 7408 -13309 21231 708
-1610 6334 7509 -11498 19595 2348
-2122 6989 7900 -10339 17260 3598
-2141 7009 7936 -9340 14675 4091
-2190 7676 8544 -8776 12785 3932
-3069 7853 8378 -8275 11102 3704
-4511 10120 8311 -9113 8646 3351
-5922 11758 7990 -11673 5412 2347
-6686 13836 7313 -15231 3212 652
-7653 15740 6286 -19436 1187 -1107
-8549 16407 4828 -22409 -708 -2749
-10585 18733 3446 -22609 -1006 -2559
-10469 18496 2830 -20923 -508 -2173
-10428 16885 3486 -17135 1266 0
-11084 13822 4860 -11384 3233 2131
-11133 11992 5832 -6420 5383 3292
-11673 11326 7334 -1108 8449 3800
-12825 10158 9081 2084 9946 5005
-13262 10110 10244 1653 9013 2517
-13356 10216 9674 -603 6679 33
-12438 11029 8706 -1906 5072 -665
-11878 11244 7545 -820 3407 -503
-11352 12913 6816 735 2063 310
-10710 15108 6517 1685 1763 646
-10492 15793 6414 2046 1794 1034
-9756 16318 6576 2128 2098 1011
-9168 16342 7040 2126 2477 637
-8545 16818 7508 1684 3320 -139
-8397 16721 7740 1211 4097 -504
-8562 16752 7841 599 4994 -834
-8206 16248 7960 242 5458 -1245
-7992 15449 8354 46 5000 -1750
-8420 15814 8314 64 4657 -1227
-8445 15632 8260 19 3367 -1504
-8349 14965 7945 333 2343 -828
-8474 14888 7757 1036 1320 -278
-8422 14602 7648 1933 453 159
-8026 14864 7228 2595 -157 840
-7350 14896 6966 3098 -828 1101
-6944 15216 6788 3261 -1365 1229
-6304 15116 6777 3102 -2011 1419
-6036 15896 6694 2610 -2219 1200
-6080 16336 6778 1827 -2122 959
-5934 16652 6816 975 -1868 860
-6025 16826 6773 449 -1494 399
-5873 16552 6650 431 -871 349
-6064 16454 6378 1091 -179 741
-6008 16789 6420 1919 718 1169
-6298 16597 6554 2959 1373 1379
-6560 15894 6929 4117 1532 1644