-7334 16073 5357 3949 -71 1519
-6890 15900 5142 4691 455 1269
-6464 16083 5158 4244 1474 885
-6674 16293 4916 2759 1941 417
-6762 16236 4802 1969 1634 81
-6652 15676 4668 1045 1464 60
-7173 14629 4644 823 648 -523
-6716 14226 4544 1135 83 -860
-5802 13648 4491 1468 -669 -1398
-3843 13503 4443 2149 -1039 -2312
-3417 14028 4510 2649 -549 -3182
-3292 14598 4466 3136 636 -3672
-3546 15177 4998 3028 1816 -4550
-3788 16164 5448 2145 2961 -5775
-3974 16517 6074 543 4394 -6938
-4209 16012 6358 -742 5791 -7584
-4960 15280 6699 -405 7512 -7820
-6261 14340 7152 717 8478 -7795
-7228 14114 7438 1949 9111 -7727
-8518 13750 8132 2326 8418 -7191
-9660 13156 8180 3003 7929 -6962
-11992 12525 7937 4679 6792 -6696
-13000 12794 7621 6267 5877 -4511
-13860 14074 7386 7405 3922 -3823
-14174 14328 6968 7691 1168 -2995
-13594 14700 6309 8487 -1303 -1859
-13590 15038 6300 11021 -5904 905
-12808 14652 4398 13639 -7367 2845
-12916 16299 4258 15239 -9243 4570
-13217 17632 3628 14897 -10760 6125
-13239 19940 2997 11833 -11364 5358
-13913 21544 2589 8496 -9687 5010
-11974 21162 2493 8550 -9981 5396
-10034 21270 2404 7108 -13558 3245
-9472 21060 2486 4027 -16733 2014
-8835 20979 3185 -495 -19196 389
-7489 19626 3157 -6233 -18677 562
-7074 17328 4290 -7230 -15632 281
-6719 16675 3721 -4364 -11317 -110
-8158 14316 3012 -268 -10140 3082
-7736 15442 3965 1268 -11526 700
-7508 17068 4082 2149 -13360 -1300
-7893 18177 4018 2794 -12993 -1297
-8340 18544 3766 3052 -12449 -969
-8487 19040 3275 2959 -12761 -1072
-8366 19216 2446 2771 -14356 -1065
-7684 19276 2058 2612 -15447 -1002
-7064 19382 1842 2765 -15882 -550
-6461 19313 1821 3129 -15654 170
-6098 19493 1873 3496 -15060 918
-6018 19732 1992 3580 -14569 1299
-6002 20120 1956 3254 -14123 1439
-5960 20519 1960 2033 -13663 1203
-5550 20261 1977 954 -12842 1187
-4621 19242 2148 744 -11606 1711
-3970 18610 2176 1133 -9826 2729
-4038 18682 2306 1550 -8492 3372
-4098 19575 2538 1404 -7156 3674
-4090 20272 2642 322 -6069 3525
-3890 20158 2657 -560 -5251 3457
-3728 20202 2645 -1058 -4399 3537
-3557 20042 2654 -1503 -3692 3665
-3417 19733 2668 -2051 -3267 3901
-3576 19534 2817 -2650 -2970 4250
-3696 19442 3013 -3213 -2741 4539
-3742 19173 3516 -3826 -2357 4815
-3650 18729 3925 -4480 -1886 5235
-3812 18458 4241 -4982 -1325 5658
-4285 18418 4461 -5252 -901 5956
-4569 18360 4734 -5244 -745 6016
-4628 18236 4996 -4801 -444 6024
-4690 18602 5268 -4095 34 6016
-4656 18885 5448 -3390 515 6120
-4974 19670 5573 -2812 984 6311
-5732 21678 5648 -3182 1347 6488
-6314 23073 5941 -4697 1366 6561
-6665 23729 6185 -6773 1141 6805
-6484 23358 6509 -8245 440 7306
-6185 23389 6885 -8119 -158 8057
-5218 23460 7354 -6682 -176 8948
-3772 23342 8001 -4798 173 10006
-2697 23989 8913 -2505 279 11284
-1070 24285 9557 -218 162 12836
1828 24889 10145 2115 109 14154
7268 25740 10949 4180 550 15024
11070 27672 11000 4930 1616 15461
14314 30093 9404 3891 3347 16078
15120 30644 7376 862 4575 19215
12334 29333 5458 -3330 4533 25023
9376 25258 4446 -7118 4020 30627
7688 20916 4613 -8928 3190 32438
7239 17704 4906 -9717 2435 32337
6324 13554 5251 -9045 2877 31636
5701 10388 5060 -7069 4521 30706
4202 8598 4844 -4827 6043 29596
3215 6072 4360 -1108 8209 28827
3449 3517 4302 2557 10137 26845
4044 1402 4324 5142 11348 25538
3937 450 4772 6968 11896 23053
2929 138 4908 7622 11964 19825
1398 -150 5053 7021 11276 16240
-96 -144 4916 5399 8067 12692
662 -2580 4309 4290 11278 11649
-1368 -2809 4574 2973 9926 7093
-484 -2713 4233 5731 10405 529
-2010 -5237 3389 7816 9999 -2151
-3437 -5744 2940 11785 11256 -4118
-5824 -4278 2746 16488 6946 -8906
-7610 -2418 3774 19162 1289 -12145
-8196 -68 5550 20646 -942 -13748
-6612 1069 4746 19819 12768 -14336
-11405 2913 6434 17901 14397 -18772
-12762 3488 4361 10780 3812 -23422
-13505 3820 3757 8140 -2972 -27140
-14153 3709 3728 10708 -1656 -28257
-16041 4997 3165 14740 -1406 -27743
-16889 7193 3638 17086 -1358 -26757
-17157 10637 4257 17279 -761 -27096
-18617 13409 4141 15878 -704 -27689
-21189 16789 3882 14831 -842 -28422
-23737 21581 2313 13819 -1925 -29659
-25017 25248 338 13444 -5610 -30599
-25132 28254 -546 13191 -9038 -30453
-23844 31001 -820 13046 -11553 -28828
-22274 32596 -993 13455 -11849 -26328
-21448 32767 -1196 13297 -10795 -23075
-20278 32767 -796 11868 -9195 -20618
-18258 32767 -1034 9160 -7767 -18144
-16366 32720 -2156 7899 -7335 -16633
-14292 32500 -3238 8526 -7711 -15512
-12602 32732 -3709 9595 -7480 -13590
-12856 32767 -4076 9241 -8587 -11694
-12912 32767 -4218 7429 -10584 -10863
-11896 32767 -3781 4980 -12118 -9770
-9122 32767 -2846 2562 -13380 -8289
-7261 32732 -2724 1384 -13082 -6007
-3490 30126 -3120 1604 -12766 -4581
232 28097 -3534 4396 -12455 -4753
649 28953 -3449 8196 -8831 -4042
30 30866 -3017 9639 -12464 -3800
76 31797 -1950 10651 -9034 -4285
-32 31952 342 9379 -7931 -2250
-954 32464 2349 5325 -7482 1096
-941 30926 4056 -236 -4353 5046
-1580 29089 4645 -7788 93 7377
-3981 29160 4301 -14479 -2331 6631
-4700 27094 3205 -17637 -6311 4224
-4950 25168 2968 -17039 -8952 1889
-4494 24642 2564 -14630 -10144 1823
-3620 24201 2264 -12130 -11628 4283
-2416 24740 2492 -9239 -11760 7494
-2434 25380 2196 -7826 -9848 10150
-2054 25616 2202 -9210 -9679 11053
-1090 25838 1808 -12378 -11097 11730
201 24944 1081 -15077 -12569 12341
2160 24377 -100 -15270 -12657 13042
3142 24269 -824 -14070 -11848 14428
4336 24096 -1429 -12254 -10366 16493
6006 23261 -1257 -10503 -7716 18615
6326 22572 -1072 -8981 -4796 20440
6952 20337 -784 -7915 -1935 23006
6758 18497 -454 -7448 324 24718
6206 17652 -142 -7802 2282 25209
5509 15658 -110 -7605 3744 25515
4968 13974 465 -7212 4419 25950
4718 12813 930 -6114 4329 26171
4552 10448 1497 -5367 5318 26389
3685 8844 1874 -3440 4061 25872
3704 8102 2330 -756 3245 25282
4130 7600 2940 1522 5002 25194
3617 7693 3862 2629 6669 23901
3468 7649 4481 2111 8286 22279
2720 7758 4949 951 9239 20724
2209 7777 5097 -442 9564 19367
2146 7400 5448 -1607 10212 18083
2089 7378 5714 -1794 10228 16506
1690 7126 6301 -1543 10420 14997
1154 7249 6966 -1167 9985 13134
1153 6896 7797 -370 10252 11090
573 7510 8512 1280 10658 8758
469 8134 9093 2915 11078 6145
601 8789 9274 4148 11230 3832
173 10133 9294 4992 11116 2300
-326 11045 9257 5373 10632 1364
-774 12001 9006 5418 9675 672
-1424 13193 8713 5254 7750 -180
-1541 14642 8369 4986 6086 -1123
-857 15373 8264 4366 4593 -2161
93 15400 8318 3750 3767 -2851
449 15408 7905 3765 3174 -3247
728 15345 7602 4387 3148 -3793
916 15504 7465 5083 3016 -4302
909 15700 7213 6069 2911 -4539
522 17590 7097 6888 2741 -4520
928 19334 6861 6810 2299 -5037
1409 20641 6665 5742 1779 -5507
1820 20909 6486 4030 1185 -5047
1969 20936 6206 2699 577 -4398
2209 20306 6072 1965 233 -3922
2732 19960 6240 2081 601 -3358