-11137 7449 9177 1192 -3751 -4608
-10894 7054 8861 1134 -4677 -5913
-10762 6837 8738 1171 -5343 -7194
-10604 6917 8572 1001 -5713 -8475
-10242 6754 8488 920 -6076 -9859
-9962 6857 8280 1102 -6614 -11408
-9822 7030 8189 1328 -7139 -12959
-9544 7264 8074 1347 -7534 -14537
-9169 8023 8117 669 -7918 -16506
-8851 9414 8238 -1542 -8403 -19205
-8754 10782 8177 -5018 -9036 -21934
-8896 12495 7981 -9715 -9872 -25181
-9082 14224 7742 -14874 -11176 -28094
-8592 14933 7212 -19789 -12249 -30691
-7548 15047 7184 -24446 -12551 -32749
-6436 15070 7532 -26230 -10986 -32768
-5516 14593 8369 -24803 -7027 -32768
-5651 12988 10042 -18767 175 -32049
-7156 12414 11628 -12157 5790 -29200
-8614 12203 13243 -3892 11390 -24682
-10912 13285 14408 4694 15842 -19062
-12812 15401 14694 9033 17142 -15512
-13498 15980 14656 11399 16359 -13168
-13656 17727 14429 12515 13812 -9861
-14906 19528 13968 11737 13384 -5762
-15258 15249 17954 16255 4432 -2028
-17922 18295 17637 20527 -7548 4163
-12854 18381 16889 20079 -16511 10134
-10669 19334 16289 14863 -16326 9122
-8909 15922 14882 8092 -11363 4833
-6105 11837 13486 3494 -4278 1691
-4682 10617 12712 2282 -1252 978
-5405 10058 13538 2204 -2173 2131
-5625 9882 13128 1034 -2518 2635
-6616 9140 12756 818 -1822 2339
-8332 9063 12451 1865 -487 2334
-9648 10364 12575 1933 678 2417
-10566 10870 12664 812 496 2789
-11334 10477 12392 114 -153 2849
-12060 10338 12410 228 -972 2453
-12090 10412 12634 332 -1954 1994
-11590 10514 12192 195 -2503 1438
-10792 9973 11382 206 -2878 1252
-10316 9549 10975 791 -3316 1343
-9929 9365 10832 1441 -3612 1728
-9658 9405 11129 1463 -3826 2177
-9168 9900 11482 1326 -3810 2218
-9117 10006 11892 930 -3978 2030
-8974 9886 12096 622 -4258 1848
-8952 9664 12341 625 -4639 1612
-8628 9542 12566 1000 -4849 1585
-8457 9646 12745 1607 -4834 1649
-8321 9994 13037 2105 -4529 1752
-8532 10488 13576 2480 -4241 1648
-8462 10951 14274 2513 -3909 1425
-8773 11426 15013 2159 -3685 1371
-9423 11433 15544 1609 -4110 2075
-10540 10996 15720 2137 -5455 3754
-11446 11359 15834 4728 -5713 5145
-12224 12130 16330 7717 -4953 5987
-12280 13176 16473 9761 -2818 5957
-12072 14000 16388 10963 -918 5906
-12933 14857 16259 13886 2139 6494
-13646 15530 15548 21354 7220 7730
-15018 18510 14052 30193 10510 10619
-15625 22248 12325 32767 12596 14228
-16037 27089 10797 32767 13523 17493
-15730 30233 9213 32767 13333 20205
-15253 32690 7698 32604 12349 22377
-13589 32767 6402 26620 10716 23742
-9633 32767 5068 17751 9243 24104
-4657 32767 4262 9644 8221 24025
-173 32369 3606 3144 7648 24384
3036 30232 3140 -1294 7794 24989
5942 26953 3145 -4377 8945 25842
6944 24621 3125 -6706 10115 27372
7825 20438 3294 -8075 10948 29270
8162 16792 3412 -7635 11407 30702
7964 14188 3705 -6768 11180 31893
8069 12637 3924 -5924 10515 32692
8729 11017 4146 -5824 9729 32767
8765 9529 3944 -5481 9028 32767
8112 7437 3406 -4629 8955 32767
7172 6009 3056 -3086 8973 32767
6854 5385 3302 -1470 8941 32767
6425 5657 4306 -163 9770 32767
6308 5534 5184 534 10832 32767
6106 5360 5632 992 11822 32767
5808 4665 5932 1762 12156 31929
6262 3860 6138 2596 12384 30010
6173 3609 6297 3689 12862 27886
5576 3082 6490 5108 12970 25584
5321 2966 6673 6392 12453 22961
4886 2345 6537 7575 11561 19841
5000 2072 6688 8869 10438 16463
4470 1736 6718 10142 9260 12863
3568 1450 6518 11248 8025 9061
2397 1520 6417 11664 6572 5200
1321 2356 6630 10910 5113 1323
129 2776 6876 9334 4232 -2609
-1517 2749 6869 7609 3390 -6394
-3110 2464 6912 6604 2282 -10409
-4980 2581 7090 5639 792 -13861
-6762 2933 7438 4950 -699 -17117
-8658 3796 7838 4496 -1845 -19883
-10732 4793 8237 4616 -2644 -22683
-13040 6002 8217 5138 -3269 -25292
-15053 7522 7954 5740 -3682 -27517
-16145 8965 7814 5937 -3974 -29312
-17132 10664 7928 5894 -3746 -30733
-18686 12632 7961 5955 -3552 -32267
-20069 14101 7544 6529 -3663 -32768
-21664 16258 6378 8393 -3876 -32768
-22698 19593 5502 8800 -3638 -32768
-21850 21445 5481 6504 -3298 -32768
-21308 21210 5592 3327 -3369 -32491
-21404 21036 5712 1168 -4054 -31592
-21004 20568 5816 172 -5051 -31057
-20792 20144 5838 372 -6069 -30618
-21180 20494 5482 1349 -7040 -29746
-20944 20557 4748 2997 -7656 -28456
-21069 20840 3762 5907 -8218 -26668
-21333 22774 2689 8499 -9252 -24533
-20881 24120 1844 9636 -10342 -22622
-20357 25281 1064 9633 -11388 -20985
-19818 26592 261 9100 -12612 -19588
-18870 27378 -258 7870 -13854 -18337
-17190 27964 -704 5907 -14888 -17191
-15833 28104 -1269 3830 -15827 -16259
-14261 26841 -2092 3491 -16464 -15457
-13138 25522 -2965 5934 -16201 -14380
-12150 25832 -3856 9586 -15290 -13252
-10860 27357 -4574 12919 -13837 -12352
-9498 28928 -5285 14740 -12222 -11404
-8146 31837 -6016 14701 -10821 -10478
-8381 32767 -6906 11593 -9733 -9236
-7941 32767 -7814 5935 -8855 -8370
-8149 32767 -8910 120 -7482 -6914
-8372 32767 -9429 -4967 -6080 -4321
-8881 32767 -9605 -8953 -4343 -1226
-11638 32767 -9704 -13784 -2334 2188
-12372 32767 -8646 -20998 -1323 3613
-9944 32767 -6192 -28934 26 5661
-7674 32767 -4101 -32768 2408 10550
-6961 30667 -1694 -32768 2832 12680
-5805 23978 822 -32768 259 12398
-5372 20146 2594 -32768 -3809 10990
-3810 15646 3501 -32646 -7931 10532
-932 11692 4302 -30192 -11345 11110
1742 9266 5260 -26570 -13546 11331
1929 9954 6165 -23678 -14402 11570
2594 8528 6881 -22470 -14798 11585
3990 7306 7670 -20510 -14428 11427
4994 6274 8446 -17601 -14061 11018
7132 5210 9285 -14448 -12699 10930
7084 6566 10194 -11757 -10072 10690
7454 6509 11033 -10260 -7255 10094
6432 6717 11747 -8105 -4321 9014
5613 6804 12348 -6475 -2186 8621
5057 7054 12478 -4888 -829 8875
4621 6944 12245 -3409 -216 9511
4476 6324 11646 -1560 -321 10508
3705 6692 11318 453 -657 11466
2272 7865 11206 1439 -1096 12279
886 9401 11470 1289 -1174 12520
-460 11648 12002 -500 -849 12225
-1661 12866 12354 -3491 -184 11313
-2833 13064 12284 -6451 231 10113
-2994 11814 11776 -8402 292 9187
-2773 9670 11189 -8564 364 8879
-2725 8242 10788 -7157 709 9129
-2769 7377 10577 -4902 1434 9479
-3989 8996 10876 -2374 3067 9092
-6714 12032 11354 -2020 2978 8412
-7527 12308 11771 -5101 2690 5247
-7741 11214 11584 -6219 6310 3489
-7405 7007 10867 -6137 5351 5443
-6040 5369 10437 -4461 3268 4026
-6266 4746 10730 -2737 3179 3688
-5829 5345 11204 -425 4456 5359
-6425 7533 12062 -675 4180 3856
-6747 11863 13291 -5132 5755 -984
-6349 11026 13451 -11664 6275 -1794
-5345 8837 13061 -15585 3931 -4394
-4744 7104 13018 -15893 2302 -4600
-4007 6822 13589 -13957 2254 -4570
-4359 7196 14810 -10957 3147 -4458
-4570 8002 15827 -8405 3825 -4816
-4758 8325 16201 -6337 4928 -4747
-4964 8197 16400 -5031 5655 -4324
-5581 8324 16476 -3770 6233 -3910
-6301 8528 16678 -2599 6083 -3863
-6789 9034 16741 -1597 5493 -4093
-6876 9677 16717 -1159 4596 -4300
-6813 10400 16522 -1198 3479 -4496
-6564 10720 16297 -1398 2249 -4475
-6372 10257 15973 -1430 973 -4246
-6150 10321 15722 -961 -502 -3953
-5720 10018 15584 -456 -1664 -3451
-5409 10260 15561 184 -2416 -3044