-9912 14832 4649 3962 -3283 1257
-10050 15125 4366 3997 -3578 1385
-9946 15288 4254 3783 -3677 1582
-9952 15528 4286 3358 -3661 1751
-9856 15554 4330 2710 -3533 2036
-9688 15484 4344 2190 -3395 2360
-9450 15277 4308 2101 -3159 2669
-9344 15157 4366 2222 -3006 3074
-9294 15680 4853 2112 -2727 3563
-9445 16416 5630 1490 -2388 4009
-9744 16992 6622 392 -1648 4359
-10130 17253 7337 -825 -868 4590
-10518 17661 7668 -2111 -191 4705
-10572 17742 7993 -3461 370 4832
-11042 18144 8390 -4481 915 4813
-11537 18746 8716 -5312 1298 4192
-11506 18549 8777 -5715 1948 3361
-11614 18440 8645 -5565 3836 2258
-12097 18684 8186 -5246 6076 1260
-12357 18738 7378 -5028 7868 676
-12793 19349 6094 -5423 9284 567
-12920 19541 5273 -5722 10006 738
-13080 20073 4672 -5891 9364 1351
-13330 20358 4241 -5966 7847 2341
-13092 20286 4132 -6402 5297 3917
-12105 18862 4609 -5686 1989 5995
-11102 17573 4900 -3803 -1267 8264
-10414 16804 4768 -1597 -4422 10638
-9962 16170 4653 602 -7367 12879
-8746 15305 4348 2623 -9347 14662
-8508 15645 4261 4669 -11248 16444
-8040 15938 4122 6310 -13242 17577
-7246 16430 4066 7288 -15298 18488
-6334 16592 4132 7566 -17184 19291
-5374 16342 3997 8012 -19012 20031
-5141 17017 3568 8162 -21049 20933
-4441 16742 3274 8184 -22883 21843
-3453 15984 3214 8938 -24139 22296
-2505 15538 3352 9797 -25321 22907
-1097 15022 3146 10753 -25474 23260
-5 14468 3002 11732 -24333 23151
653 14816 2753 12193 -23429 22611
544 15753 2098 12065 -22977 21887
1412 16317 1493 11315 -22313 20524
2142 16106 1630 10241 -21520 19080
2461 15912 945 9328 -20711 18305
2444 15728 1098 8736 -21169 18746
3182 14508 450 10016 -19380 19150
2832 14792 94 11001 -18248 19800
3390 14336 -201 11442 -17750 20090
3830 13880 -366 11961 -16584 19550
4826 13489 -705 12799 -14782 18592
5625 13653 -784 13447 -12572 17762
5921 14060 -774 13690 -11526 17262
7602 13986 -1432 13539 -10301 16598
8237 14605 -1741 12944 -9284 16279
8950 14604 -2301 12198 -8673 15813
9668 14796 -2922 11705 -8090 15378
10856 15150 -3430 11433 -7353 15084
12324 15045 -3341 11914 -6351 14731
13400 15478 -3352 12661 -5374 14221
14654 15889 -3818 13320 -4443 13564
15257 16594 -4354 13338 -3222 12451
15510 17478 -5048 12313 -2423 11380
16272 17714 -5404 10302 -1710 10447
16824 18077 -5465 7670 -1059 9704
17601 18524 -5168 4613 -500 8759
18669 18534 -4818 1480 237 7620
19629 18305 -4749 -879 831 6684
20885 17965 -4800 -2958 2062 5622
21413 17037 -4646 -4363 3336 5218
21940 16069 -4646 -4818 4712 4924
22080 15141 -4598 -4731 6566 4361
21510 14053 -4441 -4531 8527 3815
20753 13229 -4448 -4152 10028 3244
20100 12370 -4460 -3840 11247 2386
19513 11653 -4809 -3551 12089 1450
19006 11357 -4982 -3726 12491 702
18810 11124 -5041 -4011 12747 165
18522 10865 -5272 -4303 13517 -712
18020 10556 -5306 -4848 14201 -1837
17600 10072 -5185 -5653 14862 -3320
17769 9665 -4825 -6221 15712 -4750
18149 8762 -4872 -6737 17274 -6594
17880 7716 -4724 -6907 19243 -8225
16837 6825 -4464 -6941 21122 -9871
14989 6669 -4077 -7184 21801 -11802
12852 6273 -3640 -7704 21418 -13666
11609 6140 -2826 -8495 20757 -14974
10985 5897 -3125 -9155 19791 -16517
9860 5001 -3376 -8940 19102 -18778
8217 5390 -3600 -8704 18639 -21195
6838 6144 -3360 -10449 18859 -24113
4073 7990 -3260 -14347 19849 -28066
1216 8904 -3066 -20326 20981 -32219
-241 8150 -3213 -26191 22772 -32768
-904 5934 -3921 -29926 24943 -32768
-1646 3429 -5210 -30334 25510 -32196
-3152 2764 -5360 -27074 22901 -26044
-3921 808 -3790 -20298 19549 -19621
-4805 -38 -2020 -10494 17239 -15855
-6781 1090 461 -763 15794 -14848
-8333 4450 1985 4433 16770 -15185
-9494 6933 2689 5278 17302 -15990
-9948 8026 2668 3465 17357 -16514
-9909 7850 2588 1326 17266 -16753
-10306 7329 2534 117 17217 -16745
-10933 7289 2264 -576 16632 -16385
-11641 7114 2054 -147 16173 -15674
-12709 8009 2476 497 15575 -14785
-12940 8454 2665 1148 14924 -13881
-13880 8558 3188 2349 14354 -13160
-14784 9146 3628 3507 13813 -12865
-15636 9492 4082 4300 13296 -12799
-16217 10156 4632 4699 13003 -12923
-17262 11082 5362 4497 12787 -12952
-17853 11754 6017 3980 12316 -12474
-18061 11904 6757 3805 11592 -11654
-18144 12098 7574 4892 11172 -10758
-18648 12377 7748 7346 10377 -9809
-19834 13824 7420 10286 8794 -8695
-21689 15873 6929 12469 5786 -7762
-21145 16300 6045 14532 3148 -6802
-20473 16567 5425 17589 1593 -5622
-20469 18866 5189 20272 1082 -4576
-20804 20785 4561 20254 90 -3616
-20790 22212 3577 18434 -1563 -2319
-19377 22662 3092 16082 -3686 -1054
-16957 22428 3032 15195 -4484 -249
-14881 22890 3625 15482 -4695 -82
-12364 22782 3628 17068 -3071 -860
-11894 24604 3242 18154 -2149 -1251
-11665 25690 2370 18233 -2041 -1606
-12002 27158 1612 16550 -3253 -1588
-11250 27696 1030 13593 -4711 -1550
-10345 27349 632 10362 -6109 -1761
-7324 26458 289 7867 -6735 -2371
-5200 25700 68 6552 -6365 -3278
-3598 24866 -480 6007 -5689 -4451
-3062 24593 -861 5457 -5129 -5444
-3154 24493 -1281 4238 -5023 -6390
-3717 24206 -1785 2356 -5044 -7105
-4086 23800 -1954 -81 -5500 -7379
-3866 22700 -1604 -2082 -5586 -7094
-3872 21536 -1030 -3093 -5204 -6404
-3738 20573 -241 -3168 -4538 -5848
-3996 20026 674 -2715 -3421 -5503
-4154 19809 1660 -2434 -1955 -5373
-4638 19445 2434 -2473 -653 -5397
-5050 18694 2856 -2550 399 -5479
-5540 18440 3332 -2561 660 -4931
-5808 17784 3788 -2429 654 -4082
-6085 17628 4049 -2291 226 -3110
-6678 17212 4208 -1802 -696 -2265
-7100 17000 4346 -1113 -1801 -1447
-7365 16776 4325 -355 -2867 -740
-7540 16654 4304 324 -3644 -264
-7857 16582 4120 940 -4088 61
-7866 16414 3822 1494 -4308 314
-8001 16338 3422 2148 -4228 428
-8262 16352 3002 2603 -4198 519
-8497 16308 2604 2890 -4097 623
-8878 16501 2341 2855 -4006 817
-9034 16718 2312 2430 -4020 1086
-9140 16556 1921 2232 -3980 1281
-9978 16670 1200 2300 -4396 1313
-10150 16796 441 2577 -5186 1160
-10353 16889 -4 3005 -6227 994
-10170 16674 -116 3327 -6846 816
-10202 16737 -102 3341 -7301 591
-10073 16504 141 3244 -7803 -110
-10121 16016 506 3038 -8324 -1362
-10354 15521 816 3048 -9546 -3480
-9965 14712 1157 3536 -10880 -5904
-9356 14358 1533 4694 -11920 -7069
-8380 13997 1938 5956 -11735 -6567
-8518 14712 2243 6408 -10145 -5169
-9365 15510 2314 5717 -8119 -3802
-9949 15957 2417 4306 -6305 -2784
-10466 16281 2465 2540 -4647 -2189
-10888 16164 2401 697 -3399 -1896
-10981 15656 2441 -637 -2495 -1626
-10946 15258 2422 -1561 -1839 -1335
-11393 15109 2432 -1334 -2009 -959
-10838 15156 2205 -1154 -2602 -1044
-10325 14540 2234 -960 -2485 -869
-9905 14278 2060 -646 -1518 -523
-10388 14406 2096 78 -877 -434
-10776 14773 2350 389 -950 -590
-10782 14702 2410 580 -485 -550
-10702 14749 2450 423 -258 -303
-10744 15000 2262 -90 -90 -151
-10601 15020 2313 -521 -408 -310
-10098 14821 2326 -772 -404 -263
-9708 14765 2585 -903 -175 -238
-9505 14688 2622 -819 194 -429
-9369 14736 2640 -580 174 -362
-9489 14956 2598 -388 10 -283
-9642 15085 2624 -314 -373 -87
-9877 15218 2632 -320 -661 137