-12501 15146 5153 6937 10166 4461
-12430 15268 5072 7817 9433 4285
-12432 15776 5364 8227 8526 4200
-12320 16390 5525 8317 8141 4228
-12650 17513 5745 8027 7517 3929
-13108 19049 5430 6505 7061 3872
-13554 20104 5662 5131 6104 4163
-13746 20877 5858 3843 4643 4373
-13203 21123 5883 2311 3862 4301
-13131 21326 6749 840 1902 5194
-12726 20041 7226 1011 -70 6140
-12410 19583 7388 2293 -2494 7687
-11957 19066 6871 4457 -5155 9831
-11765 19417 5963 6715 -8170 12148
-11441 19864 5194 8014 -10988 14443
-10968 20237 4778 8576 -13396 16126
-10240 21070 4268 8429 -17733 18877
-9069 20976 3842 8140 -21710 20836
-8572 21053 3594 8214 -23770 21863
-7945 21246 3462 8071 -25441 22570
-7310 21017 3128 8018 -26686 23148
-6466 20277 2653 7906 -28312 23784
-4873 18948 1832 7978 -29432 24632
-3500 17722 1476 9021 -31182 25718
-1478 16116 289 11902 -32108 26309
-1144 16077 581 14828 -32742 26931
329 15761 388 17987 -32768 26549
1850 14828 378 20811 -32768 25655
2676 15969 136 22438 -31997 25057
3821 17064 -1132 21213 -30303 23739
5022 15912 -2144 17782 -27151 22157
4842 13637 -3136 14756 -24306 20553
5756 15016 -4902 14610 -18984 20515
7316 15420 -4852 12493 -14310 19835
6000 15345 -5673 11283 -8953 20792
5964 16549 -6805 9318 -4588 19211
5376 16976 -7401 5840 -39 17793
4070 17192 -7076 1800 2169 16991
3602 16864 -6692 -1984 1900 17306
3769 15824 -6545 -4417 1650 17138
4013 14490 -5997 -4908 2177 16727
4512 13734 -4753 -3990 1498 16429
5704 12746 -3642 -2311 2681 15770
6432 13266 -2741 -669 4157 14739
7218 13432 -2021 129 5351 13537
7433 13680 -1645 374 6200 12725
7914 13454 -1408 543 6407 12145
8214 13352 -1325 820 6435 11531
8826 13672 -1074 1216 6056 11190
9334 14056 -862 1371 5679 10480
10472 14238 -445 1548 5450 9980
11686 14809 26 1415 5524 9567
12724 15321 -30 1308 5798 8638
13465 15700 -5 1123 6194 7647
13973 15728 -89 974 6626 6779
14217 15660 -366 915 6923 5917
14817 15624 -528 280 7184 5009
15234 15477 -482 -672 7580 4613
15852 15541 -2 -2045 7795 5039
17349 15272 305 -3293 9388 4846
17350 14828 688 -4049 9914 5079
17400 13918 996 -4131 10688 4605
17386 13242 965 -3779 11132 3983
17081 12356 816 -3309 11206 2922
17789 11262 613 -2561 11549 1843
18960 10674 452 -1851 12147 363
19672 9957 -64 -870 13215 -1865
20150 9721 -454 -197 14389 -4183
20808 9476 -1104 239 16101 -7162
19881 8624 -2425 -143 17853 -9877
19714 7317 -3837 -44 19557 -12791
19725 5773 -5569 582 21472 -15363
18654 5773 -6968 668 23809 -16982
15940 6958 -7260 -584 25698 -18852
14142 7617 -6780 -3094 27761 -20055
10673 8930 -5524 -6872 29460 -21453
7665 9282 -4740 -11342 29514 -22814
5316 8130 -3826 -14904 30781 -24507
2814 5890 -2945 -15832 32230 -26069
106 4758 -2641 -14655 32767 -27310
-2662 3725 -2336 -12007 32530 -27453
-5634 3385 -2221 -8217 30604 -27030
-7285 3357 -1804 -4553 27920 -26735
-9114 4201 -1628 -1316 25065 -26904
-10529 5218 -1221 495 21758 -27451
-10749 6258 -1049 933 19844 -28086
-11074 7224 -629 268 19221 -28151
-11969 8838 -321 -1570 18726 -27484
-11888 9628 256 -3697 18462 -26654
-13470 10689 552 -6002 18113 -25868
-14373 11546 1522 -8614 16642 -24346
-15393 12450 2786 -11536 14974 -22304
-15542 12676 4006 -14205 12863 -19427
-14697 11298 5141 -14858 12103 -17181
-15178 10669 6108 -12982 11271 -15773
-15908 11014 6322 -10777 9891 -14781
-16820 12098 6278 -10160 7242 -13395
-17177 12916 6176 -10944 4139 -11332
-16733 12189 6240 -10797 1746 -9541
-16997 11544 6722 -9199 235 -8478
-17733 11378 7709 -6375 -167 -7745
-18272 12336 8621 -4150 -138 -6893
-18902 13268 9622 -3305 86 -5566
-19061 13845 10520 -3359 860 -3958
-18141 12497 11236 -2444 2252 -2487
-17197 12044 11612 -544 3742 -1271
-16650 11153 11873 2252 4981 -241
-16174 11338 11806 5583 5715 505
-16017 12325 11626 8697 5637 855
-15805 13433 11568 11568 5062 975
-15148 14774 11290 13755 4217 741
-15021 16650 10924 14784 2873 450
-14822 18330 10522 14632 940 375
-14881 19666 9856 13745 -1277 532
-14822 20325 9264 12964 -3356 548
-14293 20796 8692 12473 -5224 681
-13328 20770 8249 12826 -6105 317
-12821 21042 7808 13462 -6508 215
-11056 21002 7385 14561 -6217 496
-10801 21560 6857 15769 -5766 662
-9650 21821 6513 16639 -5523 944
-8373 22210 6109 17097 -4828 1050
-8046 22921 5962 16458 -4782 1178
-7038 22636 5982 15117 -4561 894
-6513 22508 6084 13465 -4365 274
-5716 22137 6153 11566 -4520 -400
-5024 21636 6032 9652 -4768 -993
-4657 21120 5865 7759 -5223 -1318
-4252 20518 5597 6323 -5866 -1524
-4024 20361 5298 5057 -6838 -1712
-3538 19666 5228 3954 -7566 -1909
-3349 19008 5325 3094 -7866 -1979
-3241 18613 5472 2380 -7796 -1992
-2969 17858 5825 2125 -7159 -2095
-2893 17518 6006 2310 -5962 -2284
-2517 16877 6144 2810 -4834 -2172
-2474 16698 6204 3462 -3628 -2070
-2580 16656 6182 3862 -2802 -1971
-2525 16470 6089 4046 -2103 -1969
-2798 16649 6009 3953 -1996 -2060
-3641 17270 5598 3248 -2455 -2231
-3877 17292 5432 2237 -3366 -2257
-3898 17034 5524 1508 -4133 -2348
-4024 16972 5268 1230 -4445 -2570
-4410 17029 4985 1222 -4671 -2748
-4672 17121 4618 1327 -4945 -2881
-5026 17397 4248 1259 -4821 -3122
-5748 17758 3933 805 -4918 -3177
-6268 18114 3614 -126 -5179 -3052
-6613 17849 3477 -1035 -5750 -2810
-6862 17569 3489 -1907 -6443 -2153
-7108 17285 3578 -2370 -7354 -1554
-7581 17429 3706 -3347 -8980 -1013
-8330 18245 3582 -5290 -12135 -1161
-8710 18668 3609 -8231 -16206 -2055
-8320 18125 4022 -10948 -20155 -2628
-7240 16580 4578 -11580 -21945 -2550
-5409 13663 5652 -8279 -21084 -2603
-4488 12128 6667 -695 -16172 -2251
-4982 13065 6894 6135 -9709 -1625
-6008 15253 6396 8951 -3977 -1014
-7154 17610 5915 6450 -594 -590
-7837 18201 5626 1935 806 16
-7946 17680 5819 -1799 908 234
-7670 16892 5996 -3535 984 535
-7261 16446 5909 -4107 1089 -32
-6854 15437 6122 -3161 579 -531
-6709 14768 6218 -1009 555 -868
-6777 14750 6196 875 304 -1270
-6932 14893 6048 2176 -60 -1761
-7460 15776 5918 2302 -838 -2227
-7908 16282 5761 1714 -1874 -2669
-7980 16742 5818 313 -2474 -3377
-8232 16934 5916 -1383 -3029 -3687
-8402 16964 6032 -3078 -3188 -3315
-8109 16378 6473 -3716 -2901 -2908
-7793 15954 6684 -3243 -2050 -2813
-7641 15502 6781 -1899 -745 -2755
-7781 15406 6848 -600 604 -2492
-8014 15737 6941 154 1269 -2160
-8180 16068 7028 72 1605 -1977
-8236 16160 7149 -514 1675 -1621
-8264 16293 7289 -1338 1507 -1302
-8504 16245 7557 -1974 1104 -912
-8284 16180 7713 -2384 778 -571
-8107 15942 7931 -2375 520 -222
-7706 15601 8068 -1723 640 -165
-7617 15421 8036 -881 966 -241
-7558 15289 7925 12 1163 -187
-7724 15341 7649 533 1343 -38
-7997 15302 7549 727 908 -9
-8060 15345 7558 500 502 -102
-8186 14993 7360 475 32 242
-8156 15121 7360 675 -369 403
-8016 15229 7454 1040 -621 355
-7764 15396 7312 1490 -798 208
-7690 15485 7253 1892 -810 265
-7506 15446 7180 2139 -597 465
-7404 15738 6999 2012 -437 514
-7128 15663 6738 1831 -143 569