-11326 14182 -10040 352 2129 1412
-11432 14764 -9665 -2022 1572 1324
-11340 15297 -9206 -4318 1383 1212
-10780 15094 -8420 -6464 1730 891
-10561 14766 -7561 -7836 1850 745
-10101 14338 -6646 -8433 1653 711
-9574 13918 -5893 -8376 1530 403
-9314 13582 -5205 -8025 1354 32
-9388 13221 -4744 -7185 660 -279
-9044 13129 -4757 -5897 823 -746
-9648 13268 -4444 -4774 524 -1174
-9854 13352 -4456 -3640 -191 -1179
-10125 13637 -4662 -2591 -516 -1064
-10380 13774 -4766 -1606 -993 -913
-10600 13920 -4958 -815 -1199 -664
-10754 13944 -5120 -287 -1142 -496
-11017 14125 -5222 -19 -1145 -148
-11134 14185 -5400 19 -1230 333
-11178 14308 -5393 89 -1150 838
-11165 14461 -5312 323 -776 1403
-10973 14665 -5190 666 -163 1998
-10892 14721 -5081 1478 795 2528
-10630 14642 -4868 2311 2487 2941
-10976 15109 -4482 3048 3478 3534
-10481 14697 -4108 3896 4879 4140
-10446 14858 -4424 4805 7217 4536
-11414 15396 -4924 6279 8697 4537
-12701 16096 -6036 8857 9664 4530
-13572 17184 -6813 11586 10740 5331
-15309 19090 -6822 14020 10908 5523
-15520 16897 -7197 18936 13125 6334
-14681 18386 -7990 24071 17128 9434
-14466 24784 -9542 23888 17177 15538
-15162 25332 -10706 19620 17411 18189
-14788 26496 -12244 14636 15880 19420
-12973 24805 -13036 9210 14702 19644
-11765 24042 -12628 5342 12590 19971
-11002 22330 -12873 2043 10421 20553
-10264 21404 -13362 -183 7726 21633
-9274 20546 -13921 -2040 5738 22567
-8572 20185 -14360 -3801 4454 23418
-8376 20117 -15122 -6187 3587 24058
-8121 20001 -15668 -8955 2627 24441
-7446 19600 -15908 -11990 1462 24860
-6825 18753 -16068 -14723 102 25255
-5694 17322 -15825 -16160 -1125 25241
-5138 16304 -15197 -16578 -2629 25227
-4750 15737 -15496 -15904 -4531 25982
-3717 14437 -15562 -14797 -4626 26736
-3062 13145 -15420 -13359 -2987 27609
-2408 12242 -14000 -12452 -1999 28269
-1030 11386 -12464 -11894 192 27671
-90 10978 -11490 -12037 2373 25798
1094 10354 -10446 -12831 3391 23219
1509 9658 -10417 -13033 3556 20818
1558 8380 -9285 -13358 2611 18991
2304 8220 -8376 -13223 2168 18508
2032 8693 -8022 -13709 3145 17162
2509 8841 -6988 -15224 3594 16003
2662 9234 -7148 -16125 6273 13830
2590 9480 -6202 -17155 7221 11855
3025 9112 -5333 -17944 8293 10708
3040 8821 -5014 -17113 7494 10029
4266 8580 -4240 -15791 6208 10623
6077 8578 -3718 -12972 5492 11183
7009 8549 -3474 -9589 4747 10812
8329 9278 -3053 -6554 4575 10118
8552 10642 -3450 -4534 4783 8961
9108 11296 -3566 -3585 4895 7712
9962 12234 -3620 -3547 5635 6997
10466 12601 -3632 -4288 6431 5967
10837 12425 -3548 -4786 7384 5319
11234 12544 -3685 -5086 9018 4350
10897 12982 -3528 -5432 9857 3843
10657 13354 -3478 -5954 10046 3670
11054 13564 -3416 -6077 9901 3663
11448 13726 -3050 -5580 9810 3447
11744 14092 -2693 -4821 10013 3183
11872 14898 -2253 -4649 10725 2619
12160 15316 -1261 -4770 10951 1945
12222 15177 -569 -4971 11511 1486
12549 14769 221 -4957 12208 1391
12890 14358 905 -5033 13529 1216
13049 13653 2001 -4916 14266 872
13530 12210 3213 -4186 15868 114
13313 11680 3924 -3193 16596 -969
12886 10358 4766 -1875 16455 -2399
12162 9416 5305 224 15900 -3409
11694 9182 5550 2461 14279 -4197
11154 8932 5381 4776 12263 -5211
10578 8776 4893 7263 10367 -6354
10114 8861 4180 9584 8856 -7459
9912 9514 3150 11558 7933 -8580
9729 10148 1789 12630 7447 -9883
8832 11130 72 12896 6704 -11369
8942 11912 -1105 12263 6179 -12855
9056 11904 -1574 11312 6361 -14058
9085 12618 -1425 8599 7870 -16204
8709 13229 -937 3381 10006 -19538
6870 12644 -993 -151 10293 -22034
6498 11876 -362 -2629 9730 -23773
5269 10580 133 -4235 9114 -24758
3883 9447 340 -4511 7576 -24876
2050 7864 305 -3529 5774 -25377
278 7293 105 -2145 3887 -25716
-3468 6743 -1208 213 1209 -27244
-4401 6216 -1381 2542 -1215 -28439
-5753 6489 -1878 3909 -1186 -29003
-7901 6796 -2457 4592 -1262 -29062
-8897 7114 -2493 4120 -1111 -28479
-9917 7438 -2321 2392 -737 -27767
-11596 7318 -2376 360 58 -27522
-13045 7726 -1885 -1888 19 -27613
-15180 7846 -2925 -3759 312 -28577
-17621 7422 -3609 -4822 -227 -29477
-18416 7888 -3960 -5368 -633 -28904
-20345 8717 -4597 -5347 -459 -27582
-20742 9204 -4453 -4619 264 -25303
-22294 10512 -4645 -3054 2725 -22582
-24484 13265 -3682 -1805 4991 -19812
-26393 16086 -3541 -1618 8414 -17399
-27096 17849 -3820 -2653 11020 -15276
-28330 20901 -3104 -4617 12054 -13309
-27617 22008 -2160 -6869 11974 -11512
-26082 22441 -457 -7495 11903 -9008
-24597 21598 1492 -6008 12155 -6635
-23166 21610 2976 -4177 11641 -3939
-21860 20934 3405 -2314 10761 -2071
-20812 19834 3545 347 9884 -785
-20110 19494 3450 3266 8791 107
-18212 19380 3557 5834 8094 1061
-17521 20241 3354 7435 7371 1664
-16569 21180 3189 7476 6218 2332
-15373 21601 2980 6454 5135 3017
-14998 21848 2314 5264 4016 3462
-13586 21996 2177 3618 2632 4067
-12221 21806 2297 2257 1696 4596
-10720 21401 2488 1334 861 4811
-9456 21000 2798 668 378 4804
-7814 20465 2997 206 -143 4523
-6542 19884 3240 -316 -782 3731
-5296 19608 3310 -1063 -1962 2746
-4106 19005 3044 -1378 -3169 1464
-3506 18389 2476 -782 -4176 100
-2684 17829 2112 286 -5068 -810
-2330 17893 1550 1384 -5493 -1509
-2194 17737 990 2404 -5786 -1982
-2026 17462 890 3363 -5846 -1850
-1896 17778 1080 3719 -5582 -1745
-2200 17832 1224 3493 -5367 -1735
-2678 17484 1474 3062 -4991 -2113
-3662 17644 1417 2188 -4684 -2596
-4356 17834 1380 543 -4655 -2987
-5129 17817 1161 -1078 -4740 -3389
-5857 17725 804 -2320 -4833 -3908
-5916 17300 613 -2936 -4396 -4251
-6785 17094 264 -2677 -3660 -4463
-7385 17184 -178 -2294 -3063 -4504
-8353 17724 -480 -2032 -2801 -4196
-8400 17554 -589 -1896 -2527 -3620
-8996 17777 -674 -1815 -1908 -2776
-9296 17956 -581 -2075 -1754 -1677
-9200 17574 -368 -1963 -1446 -1053
-9698 17493 -228 -1676 -1488 -850
-9714 17124 -221 -1359 -1713 -888
-9930 16916 -300 -966 -1878 -762
-10334 17029 -494 -657 -2206 -645
-10542 17097 -397 -538 -2644 -729
-10280 16866 -105 -547 -2734 -810
-10345 16562 56 -476 -2396 -815
-10469 16428 217 -632 -2060 -713
-10561 16088 432 -735 -1598 -657
-10873 16149 488 -1058 -1427 -606
-10857 15804 636 -1560 -1387 -459
-11176 15820 844 -1930 -1352 -144
-11232 15600 978 -2150 -1531 121
-11141 15372 1217 -2017 -1677 302
-10848 14954 1397 -1550 -1729 348
-10629 14564 1457 -739 -1600 373
-10574 14672 1478 7 -1636 385
-10538 14557 1352 750 -1543 306
-10778 14973 1201 1266 -1628 327
-10666 15264 1125 1447 -1675 341
-10490 15300 1153 1337 -1492 405
-10258 15274 1258 1013 -1262 465
-10380 15361 1122 607 -1015 421
-10358 15238 1140 176 -1042 333
-10192 14964 933 -16 -1155 370
-10320 14816 769 135 -1254 527
-10226 14929 870 364 -1293 353
-10094 14576 854 1023 -1067 446
-9821 14849 533 1877 -1086 654
-9890 15021 350 2422 -963 694
-9985 15478 229 2485 -1034 601
-9713 15681 314 2310 -1077 640
-9465 15873 330 1962 -852 686
-9728 16301 188 1337 -737 897
-9833 16693 133 476 -835 1183
-9847 17043 -51 -449 -938 1334
-9900 17220 -108 -1428 -1260 1452