-6874 17030 -2161 -1693 289 1831
-6880 17081 -2158 -1804 269 1852
-6908 17121 -1984 -1967 224 1787
-6782 16830 -2000 -2004 300 1708
-6676 16700 -1973 -2017 671 1649
-7025 17069 -1894 -2317 962 1579
-7034 16926 -1725 -2980 1212 1660
-7144 16885 -1552 -3408 1573 1629
-7162 16868 -1796 -3559 2077 1609
-7277 16801 -1838 -3418 2677 1462
-7214 16602 -1648 -3118 3002 1330
-7213 16773 -1434 -2786 3199 1318
-7344 17081 -1253 -2522 3318 1446
-7497 17186 -1200 -2273 3346 1490
-7600 17569 -1036 -2151 3550 1428
-7866 17871 -869 -2565 3495 1549
-7957 17866 -782 -3116 3340 1763
-7925 17713 -865 -3526 3354 2010
-8093 17909 -748 -3704 3257 2226
-8210 18081 -610 -3889 2991 2592
-8106 17973 -482 -3876 2974 2763
-8517 18532 -328 -3913 2850 2885
-8852 19021 -192 -4280 2510 3118
-9154 19520 2 -5152 1869 4082
-9543 19737 226 -5449 1851 5525
-10672 21336 320 -5206 1890 6401
-11622 22196 -85 -5818 1576 7469
-12885 23722 -1749 -6205 2525 8458
-14608 26770 -4196 -10303 3598 11994
-13699 28370 -6985 -20108 6025 18619
-17112 31696 -3372 -29607 4031 23898
-17333 30687 1999 -32656 -11499 28939
-12173 26886 7550 -32768 -28780 31059
-9856 25312 8630 -32768 -32768 32767
-7534 22920 8159 -32615 -32768 32767
-2581 21145 5332 -28168 -31425 32706
-813 17964 6136 -22020 -28366 31739
-425 18364 5662 -16139 -28891 30548
1322 17364 4744 -11720 -29939 29147
3507 13635 4306 -8139 -29701 26831
4638 12960 3853 -4003 -26727 24819
5825 11421 3725 -1637 -24293 24429
7346 9920 3652 -1085 -18204 23661
7760 9080 3708 -375 -14813 24315
7626 9086 3736 459 -14513 24438
8890 8514 3327 476 -14213 23586
9314 7764 2858 0 -13891 22524
9331 8400 1711 -544 -10704 20045
9100 6839 1061 115 -8392 16246
9766 5558 236 2916 -5803 12818
9960 5022 740 5139 -4300 10015
10238 5922 1520 6317 -2769 8578
10216 6040 2352 7718 -1626 7637
10894 5816 2930 8949 171 6243
11218 6979 3291 10282 891 4934
10853 7609 3491 10987 1512 3443
10664 8104 3208 9901 2615 2342
10623 8301 3010 8252 3143 1585
10624 7978 2502 7632 3032 1072
10193 8415 1959 7866 2927 980
9618 9109 1996 8888 2093 451
9776 9657 2672 10122 767 -334
10108 10892 4736 11369 -1305 -1491
11562 11366 5753 13108 -3168 -2990
11992 11878 5570 14210 -3941 -3153
12351 12279 4290 14434 -4569 -2237
11796 13162 2224 13521 -4901 -273
10764 14133 698 11486 -6092 1331
9450 14668 -701 7655 -6839 2262
6966 16152 -1590 3289 -8522 3331
10560 16201 -1088 422 -12173 2704
12119 16348 -245 -102 -14303 3720
13089 15434 -714 1585 -15587 3457
13382 15018 -1076 4300 -14867 2367
14237 14704 -1890 7992 -12710 1391
15259 15657 -2208 10474 -9887 1688
16513 16136 -2734 9817 -6990 2528
17505 16032 -3268 8489 -4245 2965
17634 16090 -3678 7401 -2325 3347
18124 15958 -3690 6062 -321 4281
18276 15564 -3512 5390 1017 5234
18963 14034 -3774 5278 2352 5716
19861 12600 -4314 6375 4089 4788
20413 11545 -4306 7748 6077 3113
20686 11504 -4234 8261 8037 1683
20946 11304 -3901 7408 10300 -293
20536 10321 -3586 5225 12437 -2138
20352 9392 -3436 3688 13806 -2842
20024 8569 -3481 2050 15295 -3840
19630 7188 -3303 830 17256 -5929
18184 5044 -3478 1941 19508 -9487
16057 2726 -4030 5085 21988 -14201
13454 2596 -4502 7279 22918 -18152
11568 3084 -4558 7857 23346 -20629
11361 4681 -3687 6449 24298 -23620
9862 6700 -2938 3264 26073 -26856
8872 7592 -2461 -101 27566 -29361
7714 7052 -2080 -2737 28764 -31215
6334 6214 -1457 -5412 29580 -32457
4355 4782 -884 -7584 30941 -32768
2610 4037 -342 -9269 31917 -32768
-2381 3841 -649 -9045 31268 -32768
-4852 3820 -295 -9767 26921 -32768
-6208 4354 -252 -9765 22152 -32545
-8811 4842 -547 -9589 16581 -29981
-9574 5254 -370 -8210 10098 -26541
-9780 6109 -170 -6684 7224 -24807
-11773 7026 -40 -5482 4683 -24299
-14017 9064 776 -6450 1798 -23417
-15078 11933 2644 -8977 -1087 -22157
-14107 13050 4966 -12317 -4405 -19114
-12370 12610 6730 -13089 -5667 -16416
-10462 11933 7966 -10933 -3169 -15870
-9774 10881 9087 -4500 1683 -17369
-11948 12965 8704 1206 4900 -19267
-12464 13970 8029 3764 5608 -19443
-14127 15649 7510 4061 4759 -17523
-14102 17631 7744 2530 3802 -15478
-13826 19186 8257 1025 4375 -14506
-13128 19743 9279 1432 5181 -13698
-13510 20147 9424 3049 5916 -12740
-14505 21291 9491 3500 5172 -10919
-15139 22009 9472 3756 4216 -9269
-14834 22412 9646 3923 4205 -8741
-14849 22320 9509 4694 4696 -8961
-15086 22018 9238 5668 4996 -8670
-15334 22190 9064 6181 5245 -8132
-15407 22101 8552 6087 5421 -7137
-15234 21786 7832 5635 5538 -5542
-15089 22049 7526 4650 5061 -4025
-14582 21658 7362 3500 4023 -2744
-13790 20788 6943 2783 3037 -1922
-12606 19687 6541 2472 2032 -1457
-11319 18574 6276 3061 1335 -1205
-10372 17952 5918 4097 958 -1394
-8553 17181 5312 5294 838 -1642
-7214 17116 4926 6262 775 -1688
-5949 17627 4741 6193 760 -1746
-5552 18405 4626 4772 573 -2011
-5037 18956 4673 2828 344 -2259
-4274 18760 4744 987 406 -2693
-4070 18464 4596 -506 142 -3053
-3538 17968 4664 -1283 -435 -3221
-3290 17380 4686 -1227 -778 -3383
-3141 16956 4778 -564 -789 -3731
-2832 16502 4929 463 -451 -4263
-2824 16283 5294 1751 261 -5032
-3474 16413 5307 2373 903 -5636
-4394 16672 5440 2018 724 -5452
-5082 16826 5528 1294 -32 -5103
-5726 16938 5498 586 -1099 -4925
-6780 17070 5328 161 -2309 -5027
-7518 17332 5268 -143 -3316 -4933
-8507 17877 5187 -566 -4490 -4497
-8624 17937 5324 -700 -5221 -4156
-9270 17450 5273 128 -4853 -4080
-9600 16960 5172 1432 -4261 -3610
-9778 16725 4922 2764 -3468 -2745
-10325 16577 4652 3993 -2707 -1773
-10768 16482 4377 5121 -2048 -859
-11130 16496 4188 5889 -1922 -128
-11220 16552 3889 6135 -2306 595
-11204 16657 3733 5708 -3026 1460
-11482 16748 3676 4758 -3917 2161
-11284 16664 3924 3537 -4876 2778
-11000 16493 4141 2108 -5375 2858
-10653 15969 4314 1292 -5421 2830
-10220 15036 4461 1762 -5028 2782
-9768 14400 4529 3110 -4123 2624
-9577 14057 4498 4890 -3327 2263
-9398 14308 4309 6269 -2554 1790
-9510 14613 4009 6939 -1794 1255
-9756 15150 3870 6617 -1358 943
-9898 15461 3684 5618 -1181 690
-10440 16068 3556 4531 -2042 1054
-9737 16933 3198 1207 -2277 -428
-9552 14669 3804 2451 -2696 889
-9008 15542 3201 1940 -2284 1215
-9126 15814 3282 96 -1625 -143
-8962 15328 3492 112 -1704 -345
-8850 15418 3630 448 -501 -435
-9305 15746 3560 897 215 -512
-9478 16150 3512 720 524 -608
-9770 16088 3470 504 661 -605
-9850 15880 3292 759 886 -442
-10118 16012 3461 1432 875 -341
-9682 15357 3652 2809 1449 -681
-9658 14821 3670 5293 1878 -216
-8133 13424 3661 8873 4859 303
-7589 13457 3176 13415 8775 452
-8865 15262 2316 16461 11165 502
-10012 16850 1492 17080 11983 842
-10932 18701 717 14997 11047 887
-11286 19601 497 10562 8754 732
-11146 19594 354 5570 6267 721
-10492 18392 473 1800 4277 1017
-9600 17049 496 -307 3227 918
-8674 15673 646 -420 3217 620
-8610 15032 434 871 3773 107
-8669 14770 257 2721 4150 -91