-10294 14480 5456 -1384 -1230 -1265
-10132 14388 5505 -1216 -1003 -1077
-10046 14362 5422 -765 -706 -885
-10126 14462 5530 -182 -245 -735
-10390 14588 5632 169 130 -647
-10532 14631 5615 372 330 -297
-10879 14964 5610 13 542 -258
-10896 14664 5820 -140 287 24
-10994 14674 5753 -254 10 81
-11170 14552 5734 -162 -398 153
-10839 14322 5835 -102 -706 110
-10476 13996 5765 141 -783 124
-10446 13856 5790 405 -691 243
-10380 13707 5844 741 -630 238
-10253 13663 5722 1092 -412 264
-10470 13927 5644 951 -425 80
-10456 13864 5665 763 -380 -19
-10488 13937 5750 654 -363 -100
-10292 13966 5748 548 -366 -156
-10225 13802 5669 593 -219 -263
-10346 13988 5593 637 -116 -452
-10289 14049 5658 525 -114 -392
-10021 14172 5773 261 177 -460
-9788 14027 5881 149 738 -508
-9912 14187 5901 -44 1055 -633
-10029 14065 5984 -318 1065 -668
-9920 14210 6040 -498 1147 -715
-9732 14329 6014 -798 1130 -1057
-9528 14210 6002 -811 977 -1118
-9867 14223 5993 -928 634 -1199
-9790 13942 5914 94 1193 -1090
-10116 13828 5694 567 1069 -944
-9580 14320 5962 284 661 -1250
-9817 14368 6408 77 179 -1562
-10044 14761 6254 -25 17 -1555
-10640 14692 6117 -157 -16 -1151
-10469 14454 6140 -258 89 -1024
-10562 14022 6281 -146 343 -1084
-10697 13676 5896 538 1042 -1047
-11377 14028 5709 1048 1261 -858
-11500 14232 5580 1182 982 -708
-11358 14197 5750 1328 482 -573
-11492 14137 5828 1587 -178 -181
-11604 14313 5793 1733 -659 50
-11448 14313 5768 1588 -954 241
-11518 14368 5750 1340 -1151 282
-11572 14233 5713 1028 -1289 268
-11213 13914 5708 902 -1120 293
-11018 13704 5774 977 -735 288
-10896 13539 5735 1238 -250 305
-11239 13826 5627 1680 85 298
-11102 13654 5636 1768 48 374
-11049 13698 5560 1917 74 407
-11276 13810 5645 1913 -240 627
-11060 13686 5600 1734 -418 842
-10993 13803 5656 1436 -519 1276
-11442 14015 5625 1028 -224 1980
-11264 13676 5860 876 -15 2450
-11599 13726 5992 1307 266 3188
-12125 13904 5803 1597 1661 5132
-12771 14244 5937 3173 2426 7334
-13491 14693 6036 5359 2745 9566
-14238 14900 6020 6956 3137 11002
-14010 15016 6082 8179 3786 12671
-14288 15499 5268 10921 3846 15524
-13958 16502 4346 13421 4194 17695
-14164 17792 3998 14223 3920 18089
-14477 19269 4515 14579 1885 18387
-14005 19808 5029 14579 -2018 18556
-13462 19930 4344 14396 -4645 18707
-13706 21322 3472 13830 -8056 18710
-13523 22041 2163 12336 -11591 18756
-13562 24720 693 10133 -13828 19294
-12010 24906 560 9031 -14699 19392
-10658 24578 394 8512 -14167 19640
-9245 25023 -319 8418 -13037 20848
-7312 25169 -1928 8358 -12895 23192
-5985 25240 -3489 8764 -13363 25817
-4857 26030 -4285 8739 -13905 27387
-4438 26632 -3730 7542 -14765 28931
-2157 25090 -2592 7181 -15199 30013
-364 23640 -2012 7624 -13701 30061
618 22593 -1630 8717 -11536 30100
1746 19833 -2668 10334 -7929 29468
1783 18894 -2078 8799 -7039 29817
3723 15352 -1687 7378 -5875 29662
2988 13429 -1577 5470 -5608 29454
4489 10711 -561 3222 -6184 28685
5897 8533 -97 2665 -5099 26535
6869 7844 325 2333 -3923 24295
7792 5816 1266 2336 -3090 22208
8771 5189 1575 2624 -1193 20257
9069 5463 1220 2829 -472 18018
9868 5746 189 2200 -321 15650
9598 6076 -428 972 -1069 13707
9416 6955 -1312 -1133 -3518 12570
10364 8389 -1459 -3627 -4513 11423
11397 8930 -826 -4661 -5850 10316
12848 9852 -636 -3623 -6193 8557
14027 10252 -353 -1358 -5775 6270
15556 12094 -28 44 -4686 4752
16341 13631 140 -255 -1693 3749
17477 14617 -236 -2266 1369 4155
18365 13873 -829 -3135 4231 4351
20243 12841 -1184 -2142 5760 3376
21863 11003 -741 -312 6794 2394
23518 8786 -200 1022 8251 1578
25397 6865 276 943 10120 764
26218 5666 358 19 11687 -572
24893 4755 -464 -1004 12163 -4708
22217 4177 -2593 -284 10668 -11520
22008 3894 -3192 1146 10213 -15813
20664 4246 -4332 3120 11601 -20071
17125 5542 -7071 5604 14479 -24296
13052 7749 -9537 6191 17036 -26888
6879 10663 -12280 4787 18555 -29331
4694 12034 -12984 425 19019 -28323
2033 13323 -12926 -5707 21854 -25157
-10 13496 -11348 -12004 22410 -21781
-947 11708 -10216 -17516 21169 -19795
-770 6884 -8153 -20767 18662 -18999
-1050 4786 -7132 -20464 18010 -19775
-2308 4842 -6538 -21500 19888 -22206
-4205 4780 -6902 -22532 22999 -25335
-8008 5194 -8506 -24654 27781 -29903
-9873 5006 -9104 -27825 26838 -31700
-9793 4029 -8742 -29771 25601 -30356
-9728 2793 -7676 -28734 24389 -27644
-9374 1525 -5822 -24191 23255 -24625
-8876 510 -3658 -16812 23006 -22411
-9082 876 -2032 -9063 24056 -21218
-10385 2998 286 -3733 24880 -20412
-11981 5924 2477 -2280 25493 -19875
-13308 7506 4242 -3266 25579 -20139
-14478 8234 5488 -4889 24271 -21161
-15253 8090 6405 -6146 22136 -22294
-16197 8510 6773 -6893 19322 -22326
-16513 8620 6966 -6543 16498 -21640
-18533 9417 8270 -5124 14255 -20197
-19442 9886 9546 -2830 13296 -18844
-20745 11097 10736 -405 12868 -17689
-22418 12490 11600 1579 12038 -16331
-24006 14350 11904 2778 10459 -15087
-25108 16300 11804 3147 7978 -13972
-24977 16952 11482 3601 5230 -12768
-24896 17562 11024 4722 2774 -11140
-23786 17170 10521 7057 1261 -9464
-23549 17596 10060 9921 621 -7979
-23749 18832 9250 12283 276 -6827
-23553 20306 8408 13149 130 -5897
-22652 20984 7841 12667 68 -4958
-21374 20426 7361 11868 423 -4234
-20514 20153 6752 11109 569 -3586
-19589 19605 6469 10318 335 -3081
-18625 18766 6300 9908 291 -2852
-17478 18236 6232 9617 228 -2674
-16490 17705 6386 9467 581 -2856
-15209 17101 6489 9117 1105 -3013
-13018 16434 6482 8650 1886 -3387
-10817 16014 6237 8111 3051 -4220
-8698 15681 5732 7466 4239 -5144
-7589 15614 5062 6884 5065 -5968
-7252 15988 4234 6404 5076 -6477
-7558 16710 3708 5877 4192 -6459
-8517 17845 4089 5695 2622 -5836
-10158 19457 4765 5706 833 -4113
-11000 20836 6349 6830 -1258 -1815
-11441 22453 7764 9179 -2412 309
-12565 24210 8810 11572 -2886 1434
-13166 25634 8876 11881 -3503 1737
-13018 25940 8326 10290 -3851 1758
-12448 24860 7094 7335 -4194 1542
-11404 22302 5652 4634 -3918 1010
-10448 19433 4380 2724 -3307 337
-9797 17106 3201 1499 -2527 -197
-9373 15354 2234 717 -2075 -433
-8958 13860 1501 125 -1864 -620
-8794 13060 1037 -263 -1862 -424
-9148 12752 1081 -596 -2383 339
-9401 12588 1110 -724 -2799 954
-9136 12380 1544 -245 -3007 662
-9173 12504 1676 273 -2688 393
-9222 12766 1393 108 -2288 355
-9630 13192 1541 34 -2161 658
-9701 13512 1614 -460 -1946 580
-9884 13633 1561 -638 -1813 469
-10174 13965 1334 -654 -1668 573
-10188 14340 1290 -842 -1477 643
-10184 14448 1270 -1104 -1047 772
-10257 14422 1362 -1024 -423 980
-10298 14552 1640 -700 132 1211
-10460 14773 1766 -386 735 1341
-10576 15010 1886 -217 1125 1568
-10396 15282 1972 -210 1518 1633
-10468 15445 2076 -161 1793 1640
-10458 15728 2196 -227 2096 1796
-10438 15980 2214 -325 2230 1913
-10632 16193 2233 -621 2212 2041
-10857 16192 2438 -1024 2056 2166
-10988 16118 2697 -1344 2046 2246