-2073 13105 12944 -717 1288 1458
-2080 13106 13001 -733 1375 1559
-2037 13077 12946 -749 1431 1580
-1988 13090 12982 -873 1522 1675
-1968 12928 12997 -953 1589 1786
-2013 12704 12984 -783 1582 1818
-2033 12576 13024 -423 1541 1812
-2032 12738 13097 -221 1541 1814
-1885 12952 13213 -227 1611 1839
-1673 12869 13370 -346 1834 1917
-1605 12836 13432 -442 2010 1891
-1644 12897 13280 -575 2059 1864
-1613 12880 13038 -575 2075 1905
-1725 12868 12885 -535 2031 1957
-1682 12940 12941 -530 2114 2022
-1641 12893 12962 -557 2205 2120
-1689 12846 13050 -578 2232 2127
-1774 12685 13053 -448 2266 2150
-1826 12636 13010 -301 2196 2137
-1953 12593 12990 -101 2211 2067
-2029 12744 13093 180 2252 2125
-2261 13180 13070 277 2362 2116
-2318 13590 13137 158 2459 2225
-2129 13712 13052 -71 2560 2425
-2016 13553 13008 -131 2756 2673
-2152 13382 12930 15 3000 2929
-2156 13094 12973 265 3324 3105
-2180 12904 12836 645 3426 3182
-2244 12756 12672 1224 3527 3189
-2322 12969 12793 2051 3789 3134
-2349 13454 13162 2736 4752 3132
-2270 14024 13525 3593 6872 3178
-1845 14828 14289 4798 8905 3199
-2721 17222 15760 7307 10848 2788
-3932 19681 19374 12567 13879 1678
-5966 21466 21501 22073 17354 -2213
-7660 22597 23617 31666 21142 -3796
-10074 21936 21018 32767 24857 -3694
-11082 19781 14772 32767 28475 -1088
-15101 21837 11172 32767 29615 2414
-15889 26582 7216 32767 29571 10050
-14457 31671 4481 32767 27629 19455
-11869 32767 1766 32767 26461 26236
-10629 32767 -872 32767 23990 28717
-8978 32767 -3334 23715 21576 28267
-5472 32767 -5733 5413 19182 26817
-1721 32767 -7316 -5958 18293 24133
2356 31846 -7592 -12228 18197 23432
6156 27182 -7318 -15540 19474 25953
8405 22106 -6789 -17592 21668 28979
9668 16840 -5953 -17764 23037 31639
10969 12914 -5092 -15617 24213 32767
11076 9957 -3873 -13203 25355 32767
10033 8608 -2498 -11339 25155 32559
9046 6480 -1064 -10289 22128 30040
10170 6037 -2637 -7673 22924 28693
9684 3617 -1550 -5922 23312 26403
10178 2130 -1398 -4052 22306 25251
10205 -25 -1392 -1402 21874 25122
9232 -356 -509 1025 21260 26233
8101 108 430 3173 20231 26635
7764 316 1836 4863 19233 25441
8816 740 2318 5944 22273 22782
8137 596 4108 5406 23980 19655
7246 1114 4313 3300 22934 16035
6466 1933 4329 651 21843 12532
6134 2061 4470 -1390 21186 9463
6284 2454 4417 -2480 20984 6615
5949 2209 4205 -2334 20840 4022
5098 2234 4014 -1569 20388 1460
4297 1784 3693 -341 19326 -867
3076 1141 3522 1625 18038 -2979
1529 1505 3676 4013 16675 -5115
-486 1900 3702 6439 14688 -7830
-2494 2281 4145 8071 12311 -9892
-4320 3409 4765 8894 9961 -11842
-5974 4460 5356 7790 7942 -14104
-7613 5614 5774 6137 6001 -16215
-9406 6338 6130 4819 3972 -18218
-11614 7056 6165 2930 1690 -20132
-13524 7950 6462 1113 -47 -22203
-14949 8628 6788 -464 -1277 -24043
-16217 8946 6944 -1599 -2039 -25921
-17624 8788 6912 -1400 -2582 -27554
-19016 8572 6960 101 -2795 -28866
-20361 9193 7350 2532 -3012 -29613
-21976 10344 7416 6127 -3480 -30212
-23837 12625 7040 10836 -3874 -30407
-25012 15636 6726 13999 -3784 -30089
-24832 18774 6893 13736 -3930 -29317
-24404 21041 7132 10148 -4261 -28655
-24214 22398 6805 5368 -5345 -28017
-24453 23690 5876 1941 -6934 -27394
-24320 25056 4537 -176 -8249 -26123
-23681 24826 3574 389 -8995 -24685
-22729 24640 3062 3232 -8830 -22609
-22781 25514 2822 6915 -8310 -21005
-21580 27085 2293 10571 -7168 -20729
-20965 27425 1458 14598 -6879 -19092
-20058 28222 585 17706 -6851 -15576
-18812 29508 -214 19092 -5992 -12842
-18317 30089 -1105 19171 -5888 -10789
-17490 30050 -2112 18564 -6309 -8835
-16608 29772 -3308 17543 -7075 -6696
-15274 29417 -4402 16542 -7558 -4726
-14482 29833 -5405 15516 -8076 -3343
-13637 29901 -6326 14879 -8465 -2416
-11762 28812 -6930 14495 -8876 -1146
-9949 28532 -7224 14742 -8924 121
-7813 28100 -7144 14798 -8666 1312
-6120 27756 -7428 15072 -7940 2475
-5172 28549 -7590 14400 -7528 3768
-3924 28534 -7465 12285 -7631 4370
-2253 28193 -7301 9316 -7988 4469
-418 27570 -6974 5543 -8281 4776
1964 26621 -6365 1957 -8335 5068
4060 25508 -6634 -421 -7848 5519
4456 25102 -6965 -1976 -7413 5066
6277 23969 -6478 -3444 -7222 4624
7221 23341 -6436 -4088 -7014 5123
6984 23873 -6484 -4469 -6731 5721
7525 23697 -5761 -5276 -6478 6051
7870 22832 -5573 -6113 -6390 7021
7156 22532 -5906 -6159 -6020 7977
7090 21576 -5428 -6392 -5213 8902
6966 21092 -4968 -6921 -4141 10229
6509 20018 -4606 -7321 -3034 11402
5965 18932 -3924 -7392 -1929 12138
6192 18361 -3056 -7483 -1226 12279
5738 18140 -2166 -7362 -295 12009
5876 17602 -1045 -7658 638 11817
5613 17620 -106 -7821 1827 12075
5726 17184 788 -7894 4216 12374
5112 17198 2144 -8013 6971 12278
4949 16692 3332 -8026 8552 11430
3322 16517 4496 -7423 9614 9655
3305 16870 5974 -7295 9818 6832
3697 17197 7229 -7791 10265 3729
4653 17413 8289 -10162 11951 1913
4482 18528 9025 -13564 12419 396
4408 18880 8806 -17008 11810 -1416
4761 18729 8748 -20260 10706 -3636
5282 18758 8757 -23102 9298 -5063
4908 18616 8494 -25156 9661 -6836
3696 17897 6904 -25960 8684 -8172
3466 16896 5145 -25695 8317 -7884
3034 14806 5016 -23375 8358 -5207
2101 11346 5899 -17872 7421 -1403
849 8631 7691 -11625 5880 1255
-557 8242 9386 -7413 5288 2545
-2823 9049 10519 -5581 5372 2571
-5912 11420 11257 -6330 5180 1407
-8024 13129 10761 -9700 4057 -728
-9135 13257 9592 -14096 2818 -2964
-8714 11261 8809 -16498 1827 -4206
-8387 8460 7918 -15640 416 -4421
-9405 7493 7534 -12424 -298 -3939
-10529 7660 7922 -10112 -690 -3855
-10873 8185 8301 -8690 -958 -4176
-11648 9392 8904 -8108 -800 -4524
-13098 11129 9309 -8122 -92 -5204
-14126 12220 9485 -8850 739 -6137
-13984 12490 9545 -10045 1500 -7207
-13969 13220 9770 -11427 2057 -8008
-13458 12780 9730 -12521 1990 -8565
-12836 11850 9574 -12707 1491 -8605
-12106 10533 9433 -11626 1295 -8309
-11658 9392 9806 -10040 1592 -7921
-11053 8486 10364 -9555 883 -7980
-10356 9526 11022 -10830 -8 -9408
-10841 11894 12020 -14860 -1745 -11261
-11206 13745 12894 -21467 -4671 -13448
-9946 12825 13204 -27364 -6283 -15493
-8376 10465 12929 -30678 -5657 -16197
-7196 8124 12786 -31710 -4630 -16370
-6353 6249 12821 -29619 -3011 -16058
-5733 3986 13097 -25169 -903 -14496
-5364 2629 13590 -18646 872 -12530
-5548 2432 14233 -11667 2215 -10631
-5717 2886 14784 -5360 3863 -8818
-6457 4313 15396 -529 5259 -7367
-6962 5786 16020 2150 6255 -6220
-7728 7490 16386 2986 6695 -5481
-8409 8312 16060 2485 6566 -5141
-9309 8538 16740 1482 6387 -4631
-9486 9246 17134 455 5659 -5291
-9137 8529 17032 -457 5258 -5290
-9188 8612 17005 -736 5110 -5027
-9026 8165 16770 -382 4857 -4650
-9820 6966 16041 814 3527 -4081
-8626 7290 16118 1228 3687 -3211
-8692 7568 15776 2751 2543 -2611
-8677 8294 15628 3767 1653 -1662
-8809 8556 15596 3986 929 -1077
-8729 8653 15450 3962 148 -601
-8633 8852 15268 3956 -191 -117
-8798 8866 15310 4013 -554 265
-8405 8864 15049 4126 -911 367
-7994 8909 14686 4232 -1172 565
-7633 8944 14466 4396 -1262 897