-11376 14002 2645 7984 196 6625
-10929 14185 2572 7812 -385 6650
-10596 14986 2373 6828 -218 6274
-10281 15330 2522 6269 -447 6121
-10101 15578 2465 5798 -180 5961
-10593 16004 2410 5306 -63 5733
-10910 16401 2388 4381 -53 5750
-10660 16462 2298 3378 164 5904
-10344 16242 2370 2906 774 6192
-10150 16384 2462 2836 1456 6686
-10198 16632 2592 2996 2013 6934
-10328 16997 2696 3027 2536 7049
-10640 17581 2809 2715 2571 7022
-10853 18032 2880 1854 2117 7020
-10994 18334 3096 895 1608 7025
-10490 18174 2917 -60 1921 7408
-10818 18405 3306 -246 1089 7900
-10737 18260 3072 -253 913 8711
-10565 18293 3164 100 880 9382
-10729 18713 3162 552 1555 10056
-11018 19329 3409 860 1726 10477
-10982 19780 3925 944 1022 11010
-11037 20356 4006 1012 -65 11653
-11232 20672 3781 1180 -1586 11980
-11616 21242 3590 1039 -3073 12459
-11896 21661 3320 765 -4639 13294
-12040 22342 3078 563 -5800 14143
-11965 22816 2914 373 -6614 14883
-12084 23641 2824 -82 -7740 15473
-11816 24432 2448 -927 -9044 15956
-11128 24972 2044 -2755 -10309 16392
-10841 25574 1590 -5159 -11240 16699
-10556 25814 1241 -7985 -12364 17315
-9929 25162 1562 -10369 -13284 18339
-8930 24358 1748 -11505 -14174 19228
-7722 22946 2248 -11573 -15519 20591
-6466 21033 2437 -9776 -16879 21951
-5058 19390 1888 -7156 -17447 23828
-3922 18326 1160 -3976 -17401 25479
-3213 18305 524 -1872 -17161 26993
-2397 17805 412 -1294 -17000 28220
-1749 17188 589 -949 -17460 29575
-704 16017 506 -518 -17849 30352
154 15312 264 -175 -17820 30728
1309 14293 261 -171 -18322 30810
2590 13050 204 32 -18356 30493
3408 12376 -57 544 -18681 29592
3890 11982 -14 344 -19725 28916
4253 11664 -156 -94 -20920 27609
5229 11765 -469 -541 -22992 26479
7088 10505 -1212 -1132 -24630 24826
7590 8710 -1060 600 -25140 23550
7865 6072 -466 4319 -24060 20693
7860 6410 -489 7354 -20869 18958
7893 7928 614 6464 -18712 17564
9520 8942 901 2599 -16909 14795
10592 9120 605 -1604 -14748 12000
11562 9352 37 -4550 -11781 10204
12886 8916 -12 -5177 -8081 9113
14394 8202 206 -3351 -3710 8215
14628 8689 460 -770 86 7749
14530 9398 106 459 3101 7144
14769 10166 -317 724 4887 5961
14668 10658 -465 1244 5948 4885
14265 11810 -401 2283 5301 3912
15429 13024 -13 2894 3761 2649
15825 13417 364 3060 2881 2017
16078 13930 790 3493 2301 1802
16520 14470 780 4469 2296 1706
16906 14574 605 5312 3673 1633
17348 14092 844 6374 5386 1183
17377 13658 734 6770 7743 478
16456 13353 693 6517 9692 -322
16102 13021 773 5716 10628 -1236
15510 12092 512 4250 11046 -2125
15277 10420 288 3460 11208 -3161
15040 8436 41 3982 10823 -4717
14788 7178 -181 5233 10760 -6638
14758 6628 89 5531 11165 -8807
15534 6670 -60 6888 11303 -10571
14926 7221 -1150 5520 14178 -12885
14488 7705 -453 4180 15548 -14757
13701 7273 -1194 3004 18869 -17519
12065 7806 -1177 1935 21361 -20488
10762 7224 -1554 683 24223 -24173
8152 7710 -1950 -446 25980 -26343
6189 8062 -1772 -2739 26542 -27688
3436 8421 -1773 -5590 24983 -27322
1669 8124 -653 -7004 22819 -25728
568 7684 331 -6757 19963 -25143
-301 6019 735 -4056 19271 -26805
-2272 5617 442 -1041 18876 -28792
-3573 5628 113 1116 17941 -30664
-5134 5887 -739 2194 16832 -31220
-5796 6332 -1312 1334 15662 -30161
-7363 6687 -1186 39 12590 -27137
-8273 6302 -754 -813 9310 -24207
-8146 6164 -258 -747 7323 -23609
-8004 6125 248 -1048 5936 -23579
-8453 6302 628 -1871 4559 -23688
-8488 5753 997 -2056 3755 -23795
-8557 5136 376 -35 5062 -25012
-11536 5952 -508 3801 5990 -26358
-13316 7766 -902 7147 6807 -26726
-15297 11013 -1080 8136 7861 -25064
-17746 15097 -569 6313 8611 -22780
-19088 17922 196 2291 8813 -20796
-21220 20017 1317 -2102 8557 -19184
-22328 21121 2337 -6037 8379 -17937
-24337 22220 2922 -8238 8500 -16938
-25920 22321 3628 -8407 7785 -14642
-26160 22573 3513 -6006 7932 -10878
-26614 22406 3996 -1158 7714 -6778
-26332 22936 4141 4364 8228 -3684
-25865 23868 4253 8873 8295 -939
-24853 24594 4318 11269 8277 1583
-23464 24617 4273 12016 8141 3526
-22006 23766 4065 11875 7915 5026
-20453 22892 3952 11412 7514 6255
-19230 22381 3554 10634 6908 7056
-18106 21548 3114 9876 6191 7390
-16796 21002 2502 9655 5164 7662
-15862 20740 1689 9608 4061 7642
-14784 19757 1524 9513 2141 7849
-12954 19092 586 10262 1257 7896
-11800 19370 381 11042 710 7977
-10460 19517 464 11206 611 7486
-9281 20034 534 10649 571 6907
-9008 20930 376 8758 -221 6116
-8469 21238 345 6175 -1423 4998
-7849 21216 116 3527 -2893 3920
-6385 20086 241 1915 -3994 3314
-4876 19072 209 1910 -4055 2646
-3557 17873 346 3465 -3188 1859
-2794 17298 218 5920 -2086 1193
-2674 17312 134 7984 -1495 455
-2580 17562 -246 9055 -1379 -131
-2914 18322 -614 8700 -2005 -629
-2826 18885 -781 7067 -2954 -1191
-2658 19008 -952 4866 -3661 -1883
-2126 18656 -1002 2936 -3869 -2641
-1694 18010 -1034 2063 -3575 -3289
-1368 17612 -1114 2050 -2995 -3736
-1220 17230 -1338 2745 -2178 -4015
-1669 17517 -1346 3314 -1679 -4019
-2104 17604 -1322 3403 -1005 -3909
-2545 17718 -1076 2979 -479 -3987
-3169 17686 -952 2352 -36 -4307
-3776 17572 -704 1508 192 -4547
-3858 17097 -710 960 654 -4860
-4169 17017 -720 639 1393 -5392
-4469 17289 -704 147 2415 -5971
-4996 17565 -798 -590 3521 -6542
-5909 18044 -818 -1753 4238 -6742
-6894 18370 -728 -3007 4310 -6731
-7641 18298 -773 -4047 3734 -6440
-8118 18102 -592 -4491 3018 -5671
-8538 18105 -396 -4367 2376 -4935
-8738 18089 -200 -3787 1888 -4283
-9020 17930 -201 -2909 1712 -3545
-9233 17922 -298 -1829 1718 -2678
-9530 17858 -310 -719 1737 -1959
-9573 17721 -330 147 1809 -1360
-9760 17576 -298 690 1827 -874
-9953 17494 -290 854 1557 -501
-9909 17229 -393 658 1164 -339
-10012 17006 -441 189 700 -353
-9845 16745 -519 -330 165 -501
-9908 16390 -926 -1152 -423 -654
-9944 16125 -1126 -1522 -844 -791
-9738 15748 -1422 -1689 -1027 -933
-9812 15497 -1642 -1478 -1052 -795
-9762 15437 -1953 -1177 -1020 -440
-9812 15528 -2074 -943 -866 -321
-9773 15485 -2126 -833 -697 -292
-9824 15441 -2076 -762 -538 -249
-9765 15590 -2066 -895 -400 -280
-9822 15410 -1976 -1000 -159 -484
-9774 15384 -1984 -1026 85 -556
-9837 15520 -1914 -1060 153 -590
-9756 15392 -1825 -1059 205 -703
-9549 15088 -1842 -785 435 -697
-9500 15077 -1794 -208 759 -683
-9564 15380 -1865 247 1110 -793
-9732 15612 -1882 406 1521 -874
-9733 16057 -1781 233 1844 -909
-9872 16262 -1836 -197 2112 -930
-10076 16601 -1866 -840 2156 -837
-10194 16864 -1692 -1559 1901 -645
-10236 16750 -1533 -2123 1478 -402
-9998 15964 -1362 -2051 1132 28
-9817 15496 -993 -1505 1251 113
-9936 15130 -940 -701 1397 423
-9921 15361 -1004 357 1107 1004
-9676 15712 -1278 835 833 1328
-9570 16118 -1450 746 471 1435
-9377 16289 -1512 324 217 1494
-9049 16320 -1582 -168 184 1453
-8801 16294 -1636 -691 286 1243
-8572 16150 -1714 -1049 309 1101