-11365 15828 -576 -512 -748 3738
-11366 15626 -817 1292 609 3923
-11556 16213 -1549 2465 125 5345
-10844 16842 -2466 2704 273 5476
-10563 17524 -2445 2626 -909 6218
-10475 17855 -2179 2354 -2066 6465
-10400 17577 -2318 2236 -2628 6932
-10582 17576 -2773 2371 -2486 7193
-11064 18528 -3359 2333 -2732 7429
-10231 19560 -3652 1068 -3867 8273
-9252 19520 -3076 95 -4178 8592
-8883 20617 -2289 -603 -4562 8966
-8600 21646 -915 -1495 -5253 9681
-8680 21818 -1140 -1649 -4626 9865
-8349 22508 -1676 -2892 -3144 10026
-7819 22681 -2114 -5006 -3429 10847
-6958 22437 -1930 -6573 -5202 12269
-6321 21745 -1294 -7594 -8111 13667
-5293 20682 -566 -6909 -11051 15595
-4862 20389 -234 -5256 -12359 17315
-4564 20425 129 -3622 -12756 18954
-4097 20384 -65 -2012 -13314 20618
-3982 20836 -732 -1707 -14591 22105
-3596 20868 -1448 -2061 -16445 22900
-2764 20153 -1732 -1881 -19113 24193
-1396 19073 -2246 -724 -20874 25212
-820 18184 -1928 429 -21181 25793
158 17589 -2048 1669 -20264 25566
149 17632 -2290 2082 -20498 25494
762 16984 -2174 2150 -21541 25953
1908 15359 -2224 3110 -21484 25475
3024 13765 -1848 5017 -19277 23894
3965 12913 -1260 5869 -16729 21839
4101 12550 -1032 4992 -14520 19323
5042 11764 -946 3492 -12426 17422
5840 11215 -1496 1001 -7581 15339
5974 9854 -2206 -1316 -1791 13605
5796 9392 -2776 -2427 2463 12632
5492 9882 -3156 -3050 4652 11472
5699 9588 -3595 -3895 5981 9792
6224 9544 -3392 -4076 6229 8210
6876 10266 -2773 -3626 5173 7373
7511 10391 -1822 -2105 3531 6357
7708 11330 -820 -21 2114 6529
8434 12340 68 1196 1424 6323
8812 13204 830 2086 1150 5589
8729 14410 1234 2561 1124 4653
8685 15533 1421 2113 1053 3752
8510 16448 1339 1272 1042 2903
8345 17328 1015 71 446 2484
8120 17638 662 -624 -61 2358
8518 17896 648 -804 -857 2534
8483 18064 578 -83 -1572 2598
9009 18213 458 1200 -1859 2678
9246 18276 490 2511 -1572 2573
9168 18806 168 3525 -1463 2521
9026 19509 -17 3364 -1560 2790
9404 19682 -436 2707 -1176 3018
9682 20084 -951 1246 -901 3153
10815 19924 -1388 -871 -413 3295
11712 19552 -1678 -1991 -416 3123
12937 19234 -1992 -2684 44 2779
14314 18437 -1989 -2969 844 2695
14914 18147 -1846 -3198 2410 2778
16258 17726 -1773 -3151 4457 3026
16970 18007 -2029 -3811 6244 3009
17198 18368 -1640 -4883 7400 3007
17159 18850 -1286 -6448 8663 2747
16624 19378 -968 -8179 9666 2555
16616 18969 -884 -9284 10582 2548
17169 18197 -857 -9799 11758 3183
17522 15817 -838 -8538 13929 4200
17372 14398 -478 -7041 15559 3861
16265 12734 -170 -5799 16022 2326
15292 10818 856 -4351 16727 -57
14613 9648 1765 -3399 17673 -2292
14188 8684 2110 -2684 18738 -4760
13268 7256 2172 -1200 19444 -7126
13554 6449 1905 1502 20309 -9389
12952 3720 1660 9033 22537 -13343
11557 2972 967 19391 24216 -16634
9815 4139 186 26072 24073 -18346
7630 6634 -372 28165 20705 -18281
6322 7973 -809 27030 16976 -18236
4149 8293 -1210 24434 13028 -17744
2673 8196 -2324 20246 10483 -17354
-48 7597 -3488 15486 7057 -17126
-416 6230 -3860 11928 3796 -17224
-317 5766 -3958 8733 2475 -17494
-552 5524 -4276 7431 2228 -17633
-1309 5476 -4071 4691 4943 -18809
-3328 5657 -4153 2566 9379 -21287
-4040 5118 -4422 1552 11334 -22673
-6089 5205 -4137 -167 11664 -23477
-7166 5848 -3500 -2529 11129 -23383
-8004 5982 -3206 -4485 10673 -23291
-8576 5640 -2842 -6358 9041 -22629
-8752 4658 -3087 -5145 8124 -22211
-10600 4293 -2986 -1413 7818 -21798
-12056 6083 -2751 1730 7882 -21681
-13816 8266 -2534 2353 7352 -21596
-15092 10434 -1897 506 7205 -21270
-17005 12651 -865 -3933 5999 -20713
-17776 12926 241 -6869 5632 -20252
-18654 12740 895 -6853 6011 -19639
-19640 12598 1084 -4096 6424 -18642
-20757 13716 1398 -1149 5725 -17603
-21384 15068 1964 147 4660 -16716
-21583 16943 2206 -89 3265 -15245
-21590 18786 2422 -1775 1866 -13555
-21616 19297 2829 -2899 1133 -12420
-20541 18194 2449 -1496 2000 -12110
-21338 18204 1869 1974 2663 -11196
-21134 18961 1084 5619 2677 -9923
-20894 20570 478 7705 2213 -8323
-21304 23862 263 7163 267 -6883
-20638 25324 -8 5004 -1987 -6115
-19215 24213 -280 4622 -3051 -6264
-17808 23663 -726 7622 -3800 -5732
-17591 26850 -1772 11133 -4270 -4385
-17001 30529 -2350 10266 -5888 -3071
-16345 32328 -2748 7699 -6601 -1959
-15073 32433 -2896 5719 -6296 -1025
-12942 30951 -2584 6148 -4409 288
-11842 30533 -1774 7833 -2951 2393
-10604 31133 -1407 7687 -2780 3992
-8321 30494 -340 4150 -4551 5915
-6637 28222 -61 2447 -5015 6581
-4970 26080 664 2637 -5310 7068
-2901 24033 1042 3519 -4325 7219
-2084 23106 1378 3895 -3565 7326
-1186 21876 1770 2819 -3399 7449
-752 19585 2061 240 -4171 7194
-422 17093 2045 -1656 -4916 6475
-517 14708 2305 -2678 -5174 5778
-658 13720 2725 -3070 -5064 5052
-562 13880 3042 -3583 -5082 4291
69 14044 3477 -4316 -4961 3739
156 14308 3672 -4941 -4823 3465
157 14419 3501 -5619 -4870 2748
-28 13440 2297 -5608 -5110 1742
-288 12228 1136 -3734 -5018 1423
-680 11853 36 -796 -4023 1204
-1268 12261 -422 1211 -3233 1209
-2004 13489 -738 2402 -2151 800
-2812 14634 -808 2465 -1380 158
-3724 15872 -1048 1316 -478 -765
-5106 16943 -1357 -773 -453 -1460
-5653 17287 -1404 -2094 -383 -1922
-6002 17130 -1384 -2434 -186 -2138
-6204 16921 -1260 -1972 439 -1908
-6228 16665 -821 -974 1439 -1766
-6522 16852 -594 -262 2659 -1750
-7046 17211 -247 -676 3192 -1728
-7151 17363 80 -1863 3170 -1929
-7336 17425 316 -3083 2677 -2267
-7172 17048 482 -3832 2383 -2360
-6973 16475 719 -3684 2434 -2210
-6800 16194 1077 -2658 2647 -2151
-6864 16041 1258 -1546 3151 -2160
-6925 16065 1473 -505 3878 -2150
-7231 16456 1808 377 4646 -2312
-7690 16920 1746 450 4860 -2701
-8017 17077 1770 193 4684 -2886
-7989 17120 1707 -202 4590 -2984
-8204 17240 1630 -514 4590 -3128
-8442 17414 1594 -1231 4433 -3156
-7977 16685 1244 -1555 5139 -2921
-8616 16332 1425 -1140 5875 -2766
-7984 15941 390 -601 8587 -2157
-8962 17005 14 297 10737 -1741
-9680 17979 -816 -328 12760 -2375
-9965 18730 -1236 -2784 13387 -4382
-12668 19496 -1096 -2391 12608 -3950
-12578 20945 -1738 -9027 6406 -6846
-9356 18013 -1384 -11556 8312 -7609
-9505 16224 -538 -10613 5463 -5134
-8843 15205 361 -7959 5998 -3223
-9052 15310 652 -5181 5781 -1833
-8673 16238 705 -4118 4742 -2014
-8601 15121 1146 -3384 5002 -2001
-8299 15407 1003 -2383 4482 -2205
-9090 15313 1448 -773 4104 -830
-10193 16633 1530 627 3801 -207
-9874 18700 1674 -1377 1763 -1712
-8573 16142 460 -3141 3151 -3191
-10210 16064 1146 -2338 1274 -1480
-9430 15594 1230 -1196 969 375
-10317 17110 1060 -1068 6 302
-10236 16966 748 -1871 -952 -67
-9726 16202 1182 -958 -2336 854
-9678 15804 1490 276 -3845 2261
-9778 16334 1404 831 -5651 2744
-9600 15522 1521 1710 -6869 2882
-9066 15285 1729 2877 -7070 2827
-8882 15748 1685 3502 -7715 3106
-8710 16325 1453 3390 -7694 3027
-8013 16290 1410 3291 -6773 2730
-7714 16606 1346 3338 -5393 2814
-7710 16737 1221 3430 -4081 2831