-8685 25117 -68 -10821 -6373 6783
-8020 24209 176 -10800 -7565 7128
-7689 23932 420 -10655 -9478 7765
-7010 23567 848 -10453 -12816 8938
-5400 21450 1645 -9720 -15532 9936
-4452 20184 1578 -8260 -16999 10560
-3529 19559 1243 -6699 -18014 11086
-2032 18133 956 -5664 -17826 11505
-946 16744 914 -4410 -17088 12064
60 16204 828 -3330 -16071 12332
806 15737 832 -2386 -15485 12504
1816 14988 692 -1749 -15167 12610
2336 14744 724 -1108 -16039 12986
3116 14154 485 -901 -16055 12720
3484 13456 717 -727 -16505 12364
3965 12785 554 -435 -16162 11902
4128 12361 324 -149 -15789 11151
4494 11874 -120 120 -15320 10164
4502 11838 -618 166 -14776 9302
5198 11656 -1094 82 -14103 8503
5456 11206 -812 689 -13779 8039
5709 10589 -869 2438 -12968 7496
5341 10928 -1376 4095 -12368 7341
5241 11280 -1701 5653 -12102 7245
5428 11642 -1797 7089 -11462 6741
5346 11858 -1900 9064 -10765 6021
5494 13128 -2501 10732 -9570 5588
5393 13874 -2308 12176 -8315 5125
4688 15050 -2352 13486 -6906 4483
4304 16336 -2626 13799 -5680 4176
3841 18282 -2449 12735 -4968 4527
3378 19160 -2384 10860 -4669 4634
3337 20060 -2314 8788 -3887 4973
3901 21176 -2000 6654 -3134 5057
4456 21860 -1464 4715 -3125 4802
6560 21634 -1052 3560 -3086 4593
7109 20738 -429 3446 -2746 4310
6870 20558 -294 3852 -3026 5123
6552 21410 -678 3623 -2407 5920
6957 21526 -425 3276 -1052 6477
7036 22569 194 2962 1341 6736
6385 25029 980 2282 2530 6800
6577 26913 1586 1232 3115 7097
6461 28962 1984 -35 3243 7949
6421 30478 1980 -1407 2666 9143
7161 31481 1470 -2331 1840 10763
6665 31758 1272 -2629 818 12111
6692 31382 1010 -2329 -278 13954
6672 30804 893 -2048 -707 15602
6796 29840 1077 -2139 -385 16964
7441 28281 1004 -2401 1023 17827
8286 26728 781 -2814 2384 18752
9466 24769 220 -3032 3857 19711
10532 22062 -353 -2793 5341 20443
11064 20285 -930 -2495 6335 20857
11241 18977 -993 -2832 6894 20889
11553 17626 -1025 -3501 6937 20809
11801 16202 -1137 -4044 6662 20553
12160 13678 -1300 -4472 5884 19885
13222 11212 -1089 -3934 6383 19301
15229 9397 -196 -2604 6469 18115
16608 7302 589 -1658 7857 16512
17510 5632 1441 -716 9326 14439
17633 4078 1658 -195 10185 11787
17598 2653 1570 -80 10544 8730
17089 1588 1440 -102 10069 5836
16929 648 1180 -497 9484 3255
16262 -231 898 -586 8441 483
15317 -1260 268 -12 7775 -2226
14466 -1824 -229 1153 7140 -4659
13737 -2502 -629 3064 6463 -7604
12854 -2768 -901 5379 5660 -10916
11684 -2780 -1194 7697 4971 -14221
10240 -2530 -1654 9255 4676 -17391
8408 -1808 -2304 9654 4492 -20182
6210 -473 -2658 8777 3745 -22309
5042 717 -3101 7364 3218 -23859
4040 1680 -3588 5604 4178 -25528
3009 2457 -3848 3929 5020 -26795
2521 3293 -3598 2244 6029 -27629
960 3610 -3786 819 7347 -28483
-2057 3956 -4592 -152 7496 -28879
-4618 4725 -5040 -752 5431 -28469
-5576 5333 -5305 -1204 4207 -28416
-7712 5874 -5594 -406 3367 -28234
-8745 6834 -5534 1109 2609 -27699
-8585 7133 -5246 3419 3378 -27689
-8829 7705 -5104 5801 5143 -27658
-9228 8457 -4676 7509 7343 -28005
-9445 9496 -3725 7752 9546 -28282
-9158 10481 -2566 5786 11651 -28383
-9121 11502 -1489 2174 13268 -27959
-10442 12421 -350 -2389 13679 -26795
-11932 13198 386 -6116 12811 -25246
-13546 13142 432 -7195 11648 -24178
-15393 13465 994 -6255 8690 -22428
-13942 13346 1458 -3013 8142 -21507
-13480 14214 1953 2179 8914 -21477
-14421 15236 1342 6689 10312 -22368
-16501 17880 812 9239 10447 -22487
-18292 20194 20 8598 9881 -21728
-19861 22597 -633 6501 8404 -20069
-20312 23960 -820 4559 7271 -18858
-19607 25280 -562 1913 6463 -17271
-18834 25448 336 1945 5906 -15027
-18414 25686 109 3847 6859 -13778
-19444 27112 -361 5646 7062 -11962
-19142 27594 -656 6588 7123 -9844
-18605 27976 -837 6654 7139 -7852
-17765 27827 -1153 6167 7087 -6150
-17664 27840 -1436 5625 6676 -4852
-16585 28139 -827 3919 5244 -3017
-14594 27880 -300 1536 3539 -1342
-12997 26752 40 614 2596 -625
-9698 24994 598 692 3332 -792
-8588 24225 949 1825 1935 -197
-6319 22914 589 3304 1267 -423
-4436 22028 341 5139 76 -267
-3352 21334 -60 6594 -860 -250
-2816 20706 -656 7974 -2213 -198
-2174 20262 -1641 9164 -3739 369
-2025 20616 -2549 9549 -5543 1055
-1418 21072 -3232 8818 -6914 1206
-724 21672 -3852 7570 -6868 487
-1327 21985 -3678 4594 -7676 528
-1020 21612 -3432 1108 -6268 -181
-1214 21134 -3153 -1152 -4472 -716
-1437 20409 -2692 -2801 -2582 -1144
-2068 19556 -2290 -3672 -848 -1457
-3245 19312 -2221 -4064 13 -1370
-3338 19049 -1769 -4239 295 -838
-3829 18974 -1265 -4265 764 -457
-4121 19013 -730 -4236 928 -148
-4508 18678 -438 -4161 1211 -48
-4902 18400 -310 -4002 1336 82
-5301 18189 -189 -3657 1354 143
-5492 17805 -288 -3256 1400 272
-5849 17686 -312 -2967 1420 349
-6334 17565 -490 -3016 1294 447
-6530 17717 -790 -3527 1215 606
-6840 17604 -825 -4256 1070 794
-6958 17384 -936 -4648 1054 794
-7317 17504 -1112 -5083 798 656
-7037 16881 -1098 -5085 610 791
-6484 16090 -1460 -3884 1747 843
-7033 16093 -1502 -2355 2530 1058
-7126 16348 -1882 -939 3175 1181
-7440 17208 -2057 -416 3271 1180
-7670 17585 -2114 -809 3079 1186
-7601 17576 -2260 -1640 2887 1260
-7458 17714 -2265 -2624 3032 975
-7770 17021 -1617 -3219 3014 1573
-8277 18882 -2240 -1779 -129 -165
-7317 16302 -2097 -4613 834 -394
-6722 17177 -1869 -4631 1457 -1899
-7706 14945 -1168 -2718 375 297
-6856 16212 -1490 -2423 1472 611
-7941 16341 -909 -1182 1180 1202
-7000 18137 -1298 -1772 631 -141
-7640 17069 -938 -2354 1300 -797
-7525 16920 -920 -2508 1476 -966
-7692 16177 -397 -1340 1300 665
-7530 17116 -534 -891 1602 1288
-7748 17806 -276 -923 1719 849
-7949 18200 -281 -1468 1028 353
-7688 17912 -276 -2171 892 -78
-7445 17406 -254 -1978 548 92
-7210 16874 -489 -1798 591 526
-7338 16940 -354 -1381 823 764
-7262 17440 -701 -1673 1205 290
-6861 17458 -1081 -2348 1973 -109
-6650 17024 -1210 -2737 3116 -182
-6636 17210 -1244 -2739 4123 -90
-6850 17914 -1156 -3191 4505 -423
-6532 17385 -1380 -4965 6480 -1601
-6349 17170 -1464 -5512 7510 -1534
-6680 16824 -1580 -5620 7927 -1327
-6521 16950 -1805 -5567 8119 -1506
-6944 16702 -1602 -5316 7478 -1884
-6933 16350 -1268 -4587 6855 -1528
-6924 16277 -673 -3292 5903 -1064
-7297 16742 -522 -2719 5393 -860
-7424 16828 -240 -2453 5259 -807
-7521 16833 -97 -2225 5448 -565
-8365 17218 -305 -2379 5253 -103
-8634 17169 -62 -3448 5088 1199
-7693 17220 -36 -4005 6090 1168
-7333 16925 672 -3410 6113 1054
-7194 16992 585 -2175 6419 233
-7533 17572 373 -1134 6220 -160
-7705 18250 120 -1162 5338 -363
-7940 18621 -329 -1284 3285 690
-7693 18738 -330 -1077 1636 1090
-7886 18660 -176 -805 974 1254
-7686 18777 -108 -468 325 1160
-7454 18710 -700 148 306 1055
-7716 17818 -597 767 262 1591
-6813 17561 -878 285 2611 1425
-7269 18052 -784 248 3189 1548
-7173 17677 -586 260 3183 1685