-8217 17110 -681 1670 -5584 1020
-8160 16909 -622 1899 -5367 1257
-7729 16320 -698 2917 -4657 1634
-7580 16356 -745 4431 -4080 2135
-7582 16550 -938 5846 -3618 2599
-7704 17077 -1066 6672 -3545 3271
-7652 17392 -1582 7077 -3491 3647
-8306 18275 -1369 6737 -3553 4110
-8528 19255 -1330 5059 -3849 5150
-8140 19760 -1578 4121 -4181 5527
-8121 19816 -1766 3560 -4522 5854
-8126 19978 -2009 3183 -4959 6688
-7800 19785 -2093 3504 -5264 7156
-7790 20677 -2077 3572 -5613 7779
-7484 20810 -1885 3573 -6133 8708
-7330 21788 -1864 3542 -6961 9749
-7266 23444 -2074 2449 -7766 11140
-6815 24734 -1880 1386 -7982 11891
-6910 28345 -1504 -1184 -8462 12450
-7034 30456 -1436 -4239 -8443 12289
-7250 32602 -2455 -8260 -6870 12362
-7618 32767 -3658 -12191 -5474 13801
-6993 32643 -3414 -14300 -6410 16225
-5912 30992 -3172 -15124 -7471 18312
-4244 27735 -2856 -14764 -8824 21317
-2752 25132 -2288 -13819 -9972 23763
-1378 23563 -2022 -13050 -10206 24783
-998 22893 -1377 -13381 -10896 26017
-575 21044 -1092 -14274 -12835 27204
730 18087 -797 -14717 -15370 27736
1542 15769 -889 -14478 -17459 27759
2020 13697 -897 -13941 -19421 28389
3565 9944 -729 -11682 -18592 28771
3852 7497 97 -8721 -16586 29083
4534 6274 1276 -7115 -15950 28572
5418 4990 2061 -4978 -15180 27541
6698 4297 2254 -2709 -14066 25015
6991 4434 1962 -1433 -13376 21781
8266 3512 1240 -932 -12062 19155
8359 3671 1447 -1143 -10142 16777
8956 3616 1890 -1709 -8141 15137
9680 5819 3005 -3318 -6323 14004
10361 7465 4189 -5576 -6720 12157
10956 8544 5017 -7341 -6788 11359
12606 9008 6249 -8403 -6141 9758
13885 9753 7194 -8311 -4579 7627
15184 10788 7541 -7969 -2964 6009
16288 11402 7372 -7155 -1960 5179
17249 10823 6363 -4415 -1464 5375
18589 10162 4485 469 -1917 5442
18848 10376 3413 4079 -2754 5720
19849 10817 2496 6678 -3935 5358
19834 10454 1180 8798 -4402 5681
21078 10158 432 10188 -3983 5596
20927 9666 -547 10871 -2157 4725
21049 8790 -1138 10679 586 3389
21172 7970 -1494 10303 3533 683
21257 6721 -1741 10328 6153 -2137
20834 5482 -2377 10619 7854 -4276
20008 5372 -2666 11073 8572 -6336
18556 4613 -2738 11847 8959 -8403
16572 4971 -2843 10985 9321 -10483
14416 5535 -3623 9613 8929 -14377
13524 5484 -4224 8673 8510 -17145
12669 5198 -4584 8785 8753 -19300
11258 5586 -4374 8489 8107 -21694
9369 6416 -4078 7262 7590 -23969
7265 8240 -3080 4341 8044 -26294
4553 11225 -1928 -473 8606 -28963
1736 13724 -894 -7416 8831 -31791
-1677 15168 -1370 -14629 6959 -32768
-4267 13904 -2450 -19494 2686 -32768
-4147 10428 -3141 -17996 -782 -32664
-2703 6636 -2727 -8920 -664 -30437
-2480 4916 -2764 -522 -768 -28543
-2700 5360 -2993 9583 3730 -26941
-4958 9208 -2534 14750 9084 -25623
-6664 11738 -1986 11431 11133 -25623
-8239 13574 -947 3533 12422 -25993
-8910 12827 -472 -8201 14163 -26607
-9366 10201 -508 -13827 14709 -25298
-10016 8418 -126 -14519 14206 -23340
-11810 7770 547 -12256 10990 -21265
-12813 7592 1137 -8152 8524 -20631
-14445 8604 1406 -4661 8418 -21571
-15158 9620 1442 -2792 9112 -22967
-16493 10668 1137 -1709 10260 -23759
-17504 12719 940 -1899 10991 -23052
-18163 15194 1444 -3572 11576 -20575
-18526 16542 2549 -5266 11612 -17060
-17599 16667 4207 -6087 12236 -14290
-17965 16417 6344 -5088 10950 -12505
-16620 15810 7042 -3276 10142 -11581
-15500 15480 7616 -615 9528 -11305
-15356 15986 7361 2349 8559 -11270
-15006 17010 6986 4700 7023 -11260
-15044 18318 6782 5821 5615 -10705
-15449 19477 6322 5984 4398 -9552
-15415 20344 5962 6020 3778 -7778
-16184 20770 5356 7113 3759 -6399
-15534 21864 4385 8589 4116 -5828
-15942 23610 3318 10496 4278 -4609
-15877 25230 2290 11730 2730 -3025
-15754 26060 1768 12456 1325 -1617
-16502 27394 900 12155 -796 75
-15165 27995 893 10327 -2433 1427
-13510 27596 573 8981 -1349 2744
-12153 26990 349 8154 -25 3906
-10690 26098 88 7800 1230 5210
-9868 25341 -156 7807 1882 6398
-8222 24249 -150 7711 2030 7192
-6940 23381 70 7452 1803 7868
-5443 22209 349 6987 1243 7831
-4038 21230 432 6617 571 7422
-3676 20748 134 6335 -487 6959
-3555 20341 -434 5613 -2558 6288
-2882 19941 -387 4153 -4805 5460
-2154 19652 -4 2626 -5732 4588
-1185 19636 377 1108 -5781 3762
-578 19612 392 -78 -5235 3235
-661 19072 492 -1109 -4167 2766
-1370 17693 397 -795 -2931 2693
-2118 16727 271 470 -2415 3041
-2720 16074 44 2064 -2320 3623
-3034 15886 214 2988 -2244 3779
-3500 15699 350 3473 -1814 3266
-4381 16161 344 3132 -1315 2117
-5032 16412 101 2097 -1130 947
-6402 17116 -724 613 -1034 -137
-6896 17538 -1272 -1765 -1437 -752
-7006 17440 -1396 -2921 -992 -666
-7429 17407 -1367 -2847 -633 -279
-7414 17318 -1268 -1975 97 -37
-7374 17332 -1110 -1123 510 66
-8224 17710 -1603 323 816 -322
-8942 18476 -2214 1077 626 -875
-9294 18998 -2477 793 194 -1042
-9492 19320 -2616 -348 -302 -1513
-9404 19210 -2486 -1592 -585 -2155
-9072 18677 -2084 -2466 -591 -2375
-8492 17928 -1726 -2968 -329 -2026
-8162 17322 -1406 -3058 167 -1471
-7672 16806 -928 -2879 982 -676
-7180 16337 -286 -2303 2160 339
-6813 16100 1 -1748 3025 641
-6464 15934 340 -1104 3616 664
-6573 16122 383 -467 3982 429
-6881 16487 621 -496 3859 -78
-7064 16692 793 -849 3687 -415
-7388 16838 760 -1348 3324 -528
-7406 16704 976 -1799 2719 -517
-7321 16428 1032 -1831 2123 -454
-7185 16193 1041 -1487 1742 -285
-7488 16348 912 -1052 1181 -170
-7454 16277 773 -590 594 -56
-7322 16337 794 -39 270 -8
-7313 16376 612 503 283 -127
-7432 16721 380 825 346 -284
-7312 16930 320 621 304 -312
-7403 16939 130 458 335 -370
-7465 17076 -31 21 86 -398
-7578 17332 -196 -409 -210 -420
-7357 17185 -168 -738 -377 -488
-7174 17108 -170 -602 -276 -399
-6960 16936 -152 -271 -141 -397
-7302 17112 -497 202 189 -585
-7473 17474 -1090 447 773 -876
-7662 17846 -1534 51 1117 -991
-7695 18008 -1652 -865 1675 -738
-7524 17666 -1334 -1426 1874 -559
-7592 17338 -1064 -1310 1929 -405
-7401 17237 -787 -1156 1788 -297
-7576 17037 -574 -914 1606 -320
-7352 16936 -404 -792 1449 -280
-7397 17074 -270 -787 1393 -369
-7572 17181 -320 -928 1346 -531
-7606 17200 -348 -1060 1429 -685
-7586 17210 -345 -1176 1478 -608
-7617 17320 -198 -1258 1439 -525
-7818 17129 -129 -1138 954 -241
-8274 17322 9 -1109 510 -393
-8308 17186 -128 -1082 -348 -477
-8257 17108 -400 -793 -592 -288
-8517 17149 -450 -715 -760 -371
-8340 17018 -376 -646 -447 -327
-8345 17064 -276 -555 142 -132
-7952 17175 -194 -450 765 172
-7440 17073 -109 -249 1280 474
-6957 16866 -266 108 1453 698
-6713 16750 -473 569 1512 977
-6514 16746 -706 920 1097 1033
-6598 16662 -1113 943 550 1211
-6392 16781 -1377 502 -126 1223
-6137 16612 -1353 73 -233 1275
-5785 16536 -1148 -162 -333 1082
-5635 15918 -761 -32 701 522
-5840 16082 -602 458 1518 125
-5698 15980 -205 932 2308 -275
-5970 16165 -33 1789 2752 -279
-6433 16548 -284 2160 3097 -418