-11141 14926 -4211 1166 1805 1356
-11233 14538 -4284 1193 1802 1559
-10776 14224 -4214 1145 1652 1776
-10737 14080 -4078 1161 1677 1849
-10998 14056 -4108 1193 1554 1802
-10940 14271 -4111 1126 1334 1709
-11017 14557 -4264 781 979 1708
-11234 14540 -4367 554 464 1757
-11214 14630 -4574 496 -24 2019
-11168 14924 -4776 296 20 2377
-11355 15108 -5008 -186 540 2982
-11740 15456 -5512 -1129 1338 4298
-12150 15585 -5604 -2304 1622 5044
-11889 15640 -5552 -3433 1809 5331
-11952 15745 -5057 -4360 1537 5528
-11534 15560 -4822 -5281 1779 6019
-11733 15913 -4872 -6689 2193 7449
-11404 16196 -5492 -8045 3296 8663
-11920 16034 -5063 -7764 5196 9450
-12400 16750 -4997 -7403 7507 9422
-12114 16753 -4876 -7921 7928 9986
-11409 17480 -5101 -8316 7593 10636
-10825 17689 -4729 -9112 6603 11243
-9709 18165 -4450 -10010 5208 11448
-9792 18453 -3506 -10118 2803 12078
-9208 18361 -3010 -9890 931 12621
-8928 18676 -2680 -9871 -991 13132
-8440 18741 -2513 -9986 -2529 14153
-7939 19056 -2716 -9612 -4325 15661
-7968 20522 -3088 -9096 -7011 17266
-7353 20830 -2784 -8595 -9818 18758
-7184 21648 -2350 -7740 -11708 19306
-6452 22179 -1672 -8189 -14519 19872
-4813 21157 -1414 -7800 -17009 20127
-3650 20364 -1248 -7070 -17515 20487
-2435 19236 -973 -4825 -17605 21489
-2001 20262 -948 -2992 -17120 22459
-1206 19993 -518 -2497 -17366 23133
-414 19292 -586 -2099 -17519 23632
192 19725 -1173 -2231 -17789 24214
853 19505 -1810 -2993 -19307 24864
2480 18056 -2554 -2447 -21432 25393
3588 16441 -3021 -675 -21682 25797
4841 14246 -3266 1802 -20189 26106
5904 12918 -2978 5488 -17494 26077
6892 13002 -2673 8537 -14846 25646
7860 12796 -2824 9862 -12503 24274
8105 13313 -2604 9475 -10460 22819
8156 14294 -2410 7144 -9345 21712
8291 15103 -2214 1720 -8652 20495
8156 15129 -2420 -3974 -8738 20258
10818 13324 -3649 -8073 -9043 19774
12800 9997 -4884 -10030 -7854 18192
14362 9823 -4314 -9996 -4908 15307
17348 11178 -3056 -9114 -2717 11738
17632 12534 -2144 -7828 497 8975
17480 15022 -1956 -7244 3470 7343
16867 17378 -1546 -8752 6070 6631
16480 19150 -786 -11408 7613 6529
16340 19572 -560 -12572 8043 6760
16120 19536 -186 -12885 8128 7023
16391 18203 253 -11226 8769 7316
16353 16854 550 -8816 9272 7769
16604 15569 1024 -6239 10282 8250
16849 14458 1719 -3612 11205 8135
16405 12836 2318 -1648 11473 6936
16048 12206 2845 -999 11386 5424
15638 11404 2842 -1409 10522 3521
15188 10313 2608 -3083 7960 219
14263 9105 1676 -6897 3373 -3260
13866 7358 656 -10322 601 -4658
13741 6361 0 -12546 548 -5294
14188 5244 -348 -13482 8 -6787
14326 3872 -258 -12799 -1013 -8315
14615 2280 -516 -8275 -1302 -10748
13644 2414 -1449 -1905 1595 -14905
10821 2801 -2576 2572 3840 -18549
9182 4058 -3707 6243 5524 -22163
6770 5844 -4514 7402 7459 -25283
4976 7417 -4828 5718 8818 -27530
4066 8173 -4369 2035 11207 -28712
3061 8325 -4364 -2394 15210 -28654
1213 8453 -4409 -5695 20009 -28282
-1346 7845 -3920 -7739 21651 -27202
-2762 6988 -3420 -9157 20156 -25685
-5171 6361 -3135 -8764 18311 -24858
-6560 5885 -2480 -6156 17771 -25233
-7461 4844 -1822 -2674 18750 -26211
-9244 4741 -2052 478 18477 -26230
-10186 4600 -1938 2167 17619 -25595
-10782 4505 -1861 3590 17140 -24577
-12994 5010 -1689 4867 15576 -23593
-14663 5767 -1142 5904 13804 -23652
-15825 6450 -1422 7306 13744 -24433
-16876 7365 -1909 8601 13441 -24631
-17420 8605 -2146 9624 13394 -24304
-18538 10261 -2160 10278 13701 -23927
-19484 11452 -1716 10301 13461 -23303
-20346 13978 -790 9379 13688 -21964
-20873 17261 621 6704 14955 -20881
-21390 19117 1984 4269 15830 -19018
-20396 20549 3462 2288 16438 -17196
-20674 22176 4388 1067 16972 -15228
-21010 23265 5410 449 16759 -13172
-20351 24325 6178 1580 15876 -9934
-20628 25905 6485 3463 14585 -7103
-20474 27390 6150 6724 11737 -4909
-20526 28646 5818 10053 8577 -2348
-19502 28018 4617 12093 5878 -331
-19281 27458 3273 13552 4371 980
-18168 27112 1793 14290 3236 3221
-17004 26502 566 13037 1773 5446
-16117 25880 -246 10984 627 6354
-15122 24469 -1018 9137 217 6638
-14677 23238 -1338 7694 -1453 7315
-12947 21507 -1743 6688 -3789 8029
-10001 19936 -2109 7350 -5438 8344
-9264 19248 -2544 8684 -6026 8376
-8232 19079 -2586 9773 -6541 8106
-8226 19198 -3345 9940 -5550 7331
-7120 18986 -3529 9049 -5015 6545
-5684 18749 -3818 7568 -3974 5903
-4254 18240 -4063 5240 -3053 5171
-3340 17928 -4368 3327 -2878 4587
-2133 17520 -4166 1730 -3339 3658
-910 17226 -3908 331 -3572 2163
-222 16997 -3745 -5 -3432 711
366 16609 -3633 336 -2374 -766
668 16736 -3528 1015 -1316 -1749
166 16983 -3600 1594 86 -2609
-609 17665 -3576 1852 1674 -2939
-1500 18472 -2876 441 2939 -2763
-2072 18517 -1670 -1690 3619 -2310
-2676 18437 -886 -3050 4110 -2398
-3414 17976 -280 -3655 4591 -2847
-4546 17913 -186 -3700 4536 -2907
-5475 17935 76 -3157 3793 -2443
-6634 18388 272 -2072 2753 -1593
-7672 19008 28 -1270 1392 -914
-8537 19710 -416 -1230 -304 -541
-8946 19971 -1296 -2428 -1924 -355
-8701 19256 -2038 -3668 -2309 -79
-9046 18582 -2296 -4182 -2868 798
-8766 18024 -2584 -4257 -2734 1301
-9253 17776 -2998 -3785 -2808 1636
-9422 17714 -3220 -3337 -3205 1714
-9476 17612 -3537 -2864 -3401 1855
-9494 17506 -3664 -2625 -3912 1784
-8894 16970 -3385 -2416 -3916 1752
-8304 16468 -2824 -2261 -3737 1521
-7364 15653 -2075 -2482 -3109 1150
-6932 15260 -1774 -2577 -2173 386
-6680 15074 -1706 -2510 -1354 -363
-6766 15118 -1776 -2522 -820 -831
-6934 15196 -1748 -2580 -380 -1115
-6932 15384 -1541 -2958 -12 -1297
-6953 15344 -1297 -3154 333 -1278
-6990 15397 -1148 -2916 801 -1399
-6896 15358 -842 -2334 1196 -1563
-6978 15509 -722 -1624 1644 -1827
-7137 15795 -588 -901 2092 -1947
-7516 16258 -596 -563 2336 -1832
-8235 16416 -508 -169 1762 -1334
-8600 16852 66 304 1247 -1153
-8538 17220 316 732 1064 -1020
-8205 17367 389 1687 1047 -162
-8675 17933 416 1797 751 230
-8557 18014 340 1821 448 440
-8382 18016 46 1385 244 620
-7961 17862 -225 344 209 567
-7696 17472 -414 -43 357 461
-7421 17207 -827 -129 332 268
-7149 17147 -1139 -276 408 -73
-7256 17102 -1590 -502 570 -390
-7384 17165 -1717 -749 501 -376
-7267 17055 -2011 -1001 765 -365
-7650 17225 -2221 -1298 1111 -548
-7652 17202 -2150 -1481 1475 -537
-7792 17122 -2074 -1419 1979 -512
-8102 17382 -1892 -1388 2197 -611
-8240 17382 -1704 -1542 2319 -678
-8540 17369 -1456 -1698 2015 -579
-8362 16997 -1220 -1794 1598 -312
-8565 16913 -965 -1634 1250 -276
-8640 16552 -894 -1437 956 -250
-8036 16098 -982 -1093 992 -62
-8222 15958 -1078 -882 894 -15
-7950 15750 -1130 -503 878 96
-7885 15846 -1347 119 802 445
-7606 15903 -1640 550 88 1084
-7180 15984 -1905 1336 -346 1779
-7201 16526 -2166 1624 -779 1748
-7144 16846 -2132 1875 -1507 1653
-6952 17056 -2060 1899 -1241 1654
-6720 17109 -1860 1973 -1148 1719
-6485 17069 -1546 2159 -710 1879
-6432 17088 -1356 2337 -58 2022
-6484 17151 -819 2620 760 2058
-6730 17410 -280 2818 1716 2010
-7084 17713 109 3063 2042 1953