-8374 15913 -1153 -1064 1019 412
-8661 15757 -870 -323 1284 389
-9066 15959 -494 210 1724 204
-9295 16088 -284 203 1914 304
-9555 16024 -273 98 1589 -32
-10084 16265 -387 52 1021 -418
-10345 16551 -784 -110 571 -523
-10606 16804 -933 -641 351 -690
-10370 16666 -984 -966 91 -525
-10295 16356 -1031 -924 -606 -119
-10081 16021 -1058 -318 -1095 464
-9580 15779 -1056 253 -1251 722
-8889 15561 -1176 793 -1414 935
-8180 15312 -1352 1506 -1463 1208
-8012 15136 -1576 2261 -1516 1458
-7609 15257 -1646 2813 -1408 1218
-7506 15764 -1943 3080 -1519 879
-7522 15988 -1960 2880 -1680 700
-7790 16094 -2130 2705 -1811 560
-8104 16347 -2246 2446 -2060 382
-8258 16596 -2261 2156 -2282 408
-8344 16844 -2204 2004 -2316 597
-8704 17060 -2139 1805 -2102 706
-9122 17386 -1810 1639 -1611 709
-9306 17465 -1692 1490 -1071 810
-9603 17406 -1539 1560 -767 1105
-9576 17188 -1328 1828 -676 1409
-9292 17014 -1133 2033 -769 1631
-9280 16974 -1026 2239 -913 1753
-9261 17032 -938 2286 -1439 1764
-8973 16837 -862 2300 -1928 1835
-8969 16713 -873 2279 -2251 1936
-8384 16696 -966 2435 -2766 1712
-8190 16686 -984 2670 -2976 1698
-8366 16878 -1252 2696 -3196 1955
-8352 17014 -1445 2702 -3046 2245
-8162 17322 -1596 2635 -2736 2608
-8105 17501 -1620 2556 -2292 3023
-8221 17622 -1688 2589 -1993 3414
-8073 17677 -1806 2693 -1730 3744
-7934 17682 -1773 2805 -1604 4052
-8105 17872 -1942 2865 -1576 4278
-7965 18065 -1878 2599 -1734 4764
-7985 18256 -1958 2199 -1503 5604
-8306 18868 -1936 1670 -1500 6395
-8302 19156 -1970 909 -1302 7353
-8274 19264 -1969 179 -949 8413
-8128 19293 -2008 -259 -644 9193
-7849 19417 -2236 -73 96 9696
-8242 19680 -2036 -358 -796 10696
-7148 19121 -2325 -356 -468 11647
-7589 19434 -2340 -560 55 12636
-7673 20026 -2437 -1147 600 13433
-7713 20669 -2010 -1786 904 13865
-7620 20956 -2280 -2850 1611 14154
-7344 21985 -1984 -3774 2215 13576
-7180 22232 -1620 -4615 1900 12953
-6917 22409 -1432 -5960 724 12820
-6789 22718 -1682 -7649 -368 12949
-6724 22601 -1622 -9261 -1546 13277
-6769 22412 -1102 -10352 -2853 13582
-6577 22246 -1020 -11323 -4277 14243
-6093 21774 -648 -11313 -5417 14652
-5718 21670 -134 -11162 -6884 14989
-4880 20890 145 -10738 -8115 15493
-4214 20184 526 -9815 -9489 16045
-3334 19162 676 -8640 -10939 16615
-2798 18558 237 -7639 -12235 17439
-2225 18201 -216 -6923 -13874 18751
-1029 16786 -553 -5242 -15003 19801
-178 16521 -974 -3151 -15494 20742
554 16789 -1325 -1398 -16365 21857
1682 16808 -1610 -30 -17152 22651
2968 17516 -1694 837 -17554 23591
3405 17378 -2410 2214 -17614 24544
4164 16861 -2932 3798 -17374 24889
4542 16285 -2716 5519 -17705 25226
5716 16178 -2340 7081 -17922 25777
6320 15737 -2018 8031 -16921 25905
6521 15848 -2285 8366 -15267 25361
7932 17308 -2872 7588 -13872 24168
9834 17273 -3502 6695 -12534 22256
11158 17512 -3584 6303 -10962 20770
12040 17848 -3890 5160 -9510 20258
13057 17201 -3946 3971 -7601 19739
14062 16600 -3910 2419 -5639 18871
14717 15680 -3566 590 -4328 18538
16117 15149 -3340 -982 -3310 18118
17996 15054 -2621 -2282 -1968 16936
18385 13524 -2001 -2649 -309 15408
18914 11969 -1833 -1786 2136 14025
20208 10821 -1096 -454 5125 12444
20329 10065 -577 226 8145 10799
20261 9324 -177 680 10354 9531
20250 8525 109 818 12273 7881
20552 8086 262 581 13263 6235
21106 7732 429 -220 13587 4313
20761 7000 592 -1142 13774 1848
19693 5488 757 -1433 13749 -1079
18760 4220 801 -977 13275 -4415
17364 3118 960 204 12400 -7628
16097 1842 576 1912 11330 -10645
14277 1036 334 4091 9733 -13484
12442 508 -324 6290 7725 -16179
10872 358 -1016 8169 5886 -18895
9146 525 -1493 9155 3839 -21381
7182 977 -1949 9138 2210 -23686
5122 1518 -2473 8021 989 -26029
3549 1996 -2908 5999 -224 -27600
2212 2081 -3409 3607 170 -29005
33 2210 -3510 905 1535 -30211
-1981 3060 -3640 -1994 1350 -30902
-4125 3758 -4090 -4836 2030 -32169
-6586 4458 -4366 -8419 1404 -32768
-8277 4488 -4777 -11637 596 -32768
-9346 4884 -4378 -13091 15 -32768
-10084 5068 -4878 -13998 732 -32768
-11206 6170 -4068 -13310 1599 -32768
-12198 6593 -3981 -10648 3792 -32768
-13192 7582 -3846 -6641 6686 -32768
-14310 9200 -3674 -2558 9299 -32242
-15290 11446 -3590 519 11032 -31052
-16324 13386 -4045 1807 12059 -29400
-16420 15206 -4338 1737 12758 -27078
-17324 16366 -4650 1143 13145 -25009
-18006 16885 -4788 528 12631 -23180
-19134 18462 -4388 282 11348 -21164
-18513 18652 -4185 671 10982 -20052
-18434 19436 -3398 1047 11179 -18897
-18018 20124 -2764 1214 11967 -18003
-18057 20353 -2132 1405 12959 -16723
-18297 20922 -1750 1545 13136 -14576
-18889 21113 -1853 1939 12680 -11807
-18985 21877 -1953 2321 10863 -8243
-18202 23118 -1760 2347 8689 -5440
-17842 24597 -1653 1550 6686 -3360
-16622 25690 -1045 -311 4823 -1787
-15281 25709 -669 -2317 4269 -1272
-13736 23989 -264 -2917 4940 -1525
-11973 22385 309 -1411 6509 -2080
-10862 20901 810 1377 8405 -2518
-10102 20264 1534 5185 10093 -2615
-10074 21642 2224 6901 11058 -2751
-9293 22410 2945 6953 11205 -2737
-9084 23525 3249 5777 10573 -3269
-8918 23834 3469 4011 8839 -3291
-8168 23734 3374 2317 6443 -3045
-7986 23922 2885 744 3801 -2946
-7452 23744 2457 -692 1130 -2939
-6378 22881 2406 -1246 -468 -2919
-5542 21805 2345 -493 -941 -3230
-4914 20756 2032 1354 -656 -3351
-4888 20300 1397 3098 35 -3426
-5300 20192 588 4415 402 -3439
-5574 20124 -220 4763 118 -3069
-5708 20076 -902 4453 -597 -2276
-5736 19945 -1397 3591 -1467 -1299
-5769 19559 -1535 2791 -2125 -379
-5306 19161 -1394 2491 -2218 -222
-5158 18499 -1117 2988 -1477 -455
-5170 17913 -889 4131 -147 -581
-5223 17758 -1146 4781 591 -519
-5464 17775 -1137 4375 664 -334
-5756 17664 -1300 3174 258 -195
-6041 17133 -1433 1657 -864 -408
-6621 16710 -1890 1338 -1666 -1175
-7262 16774 -2444 1866 -2168 -1552
-7896 17114 -3048 2235 -2930 -1367
-8173 17501 -3245 2528 -3442 -1205
-8024 17557 -3268 2698 -3007 -1158
-8564 17990 -3481 2596 -2090 -624
-8612 18548 -3933 1594 -954 -365
-8672 18496 -4060 147 205 -279
-8750 18029 -4122 -842 1288 -279
-8878 17382 -3968 -1260 2102 -300
-8876 16916 -3584 -1372 2349 -204
-9030 16497 -3329 -1183 2075 -219
-8856 16108 -2933 -714 1535 -156
-8757 15938 -2725 -116 969 -56
-8804 15882 -2558 350 453 70
-8420 15765 -2538 621 252 127
-8505 15806 -2729 706 189 122
-8404 15810 -2873 639 140 79
-8348 15530 -3313 569 198 141
-8241 15654 -3294 684 114 151
-8290 15738 -3333 570 118 138
-8200 15726 -3438 855 12 271
-7980 15756 -3669 1039 110 325
-7869 15828 -3662 1140 408 350
-7653 15745 -3637 1239 578 376
-7428 15442 -3766 1339 924 423
-7341 15228 -3773 1692 1166 378
-7046 15188 -3853 2065 1338 355
-7025 15250 -3710 2568 1551 303
-6992 15457 -3740 2914 1632 284
-7281 15952 -3804 3035 1670 98
-7573 16413 -4028 2820 1630 8
-8066 16985 -4186 2342 1615 9
-9061 17650 -4244 1502 1243 130
-9124 17938 -4361 436 903 312