4044 16761 -4392 -1825 1784 1743
4300 15928 -4498 -1848 1680 1386
4418 15254 -4645 -1389 1968 1077
4530 14940 -4802 -800 2169 905
4457 14721 -4897 -425 2334 795
4312 14773 -5005 -424 2559 527
4130 15076 -5101 -973 2666 -104
3533 15564 -5232 -2087 2240 -678
3678 15680 -5000 -3462 1943 -1206
3433 15625 -4778 -4443 1876 -1638
3476 15530 -4725 -5003 1639 -1886
3718 15324 -4528 -4777 1693 -2119
4030 14728 -4150 -3542 2101 -2290
3877 14961 -3961 -1815 2522 -2248
3941 15488 -3780 -350 2709 -2237
3736 16220 -3435 633 2983 -2310
3468 17121 -3298 389 2914 -2308
3106 17849 -3342 -440 2548 -2333
2796 18292 -3452 -1165 2152 -2424
2786 18760 -3366 -1952 1583 -2375
2600 19116 -3333 -2687 1224 -2266
2668 19010 -3329 -2919 1084 -1958
2748 18886 -3269 -2562 1072 -1371
2886 18741 -3042 -1666 1046 -780
2734 18661 -2856 -387 851 -276
3169 18396 -2960 754 1077 -236
2712 18825 -2806 1311 1076 6
2826 18881 -2806 1297 782 305
2848 18837 -2790 976 592 389
2750 18708 -2848 593 173 473
2788 18585 -2966 149 -220 528
2962 18337 -2892 -66 -451 522
2862 18342 -3100 -166 -641 438
2884 18214 -3214 -239 -778 326
2948 18068 -3350 -183 -740 349
2896 17808 -3473 124 -692 379
2962 17725 -3498 590 -648 415
2901 17794 -3745 942 -672 374
2917 17756 -3692 1210 -802 564
2960 17832 -3693 1333 -733 540
2949 17970 -3750 1455 -685 435
3088 18102 -3782 1370 -553 175
3094 18074 -3776 1257 -421 179
3108 18048 -3778 961 -191 136
3142 18130 -3807 499 -113 36
3228 18005 -3760 31 -185 -50
3402 17745 -3662 72 -363 2
3527 17657 -3865 490 -82 -102
3632 17773 -3774 1015 -44 -119
3581 17908 -3824 1200 47 -103
3584 18110 -3808 1136 59 -127
3542 18222 -3759 831 -27 -240
3514 18302 -3774 291 -198 -206
3469 18242 -3806 -144 -317 -166
3473 18169 -3744 -424 -422 -202
3590 17848 -3773 -361 -425 -216
3477 17929 -3820 -32 -379 -244
3584 17856 -3926 220 -324 -274
3529 17906 -3874 445 -46 -238
3305 18198 -4054 453 21 -322
3233 18318 -4062 215 -183 -178
3441 18354 -4079 -105 -44 -134
3370 18222 -4076 -152 257 -99
3284 18253 -4078 -79 567 -148
3053 18381 -4186 -66 478 -41
3200 18300 -4179 14 538 116
2954 18360 -4208 169 587 195
3029 18501 -4312 362 684 194
2868 18940 -4296 451 689 432
2587 19950 -4301 151 634 772
2698 20761 -4333 -229 845 978
2432 22065 -4495 -787 790 1330
3055 23357 -4653 -1850 673 1996
3948 24840 -4905 -3013 751 2689
5552 26136 -4653 -4240 1426 3301
7752 27745 -4124 -5877 3524 3906
9297 29228 -3393 -8208 5471 4707
10260 29492 -3082 -10088 6604 5293
10684 29020 -2538 -11450 7096 6031
11450 27657 -2478 -12026 7233 6568
11752 26092 -2356 -11812 6739 7108
12506 24133 -2233 -10800 5863 7743
13536 22793 -2106 -9765 6669 7340
14105 22134 -1761 -9418 6646 7315
15278 21473 -1878 -9910 7423 7066
15846 21220 -2225 -10859 8105 6484
15490 20346 -2825 -12041 8731 5644
14730 18844 -3164 -13112 8969 5088
14324 16948 -3381 -14156 9210 4780
14194 15249 -2861 -14994 9354 4335
14472 13678 -2624 -15274 9565 3060
15005 11602 -2508 -14742 9781 1013
14653 9836 -2296 -13192 9747 -936
15288 8284 -2376 -10959 9971 -2780
14293 7289 -2878 -8463 9820 -4401
13448 5668 -3224 -5512 9324 -6192
12397 4774 -3561 -2719 8803 -7421
11104 4353 -3645 -782 8336 -8607
9725 4998 -3594 -659 8228 -9994
8225 5682 -3118 -2003 8728 -11774
6668 6313 -2822 -4395 8944 -13996
5062 5936 -2541 -6281 9710 -16544
3401 5122 -2402 -7230 11515 -19336
1693 3846 -2326 -6642 13719 -21883
-225 3256 -2312 -5288 15313 -23175
-2353 2581 -2630 -3519 16258 -23383
-4745 2820 -2484 -2435 15176 -21888
-6013 2534 -2490 -988 13959 -20784
-7540 3238 -2024 -163 12755 -19863
-8754 3998 -1294 336 11217 -18924
-9462 4537 -922 139 10336 -18708
-9930 4673 -637 -192 9581 -18782
-10290 4213 -544 81 9109 -19211
-10060 3020 -825 1462 9751 -20199
-10532 2740 -1041 3366 10793 -21384
-11433 2948 -1388 4885 11394 -22370
-12572 2885 -2049 5630 11711 -23007
-13990 3416 -2320 5722 11041 -22626
-14990 4720 -2210 4916 9960 -22185
-16588 5892 -1692 3629 8804 -21865
-18450 8083 -862 1766 8971 -22260
-19861 9798 -200 260 9305 -21869
-21012 11417 420 -1019 9649 -21260
-21466 12284 742 -1793 10003 -20156
-21816 13011 1282 -1864 10630 -17812
-21802 13518 1946 -1270 11119 -15160
-22555 14312 2406 221 11247 -12971
-23202 14934 2426 1614 10438 -11434
-22815 14885 2329 2942 9619 -10214
-22840 14820 1838 4929 8726 -8758
-22876 15521 1066 6297 7122 -7621
-22630 16127 515 7217 4965 -5980
-21887 17639 509 6875 2633 -4172
-20582 17604 861 5991 1328 -3407
-20512 18034 772 5673 697 -3173
-19377 17164 782 6366 205 -3377
-19667 17767 864 8515 -117 -3336
-20929 19976 -53 9650 -2390 -3118
-20918 21350 -322 8899 -5042 -2704
-19456 21874 66 8262 -6649 -2016
-17478 22096 -113 7997 -7082 -1984
-14862 21904 -283 9205 -6509 -2680
-13442 23050 -660 11341 -5135 -2990
-13056 25034 -576 11793 -4137 -3205
-12731 27296 -269 10050 -3246 -3623
-11353 27817 180 6977 -2761 -3684
-10956 27524 42 4947 -2808 -3304
-9874 27293 326 3397 -3780 -2531
-7678 26345 624 2918 -3815 -2498
-6840 25956 742 3281 -3906 -2508
-6344 25510 605 3247 -4208 -2315
-5994 24893 314 2563 -4309 -1756
-5815 23658 -86 1904 -4500 -903
-5962 22872 -784 1412 -4852 -121
-5359 21556 -1238 728 -5246 729
-4748 19529 -1515 369 -4549 1833
-4876 18320 -1776 478 -3951 2428
-5205 17242 -1771 755 -3595 2803
-5213 15801 -1572 665 -2868 2885
-5408 15176 -1416 443 -2203 2647
-5692 14249 -1246 234 -1004 2157
-6369 13780 -1260 -189 246 1214
-6966 13587 -1309 -842 743 931
-7474 13350 -1146 -1700 1241 552
-7860 13238 -890 -2168 1673 -53
-8245 13402 -572 -2414 2143 -747
-8740 13586 -416 -2595 2526 -1161
-9144 13687 -133 -2779 2930 -1429
-9995 14156 19 -2742 2762 -1262
-10716 14553 116 -2454 2026 -1177
-11017 14641 149 -2175 1331 -1113
-11128 14928 322 -2002 824 -818
-11434 14938 191 -1531 720 -627
-11788 15190 2 -1094 559 -482
-11852 15354 -135 -807 542 -384
-12222 15824 -295 -1032 489 -19
-12329 15798 -324 -1581 374 452
-12340 15499 -489 -1937 293 800
-11700 14488 -594 -1292 502 1203
-11222 13990 -681 124 1180 1306
-11173 14186 -794 886 1540 1174
-11386 14782 -925 19 1136 1157
-11649 15198 -810 -2251 165 1042
-11450 15169 -584 -4806 -714 719
-11136 14802 -358 -6261 -998 419
-10538 13612 -54 -6626 -378 -133
-10166 12858 294 -5479 813 -578
-10331 12747 532 -3704 1819 -774
-11018 13411 799 -1547 2597 -574
-11721 14329 1004 -1058 2125 -314
-11904 14459 1027 -1074 1310 -304
-11909 14882 1067 -1278 437 -330
-11577 14995 997 -1491 77 -357
-11140 14984 1125 -1231 465 -484
-10964 14960 828 -826 1252 -620
-11225 15125 721 -609 1555 -569
-11326 15248 681 -578 1515 -361
-11570 15386 602 -543 1169 -111
-11504 15370 487 -546 564 167
-11016 15158 553 -250 306 445