-9118 13245 2156 665 1516 2192
-9189 13257 2372 918 669 2538
-9393 13537 2572 1101 8 2619
-9709 13853 2490 1116 -429 2551
-9962 13977 2445 1020 -545 2733
-9885 13937 2378 1272 -438 3119
-10089 13558 2018 2037 -232 3430
-10476 13522 1637 3041 314 4007
-10269 13868 1658 4011 -254 3874
-10577 14298 1589 4502 -481 3821
-10845 14853 1449 4616 -1016 3713
-10897 15789 1534 4053 -1258 3598
-10860 15797 1640 3364 -1214 3351
-10781 16005 1757 3066 -781 3275
-10728 15844 1685 3102 100 3331
-10506 16396 1552 3201 487 3664
-10514 16665 828 2905 1140 3539
-10505 16716 1210 2375 1382 3210
-10266 16724 1454 2047 1640 3264
-10129 16420 1612 1764 1846 3208
-10040 16480 1726 1299 1994 3230
-9836 16394 1806 924 2017 3154
-9661 16261 1817 804 1923 3010
-9348 16124 1944 841 1755 2907
-9292 16226 2028 840 1424 2822
-9104 16325 1854 763 1303 2675
-9013 16342 1864 733 1254 2497
-9110 16538 1957 725 1231 2420
-9116 16630 2129 630 1156 2518
-8817 16384 2144 549 1501 2799
-8690 16432 2134 666 1847 3203
-8557 16316 2070 874 1921 3575
-8422 16105 1916 1340 1881 3753
-8390 15886 1861 1860 1623 3949
-8478 15926 1726 2246 1390 4187
-8680 16125 1649 2474 1066 4396
-8528 16354 1810 2332 1188 4420
-8289 16541 1933 2208 992 4627
-8034 16477 1945 2296 915 4775
-7850 16529 1778 2617 749 4841
-7594 16540 1569 2984 600 4826
-7282 16466 1369 3493 265 4831
-7000 16252 973 4429 -83 4775
-6877 16266 577 5204 -654 4655
-6794 16510 330 5699 -1497 4611
-6894 16978 134 5733 -2467 4555
-7093 17190 262 5441 -2847 4490
-7114 17548 454 4996 -2987 4360
-7064 17480 717 4538 -2733 4129
-7030 17412 936 4285 -2484 3997
-6910 17305 705 4430 -2173 3826
-6870 17145 192 5099 -1819 3595
-6716 16900 -373 6114 -1571 3551
-7233 17849 -1310 6961 -1670 3562
-7532 18505 -1772 6974 -2109 3737
-7788 19120 -1954 6726 -2261 4039
-8498 20330 -1864 6055 -2388 4236
-8368 20729 -1304 4560 -1899 4403
-8285 20894 -717 3097 -1273 4286
-8056 20528 290 1737 -520 4234
-7337 19045 566 1251 703 4472
-7402 17988 210 1491 1571 4854
-7220 17609 82 1953 1837 5086
-6332 16656 110 2491 1959 5392
-5626 16305 -408 2952 1830 5494
-6094 16997 21 2197 476 5110
-7062 17713 1006 578 -2588 4728
-7817 18829 160 -636 -4462 4355
-8190 19817 -425 -2185 -4321 4071
-8768 19870 -598 -1937 -2628 4062
-11076 22740 -966 -225 -1689 5037
-11946 25329 -1001 516 -1407 7857
-12282 26085 -381 1309 -1700 11068
-12860 27460 -356 1872 -3443 14919
-12353 27042 -385 2623 -6042 18430
-11785 26118 -990 4167 -8624 21206
-10518 25301 -341 6354 -11805 24004
-9580 24589 -708 8358 -15017 26048
-8105 24731 -1007 9428 -18596 27865
-6812 24714 -1192 10027 -20033 28105
-6106 25469 -1722 9740 -20405 27835
-4985 24926 -3406 8946 -19804 26912
-4905 24825 -5338 7031 -18983 27251
-3149 21457 -5582 5620 -18514 27632
-1677 20453 -7392 5446 -15233 27929
-1928 20194 -7372 5075 -14636 29278
136 18185 -7513 5490 -12061 29032
772 17581 -7686 5457 -8926 28266
1573 16177 -7446 5199 -7517 27551
2362 15004 -8073 4423 -5754 25979
2852 13590 -8617 2608 -4343 24718
3469 11593 -8216 682 -3703 24242
4325 10538 -8530 -1371 -1752 23382
4428 8960 -7544 -3196 -886 22925
6285 7688 -6898 -4252 875 21809
6756 7008 -6416 -4574 2325 19790
7342 6493 -6242 -4762 2707 17618
8324 5668 -5381 -4259 2820 16261
8178 5424 -5016 -3088 2686 15047
8760 5840 -4612 -1669 2498 13699
10041 6556 -3825 -735 2887 12293
10656 7258 -3898 121 3882 10914
10937 8877 -3477 -156 4366 9771
11941 10136 -3157 -1184 4857 8515
12046 11140 -2897 -2328 5415 7071
12966 12240 -2425 -3522 5918 6374
13372 13326 -2010 -4429 6006 5533
13838 13917 -2086 -4589 5974 4586
14434 14148 -1410 -3803 5786 4093
15409 15225 -1358 -2581 5754 3714
15634 15862 -724 -1259 5702 3958
16337 16884 -350 -225 6045 4851
17800 17436 -281 328 6973 5412
17448 18646 389 453 7454 5643
17912 20270 786 -1510 7942 6109
18262 20170 846 -4108 8621 6296
18770 19316 946 -6028 9149 6097
19907 17183 1164 -7221 10389 5296
20526 14561 1388 -6307 11813 4316
22102 12766 668 -4561 13630 3154
22136 11750 -166 -2771 14352 2183
21524 10225 -621 -1106 14630 1418
21440 9664 -1064 -235 14915 582
20950 8903 -1010 -344 14756 -197
20309 7329 -887 -1163 15616 -1929
19644 6612 -552 -1886 16562 -3288
19300 6336 -191 -3160 17597 -4645
17458 5358 296 -4251 19218 -8024
13875 4601 384 -3527 18198 -10828
12380 4040 776 -1875 17056 -12286
10684 3140 603 1429 15825 -13329
8790 3200 462 5552 13921 -14086
6633 4452 578 7753 11805 -14771
5032 5406 243 9621 8078 -15682
3143 4914 -1232 11276 5140 -17067
2538 5532 -2214 11811 4136 -18225
2109 5852 -2951 11726 5117 -19943
1371 6852 -3441 9698 7891 -22370
314 7780 -3457 5889 12302 -24990
-2187 8480 -3672 570 15487 -26127
-5765 7242 -4725 -2112 15295 -26207
-7021 5906 -5401 -2102 12888 -24708
-8076 4956 -6080 155 10731 -23743
-8290 4778 -6277 3130 8805 -23191
-7554 5628 -5837 5674 9718 -23587
-7910 7582 -5420 6051 11275 -24388
-8510 9407 -4791 3826 12730 -25024
-10783 10859 -3761 -2669 11617 -23156
-13070 12334 -2342 -11369 5812 -17389
-15269 14188 -604 -20013 -3435 -11926
-12524 10884 1572 -20224 -7602 -14088
-10981 11597 3061 -15672 -7993 -17953
-9916 11766 5284 -8885 -5981 -20910
-9380 12300 5688 -4638 -2889 -22154
-10822 14171 6668 -342 487 -22179
-11833 17554 6990 1178 4754 -21220
-14718 19027 6818 -400 5996 -18741
-15801 20073 7014 -1909 5192 -14799
-15661 20396 7092 -2475 5138 -12487
-16112 20240 6940 -743 4957 -11761
-15316 19016 6498 1742 4786 -12005
-15531 19636 6703 5339 3782 -12244
-15313 20609 5629 9043 2600 -12336
-17573 22900 6364 9165 2944 -12495
-16058 22994 6218 6598 2008 -11106
-16757 23182 6288 4326 1805 -8893
-16290 22350 6400 2590 964 -7336
-15230 21350 6546 2052 -4 -6431
-14642 20841 6374 2462 -23 -6259
-14013 19938 6801 3841 -333 -6586
-13994 19806 6808 6090 -953 -7164
-14026 20212 6817 7473 -2187 -7500
-14064 20845 7237 7432 -3525 -7482
-13936 21125 7532 6665 -4741 -7357
-13556 20866 7585 5758 -5586 -7258
-13106 20214 7617 5207 -6012 -7085
-12942 19732 7134 4916 -6765 -6773
-12901 19344 6676 4632 -7710 -6729
-13425 20356 6954 2406 -9610 -7271
-14802 21801 6293 -2143 -13937 -9521
-14402 20977 7369 -7293 -18411 -11640
-11728 18327 8567 -10666 -22874 -13510
-8397 14735 9911 -4347 -22701 -14491
-7994 15092 10273 2762 -20753 -13752
-8757 17441 9710 4094 -18689 -12701
-10388 19458 9518 2411 -18353 -11081
-10646 20357 9004 -2067 -17203 -9359
-11632 20401 8885 -5652 -17287 -7589
-11304 18761 8548 -7040 -16894 -6577
-11118 17820 8074 -5251 -17060 -6228
-10397 17620 7652 -2701 -16594 -6613
-9853 17556 6860 -641 -16082 -6556
-9417 18025 6121 149 -15525 -5855
-8862 18324 5644 -80 -14812 -5146
-8658 18373 5432 -567 -13714 -4234
-8589 18661 4935 -1163 -12185 -3240
-8828 18382 4557 -1757 -10644 -2349
-9173 17969 4300 -2472 -9464 -1083
-9164 17646 4402 -2516 -8913 44
-8844 16897 4113 -2234 -8988 867