-9317 16364 5969 3492 15967 4035
-9588 15901 6100 3653 16151 3318
-9921 16636 5452 3325 17037 3625
-9713 16993 5680 2207 15944 4010
-9550 16490 5570 2267 14434 3720
-9469 16325 5718 2664 12958 3805
-9692 15657 5193 3138 11309 4352
-9517 15350 4585 3690 9413 5072
-9196 14853 4073 4818 7735 5308
-8934 14362 3961 6500 5586 5664
-8294 14026 3402 8756 4386 6224
-8273 14696 3214 10580 3519 6835
-8313 15618 3492 11494 2777 7469
-8378 16666 3380 11594 1805 8089
-8597 17602 3096 11282 595 8661
-8444 17453 2780 10770 -792 9396
-8546 17392 2109 10780 -2341 9933
-8645 17416 1608 10830 -4174 10716
-8554 17381 1452 11157 -4819 11545
-8528 17997 1454 11846 -5044 12047
-8853 18906 1378 12235 -5015 12659
-8549 19349 1126 12479 -5152 13171
-8484 19944 890 12355 -5534 13909
-8098 20016 774 12062 -5985 14651
-6917 18945 486 12131 -7007 15845
-5857 17994 -652 13243 -8851 17963
-4329 17435 -1351 14606 -10332 19535
-4064 17632 -2233 16621 -10878 20729
-3440 18572 -3286 18268 -11747 21469
-2901 18755 -4205 20229 -11997 21969
-3120 19504 -5009 20890 -12428 22261
-2865 20518 -5558 20354 -12281 22167
-2896 22199 -5621 17511 -11866 21596
-1846 22618 -5519 13512 -10200 20719
-1454 23188 -5446 10426 -8963 20031
-1033 22844 -5876 8459 -8244 19251
-233 22065 -6365 7160 -7580 18728
224 21570 -6898 6425 -7161 18388
596 21116 -6994 5688 -7262 18334
1458 20142 -6521 5416 -7406 18088
2086 19537 -6501 5489 -6942 17196
2129 19402 -6265 4791 -7067 16284
2332 19030 -6510 2900 -7955 15454
2290 18352 -7181 0 -9908 14469
2858 17577 -7841 -3706 -11769 13258
3448 15768 -7662 -7361 -12242 12205
3942 13720 -7644 -8766 -11350 11645
5336 12137 -7357 -7790 -9025 11209
5430 11689 -6805 -6293 -6426 11045
5433 11868 -6770 -4721 -4511 10517
5436 11642 -6946 -3051 -2934 9511
5708 11789 -6892 -1864 -1637 8443
5529 12642 -7186 -1405 -376 7415
5730 14056 -7812 -1939 -101 6919
5940 14370 -7806 -3022 62 6428
6317 15030 -8030 -3731 -164 6788
6968 14736 -6793 -4740 183 7386
5664 12892 -5718 -4032 -245 7786
5862 13309 -6238 -2532 -444 8017
6334 14560 -5657 -2686 -1208 7424
6964 13562 -7432 -2501 -40 6194
4074 14132 -7880 -3337 1789 5976
3904 14338 -6952 -4575 869 6269
5476 15073 -6866 -5800 -268 5415
6746 15724 -6409 -7751 -2066 4855
6014 16144 -6270 -11103 -2338 5444
5686 16293 -6033 -15047 -2988 6495
6350 16246 -5852 -19871 -2718 6996
6222 15741 -5581 -25306 -4321 7412
7065 13540 -5524 -28549 -5890 8025
8588 9748 -5101 -24328 -5682 6852
9545 7702 -4610 -13310 -3697 4012
8976 9244 -4408 -299 -777 1541
7652 13616 -4320 9170 615 686
6845 18356 -4932 13818 218 945
7484 21936 -5744 14115 500 1676
7993 24633 -6640 12133 1318 3075
9682 26810 -7114 8504 2925 4552
10388 28109 -7590 4225 5152 6371
11550 29105 -7372 17 7673 7929
12202 29256 -6781 -3045 9306 9541
13820 28026 -5985 -4872 10634 11150
14238 25817 -5461 -3980 11737 12264
14726 23550 -4882 -1075 13101 12994
15657 22168 -4580 1813 14072 13663
15510 20608 -4354 4278 15742 13948
15153 19848 -4260 5052 17054 14595
15448 18744 -4341 4128 18078 14778
15380 17053 -4617 2583 18691 14758
15368 15416 -4754 1005 18163 14643
16049 13125 -5040 53 18955 14092
16816 10772 -5008 25 19320 13107
17872 8528 -4570 -97 20956 11342
18452 7010 -3948 231 22598 9264
18428 5662 -3321 394 23799 7010
18572 4762 -2768 372 24456 4853
18778 4278 -2250 -133 24658 2832
18581 3644 -1957 -824 24470 695
17868 2784 -1768 -1308 23923 -1468
17278 1800 -1584 -1368 22858 -3867
16270 1129 -1322 -732 21597 -6369
15552 453 -1336 592 20941 -9053
14364 1114 -1246 2022 20553 -11809
13076 2300 -1398 2880 19980 -14200
11802 3976 -1489 2521 19103 -15890
10316 5345 -1621 1415 18781 -17483
9433 5730 -1806 267 19039 -19240
8522 5436 -2148 -39 20335 -21512
6873 5209 -2537 516 21914 -24223
5204 5074 -2810 1364 22924 -26572
1076 5924 -4713 2492 23085 -29115
-1892 6448 -5884 3199 20827 -31378
-3693 6854 -6749 3292 18734 -32216
-4474 7257 -6938 3052 17621 -31924
-4594 7342 -6576 2451 17351 -30050
-4354 6850 -6082 996 17915 -27937
-3869 5718 -5010 275 19785 -26257
-4221 4701 -4158 -499 21310 -25118
-4917 3790 -3260 -1108 23412 -25475
-5974 2930 -2565 -1147 24717 -27058
-7896 2098 -3289 -677 24631 -29339
-9700 918 -4165 524 22858 -30337
-11128 1224 -4734 1566 19821 -28867
-11522 2258 -4337 2861 16572 -26351
-11414 2490 -3462 4694 14829 -25176
-11680 3381 -2437 6699 14818 -25636
-12673 5373 -1029 7318 16389 -27193
-14150 8545 540 5154 17852 -28334
-15288 10532 1838 682 19749 -29318
-16388 11460 2844 -3721 20956 -29420
-17546 11517 3796 -7499 21416 -28126
-19134 11561 3662 -9627 19943 -24435
-21694 12404 4201 -9374 16245 -19574
-19924 10328 4549 -5077 13293 -16014
-22664 13121 6073 1127 12212 -14329
-21037 13320 5829 6909 10951 -13562
-22444 14752 5182 11647 11265 -12430
-23689 16957 4430 13420 11137 -11658
-26328 21493 4781 10956 9258 -10014
-26945 22649 3990 6794 8542 -8616
-27925 23702 3244 1461 6003 -6517
-27486 23256 3153 -3455 3497 -3835
-26358 21465 3517 -5400 1393 -1172
-24240 19050 4414 -3843 1001 -70
-22037 16766 5269 864 2001 -3
-20501 15989 5617 6599 3611 -262
-19400 16214 5449 11481 4590 -262
-19074 17028 4144 14607 4543 -397
-19538 18305 2745 15255 2021 -215
-18970 18681 1492 14306 -747 109
-18038 18228 412 13100 -3515 433
-17108 17909 -378 12141 -5428 327
-15625 16721 -726 11875 -5980 -268
-14684 16082 -1144 12588 -5137 -928
-13813 16006 -1252 13157 -4258 -1129
-13230 16616 -1414 13107 -3109 -679
-13094 17501 -1686 12097 -2458 -126
-12442 17558 -1545 10822 -2458 416
-10929 17434 -1172 9772 -2329 330
-9942 17424 -1020 9358 -2105 -274
-9730 17566 -822 9354 -2292 -1130
-9761 18148 -1117 9399 -3093 -2092
-10373 19088 -1578 8979 -4526 -2822
-10453 19712 -1526 7957 -5516 -3045
-10714 19977 -1613 7036 -5985 -3004
-10882 20048 -1702 6323 -6341 -2777
-10390 19925 -1470 5862 -6066 -2355
-9889 19382 -1304 5666 -5202 -2012
-9780 19186 -1209 5599 -4557 -1742
-9577 18990 -1054 5170 -4362 -1413
-9530 19017 -876 4250 -4545 -1001
-9670 18681 -521 2992 -5091 -663
-9890 18394 -438 1975 -5735 -512
-9527 17514 -220 1335 -6358 -287
-9354 16566 53 1377 -6576 -8
-9251 15985 158 1934 -6329 191
-9284 15884 274 2388 -5982 238
-9383 15591 221 2291 -5668 511
-9526 15364 100 2082 -5582 685
-9442 14738 -86 2124 -5734 687
-9541 14335 -393 2765 -5918 372
-9642 14222 -868 3386 -6050 248
-9998 14621 -1149 3719 -5733 97
-10296 14811 -1344 4135 -5392 25
-10517 15282 -1674 4058 -4633 30
-10776 15758 -1866 3100 -3949 226
-10965 16156 -1636 1666 -3354 500
-10934 16304 -1286 155 -2526 799
-10928 16190 -1006 -1082 -1858 897
-10554 15926 -780 -1760 -1341 879
-10166 15446 -612 -1556 -712 725
-10381 15100 -377 -972 -300 765
-10032 15401 -378 -354 -197 841
-10678 15406 -409 45 -456 1289
-10608 15501 -269 195 -908 1673
-10353 15517 -142 211 -836 1779
-10413 15584 -109 188 -782 1850
-10389 15793 -182 -123 -775 1805
-10344 15758 -153 -429 -715 1795
-10998 16372 -184 -787 -713 1866