-10030 17269 816 3314 -5241 5981
-9186 17352 651 3940 -5976 6001
-8504 17409 1664 5162 -5231 6162
-8378 18093 2390 6181 -4004 6355
-8140 19070 2754 6652 -2090 6008
-8130 19344 2792 6472 -254 5516
-8713 19792 2454 5901 425 5333
-9053 20098 2052 4867 151 5516
-8777 20218 1826 3414 -700 5897
-8392 20017 1509 2301 -1796 6637
-7228 19200 1662 2063 -2564 7304
-6534 18968 1900 2551 -2738 7484
-6286 19360 2205 3046 -3232 7458
-5302 18832 2510 3476 -3373 7225
-4840 18508 2478 4058 -3181 6980
-4816 18612 2164 4176 -3317 6850
-4201 17802 1861 4097 -3654 6859
-3910 17174 1264 4435 -4129 6728
-3806 16628 481 5023 -4703 6605
-3500 16138 133 5617 -5315 6839
-3234 16120 -165 6270 -5621 7037
-3110 16356 -332 6724 -5715 6885
-2462 16138 -244 7012 -5461 6489
-2061 15866 -306 7320 -4649 5899
-2357 16273 -672 7154 -4137 5249
-2528 16357 -773 6436 -3846 4835
-2408 16370 -1089 5585 -3423 4750
-2592 16664 -1430 4867 -2875 4351
-2950 17110 -1565 4223 -2946 4142
-3250 17518 -1606 3472 -3239 4161
-3635 18135 -1659 2737 -3695 4451
-3759 18288 -1518 2306 -4239 4810
-3541 17810 -1529 3309 -3858 4804
-3682 17604 -1465 5518 -3174 4754
-3852 18261 -1664 7431 -2899 5300
-3962 18976 -1679 8515 -2693 6037
-3852 19667 -1548 8600 -2460 7019
-3896 20834 -1196 7374 -2644 7942
-3332 20828 -1009 6558 -2445 8058
-3214 21013 -1160 6075 -2522 8070
-3358 21448 -1561 5739 -3199 8560
-3489 21734 -2146 5750 -4117 9680
-3952 23249 -2721 5981 -5559 11309
-3436 24117 -3050 6127 -6721 12675
-3264 25204 -2961 6137 -7366 13442
-2493 26361 -3244 5698 -7304 13681
-1813 25810 -2496 5150 -6563 13752
-1586 25694 -2581 5149 -5395 14088
-1230 25636 -2781 4672 -4315 14436
-898 25098 -3216 4062 -3305 15034
-722 24568 -3268 3294 -2633 15362
-685 24324 -3441 2276 -2306 16104
-161 23602 -3213 1291 -2610 16872
365 22537 -3146 1025 -2969 17289
1421 20944 -3149 1455 -3248 17385
2357 19193 -2853 1798 -2803 17280
2600 18068 -3181 2517 -2436 16952
2772 17128 -3710 3120 -1893 16405
2785 16386 -4014 3070 -1603 16147
3421 15525 -4114 2309 -1435 15984
3524 14394 -4220 1281 -1318 15403
4106 13141 -3858 124 -1443 15039
4552 11921 -3620 -876 -1399 14463
4676 10508 -3432 -1393 -1298 13671
4798 9073 -3753 -1261 -1679 12751
4646 7685 -4448 -218 -3081 11792
4840 6637 -5132 1403 -4321 10991
5356 6010 -5844 3489 -5264 10081
5828 5806 -6244 5636 -6134 9059
6372 6276 -6385 7452 -6585 7795
7233 7334 -6148 8161 -6417 6304
7861 8761 -5838 7825 -5576 4702
7986 10204 -5737 6626 -4616 2983
8026 11834 -5989 4943 -3604 1511
8225 13385 -5966 2761 -3227 584
8521 14466 -6418 849 -2600 -181
8696 15569 -6741 -642 -2347 -734
9537 16274 -7158 -1275 -1775 -1013
10712 17285 -7540 -1113 -805 -1481
11700 18353 -7800 -463 489 -1735
12001 19974 -7968 60 2399 -1940
12721 21585 -8242 203 4255 -2061
13197 22914 -8576 -104 6390 -1818
13240 24108 -8864 -1052 7964 -996
13969 25254 -9192 -2784 9329 -31
14682 25413 -9637 -4703 11118 738
14504 25373 -9684 -6568 13125 1506
14388 25520 -9436 -8756 14855 2303
14485 25168 -8912 -11376 16250 3049
14726 23861 -7961 -13732 17744 3483
15000 22492 -7094 -15826 19044 3945
15024 20573 -6118 -17190 19968 4767
15356 18813 -5520 -17688 20648 5879
15453 17264 -5170 -17219 21205 6446
15602 15842 -4545 -16664 21843 6450
16429 14870 -4073 -15970 22201 6333
16466 13832 -3561 -15668 22803 5668
16586 12260 -3356 -15535 23000 4721
15614 10336 -3141 -15061 22804 3375
15626 8684 -3081 -14604 22988 1802
15720 7320 -2968 -14068 23445 122
15949 6436 -2937 -13281 24931 -2095
15532 6493 -2814 -12883 26532 -4598
13406 6212 -3345 -11825 27646 -7175
10785 6666 -3926 -10815 27529 -8826
8802 7133 -3846 -10070 26934 -9560
6812 7456 -3750 -9345 26195 -9950
5082 6653 -3221 -7970 25516 -10597
3442 5977 -2804 -6038 25086 -11553
2120 4980 -2089 -3835 25038 -13330
456 3656 -1277 -1355 25342 -15761
-956 2464 -778 1255 25711 -18189
-4832 2481 -1822 4119 25156 -20999
-8462 1874 -2294 5799 22657 -22777
-10664 1744 -3069 6393 19583 -22943
-12737 302 -3869 7244 16352 -21887
-13470 -1229 -3853 9382 15211 -21360
-13845 -2992 -3886 12497 14736 -20897
-14109 -4010 -3650 16258 14947 -21622
-14932 -3998 -3224 18655 15747 -22867
-15502 -2582 -2529 18945 17971 -24817
-17701 -81 -1761 16821 18328 -27091
-19305 2646 -766 12364 16219 -27647
-20132 5270 -60 6739 13482 -27085
-20121 7210 693 1186 10960 -26193
-19221 8494 1916 -2823 9476 -25026
-17764 8672 3158 -3869 9378 -23672
-16820 8946 4281 -1985 10502 -23054
-16246 9370 4928 1858 12240 -23142
-16758 10808 5269 5787 13261 -23114
-17768 13208 5538 8519 12388 -21742
-19680 15846 4836 9714 10260 -20220
-20521 17229 4532 9888 6951 -17520
-20176 18006 4284 10138 4580 -15404
-20960 19076 4312 10259 3113 -14352
-20601 19476 4148 10653 1621 -13273
-21874 20973 3446 11306 491 -11725
-23088 22480 2841 11611 -626 -10433
-23456 23125 2328 12201 -1558 -8796
-23589 23850 2104 12818 -2523 -7149
-23469 24134 1673 13841 -3222 -5889
-23976 24997 821 14696 -4528 -4373
-23630 25854 202 15053 -6215 -2646
-22281 25834 -114 15099 -7045 -1419
-21217 25500 -421 15356 -7187 -501
-20130 25180 -770 15147 -7307 294
-18560 24516 -1156 14880 -6875 890
-17574 24496 -1840 14375 -6896 1408
-16714 24688 -2428 13303 -7613 1622
-15610 24436 -2916 12135 -8281 1439
-13790 23910 -3034 11050 -8321 1272
-12681 23980 -3014 9851 -8051 1136
-11610 23624 -2628 8481 -7552 848
-10198 23169 -2237 6987 -6708 546
-9308 22732 -1874 5535 -5937 402
-9012 22486 -1685 4179 -5814 257
-8362 22029 -1421 2763 -6024 208
-7736 21842 -1061 1410 -6359 367
-7497 21777 -752 -92 -6732 435
-7481 21482 -454 -1646 -7089 540
-7074 20837 -88 -2893 -7217 748
-6766 20210 222 -3488 -7035 927
-6378 19213 420 -3269 -6517 971
-6422 18444 708 -2598 -5965 1304
-6377 18085 942 -1997 -5760 1654
-6606 17550 1068 -1572 -5757 1954
-6908 17318 1288 -1436 -6189 2569
-6968 17026 1521 -1467 -6755 2974
-7062 16513 1676 -1448 -7187 3117
-6884 16013 1870 -1197 -7323 3171
-6720 15506 2121 -741 -7199 3213
-6620 15410 2222 -293 -6766 3082
-6761 15325 2210 -32 -6427 2889
-6854 15330 1930 -93 -6393 2745
-7121 15321 1656 -414 -6587 2691
-7224 15246 1457 -810 -6703 2725
-7461 15222 1320 -1101 -6841 2781
-7456 15208 1148 -1193 -6825 2720
-7643 15368 1144 -1199 -6503 2416
-7682 15572 1176 -1319 -5732 2095
-7698 15837 1457 -1744 -4959 1884
-7895 16066 1654 -2682 -4462 1569
-8155 16247 1938 -4581 -4891 749
-8356 16444 2486 -7271 -6401 -925
-8492 16257 2491 -10517 -9182 -3528
-8176 15684 2720 -12284 -10961 -4727
-6743 14028 3502 -12606 -11161 -6085
-5685 12029 4421 -8962 -8716 -7016
-5786 11420 4384 -4682 -6449 -6415
-6393 11666 4268 -549 -4239 -4273
-7089 12973 4021 2461 -2042 -2307
-8678 14858 4064 3613 -984 -926
-9237 15960 4132 2871 -378 -427
-9673 16757 4037 1272 -21 -376
-9858 17014 4026 -588 -269 -399
-9809 16912 4025 -2144 -393 -206
-9645 16769 3866 -3247 -652 -269
-9308 16493 4142 -3573 -903 -462
-8926 16321 4022 -3545 -808 -814
-8968 16176 4309 -3440 -890 -715