-10958 15137 -653 1251 53 2958
-10794 14642 -453 2298 -176 3092
-10605 15137 -886 2829 265 3253
-10202 15206 -560 3066 159 2759
-10316 15380 -413 2812 7 2475
-10346 15624 -354 2231 -19 2377
-10343 15493 -251 1309 168 1815
-10564 15508 -462 578 337 1044
-10592 15461 -486 261 430 673
-10622 15450 -534 127 626 431
-10694 15540 -462 -135 950 122
-10618 15532 -456 -352 1334 -79
-10602 15684 -773 -685 1719 -302
-10480 15438 -668 -913 1805 125
-10161 15692 -473 -964 1684 665
-10113 15588 -681 -1370 1929 1093
-9660 15312 -381 -1549 2324 1089
-9889 15444 37 -1101 2196 1922
-10306 15236 -186 -616 1543 2860
-10667 15201 -540 -50 365 2985
-10829 14596 -691 1441 -803 3011
-10769 14802 -980 2954 -1375 3232
-10896 15386 -1216 3131 -1911 3268
-10892 15420 -1326 2935 -2362 3296
-10894 15521 -1578 2525 -2877 3280
-10937 15501 -1777 1676 -3631 3162
-10661 15010 -1889 1131 -3928 3034
-10251 14181 -1851 1747 -3259 2857
-10187 14161 -2049 3193 -2262 2634
-10246 14297 -2188 4136 -1969 2365
-10104 14564 -2296 4559 -1951 2275
-10000 14956 -2312 4647 -1795 2470
-10045 15685 -2377 3855 -1853 3016
-9826 16022 -2288 3074 -2123 3460
-9812 16452 -2296 2679 -2142 3672
-9928 17152 -2512 2102 -2442 3979
-10013 18701 -2773 1093 -2844 4531
-9841 19665 -2472 438 -3014 5063
-9758 20960 -2221 78 -3229 6124
-9461 21934 -2025 288 -3527 7638
-9452 22401 -1842 1603 -4213 9638
-9350 23128 -1652 3057 -5423 12617
-9666 25214 -1372 3774 -6297 15184
-9964 28525 -1225 2125 -7553 18561
-9978 30148 -1352 -206 -10013 21369
-9135 29568 -1780 -1063 -10336 22466
-8696 29890 -1883 -1314 -10867 23922
-8178 29921 -2214 -929 -11555 25095
-7507 29828 -2782 -654 -11364 25884
-6109 28857 -2722 -545 -9844 26103
-5866 28746 -2992 -1121 -8042 26445
-5969 28042 -3324 -2663 -6378 27082
-5952 27292 -3622 -5067 -4831 28056
-6119 25642 -3826 -7124 -4785 29365
-5697 23490 -4246 -8979 -4722 30793
-5440 21581 -4744 -9853 -4712 31901
-4853 19782 -4625 -9255 -4836 32019
-3017 17372 -4207 -7105 -4207 31850
-2128 16086 -4146 -4586 -3452 31647
-2258 14169 -4533 -3113 -2497 31383
-2064 13054 -4185 -2649 -2935 31628
-450 11190 -3407 -2383 -3115 31405
866 9745 -2446 -2572 -2788 30304
2265 8140 -1864 -2903 -1588 27951
3780 7023 -1652 -3249 -135 24972
4698 5948 -1462 -3116 209 23438
6475 5189 -1307 -2287 879 22267
7372 5754 -1378 -1581 1481 20962
7279 5250 -1763 -1088 514 18394
9273 4828 -2319 -466 844 14478
10065 5972 -1516 -1799 308 10900
10354 6393 -813 -2928 -1130 8720
12688 7338 910 -4274 -3056 7861
15586 5801 254 -2249 -112 7172
16253 7548 600 1071 4746 5641
16733 9073 1621 1647 8342 3869
16633 10793 2284 -292 10596 2252
17066 11942 3064 -3147 12291 503
16298 12026 4014 -5238 13253 500
16304 12348 5415 -7707 13637 1915
16453 11602 7353 -8326 12545 3630
16708 11118 9142 -6893 11035 4978
17417 10591 10367 -3742 9136 4570
18497 10114 10754 1373 6766 2665
19137 9845 9864 5130 5561 786
19138 10190 8472 6846 4919 -500
18464 9586 6613 7783 4573 -2002
18068 8602 4524 8155 5100 -3487
18171 7312 2411 8970 6057 -4223
18128 6620 1157 10706 7005 -4900
17651 6107 273 13341 7619 -6278
17725 5533 -542 16722 8335 -8663
18134 3850 -1257 21513 10258 -12289
17272 2239 -1554 29722 13599 -17834
14089 3485 -1829 32767 15520 -22739
10945 6284 -2428 32345 15769 -26012
8842 8517 -2533 26947 14996 -27993
6581 8597 -2382 19511 15012 -29282
5234 9053 -2242 12035 14526 -30983
3653 7188 -2000 5946 13305 -30916
1441 5792 -3029 2900 12914 -31080
-1290 4164 -4549 2334 10509 -28685
-3361 4853 -5811 2894 5678 -25323
-3668 6909 -5904 2635 2432 -25009
-3568 7607 -5495 800 3150 -27867
-3918 7589 -5150 -910 5252 -30249
-5448 6740 -4906 -2125 7747 -31109
-9129 7090 -5452 -3866 7475 -27877
-10902 7516 -6044 -4863 5458 -24617
-11149 9045 -5852 -5511 2335 -21811
-9730 9465 -5238 -4799 1819 -21582
-9033 9778 -4524 -3157 3406 -22360
-9162 10380 -3291 -1076 6559 -23425
-10797 11670 -2365 -255 9028 -23634
-13257 12886 -2065 -953 8699 -21240
-16064 13853 -2125 -1279 6112 -18334
-16288 15024 -1946 -861 4145 -16947
-16560 16478 -1816 315 3714 -16053
-16209 18048 -1369 1571 4652 -14852
-16490 18800 -1118 2300 5878 -13864
-17366 19536 -1285 2551 6188 -12599
-18360 20273 -1248 2744 5412 -10906
-18697 21523 -741 2791 4384 -9205
-17988 21696 -370 3472 4648 -8094
-17950 21609 104 6461 5106 -6614
-18128 22168 -144 9898 4456 -4571
-18690 23042 -512 10473 2828 -2983
-18554 24154 -965 8380 144 -1174
-17765 24534 -1510 4240 -2999 277
-15762 22132 -1458 3900 -3093 511
-14635 20517 -1867 7433 -1670 549
-14323 21037 -2759 13068 -536 1570
-14123 23007 -3599 15622 -1183 3886
-13663 25357 -4289 13390 -3386 5466
-12152 25832 -4202 9600 -4974 6087
-10857 25674 -3996 6217 -5492 6471
-9060 24998 -3559 2083 -5361 6790
-7016 22880 -2832 552 -4364 6681
-5454 20851 -2225 2241 -2204 6018
-4480 19802 -1876 4790 -451 4879
-4565 19720 -1971 6470 -171 4631
-4312 20716 -1884 5757 -1867 4820
-3524 21000 -1584 3830 -2955 4579
-3281 20695 -1429 1926 -3925 4068
-2745 19570 -1316 -327 -5135 3341
-2220 18155 -1236 -840 -5409 2460
-2261 17438 -1292 88 -4882 980
-2217 17225 -1198 561 -4028 -269
-2762 17132 -1110 -923 -3414 -691
-3128 16412 -656 -3457 -3793 -833
-2945 14589 390 -3932 -3088 -1967
-2943 13616 1504 -2594 -1062 -2803
-3472 13560 1388 -2614 37 -2521
-4129 13401 696 -3538 -282 -1807
-5082 13206 -404 -4061 -1276 -1620
-5535 11936 -1632 -3071 -2573 -1881
-6172 10650 -3217 1233 -4211 -2219
-7656 11566 -4469 6845 -5356 -2614
-9755 15939 -6075 9511 -5752 -3137
-10318 20089 -6777 6750 -5603 -3035
-10660 22265 -6744 1894 -4545 -2733
-10818 22170 -6624 -1833 -3230 -2833
-10928 20173 -5959 -4001 -1451 -2851
-10760 18460 -5004 -3676 167 -2479
-10704 17829 -4238 -2066 1093 -1803
-10686 17335 -3016 141 1334 -829
-10357 17140 -2273 893 895 -491
-10372 16989 -1809 888 162 -276
-10224 16844 -1456 489 -795 -318
-10172 16597 -1393 -11 -1673 -613
-10052 16739 -1516 -742 -2759 -1185
-9624 16840 -1408 -1570 -3447 -1625
-9330 16992 -1484 -2714 -3794 -1997
-8884 16592 -1454 -3932 -3680 -2611
-8418 15649 -1356 -3217 -2751 -2957
-8500 15424 -1470 -1137 -1364 -2807
-8692 15892 -1658 503 -217 -2592
-9493 17085 -1831 288 -236 -2110
-9617 17506 -1886 -1104 -707 -1925
-9994 17624 -2012 -2093 -1171 -1778
-9822 17461 -1941 -2983 -1671 -1815
-9700 17008 -1829 -3493 -1605 -2003
-9592 16738 -1600 -3475 -1424 -2144
-9706 16525 -1556 -3189 -921 -2365
-9823 16428 -1314 -2741 -636 -2244
-9868 16350 -1284 -2504 -338 -2205
-10208 16410 -1076 -2564 -579 -1622
-10128 16261 -854 -2422 -572 -1291
-10245 16353 -906 -2079 -655 -1301
-10062 16186 -800 -1637 -670 -1220
-10140 16058 -792 -1222 -643 -891
-9952 16054 -448 -1048 -351 -817
-10032 15874 -328 -722 -341 -537
-9890 15729 -417 -500 -486 -281
-9585 15564 -669 -365 -771 -222
-9214 15350 -660 574 -706 -342
-8914 15686 -837 1599 -379 -442
-9074 16242 -912 1706 -482 -249
-9088 16696 -1093 1275 -724 -11
-9424 17258 -1200 620 -1287 341