-8950 16675 214 1089 -588 352
-9333 16788 184 1687 -164 469
-9784 17157 80 1500 -344 691
-9814 17182 100 1077 -848 1042
-9607 16830 139 795 -1229 1233
-9460 16383 180 769 -1041 1223
-9319 15934 222 995 -512 1440
-9413 15681 294 1278 120 1427
-9744 15819 220 1309 485 1299
-10038 15648 344 1002 664 1186
-10376 15826 316 108 1078 840
-10373 15837 496 -358 948 385
-10586 15573 490 -693 591 165
-10942 15655 668 -930 123 206
-11032 15417 779 -906 -297 60
-10953 15240 742 -679 -407 334
-10941 15114 928 -684 -470 417
-10950 14450 1006 -306 -69 574
-11037 14322 905 627 90 1125
-11578 14432 518 1285 90 1829
-11541 14592 238 1500 110 2348
-11766 14774 232 1795 -62 2345
-11941 14665 529 2043 -864 2623
-10329 14418 -49 2745 -522 3181
-10264 14469 356 3397 316 2860
-10236 15725 258 3787 592 2867
-9632 15342 -84 3452 1392 2661
-10488 15713 -142 3436 1743 2890
-10410 15814 -418 3362 1473 3080
-10158 15849 -430 3500 948 3420
-10033 16026 -236 3640 540 3855
-9777 16356 -385 3775 53 4340
-9534 16369 -429 4267 486 4550
-10137 16998 -610 4978 241 4585
-10392 17393 -1014 5153 -254 4892
-10626 17800 -1218 5667 -1037 5428
-10410 18414 -1466 6355 -1721 5536
-10409 18977 -1862 7192 -2285 5556
-10462 19846 -2346 8279 -2600 5722
-10628 19256 -3560 10485 -1424 6585
-11516 20981 -4893 13488 577 8313
-10193 20950 -4773 16939 2452 10877
-9120 20624 -5298 21844 5444 14018
-8688 21096 -6133 26187 7801 17640
-8234 22038 -7040 28668 9429 19805
-8177 23304 -7448 28365 9410 21007
-7881 22673 -8326 26356 9077 21138
-7500 23498 -8606 22448 8579 21453
-6385 22958 -7882 17624 7522 21470
-6200 22148 -7949 12930 5858 21987
-5105 21080 -8093 8888 3921 22710
-3606 19116 -8124 5785 3559 22794
-2782 18100 -7732 3955 3104 23085
-1201 16294 -7098 3811 3073 22939
-133 15978 -7337 4294 3588 23001
785 15928 -8026 4700 3291 22884
1506 16266 -8216 4607 2672 22845
2221 17556 -8397 3570 2287 22342
2564 19258 -8221 1037 1570 21218
2405 21364 -8344 -3070 345 19967
2593 24200 -8293 -8898 -1479 18707
3678 25136 -7392 -15047 -2794 16873
4533 26181 -7272 -20180 -2566 15855
6306 25136 -7117 -22742 -1253 15946
7645 23938 -7013 -22218 1860 16000
8062 23034 -6737 -20106 4885 16344
8378 21748 -6714 -17785 7337 16788
8656 21309 -6344 -16351 8487 17019
8360 20744 -6134 -16916 8408 17542
8709 19701 -5262 -18775 7786 17315
9030 18397 -4476 -20799 6724 16189
9365 16657 -3524 -22868 5784 14759
10754 14289 -2628 -23599 6221 13297
11346 12961 -1790 -23861 6945 11716
12108 11736 -781 -23774 7790 9844
12884 10944 822 -23951 8863 7846
13164 10558 2216 -24781 9685 5914
12625 10370 2961 -26215 9033 3926
11945 9560 3281 -27679 6442 1647
12605 7312 4129 -27521 3544 -223
13405 5856 4408 -25332 1858 -2086
14030 4617 4562 -21687 1174 -4140
14388 3312 4826 -16454 1342 -5358
13781 3358 4334 -10891 2295 -6621
12537 3052 3742 -5754 4122 -7222
12566 4184 3014 -2501 5378 -8857
12230 4549 2354 -538 5764 -10155
11328 5914 1524 503 6214 -11513
10037 6118 690 588 6453 -12441
9140 6837 -86 -104 5926 -13575
7697 6744 -608 -541 5583 -14498
6326 6864 -956 -834 5420 -15745
4608 7028 -1062 -834 5028 -16793
3825 7130 -1100 -1061 5246 -18084
2752 6592 -1058 -1114 6321 -18842
1620 6317 -721 -1201 7840 -19318
425 5850 -273 -1315 9456 -19809
-1132 4913 -38 -984 11073 -20499
-2834 4374 -189 -87 11602 -20849
-4492 4996 -82 247 11281 -20637
-6013 5154 -114 495 10165 -20272
-7028 5505 280 981 8618 -20534
-7360 5358 457 1741 7927 -21563
-7704 5532 628 2490 7857 -22663
-8400 5869 582 2916 8221 -23267
-9846 6881 313 2881 8393 -23229
-11342 7752 98 2443 8038 -22806
-12586 8608 -17 1733 7372 -22201
-14037 9554 -416 818 6317 -21347
-15157 10276 -441 173 5295 -20657
-15516 10562 -57 341 5098 -20462
-15800 10790 458 1391 5396 -20652
-16412 11237 692 2940 6046 -20865
-17246 11968 1049 4025 6366 -21094
-18573 13289 1353 4088 5597 -21922
-19658 14265 1857 3088 3742 -23298
-19917 14038 1913 2263 1885 -24669
-19641 13970 2144 2554 312 -24453
-18812 13784 2268 3660 54 -23065
-18734 14309 2488 5170 1332 -20893
-19436 15754 2910 6702 2825 -19128
-20526 17510 3402 7049 3931 -17680
-21142 19185 4028 6869 4748 -16424
-22058 20346 4373 6195 4885 -14868
-22272 21084 4465 5777 4555 -13147
-21913 21496 4689 5596 4067 -11048
-21786 21857 4769 5752 3005 -8601
-20525 21589 4582 6126 2123 -6450
-19386 21490 4282 7439 1187 -4511
-18182 21506 4077 9224 204 -2621
-18086 21424 3305 10596 -350 -795
-17432 21581 2941 11442 -1467 539
-16521 21613 2564 11468 -2148 1058
-15253 21802 2112 10972 -2164 1133
-13988 22606 1556 10091 -1451 1488
-12728 22760 1197 8260 -916 1709
-12484 22336 684 5428 -714 1065
-11301 20866 436 3862 -1475 252
-9893 19714 58 4080 -1137 -261
-9140 19208 -300 4564 128 -507
-9564 19146 -898 5315 -56 -840
-9590 19650 -1170 5298 -341 -792
-9418 20105 -1189 4605 55 -737
-9680 20466 -1161 3121 500 -915
-9684 20452 -972 2037 282 -1284
-9505 20241 -938 966 146 -1341
-9194 19726 -222 -219 -346 -1323
-8502 19186 494 -1001 -263 -1253
-8406 18825 884 -1338 -99 -1213
-8476 18376 1076 -1250 -280 -1324
-8280 17396 1136 -580 -383 -1518
-8371 16781 1056 191 -450 -875
-8635 16560 1214 60 -965 -203
-8493 16026 1514 -423 -1632 113
-8450 15265 1580 -456 -1797 254
-8396 14790 1645 20 -1709 636
-8858 14756 1604 182 -1708 571
-9236 14743 1360 -68 -1953 548
-9669 14651 1199 -444 -2800 718
-10033 14414 957 -458 -3383 534
-10080 14298 794 -108 -3525 511
-10234 14293 554 519 -3297 451
-10617 14509 457 1088 -2846 244
-11064 14970 251 1019 -2384 138
-11508 14934 308 253 -2310 112
-11608 14668 440 -200 -2039 -48
-11644 14398 418 -244 -1791 -116
-11692 14290 557 -250 -1564 -119
-11648 14118 669 -133 -1357 -58
-11702 13852 725 154 -1257 121
-11946 13897 610 435 -1357 359
-11990 13952 716 570 -1732 805
-11947 14081 715 729 -1967 1512
-11897 14266 841 915 -2154 1675
-11821 14220 933 948 -2414 1712
-11816 14284 1014 962 -2777 1804
-11776 14448 1064 1007 -3135 1923
-11666 14390 1138 1060 -3030 1956
-11558 14421 1188 1255 -2805 1957
-11656 14561 1225 1601 -1917 1686
-11724 14700 1145 1781 -1421 1829
-11522 14776 1112 1942 -1258 1812
-11476 14993 1029 2076 -1020 1946
-11544 15160 986 2024 -1139 2014
-11166 15285 1032 1917 -1438 1967
-10868 15318 1085 1726 -1385 1932
-10788 15367 1016 1557 -1217 1831
-10732 15409 938 1409 -958 1697
-10557 15498 908 1264 -637 1582
-10396 15529 870 1062 -326 1371
-10446 15652 837 603 -109 1236
-10284 15602 946 185 63 1131
-10264 15407 931 90 421 945
-10342 15494 970 154 673 807
-10444 15446 998 178 738 644
-10612 15586 1072 133 388 546
-10618 15469 1089 6 -302 736
-10478 15265 945 -228 -924 739
-10422 15212 973 -326 -1230 764
-10257 15222 929 -559 -1299 776