-9912 14677 1236 2241 790 4153
-8580 14333 116 2763 1363 3865
-9378 14932 366 2754 2943 3418
-9364 14866 72 3640 2520 3348
-9441 15286 -20 4125 3186 2789
-9334 15590 -89 4550 2901 2593
-9403 16037 -419 4017 2430 2586
-8985 16077 -506 4031 2088 2463
-9169 16305 -800 4206 2427 2552
-9274 16728 -862 3679 1846 2750
-8925 16697 -992 3151 1533 2832
-8759 16837 -1081 2699 1763 2424
-8688 16824 -1121 2390 1798 1960
-8460 16624 -1158 2244 1846 1790
-8385 16662 -1260 1997 2243 1686
-8468 16792 -1381 1614 2551 1602
-8456 17010 -1330 1172 2566 1478
-8452 17060 -1386 659 2121 1256
-8316 16824 -1360 308 1627 1099
-8254 16896 -1508 91 1223 1056
-8052 16766 -1488 -363 935 1062
-7876 16609 -1456 -624 1042 1072
-7892 16649 -1438 -730 1072 1071
-7611 16257 -1468 -180 1485 938
-7831 16271 -1608 668 2045 907
-7939 16442 -1790 1071 2758 1195
-8105 16662 -1932 1317 3306 1535
-8632 16996 -2097 1169 3243 1912
-8861 17176 -2170 1031 2885 2210
-8936 17334 -2296 750 2845 2331
-9056 17470 -2258 380 2684 2572
-8936 17573 -2296 29 2513 2899
-8972 17736 -2092 -215 2654 3276
-8620 17609 -2074 197 3032 3650
-8797 18108 -2049 1033 3440 4033
-8882 18777 -2822 1482 3180 4629
-8754 19904 -3472 1710 2709 5669
-10965 20171 -4827 2458 1886 7412
-11432 21102 -5380 3524 1074 10374
-11754 21521 -5157 4706 -9 13199
-11452 21784 -4950 5684 -229 15105
-11308 22417 -4168 6895 -327 16697
-10665 23249 -3862 7910 -234 17419
-10388 24025 -4160 8062 417 17250
-9840 24741 -4520 7772 960 17396
-9301 26530 -4852 6049 1299 17612
-8521 26832 -4965 3598 1324 18125
-7193 26652 -4816 1638 1934 18587
-6558 26324 -4538 401 2416 18779
-5125 24996 -4298 -193 3453 18519
-3902 24760 -4508 -741 4870 17342
-2446 24627 -4586 -2319 5443 16446
-2242 25358 -5622 -4541 5625 15679
-1526 24948 -5761 -6672 5305 15636
-662 24268 -5608 -9049 5643 15631
472 22476 -5018 -10714 7059 15233
855 20955 -4469 -11712 8372 15292
956 19795 -3148 -13029 9038 15486
1082 19266 -1901 -15172 8493 15658
1358 18528 -774 -16749 7487 16082
2005 17442 184 -17596 6486 16248
3262 15988 1176 -17513 5750 16603
4672 14737 2126 -16486 5446 16836
5506 13878 2502 -14760 5059 16827
6188 13336 2848 -13540 4855 16769
6499 13050 2966 -12335 4393 16914
7428 12048 3336 -10587 3118 16602
8265 11222 3565 -9112 2416 15764
9345 10330 3749 -7460 2462 14878
10165 9904 4245 -6409 3065 13796
10564 9828 4580 -6126 3617 13080
10918 9479 4942 -6173 4369 11750
11054 8974 5110 -6465 4694 9728
11797 8017 5285 -5885 5124 7784
11996 7105 5254 -4445 5690 5250
11960 5958 5253 -2116 5952 3294
11936 4977 5591 2177 6547 640
12874 5054 5309 6230 7044 -1852
13256 5201 4522 8160 6703 -3028
12961 4773 3253 10206 5723 -4292
11728 4032 2012 12440 4492 -5455
11276 3960 520 15567 2326 -7248
10901 4393 -913 18182 1359 -9883
9625 5913 -2149 18645 2107 -12426
8404 7712 -2837 16802 2948 -14515
7392 8910 -3876 14258 4756 -16009
5380 9804 -4784 10696 6278 -17569
3804 10392 -4698 6335 7466 -18311
2048 10176 -4771 2678 8429 -18485
229 9770 -4793 -131 7927 -18142
-735 8553 -4258 -1024 7018 -18070
-1718 7770 -3894 39 6291 -18902
-2489 7350 -3802 2278 5625 -20328
-4109 7862 -3954 5228 5055 -22611
-5689 9232 -3712 6670 4483 -23967
-7353 10448 -4906 6531 4573 -24214
-8696 11956 -5016 5187 3662 -22936
-9125 12936 -4764 2985 3528 -21999
-9152 13122 -4158 1171 4330 -22015
-10002 12966 -3482 33 5033 -22544
-11720 13739 -3050 -348 5609 -23620
-12516 14513 -2420 -594 5717 -23610
-13264 15165 -2037 -678 6012 -22687
-13489 15390 -2037 -488 7135 -20900
-14356 15177 -1577 384 8471 -19058
-14232 15534 -1556 1928 10024 -18258
-14709 14223 -2228 5333 11299 -18257
-15442 14190 -3240 8462 11622 -17451
-16000 15526 -4670 10082 11029 -16354
-16952 17884 -5508 9854 9353 -14493
-17403 19364 -6101 7617 7596 -11797
-17660 20517 -5817 5785 6097 -9215
-17270 20657 -5278 4987 6028 -8656
-17137 20522 -4736 5155 6480 -8451
-16874 20945 -4224 5151 7153 -8326
-16652 21490 -3560 3899 7373 -7768
-16305 21821 -3166 2472 6639 -6996
-16234 21897 -2972 1781 5364 -6429
-15565 21239 -2781 2138 4001 -5744
-15300 21156 -2948 3147 3160 -5238
-15319 21532 -3131 4375 2058 -4437
-15026 22004 -3138 5434 326 -3003
-14799 22341 -3412 6053 -609 -1967
-14297 22470 -3780 6120 -2384 -864
-13463 22259 -3853 5862 -3360 -63
-11460 21409 -3917 5839 -3871 810
-9631 21031 -4072 6104 -4559 1197
-8514 20818 -4680 6098 -5477 1221
-7277 20648 -5250 5706 -6820 1433
-5613 19898 -5534 5643 -7810 1761
-4551 19484 -5815 5888 -7871 1880
-4057 19314 -5912 6014 -7222 1923
-3876 19308 -5932 5804 -6480 1954
-3808 19606 -5723 4965 -5391 1849
-3857 19461 -5386 3578 -3929 1544
-3889 19230 -5296 2378 -3155 1267
-3933 18832 -4854 1268 -2470 969
-4265 18401 -4438 387 -1970 748
-4144 17746 -3994 -260 -1155 636
-4618 17142 -3344 -353 -105 169
-4936 16352 -2890 -1 686 -88
-5322 15751 -2780 822 728 -66
-5634 15421 -2978 1679 87 100
-6210 15356 -3260 2492 -1571 462
-6831 15695 -3251 2237 -3551 274
-7508 15802 -3522 1519 -4384 -116
-7892 15983 -3718 867 -4684 -552
-8482 16027 -4228 219 -4545 -859
-8812 16123 -4688 -76 -4188 -732
-8956 15954 -5004 323 -3633 -384
-9017 15719 -5056 1321 -2641 8
-9104 15728 -4958 2107 -1893 362
-9224 15836 -4962 2359 -1411 568
-9320 16011 -4837 2152 -1088 701
-9362 16008 -4754 1690 -867 649
-9436 16094 -4674 900 -1078 489
-9255 15861 -4542 -202 -1327 438
-9228 15762 -4394 -1141 -1330 286
-8577 14833 -4157 -953 -208 422
-8661 14680 -4034 404 876 328
-8983 15059 -4226 1551 1439 169
-9220 15417 -4370 1778 1658 -8
-9492 15885 -4550 1230 1657 -112
-9566 15986 -4602 482 1341 -414
-9628 16073 -4466 -490 814 -801
-9295 15720 -4390 -1105 371 -1266
-9457 15344 -4038 -1397 56 -1516
-9336 15224 -3996 -1183 -604 -1440
-9439 15081 -4107 -854 -943 -1536
-9412 14953 -4094 -73 -971 -1470
-9596 15192 -4134 426 -933 -1420
-9720 15364 -4192 631 -908 -1465
-9977 15440 -4282 628 -806 -1325
-10040 15593 -4356 526 -929 -1191
-10072 15561 -4420 432 -1192 -1068
-10027 15570 -4478 351 -1557 -798
-9842 15468 -4500 461 -1672 -621
-9875 15479 -4552 785 -1646 -517
-9882 15494 -4576 1052 -1480 -389
-9773 15536 -4598 1257 -1125 -221
-9712 15556 -4658 1424 -523 -67
-9627 15584 -4673 1395 -53 36
-9486 15514 -4561 1225 174 212
-9320 15476 -4529 1127 291 287
-9330 15378 -4466 1075 228 246
-9077 15372 -4431 905 108 146
-9144 15459 -4501 641 -107 30
-9072 15492 -4604 333 -333 -56
-9101 15548 -4605 45 -455 -166
-9032 15270 -4628 -74 -355 -160
-8927 15163 -4694 102 34 -11
-9129 15446 -4730 201 486 -41
-9258 15397 -4762 -37 789 -111
-9378 15464 -4844 -25 877 8
-9409 15395 -4899 -255 796 -52
-9342 15127 -4863 -479 889 -193
-9346 15126 -4745 -422 801 -269
-9252 14876 -4736 -271 874 -321
-9288 15031 -4796 -188 967 -293
-9436 15073 -4830 -340 941 -333