-12154 11518 -10980 -5677 -353 5793
-11821 11380 -10822 -5782 -75 6027
-11594 11377 -10592 -5902 338 6100
-11343 11203 -10470 -6036 718 5968
-11264 11240 -10319 -6213 972 5781
-11190 11213 -10281 -6407 1111 5580
-11156 11224 -10260 -6559 1176 5382
-11014 11338 -10220 -6744 1422 5125
-10801 11464 -10140 -6853 1891 4800
-10663 11706 -10095 -7010 2380 4496
-10487 11872 -9939 -7302 2877 4222
-10354 12015 -9725 -7777 3377 4013
-10178 12100 -9502 -8346 3799 3820
-9932 12006 -9216 -8719 4139 3651
-9710 11876 -8918 -9036 4626 3444
-9492 11806 -8529 -9293 5128 3136
-9300 11801 -8333 -9438 5509 2950
-9118 11858 -8177 -9500 6025 2808
-8961 12041 -7987 -9397 6685 2648
-8865 12231 -7862 -9452 7193 2461
-8614 12298 -7730 -9623 7625 2390
-8459 12438 -7625 -9798 8057 2257
-8306 12430 -7453 -10031 8358 2076
-8139 12443 -7338 -10441 8485 1714
-7845 12389 -7150 -10926 8582 1458
-7447 12226 -7058 -11313 8907 1241
-7109 12166 -6821 -11557 9329 1014
-6792 12255 -6427 -11899 9729 632
-6542 12353 -6010 -12421 10048 37
-6192 12192 -5601 -13051 10182 -695
-5884 12028 -5208 -13621 9937 -1658
-5965 12105 -4932 -13687 9591 -2457
-6143 12761 -4694 -13887 9212 -3124
-6200 13006 -4668 -13988 8863 -3508
-6150 13098 -4609 -13848 8677 -3585
-5905 13074 -4504 -13187 8608 -3422
-5854 13301 -4391 -12036 8586 -3363
-5694 13768 -4041 -11190 8450 -3537
-5977 14542 -4107 -10950 8132 -3987
-6281 15358 -4140 -11405 7357 -4557
-6462 15886 -4466 -11761 6479 -4765
-6476 16175 -4802 -11343 5654 -4486
-6439 16422 -5160 -9961 5469 -3873
-6600 17034 -5118 -8477 5580 -3331
-6980 18316 -4888 -7530 5765 -3145
-7373 19545 -4650 -7992 5680 -3179
-7412 19797 -4469 -8920 5328 -2995
-7528 19870 -4286 -9324 4764 -2587
-7358 19752 -4214 -9053 4132 -2001
-7220 19299 -4051 -7697 3195 -937
-6867 19308 -3954 -5398 3376 -501
-7205 19804 -3609 -3831 3080 -152
-7380 20312 -3265 -3403 2886 -141
-7530 20489 -2934 -3651 2696 -182
-7411 20369 -2313 -4433 2288 -15
-6914 20000 -1602 -5719 1954 277
-6694 19435 -816 -6815 1422 587
-5804 18677 -332 -7354 1333 562
-5593 18386 112 -7757 860 462
-5247 18105 534 -8299 384 173
-5032 17730 774 -8825 93 -450
-4861 17643 1013 -9303 -496 -1375
-4604 17132 1190 -9878 -1284 -2666
-4340 16374 1512 -10139 -1657 -3596
-3971 15356 1494 -10001 -1068 -4195
-4412 15174 1305 -9448 -156 -3620
-5670 16073 576 -8791 570 -2800
-7261 17425 320 -8360 -65 -1298
-7749 18560 192 -7514 244 -89
-8674 19217 -37 -5688 1588 446
-10232 20516 -725 -4097 2741 1899
-12308 21977 -1365 -2561 2605 4973
-15059 22981 -2211 34 1508 10100
-17199 25479 -3363 3311 -231 16257
-19287 27941 -3963 4387 -1551 19952
-20920 30341 -4086 3576 -2591 23469
-19189 29925 -3165 3762 -2457 26896
-17352 29458 -2718 5488 -619 29894
-16668 29442 -1998 6638 -370 32034
-14130 27894 -1000 7241 677 32767
-12203 26586 -344 6401 3191 32767
-9805 23561 230 3513 5022 32767
-8922 21246 341 553 5509 32767
-6867 18174 1039 -1886 4822 32767
-4964 15666 857 -3626 4587 32767
-3010 13350 708 -4433 3894 32587
-328 11634 109 -4825 3086 31380
1108 9932 -548 -4035 1893 29719
3071 8939 -1020 -3702 1712 28654
4650 9005 -1965 -4577 1794 27387
6568 8612 -1990 -6171 1630 26861
7713 8498 -1970 -7565 1844 25892
9148 7790 -1330 -8354 1661 24691
9945 7337 526 -9998 1814 23204
9418 6462 268 -9458 1340 22411
8675 6195 -1019 -9226 2876 20566
8458 4891 -94 -9552 4554 17991
8934 4344 1034 -9890 4286 14658
9598 3981 2006 -9456 3607 12218
9875 3310 2805 -7300 3792 10276
10523 3763 3152 -4714 5437 8798
10557 5669 3645 -3592 6093 7201
10957 7633 4627 -4711 5884 5953
10600 10364 5536 -7511 3812 5345
12257 11909 6999 -9810 726 6207
15316 12764 8678 -9110 -705 6432
17880 13056 10076 -6439 -824 5890
18905 13866 11468 -1955 -798 4454
18388 14797 12704 2745 -1414 2889
18284 14934 12850 5001 -1789 2140
18234 14598 12506 6583 -2049 1637
19078 14253 11986 7183 -1866 1337
19240 12997 10928 6326 -1607 660
19929 10832 9411 5249 -983 -65
20338 8946 8314 5093 -380 -624
19902 8031 6821 5063 141 -1644
19084 6848 5202 5322 99 -3004
18765 6232 3800 5822 -95 -4621
18051 5734 2336 6535 105 -6552
17092 5148 1060 7271 1024 -8793
16084 4714 88 8010 2424 -11121
14957 4369 -630 8320 4144 -13472
13766 4432 -808 8002 5628 -15429
12171 5153 -738 5983 7579 -17739
10394 5180 -542 3075 9507 -20090
8789 4341 -349 997 10898 -22133
6736 3273 -167 -104 11565 -24091
5544 1920 -166 153 12094 -25884
4035 1001 55 1781 12500 -27569
2341 658 378 4883 13046 -29996
381 -230 616 8825 13944 -32485
-2718 -485 370 12562 12945 -32768
-4986 -1135 257 16095 10384 -32768
-6780 -148 234 18321 7355 -32768
-8422 1285 288 15604 5898 -32768
-7999 1560 -296 8949 7862 -32768
-9308 688 -2280 1763 10670 -32768
-11284 -1149 -4140 -1967 11926 -32768
-13242 -2983 -6304 -1855 12100 -32768
-16778 -3061 -7851 1813 9288 -32768
-19721 193 -8633 4774 7017 -32768
-22756 4089 -8885 4895 4219 -32768
-23676 7214 -8608 3516 2415 -32768
-24320 10146 -7651 1514 3162 -31896
-25453 12497 -6785 842 6006 -29206
-25585 13874 -6681 1845 8423 -26627
-26743 16049 -7120 3698 9358 -21723
-27794 18222 -6592 5464 8001 -15812
-28090 19645 -5432 6713 6225 -11897
-27512 20578 -4013 8104 4458 -8735
-26096 21613 -2811 9049 3182 -6267
-25408 22453 -2726 9107 2492 -4685
-24645 23141 -2982 8936 1554 -3107
-23749 24362 -3124 8450 385 -1510
-21966 24976 -3079 7146 -661 -304
-19449 24033 -3312 8319 -262 654
-17556 23786 -3987 11217 256 1148
-15893 23682 -4348 13319 705 1656
-14937 23930 -4257 13407 1075 1967
-14174 24288 -4033 11384 839 2163
-12533 24232 -3474 7217 87 2275
-11464 23482 -2690 3206 -1139 1889
-10642 22110 -2374 119 -3022 1412
-10287 20700 -1859 -1084 -4860 1267
-9137 18981 -1225 54 -4052 636
-9008 18409 -806 1871 -2908 67
-8670 18144 -737 3085 -1296 -336
-8774 18464 -564 3167 -215 -434
-8930 18473 -426 2341 414 -541
-8951 17728 -23 287 1174 -972
-9424 16389 -90 -1300 1210 -1685
-9655 15222 -203 -1355 457 -2055
-10148 14749 -829 -785 -1199 -1873
-10547 14265 -1386 154 -3484 -1137
-10818 13946 -1848 1124 -4968 -545
-11072 13787 -2289 2094 -6142 -78
-11177 13972 -2881 2738 -6630 355
-12189 14499 -3396 2020 -6892 -454
-11579 13863 -3679 1457 -5574 243
-11686 13691 -3726 1564 -4914 509
-11711 12911 -3828 2124 -4060 647
-11737 13105 -3707 2253 -2980 461
-11764 12817 -3430 2631 -2850 783
-11928 12959 -3301 2936 -2727 801
-11878 13085 -3149 2932 -2861 567
-11825 13426 -3154 2489 -2792 221
-11565 13570 -3116 1493 -2608 -264
-11456 13441 -2946 1312 -2394 -306
-11121 13214 -2798 1418 -1896 -566
-11047 12849 -2773 1849 -1004 -1045
-11071 13043 -2646 2091 -568 -1409
-11282 13276 -2366 1799 -480 -1678
-11620 13355 -2473 1295 -896 -1863
-11663 13596 -2630 444 -1597 -2049
-11670 13672 -2852 -55 -2291 -2023
-11490 13800 -2986 63 -2527 -1708
-11754 14104 -3017 158 -2075 -1635
-11786 13862 -2960 730 -1171 -1351
-12328 14072 -3153 1337 -487 -1087
-13090 15124 -3158 1627 311 -1044