-3971 19666 -1191 -8283 -3922 14441
-3270 19268 -678 -7787 -3003 14440
-3630 19696 -423 -7610 -2564 14092
-2957 19003 -17 -7716 -2454 14023
-2639 18680 143 -7908 -1758 14040
-1920 17947 442 -8054 -1376 14248
-1772 17567 301 -7340 -860 13986
-1325 17398 362 -7171 -1400 14262
-620 16682 595 -6598 -1765 14693
-244 16512 568 -5601 -1839 14746
550 15776 1137 -4941 -2271 14807
1658 14786 1409 -3834 -1276 14121
2116 13919 1544 -2802 -726 13316
2535 13582 1408 -1728 -422 12823
3023 13434 1526 -1301 -795 11977
2806 13690 1652 -1163 -848 11093
2902 13814 1888 -1355 -1291 10494
3388 13660 1978 -1441 -933 9949
3197 13398 1775 -655 -281 9536
3424 13701 2003 527 -67 9301
3724 14098 2132 1849 628 8971
3893 15004 2294 2388 1102 8738
4061 15887 2462 2231 1493 8236
4482 16032 2697 2159 1638 7968
4950 16009 3014 2477 1912 7777
5100 16437 3018 3152 2103 7432
5082 17048 3057 3388 1812 7285
5488 17877 3137 3092 1613 7429
5218 19392 3182 2387 1179 7663
5719 19836 3536 1880 687 7884
5933 20370 3567 1941 643 8469
6407 20600 3154 2075 341 9469
7205 21201 2864 1188 569 10376
8668 21071 3544 1291 259 11052
9580 21490 4389 1224 247 11665
10799 22018 5397 147 255 11754
11577 21386 6325 -756 -191 10786
12225 20497 6390 -1257 210 10037
12702 19714 5982 -1375 852 10106
12610 19100 5206 -1793 1731 10267
12248 18708 4676 -2456 1957 10508
12272 18012 4436 -4442 1707 10735
12839 16222 4403 -6783 -101 10400
13810 14240 4348 -6882 -1271 9955
14452 12610 4206 -5772 -1895 9060
14742 11304 3985 -3653 -2399 7840
15578 10726 4076 -1842 -2014 6725
15218 10342 4107 -1136 -1853 5867
15788 9157 3814 -1090 -1227 4524
15826 7363 2455 -247 1171 2349
14027 5931 1096 1142 3445 -968
12776 4990 -73 2714 4203 -4370
11366 5442 -630 3018 4673 -8119
11402 5577 57 3673 3559 -10697
10572 5142 646 5209 2148 -12401
9813 4869 593 7303 1007 -13654
9115 4568 487 9605 946 -15853
7698 5042 262 10352 2426 -17799
6308 5502 0 9329 4096 -18696
5393 5816 281 7346 6500 -20611
3570 5764 197 5084 7394 -22296
2310 5040 268 4044 7843 -23552
843 4400 253 3638 7969 -25266
-1388 3236 -374 4943 8004 -28767
-3882 1895 -1576 8547 7642 -31887
-6989 1825 -3142 11571 6812 -32768
-8761 2702 -4256 13145 5523 -32768
-10245 4329 -5406 12672 4759 -32768
-11665 6022 -6234 11073 3745 -32547
-13213 8118 -6951 8381 2610 -29828
-16025 11231 -6997 4759 495 -27195
-16448 14130 -6158 1012 499 -26714
-17349 15777 -5592 -630 2765 -26814
-18336 16284 -5368 220 4539 -26260
-18648 16262 -5117 2851 6026 -24698
-19272 17932 -4900 5496 7224 -22935
-19978 20520 -4558 8027 8336 -20687
-19782 24060 -4015 9236 9584 -18422
-20133 25925 -3732 9086 9862 -16501
-19804 27451 -3388 8484 9395 -14114
-19328 28893 -2948 7541 8780 -11597
-18516 30034 -2395 6304 7951 -9242
-17044 30860 -1997 4826 7205 -7182
-16324 31042 -1776 3939 6640 -5581
-15536 31066 -1758 2743 5424 -3467
-14168 30242 -1562 2088 3997 -1228
-13402 28740 -1804 2963 3245 -96
-12014 27019 -2142 5112 2447 974
-10593 25668 -2458 7669 2311 1973
-9869 25074 -2808 8792 1941 2728
-8917 24333 -3029 8521 1537 3449
-7960 23786 -3025 5837 731 4065
-7552 22940 -3222 1771 -347 4435
-6920 22024 -3214 -1577 -1696 4637
-5804 20587 -2836 -4609 -2979 4746
-4710 18709 -2546 -5883 -3208 4171
-3711 16839 -2335 -4602 -2615 3288
-3318 15956 -2296 -2462 -1960 2424
-3467 15724 -2387 -273 -1515 1767
-3818 16244 -2570 1122 -1549 1356
-3997 16770 -2566 960 -1904 1286
-4198 17073 -2361 -207 -2403 1167
-4199 17001 -2098 -2159 -2951 969
-4359 16321 -1953 -3984 -3350 660
-4621 15222 -2158 -3870 -3824 211
-4492 14457 -2430 -1917 -3777 -273
-4911 14369 -2853 705 -3403 -621
-5393 14800 -3286 2479 -3339 -675
-6172 15620 -3941 3201 -3234 -943
-7269 16488 -4799 2686 -3548 -1339
-7430 16972 -5168 1397 -3824 -1412
-7487 17173 -5418 -104 -3591 -1270
-7250 16686 -5413 -1347 -2912 -1071
-7407 16218 -5555 -1683 -1974 -1020
-7320 15668 -5474 -1423 -1028 -1248
-7054 15234 -5326 -884 180 -1518
-7065 15237 -5094 -583 1325 -1698
-7098 15322 -4609 -911 2072 -1936
-7032 15276 -4256 -1649 2493 -2304
-6866 15140 -3670 -2544 2691 -2682
-6698 14973 -3174 -3497 2739 -3104
-6776 14936 -2692 -4269 2466 -3678
-6810 15009 -2278 -4998 2051 -4406
-6900 15150 -1974 -5490 1642 -5070
-6614 14993 -1721 -5265 1769 -5558
-6733 15060 -1525 -4598 2093 -5915
-7987 15800 -1983 -3726 1967 -6299
-8452 16613 -2017 -3271 1038 -6298
-8865 17327 -2204 -3280 501 -5910
-9323 17867 -2303 -3380 -281 -4812
-9214 18020 -1984 -3387 -870 -3888
-9124 17768 -1780 -3084 -813 -3617
-9096 17533 -1587 -2473 -595 -3304
-9139 17196 -1408 -1486 -129 -3002
-9240 17058 -1280 -716 192 -2815
-9664 16971 -1245 -142 97 -2551
-9749 16949 -1179 -76 -474 -2116
-9956 16820 -1212 -100 -748 -1932
-10131 16681 -1288 -73 -1182 -1745
-10140 16500 -1276 -11 -1629 -1609
-10121 16227 -1336 223 -1809 -1576
-10179 15859 -1358 904 -1629 -1660
-10993 16017 -1762 1492 -1785 -1589
-11301 16320 -2084 1439 -2429 -1299
-11283 16562 -2195 862 -2924 -892
-11157 16624 -2208 145 -3123 -791
-11291 16382 -2436 -239 -3048 -956
-11227 16043 -2643 -231 -2840 -1012
-11337 15817 -2778 94 -2601 -940
-11325 15573 -2837 581 -2356 -806
-11442 15570 -2789 961 -2075 -606
-11567 15796 -2564 538 -1874 -375
-11415 15738 -2156 -360 -1801 -127
-11222 15734 -1772 -1136 -1701 -22
-11033 15395 -1340 -1739 -1718 53
-10572 15119 -716 -2413 -1949 80
-10245 14962 71 -2975 -2183 -212
-10177 14831 535 -3195 -2276 -659
-10308 14954 919 -3358 -2539 -1135
-10702 15378 929 -3200 -3099 -1402
-11053 15489 593 -3086 -3740 -2139
-11503 15285 -94 -1243 -4295 -1571
-11474 15668 -638 292 -4393 -1259
-11604 15725 -1034 1374 -4374 -973
-12032 15668 -1364 2670 -4144 -417
-11715 15883 -1850 3044 -3954 -171
-11490 15873 -2184 3125 -3579 273
-11330 15783 -2274 2686 -3140 553
-10963 15253 -2442 1836 -2422 817
-10352 14628 -2683 1657 -1554 951
-10068 14440 -2650 1699 -1027 905
-9913 14414 -2624 1641 -685 802
-9757 14356 -2614 1490 -528 659
-9754 14304 -2657 1429 -434 433
-9599 14426 -2835 1621 -269 443
-9709 14610 -2812 1578 -40 372
-9777 14712 -2814 1536 333 336
-9670 14852 -2701 1605 980 233
-9728 14940 -2837 1567 1429 332
-9704 14940 -2798 1405 1564 511
-9546 14942 -2689 1212 1705 476
-9452 14868 -2526 997 1823 426
-9240 14680 -2265 722 2096 290
-9449 14598 -2190 584 2205 28
-9273 14733 -2105 322 2312 -191
-9313 14772 -1963 -131 2758 -702
-9719 14840 -1834 -26 2955 -800
-9872 15236 -1716 -298 3122 -977
-10240 15149 -1501 -267 2879 -861
-9628 15164 -1100 -283 3522 -1243
-10152 14926 -1094 550 3128 -944
-10218 15148 -1177 165 3442 -1002
-10357 15312 -1106 -250 2921 -1069
-10789 15610 -994 -153 2565 -934
-10733 15542 -1058 -326 2491 -990
-10905 15668 -975 110 2022 -680
-11077 16032 -993 211 1712 -475
-11212 16144 -992 142 1187 -383
-11068 15865 -1165 251 921 -340
-10838 15560 -1350 529 969 -271