-7361 16891 -980 934 189 432
-7102 16749 -1065 1280 54 420
-6964 16738 -1069 1663 42 376
-6837 16868 -1129 1797 95 263
-6728 16929 -1144 1770 313 -12
-6677 16973 -1224 1612 601 -291
-6761 17229 -1257 1294 842 -723
-6926 17306 -1312 825 833 -1069
-6996 17472 -1219 330 767 -1213
-7221 17349 -1160 52 948 -1406
-7050 17628 -1027 40 890 -1561
-7584 16366 -1048 469 941 -876
-7168 17188 -1222 788 2153 -65
-7262 16192 -865 2091 4291 796
-7771 17366 -906 2454 5684 1466
-7632 17544 -1053 3569 6610 1917
-7494 17926 -1759 4136 7134 2430
-8604 19658 -2028 2320 6183 3061
-6593 18184 -2134 1187 5199 2089
-7761 17471 -2270 402 4248 1251
-7937 16764 -1951 605 2659 249
-7142 16333 -2754 1824 2226 843
-7484 16392 -2638 2885 1705 1541
-7328 16201 -2598 3573 1227 1835
-7278 16487 -2686 4415 243 1783
-7138 16570 -2712 4673 -615 1533
-6986 16749 -2811 4515 -1280 1388
-6790 16882 -3052 4417 -1861 1479
-6576 17281 -3518 4773 -1380 1544
-6965 17499 -3900 5014 -1352 2008
-6981 18009 -3954 5206 -1488 2456
-6523 18327 -3983 5467 -1191 2577
-6497 19067 -3955 4879 -1046 3017
-6383 19206 -3947 3553 -1432 3147
-6497 18816 -4247 2421 -2164 3570
-6045 18588 -4708 2319 -2765 3766
-5659 18686 -4750 2697 -2924 3845
-5412 19261 -4665 2699 -3053 3994
-5294 19533 -5106 2493 -2639 4112
-5371 20265 -5038 1599 -2184 4348
-5076 21432 -4778 -387 -1989 5009
-4933 23245 -5065 -2621 -2389 6157
-5592 27267 -5166 -6781 -3979 9776
-7615 32012 -6462 -14383 -9497 18375
-7454 32767 -6925 -22215 -16205 27134
-6842 32767 -5020 -26579 -21732 32257
-4114 32767 -1868 -23194 -23563 32767
-2502 32457 -461 -15288 -20084 32767
-1892 30247 -74 -4613 -15444 32767
-3273 30384 -1320 2282 -11632 32767
-3823 28344 -2377 4477 -7618 32767
-4424 25852 -3122 5084 -4029 32767
-4572 23907 -3931 547 -2523 32767
-4857 20359 -2949 -6116 -3711 32767
-3680 15144 -2096 -6958 -4354 32727
-1896 11318 -1905 -6478 -3848 32097
-623 8412 -1430 -6002 -3286 30551
193 6162 -839 -5279 -2558 28623
1954 5214 -685 -5486 -1209 26216
2404 3954 -317 -5546 -139 24119
3174 2057 37 -3774 -230 24042
5432 2030 -88 -1443 1031 22686
5664 3480 -478 1802 1352 18747
7621 5099 -1121 304 3347 12529
7930 5682 -672 -930 4510 9848
8258 6594 -124 -822 3869 8787
8890 7968 -486 -1733 521 7009
10723 9032 123 -2878 484 6212
13188 10301 1105 -4414 794 5851
14358 12376 2224 -4960 1061 6063
16153 14000 2589 -5791 1212 6014
17908 14858 2838 -6048 2545 6237
18517 15462 3237 -5695 3644 6277
19201 15173 3365 -4318 4475 6559
18546 14844 3184 -3268 4457 6682
18117 13458 2876 -2093 3277 7853
18744 13035 2747 -963 2384 8805
18900 12864 2928 -618 1676 9434
19761 12185 2983 -489 1836 9596
20228 10484 3249 -639 2408 9276
20768 7312 4758 -770 3503 9072
21354 4428 5602 0 4897 8269
22290 2102 6119 848 5554 7004
22433 610 5922 1292 4391 4963
22417 -636 5363 2004 1592 1758
21457 -1958 4689 4156 -1094 -1090
20450 -2576 3322 6919 -2355 -3770
19962 -2285 1970 9939 -2592 -6683
19245 -1069 212 12036 -2243 -9755
17406 612 -2586 13337 -846 -13717
14400 1949 -5613 13483 1394 -17629
12618 2492 -7221 12882 2977 -19982
10698 3133 -8557 11248 5966 -22287
8213 3881 -9009 8731 8262 -23506
5962 4862 -9112 5970 8957 -23833
3561 5542 -9299 2849 8652 -24549
292 5578 -10574 1687 7482 -25783
-1472 6009 -10841 1986 5393 -25742
-664 7292 -10081 2151 6758 -26058
-931 10355 -7852 495 9969 -26938
-1766 13496 -5525 -4930 13328 -28517
-3144 14526 -4300 -9970 14852 -29356
-5756 15380 -2641 -17922 14205 -27522
-6957 13790 -664 -23593 11110 -22731
-5971 9259 1068 -19350 9398 -20653
-4573 5475 2347 -6980 9138 -21035
-5211 5828 2033 6113 9492 -22186
-6708 9183 1195 12561 9023 -22500
-7520 11449 398 12315 8382 -21774
-7941 13137 -304 9005 8221 -20875
-7830 14102 -738 5229 8351 -19773
-7235 13923 -1062 1420 10084 -18299
-7800 13170 -984 -807 11011 -16724
-8129 12905 -756 -87 11112 -16560
-9024 14542 -94 935 10684 -16811
-10424 16335 630 1210 10096 -17278
-10342 17828 1569 859 10325 -16512
-11090 18868 1798 925 11262 -15374
-11339 18676 1794 2778 12066 -13516
-11930 20621 2392 5240 12777 -12024
-13068 22410 2689 6353 13582 -11810
-13140 23736 3605 5460 13399 -10824
-12362 23574 3177 4347 16192 -8571
-11870 24032 2078 5005 19666 -6065
-12092 24183 1066 8391 22882 -4806
-12752 26772 775 11246 23302 -4460
-14230 29014 548 10978 17951 -4028
-12529 28242 1109 9232 9353 -4003
-10042 26760 1138 9110 5147 -2284
-7934 27314 1522 9132 4091 -1830
-7743 28204 1157 7690 3193 -2141
-7108 27346 506 6190 2178 -2085
-5804 24918 -107 6943 1152 -1449
-4670 22780 -696 8805 -191 -631
-3040 21922 -887 9898 -1532 -323
-1900 21886 -794 9657 -3089 -1133
-2172 22515 -764 6752 -5811 -2368
-1872 21957 -572 563 -10330 -4984
-305 19635 -953 -5502 -14225 -8056
2525 15850 -1235 -7736 -13366 -10545
3872 13390 -1614 -6027 -8806 -10825
2371 14516 -1321 -1771 -3199 -10198
-278 17170 -881 1185 -54 -10134
-2330 20154 -249 68 -323 -9858
-3737 21353 425 -2325 -1337 -9720
-4572 21212 701 -3609 -2002 -9467
-5365 21296 774 -3753 -2592 -8625
-5898 20994 735 -3021 -2425 -7427
-6434 20598 658 -1647 -1950 -6581
-7163 20571 560 -377 -2001 -5388
-7924 20048 28 633 -2801 -3907
-8430 19559 -604 1281 -3646 -2312
-8446 19024 -1070 2183 -3627 -1164
-8964 19284 -1594 2641 -3450 -369
-9344 19156 -2018 2863 -3477 398
-9288 18510 -2499 2970 -3582 1126
-9039 17912 -2749 3418 -3579 1577
-9172 17873 -2668 3114 -3708 1360
-9494 18085 -2135 1472 -4366 887
-9666 18004 -761 -1022 -5440 -56
-9592 18019 512 -4085 -8124 -1452
-10037 17293 617 -8864 -16867 -2675
-9084 15126 410 -10777 -22658 -2407
-7584 12529 437 -9265 -23489 -1946
-6448 12540 100 -3262 -18491 -1309
-7887 16655 -657 165 -10698 -1752
-9428 19014 -702 -1940 -7250 -2486
-10015 19463 -513 -5721 -5887 -2985
-9830 18264 34 -8419 -5151 -2952
-9674 17130 548 -8425 -4744 -2689
-9865 16598 1002 -7271 -4723 -2133
-9250 16309 1127 -5078 -3701 -1829
-9625 16773 1428 -3228 -2911 -1388
-9498 16758 1568 -2279 -2248 -1100
-9684 16812 1553 -1811 -1560 -884
-9949 16996 1620 -1837 -1510 -624
-9841 16637 1836 -2131 -1368 -388
-9509 16252 2113 -1863 -850 -345
-9428 15985 2383 -1112 -375 -219
-9232 15776 2597 -314 -82 -129
-9084 15712 2779 545 152 -16
-9093 15843 2891 987 -20 21
-9184 16064 2873 729 -524 153
-9007 15944 2906 160 -831 100
-8795 15635 2963 -186 -872 129
-8480 15316 2956 158 -204 18
-8508 15246 2906 962 346 -38
-8447 15427 2913 1566 492 -17
-8637 15575 2724 2054 75 169
-8526 15774 2703 2009 -442 218
-8288 15649 2445 1943 -609 179
-8198 15660 2148 1850 -486 57
-8000 15793 1657 1645 -175 -201
-7833 16007 1158 1447 529 -351
-7840 16476 834 1100 1431 -611
-8208 16873 514 554 2345 -815
-8546 17361 732 -170 3022 -851
-8830 17779 997 -1036 3351 -1056
-9068 17977 1418 -1941 3486 -1142
-8930 17534 1749 -2246 3562 -1001