-8620 16300 -1845 -261 -760 56
-8700 16156 -1790 -593 -986 6
-8781 15935 -1618 -415 -969 79
-8708 15735 -1393 10 -478 52
-8682 15692 -1304 322 229 28
-8987 15847 -1161 412 760 161
-9369 16044 -1009 159 999 137
-9604 16123 -621 -532 968 -121
-9620 16000 -316 -1124 893 -283
-9424 15932 33 -1429 943 -468
-9241 15733 328 -1659 1349 -727
-9626 15978 602 -1369 1512 -625
-10534 16512 547 -1158 1138 -580
-10981 16557 499 -940 404 -211
-11341 16528 392 -560 -13 78
-11528 16619 236 -90 -377 515
-11556 16482 116 464 -770 1165
-11401 16141 -204 1141 -1234 1781
-10961 15274 -351 1964 -1622 2632
-10470 14779 -385 3258 -1489 3496
-11650 12116 -454 6136 -3566 5417
-10240 13896 -591 7277 -2100 5739
-10095 14658 -950 8549 -1241 5336
-9890 15814 -1057 7078 -856 4875
-9041 16541 -1688 6478 3 2869
-10025 17713 -1910 5376 1584 2721
-11093 18018 -2137 3058 290 4358
-9898 16912 -2613 1259 673 4565
-9772 16584 -2444 398 1237 4489
-9636 16719 -2323 -442 1225 4845
-9533 16800 -2042 -316 846 5091
-9958 17100 -1877 43 -119 5490
-9909 17170 -1658 630 -1414 5575
-9638 16987 -1685 1269 -2529 5483
-9589 16861 -1814 1990 -3916 5760
-9458 17137 -2324 2342 -5226 6358
-8758 17590 -2368 2000 -6413 6839
-7913 17817 -2135 879 -7089 6971
-6460 18225 -2205 400 -6913 7184
-4978 18613 -3245 499 -6229 7090
-4524 18836 -4200 1011 -5365 6825
-3828 19701 -4893 2188 -4192 7084
-3368 21006 -4902 2929 -3447 7718
-3737 21805 -5153 3266 -2565 8679
-4258 23400 -5378 2337 -1427 9944
-4492 23472 -5052 1260 -721 11079
-4744 23582 -4910 559 254 11794
-4604 23202 -4814 -66 1190 12160
-4906 22817 -4627 -373 2032 12538
-5370 22050 -4574 -151 2947 12604
-5212 20817 -4373 636 4281 13229
-6059 20368 -4122 2094 5279 14277
-5360 19264 -3167 3371 6475 14846
-5216 18289 -2324 4465 7644 14462
-4567 17242 -1567 4536 8615 13431
-4132 16232 -712 3056 9038 11538
-4332 15222 -226 1328 8483 10163
-3870 13805 479 -1302 6932 8000
-3382 12316 1544 -3804 3865 5470
-3348 11165 1576 -4768 1177 3858
-2897 9916 1844 -5260 -879 2376
-2776 9192 1892 -5143 -1652 1486
-2604 8576 1831 -4170 -2185 189
-2121 8010 1353 -1701 -1870 -1757
-2001 7834 841 510 -870 -3232
-2601 8656 360 2120 -447 -4308
-3252 9376 -232 3344 -662 -5216
-4165 10963 -983 4103 -1481 -6076
-4898 12978 -1885 4141 -3042 -6700
-5031 14667 -2521 4025 -4544 -7170
-5841 16898 -3444 3929 -5764 -7248
-6203 19797 -4494 3334 -7109 -6957
-6015 22058 -5103 3504 -6692 -6713
-5365 23808 -5293 4775 -4586 -6197
-5851 26568 -6073 6036 -1927 -5432
-6304 30498 -7079 5420 -330 -3862
-6290 32762 -7634 3152 -666 -1532
-5692 32767 -7346 589 -1452 865
-5243 32767 -7314 -1463 -1269 2925
-5292 32767 -7079 -4183 -930 6343
-4491 32767 -6910 -5937 -581 10211
-3817 32767 -6574 -7118 -103 13839
-2775 32767 -6426 -8705 241 17030
-1339 31219 -6086 -10636 554 19518
401 26903 -5082 -11879 1856 21521
1402 23721 -4568 -11918 3367 22745
2225 20709 -3889 -12051 4125 23736
3316 17554 -3021 -12827 4214 24273
4057 15409 -2286 -13991 3240 24132
4450 14497 -1932 -15503 1873 23864
5848 12163 -1091 -16847 175 23440
6816 9719 -17 -16747 -596 22725
8059 7924 970 -15145 -1091 21672
9062 6561 1669 -12481 -1191 19970
9777 6241 2041 -10580 -988 18388
10453 5869 2685 -9607 -747 16699
11173 5404 3257 -9168 -395 14643
11738 5132 3577 -9127 -165 12687
12432 5042 3688 -8974 523 10417
12262 4624 3404 -8169 1370 7838
12530 4103 3044 -5937 2451 4952
12213 4351 2226 -2776 3697 2336
12317 5653 1583 -17 4305 620
11617 6637 956 1343 4548 -626
10790 7428 729 1783 4045 -1326
9918 7629 798 2095 3696 -2558
8390 7432 348 3311 3302 -4643
7395 7437 -99 5358 3371 -7353
6781 7550 -420 7427 4026 -9728
6077 6843 -840 9705 5370 -11875
5588 5462 -1524 12408 8553 -14351
4561 3697 -2296 14222 11339 -16361
2959 2862 -3151 15229 12933 -17983
407 2413 -3886 15527 12949 -18944
-1753 2815 -3793 14999 11841 -19385
-4746 3935 -4250 14034 9587 -20226
-6165 5146 -3948 12750 7295 -21366
-7075 6971 -3869 10491 5770 -22497
-8538 8894 -3930 7265 4271 -22542
-9940 11204 -2977 4122 3118 -21767
-11602 12624 -2479 3121 2692 -22119
-12830 14441 -1910 3904 3041 -22934
-14658 17270 -1762 4399 3113 -22811
-15172 19346 -1150 4766 3505 -21804
-16188 21872 -703 5223 4063 -19978
-16834 23682 -422 5440 3990 -18432
-17253 25933 -416 5246 2546 -16557
-16584 27892 -1184 5064 368 -14334
-16028 28652 -1700 5618 -965 -12846
-14918 28600 -2004 7603 -1234 -10976
-14174 28704 -2264 9394 -788 -9519
-13558 28761 -2457 9573 -51 -8193
-12301 27810 -2536 8358 596 -6567
-10801 25584 -2287 6683 879 -5561
-9224 22916 -1864 5719 756 -4886
-6835 20426 -2165 5893 213 -4603
-5246 18592 -2681 6972 -916 -4591
-4158 17940 -3142 8121 -1558 -4733
-3605 18308 -3604 9083 -1839 -5200
-4165 20461 -3909 7806 -2632 -6077
-4216 21538 -4255 4297 -2962 -6588
-4120 21632 -4459 1061 -3389 -6682
-3674 21349 -4660 726 -3335 -7033
-3971 21908 -4875 1507 -3466 -6631
-4636 22946 -5092 2212 -3974 -5577
-4943 23000 -5175 2681 -4296 -4402
-5485 22814 -5274 2831 -3786 -3457
-5577 22553 -5422 2370 -3232 -2722
-5699 22056 -5390 1662 -2171 -2157
-5895 21596 -5120 268 -970 -1775
-6545 20944 -4637 -1417 -630 -1431
-6394 19728 -4190 -2658 -391 -1250
-6638 18856 -3613 -3453 -657 -1004
-6725 18002 -3205 -3807 -918 -959
-6737 16879 -2896 -3436 -1028 -850
-6941 16084 -2700 -2146 -719 -648
-7427 15837 -2688 -726 -741 -264
-7940 16152 -2912 -135 -1223 -53
-8299 16336 -3064 -178 -1677 -5
-8565 16537 -3270 -591 -1953 -8
-8773 16485 -3380 -928 -2158 -10
-8842 16357 -3452 -1118 -2412 -64
-8908 16257 -3405 -1095 -2604 -110
-8777 16072 -3502 -825 -2766 -90
-8652 15911 -3485 -287 -2750 -100
-8776 15922 -3524 88 -2517 -82
-8912 16142 -3626 109 -2425 111
-8924 16216 -3562 -7 -2305 291
-8978 16359 -3607 -253 -1932 280
-9021 16530 -3588 -875 -1805 284
-8720 16333 -3350 -1495 -1801 346
-8377 15829 -3057 -1490 -1534 393
-7928 15329 -2781 -865 -1221 424
-7917 15267 -2528 -125 -1136 501
-7674 15230 -2165 424 -1290 576
-7600 15097 -1893 640 -1360 439
-7466 15172 -1657 427 -1562 99
-7652 14761 -1588 -104 -2138 -206
-7209 14053 -1208 -667 -1787 -1236
-8139 14438 -1344 -177 -2659 -1673
-7769 15093 -2244 -944 -3310 -2329
-8410 14767 -2017 -470 -3913 -2195
-8269 15290 -2615 679 -4331 -1872
-8565 15304 -2784 1568 -3580 -1852
-8604 16002 -2917 1789 -2512 -1950
-8430 16613 -2957 1821 -1658 -2153
-8862 16598 -3166 1929 -1249 -2067
-9100 16941 -3386 2231 -1438 -1630
-9132 17118 -3631 1867 -1106 -1739
-9022 17038 -3633 2325 -1408 -1176
-8757 16841 -3816 2358 -996 -1045
-8865 16592 -3618 2759 -791 -531
-8721 16354 -3756 3918 -768 363
-8716 16489 -3901 5560 -716 1626
-8492 16296 -3804 6771 -584 2425
-8132 15589 -4157 9459 374 3772
-7845 15352 -4349 13609 1684 5301
-7550 15948 -4356 16364 2766 6160
-7605 16847 -4901 17876 4142 5980
-8538 18913 -5488 15314 3667 5224