-7688 18360 -4198 6083 -2119 2762
-7801 18666 -4459 4742 -2731 2567
-7657 18270 -4282 3628 -3136 2549
-7257 17724 -4296 3660 -2690 2684
-7249 17691 -4442 3854 -1926 3096
-7007 17145 -4937 4127 -1441 3621
-6889 17232 -5268 4403 -1613 4293
-6562 17045 -4908 4809 -2181 4897
-6157 17178 -4746 5155 -2455 5336
-5924 17342 -4494 5312 -2815 5465
-5985 17454 -4596 5134 -3279 5289
-5904 17424 -4596 4765 -3499 5158
-5677 17212 -4542 4029 -3540 4526
-5409 16404 -4617 3109 -3234 3925
-5143 15577 -4693 2906 -2643 3885
-4769 15257 -4591 3335 -1481 3420
-4686 15936 -4271 3354 -342 2486
-4821 16310 -3860 2592 468 1311
-5498 16378 -3937 1536 963 456
-5984 16392 -3978 509 1587 -134
-6616 16014 -4044 -134 1952 -727
-7064 15632 -4355 -866 2895 -1137
-7189 15400 -3945 -1176 3583 -1269
-7256 15436 -3496 -427 3551 -1657
-7163 16006 -3236 213 3307 -1802
-7832 16153 -2628 862 2498 -1813
-8126 16477 -2638 1313 2012 -1491
-8452 16968 -2751 1438 1802 -1630
-8787 17213 -2892 865 1325 -1650
-9078 17674 -2820 -74 935 -1609
-9060 17966 -2894 -577 199 -1586
-9189 18118 -2910 -1116 -364 -1637
-10085 17889 -2942 -1234 -1225 -1364
-9918 17672 -3184 -1152 -1575 -1156
-9558 17407 -3304 -758 -1647 -812
-9108 17280 -3222 -84 -1732 -521
-9086 17181 -3116 706 -2025 -172
-8444 17327 -3169 1129 -2062 183
-8869 17033 -3080 1474 -2423 488
-8389 17122 -3349 1568 -2878 766
-8217 17052 -3380 1336 -3364 507
-8194 16923 -3611 1037 -4337 377
-8134 16940 -3794 408 -4918 353
-7884 16786 -3862 82 -5439 541
-7776 16772 -4076 89 -5246 607
-8136 17080 -4088 77 -5161 605
-8002 16959 -4334 435 -4388 613
-8641 17454 -4849 1339 -3142 991
-9069 18238 -5318 1986 -2238 1711
-10196 19573 -5478 1764 -1957 2543
-10707 20166 -5299 805 -1466 3201
-11195 20397 -5150 -51 -595 3712
-11804 20992 -5140 -374 -188 3879
-12234 21301 -5143 -1014 -380 4278
-12935 21951 -5412 -1896 -646 5242
-14401 22761 -5664 -2793 -1351 6485
-16351 25185 -6395 -4142 -2750 8514
-16950 27140 -7016 -5769 -4237 10158
-18550 30284 -7830 -7157 -4978 11660
-17320 30783 -6670 -8600 -6302 13970
-14244 29586 -4954 -7499 -4366 15688
-12476 29817 -3879 -6036 -1791 16703
-10273 29975 -3149 -7109 189 17930
-7943 29692 -3012 -9887 852 18681
-5102 28450 -2373 -12832 467 18688
-2639 26868 -2561 -15531 855 18507
-956 25340 -3765 -17723 1266 18408
161 23386 -4610 -19174 1665 18862
2162 20480 -4701 -19071 3770 20145
3441 17897 -4757 -18563 5854 21526
4581 16156 -4402 -18829 7108 22269
5357 14304 -3433 -19640 8192 23152
5428 12887 -2337 -21468 8353 23521
5736 11228 -966 -23158 7509 23511
5780 9582 350 -24897 6889 22968
6182 6924 1969 -25897 5736 21741
6841 5411 3172 -25319 6005 20816
7713 3752 4642 -23185 6650 19787
8482 2585 5778 -19809 7274 19236
8474 2619 7494 -15253 7511 18695
8736 3153 8311 -11448 6727 17693
8557 3361 8753 -8709 4239 17718
8741 2805 8880 -5625 1337 17973
8680 2553 9277 -1597 -2720 19291
9503 1194 9682 6109 -7620 20925
10397 -367 10004 17596 -12400 21814
12583 -1405 8964 30269 -14537 21559
14054 -638 7346 32767 -15004 19861
15554 1566 4440 32767 -13673 15793
15034 5964 1684 32767 -12993 10356
15236 7926 88 32767 -12160 6273
15888 8482 -1732 31295 -10284 3287
14460 7186 -4110 24470 -6930 974
13248 5008 -5696 21716 -4456 -1492
12444 3800 -6614 21788 -3149 -3436
10629 2072 -8349 23721 -1694 -7957
7596 1875 -10960 26842 -849 -13199
6384 3164 -11814 27480 376 -17084
4754 3998 -11512 25361 1906 -19808
2305 5370 -10353 20316 3401 -21301
1464 6616 -9148 15049 3840 -22099
427 7081 -7456 7922 4534 -23212
-1837 6716 -6039 894 4039 -23977
-5306 5184 -5370 -1712 1458 -25546
-6767 5117 -4384 518 -1226 -28655
-9086 6192 -4509 3605 -1436 -31884
-10328 8284 -4204 4665 -1770 -32768
-11406 10593 -4286 1766 -336 -32768
-13384 12000 -4120 -1231 -181 -32768
-15174 13444 -4244 -7105 -249 -32702
-17733 14717 -4004 -12333 -993 -31789
-19495 15685 -3736 -12643 -1360 -31462
-19930 16265 -3142 -10119 -1290 -30753
-19830 16709 -2818 -6751 107 -29495
-21426 19131 -2486 -3548 1450 -27337
-22012 22038 -2233 -3572 2404 -25589
-22889 24698 -2345 -6818 2487 -23450
-22347 25982 -1692 -12266 1906 -20384
-21691 26439 -421 -17227 1442 -17001
-20144 24388 956 -18476 1508 -14724
-19621 22097 2618 -15706 1199 -12933
-17677 19201 4386 -10550 1986 -11972
-16776 17856 4948 -5240 3484 -10804
-17022 17844 3108 -2751 1955 -9807
-16253 19460 -481 -1398 -2421 -8924
-13144 18898 -2794 3574 -5965 -8452
-10553 20022 -3481 10728 -6521 -7334
-9021 23532 -4270 18066 -5214 -5688
-9628 29062 -5046 22257 -3163 -3682
-10009 32738 -5386 20142 -1807 -2466
-8622 32767 -4567 14414 -1550 -1448
-5262 32542 -3700 9662 -1924 -767
-2646 30720 -3772 7081 -3421 -550
-2614 30248 -4134 4674 -5708 -13
-2214 29409 -4280 2668 -6544 513
-2451 27690 -4088 1347 -6472 1234
-2548 25621 -3802 1206 -5315 1858
-2765 23925 -3624 1588 -3883 2600
-2834 22566 -3504 1624 -2420 3291
-3090 21484 -3421 616 -1458 3543
-3220 20624 -3320 -344 -1114 3492
-3741 18868 -3056 -2191 -1349 3354
-3184 15960 -2416 -3115 -1238 2961
-3355 14573 -1975 -2493 -722 2808
-3686 13853 -1652 -1735 -361 2535
-3881 13552 -1391 -1222 -635 2455
-4084 13438 -1300 -863 -815 2171
-4729 13503 -1512 -433 -1344 1800
-5266 13537 -1785 89 -2087 1581
-5903 14136 -2000 380 -2300 1251
-6700 15232 -2284 134 -2279 652
-7354 15753 -2676 -332 -1955 262
-7835 16025 -2943 -405 -1662 149
-7981 16034 -2893 134 -1056 182
-8184 16264 -2944 612 -645 243
-8447 16671 -2893 936 -326 408
-8575 17002 -2647 589 25 323
-8518 16994 -2464 137 217 68
-8380 16856 -2218 -179 603 -276
-8362 16898 -2023 -436 1068 -606
-8378 17033 -1916 -648 1113 -729
-8400 17133 -1904 -784 950 -723
-8621 17355 -2003 -941 373 -594
-8702 17509 -2064 -1237 -176 -374
-8546 17490 -1952 -1616 -424 -307
-8376 17224 -1776 -1864 -192 -476
-8452 16951 -1653 -1887 408 -507
-8520 16573 -1666 -1495 818 -504
-8838 16621 -1736 -1097 836 -423
-8993 16718 -1629 -846 594 -252
-9076 16960 -1575 -839 121 -34
-9024 16865 -1322 -876 -239 -12
-8980 17012 -1178 -996 -555 22
-9054 16896 -985 -1186 -720 -4
-9117 16598 -966 -1028 -788 56
-8987 16357 -892 -692 -774 234
-8937 16290 -888 -364 -877 483
-8861 16333 -740 -145 -1108 646
-8764 16377 -682 -125 -1331 691
-8692 16378 -641 -150 -1617 631
-8595 16191 -569 22 -1956 562
-8481 16256 -618 178 -2334 480
-8469 15972 -719 344 -2848 570
-7617 15912 -808 474 -2817 291
-8273 16348 -880 348 -2905 251
-8057 16360 -1132 9 -2857 61
-7720 16105 -1255 -51 -2385 -93
-7760 16232 -1436 265 -1868 -306
-7541 16313 -1636 775 -1549 -239
-7360 16417 -1769 1413 -1101 -180
-7344 16998 -2016 1433 -1045 -232
-7320 17346 -2122 978 -904 -270
-7337 17658 -2112 362 -872 -258
-7550 17908 -2047 -606 -713 -407
-7773 17849 -1837 -1520 -692 -598
-7755 17520 -1630 -1803 -451 -749
-7612 16996 -1460 -1553 10 -916
-7639 16901 -1336 -914 581 -930
-7656 16889 -1336 -282 1168 -774
-7797 17129 -1404 -184 1133 -412