-9994 14398 -800 1737 -307 623
-8610 15400 -234 1637 -1218 110
-8960 14974 -1155 2022 -930 332
-9164 15288 -1433 2092 -1751 566
-9256 15188 -1724 2145 -1969 497
-9105 15060 -2038 2439 -2123 461
-8676 14873 -2280 3396 -2080 742
-8398 14730 -2024 5090 -1316 560
-8961 15290 -2216 6147 -739 1177
-8990 15861 -2565 6415 -952 1455
-8916 16204 -2873 6183 -2138 1654
-8848 16028 -3068 6011 -2625 1868
-8587 16210 -3376 5639 -2709 2064
-8408 16570 -3566 5095 -2844 2204
-7748 16665 -3444 4615 -2805 1869
-7082 16429 -3333 4804 -1578 1156
-7042 17040 -3513 5106 -663 724
-7136 17214 -4000 5459 1 583
-7440 18460 -4877 5210 993 792
-7262 20086 -5574 3489 1449 1412
-6988 20943 -5697 1441 1959 2498
-6388 21090 -5400 432 3062 3046
-6296 20784 -5092 -427 3611 3719
-6000 20472 -5123 -1808 4661 4031
-6163 19902 -4684 -3605 5173 3863
-6172 18936 -4104 -5215 5377 3631
-6328 17366 -3194 -6621 4875 3611
-6416 16321 -2421 -6762 4476 3852
-6500 15801 -1688 -6759 3629 3825
-6418 15426 -1090 -6726 2926 3040
-6534 14846 -476 -6952 2356 2197
-6914 13978 209 -6847 1796 866
-7528 13705 1070 -7260 525 -866
-7420 12613 1749 -7460 -1428 -2373
-7336 11808 1906 -7640 -2667 -3674
-7790 11220 2401 -7733 -3493 -4170
-8326 10890 2988 -7188 -3577 -4961
-9384 10719 3360 -5736 -3573 -6138
-10257 10494 3040 -3494 -2975 -7244
-11302 10546 2148 -1082 -2216 -7804
-12614 11778 1260 962 -2700 -7153
-12896 12202 230 3178 -2886 -6672
-13769 13876 -428 5128 -3953 -5665
-14191 15614 -965 5831 -5879 -5049
-14649 16205 -1560 6385 -7156 -4890
-14551 17321 -2475 7214 -7738 -3802
-13834 17637 -2589 8091 -7667 -2944
-13383 18310 -3788 9703 -7001 -1532
-13260 19134 -4562 11596 -6560 -471
-13450 20219 -4255 12273 -6683 783
-13770 22560 -4816 11458 -6760 1717
-12536 22652 -4934 9518 -5691 931
-12399 24050 -5800 6965 -4631 319
-12021 24730 -6840 4166 -2726 968
-12121 24870 -7252 3071 -1209 2545
-11362 25602 -8126 2490 -317 3865
-11482 26725 -8243 1085 -370 4815
-10321 28245 -7302 -1185 -1914 5847
-10321 28838 -6770 -3584 -2383 6273
-9250 29180 -6722 -5509 -1206 6376
-8695 29939 -6816 -8150 906 6505
-7692 29896 -6732 -9931 3018 7518
-6621 29942 -6622 -10520 5029 8185
-5716 29814 -6576 -10305 7216 10014
-5560 30880 -6337 -10762 7832 12159
-5594 30937 -5646 -12546 8126 13629
-5452 31102 -5809 -15874 8816 14529
-5096 28985 -5155 -19387 9286 16506
-4396 25847 -4748 -19880 11004 18459
-4086 23328 -4265 -19498 11999 20510
-3820 21642 -4114 -19250 12695 21834
-4148 19953 -3728 -19946 13084 23694
-3945 16832 -2629 -21100 12245 25646
-3741 14222 -1845 -21299 10781 26418
-3119 11912 -160 -20952 8678 27385
-2075 8938 1508 -19118 7258 28084
-368 6693 2864 -16528 6379 28011
868 5664 3608 -14726 6552 27398
1264 5452 4385 -13147 6353 26664
2854 4772 5048 -11453 5990 24814
3652 4574 5441 -10700 5262 23276
4992 4024 6539 -10229 4802 20602
6122 3564 7389 -9665 2577 14916
8390 1984 7956 -8710 -901 8891
10922 703 7618 -6918 -2028 5902
12717 -612 7170 -4006 -1090 3773
13944 -1819 6349 978 1856 1477
13905 -1975 5008 7898 5756 -943
12681 -1546 3387 14883 8945 -3170
10211 764 1560 19757 10059 -5726
7397 4066 307 19980 8765 -8593
5333 6746 -274 16783 6450 -9489
4249 8184 -676 12677 5205 -9199
2204 8436 -1118 9511 4740 -9842
848 8660 -936 7898 3289 -11368
-285 8751 -1077 7236 1288 -13064
-1947 8567 -1749 8216 597 -14380
-3851 8084 -2892 10737 2313 -15264
-5744 8365 -3440 12974 3986 -16146
-8502 9423 -4153 13491 5293 -16409
-11302 11436 -4116 11674 5451 -15906
-13392 12492 -4302 9834 5650 -15959
-14852 12973 -4126 8753 5469 -16523
-15552 13292 -3860 8817 5842 -16931
-16738 14221 -3546 8831 5893 -17584
-17681 15922 -2961 7510 5383 -18256
-18073 16558 -2545 6011 5310 -18531
-19025 17688 -2126 4528 4913 -18334
-19509 18449 -1673 3499 4057 -17959
-19537 18886 -1201 3361 3471 -17501
-19869 20177 -924 3284 2275 -16743
-19904 21674 -896 2219 696 -15903
-19350 22101 -508 922 -539 -15181
-18557 22113 -271 95 -922 -14298
-17145 21166 357 1223 -438 -13363
-15774 20493 686 4642 1027 -12378
-15088 20896 445 8543 2030 -11076
-15284 22122 108 10885 1769 -9670
-14089 23187 -123 11842 431 -8225
-12112 23260 -444 12355 -308 -7721
-9846 24478 -1398 12906 -1137 -7465
-6097 25858 -3052 14213 -963 -7033
-4930 26994 -4480 15562 257 -6259
-5192 28282 -5706 16004 1040 -5125
-5668 28690 -6580 14809 904 -4064
-5660 28350 -7044 12661 281 -3016
-5634 27629 -6690 9848 -704 -2111
-5006 25897 -5873 7360 -949 -1336
-3941 23860 -5016 6020 -47 -948
-3516 22824 -4452 5819 572 -554
-2992 21621 -3895 5795 1822 -151
-3602 20818 -3593 5308 2130 586
-4169 20208 -3601 4656 1630 1065
-4919 19628 -3482 3472 162 1410
-5619 18936 -3449 1690 -1299 1366
-5876 17920 -3168 354 -1713 1058
-6437 16880 -3387 -123 -1509 815
-6982 16292 -3624 -257 -1623 631
-7410 15828 -3950 78 -1762 612
-7788 15397 -4402 935 -2043 856
-8181 15182 -4962 1841 -2114 1224
-8213 15116 -5385 2628 -1989 1525
-8253 15171 -5670 3037 -1322 1395
-8492 15513 -5847 2637 -917 942
-8562 15660 -5771 1720 -871 501
-8384 15468 -5545 755 -681 -107
-8270 15502 -5368 111 -660 -628
-8105 15413 -5134 -350 -1004 -914
-7820 14916 -4976 -347 -940 -1166
-7725 14638 -4578 563 -533 -1371
-8264 15007 -4466 1818 -529 -1419
-8401 15266 -4404 1782 -1186 -1502
-8354 15477 -4432 1262 -1527 -1808
-8464 15684 -4578 407 -1648 -2358
-8414 15798 -4806 -363 -1449 -2869
-8646 15788 -4989 -736 -900 -3233
-8752 15833 -5052 -872 -406 -3292
-8747 15775 -5103 -599 -15 -2723
-8861 15766 -4921 122 -5 -1987
-8856 15954 -4792 889 91 -1643
-9070 16405 -4770 1301 275 -1469
-9338 16985 -4828 812 145 -1232
-9368 16913 -4838 151 -59 -1092
-9234 16493 -4841 -140 36 -873
-9284 16414 -4917 -75 208 -608
-9381 16248 -4936 23 162 -289
-9266 16046 -4878 148 168 10
-9217 16002 -4913 343 301 232
-9236 15980 -4924 474 429 357
-9360 16060 -4996 518 502 519
-9436 15768 -4824 375 428 749
-9298 15338 -4642 226 596 713
-9345 15094 -4517 582 667 1049
-9268 15232 -4674 969 303 1485
-9208 15410 -4794 828 -223 1567
-9099 15493 -4762 543 -752 1463
-8776 15282 -4907 225 -787 1176
-8804 15355 -5153 255 -883 1044
-8713 15354 -5195 157 -1000 988
-8538 15236 -5185 130 -758 958
-8409 15240 -5327 165 -413 908
-8311 15344 -5348 145 45 826
-8301 15422 -5296 51 462 583
-8560 15518 -5254 -58 645 365
-8781 15617 -5353 -428 542 179
-8684 15568 -5236 -546 443 54
-8544 15510 -5166 -605 598 -75
-8568 15542 -5068 -583 718 -285
-8684 15715 -5088 -583 637 -428
-8809 16018 -5097 -824 426 -423
-8773 16012 -5065 -1025 489 -388
-8662 16088 -5014 -1144 680 -463
-8810 16082 -5053 -1229 780 -495
-8877 15809 -4754 -1312 472 -405
-8920 15664 -4946 -1444 1038 -462
-9133 15811 -4742 -1183 701 -351
-8788 15260 -4894 -558 967 50
-9044 15895 -4951 -125 522 211
-8893 16057 -5165 -231 92 399
-8665 16042 -5060 -467 -72 531