-8041 16818 -1810 216 780 -795
-8186 16842 -1751 89 991 -825
-8455 16837 -1682 1 1442 -802
-8890 17090 -1714 -324 1648 -782
-9026 17112 -1421 -787 1484 -844
-9065 16932 -1177 -1028 1227 -905
-9054 16760 -849 -1108 1027 -986
-9166 16728 -708 -1174 854 -1133
-9282 16755 -546 -1258 513 -1087
-9237 16689 -506 -1259 155 -1004
-9290 16596 -390 -1243 -542 -847
-9166 16297 -366 -1056 -861 -766
-9038 16254 -237 -1108 -750 -648
-9065 15881 -256 -711 -967 -354
-8932 16014 -528 -464 -710 -424
-9365 15791 -871 -260 -741 -695
-9328 15832 -1024 106 -733 -784
-9479 15911 -1259 449 -799 -126
-9320 15957 -1446 816 -965 -143
-9525 16130 -1413 990 -1165 90
-9579 16059 -1396 879 -1596 181
-9592 16094 -1306 487 -1855 310
-9384 15976 -1164 76 -1886 301
-9552 15956 -1119 55 -1947 424
-9071 16059 -1055 741 -2019 384
-9159 15953 -965 1295 -2146 340
-8960 15894 -1031 1632 -2506 476
-8820 15833 -1006 1655 -2601 784
-8363 15944 -1294 1748 -2316 855
-8213 16001 -1221 1842 -2121 760
-8078 15674 -1290 2084 -2097 743
-7735 15286 -1755 2334 -2143 735
-7073 14805 -2355 3114 -2263 722
-6836 14580 -2796 3717 -2164 734
-6721 14336 -3064 4970 -1988 966
-6278 14500 -3592 7043 -959 1257
-6165 15102 -3614 7821 -415 1182
-6279 15922 -3665 7437 -244 942
-6349 17015 -3520 5739 -413 535
-6514 17164 -3532 4188 66 73
-6923 17298 -3825 3503 1127 -178
-6856 16714 -3753 3668 1641 -199
-7902 16428 -3966 4446 2640 36
-8293 16765 -3528 4870 3176 402
-8768 16256 -2865 5183 4202 42
-9967 16445 -2297 4882 4359 -194
-10899 17081 -1214 3614 3103 -575
-11619 17214 -514 2281 968 -875
-11880 16685 -169 2188 -410 -1163
-12613 16326 164 4086 -1922 -726
-13245 17063 -162 6805 -2289 236
-14092 18040 -572 7882 -2508 971
-14279 18525 -1207 7495 -2596 1373
-14488 18874 -1790 6369 -2671 1528
-14498 19721 -2533 4668 -3439 1444
-14160 19956 -3369 3342 -4039 1257
-13966 21140 -4275 1873 -4417 1332
-13602 21882 -5207 698 -3966 2177
-13645 22993 -6226 178 -2882 3006
-13615 23965 -7214 -392 -1705 3802
-13050 24971 -8316 -1073 -1180 5185
-12213 26207 -8757 -2601 -921 6270
-11458 26637 -8890 -4256 -383 7204
-9586 25869 -8361 -5276 1607 7693
-8728 25314 -8074 -5566 3335 8392
-7694 25040 -7477 -5987 4032 9095
-7077 25106 -6974 -6818 4791 9677
-6262 24932 -6263 -8518 5085 10327
-5432 24214 -5251 -9924 5886 11101
-4688 23144 -4514 -10498 6265 12549
-4353 22756 -4176 -10042 5845 14314
-3588 22092 -3636 -9972 5050 15519
-2899 21501 -3044 -10129 4092 16755
-2145 20684 -2657 -10598 2570 17932
-1632 19592 -2370 -11208 731 18863
-712 18477 -1840 -11587 -503 19581
950 16351 -1122 -10879 -773 19941
1994 14946 -688 -9629 -413 20035
2343 14257 -457 -8889 -45 19817
2624 13680 -364 -8741 -272 19607
2961 13398 -10 -9082 -1252 19190
3449 12354 -187 -9264 -3608 18277
4488 11194 -194 -8672 -5312 17744
5255 10568 26 -7277 -6027 17082
6554 9993 454 -5737 -5275 16230
8242 9522 1195 -3762 -3009 15095
8933 9080 1409 -1808 514 13624
9274 8844 1466 -468 2817 12420
9394 8825 1204 1207 5586 10087
9041 9365 496 2206 7404 7094
9249 9826 186 2398 7404 5441
9971 9934 -699 2738 7179 4309
10022 10297 -1088 3791 6685 2865
9784 10304 -1336 5012 6689 1650
8785 10307 -1261 6048 6691 157
7862 10494 -921 6805 6814 -1778
7120 10500 -308 6883 7372 -3747
5951 10901 381 6109 8084 -5818
5149 11018 971 3836 9187 -8310
3564 10245 1133 1498 9942 -10489
1834 8950 929 446 9136 -10980
332 8121 625 941 6910 -10604
-1207 7971 678 2594 4141 -10438
-1910 8262 948 4650 1610 -10846
-1922 8429 1104 5960 621 -12122
-3253 8249 454 7360 620 -14562
-4461 8337 -131 9183 870 -17364
-6854 9720 -941 9950 1550 -20780
-8160 10741 -1904 7724 2162 -21942
-9145 11792 -1884 4637 2568 -20928
-9464 12264 -2096 1439 3034 -19039
-10383 12281 -2005 -1530 3433 -17228
-10734 11708 -1304 -2465 3470 -16906
-11148 11156 -1274 -1298 5017 -18189
-12097 11086 -1580 1165 5878 -19379
-13098 11556 -2691 4242 6027 -19982
-14422 13089 -3908 6044 4843 -18909
-14962 14714 -4225 5776 2913 -16354
-15589 16029 -3858 4470 1845 -14602
-16540 17060 -3719 3007 1400 -14518
-17751 18204 -3940 964 -218 -14721
-18587 19465 -4411 -1017 -1919 -14701
-19383 20262 -4540 -1609 -3093 -14036
-19500 20772 -4584 -678 -3048 -12532
-19570 20751 -4831 1555 -2060 -9784
-19151 21102 -4964 4671 698 -7168
-18910 22716 -5288 6444 2748 -5631
-18929 24202 -5591 6193 3571 -4055
-18518 25008 -5702 4703 3301 -2477
-17336 24645 -5715 3595 2781 -1049
-16052 23574 -5608 3746 2719 -80
-14472 23108 -5524 5025 2668 1022
-12412 23149 -4741 5652 3143 2230
-10948 23088 -4206 4743 4000 2945
-10020 22621 -3494 2737 3744 3257
-9470 21808 -2840 94 2257 3133
-8856 21005 -2124 -3040 -518 2648
-6862 19625 -1209 -5375 -2310 2153
-5240 18326 -1018 -6605 -3259 1614
-2405 15318 -971 -4849 -4178 1226
1137 13521 -1792 940 -3536 938
2066 15143 -2973 6163 -3150 1167
1977 17502 -4028 8082 -2649 1366
633 20037 -4798 6511 -2708 991
-557 21392 -5221 2987 -3436 147
-1665 21950 -5274 -464 -3978 -661
-2098 21745 -4844 -2196 -3544 -1059
-2655 21122 -4158 -3039 -2555 -1162
-3528 19740 -3557 -1487 232 -705
-4862 19001 -3303 662 1953 505
-5763 18705 -3071 966 1824 916
-6249 18436 -3120 396 1398 910
-6750 17768 -2904 -1164 777 651
-6948 16728 -2709 -2175 455 176
-7292 16292 -2787 -2504 116 -162
-7487 15812 -2780 -2592 -385 -142
-7310 15266 -2812 -2057 -333 -200
-7434 14920 -2694 -1090 -88 -181
-7546 14802 -2540 -9 271 -240
-7768 15089 -2481 583 225 -390
-7740 15392 -2437 660 -108 -549
-7558 15442 -2238 542 -440 -746
-7306 15600 -2206 494 -1032 -977
-6425 15753 -2348 1086 -1642 -1100
-5745 16090 -2497 2043 -1658 -1153
-5821 16509 -2662 2877 -1570 -1073
-6754 17200 -2694 3296 -1500 -1015
-7493 17981 -2922 2879 -1398 -950
-8476 18516 -3164 1797 -1451 -706
-9016 18678 -3234 802 -1562 -556
-9356 18312 -3156 1 -1539 -577
-9750 17940 -3200 -258 -1292 -560
-10122 17568 -3413 -59 -1156 -247
-10442 17296 -3633 316 -1136 201
-10544 17030 -3604 720 -1088 489
-10609 16492 -3524 1334 -859 740
-10586 16129 -3473 1770 -500 926
-10565 16140 -3513 1635 -526 978
-10474 16036 -3417 1142 -501 770
-10586 16168 -3436 448 -734 487
-10394 16066 -3436 -345 -1058 240
-10176 15610 -3406 -926 -1287 215
-9763 15391 -2706 -3291 -2195 -1641
-8975 14423 -2490 -1207 -3685 -453
-8221 14562 -2548 -2031 -4241 -1644
-7940 14255 -2211 -2645 -4856 -2804
-7697 14035 -2032 -1741 -4637 -2724
-7626 14209 -2153 -911 -3656 -2948
-7828 14322 -2476 -99 -2987 -2736
-7982 14776 -2552 566 -2150 -2557
-8543 15599 -2730 1066 -1364 -2488
-8936 16129 -2964 1272 -1254 -2161
-9078 16593 -3029 821 -1268 -2042
-9278 16678 -3020 301 -1200 -1818
-9157 16610 -3101 662 -1180 -1292
-9015 16881 -3414 902 -772 -1470
-9163 16945 -3693 1663 -435 -1225
-9369 17156 -3790 2160 -437 -833
-9522 17281 -3872 1896 -55 -689
-9882 17433 -3808 1467 39 -413