-6704 16645 -2436 -797 802 -1045
-6686 16638 -2630 -668 692 -1055
-6740 16763 -2897 -881 629 -1238
-6941 16773 -2936 -1130 371 -1216
-6978 16848 -3117 -1517 316 -1177
-6969 16876 -3137 -1865 55 -1171
-6873 16688 -3022 -2057 10 -1350
-6601 16360 -3212 -1639 -204 -1372
-6709 16078 -3242 -1024 45 -1403
-6430 15806 -3369 -71 286 -1458
-6648 15902 -3288 994 282 -1214
-6620 16156 -3405 1660 378 -873
-6875 16420 -3398 1874 535 -751
-6948 16276 -3477 1835 664 -706
-7049 16359 -3475 1659 781 -745
-7144 16214 -3461 1742 349 -547
-6861 15710 -3592 1904 621 -696
-6281 16010 -3494 1901 947 -905
-6273 16114 -3217 2379 1136 -869
-5476 15888 -2870 3374 1555 -1567
-6066 16321 -2985 4201 2137 -1903
-6076 16978 -3408 4015 2568 -1907
-6352 17164 -3710 3189 2888 -1875
-6709 17095 -4019 2197 2688 -1549
-6902 17240 -4316 1597 2308 -1197
-7208 17374 -4590 1075 1886 -909
-7489 17480 -4725 436 1429 -533
-7532 17625 -4700 -113 1045 -226
-7293 17497 -4465 -313 742 -150
-7257 17089 -4337 226 786 -38
-7208 16845 -4185 1169 571 265
-7235 16797 -4323 2326 797 656
-7401 17042 -4410 2965 1043 1134
-7397 17133 -4558 3177 1341 1435
-7582 17464 -4664 3077 1464 1500
-7871 17687 -4688 2484 1383 1317
-7920 17760 -4612 1731 1386 1055
-8226 17983 -4640 427 939 728
-8526 18025 -4670 -1632 288 584
-8590 17768 -4522 -2898 53 498
-7550 17978 -4460 -3663 227 199
-7575 17914 -4115 -3414 -449 418
-7698 18291 -5271 -2043 88 1148
-8494 18158 -5402 -1409 73 1711
-10759 19649 -6478 -701 105 2217
-12123 20709 -6003 -2380 -2075 1902
-12487 20502 -7572 -1700 -969 1422
-14004 21974 -7434 -1685 -62 1376
-14052 23859 -7642 -3135 -203 2316
-13510 25096 -6810 -6808 -1373 4222
-12488 24677 -5877 -7445 -1244 6355
-10996 25645 -5418 -8140 -1630 8712
-10241 25945 -5678 -7926 -683 9300
-10060 27406 -5797 -8084 313 10000
-8814 27960 -5442 -8287 1584 11417
-7770 28558 -4922 -8407 2903 12427
-6861 29023 -4468 -8678 4828 12704
-5656 29961 -3564 -10338 6755 13310
-4744 30075 -3260 -13526 7167 13789
-4182 29934 -3506 -16034 7552 14187
-3714 28586 -3247 -17934 7221 15149
-2115 25845 -2479 -18521 7232 17339
-1268 23937 -2105 -17745 7424 19181
-894 22922 -2104 -17654 6880 20718
-109 21674 -2410 -18043 5969 22071
1294 19448 -1846 -17891 5083 23883
1956 17500 -1098 -17420 4416 25085
2777 15370 -496 -16945 3721 25328
3441 13305 422 -17398 3192 24989
3404 12270 1148 -18810 2168 24490
4065 10142 1731 -19579 567 24041
3600 9116 2024 -18755 -2865 23942
3782 8240 2254 -15311 -8348 24635
4465 7589 3797 -8325 -13098 26263
6358 7202 3976 -1605 -13909 26594
9041 6124 4798 8359 -11932 25509
10467 6072 4633 16201 -7316 22281
11952 6181 5243 17198 -2706 19636
13037 6868 5728 12943 11 18232
13617 6214 6025 8091 1561 16797
13822 5352 6186 4475 2234 15605
14229 3620 6087 2523 2291 13688
14796 2058 6272 3097 1883 11471
14949 832 5621 6015 1890 8694
14926 -325 4916 11399 2314 4853
14002 -509 3850 16146 1694 1907
13120 156 2584 19400 49 -841
12218 122 878 20106 -1730 -3324
11820 474 110 19357 -2270 -4929
11087 990 -1274 16642 -1928 -7545
9449 1055 -2756 13392 -795 -11525
8992 2317 -3445 11618 -563 -15636
6941 2802 -4338 10417 -33 -19239
4944 2890 -4999 9368 746 -22923
3450 3494 -5330 8428 1360 -25275
746 4276 -5759 7491 734 -27263
-771 5330 -5671 6200 13 -28457
-2920 5829 -5754 6232 -98 -28869
-3472 6704 -5381 6378 -710 -28200
-4656 8201 -4853 5807 -429 -27787
-7180 9433 -4694 4322 -434 -29082
-9042 11304 -4294 2245 179 -31198
-10538 12192 -4050 122 1130 -32527
-10648 12580 -4168 -2115 2569 -32768
-11084 12024 -4488 -3199 3769 -32569
-13315 12660 -4476 -4092 3558 -30375
-14845 13982 -3470 -5289 2617 -27178
-15536 14848 -2968 -5386 2381 -26222
-15470 14440 -2579 -4633 1613 -25037
-16324 15295 -2181 -2284 1091 -23956
-17498 16476 -2060 -1370 1313 -23799
-18864 18757 -1776 -2236 1481 -24002
-19432 20444 -1792 -5090 1883 -24096
-19942 20518 -2604 -8249 2818 -23650
-20200 19092 -2902 -9355 3631 -22096
-21087 19199 -2524 -7809 3768 -18760
-21307 20128 -1733 -4133 3878 -15470
-21685 21525 -944 -715 4426 -14040
-21226 22673 -894 389 4915 -12143
-21151 23532 -806 -935 4818 -9903
-20030 22338 -369 -1951 3922 -7634
-18445 19959 -51 513 3341 -6617
-17513 19334 -525 4282 2277 -6095
-17030 19748 -1342 6928 1655 -6248
-17454 21500 -2389 8254 -538 -5293
-17639 24818 -3401 6237 -3835 -3180
-16426 25014 -3736 4578 -5071 -2230
-15364 24568 -4170 5588 -5276 -1815
-13801 24873 -4468 7860 -5003 -1275
-11789 25849 -5019 10505 -4071 -3
-10146 27410 -5861 11528 -4024 1169
-8588 27866 -6138 11090 -4581 2020
-7457 28258 -6493 9389 -5671 2697
-5974 27290 -6845 7651 -6815 3163
-4208 25776 -7095 6586 -7351 3264
-2664 24228 -7054 6207 -7019 3547
-1202 23121 -6989 5955 -5920 3613
-934 22764 -7116 5396 -5158 3678
-2079 22968 -6850 3450 -5056 4091
-2603 22393 -5915 -164 -4676 3972
-2588 21736 -5128 -2200 -4187 3650
-2401 21027 -4007 -4312 -3510 3097
-2236 19321 -2874 -6103 -2336 2559
-1894 18157 -2377 -6206 -1505 2456
-1825 17001 -2318 -5528 -1125 2434
-2054 16206 -2424 -4684 -1375 2757
-2501 15764 -2518 -3855 -1895 3173
-2992 15297 -2210 -3416 -2309 3292
-2959 14951 -1831 -3030 -1892 2723
-3126 14459 -1410 -3169 -789 1877
-3337 14130 -1101 -3252 317 1140
-3402 13746 -872 -3225 915 502
-3774 13405 -888 -2737 1015 14
-4689 13604 -1325 -2101 149 8
-5105 13848 -1649 -1524 -1258 46
-5056 13684 -1912 -513 -2081 -135
-5450 13981 -2542 834 -2491 -102
-5840 15110 -3216 1242 -3027 202
-5382 14956 -3670 1358 -2458 293
-5528 15392 -3794 1931 -957 195
-6007 15956 -3526 1691 807 -459
-6692 16645 -3185 216 1250 -1055
-7270 16926 -2925 -1385 708 -1522
-7764 16944 -2781 -2535 9 -1989
-8178 16814 -2570 -2704 -540 -2148
-8152 16636 -2276 -2270 -665 -2004
-8425 17199 -2092 -1079 -295 -1667
-8666 17759 -1775 185 1008 -1214
-8920 17912 -1780 457 1751 -1095
-9309 18080 -1609 308 2031 -939
-9588 18129 -1370 -468 1747 -733
-9612 18132 -1390 -1129 1246 -611
-9646 17788 -1120 -1552 556 -459
-9572 17382 -1038 -1637 -2 -267
-9373 17259 -910 -1496 -425 -92
-9436 16979 -1168 -783 -669 95
-9400 16948 -1489 -23 -986 314
-9502 16972 -1708 429 -1198 366
-9681 17221 -2134 714 -1454 393
-9768 17420 -2288 637 -1727 382
-9884 17564 -2447 338 -2210 335
-9724 17384 -2265 -165 -2578 211
-9178 16825 -1856 -226 -2265 57
-8926 16661 -1352 -76 -1760 -176
-8673 16412 -851 -105 -1143 -382
-8420 16257 -375 -201 -1039 -515
-8640 15704 -245 -551 -1486 -515
-7509 15769 -178 -1053 -1295 -1288
-8866 15652 -189 -367 -2365 -724
-7891 15372 -620 -163 -2483 -607
-7825 15804 -918 550 -3149 -186
-7620 15901 -1162 769 -2981 -212
-7404 16072 -1570 1561 -2823 128
-7377 16508 -1930 2058 -2337 75
-7383 16929 -2182 1703 -2065 -287
-7478 17053 -2182 1410 -1601 -141
-7496 17126 -2321 1215 -1574 38
-7147 16709 -2296 1207 -1146 67
-7182 16527 -2420 1704 -1210 142
-6880 16406 -2402 2108 -721 161