-8756 16703 1059 708 -193 -574
-8974 16824 1139 547 -468 -558
-9165 16767 1191 463 -764 -468
-9266 16593 1198 626 -1018 -316
-9226 16468 1329 984 -1143 -121
-9278 16483 1213 1500 -1292 72
-9668 16715 1318 1801 -1610 333
-9958 16921 1283 1869 -1976 778
-10225 16884 1358 1984 -2328 1223
-10413 16438 1165 2640 -2508 2313
-10600 16288 1005 3928 -2639 3210
-10990 16070 886 5095 -2957 4074
-10810 16277 661 5942 -2904 4621
-10570 16341 637 6319 -3193 4647
-10164 16330 881 6647 -3812 5099
-9105 15413 682 6986 -3157 5180
-9349 16190 510 7824 -2950 5907
-8464 16062 525 9163 -2939 6230
-8876 15918 361 10535 -3326 8304
-7998 15136 -105 13288 -4203 10602
-7077 14266 -128 17044 -4559 11958
-7001 14180 9 20666 -4995 13089
-6956 14678 -253 23406 -5590 13577
-7126 15736 -961 24839 -6254 13391
-7722 17796 -1944 24428 -6692 12730
-8154 19602 -2908 22158 -7430 12186
-8096 20872 -3716 19282 -8260 11929
-7640 21514 -4494 16071 -8202 11554
-7548 21653 -5172 13041 -8452 11875
-7041 21457 -5766 10786 -8144 12139
-6704 21921 -6401 9170 -7386 12019
-7100 22478 -7293 7535 -6805 12069
-7358 23548 -8074 5788 -6277 12352
-7178 24573 -8398 4381 -5674 13477
-6781 25344 -8454 3450 -5065 14658
-6342 25354 -8117 2275 -4282 15464
-6109 25165 -8178 1128 -3752 16295
-6225 24716 -8629 -193 -3605 17374
-6125 24673 -9032 -1664 -3516 18344
-5913 24152 -8808 -3436 -3914 19566
-4885 23437 -7998 -4800 -4434 20591
-3362 22712 -6978 -5412 -4747 21069
-2642 21812 -6058 -5476 -4756 21301
-1729 21152 -5558 -5372 -5266 21502
-1021 20314 -5741 -5141 -4926 21290
-925 20052 -5441 -5285 -5837 21755
-778 19866 -5302 -5828 -6682 21976
-213 19080 -4905 -6956 -8235 22131
1496 18446 -4172 -8179 -9085 22023
3356 17676 -3725 -9446 -9041 21159
3944 16069 -3280 -9679 -8486 20319
4988 14838 -2986 -8641 -7188 19558
5093 14050 -3361 -6674 -5235 18617
5038 13982 -3902 -4822 -3200 17547
4730 14126 -4197 -3909 -1565 16524
5141 13560 -3976 -3626 -431 16411
5109 14072 -3941 -3941 842 16231
4593 14205 -3912 -4760 867 15943
4798 13834 -3829 -5413 809 15110
5253 13264 -3466 -5748 1007 14244
5670 12865 -2916 -5610 1035 13484
6328 12486 -2453 -5165 1281 12866
6676 12649 -2410 -4439 1626 11876
7509 12950 -2009 -3798 1920 11014
8361 12862 -1617 -2927 2492 10250
8604 13470 -1601 -2230 3060 9892
9377 13922 -1476 -1783 3679 9172
10394 14150 -1192 -1489 4603 8526
10773 14725 -1212 -1082 5244 8006
11870 15400 -1237 -1192 5927 7511
12004 15566 -913 -1659 6384 7474
12708 15945 -692 -2493 6586 7552
13458 16176 -446 -3557 6758 7644
14006 15665 109 -4524 6735 7586
14408 15020 629 -5065 6438 7636
14965 14169 1049 -5390 6436 7416
15385 13502 1386 -5136 6656 6793
15944 12862 1586 -4581 7145 5872
16538 12456 1617 -3867 8069 4719
16769 12089 1534 -2922 9112 3417
16466 12134 1349 -2087 9760 2082
16117 11912 1041 -1554 9981 790
15866 11534 718 -1065 10112 -178
15589 10994 398 -512 10088 -588
15298 10632 233 87 9853 -714
14977 10102 44 778 9615 -1273
14480 9445 -173 1519 9325 -2339
13974 8834 -369 2238 9273 -3989
13097 8177 -621 2809 9385 -6284
12529 7526 -841 3180 9777 -8816
11378 7177 -1174 3483 10530 -11838
10024 6770 -1386 3602 11350 -15107
8920 6537 -1465 3172 12235 -17744
7612 6210 -1294 2392 13094 -19859
6282 5836 -1126 1223 13753 -21219
4620 5482 -897 -174 13775 -21684
3332 5310 -602 -1666 13257 -21632
1881 4941 -172 -3102 12060 -21723
458 4290 48 -3734 10609 -21776
-862 3354 492 -3045 9558 -22855
-3024 3509 641 -1375 8268 -24122
-4285 3185 610 391 7785 -26054
-5914 3692 780 2330 6822 -27626
-7673 4518 501 3351 5737 -28741
-9042 5638 -10 3261 5008 -29189
-10477 6622 1 2365 4069 -28948
-10966 7556 -330 1010 3745 -28577
-12776 7952 -261 -579 3136 -26788
-13817 9004 -48 -795 2456 -24860
-14318 10141 484 -790 1796 -23857
-14626 11628 1013 -371 1321 -22924
-15452 13380 1014 -290 1527 -22940
-15770 14614 974 -801 1363 -22831
-15986 16230 1101 -1610 1621 -22450
-16454 17829 1106 -2591 2213 -21932
-16573 18968 1258 -3027 2760 -20821
-16458 19849 1341 -2821 3572 -19345
-16165 20618 1632 -1978 4342 -17593
-15369 21684 2012 -1102 5232 -15616
-14474 23050 2336 -387 5495 -13439
-12920 24366 2489 48 5616 -11912
-11592 24761 2717 1044 5765 -11010
-10148 24870 2322 2569 5457 -10275
-9737 25081 1952 4549 5186 -10004
-9970 25712 1582 6070 4641 -9949
-10333 26552 1258 6666 3980 -9719
-11480 27785 960 6036 3515 -8569
-12496 28876 917 4117 2953 -6624
-12914 28865 1148 2034 2725 -4439
-13685 28120 1497 467 2768 -2503
-13500 26250 2134 -206 3205 -701
-13304 24592 2549 -113 4297 705
-13497 23089 3406 46 5123 2113
-13073 21845 3802 360 5840 3035
-12653 20489 4026 1046 6418 3432
-12197 19686 4013 1895 6363 3784
-11581 19068 4094 2880 6014 3837
-10952 18464 3954 4183 5576 3646
-10869 18858 3616 4873 4746 3253
-10584 19290 3210 4852 3535 3079
-9633 19405 3008 4086 2433 3099
-8341 19437 2842 3011 1554 3160
-7573 19260 2690 1884 959 2885
-5988 18500 1897 1074 582 2057
-5274 18113 1848 729 -822 1807
-3638 17637 1384 655 -885 1150
-3244 17420 1153 1035 -1069 610
-2752 17428 1181 1287 -1193 129
-2369 17806 1224 1479 -1220 -375
-1946 17856 1338 1573 -1005 -919
-1838 18302 1395 1439 -829 -1568
-2099 18995 1464 25 -912 -2182
-2406 18870 1630 -1200 -1187 -2393
-2977 18325 1719 -1588 -1534 -2480
-3406 17502 1781 -807 -1632 -2669
-4080 17298 1652 556 -1689 -2862
-4726 17386 1374 1572 -1888 -2868
-5603 17874 984 1914 -2290 -2721
-6484 18308 352 1829 -2765 -2457
-7345 19101 2 1271 -3379 -2343
-7396 19076 110 246 -3453 -1824
-6929 17729 318 1388 -2482 -1078
-7840 16985 -411 4157 -2090 -482
-8755 17623 -955 6107 -3585 527
-9034 18369 -1108 5778 -5057 998
-8518 18390 -470 3858 -6346 1236
-8025 18033 -24 1387 -6838 1098
-7905 17140 372 -391 -7380 604
-7869 16285 493 -849 -7484 -306
-8388 16029 289 -377 -7443 -1218
-8464 16060 112 7 -7372 -1424
-8371 16544 117 -38 -6746 -1409
-8286 16884 57 -485 -5564 -1028
-8317 17024 81 -700 -4645 -696
-8384 17140 28 -821 -3626 -493
-8337 17100 214 -827 -2660 -383
-8227 16960 447 -729 -1771 -246
-8452 16865 517 -455 -1170 -156
-8436 16626 513 -173 -1037 -169
-8401 16545 601 83 -1048 -90
-8393 16565 666 249 -1085 -133
-8264 16442 684 367 -1042 -235
-8052 16347 856 622 -834 -286
-7926 16336 996 840 -520 -338
-7731 16285 1044 1080 -148 -473
-7629 16206 1150 1414 189 -732
-7380 15452 1063 2716 632 -1083
-6734 14930 1132 5488 1813 -1906
-6938 14912 984 7715 2708 -2500
-7002 14709 850 10104 3234 -2750
-6867 14810 653 12288 3886 -3075
-7620 15516 253 13591 3777 -3580
-7561 15788 -143 13535 2725 -3790
-7671 16239 -614 12710 1247 -4178
-8461 16786 -808 11933 -580 -4544
-7873 16844 -1704 10139 -687 -5751
-8354 15853 -1914 10855 -880 -5147
-8440 16552 -2620 10413 -462 -4585
-8794 16432 -2784 9646 -437 -4461
-9089 16368 -2996 10160 180 -3741