-9774 14077 -1605 -1954 689 966
-9946 13692 -1549 -379 1429 1309
-10649 14256 -1817 917 1609 1476
-11226 14450 -2132 976 759 1571
-11097 14234 -2172 1407 -163 2198
-10632 14634 -2688 1795 -7 2311
-10497 14469 -2437 2493 79 2213
-10558 15229 -2960 3227 8 2008
-10431 15666 -3398 3293 -87 2086
-9929 15973 -3465 3556 -542 2085
-9639 15663 -3835 3695 -942 2373
-9568 15639 -4335 3432 -982 2930
-9520 15912 -4612 2864 -939 3426
-9449 16124 -4772 2470 -1191 3787
-9256 16312 -5068 2018 -1474 3750
-9100 16576 -5090 1453 -1787 3582
-8738 16222 -5497 1329 -1651 3617
-8845 16201 -5696 1439 -1589 3649
-8750 16150 -5988 1443 -1334 3748
-9018 16433 -6197 1358 -1238 3967
-9362 17136 -6668 1283 -1376 4293
-9990 17113 -7434 1526 -1515 4207
-9749 17474 -7822 1708 -975 4395
-9590 17770 -7836 1783 -418 4762
-8952 18123 -7346 1626 316 5564
-7956 18037 -6972 1806 1391 6232
-7478 18046 -6822 1859 1959 6369
-6833 17699 -6749 1591 2602 6638
-5934 17345 -6922 1231 3096 7055
-5270 17213 -7126 53 3981 7066
-5166 17277 -7145 -1647 4465 6913
-5004 17492 -6458 -3374 4178 6811
-4496 17336 -6162 -4732 3761 6586
-4080 17244 -6095 -6329 3719 6157
-4050 17258 -6034 -7367 3604 5921
-3400 16732 -5911 -7633 3828 5735
-3036 16528 -6074 -6881 4890 5750
-2958 16398 -6328 -5922 5919 5783
-3269 16896 -6361 -4777 6697 5799
-3234 17248 -5870 -4026 7263 5978
-3373 17776 -5368 -3908 7916 6329
-3358 17770 -4556 -4349 8625 6601
-3224 17623 -3608 -5096 8773 6499
-3292 17302 -2452 -5909 8839 6065
-3094 16686 -1713 -6339 8574 5341
-3409 15827 -2120 -6611 8183 3903
-3500 14890 -1954 -6649 7129 2659
-3088 14059 -1427 -6132 6375 2015
-2546 13476 -374 -5014 6027 1279
-2848 12705 232 -3577 6354 55
-4000 13121 397 -2927 6979 -760
-5847 15078 1920 -4622 5973 -1631
-6244 15019 2692 -6674 2573 -2934
-6825 15395 2345 -6247 -70 -3931
-7910 16373 1498 -4703 -2130 -3994
-8041 17100 771 -2263 -4069 -3792
-8958 18668 -288 -166 -4285 -3258
-10411 20363 -1716 1586 -2759 -2260
-11353 22361 -2712 2158 -510 -1384
-12764 24706 -3308 1778 639 500
-13116 26177 -3658 1895 833 2038
-12010 27512 -4344 1097 1587 3582
-12008 29328 -5512 -1233 1254 5212
-10306 29313 -5603 -3825 42 6909
-9072 29332 -5916 -4480 -446 7764
-7260 29023 -5369 -4860 -832 9389
-4501 27902 -4604 -4655 -199 11271
-3212 27785 -4592 -4224 814 12368
-1468 27322 -4388 -4063 1761 13335
111 26962 -4248 -4819 2768 14038
1488 26318 -3909 -6617 3710 14423
2002 25766 -3358 -8931 3722 14570
3194 24216 -2616 -11603 3177 14756
4992 21050 -1180 -13647 2554 14668
6104 18595 -343 -13383 2584 15237
6786 16956 358 -12341 2677 15695
7204 15902 1323 -11673 2395 15875
7706 14522 1918 -11586 1938 15201
7870 13693 1916 -11927 1034 14318
8344 12917 2216 -12725 -416 13556
9692 11112 3070 -13389 -667 12771
10386 9882 3604 -13262 93 11875
11149 8440 4003 -12357 1851 10258
11898 6908 4176 -10301 4274 7816
11718 6333 3908 -7924 6132 5690
11568 5894 3408 -6285 6770 4023
11025 6099 2873 -5083 6651 2770
10202 6854 2358 -4654 5378 1207
9875 7039 1869 -4555 4081 -293
9326 7496 1252 -4755 3600 -1594
8740 7876 912 -4979 2936 -2473
8661 7172 -205 -4925 3685 -4306
8340 6520 -646 -4113 6027 -6163
7604 5888 -1261 -3129 9926 -8518
5936 5062 -1542 -1290 14446 -11183
4925 4433 -1504 109 17048 -13294
3337 4213 -1650 924 18484 -14973
909 4981 -1861 886 17346 -14609
-1612 6372 -2089 656 13515 -13269
-3216 6550 -1674 1167 9296 -12752
-3514 6474 -1154 3317 6669 -13239
-4012 7121 -525 6346 6152 -13883
-4721 7518 109 7545 7427 -14855
-5458 8621 434 8054 8696 -15779
-6198 9274 826 7756 9960 -16829
-7744 9494 1028 6488 10409 -17542
-9517 9690 1144 4748 9372 -17041
-11214 10201 956 3593 6777 -15279
-11738 10708 844 4333 4327 -13433
-12067 10741 885 8304 1967 -10793
-11757 11720 1571 15037 1188 -7889
-12352 13413 2101 18731 2066 -7881
-13530 14942 1994 19619 2756 -9059
-15086 18048 1980 16627 2121 -11285
-15532 19110 1618 11828 914 -12891
-15907 19526 1113 8675 298 -13609
-15684 18926 564 7191 204 -13768
-15482 19886 -113 7423 956 -13279
-15956 21332 -700 8325 1336 -12637
-16746 23010 -1646 8756 1479 -11753
-17253 24209 -2608 8072 1059 -10930
-16689 24993 -3204 7121 525 -9869
-15888 25513 -3418 6136 512 -9190
-14966 25250 -3631 5305 710 -8598
-13401 24780 -3584 5033 1304 -8156
-11525 24412 -3203 4816 1955 -7539
-9056 23705 -2678 5360 3356 -7195
-8377 23922 -2486 5473 4042 -7118
-7982 24548 -2260 4435 3719 -6785
-7688 24223 -1950 2876 3310 -6576
-7229 23489 -1666 1825 2860 -6313
-6420 22632 -1155 1501 2728 -6075
-5251 22021 -561 1543 2698 -5846
-4637 21480 -18 1685 2999 -5917
-4436 20916 530 1629 3188 -6135
-4172 20129 942 1554 3352 -6392
-4266 18822 1096 1947 3348 -6679
-4682 17656 953 2895 2967 -7004
-4973 16952 328 4119 1901 -7213
-5700 16898 -341 5030 273 -7071
-7140 17854 -876 4750 -2024 -6822
-8036 18505 -1169 3060 -3850 -6739
-8340 18418 -1156 1515 -3879 -7085
-8835 18112 -916 321 -3139 -7018
-9080 17569 -1032 -384 -1821 -6855
-9273 17172 -989 -262 -966 -6467
-9540 16996 -892 248 -701 -5863
-10094 17110 -1132 850 -985 -5021
-10700 17450 -1393 1249 -2057 -3885
-10968 17554 -1570 1380 -2950 -2987
-11272 17488 -1768 1381 -3616 -2281
-11194 17225 -2021 1441 -3910 -1730
-11236 16706 -2172 1764 -3783 -1300
-11406 16438 -2500 2253 -3512 -787
-11437 16176 -2724 2783 -3363 -245
-11569 15940 -2813 3266 -3270 238
-11566 15724 -2952 3606 -3347 740
-11440 15381 -3032 4005 -3282 1130
-11542 15405 -3162 4143 -3241 1359
-11585 15529 -3246 3933 -3245 1343
-11528 15600 -3256 3293 -3206 1283
-11400 15486 -3218 2638 -2818 1133
-11210 15254 -3181 2123 -2269 845
-11326 15256 -3234 1670 -1897 697
-11192 14994 -3124 1352 -1687 724
-11068 14844 -3082 1248 -1426 727
-11042 14696 -2825 1219 -1384 770
-10940 14670 -2592 1125 -1308 882
-10782 14598 -2490 882 -1165 1426
-10456 14201 -2510 723 -655 2546
-10540 14122 -2464 1002 -33 4431
-9881 13940 -2493 2149 828 6103
-10208 13750 -1998 3928 1527 7225
-10025 14286 -1993 5365 1731 7415
-10958 15418 -1718 5520 336 6392
-10154 15986 -1310 4155 -1914 3498
-10374 16389 -1304 2116 -3601 2187
-10229 16276 -1404 -173 -5045 1713
-9548 15197 -1832 -1167 -4828 1335
-9094 14533 -2036 -394 -4077 1078
-8765 13958 -2314 1475 -3006 946
-8826 14112 -2597 3274 -1780 1055
-9293 14861 -2670 4473 -1089 1321
-9397 15494 -2773 4794 -989 1404
-9553 16124 -3068 4393 -1199 1385
-9680 16654 -3128 3493 -1405 1341
-9741 16606 -3449 2736 -1407 1072
-9886 16790 -3378 2191 -1302 926
-9764 16650 -3472 1990 -1053 990
-9762 16433 -3633 2297 -634 1050
-9896 16569 -3797 2575 -382 1264
-9877 16762 -3785 2715 -156 1402
-9874 16910 -3745 2673 113 1470
-9870 17066 -3794 2499 294 1661
-9948 17461 -3585 1985 315 1839
-9956 17430 -3509 1357 282 1958
-9912 17361 -3473 834 89 2056
-9665 17034 -3440 580 -1 2156
-9678 16778 -3349 733 -96 2342
-9536 16573 -3321 1122 -170 2463