-6507 3157 15251 -43 620 -97
-6546 3092 15316 45 675 -229
-6546 3088 15284 122 696 -337
-6617 3076 15226 240 671 -387
-6572 3021 15217 415 671 -418
-6616 2954 15274 688 757 -456
-6740 2853 15206 994 787 -437
-6725 2802 15220 1320 848 -462
-6834 2694 15189 1638 899 -618
-6954 2578 15194 1957 928 -727
-7106 2390 15292 2263 997 -859
-7404 2097 15342 2757 1138 -930
-7714 1464 15268 3556 1247 -1091
-7745 493 15252 5105 1644 -1187
-7733 -736 15177 7810 2329 -1481
-7798 -1286 14750 11505 3029 -1852
-7509 -2448 14273 16650 4293 -2617
-7426 -2424 13745 22186 5855 -2908
-7205 -2580 13324 27545 7992 -3360
-8478 -1405 12961 31373 9492 -3732
-8674 -677 12117 32767 10439 -4277
-8901 784 11402 32767 11951 -5054
-9453 1742 10676 32767 13049 -6170
-10510 2704 10270 32767 12788 -6987
-11034 3392 9538 32396 12356 -7771
-11026 3202 8974 32297 11865 -8449
-11216 2814 8520 32767 12058 -8630
-11752 3610 7708 32767 12493 -8598
-12342 4989 7181 32767 12121 -8733
-13311 6695 6849 32767 11468 -9366
-13952 7846 6244 32767 10884 -10419
-14213 9106 6134 32767 10912 -11118
-14186 10447 5898 32767 11410 -11399
-15004 12229 5344 32767 12646 -11395
-16933 15241 4047 32767 11853 -10081
-18096 17600 2624 32737 10745 -8597
-19104 19484 1860 31082 9220 -7249
-19480 20848 896 27517 6804 -4586
-19115 20778 254 24406 4268 -1302
-18768 20869 -233 23361 2657 1283
-17940 20050 -576 24192 2211 3185
-17180 19629 -1176 25866 2564 4886
-16942 20097 -1780 26513 2798 6941
-16382 20248 -2408 26703 3147 8546
-16081 20386 -2908 26153 3903 9934
-16080 21048 -3540 24634 4324 11304
-16144 22098 -4162 21538 4251 12676
-15452 21838 -4393 18145 4410 13702
-14630 21564 -4496 15044 4874 14289
-14130 20825 -4338 12695 4676 15209
-13304 20442 -4246 11048 4268 16077
-11950 19612 -4454 10216 4153 16642
-10989 19606 -4753 9848 4407 17227
-10057 20009 -5016 9317 4630 17901
-10034 19286 -5330 9593 4967 18584
-11029 19733 -6104 10289 4290 19491
-11774 20404 -6864 10793 3703 21186
-11154 20889 -6786 10776 3731 22114
-10770 22362 -5957 9076 2933 22184
-10074 22364 -5222 6639 1440 21610
-9166 21546 -5084 5363 938 21176
-8606 21069 -5613 4684 1767 21542
-7484 20861 -6076 4708 3019 22271
-6242 20573 -6586 5343 5060 22327
-7222 21038 -6950 5027 6279 22663
-7193 21628 -7374 3521 6476 23767
-7145 21164 -7446 1302 6606 24702
-7169 20721 -7613 -959 6144 25386
-6276 20186 -7286 -2898 4661 25509
-5264 18737 -6397 -4113 4134 24973
-5196 17749 -6209 -4652 3056 25690
-4612 16848 -5744 -5181 2823 25765
-4084 15561 -5390 -5025 3173 25595
-3457 15294 -5132 -4904 3748 25082
-2589 15210 -4722 -5427 3910 24224
-2378 15201 -4577 -7551 5119 23643
-3042 15086 -4201 -10525 5139 24124
-2314 14205 -3825 -13304 4872 24033
-1509 13321 -3334 -15014 4477 23300
-80 12130 -2085 -15837 4454 22522
853 10965 -1712 -16165 5361 21453
513 10690 -1733 -16406 5457 20347
1036 10184 -1369 -16261 4085 19892
2364 9420 -360 -15753 3200 19266
3057 9389 132 -14213 2613 17944
3505 9508 630 -12492 1379 16428
5049 9465 1440 -10727 846 15416
5878 9826 2120 -8915 1082 14802
6848 10318 2529 -7042 1360 14155
7134 10818 2548 -5897 1938 12665
7225 11458 2538 -5018 2280 11514
7033 12353 2544 -4986 1587 10967
7401 12893 2521 -5197 1053 10293
7666 13284 2638 -5637 306 9280
8182 13004 2737 -5543 -788 8221
8988 13098 2530 -5069 -822 6750
8885 12925 2220 -4082 -1437 5517
9868 13166 2186 -3276 -1001 4761
9996 13621 2302 -2803 -270 3997
10326 13794 2174 -2443 739 3289
10140 13914 2086 -2507 1461 2829
10690 13765 2281 -2519 1828 2630
11056 13640 2918 -2584 1761 2523
11565 13753 3346 -2675 1234 1796
11846 13714 3885 -2332 -171 482
12806 13224 4424 -1269 -1902 -504
14345 12468 4641 558 -2449 -1322
15412 11884 4696 2941 -2281 -1936
16909 11768 4132 4876 -1388 -2626
17842 11696 3504 5848 -672 -3926
18690 11290 2440 6016 225 -5319
19512 10897 1356 5589 758 -6979
21204 10026 -129 5131 1620 -8715
22817 9762 -1544 4982 2782 -10667
23080 10029 -2461 4473 4369 -12842
21868 9966 -2620 3618 5520 -14858
19570 9482 -2160 2455 6453 -16291
16349 9044 -1485 869 6336 -16824
13468 8484 -460 -1100 5866 -17049
10540 7377 397 -2743 5302 -17466
7910 5733 838 -3645 5329 -17999
5064 4114 1069 -3474 5603 -18710
2417 3126 1136 -2080 5854 -19867
240 2846 1236 -781 6511 -21964
-1569 2901 1065 -92 7340 -24587
-4088 3582 1080 -952 7737 -27066
-6084 4260 276 -2667 7569 -28670
-8661 5137 426 -6637 7069 -29418
-11036 6160 -53 -10502 5577 -29947
-13681 6466 -340 -13477 2302 -28921
-15014 6710 -500 -15069 -1293 -26945
-15192 7090 -140 -15008 -4392 -25033
-13686 6896 172 -13048 -4739 -24804
-13848 6770 -10 -8841 -3474 -24952
-13870 7265 -174 -3964 -2533 -24844
-14124 8249 -644 89 -391 -24391
-15200 10890 -1021 1864 768 -23454
-17206 13306 -1569 1025 2446 -22369
-17601 14994 -1504 -1992 2485 -20938
-18658 15560 -1228 -4546 2325 -18640
-18556 16450 -177 -5665 1861 -17133
-17916 16733 1221 -4761 2725 -16419
-17997 17965 2388 -2395 4385 -15846
-17722 18760 3272 163 5562 -14469
-16886 19593 3853 2570 6651 -12879
-16457 20750 4393 3942 6536 -11916
-15376 21072 4498 4166 5477 -11186
-14638 21040 4270 3536 3090 -10071
-13546 20809 4186 2439 69 -9191
-12184 20724 4048 1679 -2046 -9483
-10708 20265 4146 1944 -2922 -10108
-9118 19852 4373 3636 -2612 -10759
-9337 20248 4218 5490 -2199 -11305
-9717 20536 3786 7036 -2544 -11316
-11192 21784 3241 7711 -3737 -10474
-11233 22876 2988 7192 -5201 -9331
-11178 24137 2832 5697 -6375 -8835
-10630 24130 2936 4124 -7690 -8530
-9312 22884 3229 3973 -8164 -8465
-8836 21604 3178 6231 -8256 -8517
-7790 21301 3038 9389 -8021 -8320
-7878 22353 2532 11872 -7865 -8003
-8196 23369 2136 12728 -8665 -7364
-8345 24313 1589 11903 -9614 -6710
-8614 24677 1490 10124 -10615 -6145
-8376 24006 1390 8502 -10959 -5655
-8028 23185 1408 7857 -10566 -5233
-8036 22608 1397 8054 -9979 -4974
-7720 22292 1732 8525 -9257 -4552
-7745 22528 1753 8722 -8611 -4123
-7944 22785 1930 8501 -8414 -3635
-8177 22901 2024 7918 -8527 -3030
-8502 22782 2064 7083 -8935 -2344
-8734 22466 2054 6055 -9346 -1717
-8953 21860 2025 5295 -9644 -1126
-8886 20846 2036 5016 -9758 -648
-8592 20194 2108 5132 -9676 -352
-8774 19376 2109 5536 -9476 -62
-9040 18916 2106 5353 -9534 224
-9405 18653 2119 4495 -9746 330
-9703 17981 2075 3336 -10175 431
-9434 17017 2187 3118 -10365 553
-9322 16642 2204 3291 -10252 613
-9085 16416 2263 3302 -10115 677
-8620 15880 2294 3416 -9378 623
-8388 15391 2287 4415 -8033 475
-8341 15462 2216 4982 -7145 439
-8217 15720 2302 4922 -6643 326
-8353 15989 2080 4381 -6333 236
-8564 16126 2053 3611 -6594 339
-8216 16138 2137 2779 -6582 176
-8597 16352 2184 2284 -6464 -18
-8570 16532 2288 1831 -6687 -47
-8393 16621 2248 1467 -6564 -98
-8340 16884 2468 892 -6294 -254
-7878 16833 2520 274 -5901 -489
-7816 16544 2677 -94 -5255 -575
-7497 16130 2738 76 -4506 -673
-7418 15660 2860 994 -3640 -739
-7480 15845 2905 2016 -2869 -610