-6211 13844 1439 1929 13173 -306
-6032 14516 694 1937 13809 -1016
-6340 15495 627 1874 14894 -1420
-6815 16384 674 1903 15945 -1777
-7014 17170 440 1942 16567 -2123
-7615 17691 389 1710 16804 -2442
-8084 18328 -185 1386 16668 -2607
-8669 19287 -99 699 16359 -2709
-9168 19544 199 -90 16333 -2294
-10222 21354 -26 -468 15275 -1803
-10006 22740 -311 -1118 15346 -1392
-10150 23440 -318 -1447 15292 -455
-9806 23584 -600 -1473 15499 256
-9648 23712 -1224 -1048 15497 1751
-9753 24247 -1688 -645 13972 3277
-9300 24304 -1735 -661 11404 4672
-8059 24225 -1877 -516 9204 7223
-6572 24753 -2742 1059 9591 9457
-5926 25697 -3664 2463 9880 10189
-5128 25860 -4449 3968 10429 10263
-5134 26942 -5773 4391 11435 10595
-5273 27315 -6753 3856 12492 12210
-4768 27156 -7044 2391 13436 14224
-3872 25824 -6908 1369 14410 15777
-3542 25194 -6634 1039 15064 16678
-2990 23952 -6625 1272 15365 17459
-2217 22521 -6576 2120 16263 18562
-915 21327 -6534 2906 18445 19968
-534 20756 -6586 2483 20424 20569
-914 19851 -6875 1494 21085 20913
-292 19272 -7064 -360 21431 21132
-162 17204 -6407 -1611 21035 21199
682 15485 -5831 -3024 20315 21533
1582 13818 -5072 -4069 19766 21285
3001 11230 -4574 -3847 19842 20566
3975 9664 -4762 -2332 20160 18747
5314 8625 -4409 0 21602 16743
6131 9324 -4759 1570 22669 15555
5371 10321 -4428 2069 22472 14671
6276 10727 -4326 2389 22621 14590
6570 11566 -4348 3564 23594 13223
6334 11654 -4000 4532 23545 11435
6451 12242 -4279 6016 22482 10324
6272 12610 -3960 7623 20894 9690
7420 12285 -3947 9110 19181 9552
7747 12503 -3642 11281 17797 8124
8177 13210 -3626 12225 17364 7503
8390 14812 -3622 11499 17149 7010
8320 15571 -2984 8998 16292 6134
9582 15828 -2822 6574 16358 4603
8846 14598 -2093 5398 15806 3619
9187 14196 -2007 4193 15502 2896
9196 13393 -2162 3903 14340 2410
8969 13719 -2211 4160 12560 2303
9520 13888 -2288 5053 12519 2504
9137 13820 -2092 5788 12124 2528
9149 13132 -2181 6632 12835 2214
9126 13014 -2290 7110 13796 1915
9360 13276 -2428 6860 14530 1549
9515 12539 -2328 6420 15395 990
10262 11253 -2166 6286 16954 170
10452 11143 -2363 6061 18249 -1208
9394 11153 -1770 5634 17459 -2079
8104 12129 -1476 5120 14857 -1791
8014 13061 -792 4216 11946 -154
8606 13686 632 4234 8148 1887
9978 14162 1835 6011 7166 3786
11010 14565 2138 8070 8617 4683
11537 15117 1806 9398 9973 4692
11850 15380 1812 9959 10780 4977
12325 15374 1486 10045 11417 5249
13099 15785 1294 9952 11130 6611
14654 16453 1356 9325 10397 7812
15188 17278 1216 8605 9724 8425
15326 17597 1484 8109 8077 9576
16162 17130 1141 8159 7512 10335
16902 16790 744 8684 7835 10938
17540 17021 453 9226 9179 11459
18526 17418 -2 9208 11305 11501
18406 18224 -144 8153 12536 11349
18374 18754 76 5962 13084 11104
18029 17638 322 1447 12955 10689
18698 15209 1160 -1429 12713 10517
19714 13480 1642 -1008 12822 10303
20101 11922 1945 935 13087 10072
19885 10778 2060 4286 13358 9959
19754 10336 1864 6902 14045 9153
19658 10612 1746 6906 15753 6893
19131 9972 1540 3562 17751 2714
17956 8989 1056 313 17997 -518
17238 8152 1009 -1442 17178 -2372
16615 7211 1190 -1432 16378 -3716
16639 5112 1420 2642 16527 -5809
16568 5173 1282 7248 19196 -8330
15500 5656 -234 9507 21361 -10677
13904 6492 -1992 10037 23907 -13745
12502 6053 -3364 9509 28419 -17944
11869 5934 -4521 8759 32310 -21929
10222 5424 -5688 7689 32767 -23932
8684 6144 -7148 6376 32767 -23403
8328 6348 -7668 5914 32767 -22029
8080 6304 -7282 7464 32767 -20527
7017 7345 -5338 10981 32055 -19783
4572 10539 -3842 10313 30365 -20057
2484 12005 -2279 6735 27054 -20384
644 11805 -1572 5040 24710 -20634
-384 10998 -945 5589 22469 -19883
-1473 10366 -628 8222 21070 -19332
-2821 10505 -350 10068 20719 -18943
-4224 10666 -200 11418 19594 -19093
-6150 10905 -152 11832 18147 -18931
-7292 11378 157 11109 16500 -18803
-8046 11390 560 10216 15174 -19211
-8706 10871 1058 9184 13655 -19637
-9280 10344 1486 8242 12172 -19839
-10444 10511 1375 7116 10400 -19633
-11929 11120 1006 5142 7479 -18786
-12380 11236 704 4205 5981 -18400
-13260 11470 418 4572 4423 -17294
-14124 12748 248 5115 3294 -16160
-14614 13802 318 6095 3100 -14931
-16327 16567 318 7709 4227 -12573
-18076 19296 -121 8169 4646 -10512
-19386 21996 -452 7533 3897 -7556
-19760 23849 -160 6286 2694 -3565
-19436 24133 95 6602 1853 -176
-18024 22774 1193 8953 2084 2316
-16854 22534 1985 11720 3408 4098
-17308 23916 1930 13039 3580 5758
-17230 24818 1958 12436 2642 8314
-16626 25377 1969 11114 1302 10603
-15148 24705 2136 10033 21 12231
-14114 24609 1558 9642 -1059 13608
-12917 24184 924 9672 -1875 14767
-9163 22238 803 11505 -627 15656
-5383 21621 263 13983 991 15803
-790 21492 292 15199 1426 15610
2683 22648 292 14965 1404 13959
4582 24636 -53 11683 -291 11593
5434 24733 412 7933 -700 9752
6065 24409 1237 5090 84 7944
6502 24150 2024 3271 1510 6447
6136 23913 3249 1236 3519 4729
4396 24037 4506 -1683 3889 2969
3301 23730 5318 -3707 2856 2705
2532 23612 5205 -4335 1769 2531
1614 22949 4337 -3881 764 2490
941 21896 3440 -2663 114 2833
384 20983 2212 -905 294 3547
-503 20810 641 171 1329 3896
-1186 20570 18 -1566 2458 3420
-1638 19832 -210 -3051 2471 3161
-1530 18375 -432 -3679 1954 3248
-1177 16711 -352 -3008 836 4011
-461 15986 -426 -1624 150 4337
140 15969 -361 -706 -39 4312
468 16380 -282 -126 -363 3952
329 16804 -440 -113 -757 3476
124 17365 -524 -601 -1004 3043
-312 17714 -911 -1372 -1335 2524
-433 17482 -1389 -1588 -1557 2372
-364 17258 -1844 -1035 -1430 2198
-660 17301 -2274 -183 -1411 2440
-199 17378 -2590 1050 -972 2805
44 17640 -2924 1640 -465 2621
-38 18056 -3016 1324 -223 2470
178 17979 -2904 -357 -192 1838
436 17460 -2698 -1107 119 1309
536 17028 -2825 -1268 376 873
826 16896 -2726 -907 368 784
956 17148 -2904 -572 422 815
1162 17192 -2873 100 635 838
1007 17735 -3108 1525 1520 1120
1354 17832 -3350 3115 3247 1810
1250 18393 -3928 5317 5803 2116
1240 19578 -4106 6218 7329 1995
1345 19461 -3607 4151 6918 1408
1696 18385 -3102 2591 6119 712
1193 17694 -2199 1335 3949 496
1024 17776 -1788 535 2741 -56
1164 17768 -1733 -186 1860 -366
1311 17421 -1522 -1169 725 -815
1229 17209 -1446 -1696 -182 -1457
1230 17166 -1303 -2216 -1023 -1751
1460 17292 -1202 -1907 -1141 -1937
1476 17593 -1341 -1710 -883 -2081
1214 18002 -1421 -804 -459 -1959
795 18728 -1495 146 -670 -1626
448 19082 -1686 168 -1007 -1287
1036 19103 -1647 541 -1449 -1222
981 19256 -1612 709 -2095 -851
1462 18996 -1306 525 -2444 -915
1504 18669 -962 40 -2436 -1276
1405 18257 -825 -586 -2395 -1546
1054 18840 -792 -1456 -2696 -1509
1420 17825 -811 -1798 -2733 -1517
1154 17210 -561 -673 -2343 -1571
776 18036 -836 -251 -2406 -1628
628 18292 -540 -443 -2282 -1987
133 18626 -478 -374 -2386 -2119