-10934 9104 10369 -1970 3481 833
-10786 8553 10840 -1262 2269 516
-11208 8640 11104 -558 861 998
-10590 7237 10636 2273 -845 1750
-9102 4701 10086 6443 -357 2460
-10266 8520 10822 8899 -414 3391
-11273 11274 11909 6259 -3005 2229
-11514 11357 11586 4211 -3576 979
-10661 11458 11104 3298 -4875 -54
-9085 11140 11055 2568 -6409 276
-9106 11997 10865 2712 -7607 31
-8598 13058 10560 2606 -8477 392
-8504 14932 10382 606 -9510 912
-8652 16269 11054 -4012 -9943 991
-8292 15516 11288 -6513 -9476 1421
-7463 15479 11769 -7894 -8220 1344
-7590 14504 11395 -11386 -5936 2884
-7334 11473 11645 -11584 -3208 4046
-7321 9772 12970 -11328 -1378 4706
-7544 6224 13592 -8888 517 4810
-7024 3626 13946 -3405 1780 5081
-7392 4697 14692 -919 1356 6042
-8527 6693 13813 2163 1697 6330
-7828 7558 13494 6568 1188 6738
-7569 8560 12637 11330 332 8259
-7494 12952 12598 11552 957 11223
-7624 16764 12874 9893 5959 13582
-8845 21944 14450 6752 12803 17933
-11272 27440 14116 -2955 751 21718
-13180 27547 15168 -9409 5532 20354
-15306 27588 14300 -9573 9148 11617
-16245 29761 13421 -1942 10608 12036
-16506 32767 15323 2629 12713 14733
-15766 32595 14300 3692 12765 18328
-13761 28738 13812 7288 9638 24077
-10832 26928 11958 10560 8688 31351
-7265 24739 9175 14378 10203 32767
-4520 23436 8004 16569 10312 32767
-2022 23224 8904 14870 8094 32767
-742 19639 8655 10014 6529 32767
-4 15552 8251 3907 5864 32767
482 11694 8740 -727 4993 32767
945 7766 8980 -3361 3287 32767
1914 3776 8528 -2915 740 32767
3247 -42 8297 1050 -1901 32767
3909 -405 8284 4431 -3332 32767
6261 1948 8689 3482 -2005 32767
7235 4804 7964 -1567 1164 32103
8076 4644 7452 -5144 2271 29212
9583 3874 6272 -5867 3301 26148
10849 2604 4912 -2373 4820 23540
11097 2874 3958 1907 6666 21956
11116 4094 3904 4597 9100 20223
10976 6230 2542 5311 12553 18551
9490 3849 3985 8112 16106 14519
7594 6665 6173 8184 18729 10689
4658 7038 7776 5933 20297 5715
3284 6658 8300 4749 21746 2161
1661 5440 8642 4604 23002 -1341
-1525 5389 8176 5868 22449 -4813
-6337 7750 7973 6364 19604 -7619
-8369 9847 8734 4175 16030 -10096
-10301 9890 9217 1543 13016 -12495
-11447 8632 9905 332 10376 -14907
-12573 7796 10484 747 8635 -16937
-14712 8485 10583 2798 7524 -19277
-16885 12481 10212 4057 7091 -20778
-17124 14446 9902 3204 6932 -21217
-17057 15991 9910 2051 6800 -21602
-16415 16148 9365 2036 6123 -21749
-16058 17011 8237 3849 4575 -21237
-16024 18822 7314 6094 2997 -20070
-15400 20553 7220 7392 1290 -18514
-14608 21672 7094 7543 160 -17587
-13496 21942 6759 6865 -721 -16630
-11721 20217 5997 6949 -1687 -15917
-9978 20728 4889 8973 -2364 -15759
-8892 24572 4088 10357 -2118 -15251
-7686 28560 4282 9096 -1495 -15082
-6388 30347 4168 6599 -877 -14704
-5194 30212 3726 5644 -576 -13414
-2875 28896 3684 7439 45 -11374
-632 29374 4077 11339 1009 -8919
2140 31416 4756 13901 2244 -6441
3548 32767 5548 13726 3004 -4491
5133 32767 6587 10738 2945 -3210
6485 32522 7580 6042 2987 -1435
7072 31260 8494 2260 2890 -199
6774 29596 9268 -1213 2337 689
6707 26104 9775 -4018 2095 1272
5352 22958 10348 -5298 2397 2155
4926 19752 10944 -6555 2164 3777
3688 17766 11078 -8574 246 3830
2859 15164 10114 -11626 -628 5145
509 16518 11103 -14824 696 3453
-1452 13459 14185 -12712 -1016 1848
-2150 2170 20605 -2059 -3345 2823
-2613 1722 21492 -115 -6339 5793
-1972 9931 17176 -7956 -10006 4753
-1832 13060 9232 -18324 -11368 -2013
-2410 13286 8872 -21582 -7771 -3056
-1547 13204 7424 -20764 -6319 -3017
-1504 12716 7218 -19741 -3342 -3299
-540 11482 6762 -18295 1838 -2132
-2541 12093 8094 -15898 2626 -4555
-2022 11866 7384 -12807 7185 -4304
-2388 11025 7902 -9323 10629 -4402
-3614 10846 7410 -6593 14716 -3886
-4693 11067 8078 -4500 18041 -2711
-5578 12106 9653 -4059 16474 -4545
-5105 11057 9194 -3814 16094 -4592
-6077 11149 9506 -3642 15440 -3925
-7369 11328 10365 -3031 14078 -3109
-8725 12149 10532 -3391 10334 -3179
-9292 11744 11004 -4131 6284 -3040
-9928 11620 11421 -4288 3533 -2470
-10334 11754 11782 -4268 1410 -2399
-10942 12432 12320 -4676 -17 -2398
-11358 13126 13090 -5750 -1816 -3233
-10345 12199 12772 -6507 -3045 -3900
-9458 11194 12284 -6122 -3097 -3150
-9556 10996 12264 -5364 -3521 -2712
-9188 10980 12262 -4156 -4639 -1680
-8174 11121 12060 -2547 -6546 235
-7226 12355 12164 -2829 -7089 2713
-6272 14092 12406 -5205 -6924 4596
-6112 15168 12251 -9650 -7313 5445
-7566 13737 11570 -12696 -9371 1729
-6584 12485 12349 -13169 -11359 -3346
-4554 11054 12220 -12620 -11565 -5478
-3595 8895 12689 -10526 -10998 -4703
-3238 7882 12675 -6591 -10376 -3792
-3739 8120 13222 -1709 -7699 -2171
-4285 10637 14145 803 -5781 -1766
-5230 11652 14637 938 -4843 -2146
-5818 14230 15313 -665 -3253 -2475
-6565 14112 15569 -3650 -3333 -2727
-6410 13836 14885 -7510 -4502 -4631
-5384 11204 14088 -9363 -4892 -4014
-5600 10058 13596 -8674 -4186 -2888
-4877 8577 12918 -6799 -3870 -1743
-5082 8056 12937 -3080 -2612 -284
-5057 8472 13502 310 -1769 531
-4249 9611 13955 2655 -555 391
-4658 11281 14374 3472 1077 613
-4016 11560 14294 2992 2232 833
-3625 11874 14115 2125 3168 1296
-3662 11713 13846 1416 3657 1693
-3782 11418 13802 1268 3528 1631
-3804 11346 13877 1015 3096 1591
-3936 11272 13852 456 2649 1727
-4245 10862 13940 54 2072 1778
-4284 10438 14092 -283 1667 1871
-4318 10297 14246 -410 1533 1736
-4426 9996 14278 -370 1474 1578
-4385 9708 14294 104 1671 1481
-4428 9524 14456 585 1935 1323
-4445 9674 14673 1090 2144 1331
-4926 9750 14721 1291 2252 1202
-4985 9838 14753 1420 1959 1085
-5144 10058 14753 1241 1416 956
-4976 10082 14441 1117 823 845
-4796 10273 14469 1057 99 662
-4652 10733 14408 719 -438 336
-4376 10616 14569 468 -732 191
-4073 10588 14526 410 -916 234
-4097 10232 14517 618 -847 291
-4286 10353 14652 933 -564 258
-4530 10614 14670 1038 -221 225
-4781 10690 14742 1010 70 263
-5109 10888 14757 968 363 194
-5084 10970 14785 701 534 143
-5058 11197 14681 277 477 -16
-4821 10876 14349 -135 124 -198
-4370 10732 13969 -398 -342 -182
-4074 10525 13838 -466 -652 -106
-3565 10264 13821 -430 -667 -80
-3432 10362 14145 -335 -348 -219
-3581 10700 14433 -424 167 -430
-3669 10896 14656 -676 773 -632
-3724 10852 14682 -769 1426 -679
-3662 10950 14644 -786 2255 -492
-4094 11104 14708 -981 2721 -335
-4085 10800 14189 -1220 2624 -101
-4272 10332 13869 -1032 2122 -233
-4020 9966 13582 -824 1719 -205
-3965 9921 13661 -623 1670 124
-4177 9968 13912 -515 1810 389
-4289 10150 14129 -822 1512 69
-4226 10562 14436 -1128 1192 -395
-4249 10570 14248 -1450 1586 -527
-4893 10462 14533 -1857 1773 -644
-4410 10545 14573 -1918 1300 -1176
-4834 10132 14673 -1747 1949 -1285
-4752 11508 14325 -1559 3065 -871
-5282 11578 14298 -2453 1557 -1423
-5205 11052 13826 -3071 389 -1163
-5046 10957 13281 -2770 -118 -728
-4969 10214 13233 -2135 -840 -309
-4718 9929 13314 -1397 -1850 -41