-624 19085 -7905 5406 -30883 -2427
-2402 19102 -11172 -345 -24203 -1252
-3714 16848 -13141 -4514 -16967 178
-4425 16528 -14681 -5375 -11505 958
-5904 16528 -15017 -3437 -9217 1367
-5407 16285 -15042 -788 -7217 2042
-4887 16748 -14268 407 -4988 3047
-4769 16111 -13911 47 -2142 3054
-4933 15533 -13592 -1078 342 2577
-4565 14635 -12903 -1620 1933 1775
-3994 14076 -11772 -1898 3117 1168
-3697 14415 -10826 -3267 3710 713
-3613 14136 -9714 -4980 4223 333
-3060 13516 -8942 -6077 5002 144
-2516 13404 -8050 -6693 7287 224
-2332 13336 -7599 -6816 11528 -445
-2749 13726 -7154 -6718 12754 -1657
-2570 14026 -6350 -6598 13264 -2615
-2144 14637 -5064 -6689 14291 -3609
-2202 16012 -3835 -7146 15350 -4617
-1454 16003 -2426 -7243 16690 -4340
-1850 17892 -1049 -6803 18220 -2419
-1770 19801 694 -4677 19705 -318
-2265 21209 1646 -2430 21630 798
-4882 24630 1634 -978 23439 1916
-5364 27481 2163 28 22355 2857
-5344 28410 2650 1576 21154 5282
-5670 29764 2544 2852 19471 6729
-5197 30076 2258 3297 17881 7835
-5068 30060 2436 3271 16201 8844
-4768 29977 2362 2515 13443 10019
-4047 29600 2091 569 10200 11787
-2625 27933 2334 -2013 8284 13066
-2067 26027 2256 -3314 7012 13833
-1756 24800 1812 -4018 5931 14235
-1404 24320 2260 -5276 4979 14636
-1409 23676 3122 -7745 4082 14680
-2718 25276 4732 -12200 3454 14592
-2049 25836 6319 -20540 2225 14156
-751 23796 7463 -27929 1219 12524
70 20025 7642 -29803 -1375 10958
2770 16228 5901 -28054 -3497 9700
4660 12869 3565 -22696 -5855 8601
6908 8588 -280 -12446 -8639 7206
7429 7206 -3576 -2535 -10284 7230
7837 7380 -5086 3113 -10440 6910
8077 7717 -6274 6572 -8510 6408
7988 8828 -6729 7563 -4412 5151
7634 9399 -6716 5705 991 2551
7320 7920 -6194 2552 4457 26
6786 7636 -5746 -256 6730 -1663
6468 7034 -4562 -2134 7702 -3755
6549 6423 -2304 -1652 7881 -4551
6240 7630 -768 -129 7775 -4796
6582 8184 252 931 7604 -4812
6240 10544 1728 1508 7645 -4785
5801 13525 3291 1671 7660 -4678
5928 14844 3980 1485 7664 -4778
5699 15928 4057 1846 7902 -5281
5144 16770 4370 2439 8018 -5441
5031 18348 4720 3814 6305 -4394
5388 20420 4821 6128 5213 -2969
5604 22560 5094 7897 5164 -1313
5228 24024 5490 9305 4955 541
6243 27319 4990 10272 5488 2678
6901 30444 4222 10442 6693 5041
7344 31896 3948 10114 7073 6269
8452 32628 3555 8988 8037 7611
9389 32767 2794 6097 8862 10035
10501 32762 2245 3299 9040 12348
11926 30920 1918 1564 9461 14270
12876 27790 1665 1091 10212 15717
13252 24988 1325 1137 10942 16146
13285 22582 1006 1452 11359 16073
13588 20866 790 1703 11533 16141
14264 18073 514 1703 11986 15512
15466 15612 298 1472 13297 14235
15550 14176 -6 1244 14487 12918
15034 12280 -285 1502 15826 10882
14241 10218 -242 1685 16872 8267
13416 8989 -180 1355 17497 6217
12450 8029 348 651 17815 4009
11217 7553 1085 -794 18105 1468
10088 7928 1742 -2571 17978 -839
8397 7427 2095 -4467 17608 -3636
7126 6611 2363 -6206 17571 -7621
5893 5447 2049 -7133 18591 -11858
4144 5557 2445 -8244 19846 -15124
1824 6548 3034 -10564 21903 -18007
-168 7460 3284 -12676 23035 -19520
-2597 7894 3268 -15454 22352 -19922
-5432 7628 2474 -16123 18741 -18179
-6152 7202 2598 -13493 15283 -16319
-6416 6556 2284 -5834 10444 -14722
-6579 7703 1895 5342 4463 -13974
-6711 9427 413 13474 1088 -14398
-6556 10661 -992 17960 41 -14363
-6402 11658 -2264 18920 905 -13477
-7183 13608 -3054 15783 2978 -12667
-6964 13825 -3370 10637 5473 -12901
-7868 14032 -3684 8143 6797 -13601
-8906 14538 -3849 4689 7267 -14784
-9342 14467 -4114 2013 7202 -15043
-9726 14434 -3970 2616 7619 -14586
-10601 14885 -3805 4174 8196 -14361
-10968 15680 -3098 5400 8878 -13946
-11152 16274 -2369 6321 9961 -13333
-11016 17074 -2028 6720 11291 -13032
-11731 18241 -1562 6512 12770 -12806
-12300 19032 -1160 5746 13884 -11890
-12636 19965 -484 5092 13976 -10582
-11883 20070 55 4956 14003 -9335
-11364 20952 386 5316 13817 -8075
-10585 20929 533 6306 13745 -7050
-9478 21272 698 7692 14128 -6548
-9049 22217 937 9497 14658 -6675
-8690 23979 663 10846 15199 -7563
-8056 25028 920 10902 15094 -7811
-8302 26339 99 10181 15442 -8053
-8391 27692 -414 8470 14093 -7629
-7868 28669 -411 6865 13741 -6815
-8218 29741 -415 5534 13147 -6087
-7764 29505 -273 4692 12927 -4885
-8035 30083 -92 3882 12538 -3544
-8078 29684 -500 3158 11566 -2237
-9064 30866 -1024 1832 9886 -694
-8718 29854 -799 242 7118 1091
-7456 29408 -1000 -178 5996 1987
-5886 27344 -256 335 4850 3534
-2928 23938 1069 2116 5547 5016
-1325 22421 1737 3649 6788 5182
-377 21390 1966 4952 8034 5027
216 20691 1963 5053 8940 4584
-43 20645 1554 3594 8862 4453
-32 20176 1206 1188 7647 4471
505 19377 1210 -449 6900 4402
253 19101 900 -1511 6256 3949
319 18433 628 -2120 5552 3578
852 17940 442 -2268 5249 3072
825 17786 108 -2663 4924 2314
637 17687 -257 -3567 4841 1218
150 17624 -486 -4262 4891 746
-365 17504 -587 -4862 4656 603
-1270 17905 -730 -6242 3722 946
-1606 17520 -898 -7324 2406 1694
-2025 17226 -1028 -7333 1433 2196
-2540 17039 -1090 -6239 528 2269
-3102 17450 -1379 -4507 -142 2055
-3652 18066 -1742 -3176 -300 1930
-4682 18566 -1924 -3751 25 1046
-4901 19915 -2831 -3515 -66 750
-4029 20065 -4150 -1934 2010 1599
-3174 19402 -4022 -1746 4385 2065
-4062 21018 -3926 -3723 4536 2062
-4634 20780 -3838 -5162 3259 2142
-4797 19535 -3572 -6289 1520 1642
-4696 18843 -3480 -7002 84 682
-4232 19105 -3062 -8779 458 -496
-3306 18938 -2362 -11153 1882 -1164
-2585 18536 -2112 -13480 4515 -1422
-2572 18716 -2038 -15433 7256 -2210
-3058 18118 -1980 -16062 8955 -3025
-2156 16782 -1534 -15932 9890 -3749
-3784 16972 -2188 -14605 10515 -3078
-4509 16461 -1630 -12403 7805 -1289
-4024 16224 -249 -9201 5952 -307
-2945 16792 816 -5959 5718 -416
-2658 17237 1622 -3510 5732 -378
-3216 17654 1773 -2645 5510 -103
-4157 18226 1383 -2815 4984 290
-5073 18538 1123 -3742 3549 1009
-5434 18382 1061 -4264 2503 1604
-5244 18027 1350 -3923 2563 2221
-5089 17838 1856 -2574 3505 2497
-4937 17581 2038 -1451 4388 2554
-5337 17666 1885 -288 5442 2713
-5056 17828 2122 284 5881 2393
-5305 17638 1956 926 6331 2280
-6087 17736 1877 1131 6509 2154
-6212 17749 1705 673 6574 1965
-6149 17889 1577 4 6579 1798
-6145 17836 1772 -663 6461 1641
-6176 17920 1674 -1336 6396 1649
-5765 17771 1782 -1834 6330 1397
-5485 17470 1670 -1972 6245 1195
-5428 17588 1765 -1847 5807 1234
-5068 17121 1596 -1840 5931 1217
-4905 17344 1585 -1330 5793 1371
-4650 17460 1472 -945 5697 1459
-4410 17615 1300 -651 5605 1475
-4386 18020 1062 -521 5497 1272
-4493 18125 948 -1039 5297 1200
-4284 17940 868 -1323 5399 1241
-3728 17836 838 -2347 6024 878
-3244 17965 944 -3515 6116 256
-3040 18037 1041 -4346 5901 -45
-2952 18008 968 -4959 5798 -221
-3172 18167 918 -5581 5439 -302
-3209 18244 932 -6214 5077 -90
-3236 18280 984 -6542 5144 86