-2713 17434 5752 -3205 -4857 1863
-2316 16913 6014 -2189 -4031 1447
-2273 16768 6033 -1243 -2993 1087
-2233 16904 6037 -1102 -2181 863
-2142 17040 5934 -1473 -1489 850
-2145 17225 6100 -2380 -840 965
-2482 17722 6265 -3983 -698 1285
-2445 17928 6484 -5937 -408 1485
-1946 17373 7021 -7028 740 1225
-2164 16953 7750 -6997 1595 563
-2216 16845 8113 -6451 2314 -128
-2536 16921 8572 -5971 2872 -588
-2861 17488 8812 -6082 2912 -500
-3325 17434 8900 -6544 2434 -59
-4329 18188 8684 -9181 409 1178
-4764 17837 8753 -14113 -2336 2205
-4338 17077 8677 -17045 -3226 3120
-3434 16152 9184 -18212 -4361 3166
-2773 14529 9048 -17603 -5029 3233
-2384 13238 9312 -15734 -4978 3575
-1872 13123 9726 -13751 -3372 2930
-1834 13028 10296 -12608 -2063 1985
-3014 13829 10681 -14445 -1800 2188
-3918 15565 10380 -19494 -3193 3265
-3146 15176 10738 -23830 -4279 3917
-2168 13318 11312 -26009 -4265 4057
-1424 12417 11994 -26968 -3862 3880
608 9112 12584 -22814 -1847 3232
2380 6218 13441 -13894 4884 1052
2602 4838 14098 -4182 11550 -1611
1324 6369 13654 10150 20334 -4789
-2076 10012 12216 19062 30466 -9078
-5284 14112 11416 18857 32767 -9399
-7881 17710 11601 16296 32240 -7596
-9082 18152 12820 17067 30380 -4817
-10870 18480 13113 19860 26436 -1576
-11384 21540 12638 20451 22370 1121
-10687 22154 11492 19845 16214 3330
-10509 22894 11032 19345 9741 5509
-9480 23380 10595 18189 4593 7582
-7220 23690 9425 18391 2069 9471
-6048 26230 8214 18264 1153 10627
-4684 27881 7713 16201 983 11624
-4150 29192 7410 13420 477 13066
-3460 29673 7632 10488 355 14025
-3996 30300 7448 8165 244 14709
-3987 30075 7364 3816 363 15645
-3470 27564 7616 -564 99 16835
-3153 25497 7257 -2517 -65 17668
-2621 22986 7470 -2672 -910 18744
-1966 21017 7068 -2168 -1561 19480
-1990 20530 6978 -2024 -2131 19984
-1950 19162 6995 -1909 -3563 20669
-2757 18886 6428 -2987 -5129 21249
-2557 17454 6374 -4980 -7672 22455
-1476 15036 6340 -5908 -9396 23033
-720 13950 5805 -4830 -9807 22825
725 11390 5766 -2626 -9036 22335
249 10280 5906 406 -7868 21741
-593 10956 5777 2099 -8106 21860
69 11387 5777 1808 -7800 21305
611 10537 5893 -57 -7881 19397
1004 8925 5225 -295 -7850 17792
554 8628 4178 388 -8239 16620
2460 6624 3805 1782 -8395 16187
3480 6188 3508 3429 -7642 16206
4372 6014 3482 4903 -7910 16860
6342 5622 3321 6548 -7390 16689
6702 7273 3368 7615 -6833 15208
8321 9057 3274 6301 -7172 13586
8636 10355 2856 3628 -7315 12500
9288 11210 2914 702 -8580 12283
10618 11726 3050 -1419 -9088 12286
12988 11541 2917 -1842 -8987 11709
16095 10222 2835 1845 -7610 11012
16536 10300 2272 5967 -6140 11299
15727 11159 2275 9277 -5757 12973
15735 12706 2767 10608 -5141 14562
16486 15190 3741 8566 -5282 16617
17473 15812 4561 5684 -4677 18736
17638 15389 4784 3999 -4229 20401
18587 12444 4644 4780 -3115 21562
18786 10186 4776 7903 -1651 21779
18941 9411 4528 10469 -791 21878
19664 8640 4628 12142 444 20920
20124 8479 4957 11567 1154 19103
20273 7709 4512 9988 628 17195
20648 6112 4438 9261 555 15383
22137 4405 4342 9780 1492 13537
22934 3190 4313 10606 3193 11373
23495 2088 3354 11387 5625 6806
21550 964 2296 12145 6291 2614
20476 181 1178 13069 5866 -474
19636 -382 155 14086 5440 -4255
19318 -586 -598 15044 5766 -7333
18545 -579 -1484 16102 6799 -11242
16548 -749 -2192 16799 6826 -14572
15416 -546 -2860 16927 6352 -16779
13553 -1383 -3827 17412 5702 -19267
11424 -1520 -4988 17597 4678 -22670
9909 -1160 -5190 17049 4075 -25380
9058 -273 -5129 15335 4215 -27798
8133 293 -4782 12900 4883 -30314
5818 1093 -4357 7876 6400 -32589
3429 1456 -3910 2310 8310 -32768
514 1636 -4042 -1193 9777 -32768
-2404 1726 -3847 -4212 10319 -32768
-4836 2318 -3174 -5748 9786 -32768
-6450 3220 -2390 -5877 8675 -32768
-7882 3462 -1484 -4389 7624 -32768
-10437 5078 -1014 -2480 6740 -32768
-13592 7420 -1514 -1287 8450 -32768
-16241 11037 -1368 -2638 6939 -32768
-16016 12732 -1244 -4057 5720 -32768
-15440 12593 -961 -5002 6451 -32768
-16572 14288 -828 -4111 7908 -32186
-17062 17984 -78 -3582 10040 -30473
-18036 20020 586 -3508 11783 -28539
-19187 22677 742 -3874 11681 -24904
-18850 24034 1786 -4116 10738 -20570
-18154 25122 2544 -4201 10621 -18074
-16651 25249 3543 -3005 11042 -15918
-15547 24699 4360 804 11944 -13343
-14555 23803 4575 4889 11491 -11202
-13325 23705 4213 7562 9480 -9999
-12538 23749 3341 9034 7018 -9508
-12982 24884 2170 9286 3582 -8661
-12201 26652 1399 7888 -121 -7521
-10456 27584 518 5880 -1507 -7263
-10116 28262 -98 4800 -1610 -6963
-8900 28197 -325 4587 -1278 -6133
-7326 28558 -296 4480 371 -5053
-7364 29204 -37 4243 1774 -4372
-5304 28818 486 3579 2517 -4092
-4144 28617 900 3793 2426 -4005
-3952 28638 1070 3923 1040 -3404
-3092 28814 1006 3882 -630 -2713
-2682 28701 1333 3603 -2284 -2529
-2037 28444 1512 2988 -3619 -2201
-1685 28006 1390 1401 -4541 -1298
-1386 27276 1214 -792 -5057 -326
-798 25698 1280 -1946 -4976 -82
-584 24281 1246 -2490 -4602 2
-207 22057 1576 -2315 -4009 -602
-309 21018 2059 -5918 -4809 -566
-1164 18840 1508 -10613 -7346 -109
-1010 14828 213 -13450 -9922 -368
218 9180 -52 -10578 -10898 -2205
1441 7183 -213 -2338 -9398 -4815
682 8820 -574 2475 -6432 -6051
-1868 12952 -819 2874 -3707 -6773
-4504 16479 -1092 -2375 -2012 -6708
-5154 17554 -557 -5998 -1352 -6338
-5694 18053 96 -6244 -1025 -5817
-6056 18444 546 -5089 -910 -5695
-6462 18560 997 -3614 -686 -5629
-7103 19235 1684 -709 -1247 -4746
-7590 20397 2109 1061 -1936 -3702
-8144 21414 2518 949 -2778 -2684
-7869 21537 2814 263 -3323 -1655
-7613 21098 2696 57 -3304 -1144
-8000 20997 2632 508 -3485 -1012
-8044 20724 2644 993 -3751 -815
-7850 20457 2611 1515 -3779 -231
-7914 20289 2569 1172 -3991 512
-7836 20178 2702 210 -4313 940
-7300 19486 3012 -1100 -4437 1134
-6623 18406 3541 -2298 -4585 942
-6244 17988 3938 -3354 -4859 551
-6252 17607 4175 -4589 -5781 -357
-6346 16736 4530 -5449 -7307 -1197
-5496 15935 4898 -5411 -8171 -1412
-5404 15364 4781 -4294 -8004 -1540
-6008 14992 4374 -2385 -7560 -2155
-7138 15120 4031 415 -7190 -2839
-7775 16538 3720 1912 -6292 -3181
-8215 18050 3671 259 -5183 -2908
-8181 18305 4106 -2623 -4292 -2393
-7793 17850 4564 -4893 -3697 -1956
-7360 16806 5084 -6369 -3354 -1693
-7226 15016 5119 -5348 -3747 -1620
-6363 14672 5785 -3899 -3514 -2200
-7563 15657 5705 -412 -4708 -2134
-7408 15996 5246 937 -5097 -1482
-7605 17390 4950 942 -5126 -1361
-7778 17893 4909 51 -4760 -1255
-7898 17906 4844 -338 -4526 -693
-8302 18156 4848 -756 -4548 -266
-8211 17397 5060 -484 -4365 -341
-8126 16566 5289 993 -3949 -464
-8481 16680 5529 2885 -4000 -133
-8810 17090 5540 3114 -4037 385
-8628 17416 5604 2473 -4109 926
-8638 17365 5304 1540 -4010 1318
-8473 17265 5109 869 -3893 1583
-8260 17224 5260 562 -3892 1776
-7972 17069 5332 283 -3761 1815
-7702 16738 5400 334 -3444 1720
-7522 16748 5564 595 -3164 1803
-7402 16804 5515 549 -2936 1979