3460 17462 2489 6245 -2741 -10351
2119 16962 2120 6705 -3567 -11292
1348 16428 3092 8044 -5814 -12270
572 16329 2944 7236 -6338 -11297
513 15228 3095 5446 -5769 -10529
-372 13531 3664 3612 -4881 -10656
-1821 13471 3329 1402 -5139 -11308
-1480 13570 3122 -229 -6543 -12917
-1559 13860 2011 -876 -6593 -14582
-1634 15050 1281 -1879 -6858 -15082
-1338 15173 910 -1589 -4782 -15038
-1928 16316 -77 -936 -4232 -15429
-2856 17128 -876 133 -3893 -15588
-2592 18859 -1357 -1288 -2011 -16305
-2754 22720 -2001 -3720 -1239 -14915
-2620 24321 -2213 -6192 -2010 -13026
-1801 24629 -2740 -8181 -3650 -9059
-1048 22786 -1916 -8795 -5367 -2542
-1968 22816 -976 -5266 -6674 1429
-2208 22732 -256 -1381 -7852 3295
-2230 22636 321 2007 -8281 4748
-2409 22464 1602 4503 -9259 5988
-2493 22500 1877 6071 -10376 6328
-2921 22185 2154 7432 -13073 6599
-3971 23438 779 8433 -16319 7133
-5050 24704 102 8953 -19361 8659
-4222 24848 -137 9734 -20838 10405
-4676 25073 -110 10847 -21666 12488
-4419 24250 -391 11309 -22083 14001
-2916 22354 36 11369 -21506 14360
-2351 20497 -298 12426 -20903 14209
-382 18818 -970 13604 -19032 14115
705 17616 -1340 14150 -17593 14140
1030 17152 -1670 13950 -17040 14096
2127 15713 -2070 13858 -16706 13856
2466 15008 -2760 13615 -16264 12717
2563 14352 -3570 12815 -17303 11449
3776 13350 -3805 11556 -18171 10072
4350 12820 -4129 10203 -18561 8734
4981 12514 -5126 8514 -19278 6756
5807 12937 -5747 6125 -19919 4564
6268 12618 -6058 4641 -19745 2608
6424 12910 -6830 3363 -18921 1046
6872 12628 -7570 2064 -17465 -139
6517 12824 -9036 1171 -15627 -1188
6284 13346 -9686 860 -14341 -2058
5097 14978 -10061 769 -13060 -2544
4342 18309 -10346 -278 -12322 -1520
3596 20479 -10510 -1446 -10939 -99
3142 22125 -10454 -1288 -9130 1334
2866 22606 -10313 -549 -7053 2355
2190 23077 -10364 -214 -5243 3761
2144 23702 -9964 -996 -3890 5314
2352 23808 -9506 -2842 -2637 6541
2242 23460 -8929 -5480 -1714 7728
2882 21972 -7913 -7915 -1507 9480
3740 20620 -7178 -8865 -1112 10237
4493 19157 -6673 -8782 -571 10492
4973 18016 -6130 -7689 35 10729
5245 17424 -5536 -6170 273 10787
5453 16942 -4926 -4854 477 10897
5684 17120 -4168 -4012 687 10711
6422 17432 -3517 -4554 975 10205
6881 18168 -3049 -5778 989 10033
7571 19029 -3072 -7738 449 9914
8739 18650 -3229 -8744 -46 9464
9652 18430 -3340 -8199 65 9052
10364 19489 -3593 -7661 880 8528
10642 21157 -3333 -8257 1792 8277
11243 21850 -2432 -10432 2893 8444
11452 20750 -1986 -12676 3814 8226
11812 19138 -1730 -13554 3952 8225
12518 17330 -2009 -13843 4544 8293
13342 15336 -1902 -12966 5303 8137
14238 14152 -1792 -11582 6767 7666
14360 13794 -1272 -11107 7749 7178
15023 12934 -728 -10843 9010 6317
15376 11557 409 -10289 9800 5185
15141 10328 525 -9370 10786 3094
14252 9501 -110 -7971 11141 213
13761 9340 -718 -6554 11457 -2620
11382 10228 -1896 -5437 11014 -5198
10328 10794 -2700 -4295 9635 -7536
9877 10442 -2785 -2880 9019 -9184
9849 10620 -2458 -2204 9710 -9364
9549 10330 -2086 -2124 10484 -9023
9217 9666 -1560 -2642 12046 -8817
8125 8653 -608 -2939 12858 -9095
6902 7813 154 -2599 12820 -9901
5549 6885 1085 -2146 12415 -10969
3358 6131 1536 -1516 10780 -13127
1156 5318 1551 -71 7838 -15761
-600 4802 1372 2179 5006 -18154
-1141 4927 1439 4336 3807 -19975
-2356 5568 1392 5463 4228 -21463
-4138 6636 1817 4682 4763 -22810
-5552 7264 1950 2992 4790 -23624
-6996 7689 2076 831 4078 -23198
-8340 8146 1986 -1093 2737 -22533
-10975 9105 1758 -1603 322 -22026
-12228 9791 1529 -186 -2274 -22557
-13321 10892 1300 2244 -3338 -22812
-13621 11976 1082 4686 -2857 -22367
-14191 13529 1214 6499 -1411 -20608
-15233 15529 1400 6871 242 -18714
-16812 17210 1364 6343 1101 -17983
-17906 18795 1818 4959 702 -16887
-18824 20335 2076 3000 -75 -14454
-19504 20702 1924 2631 -1129 -12070
-19372 20026 1926 4875 -2287 -10443
-19372 20232 1224 9320 -3305 -9815
-18687 21290 964 13554 -4068 -8192
-17714 22360 548 15050 -3824 -6146
-17053 22678 178 14244 -4259 -4522
-16145 22778 -201 12496 -4776 -3356
-15245 22512 -746 10504 -5996 -2495
-14434 22476 -1670 8792 -7262 -2089
-14121 22239 -3240 7870 -9066 -1960
-12991 21437 -4610 9805 -10437 -2132
-12058 21790 -5709 13569 -9819 -2441
-11656 22938 -6536 16223 -9298 -1527
-10469 24932 -7693 16902 -8089 -572
-11457 27345 -8989 14948 -8045 608
-10450 28478 -9468 12086 -8155 1911
-9082 30030 -10107 7173 -7535 3100
-7304 30341 -9898 3232 -5882 3532
-5930 29678 -10020 2784 -3927 3278
-5414 29427 -10140 5447 -2719 2762
-3736 29601 -10781 9627 -749 2601
-2801 30772 -10404 12136 -177 3016
-1929 32016 -9417 10685 309 5132
-1314 32676 -7717 6574 -704 8002
-558 31688 -6646 2031 -244 9431
-573 30062 -5278 -2483 371 10529
1220 25876 -2125 -5572 1125 12390
1534 22380 -222 -5388 3855 13217
637 21121 1113 -4414 4805 13665
512 19555 2492 -6348 5650 13010
-573 16821 2985 -9652 2939 12308
176 12666 2570 -11831 -512 11809
636 7740 1689 -9981 -4069 10588
2247 5150 1204 -5323 -5072 8111
1565 5704 268 -1311 -4508 5101
1038 7469 -166 -376 -3909 2692
684 9430 -192 -1228 -2866 1163
-238 10926 -442 -2360 -2220 13
-1061 12406 -457 -3551 -1367 -1048
-2193 14693 -431 -4011 -866 -1395
-2903 16224 -315 -3529 -1628 -577
-3276 17580 -177 -2242 -2336 120
-3207 18338 -162 -107 -3008 389
-3240 18773 -633 2615 -3072 205
-3452 19880 -1350 4513 -2441 109
-4048 20776 -2018 4465 -2513 188
-3947 20822 -2215 3322 -2604 433
-3682 20514 -2276 1781 -2505 1202
-3504 19912 -2185 755 -2255 1781
-3424 19432 -2300 241 -2055 1937
-3121 18514 -2169 276 -1915 1948
-2510 17647 -2083 1126 -1292 1534
-2074 17377 -2074 1472 -721 1085
-1886 17454 -2128 1114 -506 835
-2011 17328 -2322 249 -351 286
-1957 17028 -2372 -236 -20 -245
-1834 17028 -2324 92 365 -761
-1928 17401 -2254 416 792 -1078
-2266 17612 -2293 870 958 -1339
-2780 18003 -2216 1032 1017 -1526
-3228 18346 -2342 967 772 -1647
-3317 18588 -2277 816 571 -1688
-3134 18572 -2154 678 735 -1759
-3389 18792 -2185 448 945 -1844
-3984 18803 -2518 24 1087 -1659
-4034 19336 -2365 -1726 1184 -1479
-3725 18232 -2137 -1902 486 -514
-3556 18690 -1654 -2261 597 -642
-3534 18556 -1957 -3164 1034 -1189
-3558 17628 -1569 -1174 590 -1051
-3885 18329 -1404 -804 660 -1502
-3906 17973 -1297 -61 -123 -1086
-4006 18185 -1252 -16 -677 -714
-3902 18022 -1397 -201 -1097 -619
-3850 17952 -1482 -82 -1483 -525
-3426 17827 -1523 158 -1649 -497
-3372 17950 -1605 463 -1590 -609
-3514 18106 -1570 388 -1528 -706
-3600 18060 -1612 -77 -1269 -853
-3562 18049 -1819 -7 -1432 -579
-3540 18378 -2245 169 -2000 -414
-3237 18372 -2759 -302 -2279 -386
-3036 18330 -3245 137 -2523 -104
-2869 18646 -3438 724 -2886 66
-2534 18433 -3858 946 -2786 234
-2776 18463 -4204 834 -2353 317
-2961 18253 -4543 878 -2320 567
-2789 18341 -4552 795 -2305 811
-2314 18341 -4706 715 -1778 784
-2537 18712 -4908 672 -1466 728
-2516 19213 -4818 551 -1447 798
-2620 20033 -4781 -119 -1250 824