-374 18922 -152 2322 2326 531
-617 19082 -88 2437 2677 614
-666 19477 32 2236 3170 783
-945 20005 404 1320 3430 509
-1344 19902 656 546 3496 482
-1346 20176 758 -578 3256 368
-1577 19946 1035 -1588 3448 310
-1782 20138 1385 -1789 3780 36
-2185 20302 1213 -2124 3789 16
-2900 20200 1120 -2274 3140 222
-3130 20564 1262 -2862 2746 382
-2996 21008 1664 -3236 2142 383
-3059 20849 2219 -3861 769 446
-3207 20726 2341 -4401 -1182 954
-3279 21156 2656 -5321 -2681 1642
-2954 21530 2714 -5466 -2983 1819
-3069 21958 2932 -5377 -2762 2355
-2900 21701 2921 -4954 -2800 2993
-3246 21625 2613 -4572 -3619 4145
-3070 21310 2008 -4256 -4566 5627
-2842 20996 1668 -3677 -5475 6817
-2375 20773 1762 -2749 -7317 8109
-1605 20312 1484 -1252 -10413 9605
-868 20204 1033 -873 -12496 11513
-106 19792 738 -872 -12712 12389
85 19672 398 -551 -12331 12843
366 19480 30 186 -11744 13114
609 19599 -682 320 -10971 13297
774 19668 -1048 -626 -10531 13806
1197 19224 -1221 -1658 -10383 13642
1786 18540 -1442 -2020 -10040 13435
2448 17555 -1900 -1745 -9231 13203
3151 16822 -2185 -1788 -8510 13131
4685 15902 -2688 -1469 -6882 12476
5064 15280 -3438 -560 -5434 12318
5201 14660 -4192 1599 -5704 14732
6617 15739 -2203 2166 -8905 16656
8157 14214 249 2146 -11748 14160
9573 13961 1708 1977 -13086 11239
10876 14830 1286 734 -12975 8431
11608 14901 338 -637 -11763 7041
12536 14705 -1002 -1586 -8571 6473
13986 15337 -1418 -2483 -5462 6151
14373 15584 -1596 -2697 -3513 5279
14625 15182 -2554 -2619 -1710 5333
15064 15206 -3122 -2063 -154 4834
16044 14375 -3958 -1096 2232 3653
16424 15511 -4448 -2314 5914 998
14824 16850 -3468 -5497 6930 -224
15221 16339 -2210 -8205 7190 224
16580 15749 -476 -9636 7292 297
15686 14566 632 -8404 8457 1481
15559 15029 1656 -6351 9729 1312
15369 15956 1900 -5393 11398 1260
14438 15818 2378 -5159 12120 977
13457 15150 2804 -4703 12038 718
12969 13692 3205 -4436 11423 -598
13029 12233 2948 -4171 11029 -2499
12631 10782 2466 -3797 11207 -4465
11546 10665 1948 -3732 10581 -5776
10441 10934 2030 -4236 9991 -6533
8578 11090 2462 -5849 9897 -8330
7088 11192 3825 -7041 10301 -10731
6644 10934 4469 -6745 11520 -12947
5389 10273 4783 -5464 13188 -15423
3873 9333 4290 -2877 14370 -17397
1104 9006 3900 -783 13564 -16229
-486 9525 3452 1155 10863 -14329
-856 9273 3401 3016 8310 -14021
-1072 8834 3378 5257 6121 -15067
-988 8634 3320 7155 4986 -16259
-1451 8804 3420 8499 3177 -18209
-2432 8918 3230 9126 2069 -19897
-3324 9424 3341 8535 1693 -21615
-4682 10112 3457 6771 1828 -23247
-6258 9930 2874 4498 1203 -23050
-7626 9471 2344 2429 -402 -21770
-9032 9688 2260 1615 -1810 -21308
-10336 10867 3166 1135 -3127 -20834
-10482 11593 3978 698 -2906 -20883
-10812 12006 4702 441 -2229 -21067
-11133 11816 5108 339 -997 -21516
-12084 11328 4690 550 -256 -21647
-12954 10922 3836 647 -618 -21298
-14375 11121 3201 819 -2740 -19717
-15616 12297 3033 1144 -4922 -18636
-17331 13873 3448 603 -6487 -18993
-17858 15958 4082 -525 -7368 -19956
-18117 17344 4469 -1909 -6990 -21033
-18598 18460 4536 -3250 -6045 -21359
-18670 19216 4702 -4583 -4810 -20967
-18948 19414 4449 -5573 -3310 -20176
-19052 18517 4592 -6225 -1898 -17585
-18823 17104 4654 -5378 -800 -13443
-18333 16645 4729 -4453 -407 -10429
-17409 16416 4665 -3917 135 -8930
-16902 15916 4885 -3293 622 -8709
-15749 15426 4872 -2519 1054 -8681
-14732 14928 4841 -605 2775 -8963
-15502 15436 4831 2203 4015 -8817
-15877 17356 5014 4547 4915 -7595
-16188 19674 5336 4758 5709 -5502
-16837 21822 5519 3361 6079 -3561
-16941 23144 5895 1195 5601 -1842
-15786 23084 6144 593 5500 -311
-15230 22937 6756 2185 5305 1869
-13862 22695 6901 5689 5385 2897
-13414 22958 6102 8392 5832 3206
-12876 23308 5368 9750 6006 3780
-13078 24001 4441 10456 5120 5032
-12669 24697 3772 10109 3442 6680
-11456 24937 3454 9264 2208 7513
-10950 25264 2920 8126 1095 7435
-10140 24449 2240 7619 27 7593
-9676 24234 1794 7444 -1051 8559
-9232 23930 1124 7934 -2151 9532
-8191 23419 420 8969 -3096 10530
-7489 23529 -237 9573 -3335 11595
-6562 23571 -702 8732 -3245 12629
-5550 23179 -983 6883 -2688 13162
-5258 22854 -1138 5363 -2130 13567
-4500 22310 -1272 4353 -1513 14150
-4575 22128 -1556 3545 -892 15443
-4062 21614 -1453 3009 -617 16373
-2896 20267 -1150 3476 339 16759
-2276 19654 -884 4124 1352 17184
-1923 19161 -1309 3738 1834 17268
-1202 18422 -1274 3026 1525 17736
-750 18786 -1311 1647 1668 18022
-612 19088 -1028 -118 1433 18219
-378 18424 -660 -1510 1216 18316
106 17324 -294 -1713 1162 18347
900 16438 36 -595 2035 17990
1203 16472 168 842 3855 17686
869 17294 42 527 4291 18192
1003 17520 -36 -648 4200 18404
1356 17026 88 -1541 3826 18412
1698 16526 64 -1927 3680 18321
2142 16173 588 -2487 3482 18374
2698 15489 914 -2947 3591 17978
2702 14957 909 -3277 3791 17413
3539 13546 1313 -2584 4481 16750
4276 12666 1738 -1453 5466 15893
4819 11951 2081 -124 6599 14867
5402 11213 2549 921 7808 13691
5672 10980 2600 1341 8443 12936
5444 10289 2942 1201 8553 11576
4706 10115 3188 583 7278 9266
4154 10226 3322 223 5473 7797
4001 10472 3132 107 3789 6341
3877 10370 2892 887 2443 4669
3742 10169 2488 2471 1987 3107
3684 10322 2265 4355 1886 1792
2709 11503 1500 6558 2293 -343
1776 13030 1012 7231 1961 -2311
1661 13682 741 6493 2181 -3519
768 14464 293 5254 2568 -4429
-81 15522 329 3811 2002 -4677
-692 16854 -134 2347 1651 -4962
-1580 18048 -256 1272 -117 -4847
-785 18772 -441 1193 -1158 -4829
-352 19438 -602 2027 -1774 -4914
-24 19912 -784 3662 -2052 -4989
400 20384 -913 5558 -1636 -5007
234 21602 -1297 6708 -794 -5140
-146 22432 -1473 7052 -507 -4948
336 23142 -1637 6552 -219 -4494
952 23828 -1852 4915 215 -3894
1592 24079 -1917 2831 505 -2850
2187 23837 -1805 1404 550 -1872
2404 23020 -1584 814 480 -1301
2298 22371 -1339 1114 86 -685
2197 21814 -909 1131 -100 -50
1810 21468 -812 1067 -213 272
1783 20798 -631 816 -332 446
1786 19902 -411 474 -415 717
1552 19074 -160 -33 -730 850
1417 18360 -18 -523 -1373 843
1325 17836 96 -1034 -2037 637
1553 17274 145 -1454 -2443 284
1961 16695 87 -1154 -2645 -276
2550 16262 -429 40 -2885 -869
2798 16297 -598 1771 -3052 -1361
2978 16928 -798 2617 -3121 -1784
2987 17557 -1241 2782 -2980 -2419
2508 18682 -1822 1360 -3045 -2987
2322 19258 -1944 198 -3175 -3121
2240 19365 -2136 -1045 -3021 -3140
2352 19077 -2474 -1498 -2641 -2787
2151 19238 -2676 -711 -2206 -2407
2120 19406 -2823 279 -1643 -2171
2146 19468 -2876 694 -916 -2234
1946 19467 -2884 851 -386 -1952
2012 19522 -2784 922 -104 -1559
2257 19618 -2671 507 165 -1256
2364 19484 -2673 -112 508 -1001
2301 19292 -2690 -477 488 -780
2452 19080 -2453 -820 368 -465
2190 19248 -2233 -1163 -83 -194
2008 19146 -2330 -1590 -601 117