230 17898 -1305 794 3119 242
-23 19136 -1572 1897 4161 -333
-429 19027 -1630 1735 3324 458
1 19025 -2294 712 2563 302
-249 19206 -2840 -684 1499 455
-518 19221 -2448 -2078 78 772
-60 18924 -2753 -3277 -721 1250
640 18793 -3202 -4338 -828 813
494 19681 -2460 -5024 -659 255
891 18417 -2226 -3256 -3035 329
1242 18466 -2224 -1436 -3504 1223
1002 18868 -3044 -269 -4110 2880
1272 19283 -3323 454 -4192 4058
1819 19899 -3538 1537 -4316 5113
1890 21100 -2521 1153 -5188 5767
2361 20897 -2594 669 -5920 6192
2428 20669 -3085 97 -7353 8053
2819 20404 -3500 -907 -9438 10219
3218 19836 -3610 -1162 -11711 12335
3368 18755 -3682 146 -16121 15414
3529 18454 -3732 1459 -19722 17450
4069 17910 -3548 2673 -23034 18070
5146 17592 -3284 3877 -24378 17666
6746 17064 -2944 5377 -23349 15841
6945 17972 -4794 6499 -18098 11789
5990 17922 -7215 5235 -13190 8221
5878 17774 -8084 1810 -11103 8378
5761 17714 -8644 -2371 -9412 9509
7645 17763 -6862 -6155 -7848 8691
9158 15477 -4402 -5786 -8358 6261
10204 15580 -3200 -4249 -7837 5645
10265 16439 -2562 -2677 -6689 5454
10503 16512 -2479 -902 -9052 4759
10462 17565 -3401 -1056 -8170 4613
10941 17171 -4120 -2651 -6977 5413
13276 17630 -7459 -5472 -1730 5285
8900 17686 -10283 -12589 5473 5899
7484 14836 -7441 -12695 4949 8252
15899 18419 -7045 -13216 9920 3254
15398 16880 -5583 -8882 12743 4339
13172 16760 -4850 -6828 14058 5222
14197 17633 -4604 -8097 14590 5760
13388 17624 -4156 -9360 15341 6123
12900 17476 -3924 -11395 15961 6267
12684 16846 -3099 -13683 16509 6198
12926 16394 -2273 -14715 17076 6892
13136 16142 -1630 -14196 17641 7215
12553 15666 -1061 -13342 18282 7094
11834 15264 -340 -12654 18912 6703
10590 14899 206 -13019 19174 7147
9732 15313 620 -14283 17640 7876
9798 14353 1456 -15885 16289 8059
9774 12988 2277 -16117 14956 7904
9954 11254 2780 -15213 14398 7094
10302 9673 3124 -12846 14005 5651
10252 8442 3324 -9314 14039 3103
9969 8032 3346 -6481 14322 669
9182 8007 3532 -4086 14603 -1597
8130 7381 4385 -1107 15089 -4870
7097 6828 5085 2295 16264 -8879
5912 6568 5390 4952 16490 -11603
5243 6064 5391 7865 16689 -14288
3471 5401 5327 12355 16454 -16681
2048 4431 5043 18103 15357 -18922
954 3176 4230 24942 14702 -21550
-942 3224 3664 30998 13575 -25772
-3530 3145 2143 32767 9977 -31575
-5006 4773 945 32767 5765 -32768
-5933 6814 -108 32767 3290 -32768
-7374 8183 -1236 31340 1831 -32768
-6929 6645 -2346 25651 4082 -32768
-7720 5452 -2293 20770 6654 -32768
-8300 4296 -2816 17276 8320 -32768
-10731 4496 -3210 14290 7438 -32318
-13486 6470 -2584 11273 2241 -28616
-14557 8645 -1514 8548 -1307 -26376
-15558 10542 -348 5790 -4166 -25605
-15648 12360 737 3032 -6460 -25482
-16836 14297 1600 1421 -7222 -26032
-16432 14198 2346 658 -6511 -25824
-17224 14709 3336 -2311 -4695 -25675
-18553 14760 3634 -5945 -1738 -25755
-20251 13250 2837 -6538 -197 -24591
-21065 11346 1750 -4432 330 -21993
-21941 10642 1001 -1236 251 -18603
-23543 11922 30 3260 -272 -14961
-24828 13914 -580 4495 -682 -12922
-25648 15598 -906 3341 -2902 -12007
-25734 17054 -1560 839 -4104 -11361
-25503 18408 -1809 -6180 -6226 -9487
-23976 18424 -1968 -12133 -8105 -7599
-22889 16537 -2148 -11338 -9108 -5439
-21199 15286 -1197 -4687 -7552 -2491
-20343 16380 -453 3299 -4095 -252
-20497 18618 -1014 7582 -90 2174
-19234 20142 -1432 7793 1671 4544
-17982 22247 -1986 7243 3840 6802
-18014 23124 -1768 6989 3993 7876
-17730 24347 -1151 6289 3521 8438
-15792 25060 -977 4843 3078 7871
-14904 25432 -1088 4142 3462 8936
-13272 26307 -1190 2383 4515 10634
-12636 25936 -1764 2104 5126 9609
-12484 25986 -1730 1571 3733 7258
-10814 24980 -1247 1170 676 6133
-10087 24994 -763 977 -1686 7083
-8568 24782 -625 1499 -3193 8343
-8364 24481 -672 2792 -4347 10151
-7906 24601 -782 4454 -5265 11944
-7321 24861 -829 5501 -5867 13203
-6572 25437 -1531 4957 -5810 14569
-5912 25093 -2440 3002 -6233 16543
-4746 23632 -2904 2398 -6191 17810
-4332 22960 -3046 2402 -5597 18654
-3146 21403 -3310 2984 -4537 20614
-1977 19918 -4025 3775 -2742 22254
-1916 19792 -4883 3386 -1763 23327
-1261 19501 -4836 80 -953 23809
-950 18695 -4505 -3760 -284 23701
-1108 18420 -4202 -6009 -333 23655
-590 17575 -3478 -8056 -567 23768
32 16412 -2860 -9930 -384 23732
734 15075 -2126 -10607 282 23531
1293 14078 -1184 -10136 1094 23328
1872 13445 -565 -9452 1971 23117
2120 12899 591 -8526 2890 22201
2678 12029 1466 -7844 3498 20807
2945 11616 2141 -7692 3924 19832
3610 11061 2744 -7387 3917 19022
4073 10588 3066 -7016 4058 17618
4752 10190 3533 -6415 4218 15719
5650 9700 3829 -5653 4760 13358
6522 9186 4278 -5215 5648 10849
6762 8621 4360 -4996 6560 8074
6577 8300 4534 -5021 7089 4717
6689 7624 4670 -4160 7500 2022
6233 7423 4527 -2857 7981 591
5555 7366 4395 -1201 7616 -596
5215 7392 4506 428 6866 -2062
4744 7160 4713 1867 5826 -3914
3324 8108 4818 2315 4070 -5184
2125 9272 4920 1831 1176 -6939
645 10621 4168 1418 -1329 -8596
-234 12140 2862 1939 -2469 -8919
-868 13928 1640 3340 -2503 -9245
-2988 17975 -147 4897 -1326 -9171
-5060 22908 -1860 5599 -128 -7733
-5920 26196 -2794 6213 1186 -5545
-5640 27989 -2291 6731 2644 -3109
-4424 28480 -900 6464 3680 -1311
-2619 27773 483 5140 3563 -127
-772 25976 1570 3867 3273 410
369 24294 2297 3302 2519 721
852 23038 2470 2902 1807 1003
1164 22380 2678 2560 1264 1006
1404 21536 2674 1695 710 786
1638 20375 2543 709 327 598
1844 19413 2556 202 238 265
1875 18625 2345 73 260 27
1910 18414 2256 87 155 -135
1950 18060 2050 -57 300 -437
1784 17953 1704 -314 118 -675
1633 17823 1597 -417 -276 -611
1834 17697 1513 -417 -421 -862
1728 17930 1224 -485 -386 -1172
1416 18328 952 -820 -640 -1211
1549 18363 778 -1317 -762 -1421
1556 18262 709 -1185 -857 -1206
1631 18069 812 -553 -900 -907
1656 18037 993 179 -766 -906
1758 18282 1072 609 -647 -983
1806 18302 1189 715 -454 -1060
1749 18296 1165 713 -131 -1184
1337 18600 925 566 -170 -1215
1058 18908 858 357 -622 -1096
1270 18839 799 201 -835 -1067
1072 19099 813 29 -898 -1100
1238 19102 994 -67 -839 -1028
1436 18966 989 -28 -570 -972
1324 18833 1056 325 -398 -766
1314 18825 1138 814 -370 -619
1270 18962 1275 773 -505 -571
1134 18817 1244 703 -807 -508
1007 18832 1278 419 -1310 -632
1273 18940 1232 179 -1761 -541
1407 18983 937 -36 -1790 -548
1468 19054 718 -296 -1885 -586
1399 19205 421 -867 -2019 -601
1476 19024 506 -1255 -2045 -455
1670 18712 529 -757 -1470 -503
1969 18442 461 320 -1187 -461
1987 18977 218 1644 -938 -122
1965 19431 -16 1613 -638 64
2030 19609 -70 1474 -436 170
2224 19286 120 1524 -173 128
2321 18885 210 1869 392 126
1678 18610 202 2440 267 233
1163 18810 -31 2722 -53 394
896 18883 260 3011 -714 717
1362 18649 302 3350 -1285 865