-4053 29062 -1733 1629 1079 -1411
-3876 29241 -1325 -52 2825 678
-3854 28706 -693 -1029 3148 3228
-3781 28731 -560 -1189 2207 5263
-3144 27724 -270 -1116 1635 6663
-2386 27245 -298 -1474 1259 7899
-1793 25632 -41 -1727 837 9453
-375 23749 653 -2528 359 9854
762 22304 853 -3088 378 9477
1210 21586 737 -3831 -104 9102
1613 21156 250 -4734 -652 8798
1536 20873 -342 -5735 -1723 8692
1957 20328 -977 -6213 -2747 9193
1836 20568 -1328 -6300 -3414 9701
1892 20967 -2164 -5692 -4405 10305
2951 21155 -2583 -4152 -4848 11342
3793 21771 -3010 -2520 -3400 12199
4764 22306 -3436 -2384 -1190 13101
5224 22546 -3418 -3400 579 13843
5400 22726 -3817 -6146 2953 14753
6174 21399 -3428 -9360 5287 16249
6354 20063 -3154 -10783 6647 17109
7161 18412 -2608 -10434 6910 17945
8401 16470 -1998 -9036 8315 17476
9260 15264 -1606 -7190 9674 16713
9758 14046 -1099 -5173 10632 15720
9910 13060 -556 -4001 11043 15103
10549 11845 -58 -3699 11492 14492
11095 10765 659 -4216 11956 13362
12274 9711 1036 -5386 12636 11500
12319 8992 1453 -6538 13268 9262
11466 8141 1698 -6988 13031 7374
11741 7096 1596 -6229 12451 6313
12858 6643 1212 -4204 11848 5271
13944 6440 852 -2116 11610 4557
14965 7196 405 1415 11186 2867
14923 8399 -412 5796 10353 228
12986 8676 -601 7755 9389 -1672
11724 8688 -522 8786 8564 -2987
10297 9286 -344 8739 7862 -5381
7961 9637 646 7481 7771 -8725
6480 9944 1630 5766 8548 -11664
3954 9300 2531 3604 9356 -14298
1541 8229 2794 1590 10084 -16100
-1040 7237 2760 886 9449 -15914
-3292 7086 2746 478 7436 -14566
-5594 7487 2737 668 4112 -13635
-6640 7555 3076 1619 765 -14744
-7094 7485 3410 2982 -931 -17193
-7400 7426 3674 4776 -1147 -19641
-8722 8578 3832 6158 -823 -21873
-9413 9553 3688 6411 -721 -23910
-9865 10118 3557 6007 -346 -25392
-10042 9992 3212 5350 108 -25678
-10727 10731 3470 4156 -23 -24312
-10618 11678 3682 2115 206 -22819
-11237 12308 3601 6 727 -21590
-13134 12557 3274 -838 -123 -19859
-13648 13238 3483 -110 -1120 -19299
-13776 13684 3680 1046 -1583 -19699
-14156 14688 3977 2422 -1166 -20831
-14607 15746 3908 3566 -1297 -21645
-15006 16660 3786 3754 -1201 -21446
-15242 17458 3577 3213 -1137 -21192
-15747 17487 3240 2653 -1310 -20106
-16573 17437 3114 3262 -1707 -17783
-16772 17416 3286 4317 -2005 -15625
-17065 17762 3310 5580 -1868 -13874
-17452 18510 3597 6342 -2411 -12682
-16595 19664 3592 6387 -2658 -12482
-15877 20653 3092 5668 -2832 -11532
-15320 21578 2360 4574 -2536 -10606
-16062 21921 1524 4079 -2858 -9411
-16506 22281 633 3829 -3652 -7557
-16541 22397 149 4184 -4063 -6251
-16522 22346 -257 5494 -4260 -5601
-15394 22930 -398 7006 -3902 -5466
-15184 24557 -833 7755 -3301 -5438
-15740 25883 -1606 7588 -3623 -5463
-16040 27079 -2604 6903 -4434 -4621
-15341 27393 -2834 6282 -5171 -3188
-13989 26944 -3110 6891 -3904 -1872
-12568 26468 -2915 8148 -2785 440
-10375 25947 -2766 9609 -815 2108
-9474 26413 -3021 9031 -487 2940
-8768 26822 -3012 7177 -876 3872
-8364 27245 -3196 3964 -2077 4477
-6895 26393 -3402 740 -3231 5434
-6303 25918 -3286 -108 -4297 7038
-4765 25162 -2774 908 -3775 7968
-4478 25346 -2738 2311 -2315 8598
-3653 25105 -2667 2964 -1045 9591
-4013 25500 -2786 2146 -367 10923
-3065 24562 -2690 436 -440 11969
-3451 24606 -2988 -1400 -1064 12772
-2500 23273 -2757 -3195 -1698 13806
-2248 22502 -2933 -3633 -2191 14853
-1858 21575 -2717 -3402 -2472 15523
-1757 20780 -2744 -3009 -1756 16154
-1824 20513 -2390 -2887 -1218 17190
-1225 19772 -1975 -3025 -33 18120
-1169 19262 -1848 -3894 1125 18679
-904 18443 -1625 -4851 1776 18933
-828 17652 -1584 -5687 2270 18942
-468 16603 -1427 -6200 1967 18903
542 15508 -1091 -6527 1925 18922
1187 14335 -564 -6478 2164 18532
1708 13420 -202 -6139 2555 18074
2154 12925 452 -5792 3373 17148
2652 12416 1109 -5383 4294 15945
3078 12077 1552 -5241 4898 15003
3532 11690 1986 -5186 5173 14049
3756 11252 2052 -5312 5591 13281
3873 10908 2289 -5159 5508 12219
4268 10137 2712 -4841 5458 10554
4637 9205 3340 -4294 5270 9487
4998 8577 3766 -3494 5400 8444
5189 7948 4374 -2244 5644 7091
5196 7800 4829 -938 5949 5369
4925 7962 5122 264 6218 3420
4500 8314 5060 1160 6075 1772
3717 8985 4692 2139 5322 -80
3470 9694 4403 3206 3884 -2053
2537 10591 3742 4158 2746 -4084
2198 11485 3294 4672 1713 -5625
1890 12048 3189 4940 1459 -6759
1252 13044 3080 4925 1272 -7469
722 14022 2816 4724 1121 -7582
173 15011 2380 4445 867 -7528
-1316 17527 1114 4127 121 -7662
-2574 19788 -522 4189 -1181 -7713
-3734 22174 -1752 4269 -2544 -7660
-3677 23738 -2211 3818 -3297 -7310
-3857 25308 -2609 3341 -2955 -6650
-4058 26442 -3122 3128 -2546 -6009
-3247 26450 -2911 3031 -610 -4687
-3194 26641 -2752 3026 1593 -3051
-2286 25772 -2050 2488 3558 -1420
-1711 24685 -1015 1578 5135 -112
-964 23072 155 295 6211 668
-486 21788 1154 -856 6539 1148
-172 20648 1762 -1442 6513 1336
141 19457 2219 -1772 5995 1140
519 18200 2563 -1699 5123 654
658 17432 2868 -1306 4455 155
611 17156 3096 -851 3693 -461
499 17108 3304 -458 2631 -1409
266 17377 3477 -514 1727 -1878
211 17824 3336 -709 1101 -1958
182 17996 3184 -732 751 -1893
-415 18404 2912 -490 546 -1719
-192 19129 2514 -472 218 -2009
-288 19610 2410 -526 4 -1950
-843 19568 2284 -503 -205 -1685
-928 19570 2196 -499 -682 -1386
-912 19578 2066 -261 -1034 -1216
-840 19625 1898 180 -1486 -868
-794 19645 1745 590 -1849 -595
-905 19921 1524 794 -2196 -516
-789 20077 1534 799 -2510 -416
-670 20229 1613 563 -2571 -300
-1068 20430 1269 319 -2628 -260
-1008 20369 1202 72 -2829 -51
-749 20032 1148 -50 -2682 140
-783 19779 1172 121 -2352 515
-401 19434 1125 195 -2274 710
-176 18597 1224 391 -1775 957
-46 18988 982 781 -2055 1015
228 18913 1012 481 -2048 847
548 18677 950 121 -1973 729
963 18460 1088 -296 -1675 632
948 18154 1137 -229 -1422 415
918 18160 1128 -117 -1414 137
1093 17861 1074 141 -1275 35
1004 17842 891 791 -1061 -39
826 18112 676 1352 -1015 -94
772 18233 540 1534 -855 -157
533 18746 396 1397 -762 -389
343 19156 231 767 -881 -466
290 19138 194 226 -873 -370
313 19094 251 -87 -649 -282
257 19100 252 -87 -123 -389
176 19082 498 148 578 -302
321 19015 670 385 1161 -510
105 19172 654 484 1169 -387
-28 19568 607 259 708 -224
87 19638 565 -276 319 -149
137 19692 486 -766 -116 107
378 19179 321 -730 -468 356
678 18608 134 -156 -439 490
545 18599 -53 591 -340 516
451 18811 -245 1225 -163 618
542 18944 -224 1277 221 679
631 19106 -363 1361 677 860
902 19113 -494 1155 1127 993
960 19273 -581 964 1317 1025
918 19421 -596 606 1455 1031
934 19332 -476 168 1588 959
817 19165 -347 -323 1709 1004
818 18965 -422 -368 1633 1213