-52 18402 1209 -241 1499 -1209
-261 18608 1318 -523 1871 -1480
-602 18928 1609 -896 2131 -1588
-936 18984 1674 -1480 2422 -1735
-1512 19094 1384 -2057 2216 -1742
-1780 18820 1264 -1840 1689 -1270
-2149 19015 1227 -1711 1392 -1056
-2557 18960 1886 -2084 812 -310
-1625 18270 1644 -1779 1477 339
-2076 18066 1573 -1064 2665 405
-2172 17943 1377 401 4051 509
-2430 19351 1205 1563 4844 836
-2193 20519 1210 1223 5778 1511
-1885 21532 1206 -44 5988 1031
-1493 22350 1497 -1084 5072 444
-136 22692 1563 -3141 2767 -168
1396 23564 1376 -4357 -227 94
1796 23374 1336 -4996 -2209 701
700 22984 467 -4154 -3876 2444
971 23364 401 -2357 -4033 3781
1408 24286 1356 -1354 -4441 3740
1768 24948 1913 -1944 -4887 3921
2125 24400 1864 -3183 -4789 4422
2406 23183 930 -4000 -3202 4897
2689 22133 108 -4276 -2148 4994
3617 20262 -663 -4504 -1662 5346
4794 18736 -690 -4857 -3273 6884
6578 18524 -620 -5243 -4859 8119
5670 16913 -225 -5100 -6963 7984
5796 15241 -1174 -3996 -8391 8241
5202 13837 -2194 -3377 -9182 8179
5282 12934 -1944 -4317 -8167 7004
4136 10761 -434 -3317 -6151 5671
3725 9645 -1194 -1730 -947 6125
6078 11584 448 -1710 1919 3674
8250 13414 -454 -2728 3436 2510
7437 14228 -738 -3733 4557 3425
8455 13614 -636 -3231 5363 4037
9467 14956 347 -1760 5797 3723
9756 16786 1438 -1744 5860 3886
10443 17976 2399 -2355 6145 3954
11776 18542 3485 -2813 6914 3988
12492 18523 4212 -1611 7914 3875
12013 19041 4706 -323 8315 4231
11171 19836 5087 -546 8060 4889
10972 20508 5764 -2031 7800 5268
10792 20917 5844 -3426 7878 5089
10767 20500 5871 -3972 7943 5053
10734 19842 5617 -4034 7920 5328
10336 18336 5481 -3528 7819 5296
9993 16830 5432 -2906 7648 4585
9647 15393 5453 -2343 7467 3553
9285 14096 5668 -2033 7360 2137
9126 13208 5737 -1995 7365 711
8406 12458 5678 -2328 7257 -737
7997 11324 5470 -2426 6650 -1771
6805 10228 5205 -2340 5762 -3435
5609 8895 5113 -1883 4956 -6154
4758 8044 5056 -1296 5137 -9454
3556 7576 5114 -1150 5794 -12332
1975 7887 5230 -1848 6621 -15077
33 8412 5292 -3338 6760 -16712
-1609 8849 5460 -4294 5736 -16987
-3058 8228 5333 -3856 4022 -17434
-4704 7777 4946 -1485 1393 -17861
-5424 8285 4557 1436 -1006 -18596
-6049 9088 4197 3730 -2650 -20369
-6698 9970 3916 4464 -3640 -21839
-7595 10819 3159 3951 -4448 -22555
-9124 11344 2156 2714 -5794 -21880
-10043 11989 1300 1143 -7563 -20420
-9834 12153 1116 -553 -8780 -19363
-9464 11978 1300 -1475 -8590 -19043
-9104 11953 1910 -2525 -7641 -19105
-9406 11913 2821 -3562 -5316 -19932
-10768 13433 3389 -5650 -3956 -20420
-11766 14546 3966 -8732 -3454 -20402
-13414 15413 3992 -13036 -2900 -20124
-15548 15805 4268 -17650 -3345 -18919
-15359 13964 5217 -18870 -2953 -17626
-14118 10904 6604 -13724 615 -17605
-14445 10265 7398 -5276 4730 -17825
-15152 11208 7772 -324 6759 -17578
-16162 13139 7609 1975 8296 -16761
-17550 15296 7290 1164 7896 -14743
-17742 16065 7025 -1318 6044 -12952
-17288 16078 6918 -3021 4368 -12131
-16522 15458 6981 -3925 3147 -12029
-16014 15346 6864 -4040 3089 -12258
-16191 14731 7449 -2327 680 -12715
-16309 14291 6818 1709 -530 -12836
-16720 14727 6434 6307 -1171 -12001
-16780 16005 5830 10157 -1391 -11006
-15938 17642 5326 11301 -845 -9917
-16672 20129 4928 9721 -540 -9093
-17168 21905 4862 6641 -1079 -8458
-16424 21884 4818 4374 -1187 -8196
-16218 21620 4926 2955 -949 -7977
-15496 20545 5217 3777 -380 -7414
-14952 20730 5589 7129 684 -6279
-14804 22244 5785 10574 1978 -5316
-14569 23821 5937 12367 2695 -3844
-14170 25225 5978 12214 2855 -2825
-13577 25938 6044 11188 2472 -1830
-12625 26086 6120 10364 2144 -815
-11903 26482 6350 9823 1719 335
-11251 26913 6581 9369 932 1676
-10141 26408 6664 9568 217 3682
-8940 25972 6605 10578 -477 5590
-8372 25493 6117 11787 -461 6750
-8377 25741 5576 12642 -802 7863
-8380 26274 4962 12602 -1174 8787
-8510 26704 4272 11193 -1830 10190
-8346 26534 3493 8268 -2237 12343
-8771 26307 2670 5517 -2312 14368
-8241 25122 2527 3881 -2183 16572
-7885 23866 2424 3560 -1690 18436
-7440 22680 2706 3891 -618 19972
-7622 22454 2434 3931 130 21048
-7760 21897 2525 3288 68 22379
-7068 20630 2580 2529 258 23624
-6844 19848 2414 1894 335 24445
-6374 18507 2216 1322 67 25450
-5528 17128 1894 1154 -469 26270
-4025 15590 1797 1604 -646 26893
-2375 14576 1762 2453 394 27025
-1858 15117 1426 2293 975 26900
-1102 15090 1277 1536 723 26799
-786 15300 948 726 319 26638
300 14600 870 -425 -383 26468
1637 13620 1151 -1206 -776 26192
3094 12410 1370 -969 54 25033
4163 11670 1641 -280 1420 23358
4948 11245 1841 148 2929 21818
5333 11162 2093 69 4288 20363
5674 10921 2390 -316 5646 18585
6164 10270 2676 -938 6825 16672
6512 9032 3306 -1691 8173 14233
6230 8039 4001 -1970 8294 11791
5524 7838 4166 -1749 7598 9931
5304 7856 4454 -1034 6318 8060
4842 8601 4462 225 4940 5870
4776 9218 4222 1737 3915 4150
4580 9908 4084 2653 3571 3102
3796 11306 3315 3857 2852 1181
2982 12540 2701 4940 2152 -899
1410 14060 1932 5345 1837 -2189
164 15771 1528 4364 474 -3285
-81 16440 1457 2818 150 -3762
-920 17790 1371 904 117 -4012
-662 17879 1948 -696 -196 -3750
-1051 17892 1955 -305 89 -4173
-1153 18309 2246 893 -715 -4416
-970 19722 2264 1977 -1168 -4545
-641 21378 2294 2067 -2149 -4315
309 22022 2380 2263 -2329 -4030
1090 22735 2768 2544 -1656 -3590
1275 23325 2725 2210 -1254 -3026
1492 23532 2568 1727 -1458 -2470
2201 23405 2424 934 -2036 -1791
3316 22837 2227 -42 -2665 -1124
3873 22014 1948 -374 -2873 -890
4186 20985 1690 33 -2833 -671
4252 20298 1195 829 -2821 -589
4312 19652 917 1357 -2750 -487
4284 19309 673 1549 -2505 -440
3918 19278 414 1312 -2375 -285
3888 19081 288 746 -2267 -205
3930 18889 397 -46 -1993 -285
4033 18427 558 -897 -1474 -481
3937 17985 594 -1354 -871 -723
4102 17254 685 -986 -476 -990
3965 16850 721 -98 -193 -1205
3742 17015 737 505 -138 -1203
3593 17454 934 538 -257 -1129
3436 17834 1081 119 -360 -1222
3338 18184 1157 -523 -496 -1398
3314 18134 1328 -987 -548 -1525
3401 18196 1524 -1361 -440 -1741
3392 18238 1667 -1450 -325 -2051
3439 18300 1844 -1021 -261 -2187
3045 18788 1698 -666 -371 -2141
2908 19046 1692 -557 -681 -1840
2845 19196 1621 -467 -826 -1606
2615 19464 1579 -380 -987 -1344
2648 19470 1516 -366 -1063 -1129
2520 19461 1448 -262 -1098 -973
2339 19315 1114 -5 -1487 -558
2110 19338 854 662 -1661 -351
2011 19924 651 426 -2408 -23
1970 20002 490 102 -3007 612
1721 20549 332 -647 -3591 1264
1444 21008 260 -1336 -4202 1782
1929 20401 263 -2007 -4633 2502
2520 19612 394 -1891 -4393 3113
3298 18474 384 306 -3692 3259
3879 17968 130 4011 -2470 3333
3848 18108 -308 6942 -1267 3526
4330 18657 -400 7690 -710 3175
3945 19204 -541 7306 -647 3329