-7997 18076 678 -1335 5926 88
-7337 17910 969 -294 6195 -315
-7181 18202 938 815 6607 -397
-7404 18872 708 1459 6698 -295
-7694 19324 238 1644 6859 -254
-8054 19910 -181 1266 6871 -105
-7980 20140 -417 619 6639 124
-7757 19857 -713 174 6471 479
-7386 20292 -1076 342 6391 490
-7089 20906 -1417 448 6264 515
-7328 21250 -1653 877 5792 681
-7521 21852 -2077 1290 5312 962
-7940 22872 -2818 1211 4567 1705
-7856 23533 -3073 684 3967 2441
-7434 23250 -3088 239 3928 3123
-7057 23081 -3174 110 4615 3725
-6980 23461 -3318 -285 5219 4455
-6417 22868 -3510 -778 5863 5241
-6678 22656 -3740 -799 6403 6477
-6676 22672 -3709 -368 6453 7806
-6176 22256 -3469 -139 6727 8923
-5541 21813 -3053 -33 7115 10093
-5686 21790 -2844 209 7122 10761
-4982 21026 -2840 453 7603 11205
-4674 20302 -2858 1142 8517 11383
-4745 20098 -3412 1555 9311 11548
-3413 19142 -3313 1980 10555 11743
-2294 18614 -1097 2463 13083 12313
-1053 18788 1744 4283 14797 12544
826 19086 2005 6072 15721 11954
809 17248 248 8988 16397 12677
1197 15994 -2584 13781 17004 13347
1374 16229 -4950 18179 16954 14355
2292 17021 -6320 20487 15737 15931
2592 18608 -7942 19536 14470 16787
3185 18822 -8790 15773 13355 16593
4173 17778 -9298 11017 12751 15333
4828 16470 -9773 6695 12698 14005
5652 15448 -10201 2537 12804 12118
6854 14757 -9726 -1145 13182 10914
7525 15534 -10057 -4183 13867 9890
8208 15720 -10454 -5912 13925 9265
8646 16544 -10992 -6286 15290 8711
8540 16501 -11102 -5905 15402 8946
9318 15505 -11244 -5594 16143 9340
9117 15009 -11462 -5238 17495 9874
9332 15660 -12146 -5772 17813 9567
10468 16169 -12400 -6350 18271 9007
10706 16284 -13112 -7191 18503 8486
10161 15452 -13902 -7157 19265 8418
9226 12802 -13398 -5060 20466 8568
7449 11556 -12686 -2593 21781 8702
4564 10932 -11140 -1739 21463 8620
2873 10740 -8252 -2566 20372 8724
3073 11626 -4770 -3069 19643 8483
4878 12154 -4129 -2045 21683 7082
4440 12716 -4621 -496 27661 5370
2021 14398 -4505 -612 31034 3625
1133 13796 -4472 -2173 31744 2990
1262 14052 -3868 -3559 30299 1973
1264 13244 -2924 -3680 28437 1821
1341 12765 -2644 -1903 26652 2147
1445 12829 -2514 1186 24484 2399
2568 12646 -1594 3882 22181 2787
3548 12870 -1013 6214 21056 3303
4313 13669 -726 7732 20282 3325
4366 13933 -741 8699 19732 3307
4325 14626 -786 8858 19348 2770
4280 15060 -744 8425 18536 2596
4709 14821 -610 7960 18216 2417
5426 15221 -624 7370 17307 2381
6054 15217 -770 6850 16798 1893
6765 15428 -693 7064 16221 1856
7589 15660 -276 7526 16250 1455
7656 16420 -98 8005 15832 1774
8532 16809 398 8189 15558 1631
9125 16960 646 8054 15537 1820
10262 17093 790 8305 15733 2198
11474 17614 982 8272 15135 2689
12456 17793 1261 7750 13639 3482
13624 17693 1314 7235 12091 3698
15072 17366 1658 6246 10433 3799
16996 16340 1846 5822 10195 3613
19149 15722 1902 5210 11763 3144
21596 15749 1621 4509 14012 1937
22676 15458 1654 2008 16299 1065
24020 15854 2292 -3039 16324 1145
23610 14961 2720 -9953 14446 1714
23905 12385 2798 -17093 13096 1461
23608 10126 2960 -22590 10735 341
22269 8985 1986 -24786 8663 -730
23318 8294 1846 -22613 7555 -1048
23054 9560 1078 -17599 9090 -1514
20870 13356 -450 -12239 10605 -1951
17874 15578 -2097 -8614 12438 -1792
15202 17853 -3609 -7984 13823 -1561
11624 19033 -4582 -9961 15310 -1523
10041 17716 -4153 -11778 17239 -1957
8421 15445 -3333 -11580 20197 -3339
6050 13185 -2125 -9348 21311 -4146
4718 11390 -1276 -5924 21713 -5392
3444 9618 -765 -1882 21625 -7270
2524 8085 -453 2541 21079 -8971
1852 7148 -193 6434 20860 -10632
990 6448 -396 9475 21025 -12305
-318 6324 -94 10685 20541 -13582
-954 6164 -86 11070 19865 -14852
-1480 5750 312 11440 19136 -16687
-1910 5470 696 11819 18588 -19402
-2820 5225 678 12050 17797 -22177
-4014 5353 202 11644 16050 -23258
-5885 5852 -428 10692 13246 -21967
-6492 6174 -860 9939 10085 -20180
-7689 6246 -688 9773 8511 -18615
-8365 7161 -360 10168 7501 -18334
-8701 7878 -38 10217 7348 -19347
-9029 8366 -88 10064 7633 -20560
-9574 8374 -321 9322 8386 -21196
-12146 11022 -848 6542 8526 -20805
-14321 13413 -937 2685 7626 -19125
-15458 15453 -486 -185 6395 -16582
-15648 16174 58 -1799 6003 -15146
-15057 15311 1087 -425 7004 -14723
-16351 15132 1117 4322 9027 -14285
-17540 16432 478 8160 9745 -12943
-19730 19448 -436 9259 10067 -11747
-21423 22738 -638 7505 9046 -9686
-23438 26228 -639 3669 8634 -8121
-23122 25593 -166 1135 8181 -6364
-21785 24036 772 1543 8853 -4507
-20156 22369 1565 3829 10140 -2861
-18684 22389 2894 5550 10969 -1436
-16689 22179 3913 5039 10914 -179
-14772 22349 4808 4812 11045 340
-13345 22012 5206 5009 11043 -18
-11856 21981 5445 5432 10887 -46
-10994 21990 5560 5836 10478 15
-9357 21436 5680 6565 9944 -220
-7953 20892 5698 7736 10328 -1154
-6512 21110 4946 8596 10127 -1951
-5298 22405 4344 7873 9232 -2512
-4056 23332 3757 6086 8092 -3064
-4058 24529 3036 3670 6473 -3517
-3036 24429 3170 1653 5171 -4006
-2280 23905 3309 822 5267 -4585
-2684 24028 2952 500 5457 -4716
-3093 24014 2878 3 5147 -4332
-3021 23473 3021 -334 5287 -4254
-3180 22606 3256 -48 5608 -4173
-3282 22401 3405 -28 5782 -3889
-3541 22465 3490 -625 5813 -3672
-4117 22672 3509 -1840 5277 -3362
-4228 22070 3577 -2727 4605 -2923
-4097 21489 3548 -3140 4280 -2526
-4236 20690 3514 -3047 3974 -2145
-4556 19832 3336 -2604 3447 -1559
-4685 19169 3264 -1877 2929 -870
-4676 18545 3316 -1102 2525 -415
-4694 17994 3397 -355 2400 -277
-4836 17752 3437 79 2264 -276
-5094 18006 3646 -260 1823 -381
-5468 18146 3610 -1291 951 -524
-5870 17869 3628 -2417 -587 -764
-5709 17382 3714 -3268 -2488 -764
-5498 16594 3682 -3480 -4230 -538
-5757 15870 3274 -2869 -5312 -243
-5356 15241 2990 -1766 -5869 229
-5685 15614 2753 -577 -5845 614
-6072 16021 1786 587 -4926 514
-6216 16525 1354 752 -3725 460
-6744 17500 896 161 -2465 645
-7164 17974 482 -1186 -1682 772
-7457 17816 68 -2394 -1145 923
-7854 17510 -224 -2989 -971 1051
-8044 17205 -360 -2939 -1092 1115
-7788 17029 -304 -2585 -892 1095
-8001 17194 -198 -2100 -578 970
-8028 17578 -100 -1969 -425 773
-7696 17321 202 -1995 82 584
-7622 17184 522 -2015 760 654
-7929 17328 736 -2345 1324 703
-8086 17426 990 -2911 1459 716
-8284 17344 1148 -3488 1561 477
-8492 17385 1296 -4010 1473 455
-8537 17268 1526 -4353 1402 350
-8616 16848 1641 -4049 1270 259
-8036 16442 1890 -3001 1078 -101
-8282 16233 1801 -2120 1312 27
-8504 16116 1737 -1226 1003 544
-7658 16325 2221 -1380 1040 28
-8536 16346 2153 -1009 1800 -351
-8889 16721 2046 -684 576 -556
-9186 16945 1804 -415 112 -453
-9398 17842 1478 -353 -1144 -307
-9037 17848 1384 -137 -1772 -166
-8868 17682 1165 698 -2198 77
-8545 17608 1025 1614 -2342 168
-8118 17402 1021 2384 -2187 407
-7746 17296 996 2800 -1809 562
-7498 17072 1038 3216 -1339 505