-9244 7173 9377 8154 -4147 -18205
-8806 6984 9247 9613 -4553 -17474
-8742 6562 9540 10362 -4651 -16737
-9265 7488 9454 10332 -3046 -15976
-9996 8388 9954 8505 -641 -15653
-9873 8842 10212 6066 1560 -14901
-9035 8546 10083 4003 4702 -13214
-8276 8336 9640 3484 6671 -11150
-7114 5800 8680 10309 6551 -6899
-10222 7228 10565 30794 2835 9270
-8662 9412 8658 32767 1644 20313
-8946 15984 7445 32767 4562 27873
-8912 19420 7122 32767 7363 32767
-11726 21589 9547 32767 4605 32767
-19742 27551 14040 30815 -8268 25045
-21344 30954 14942 829 -13613 12019
-9641 22241 7274 -10124 -16708 7928
-11253 15205 6153 -9532 -16539 2070
-9432 15337 8773 -14031 -14575 642
-8866 17800 8726 -18163 -10389 927
-8602 11708 9132 -17041 -6949 -238
-7345 7655 10411 -11325 -4819 445
-7438 6294 11554 -5839 -3714 1470
-7380 5745 12153 -1053 -2971 2518
-7577 6285 12222 3016 -2695 3211
-7964 7173 12033 6255 -2895 3388
-8361 8214 11761 8676 -3109 3210
-8546 9348 11561 10470 -2856 2932
-8624 10444 11492 11481 -2130 2638
-8563 11845 11057 11872 -1250 2259
-8432 13053 10452 11799 -724 1812
-8361 13914 9870 11250 -687 1533
-8296 14701 9274 9891 -898 1373
-8528 15446 8985 8003 -1391 1565
-8983 16943 9284 3228 -1856 2293
-8701 16144 9057 -1551 -3490 5149
-9060 15152 8641 -2133 -5200 7643
-8706 15264 9348 -1076 -6169 10456
-9060 16476 9826 -1855 -6601 12785
-8775 16850 10114 -4094 -6331 14063
-7786 17021 10529 -7184 -6267 15653
-7397 17418 11046 -8821 -5400 16576
-6469 17534 11820 -10225 -3874 17185
-5956 17611 11603 -12256 -2413 17097
-4452 16250 11013 -14116 -1274 16523
-5069 17270 8885 -16105 -1317 16165
-4970 14168 8448 -8194 -1251 12073
-2290 16218 10780 -883 448 12333
-3107 18766 11421 3910 2501 12709
-2969 20566 11282 7069 2681 13289
-3200 22446 11310 9650 2254 13519
-2451 24994 11369 11689 1724 14290
-1896 27154 10986 12600 1946 15486
-1257 26070 10529 15495 2689 16716
88 24748 9714 21133 3930 18745
838 26476 8316 24956 6790 20684
1462 28428 6990 26518 10129 21846
1637 29826 5825 26952 14380 22663
521 31225 4689 25649 18430 23010
442 28488 4286 23921 22220 22813
302 27844 4260 21523 24190 23634
-353 28314 5644 15694 24000 25267
-1063 27021 7976 11670 24917 25380
-3028 26206 8529 7236 24794 25524
-4133 23253 10058 1638 22813 24151
-4605 20722 10973 -4947 21641 24232
-4656 19812 11620 -8255 20108 24722
-4785 15425 12163 -9620 17194 24356
-2982 9372 11864 -7154 13982 22563
-1598 6520 12164 -2782 12727 21862
-360 5082 12178 4751 10864 22816
1056 4441 12637 12071 9496 23484
3167 6060 12431 14271 9068 23880
5312 7932 12398 12876 8650 23162
6484 10254 11196 3334 7412 21141
7272 10290 8874 -6676 4941 18555
7610 8781 6742 -11928 2824 16650
8209 6844 4256 -14501 539 14400
8547 4417 2355 -13396 -704 13455
8940 3119 1264 -9543 -645 14157
8777 2116 822 -4318 599 13737
8877 1798 1524 633 2613 12776
8422 1725 2476 4427 4571 10943
7533 2280 3634 7261 6225 6732
6088 2566 4292 7786 6420 2403
3904 2778 4916 6144 6532 -2798
1331 3153 6003 1681 11542 -6556
-1398 1620 6568 -1541 11961 -10485
-3445 2151 7140 -3233 9353 -14498
-5835 2649 8163 -3107 7809 -19086
-8464 3962 8648 -1690 7927 -22342
-11017 5204 8874 -508 7750 -25358
-12049 6365 8988 -499 7453 -27272
-14083 7995 8795 -1182 6514 -28904
-16205 9760 8570 -1010 5276 -30238
-17522 10734 8933 -678 3733 -30921
-18082 11226 8778 -237 1748 -31258
-19394 13055 8229 1773 -262 -31580
-19908 15950 7830 3986 -1657 -31523
-20892 19234 7604 4496 -2230 -30901
-20490 21901 7393 3054 -2321 -28708
-19598 23952 7362 -109 -2028 -26827
-18263 22625 6723 -575 -1166 -24919
-17040 20220 6469 3827 1016 -21696
-16819 20445 6266 11253 4282 -17986
-17887 22020 5266 19342 7231 -13297
-19301 27398 3833 23385 6990 -9570
-18972 31168 2556 22602 4575 -8395
-17704 32717 1557 18880 1734 -8265
-14829 32767 219 12772 -1875 -7805
-11049 31940 -930 9721 -5142 -5933
-8988 30841 -2074 10894 -7289 -2995
-7233 30825 -2728 13018 -7572 -594
-5156 31492 -2469 14648 -7651 472
-3556 32054 -2350 14840 -7777 884
-1699 32338 -2233 13970 -7665 1040
-333 32767 -2147 10506 -7924 1218
2165 32767 -2079 5161 -8208 755
4022 32400 -1941 873 -7279 772
4596 32711 -2369 -2159 -5272 1082
5141 32590 -2410 -5293 -3281 1178
5609 31694 -2046 -7873 -1493 444
7092 29461 -1249 -9354 -117 -413
8394 26738 -584 -9271 1620 -688
9426 24157 761 -8188 3277 -289
9930 22358 1826 -7063 4675 1382
9117 20040 2342 -5298 5862 3545
8184 17682 2573 -2313 6313 5173
8098 17065 3662 107 5281 6505
6781 17458 5932 564 3135 7032
5505 19578 7962 -2097 -272 6217
3860 20508 10290 -5886 -3015 2942
3410 19552 11637 -10765 -3763 -213
3366 17030 12690 -15397 -3414 -2455
4289 12842 11153 -20601 4249 -1821
3664 10204 12234 -20533 2272 -3921
5042 7697 11228 -18878 900 -3504
5452 7301 9972 -15737 1194 -3847
3944 7286 9417 -13144 603 -3036
3668 7698 8850 -12357 -1505 -1395
2933 8924 8196 -12659 -3512 -1514
1626 9544 7734 -13433 -4728 -2080
-56 10232 7588 -14964 -6735 -3166
-2283 11117 7655 -17094 -8673 -4705
-4451 11385 7413 -18216 -9118 -4998
-6393 11233 7361 -17472 -7503 -4372
-7785 11461 7458 -16060 -5655 -4003
-9433 12693 7921 -14858 -3687 -3788
-10608 13948 8470 -15136 -2494 -4252
-11139 13586 8919 -15687 -2352 -4934
-11569 12705 8831 -14473 -2179 -4993
-12625 12224 9162 -10583 -665 -3616
-12653 11468 9492 -6569 743 -1842
-13138 11588 9725 -3334 1731 -681
-12848 12006 10065 -861 2404 153
-12886 12877 10446 377 2925 310
-12690 13329 10774 645 3014 30
-12100 13085 10830 311 2599 -446
-11428 12853 10668 -119 2083 -671
-10645 12337 10488 -398 1373 -705
-10049 12104 10170 -185 772 -657
-9012 12026 10125 -12 280 -450
-7743 12237 10112 85 -11 -151
-6842 12234 10136 185 6 -104
-6150 12210 10142 196 72 -173
-5774 12093 10312 277 424 -348
-5805 12338 10628 186 882 -614
-5692 12449 10912 -227 1527 -779
-5400 12833 11238 -302 1359 -1378
-5897 11676 11721 -491 2645 -1817
-5230 12773 11273 404 3714 -1052
-5805 12021 11674 253 3755 -1385
-5825 12094 11522 492 3846 -1538
-6313 12760 11650 700 3313 -1524
-6393 13085 11561 714 3494 -1512
-6978 13662 11808 494 3494 -1515
-7306 14824 12029 -187 3131 -1786
-7589 15317 11950 -1185 2141 -2383
-7372 15534 11829 -2256 1216 -2565
-7445 15261 11549 -2830 682 -2360
-7164 14276 11532 -2677 331 -1643
-6764 13597 11541 -1892 -85 -751
-6476 13060 11541 -703 -726 -41
-6058 12834 11274 921 -861 696
-5606 12980 11106 2080 -766 1236
-5594 13516 11038 2692 -609 1472
-5602 14281 10813 2426 -625 1448
-5428 14496 10742 1745 -869 1177
-5057 14480 10574 904 -1166 967
-4694 14262 10450 89 -1295 873
-4421 14057 10313 -448 -1229 802
-4118 13797 10160 -680 -1109 708
-3904 13560 10245 -615 -690 596
-3973 13445 10393 -381 -61 444
-4220 13497 10506 -118 589 300
-4937 13734 10686 209 1079 100
-5558 14012 10754 403 1442 -96
-6142 14713 10698 292 1682 -238
-6390 14796 10842 -24 1909 -296
-6452 14558 11021 -346 1974 -215