-2990 19100 -2476 -1225 -6418 8389
-3077 18848 -2381 -1094 -6086 8740
-2733 18105 -2284 -1103 -5936 9096
-2825 17877 -2438 -1091 -5565 9155
-2798 17540 -2548 -1032 -5614 9042
-2644 17084 -2684 -633 -5470 9021
-2734 17056 -3038 121 -5207 8908
-2780 17014 -3365 1083 -5115 8828
-2461 17248 -3479 2130 -4255 8673
-2673 17905 -3630 2294 -3419 8335
-2672 18268 -3371 1189 -2808 8147
-2765 18588 -3353 -529 -1614 7689
-3158 18526 -3225 -1615 -990 7424
-3124 18020 -3322 -1942 -42 7236
-3388 17785 -3180 -1380 1248 6940
-3506 17602 -2958 -472 2179 6718
-3246 17286 -2373 283 3032 6520
-3300 17262 -1953 613 3866 6110
-3008 17214 -1437 329 3928 5547
-2721 17036 -1018 -337 3967 4708
-2816 17248 -990 -813 3821 4120
-2948 17753 -1142 -1581 3291 3503
-2518 17764 -1068 -2261 3277 3167
-2398 17766 -976 -2347 3451 2966
-1758 17640 -805 -2202 4178 2393
-1518 17287 -682 -1322 5484 1062
-1545 17144 -622 -482 6118 68
-2271 17547 -722 -461 5848 -96
-2487 17653 -609 -1050 4855 -30
-2865 17536 -373 -1346 4443 7
-3016 17436 -362 -1547 4188 309
-2910 16958 -354 -1124 5037 497
-3340 16829 -778 423 6047 872
-3719 17201 -1153 1097 6600 1343
-3674 17452 -1133 793 7006 1861
-3760 17489 -1074 345 7653 2345
-4184 18225 -1202 -98 8379 2638
-5380 19853 -1353 -1510 8354 3229
-5670 21308 -1141 -4274 7787 4483
-4876 21078 -598 -6719 7529 5483
-2993 19879 -30 -6662 8409 5496
-2094 18886 201 -4305 8748 4874
-2256 17997 416 -2039 8435 4254
-3343 18197 97 522 6575 4544
-3470 18684 -337 1693 4297 5449
-3510 18448 -370 1921 3258 6099
-3085 18375 -96 2397 2116 6159
-2501 17852 532 2983 1843 5740
-2538 17960 364 3227 2096 5146
-3247 18564 228 2510 1913 4489
-3341 18633 -136 1339 1265 4256
-3559 18591 -383 258 8 4448
-2775 17803 -208 160 -1178 4873
-2158 17549 -373 975 -1136 4739
-1877 17950 -482 1653 -1138 4380
-782 17948 -593 2415 -628 4386
-544 18612 -896 2386 -406 4564
-496 19378 -1228 1813 -955 4982
-729 20149 -1414 907 -2269 5553
90 20024 -1285 193 -3283 6272
366 20740 -1051 -387 -3589 6969
885 21221 -613 -1039 -4260 7804
1563 21383 -208 -1284 -3854 8360
1676 21438 -58 -1194 -3916 8668
2646 20896 16 -809 -3900 8948
3721 20356 109 -641 -3772 8991
4521 20158 42 -752 -3986 8866
5400 20620 -160 -1339 -4357 8724
5730 21076 -106 -2106 -5036 8342
5324 22142 -120 -4130 -6305 8023
5486 22372 233 -6522 -7716 8038
6130 21768 528 -8200 -7679 8043
7704 21026 1445 -9250 -6609 7800
9886 21468 2163 -10120 -3853 7180
10336 22262 3149 -11594 -1259 6778
9896 23106 3997 -13975 305 6828
9072 22482 4831 -17033 1355 7639
9972 20748 5576 -18392 2017 8582
11292 18875 6177 -16812 2214 8636
12809 17306 6336 -13649 2542 8123
12802 16496 6437 -10544 2596 7531
12278 16245 6484 -8298 2394 6987
11880 15684 6242 -7043 2297 6005
10430 14896 5977 -6675 2018 4857
8822 13104 5326 -6841 1471 3432
7918 11013 4284 -7301 1687 1866
8050 9081 3452 -7399 2723 491
9029 7479 2772 -7100 5196 -806
9345 7525 2835 -6579 7765 -3038
8732 8572 3478 -7584 9039 -4695
7284 9194 3970 -9236 8671 -5458
5669 9561 4576 -10418 7533 -6408
4086 8489 4856 -9444 6078 -8416
2660 7862 5042 -7224 4974 -10408
682 7992 5147 -3709 3564 -12015
-441 7884 4541 774 2597 -12872
-913 8437 3670 4234 2857 -13528
-1725 9017 3150 6709 3593 -15046
-2748 9872 3038 7575 4118 -15940
-4484 10577 3227 7213 3857 -16703
-7039 10280 3375 6659 2078 -16792
-9285 10286 3063 7998 -2397 -16633
-11252 10489 1929 10904 -6022 -17664
-12705 10977 793 14178 -8067 -18305
-13266 11206 -542 17878 -8557 -18776
-14354 13041 -1986 20494 -8100 -19048
-15316 15196 -2830 19794 -8337 -18485
-15680 16340 -3461 16342 -9470 -17218
-14555 16179 -3496 10901 -10328 -15595
-13866 15140 -3020 7757 -10163 -14719
-13075 13065 -2283 7385 -10309 -12749
-11684 11894 -1364 9645 -11031 -10909
-11507 13214 -976 11429 -11116 -9909
-10928 15686 -782 10510 -10245 -8882
-11378 17245 -464 7459 -9749 -7952
-11041 16984 21 3277 -10144 -6671
-10998 15211 745 1447 -10455 -5577
-12437 14657 692 2678 -11700 -4644
-13093 14688 349 5167 -13381 -3566
-13623 16215 -586 8245 -14181 -2687
-14767 20972 -2995 9255 -15201 -2443
-16108 25394 -6082 8583 -16351 -2976
-17416 30418 -8876 8093 -16359 -3695
-18957 32767 -10828 8085 -16628 -3633
-18888 32767 -11501 8655 -16220 -3331
-17856 32767 -11675 8845 -15179 -3144
-15885 32767 -11664 8305 -14671 -2514
-14544 32767 -11498 7488 -14139 -2604
-13871 32767 -10732 5672 -13367 -2797
-11928 32767 -8160 4268 -11317 -1332
-9922 32767 -4955 3185 -8449 185
-7216 32767 -1963 1691 -6054 2571
-3471 30983 514 314 -4582 5103
566 26328 1913 360 -3697 6918
3412 23474 2446 925 -3919 8380
5666 21910 2130 1174 -4227 9744
8097 21842 980 482 -5543 12690
11437 22301 -1374 -2059 -6149 16359
12935 20673 -4184 -4931 -6659 20154
13200 17621 -6080 -6211 -6988 24021
13685 13298 -6365 -6417 -5764 25470
12876 8427 -5890 -5546 -2627 26392
9955 5168 -5024 -5469 28 26712
7844 3318 -4606 -6548 1877 26403
4343 3905 -3463 -10701 2563 26410
2505 4705 -1105 -16039 1803 26939
4518 4938 1585 -18197 1696 26454
7165 7797 3238 -17846 3483 24418
9201 12640 3077 -15580 6208 20975
9984 19752 814 -12238 11898 15173
5069 22840 338 -10337 11025 12674
3428 25106 -1955 -9008 10298 13130
4494 24496 -2629 -4288 12785 11497
5104 24523 -1067 1570 16137 8598
3910 25427 210 2307 16705 5478
3655 23534 1156 1126 14953 2920
3376 21298 2040 623 13703 1295
2502 19676 2723 661 11960 56
440 17413 3140 1336 9045 -1024
-1269 16360 3272 2225 6944 -1891
-1569 15177 3416 2749 7091 -2325
-1930 13876 3281 3329 7569 -2548
-2626 12010 3049 3788 7975 -2944
-3335 10464 2716 2523 7188 -2545
-3260 8944 2490 1240 6021 -1210
-2595 7394 2347 890 5245 68
-1622 6272 2183 512 4245 865
-1392 6474 2128 644 3825 1412
-791 6802 2330 -321 2464 1493
-480 7441 1627 -1905 1567 1457
-452 8368 898 -3478 849 1756
398 9874 -353 -4548 530 2309
1110 13065 -1366 -5457 -254 3306
3209 16127 -1763 -6054 144 4202
5212 18896 -1376 -5568 1271 4163
6349 21335 -1000 -5772 4208 2101
5163 24001 172 -5770 4515 -802
4981 24821 1004 -6489 3967 -2151
5244 25592 964 -6364 3187 -2206
4668 25283 -129 -4233 1613 -3306
3329 25760 -1093 439 -26 -3607
4374 27132 -1837 3439 -41 -3302
4577 27982 -2350 4395 1344 -3923
3572 28480 -2502 3113 945 -4237
2751 28594 -2455 1455 1150 -4238
2632 27318 -1777 1336 2510 -4553
2171 26278 -400 2491 4683 -4594
1881 25330 672 3760 5846 -3771
1653 24160 1600 4271 6870 -3151
1630 21814 2424 5125 7646 -2186
1442 19174 2581 6440 7776 -854
1474 17166 2114 7892 7169 306
1056 16162 1502 9133 6476 1165
974 15530 956 9679 6158 1710
569 14928 742 9014 5666 2135
838 13308 627 7724 5531 2572
1349 11676 406 7310 5724 2724
2062 10060 -400 7527 6494 2468
1985 9326 -1337 7925 7651 2381
1846 9342 -2358 8098 7603 2872