-11582 17865 -4973 -10174 -19406 -20356
-13054 18726 -3306 -10365 -16437 -19376
-14321 19988 -3174 -14653 -10120 -18100
-15218 22200 -4462 -13167 -7408 -15696
-15713 22122 -4234 -8377 -6188 -13783
-15980 20769 -3720 -3893 -5557 -12849
-16085 19552 -3890 1843 -5595 -12398
-15817 17706 14 -2328 -4762 -12320
-16210 17945 -3090 -3699 -3649 -11265
-15949 17292 -2724 -3357 -5957 -10086
-14892 16506 -2394 -3368 -6337 -9431
-14810 16096 -2394 -3138 -8101 -9297
-14521 15782 -2057 -3375 -9305 -9307
-14129 15456 -1664 -4568 -9429 -9141
-13881 14460 -1269 -5795 -8698 -9205
-14030 12788 -1321 -5704 -8768 -9398
-5888 18906 2017 -9534 -9247 3144
-9002 29500 -1836 -16109 -3018 10561
-12473 32767 -6374 -13508 -1833 16350
-14692 32767 -2661 -4735 -6275 15957
-9234 30807 1876 5271 -10420 13549
-8108 28108 1457 6003 -7404 6610
-9128 25762 237 9042 -12800 2204
-7893 20380 962 5536 -10667 -921
-8360 16290 298 -407 -4713 -2662
-8842 13404 -308 -3255 -2659 -3697
-9016 10740 -273 -3654 -3833 -4868
-8800 8961 -13 -2800 -5549 -5525
-8945 8181 474 -1696 -6563 -4709
-9260 8493 816 -1343 -6087 -3090
-9788 9669 1128 -1710 -5040 -1180
-10425 10782 1612 -1349 -4324 240
-10666 13048 1901 -455 -3952 1603
-11046 15532 2440 783 -4555 2620
-10934 15922 2852 1299 -4955 2277
-10548 17282 3053 2454 -4553 1840
-10244 17900 3126 3912 -4880 1251
-9534 17194 3545 4981 -5355 1280
-8940 16405 3488 4861 -4796 721
-9577 15900 3176 5112 -3817 -923
-9836 15406 2972 6428 -4086 -2335
-9216 15662 2866 7650 -4438 -2251
-9048 17814 3464 6814 -5212 -1288
-9094 18077 2493 6753 -5386 79
-8565 18397 3550 5309 -4961 -164
-9536 17514 2232 4689 -4020 -3526
-9397 15890 1137 7371 -5031 -6438
-9446 16610 608 8129 -4842 -7573
-9566 17504 932 7167 -4225 -6538
-9818 16578 400 5427 -2110 -5946
-9666 16261 -208 4569 -68 -5315
-10253 17082 -662 4248 843 -5614
-10189 18674 -1054 5631 26 -5652
-9945 18784 -1170 6047 443 -5266
-9634 19977 -1120 4919 2010 -3994
-9768 21381 -1124 3585 3181 -2238
-9689 22165 -1021 2434 3729 -904
-8918 21988 -841 2277 3752 -154
-8498 21844 -701 2425 3573 677
-8146 21862 -658 2433 3201 1507
-7852 22148 -562 1940 3448 2403
-7477 22613 -514 1262 3657 3547
-7321 23036 -516 901 3855 4756
-6830 23036 -562 1079 3557 5827
-6376 23221 -704 1585 3622 6631
-6122 23153 -601 1344 3676 7790
-5929 22805 -725 699 3785 9169
-5706 22640 -688 -435 3931 10699
-5868 22614 -574 -1617 3681 11941
-5494 21605 -678 -2248 3273 12891
-5142 20750 -637 -2456 3029 13751
-4497 20125 -462 -2838 2659 14732
-3816 19540 -552 -3641 2381 16047
-3633 19014 -536 -4256 2429 17709
-3774 18665 -629 -5023 2581 18921
-3422 17401 -364 -5190 2810 19593
-3384 16781 -380 -4961 3070 20128
-3274 16456 -156 -4601 2879 20582
-3033 16128 193 -4763 3026 21171
-2782 15860 324 -5051 3125 21798
-2505 15442 822 -5430 3005 22344
-2454 14744 888 -5451 2716 22562
-2192 14009 1173 -5164 2280 22289
-1573 13721 1365 -4805 2284 22117
-1281 13933 1249 -4795 2354 21718
-1268 14177 1377 -4517 2256 21099
-714 14276 1606 -4245 2439 20682
-353 14537 1662 -4044 2569 20059
96 14685 1721 -4221 3017 19283
842 14296 1876 -3911 3772 18170
1690 13473 2226 -3193 4368 17218
1436 13409 2213 -2946 4746 16590
1230 13622 2198 -2752 4801 15508
1820 13406 2408 -2179 4435 14148
1793 13940 2100 -1758 4145 12530
1573 14920 1813 -1446 3366 10733
1868 15588 1482 -1516 3030 9256
2061 16206 1209 -1486 3089 8140
1880 16332 832 -1337 3169 7435
1758 16450 570 -943 2480 7034
2096 16164 758 -513 2196 6737
2126 16053 700 -191 2315 6526
2154 16434 676 237 2587 5979
2472 16794 1160 228 3174 5203
2216 16944 824 1053 3367 4646
1976 18158 758 1122 3863 3544
1858 19200 1022 666 4412 2518
1433 19668 1153 594 4179 2292
1265 19536 1522 -45 4055 2569
1165 19512 1870 -1224 3877 3203
1022 20041 2325 -2857 4051 3391
1008 20157 2648 -3897 3134 2904
1586 19764 3041 -3917 2250 2407
1954 19870 3128 -3857 1352 1837
2316 19922 3888 -4030 838 1875
2592 19578 4172 -4636 1741 2143
2432 19298 4341 -5518 2748 2188
2040 19973 4840 -5842 2921 1985
2630 19978 4769 -4124 1903 2680
2632 17960 4886 -3195 1822 2440
2832 18104 5000 -2130 1718 2267
2976 17481 5320 -1443 1413 1835
2946 17345 5201 -1305 1378 1524
3017 17390 5004 -584 849 1111
2850 17650 4868 -239 368 593
3233 17843 4580 -16 -77 211
3636 17530 4202 103 -268 29
3916 17364 3900 176 -175 -100
3996 17373 3676 246 -328 -164
4182 17428 3485 360 -510 -98
4216 17526 3256 200 -570 -254
4268 17621 3153 170 -665 -419
4522 17417 2877 103 -700 -707
4658 17453 2710 153 -652 -970
4888 17364 2582 102 -590 -1291
4853 17646 2440 244 -304 -1491
4856 17964 2382 201 -119 -1431
4808 18306 2417 22 177 -1234
4802 18458 2542 -182 404 -890
4768 18536 2740 -643 706 -671
4878 18353 2853 -1013 1006 -696
4838 18220 3068 -1224 1107 -772
4646 18366 3216 -1139 970 -853
4718 18264 3224 -1152 700 -780
4694 18281 3278 -1219 589 -625
4680 18121 3313 -1164 539 -494
4560 17956 3464 -1043 410 -278
4614 17953 3412 -841 246 -156
4626 17964 3398 -559 111 -188
4786 17842 3465 -109 -3 -99
4672 18073 3380 120 76 -32
4592 18218 3464 27 307 -52
4439 18407 3394 -72 303 -31
4468 18276 3429 -182 294 19
4360 18393 3314 -257 205 67
4528 18490 3382 -375 156 155
4465 18518 3458 -600 106 222
4433 18328 3509 -710 -96 304
4382 18252 3616 -715 -207 424
4312 18150 3608 -720 -222 472
4298 18061 3626 -663 -261 465
4478 17826 3702 -547 -267 457
4425 17840 3748 -439 -255 411
4500 17758 3658 -283 -212 375
4558 17588 3696 -158 -108 345
4527 17665 3646 -2 -66 337
4458 17789 3648 -47 -261 213
4449 17858 3568 -240 -501 207
4629 17533 3573 -432 -586 280
4702 17470 3574 -546 -545 283
4809 17569 3484 -327 -534 260
5043 17765 3411 -12 -497 274
5045 18030 3318 165 -373 336
5100 18052 3266 319 -115 385
5117 18030 3234 418 154 482
5138 17989 3221 544 262 517
5170 18037 3250 572 336 458
5190 18112 3221 565 337 445
5284 18110 3262 356 475 471
5216 18164 3268 138 547 502
5234 18214 3225 -97 588 444
5198 18177 3229 -250 573 360
5221 18069 3221 -280 516 331
5078 18014 3320 -371 424 284
5073 17982 3282 -418 241 243
5074 17913 3297 -426 259 250
5176 17894 3268 -585 325 151
4992 17961 3086 -632 242 67
5012 17972 3074 -664 251 39
4886 17954 2926 -712 414 12
4932 17886 2876 -671 325 -33
4911 17814 2786 -495 -50 -31
4951 17656 2873 -857 60 4
5068 17639 2796 -949 39 85
5046 17575 2857 -919 162 -26
5016 17477 2780 -611 266 -124
5033 17416 2913 -389 378 -120
4905 17605 2820 -307 573 -125
4914 17614 2838 -234 758 -140
4984 17517 2862 -170 909 -155