-94 16116 2484 -8098 -3231 -14412
-681 15098 2960 -9402 -4499 -15691
-1326 13645 3196 -8819 -6199 -16916
-1856 13045 3234 -6589 -7875 -17569
-2164 13681 2925 -5042 -7878 -17309
-2330 16641 1901 -3391 -5901 -16198
-2630 19698 1420 -1378 -3752 -15037
-2929 21246 1492 -274 -1955 -14628
-3374 21274 2141 888 -1792 -14888
-3537 19610 2628 791 -1431 -16096
-4404 18742 1936 3912 -2748 -17854
-5062 17365 2182 7320 -4583 -18488
-5225 17082 2686 5459 -4894 -18137
-5817 18720 2060 2993 -4788 -17943
-6685 20165 1690 1000 -4516 -18346
-7962 21090 1904 -1201 -4175 -18910
-9228 21389 2182 -2852 -4616 -19744
-10084 20221 2224 -4173 -5568 -20927
-10932 18792 2021 -3632 -6440 -22364
-11922 18872 1562 -2013 -8070 -22627
-12789 20888 942 -2200 -8990 -21273
-13456 24704 -690 -3771 -8376 -19391
-14152 28257 -1584 -6981 -6364 -17612
-14890 30314 -2418 -10137 -5016 -16244
-15425 26968 -1670 -12691 -6199 -16276
-13872 23273 -1597 -12839 -6456 -16070
-13938 20376 -1440 -9489 -8713 -14558
-13629 19668 -737 -4504 -12055 -12064
-13681 20974 2013 -1450 -15117 -8793
-14472 22165 3493 -1675 -14282 -6394
-12820 20153 5374 -2160 -13434 -5799
-13632 18290 4329 -188 -12515 -4627
-12593 20333 6116 4268 -13461 -5825
-11920 22637 4238 5794 -12162 -5430
-11329 22146 4581 11381 -11274 -2425
-9608 24641 4568 8952 -8545 1746
-12217 26021 3781 9678 -8375 873
-9677 23893 3941 10736 -9872 527
-9569 24012 3546 10670 -9658 326
-9216 23317 2678 12165 -12979 236
-7373 22616 4352 9274 -12734 430
-8864 20725 2901 7927 -12976 -1801
-7426 18432 2372 7821 -12495 -3536
-6849 18137 2326 5855 -10454 -3658
-7437 18314 1648 3429 -8202 -3374
-7585 18410 1470 2202 -5576 -2235
-7764 18868 1206 2331 -3748 -1196
-7872 20210 1330 2460 -2533 -471
-8634 22192 730 3812 -2878 115
-7838 22208 1010 5157 -3455 888
-6754 22449 1069 4716 -2654 1915
-6333 23042 945 3232 -2197 2381
-5553 23092 846 1334 -1247 2988
-5393 23396 580 -38 -891 3397
-5101 23278 768 -798 -1301 3702
-4516 23062 760 -1628 -901 4414
-4688 24034 550 -2692 -340 5437
-4856 24960 272 -3642 -144 6943
-4762 25100 64 -3434 -476 8231
-3396 23712 424 -2775 -521 9439
-2676 22906 504 -1974 -261 10636
-2121 22276 500 -1400 27 11704
-1542 21653 626 -1290 734 13063
-1265 21285 640 -1629 1469 14456
-536 20534 892 -2347 2452 15970
-737 20182 1022 -3341 2759 17065
-48 19138 1369 -4255 3002 18092
-174 19726 1192 -6887 3324 18954
-938 20225 1440 -11006 2734 20003
-1245 20258 1630 -16778 1855 20871
-141 18280 2037 -21890 941 20647
-85 16009 1824 -23977 -302 20532
670 11948 2354 -22008 -4185 21017
1774 9737 3749 -17420 -5999 22248
1617 8737 4556 -12122 -5677 23169
2280 8356 5556 -7366 -3629 24074
1944 10045 6152 -2058 -1020 24469
2108 12106 6033 1170 -104 23976
1716 13801 6080 2066 -722 23201
2089 14141 6505 612 -829 22246
2718 14045 6898 -1133 209 21362
3370 13129 6725 -2806 1086 20627
3992 11152 6712 -4051 1196 20080
4173 9893 6800 -3583 622 19544
4318 9282 6889 -2859 -871 18996
4082 8790 7508 -1457 -2783 17955
5821 10357 7316 -1627 -1678 16642
5098 10973 7414 -1623 -615 14843
5326 10940 7896 -828 712 13355
4872 12069 7686 -193 1543 12047
4484 13130 7589 817 1550 10860
4233 13370 7568 2158 1640 9594
4300 13897 7386 3347 2161 8170
4474 14232 7274 4066 2794 6808
4730 14484 7536 4036 3270 6060
4880 14373 7276 4125 3732 5655
4868 14064 7442 3855 4243 5116
4201 15830 7410 2505 5170 4048
3532 15917 7508 1530 5128 3181
2913 16916 7477 442 5047 3065
2524 17130 7348 18 4113 3097
2676 16933 7633 -369 3444 3038
2648 17130 8000 -667 2927 2512
2837 16836 7886 -87 2457 1567
3274 16160 7784 1299 2198 993
3861 16032 7877 2632 1703 961
3842 16410 7870 3345 1850 928
3677 17272 7841 3632 2288 288
3390 18166 7677 4227 2189 19
3293 18569 7694 4077 1832 -73
3492 18796 7421 3264 1591 80
4080 18166 7284 2373 1684 332
4432 17364 7101 1653 1886 435
4680 16716 6766 1436 1634 238
4930 16293 6644 1113 1205 336
4890 16225 6572 930 423 401
5034 15899 6583 669 -48 500
5394 16498 6921 -367 43 442
5086 15552 6537 -307 -98 169
5553 15687 6519 -17 -17 -48
5672 15604 6509 488 -13 -351
5744 15925 6537 601 233 -610
5964 16160 6469 736 455 -695
6050 16224 6392 613 627 -709
6033 16406 6394 424 666 -778
6062 16344 6385 261 572 -870
6313 16362 6397 147 628 -908
6250 16782 6336 -36 633 -930
6408 16878 6416 -215 689 -915
6374 16973 6508 -420 737 -823
6134 17184 6612 -660 751 -692
6049 17189 6662 -847 630 -548
6157 17085 6740 -960 550 -490
6189 16878 6729 -998 453 -455
6292 16794 6766 -923 314 -415
6354 16638 6809 -790 143 -392
6367 16763 6756 -546 17 -300
6316 16561 6792 -365 80 -293
6290 16724 6648 -192 168 -290
6365 16848 6652 -375 387 -327
6337 16564 6809 -286 435 -180
6324 16394 6696 -258 501 -275
6294 16306 6557 -61 540 -305
6385 16142 6521 195 494 -277
6265 16354 6510 228 467 -221
6246 16450 6494 167 457 -186
6365 16426 6565 -32 583 -164
6289 16584 6550 -245 772 -233
6278 16516 6617 -369 863 -283
6273 16546 6569 -394 880 -272
6322 16481 6694 -454 943 -234
6217 16592 6754 -591 1129 -219
5992 16686 6867 -676 1044 -57
5908 16578 6976 -775 950 53
5923 16572 7015 -948 935 81
5882 16481 6964 -956 823 -10
5931 16400 6868 -730 712 -115
5915 16326 6893 -343 523 14
5948 16491 6845 -79 434 197
6041 16765 6917 -272 623 273
6041 16432 6974 -468 715 263
6050 16313 6942 -647 722 118
5992 16132 6945 -660 648 74
6037 15928 6951 -584 581 75
6100 15864 6894 -464 432 -3
6120 15960 7000 -402 365 -42
6128 15948 6861 -201 328 -11
6115 16091 6790 -106 362 -1
6156 16090 6806 -115 280 -5
6186 16185 6828 -257 262 7
6088 16298 6796 -354 257 -57
6124 16267 6774 -437 245 -29
6214 16420 6810 -327 286 90
6228 16436 6809 -270 343 143
6276 16440 6852 -268 326 212
6232 16544 6825 -246 280 201
6180 16630 6740 -323 298 228
6152 16747 6770 -510 108 293
6109 16694 6829 -799 1 424
6124 16557 6798 -1149 -128 446
6130 16438 6933 -1377 -174 484
6245 16204 6955 -1565 -93 396
6341 16249 6936 -1752 121 270
6293 16170 6886 -1955 226 182
6298 16001 6926 -1854 388 105
6320 16064 7048 -1775 395 132
6211 16264 6963 -1906 485 161
6305 16324 6955 -2126 677 311
6546 16113 6917 -1875 1080 450
6636 15877 7005 -1246 1374 580
6665 16015 7004 -640 1793 638
6474 16113 6968 82 2046 763
6382 16408 6942 432 2249 730
6361 16417 6897 271 2011 680
6426 16452 6918 442 1559 611
6432 16125 6913 491 1206 636
6498 15773 6934 -213 1148 807
6376 15826 6793 -522 816 851
6318 15898 6725 -421 551 771
6308 15822 6618 -200 317 639