4898 13302 7274 -3726 -809 -2395
4696 12850 7189 -3127 -968 -2724
4512 12656 7185 -2209 -1194 -3016
4309 12513 7017 -1477 -1410 -3346
4093 12433 6877 -666 -1425 -3754
3960 12246 6814 213 -1428 -4362
3756 12380 6701 1048 -1681 -4853
3622 12494 6536 1559 -1723 -5291
3850 12560 6400 2080 -1670 -5687
4026 12728 6452 2283 -1562 -5917
4252 13053 6562 1966 -1241 -6103
4458 13186 6588 1174 -717 -6299
4502 13205 6693 358 -147 -6794
4493 13108 6710 -353 308 -7316
4445 13012 6525 -960 798 -7841
4160 12493 6440 -633 894 -8238
4053 12046 6397 702 418 -8513
3958 11962 6261 2416 -154 -8930
3909 12458 6345 3843 -621 -9485
3769 13480 6253 4274 -680 -9951
3724 14133 6232 3482 -514 -10442
3209 14650 6070 2050 -142 -11057
2745 14650 5886 845 -318 -11795
2390 14092 5652 166 -498 -12846
1961 13637 5544 361 -834 -14139
1389 13705 5630 554 -1510 -15321
509 14645 5560 316 -2012 -15931
-93 15534 5341 342 -2204 -16274
-768 16113 5330 154 -2055 -16499
-1864 16668 5374 397 -1773 -17142
-2901 17272 5404 1178 -1685 -18084
-3890 18073 5449 1706 -1418 -18698
-5134 19420 5586 1278 -1161 -18593
-6057 20014 5820 234 -889 -18524
-7026 19989 5934 -541 -719 -19231
-7776 19785 6145 -662 -719 -20155
-8621 20028 6156 -249 -1088 -20602
-9314 20528 6294 171 -1408 -20429
-9976 21505 6397 197 -1508 -19443
-10129 21818 6616 -323 -1311 -18412
-10486 21824 6830 -754 -1406 -17736
-10808 21572 6944 -1001 -1892 -17316
-11137 21277 6704 -453 -2742 -17236
-11378 21302 6553 480 -3404 -17098
-11514 21905 6288 1202 -4111 -16283
-11562 23072 5817 1470 -4661 -14897
-11034 22941 5856 2992 -4977 -12542
-11441 27324 7810 284 -8086 -9219
-11992 28593 6857 2472 -10457 -7202
-9293 25441 8008 219 -10227 -8628
-9536 23316 6313 -1889 -8622 -10639
-9100 20917 4220 435 -8868 -9681
-7185 19200 5216 1091 -6530 -10162
-8449 21906 1229 -186 -4002 -9512
-8096 19276 3552 27 -3874 -8367
-7756 19398 3038 709 -3777 -5971
-7344 19109 3049 3476 -4646 -4060
-7029 20534 4085 4387 -5323 -1924
-7208 22754 4354 5449 -6834 -594
-6326 23293 5856 3931 -7254 -1307
-5558 22020 5430 2847 -7039 -2347
-5500 21514 5665 1509 -6097 -2669
-5453 21709 5337 457 -5702 -3164
-4664 19104 5153 192 -4159 -4137
-4946 17693 5085 -5 -2766 -5634
-5146 17736 4405 141 -2041 -6228
-4882 17060 4509 823 -1605 -6085
-4780 16508 4184 974 -887 -5752
-5010 16464 3837 1484 -486 -4981
-4880 15844 3849 1826 -108 -4540
-4644 16205 4130 1854 63 -4177
-5009 17584 4186 1668 576 -3901
-5620 18474 4194 1426 550 -3640
-5192 18458 4770 1462 957 -3392
-5052 18873 4785 1326 1618 -2962
-5245 19700 4838 1722 2426 -2489
-5232 20140 5032 1654 3159 -2117
-5420 20957 4840 1947 3632 -1051
-5198 21572 4902 2425 4028 293
-5377 22214 4830 2689 4223 1373
-5601 22972 4784 2780 4244 2537
-5422 23474 4720 2216 4264 3393
-5388 23824 4666 1769 4532 4280
-5451 24256 4504 784 4786 5521
-5283 24622 4169 -129 4938 7531
-5158 24623 4166 -728 5122 9193
-4843 24236 4154 -1461 5391 10622
-4578 24158 3928 -2139 5917 11864
-4473 23768 3889 -2776 6217 12975
-4241 23045 3962 -3519 6638 14284
-4098 22954 3758 -4159 6836 15253
-3485 22285 3727 -4996 6830 16722
-3052 21106 3860 -5772 6658 18095
-2737 20470 3705 -6297 6075 19892
-2374 19208 3797 -6736 5199 21946
-2080 18388 4022 -6900 4638 23039
-1718 17258 4338 -6608 4178 23984
-1233 15995 4711 -5723 3699 24895
-550 14728 5201 -4442 3400 25873
233 13750 5401 -3293 3627 26369
684 13682 5458 -2401 3920 26547
1350 13221 5843 -1764 4253 26455
1824 12498 6216 -1592 4553 26031
1926 12176 6361 -1559 4686 25288
2258 11813 6453 -1754 4655 24343
2511 11802 6608 -2163 4507 23075
2924 11630 6684 -2304 4267 21513
3520 10792 7082 -2624 3992 19693
4193 9884 7363 -2595 3975 17417
4782 9008 7783 -2317 4213 15855
4868 8746 8057 -1111 4339 13662
4462 9845 7680 28 4207 10881
4226 10916 7358 730 3745 8594
4081 12808 6674 760 3177 6225
4189 13989 6049 674 2840 4015
4580 14895 5693 685 2263 1838
4798 14826 5732 199 1896 798
4736 13966 6127 -1378 2296 588
4644 12497 6652 -2665 2615 994
4613 11088 6949 -2231 2802 1376
3925 11325 6856 -1324 3384 473
2913 13378 5923 1415 3544 -1898
2987 14324 5876 4088 3365 -3910
2752 14828 5796 5289 3185 -4856
2996 14525 5961 5251 3969 -5617
2304 15129 5920 3997 4695 -5928
1894 15580 5820 3356 3848 -6483
2064 15236 6118 3072 3113 -7048
1510 16180 5984 2578 2700 -8138
842 18232 5460 1997 2473 -9257
1190 18367 5848 1177 2891 -9394
1433 18438 6318 1373 3365 -9473
1313 18042 6709 1153 4176 -8749
569 18637 6625 1041 4607 -7615
249 18654 6721 1653 4869 -7183
559 18185 7123 3194 4284 -7139
529 18389 7369 3699 3901 -6825
-1021 20995 6384 2447 2751 -6305
-697 23352 5497 766 461 -5725
-353 24458 6462 -1690 -1099 -5337
645 22812 6458 -1516 -1434 -4282
818 22582 5553 -390 -810 -3077
1474 21590 6341 962 654 -2149
1182 21750 6408 2359 1303 -1430
1268 21253 6472 3132 2505 -537
905 20370 6337 3199 3296 59
1084 20016 6524 2769 3529 530
1217 18923 6798 2445 3133 833
1225 18210 6941 1736 1572 684
1332 17666 6641 1240 424 573
1484 18086 6673 149 -722 514
1576 17971 6622 -253 -1883 210
1661 17894 6553 -947 -4840 142
2228 17762 6165 -2069 -3178 303
1455 18550 5907 -2091 -3700 615
1639 18287 5607 -2532 -3353 615
1456 18696 5520 -3661 -2909 90
1503 18179 5479 -1726 -3032 283
1930 18261 5869 -1318 -1480 151
2504 17954 5989 -726 -820 333
2285 17282 6074 -72 -168 304
2572 17630 6272 516 -170 791
2309 17327 6163 1068 477 1080
2200 17469 6030 1102 345 1199
1828 17397 6223 691 154 989
2245 17472 6112 579 155 789
2137 17553 6142 352 -103 708
2156 17424 6308 -382 -331 561
1933 17518 6225 -858 -739 195
1900 17586 6068 -1001 -919 -98
1694 17874 5972 -832 -1180 -106
1807 17829 5913 -579 -1111 -43
1977 18033 5846 -196 -1049 186
2194 18200 5580 -220 -922 245
2292 18249 5644 -281 -859 375
2372 18128 5514 -464 -501 379
2544 17755 5628 -405 -110 449
2772 17298 5657 -195 271 503
2699 17465 5779 -67 337 325
2662 17604 5918 -269 245 269
2784 17453 6024 -734 169 98
2857 17397 6176 -1221 111 -164
2588 17636 6004 -1579 9 -500
2565 17452 6004 -1542 72 -511
2581 17494 5974 -1086 164 -477
2636 17556 5994 -804 212 -408
2564 17800 5931 -294 102 -244
2692 18036 5800 -36 86 -115
2698 18223 5816 -31 211 -58
2705 18148 5823 -202 389 8
2693 18110 5858 -299 667 -1
2696 17924 6048 -458 896 77
2655 17848 6037 -275 876 107
2545 17832 6045 -107 843 155
2605 17621 6166 -184 877 113
2502 17669 6228 90 718 205
2416 17704 6179 -81 601 178
2408 17662 6023 -552 417 -124
2232 17695 5844 -597 49 -97
2368 17491 5623 -428 -140 -120