8468 14594 7934 -3004 -218 3002
8672 14105 8042 -2736 45 2942
8832 13429 8114 -2182 387 3043
9010 12545 8269 -1365 739 3255
9097 11848 8230 -559 1146 3408
9101 11456 8166 121 1393 3337
8958 10884 8132 544 1500 3072
8924 10430 8138 621 1255 2643
8714 10422 8040 2032 -9 1945
8964 8582 8369 1404 -262 1230
8723 7666 8285 -365 47 256
8245 6785 8333 -1539 1 -1047
7729 5806 8360 -2089 -211 -2393
6929 5473 8193 -1429 -925 -3916
6326 5073 8138 -8 -1952 -5458
5709 5118 7777 1566 -2750 -6927
4953 5589 7478 3354 -3345 -8231
3748 6772 7177 4919 -3820 -9612
2654 8252 6772 5845 -4616 -10335
1736 9743 6505 5894 -4399 -10916
672 11480 6348 5496 -3565 -12096
-200 13053 6250 4659 -2798 -12420
-1096 14030 6101 4321 -2459 -12271
-1714 14674 5982 4255 -2152 -12199
-2108 15795 6001 4183 -1459 -12464
-2918 17119 5980 3236 -881 -13826
-4033 18009 5929 1760 -1271 -15460
-4870 18072 6077 793 -2490 -16386
-4798 17706 6298 294 -3640 -17048
-5081 17912 6190 323 -4429 -17625
-5248 18620 6027 1040 -5144 -18434
-5577 19584 5946 2054 -5062 -18732
-6057 20948 6012 2430 -5276 -18087
-5862 21970 6280 1556 -5108 -17701
-6120 22554 6367 -414 -4945 -17703
-6429 21650 6551 -2514 -5114 -18223
-6850 19893 6134 -1275 -6213 -19345
-7432 19800 5794 1793 -7403 -19615
-7352 22120 5388 5032 -8704 -18705
-6941 24669 5006 4874 -8427 -18744
-6922 25986 5200 2971 -7659 -18716
-7173 26791 5092 767 -7435 -18363
-6857 26476 5340 -2348 -6274 -17262
-7426 25169 5452 -4535 -5333 -15966
-8036 23594 5770 -5768 -5178 -14670
-8386 21405 5780 -5619 -5977 -13560
-8961 19900 5556 -3505 -8181 -12415
-8414 19070 5404 -287 -9944 -11814
-8365 19970 5157 2806 -10169 -11181
-8490 21622 4248 5325 -8980 -10327
-8238 22018 4692 5347 -7435 -10384
-8568 22712 4447 4503 -6262 -9453
-8520 22718 4230 4286 -5708 -8798
-8526 21493 4410 3847 -5136 -8417
-8845 20657 4224 3693 -4772 -7507
-8953 20040 4553 3014 -5217 -6939
-8637 19596 3752 3186 -5784 -6642
-8696 19605 4365 2802 -6329 -6966
-8896 21446 5249 1948 -6860 -6418
-7936 23538 5336 1555 -7784 -4691
-6320 23904 4980 1154 -6496 -2551
-5347 23717 5426 5588 -6033 2379
-5154 27814 4013 4742 -2402 5942
-6293 25650 4604 6006 -4141 3600
-6359 23328 3940 4497 -2632 349
-5013 24245 3925 3018 -3488 1353
-5346 21173 3997 2967 -4616 1867
-5672 19518 4077 1105 -3155 134
-5900 18926 3680 2614 -4832 -1579
-4216 17952 3552 3707 -5330 -1078
-5231 20369 3628 3658 -5312 312
-4752 21054 2783 3724 -4771 2120
-4266 20264 2778 4343 -3185 3148
-4411 21537 2438 4756 -2605 4262
-4304 23024 2182 4714 -2338 5215
-3618 23564 1934 4323 -1626 5677
-2809 23514 1746 3741 -511 6460
-2209 23760 1614 2926 222 7433
-2330 24106 1452 2560 307 8129
-2049 23990 1339 2176 239 8943
-902 23667 1496 2282 123 10015
-94 23238 1548 2387 434 10927
281 23161 1496 2449 762 12275
970 23036 1406 2198 1675 13277
1402 22564 1340 2453 2517 13833
2374 21749 1693 2724 3396 14631
2306 21852 1688 2341 4212 15234
2474 21546 1614 1728 4856 15675
2710 21170 1322 1303 5290 16422
3406 20612 1322 1502 5528 17116
4413 19814 1412 1606 5696 17764
4973 19080 1285 1241 6338 18260
4697 18832 1384 645 6750 18780
4882 17730 1708 225 7417 19128
4705 17252 2041 -737 8313 19362
4350 16189 2293 -1384 9018 19706
4388 15005 2730 -2127 10017 19811
3986 14569 2762 -2334 10697 19331
4066 13356 3270 -2005 11283 19000
3982 13262 3449 -1938 11701 18877
3742 12901 3613 -1628 11573 19196
4376 12056 4017 -1651 11709 19140
4454 11649 4466 -1904 11881 18403
4565 11498 4624 -2362 11780 17250
4556 11228 4688 -2593 11417 15824
5044 11257 4789 -2826 11167 14604
5158 11400 4849 -3081 10827 13591
5325 11385 5101 -3102 10634 12783
5648 10826 5341 -3058 10643 11895
5793 10552 5716 -3122 10845 10860
5672 10525 5781 -3109 11137 9554
5389 10599 5717 -2064 11059 7903
5172 11447 5787 -665 10619 6578
4333 12696 5708 -261 10054 5565
4274 13200 5822 -75 9447 4876
4500 13392 6175 -308 8709 4056
4909 13156 6433 -734 8031 3074
4812 12734 6832 -1108 7693 2323
4708 12628 7176 -1470 7466 1684
4085 13426 7333 -1905 7306 1030
2824 15092 7711 -2225 6078 142
2798 15354 7717 -2062 4621 -209
3194 15694 7654 -2152 3927 -649
3286 15953 8064 -2046 3303 -1187
3266 16210 7742 -1393 2819 -2144
3414 16836 7729 -414 2410 -3047
3702 18084 7665 307 2142 -3099
3548 19550 7490 631 1773 -2647
3525 20449 7425 335 1737 -2158
4016 20617 7464 92 1622 -1424
3774 19416 7576 757 1396 -927
3784 19658 7402 1208 836 -703
3924 19604 7372 2006 524 -374
3946 19896 7338 2092 567 4
4020 19915 7341 1880 652 403
4348 19378 7494 1269 1076 693
4506 18514 7636 180 1683 1156
4376 17333 7752 -813 2022 1753
4400 16573 7921 -1143 1872 1770
4400 15902 7977 -1247 1610 1532
4416 15736 7980 -922 1057 1335
4497 15481 7954 -716 470 1161
4564 15558 7898 -466 100 985
4766 15902 7657 -218 -65 809
5128 15926 7477 135 -52 804
5331 16077 7218 349 34 739
5341 16298 6938 425 109 678
5330 16280 6845 330 187 747
5352 16297 6749 76 309 707
5328 16291 6564 -32 204 682
5442 16277 6553 -78 -14 829
5501 16325 6537 -198 -149 849
5665 16160 6594 -349 -58 840
5626 16304 6549 -522 64 734
5610 16263 6586 -589 194 606
5558 16286 6795 -556 236 678
5610 16249 6840 -554 355 652
5644 16146 6970 -541 371 588
5817 16016 7033 -412 269 599
5748 16090 6904 -79 200 608
5886 15932 6845 316 7 577
5929 16125 6856 1314 336 631
6320 15894 6912 1139 480 413
6352 16061 6916 669 365 247
6484 16128 7044 -39 -13 156
6421 16098 7106 -1054 -124 55
6461 16000 7226 -1740 -481 9
6614 15917 7168 -1794 -736 -41
6736 15768 7041 -1457 -736 -113
6744 15872 6874 -671 -533 34
6880 15876 6872 -136 -159 174
6854 15920 6850 16 274 138
6823 15845 6846 176 604 67
6743 15866 6798 124 456 -125
6742 15872 6764 -128 350 -179
6797 15934 6765 -508 157 -213
6755 15980 6748 -1074 137 -347
6513 16281 6641 -1495 185 -440
6466 16306 6662 -1403 140 -296
6560 16273 6669 -1055 232 -199
6570 16186 6722 -634 456 -221
6369 16653 6609 -43 744 -295
6398 16858 6627 431 692 -119
6433 16795 6704 298 1179 66
6418 16594 6786 79 1469 265
6208 16391 6924 -365 1426 257
6046 16113 7236 -835 795 269
6184 16017 7332 -996 541 301
6206 15796 7585 -1265 554 283
6302 15665 7596 -1287 458 193
6384 15505 7654 -1053 436 146
6303 15648 7563 -693 346 -23
6337 15740 7501 -204 246 43
6383 15940 7474 -22 384 107
6435 15945 7443 -144 448 43
6462 15773 7314 -284 437 -79
6410 15722 7157 -208 229 -237
6446 15750 7028 60 -5 -216
6603 15847 6797 293 -50 -129
6579 16232 6580 525 -230 -6