437 5306 5070 5439 -1054 -9042
-253 6366 4233 6447 -3911 -9257
-413 6872 3522 6951 -5834 -10071
-1001 7228 3056 8045 -6712 -11455
-1358 7246 3080 9344 -7374 -13562
-1809 8877 2137 10526 -6557 -15750
-2872 10568 1372 12377 -5324 -17584
-3593 10381 1772 14797 -3570 -19999
-5572 11550 1040 17213 -3019 -21596
-6940 10958 1414 20810 -4557 -22730
-8590 10925 1258 24003 -6686 -23369
-9785 11510 1038 26539 -9392 -23970
-11122 13858 336 26557 -10863 -24912
-12684 18576 -1142 23601 -10657 -26005
-13792 21077 -2125 20587 -9775 -27919
-15136 23157 -3086 17885 -8436 -29351
-14620 24204 -4234 14678 -6113 -30644
-15870 26812 -5952 12352 -4600 -31179
-15560 29426 -6605 9725 -2254 -30914
-16670 32327 -7117 7140 -766 -29710
-16313 32767 -7232 4429 685 -28757
-16841 32767 -7152 1826 1584 -28298
-17534 32767 -7040 455 1121 -27305
-17144 32767 -6358 -1003 74 -26049
-17264 32767 -6061 -3161 -585 -24363
-16802 32767 -3990 -5955 -1569 -21118
-17262 32767 -4261 -8087 -2002 -17381
-16646 32511 -3217 -9089 -2163 -16572
-16354 29848 -3038 -8820 -2028 -15433
-16014 26493 -2354 -7158 -2027 -13538
-16061 25618 -1640 -6443 -1620 -11146
-16034 23540 -1593 -5276 -546 -9372
-15832 20473 -772 -3380 188 -7997
-15444 18654 -405 -1386 117 -6608
-15110 17184 -206 629 -786 -5243
-14236 16362 -46 1915 -1132 -4075
-13918 15977 130 2278 -1288 -3567
-13653 15848 192 1791 -1549 -3717
-12745 16116 642 1497 -3405 -2796
-12268 19061 322 -931 -4743 -105
-13400 20393 -201 -2903 -7147 1362
-12450 18730 537 -5071 -8233 948
-10874 15744 1174 -4756 -8010 -604
-10392 15092 1500 -2946 -7916 -2500
-10438 17468 1888 -2496 -9173 -3835
-9964 17962 1581 -1020 -9206 -3217
-9054 17101 1270 2166 -7546 -2760
-8538 15929 97 6067 -4823 -2733
-7910 15718 1754 8664 -3078 -2195
-8634 17484 466 9980 -1648 -1138
-9669 20012 70 10560 -1936 -166
-9370 21697 -192 10752 -1819 859
-8849 21552 -148 11171 -1484 1608
-8438 22424 106 9908 -2595 2102
-7914 22661 -341 9151 -4350 2148
-6712 22990 -342 6936 -5389 3484
-5864 23852 -893 4898 -5181 5375
-5642 23865 -1240 3493 -4838 7361
-5252 24384 -1074 1774 -3870 8812
-4349 25270 -1312 -122 -2257 9748
-3398 25950 -2085 1660 -135 10219
-2645 25545 -2181 5036 2846 10558
-1888 24506 -2397 6413 6660 11491
-1520 22837 -2226 8479 10004 12860
-1046 22320 -3234 11389 12812 14922
-570 22088 -4285 14305 14912 17461
-6 22166 -4470 15562 16495 19612
1148 21640 -4910 15871 17965 21151
2336 21818 -5089 14830 20383 22135
2220 22392 -4653 11812 22666 22857
1465 22556 -3861 7549 23639 23313
442 21497 -2945 2843 23639 23164
-685 20272 -1996 -1224 22623 22500
-1754 19912 -1142 -5561 20809 21593
-2173 19074 -468 -9468 18445 20579
-2650 18664 42 -13050 15410 19848
-2644 17277 1161 -15756 12730 19675
-2697 15862 1832 -16973 10339 19920
-2426 14660 2098 -16804 8468 20719
-1821 13790 2506 -15753 7044 21628
-1994 13762 2805 -15373 5754 22375
-1737 13284 2936 -15117 4503 22568
-878 12384 2604 -13972 3613 22070
1036 11764 2040 -11853 3974 20378
2789 12100 1212 -10424 5687 18660
3585 12880 393 -10205 7170 18005
4400 12873 -152 -10609 8264 17960
4653 12398 -708 -10816 8993 17688
5178 11440 -876 -9897 9053 17136
5738 10477 -829 -8134 8764 16581
6086 9737 -500 -5848 8284 15828
6389 9176 -214 -4016 8334 14907
6380 8921 148 -2289 8740 13511
6896 9396 505 -929 9741 11478
6938 9524 741 -92 11100 9542
6552 10008 646 201 12318 7922
5932 10124 800 -57 13004 6485
5490 10042 1186 -299 13135 5307
4910 9980 1588 -335 12202 4446
3921 10444 1494 -245 10289 3751
3138 10678 1332 69 7529 2874
2704 11140 818 325 4977 1113
2493 11166 545 1800 2710 -537
2888 11801 825 2909 1589 -2083
3069 12865 1177 2844 2316 -3873
2313 13940 1594 1339 4101 -4783
1277 14328 2266 -411 5278 -4931
688 14378 2994 -1953 6023 -4808
-1245 14848 2661 -2592 4921 -5261
-1513 15212 2629 -1468 2520 -5955
-1485 15302 2565 639 -120 -7452
-1961 16550 2086 1482 -2009 -9073
-2720 19377 469 1377 -3907 -10553
-2116 19928 610 592 -5009 -10970
-1452 20217 521 -848 -4497 -10875
-957 19708 989 -1956 -3359 -11115
-680 18432 1968 -3532 -1368 -11455
-792 17841 2774 -4156 183 -11833
-1353 16938 3460 -3451 871 -11943
-1461 16365 4004 -1726 529 -11652
-2409 18512 3189 174 -176 -11462
-2973 20769 2165 2402 -1561 -11036
-1932 21849 2054 4216 -2425 -10870
-1114 22640 2202 5139 -2731 -11019
-578 23078 1342 5150 -3071 -10984
350 23648 910 5002 -2905 -10604
1206 23988 538 5103 -2734 -9625
2064 23821 906 4270 -1938 -8746
1824 24657 745 3318 -1210 -8349
788 25809 270 2639 -1236 -7860
662 26370 104 2294 -1153 -7310
606 27084 -196 2053 -1019 -6185
866 27132 -154 2823 -1387 -4528
1514 26148 389 3201 -1372 -3000
1724 24929 994 3247 -1073 -1822
1674 23828 1442 3166 -791 -912
1722 22746 1826 2903 -497 -294
1414 22466 1780 2615 -364 315
1412 22344 1729 2575 -382 813
1498 22052 1754 2380 -298 1138
1238 22424 1610 1865 -419 1330
1213 22040 1462 1874 -668 1880
1488 21338 1793 1414 -900 2269
1240 20721 1857 944 -955 2593
1177 20297 1817 573 -1018 2873
1218 20030 1720 366 -980 3034
1186 19590 1709 195 -772 3005
1041 19606 1538 127 -513 2938
1032 19382 1481 236 -247 2947
1084 19132 1477 498 -36 3013
1084 18806 1560 814 -18 3097
1121 18650 1502 1058 -156 3153
1090 18490 1414 1132 -358 3043
1085 18413 1390 964 -518 2931
1217 18310 1230 782 -603 2715
1302 18668 1193 186 -523 2301
1248 18794 970 -216 -394 1747
1429 18893 878 -787 -201 1541
1374 19409 526 -990 -161 1498
1678 19445 462 -658 -251 1690
1774 19796 508 -636 -276 1922
1702 20158 230 -175 -468 2415
1537 20832 342 1388 -2082 2364
2150 19270 900 -1521 -6721 2036
2781 18733 770 -5619 -4768 2453
2413 18897 680 -7238 -3570 2358
2581 18186 721 -6058 -1828 2417
2700 18010 558 -3600 -1315 2320
2286 17421 949 -1922 -865 2138
2484 17386 964 -945 -808 2224
2075 17529 1226 -373 -509 2025
2106 17606 1629 -861 -509 1641
1959 17564 1850 -1468 -699 1309
1941 17549 1820 -1687 -615 1176
2003 17413 1871 -932 -492 1290
1973 17149 1941 -69 -346 1324
1912 17717 1617 1167 -335 1164
2097 18172 1414 1227 -707 931
2230 18492 1286 829 -1080 882
2352 18518 1125 60 -1383 617
2376 18496 1060 -528 -1631 453
2628 18558 827 -767 -1619 295
2789 18614 729 -260 -1158 299
3012 18750 714 297 -401 522
3010 18930 682 542 98 686
3033 18788 880 606 327 697
2940 18573 1052 379 456 449
3081 18317 1224 102 313 325
2942 18408 1286 49 179 288
2964 18388 1228 -293 170 70
3007 18487 1144 -580 -24 4
3056 18724 936 -703 -8 -69
2971 18774 922 -811 -14 -83
3022 18753 952 -510 259 48
3102 18466 1194 -148 381 15
2869 18663 1220 78 168 -109
2703 19007 1127 -320 -161 -134
2826 19056 1042 -736 -270 -110
3003 18876 1072 -1098 -193 -129
3136 18395 1077 -1142 -170 -275