6440 15816 6317 -1028 379 400
6603 15642 6466 -1316 837 611
6766 15431 6667 -1359 979 650
6929 15093 6841 -1296 1028 698
7058 14633 7036 -1361 1284 799
7253 14053 7166 -1142 1503 1033
7449 13360 7393 -982 1634 1375
7614 12982 7589 -881 1596 1658
7682 12441 7756 -1109 1903 1815
7748 11808 7964 -1470 2133 1876
7724 10944 8182 -1916 2264 1909
7653 10029 8386 -2486 2281 1849
7543 8493 8716 -3345 2429 1252
7068 8025 8546 -2904 1718 -178
6758 6152 9036 -3098 1425 -1750
6342 5578 8917 -3398 1688 -3740
5524 5912 8952 -2903 1657 -6595
4834 6504 8769 -1206 914 -9853
4580 6918 8722 604 254 -12201
3781 8220 8070 2813 -303 -14402
2532 10496 7576 3852 -640 -15236
1768 12079 7037 4222 -1280 -14660
1862 12629 6898 4593 -1977 -13855
2150 12793 6633 5093 -2271 -13696
-165 14806 5785 7185 -3166 -13261
3633 13949 5953 12278 -2507 -13598
1954 12257 7000 9807 -329 -13300
1026 14432 5949 7642 -1382 -12442
1466 15452 5893 7543 -377 -12679
-150 16510 5769 7138 -1469 -11857
-348 17794 5548 6422 -1578 -11081
-1120 18441 5321 5018 -1861 -10090
-1572 18753 5366 4924 -1581 -10663
-2040 18787 5626 5558 -1674 -11929
-2897 19832 5861 5520 -2588 -12650
-3405 20904 6297 2813 -3323 -12877
-3686 20926 6650 -938 -2948 -13378
-4164 20302 6760 -3275 -2927 -14135
-4910 19320 6866 -3965 -3798 -14912
-6046 18708 6795 -2124 -6179 -15379
-6348 19915 6861 361 -7960 -14634
-6294 21373 6749 994 -7604 -13865
-6466 21886 6849 349 -7272 -13407
-6937 21902 7115 -511 -7772 -13030
-7370 21344 7274 -1491 -9003 -12762
-7498 20806 7293 -2014 -10577 -12786
-7604 20510 7108 -1988 -11602 -12924
-8009 20609 6834 -1241 -13258 -12916
-7904 21524 6421 0 -15213 -12604
-6679 22742 5985 589 -14968 -11688
-5753 23236 5529 70 -12013 -10749
-5645 23533 5193 -895 -9184 -9889
-5770 22924 5212 -2166 -6772 -9346
-5466 23249 6085 -3316 -5092 -9161
-5305 23649 5142 -4122 -3765 -9544
-6416 21532 5878 -3565 -4828 -9226
-6108 20629 5334 -3193 -5572 -9327
-6637 19614 5024 -2698 -6140 -9963
-6760 19809 4221 -2081 -6064 -10605
-6381 20065 5276 -1683 -5212 -10930
-6360 22286 4622 -2333 -4397 -10530
-6441 18542 5324 -704 -2438 -11357
-7789 21582 6110 -1511 -1597 -10863
-6636 24652 7516 1396 -4523 -7211
-5617 24620 8372 1698 -4011 -5619
-4971 23887 7729 4645 -5722 -2096
-452 25008 8308 5418 -5636 2149
-6114 25152 5369 4920 -3379 831
-6712 22470 6140 4956 -3268 -2439
-5467 23191 5247 4887 -2186 -1391
-5429 21828 5320 2580 -2701 -938
-5565 19628 5674 289 -1311 -2813
-6658 19656 4420 1600 -3419 -3864
-4915 18779 5144 2514 -3069 -3607
-5032 20934 4640 1643 -3491 -2442
-5512 21038 4118 1360 -3428 -1605
-5018 21061 4324 1174 -3377 -118
-5089 21792 4002 1811 -3427 2596
-4279 21945 4093 3354 -3595 4710
-3489 22192 4194 4708 -2760 5893
-2568 22713 3914 5895 -1789 6701
-2160 23957 3564 6472 -648 7421
-1630 24632 3350 5874 421 8365
-1329 25072 3002 4949 1247 9587
-678 24554 2830 4105 1823 10896
-401 24398 2756 3216 1991 12101
274 23625 2681 2710 1658 13031
1053 22708 2614 2186 1573 14031
1356 22373 2386 1227 1756 15018
1685 22192 2188 616 1712 16291
2400 21456 2198 633 1792 17479
3166 20241 2292 745 2403 18682
3329 19966 2150 773 3083 19689
3308 19522 2221 732 3552 20584
3914 18162 2417 933 4044 21290
4044 17045 2537 1399 4608 21833
4046 16397 2564 1998 4751 22100
4280 14942 2940 1924 5492 22549
4212 14635 2948 1933 6030 22868
4830 13086 3624 2443 6276 22994
4992 12296 3961 1901 6914 22821
4937 12015 4065 1204 7766 22279
5270 11321 4421 1430 8043 21891
5454 10889 4734 1362 8291 21310
5810 10526 4726 1794 8282 20683
6455 10409 4948 2188 8211 19783
7067 10500 5000 2697 8151 18354
7289 10792 4992 2949 7866 17057
7330 10962 5070 3170 7462 15909
7578 10622 5262 2979 7378 14987
7792 9865 5590 2524 7607 13396
8021 9392 5824 1422 8400 11532
7738 10018 5681 1047 8780 9826
7800 10181 5706 1031 8874 8039
7916 10744 5676 1031 9042 6492
7525 11656 5389 1166 9068 4730
7181 12679 5204 1441 8790 3326
6569 13022 5380 1393 8420 2872
6101 12709 5618 1116 8072 2611
5992 12716 5878 845 7811 2332
5612 13127 6156 -15 8060 1052
4307 16020 5742 -1082 7715 -1435
3856 17369 5768 -1191 6859 -2600
3822 18220 5858 -1070 5924 -2597
3832 19013 5962 -1133 5328 -2127
3864 19201 6105 -1419 5360 -1571
3769 19300 6441 -1636 5432 -1227
4076 19124 6730 -1660 5400 -970
3916 19254 6966 -1037 5009 -654
3549 19713 6996 -759 4714 -241
3377 19842 7193 -634 4524 284
3361 19605 7308 -652 4134 734
3494 18889 7656 -654 3575 915
3809 17874 7628 -575 3048 752
4022 16808 7821 -227 2589 489
4218 16176 7784 449 2343 282
4141 16029 7781 974 1908 166
4334 16062 7853 1715 1197 138
4640 16180 7696 1851 900 50
4579 16488 7546 1680 448 265
4924 16526 7354 1177 -292 490
5104 16270 7366 854 -719 409
5318 16304 7094 368 -887 70
5490 16385 6890 -40 -1166 -212
5649 16617 6704 -521 -1216 -76
5828 16525 6580 -1053 -1108 60
6076 16104 6496 -1242 -791 43
6012 16094 6401 -993 -630 92
5404 16224 6557 29 -2217 -397
6402 16040 6448 25 -6038 -523
6620 15970 6306 -1551 -4570 216
6798 16770 5601 -3582 -2456 -874
6910 16336 5716 -3302 -1486 -358
7013 16393 5568 -2629 -1090 -382
7170 15902 5688 -1760 -1275 -582
7202 15632 5656 -981 -1060 -647
7001 15672 5733 106 160 -609
6986 15784 6196 42 9 -970
6656 16253 6069 -431 -374 -1224
6938 16192 6183 -675 -657 -1222
6939 16077 6173 -689 -643 -1011
7062 16117 6118 -317 -808 -597
7034 16230 6097 -259 -781 -441
7104 16152 5921 -201 -646 -273
7098 16338 5901 -233 -642 -339
7183 16237 5754 -336 -618 -383
7152 16464 5568 -405 -372 -392
7290 16517 5552 -662 -93 -170
7462 16695 5673 -1176 361 46
7380 16589 5837 -1299 911 206
7433 16484 6097 -1456 1367 344
7414 16508 6340 -1718 1731 475
7289 16330 6508 -1693 2077 368
7144 16306 6678 -1527 1944 315
7176 16321 6909 -1273 1706 387
7104 16200 7018 -1474 1539 436
7011 16324 7011 -1591 1240 581
6968 16217 7001 -1506 1039 614
7029 15902 6990 -1116 957 621
7052 15600 7000 -723 1020 674
7026 15236 7073 -351 986 623
7098 14961 6996 -122 903 402
7105 14761 7009 135 924 -41
7050 14804 6956 510 735 -510
7113 14800 6933 959 630 -762
7006 15102 6936 1320 418 -863
6928 15649 6910 1503 188 -804
7064 16237 6917 1319 0 -672
7001 16526 7006 793 -10 -487
7110 16708 7020 175 0 -184
7082 16573 7038 -460 156 55
7131 16212 6988 -811 308 246
7112 15733 6870 -661 386 329
7034 15554 6978 -380 358 247
7049 15503 6927 31 299 116
6821 15576 6714 505 -9 72
6885 15660 6500 824 -345 75
7127 15723 6321 927 -340 61
7104 15972 6232 491 -58 -41
7018 15792 6064 373 -51 -101