6433 14432 6240 -950 1183 -485
6560 14204 6278 -823 1529 -537
6595 13737 6268 -790 1923 -603
6842 13046 6452 -817 2240 -547
6970 12436 6644 -975 2225 -527
7120 11694 6877 -1351 2263 -533
7174 10950 7169 -1985 2506 -807
7102 10032 7405 -2320 2674 -1471
6870 9280 7596 -1646 2678 -2412
6685 8898 7760 -260 2408 -3326
6504 8982 7789 1131 2110 -4065
6374 9440 7793 2228 1571 -4560
6208 9994 7741 2746 1168 -4926
6129 10553 7768 2697 651 -5093
6014 10729 7741 2450 235 -5302
5824 10726 7901 2607 -256 -5868
5618 10628 7942 2781 -837 -6329
5258 11006 7776 3151 -1377 -6673
4837 11402 7688 3190 -1516 -6889
4662 12100 7530 3085 -1459 -7077
6988 9490 7472 1101 2231 -7565
3361 15345 6222 5846 -2327 -6990
3229 14969 6978 11002 1873 -9306
1279 14604 6795 5679 -536 -10449
509 14854 6878 1205 -3501 -10654
788 16665 6032 -1854 -4060 -12032
14 17201 6593 -4156 -6232 -11914
824 17368 6680 -6983 -6926 -12157
649 18443 7028 -8257 -4989 -11877
44 18162 7280 -9025 -2801 -12236
-1189 16892 7893 -10548 -2573 -12913
-2231 14769 8426 -7766 -4781 -14472
-2390 14440 8704 -2120 -6191 -15895
-2182 16068 8758 1390 -5915 -16400
-1952 17973 8782 1887 -4856 -16447
-2146 19142 8888 320 -3608 -16620
-2766 19363 8911 -1936 -3430 -16460
-3486 18725 9306 -4278 -3738 -16503
-3252 17990 9156 -5291 -4323 -16725
-3872 17412 9181 -5773 -4814 -16907
-4796 17562 9080 -3505 -6740 -16900
-4793 18820 8658 -43 -7005 -17202
-4374 19696 8278 1791 -5977 -17285
-4866 21915 7705 3973 -4655 -16717
-5640 23693 7021 4117 -5094 -15113
-5343 23679 6638 2484 -4203 -14542
-5520 22595 6476 818 -3124 -14356
-5980 21162 6222 -1005 -2747 -14180
-6694 20456 6314 -2838 -3069 -13609
-7077 19949 6276 -5525 -3224 -13184
-7781 19484 6389 -7500 -4405 -12902
-7849 18588 6710 -8060 -5580 -13281
-8058 18136 7012 -6966 -6407 -13988
-8181 18550 7362 -5019 -6604 -14078
-8568 19457 7604 -3081 -6126 -13598
-8926 20198 7708 -1893 -5317 -13287
-9173 20437 7910 -817 -4826 -12632
-9310 20574 7926 522 -4665 -11753
-8531 20870 8098 4262 -4657 -10400
-3246 27371 9606 10443 -3225 -1751
-3006 32429 6980 9220 511 3425
-7732 32767 8757 8372 -1122 4343
-5228 32767 8017 7761 -4617 4035
-5304 30893 7772 8469 -6835 3264
-4828 28488 7876 6900 -7026 3204
-5563 23447 6941 3004 -6364 2324
-6220 18451 6011 -1171 -5125 47
-5822 15436 5796 -316 -5999 -661
-5774 14454 5463 659 -7228 -371
-5818 13492 5129 1815 -6935 -236
-5621 14312 5464 2262 -5593 -144
-5172 15293 5238 3699 -5112 868
-5305 16178 5353 3949 -4813 1683
-5388 17062 5260 4183 -4808 2249
-4638 17918 5356 3809 -4356 2723
-3746 18640 5297 3148 -3488 3016
-3145 18966 5328 2807 -3299 3285
-2810 19078 5484 2686 -3128 3477
-2390 20426 5358 2796 -3136 3376
-1615 21586 5217 3472 -3473 4013
-848 22513 4864 3716 -3260 4637
-386 23082 4798 3783 -3101 5414
-44 23470 4598 3833 -3051 6261
627 23741 4512 3804 -2687 7373
1217 23621 4306 3842 -2470 8705
1937 23288 4173 3867 -2209 9595
2378 23060 4042 3694 -1526 10296
2288 23320 3714 3448 -1192 11324
2799 23381 3405 3447 -1177 12966
3532 22460 3184 3692 -522 14368
3842 21993 2924 4445 -292 15347
4469 20842 2618 5733 179 15965
5934 20025 2004 7454 1284 16902
6869 20202 1146 7870 2856 17897
7210 20117 1105 6922 4224 18547
6874 20584 890 5673 5486 18978
6343 19645 893 4416 6293 19853
6018 17622 1494 3559 7902 21322
5388 16549 1950 2916 9021 22332
5256 14874 2742 2421 10293 23227
4784 13925 3548 2235 11057 24254
4664 13122 4061 1892 11719 24866
4561 12734 4593 1276 12224 24635
4388 12488 5061 278 12735 23646
4218 12312 5254 -644 12414 22279
4581 11300 5686 -1221 11962 21028
4816 10604 6024 -1127 10926 20095
5668 9788 6348 -112 9992 19101
6406 9482 6750 -831 11026 18155
6684 10188 6878 -1392 11803 17066
6845 10915 6988 -1158 12116 15900
7026 10530 7544 57 11628 14669
6877 10069 7576 357 10330 13077
7171 9386 7778 2475 8505 10114
7277 8753 8192 840 8610 7497
7114 9490 7980 -9 8403 6031
6624 10428 7960 -12 7718 4477
6127 11466 7814 429 5514 2826
6084 12424 7695 -446 3977 724
5741 13549 7100 -918 4812 -1013
5722 14038 6961 10 5483 -1893
5802 14449 6950 1460 5329 -2485
5529 14933 6850 2411 5297 -3035
5170 15371 6692 2738 6075 -3432
4660 15701 6801 2314 6867 -3298
4436 15712 7002 1910 6488 -3102
4517 15622 7153 1721 6019 -3025
4059 16613 6998 797 5331 -3724
3913 17136 6804 461 4535 -4525
3794 17740 6697 428 3795 -4674
3793 18062 6745 616 2962 -4026
4094 18396 6958 440 2584 -2843
4488 18501 6848 446 2483 -1438
4734 18374 6952 800 2375 -718
4889 18288 6951 1038 2336 -383
5008 18056 7144 1001 2196 44
5084 17786 7304 470 2044 445
5346 17213 7369 -231 2057 832
5376 16670 7572 -656 1871 1072
5422 16106 7861 -542 1243 1340
5521 15797 7909 -143 602 1450
5617 15613 7950 333 7 1433
5788 15609 7897 636 -461 1316
6145 15641 7754 801 -486 1226
6138 15698 7644 887 -578 1141
6407 15564 7502 859 -604 946
6512 15680 7451 692 -550 738
6564 15780 7444 413 -595 701
6708 15935 7343 -112 -638 749
6881 16021 7249 -912 -611 697
6948 15702 7306 -1301 -635 474
7049 15379 7259 -1281 -722 242
7164 15262 7149 -862 -717 -76
7136 15341 6995 -176 -683 -258
7220 15750 6891 263 -533 -375
7278 15966 6829 430 -486 -376
7577 16081 6786 432 -292 -314
7561 16044 6632 299 -112 -247
7692 15999 6589 -163 176 -302
7717 15766 6609 -434 372 -392
7674 15588 6632 -517 453 -467
7684 15514 6553 -496 566 -568
7685 15501 6497 -302 623 -712
7802 15396 6541 121 800 -836
7734 15369 6502 725 968 -902
7836 15612 6576 1301 1054 -790
7700 15978 6596 1345 1284 -638
7450 16232 6680 1115 1402 -476
7260 16366 6700 677 1205 -261
7159 16275 6746 147 713 180
7284 16392 6902 -475 426 433
7296 16093 6840 -1163 347 411
7371 15658 6929 -1514 237 401
7310 15580 6812 -1275 208 382
7282 15482 6824 -734 310 312
7376 15496 6780 -391 327 317
7399 15626 6808 -86 468 260
7244 15835 6844 -84 615 232
7181 15881 6837 -321 658 327
7142 15814 6989 -599 711 382
7218 15620 7004 -917 601 410
7281 15449 7016 -911 453 360
7338 15260 7024 -824 437 300
7368 15245 6968 -675 522 167
7286 15276 7024 -465 572 -8
7214 15342 6974 -366 678 -151
7132 15499 7032 -358 755 -164
7094 15476 7120 -419 934 -162
6956 15426 7141 -385 921 -161
7010 15429 7170 -330 883 -186
6956 15638 7133 -352 739 -265
7040 15778 7145 -354 543 -178
7203 15868 7145 -563 581 -32
7132 15796 7238 -800 738 -93
7105 15706 7289 -676 819 -196
7086 15577 7258 -408 740 -218
7152 15712 7281 -204 651 -175
7142 15670 7111 30 552 -87
7258 15697 6845 137 418 65
7280 15570 6685 183 249 125