7954 12288 7128 4774 2228 101
7616 12382 7120 4894 2451 -284
7381 12438 7192 4535 2716 -668
6968 12509 7234 3888 2690 -870
6688 12330 7440 3154 2403 -923
6589 11932 7412 2531 2142 -1073
6666 11238 7598 2298 1871 -1589
6578 10809 7608 2535 1675 -2330
6352 10566 7730 3453 1293 -3140
6320 10460 7872 3868 1062 -3660
6193 10862 8089 3489 871 -4169
5997 11634 8373 1058 783 -4460
5399 11588 8661 -2901 706 -5014
4528 10621 8712 -6788 518 -6489
3740 9457 8808 -8369 -283 -8083
3525 7850 9108 -8459 -1214 -9950
5484 4216 9269 -8858 -1066 -12256
138 9360 9030 3046 -6006 -11228
3377 6884 8873 1284 -1498 -13934
1203 9735 8096 1406 127 -12196
-112 12349 8104 2875 1730 -8841
-442 14088 8086 1734 2375 -8349
-1799 13086 7723 2476 1661 -13969
-2484 13408 7660 4875 -13 -19825
-3394 15388 6533 7583 -1828 -21319
-3338 18437 5402 8302 -1187 -20180
-3302 20174 5146 6865 532 -19677
-4031 21112 5340 3917 294 -19469
-4969 20682 5112 1065 -2804 -19566
-5049 19517 4618 583 -4405 -20802
-5204 19724 4336 1284 -4586 -21014
-5548 21264 3866 2210 -4255 -19822
-6238 23868 3884 2028 -3942 -18042
-6309 25245 4134 506 -3688 -17003
-6470 25254 4498 -1251 -3774 -16441
-6900 23969 4696 -2234 -4269 -16261
-7698 23034 4870 -1965 -5027 -15565
-8001 22497 5084 -191 -6147 -14555
-8021 23041 5228 1737 -6171 -13436
-8006 23812 5012 2917 -5516 -12122
-7788 24202 4745 3137 -4191 -11090
-7857 23714 4480 3244 -3237 -10326
-7630 22949 4500 5258 -3320 -8431
-7196 24268 5626 7704 -3745 -5303
-8757 25874 4688 9193 -5209 -5630
-7780 25453 6309 6966 -4739 -5555
-7692 25673 3817 5487 -6758 -4745
-4441 21789 5028 6580 -4409 -2827
-7162 25073 4025 4606 -4122 -2172
-6125 21509 4325 2910 -4416 -4772
-5377 17686 3953 794 -3091 -5392
-6033 17404 3850 712 -4255 -4045
-5869 16497 3621 1170 -4550 -2770
-6290 17080 3304 2178 -3679 -2801
-5942 18164 3317 3562 -3964 -3103
-6017 19089 2625 3852 -3897 -3122
-6628 21729 3280 2175 -4494 -2327
-6850 22334 1801 1752 -3848 -1706
-6426 21505 1901 1900 -2952 -1213
-7245 23613 2300 3148 -4463 915
-6657 23829 2848 3939 -6336 2785
-5452 23509 3166 4425 -6759 3498
-4936 23219 3485 4965 -6372 4006
-4992 22836 3588 5899 -6549 4963
-3956 20500 2225 9729 -6016 5788
-3680 21125 1677 11873 -4475 6564
-3538 22473 1793 12378 -4449 7127
-2900 22329 1805 10946 -4221 7352
-2404 21765 1318 9965 -3744 6845
-1925 21048 1181 8986 -3294 6497
-1961 21726 692 7315 -3733 6773
-1686 21824 564 5602 -4399 7281
-632 21357 460 4138 -4343 7561
-182 21562 638 2676 -4240 7453
10 21823 594 1792 -4350 7275
414 21610 668 1142 -4414 7567
1112 21266 788 1193 -3922 8008
1512 21330 618 1540 -3352 8519
1974 21456 424 2180 -3170 9025
2534 21648 322 2609 -2931 9331
3134 22148 103 2991 -2337 10010
3962 22152 17 2621 -1224 10627
4470 22268 -309 1855 -194 10762
4741 22146 -540 1225 490 10880
5019 21739 -508 935 686 12026
5346 21636 -626 677 679 13327
6129 20629 -312 591 1393 13816
6450 20140 -198 292 2535 14152
6352 20085 -222 299 3089 14886
6580 19520 9 2 3679 15722
6709 18697 68 -391 4712 16096
6626 17676 388 -662 5851 16117
6533 16617 693 -506 6690 16074
6313 15577 1038 -248 7270 16146
6202 15096 1177 169 7329 16124
6365 14377 1612 570 7767 16044
6266 14304 1742 776 7930 16033
6506 13965 2098 1018 8078 15749
6344 14116 2330 847 8133 15677
6549 13468 2700 1217 7722 15256
6661 13069 3305 1527 7456 14585
6866 12762 3656 1525 7413 13931
6721 12836 3870 1439 7274 13238
6902 12916 3909 1352 7456 12390
7253 13029 3884 1421 7861 11550
7580 13496 3781 1416 8236 10575
7971 13507 3931 1057 8875 9347
7958 13514 4048 519 9333 8612
8272 13141 4118 -24 9877 7826
8056 12619 4054 -522 10121 6885
7486 12340 4089 -568 9279 6205
6948 12556 3760 -142 7832 5105
6589 13029 3197 931 6308 3542
6904 13321 3048 1724 5627 2166
7450 13953 2867 1958 6045 754
7554 14216 2726 1384 7575 198
7152 14448 2886 550 8678 360
6044 14917 3002 -864 9308 990
5158 14950 3570 -2112 8711 1023
5139 14775 3806 -2580 7705 97
5420 14432 4268 -2458 6491 -767
5389 14717 4616 -2720 5733 -1184
5338 15324 4958 -3139 5352 -1428
4667 16547 4789 -3346 4929 -1777
4467 17463 4929 -2735 3894 -2061
4642 17950 4998 -2210 3233 -2302
4928 17814 5278 -1484 2826 -2034
5391 17428 5509 -1168 3269 -1503
5061 16977 5647 -1021 3502 -1210
4805 16669 5908 -723 2771 -1152
4622 16538 5758 -541 1991 -1211
4659 15983 5717 -258 1023 -1247
4798 15664 5584 139 141 -1429
5026 15636 5400 830 -500 -1973
5262 15853 5309 1721 -995 -2462
5356 16146 5072 2563 -1257 -2799
5344 16932 4676 2976 -1310 -2887
5350 17622 4518 2931 -1347 -2616
5800 18135 4368 2184 -1176 -2082
5980 18170 4328 1207 -808 -1961
6129 18050 4392 799 -968 -1870
6274 18061 4374 312 -952 -1804
5452 18533 4356 495 113 -1684
5448 19373 5105 918 -9864 -2634
7654 16637 4585 -5118 -3893 -1843
6488 18982 3588 -5948 -2226 -1676
6512 18746 3488 -2932 -1079 -1932
5670 17446 3889 1131 -2717 -348
7256 17028 3934 628 -2338 -418
6413 17957 3773 1020 -1926 -409
6846 17950 3850 1319 -1785 -378
7249 17621 3957 274 -719 -575
6901 17582 3926 -369 -224 -445
6827 17449 4039 -1091 -105 -203
6851 17378 4040 -718 -404 -94
7324 17224 4024 -472 -504 -56
7351 16920 3957 -287 -374 43
7412 16848 3818 151 -212 -140
7421 16892 3789 349 -209 -97
7610 16921 3708 -22 66 -124
7738 16877 3730 -452 310 -171
7592 16802 3630 -667 338 -182
7492 16776 3581 -603 240 -22
7426 16752 3610 -561 237 44
7314 16803 3594 -515 229 77
7312 16917 3668 -558 309 106
7204 16914 3660 -730 662 -24
7056 16750 3673 -731 804 13
7090 16772 3834 -612 748 127
7062 16853 3977 -538 685 179
7026 17021 4060 -716 717 170
6870 17124 4162 -1114 754 213
6741 17089 4273 -1363 542 287
6684 17040 4254 -1380 373 339
6870 16693 4366 -1020 332 248
6899 16562 4435 -131 314 63
6941 17015 4433 276 208 84
6860 17272 4384 -182 -47 170
7044 17019 4276 -534 -96 162
7001 16700 4174 -490 -82 134
6948 16576 4078 -282 -73 172
6920 16457 4068 -281 -107 195
6992 16444 3984 -358 -219 184
7140 16453 3929 -445 -44 55
7131 16564 3973 -344 -55 42
7257 16664 4016 -205 147 28
7218 16808 3986 -216 252 96
7256 16957 4073 -353 432 118
7260 16873 4122 -364 510 133
7291 16707 4166 -130 684 142
7350 16534 4324 143 717 183
7366 16634 4454 207 638 248
7368 16696 4493 73 525 245
7348 16769 4474 -74 380 225
7482 16856 4597 -188 368 248
7440 16760 4572 -325 385 273
7454 16618 4432 -258 459 238
7454 16517 4293 -218 440 135
7364 16422 4334 -218 458 91
7195 16533 4285 -23 338 191