6532 13941 5633 -3297 2094 -1125
6424 13650 6148 -4570 1965 -1059
6071 13358 6458 -7364 1784 -837
5661 12333 6992 -11002 1410 -915
5256 11138 7016 -13287 939 -1651
4764 9917 7097 -13774 386 -3077
4356 9084 7402 -12864 -416 -4497
4077 8744 7409 -11257 -1190 -5628
4056 8686 7468 -9247 -1562 -6619
4249 8834 7356 -6760 -1496 -7978
4364 9132 7184 -3863 -1287 -9390
4642 9900 7060 -1051 -1099 -10748
4713 11265 6914 1036 -1169 -11696
4750 12762 6780 1860 -1025 -11971
4928 14018 6698 1254 -717 -11867
5034 14740 6469 65 -293 -11801
5052 14569 6378 -858 6 -12331
4750 14405 6422 -827 -58 -13071
4464 14997 6409 -390 -163 -12947
4700 15333 6292 -324 558 -13222
4336 15537 6222 -526 1587 -13916
3817 15782 6300 -1382 2667 -14590
2824 15792 6435 -3224 3215 -15302
1913 14437 6204 -3482 3783 -17626
40 14014 5784 -1209 3507 -19008
-1242 14832 5811 3010 1298 -17970
-1205 16684 5671 7107 -251 -16676
-1074 18940 5592 7523 -86 -16289
-1952 21534 5808 3312 1033 -15844
-2857 21652 6284 -3219 2616 -15760
-4350 20266 6681 -7101 3033 -15878
-6248 18460 7038 -8102 1267 -15668
-7505 16940 8004 -5567 -1362 -15179
-7906 17576 8152 -2983 -2950 -14547
-8266 19350 8310 -617 -3314 -13859
-8357 21148 8760 286 -2943 -13439
-8496 22210 9178 -673 -2498 -13024
-8350 21940 9453 -2753 -2109 -12571
-8133 20937 9194 -1666 -1903 -10345
-8151 24388 14442 -2664 -195 -4277
-9619 28626 12816 2743 -6542 -4422
-11866 27790 12714 6637 -15076 -6871
-3546 22837 4080 14134 -13324 -4753
-6637 23761 7522 18040 -6084 -4185
-8132 28410 5965 11103 -7535 -5966
-8468 24160 6288 3820 -6695 -7924
-7449 20125 4688 -732 -6398 -7229
-6565 17500 5194 1637 -6901 -6088
-6293 12536 5338 -771 -5633 -4175
-6549 11664 5780 -4166 -4720 -4200
-6668 13665 5287 -3667 -5780 -4952
-6782 16721 5104 -2404 -4397 -5050
-6831 17965 5105 -1480 -2945 -5043
-6902 18157 5394 -1908 -1874 -4868
-6528 17435 5678 -1425 -1699 -4743
-6170 16954 6026 -487 -1262 -4750
-6014 16644 6409 501 -881 -4892
-5904 16624 6883 1065 -780 -4948
-5733 16630 7383 385 -1485 -5051
-5605 16714 7897 -913 -2498 -5170
-5518 17614 8237 -3093 -2983 -5381
-5344 17634 8404 -3795 -3616 -4740
-4720 19065 8497 -4761 -3998 -3323
-5386 18484 8260 -4697 -3174 -3199
-5459 20390 9306 -5066 -4161 -2723
-5222 20574 8466 -2752 -5495 -3171
-5748 21659 7521 -517 -6014 -3130
-5269 21937 7616 2134 -7514 -3520
-4500 21741 7801 1752 -7044 -5034
-4422 19597 6095 1734 -5577 -7145
-4980 18738 5344 2218 -3835 -7332
-4772 19207 4824 2402 -2144 -6717
-5077 20001 4582 1859 -110 -5611
-5215 20882 4083 1836 1369 -4320
-5335 21593 3768 2101 2442 -2987
-5472 22730 3371 2208 3053 -1290
-4548 23107 3197 1954 4039 52
-3961 23066 3060 1861 5441 1422
-3734 23486 2948 2031 6499 2644
-3429 23525 2861 2330 8382 3156
-3801 24366 2918 1783 10238 3814
-3400 25349 2563 2349 12778 4235
-3594 26364 2470 1865 15330 4327
-3705 27040 2165 597 17325 5338
-3448 26442 2341 -1447 18566 7071
-3546 24918 2750 -2848 18834 8277
-3804 23234 3280 -3324 18573 9548
-3709 22218 3888 -4169 18121 10544
-3984 21770 4254 -4855 17446 11564
-3892 20953 4608 -5648 16434 12697
-3933 19756 5169 -6641 15154 14063
-3689 18624 5446 -7249 13707 15482
-3537 17641 5960 -7770 12403 16842
-2834 16360 6424 -7897 11170 18216
-2718 15641 6716 -7759 10026 19179
-2441 15109 7057 -7820 8743 19988
-2214 14644 7090 -7898 7247 20899
-2249 13800 7238 -8011 5859 21848
-2470 13146 7245 -7912 4401 22414
-2008 11917 7542 -7484 3433 22610
-1286 10765 7912 -6483 3102 22596
-840 10392 8057 -5387 2857 22467
-610 10497 8016 -4598 2827 22348
-559 10771 7832 -4027 2931 22000
-100 11093 7996 -3666 2777 21456
273 11558 7740 -3426 2393 20775
1019 11936 7776 -2936 1491 19381
1934 12350 7720 -2758 769 18189
2421 12092 7613 -2670 241 17268
2773 11449 7477 -2110 -262 16307
3236 11299 7284 -1163 -497 15253
3740 11273 7252 -33 -353 14493
4045 11400 7241 579 -60 13982
4373 11586 7158 1195 462 13387
4480 11688 7040 1538 1040 12683
4433 11569 6994 1949 1279 12057
4349 11538 6881 2296 1586 11138
4266 11804 6840 2635 1645 9844
4769 11961 6858 2950 1573 8377
5025 11984 6956 2875 1520 7128
4926 11924 6960 2709 1366 6312
4904 11613 7138 2478 1116 5795
4709 11524 7456 1682 945 5500
4176 11922 7636 572 827 5011
3482 13125 7450 -452 302 3736
3250 13913 7501 -795 -340 1945
3235 14763 7318 -1496 -992 57
3058 15232 7476 -1925 -1752 -1159
3224 15520 7606 -2474 -1837 -1519
3138 16222 7714 -3180 -1885 -1701
2812 17641 7601 -3757 -1794 -2269
2701 18057 7692 -3384 -1919 -2727
2745 18688 7638 -2539 -2029 -3031
2714 19073 7524 -1458 -1857 -3207
2828 19166 7313 -99 -1350 -3354
3224 19330 7170 1579 -568 -3468
3424 19729 7081 2792 394 -3508
3348 20166 7126 3392 1296 -3244
3008 20021 7254 2823 2377 -2154
2810 19358 7198 1688 3080 -1580
2940 18027 7403 1576 2916 -1426
2862 17536 7434 1637 2606 -1609
2676 17648 7368 1447 1904 -1699
2312 18371 7090 867 1153 -1611
2366 18612 7030 375 584 -1393
2805 18120 7168 67 119 -1097
3126 17548 7238 19 -65 -855
3239 17120 7218 197 112 -930
3102 17217 7056 505 247 -1185
3180 17588 6766 757 86 -1327
3517 17568 6601 994 0 -1268
3832 17480 6720 1015 49 -1169
4012 17365 6668 702 415 -1191
4128 17358 6488 343 638 -1270
4196 17439 6473 351 541 -1281
4410 17400 6558 470 407 -1127
4674 17377 6606 419 503 -855
4810 17292 6644 79 832 -716
4749 17318 6714 -205 1012 -624
4770 17288 6827 -352 800 -721
4546 17141 6864 -382 539 -791
4497 17037 6869 -172 216 -736
4576 17048 6892 126 29 -606
4410 17292 6790 235 -144 -488
4482 17537 6686 142 -136 -420
4412 17689 6498 26 -168 -317
4390 17636 6434 -85 -126 -247
4246 17622 6432 -146 -68 -223
4164 17552 6341 -143 40 -266
4178 17598 6262 -101 129 -221
4156 17846 6196 -190 215 -100
4246 17760 6379 -292 355 163
4246 17606 6458 -396 599 285
4255 17267 6631 -303 768 289
4296 17200 6824 -111 648 145
4254 16974 6949 -345 351 98
4368 17033 7016 -626 58 84
4083 17136 6980 -741 -209 125
4079 17120 7020 -1092 -577 29
4037 17316 6909 -1243 -755 90
4193 17261 6830 -1132 -563 250
4269 17245 6706 -959 -427 298
4476 17066 6681 -723 -170 400
4297 17126 6753 -577 21 326
4284 17248 6600 -439 231 263
4208 17321 6690 -470 303 305
4232 17224 6718 -534 475 417
4210 17172 6757 -349 679 454
4288 17022 7009 -308 852 423
4330 16990 7213 -410 1120 396
4193 16893 7285 -502 1111 458
4086 16634 7405 -583 1039 394
4188 16464 7416 -519 822 230
4306 16224 7388 -321 457 86
4430 16164 7240 -116 150 -18
4600 16403 7062 40 -144 -190
4662 16654 6696 -50 -506 -133
4665 16773 6557 -344 -630 -93
4916 16770 6384 -454 -546 -64
5088 16480 6352 -208 -169 52