8153 15676 6712 193 3430 -234
8035 15818 6858 403 3368 -373
7885 16013 6992 194 3054 -442
7817 15902 6981 -127 2896 -652
7493 15720 6737 370 2717 -615
7358 15588 6555 458 3200 -566
7077 15960 6370 1256 3310 -843
6856 15302 6424 952 1339 -941
6732 14916 5931 1037 1090 -1133
6777 13812 5728 460 1721 -1563
6520 13198 5581 581 1654 -1897
6320 12904 5483 1297 1565 -2590
6074 12912 5564 1667 1711 -3293
5781 12921 5564 1061 2187 -4184
5312 13109 5692 378 2154 -4668
4977 13074 5934 -301 1927 -5018
4844 12964 6133 -1105 1696 -5516
4742 12786 6372 -1714 1477 -5969
4510 12646 6712 -2245 1220 -6495
4272 12406 6890 -2450 1050 -7175
4069 12272 6996 -2443 1040 -7882
3778 12046 7204 -2323 1146 -8505
3243 11963 7477 -2024 694 -8816
2861 11846 7625 -1567 -408 -9236
2575 11352 7602 -434 -1518 -10300
2468 10817 7450 1551 -2694 -11938
2178 9121 7241 5996 -3703 -14204
1753 9266 6757 12804 -3936 -15807
1166 10692 6190 18934 -4102 -16336
914 13077 5492 21371 -3458 -16376
97 15692 5189 20713 -2387 -15839
-892 18548 4676 19951 -2576 -14954
-1693 20464 4251 14590 -3556 -13408
-2581 20566 4245 6636 -4589 -12701
-3387 19343 3718 4587 -8143 -13480
-3833 17965 4197 -77 -10487 -12954
-4372 19404 3486 -4215 -12901 -11850
-4636 20848 3016 -7391 -13965 -11225
-4856 21025 2582 -8832 -14018 -11400
-5363 21864 2220 -7496 -14748 -11111
-5252 22738 2346 -5789 -14973 -10416
-4600 23065 2559 -5732 -12820 -10234
-4469 23078 2709 -5735 -10251 -9927
-4252 22734 2944 -6348 -9539 -10149
-4594 21653 3200 -5886 -8149 -10407
-5539 20521 3797 -6008 -7730 -10242
-5450 19876 4273 -6236 -7627 -10420
-5429 18910 4161 -5437 -7054 -11248
-5953 18337 4109 -3039 -6625 -11781
-5712 18665 4594 804 -6939 -10275
-6285 24638 7037 3936 -8805 -6301
-5842 26289 3460 305 -7987 -12976
-2502 11222 2878 6455 -2308 -10720
-9676 28182 5973 6380 -9416 -5610
-4344 21029 1741 -271 -4077 -13183
-5642 21992 3525 -152 -5780 -10152
-5440 19242 2186 227 -5979 -8933
-6177 19899 2781 -1621 -4854 -9358
-6384 19758 2846 -960 -3745 -9747
-6814 20548 2732 -440 -3823 -9141
-6677 20286 3025 -174 -3773 -8739
-6498 20732 3182 -103 -2716 -8678
-4864 22852 2670 3179 -1885 -7269
-1738 29002 1995 6297 508 -1234
-2953 31522 2733 5394 1717 710
-3636 32679 1598 4265 846 579
-3637 30205 2252 2100 365 802
-4176 25660 2507 -2868 555 1343
-4512 20652 3256 -6434 912 166
-4724 16565 4077 -7862 675 -1066
-5065 14152 5149 -8521 -117 -1918
-5453 12644 5493 -8835 -1133 -2384
-5876 13132 5445 -8215 -1387 -2945
-6618 14397 5094 -6725 -1481 -3483
-6780 15278 4518 -4700 -1928 -3565
-7289 16710 4792 -3654 -2574 -3361
-7110 17310 4250 -1809 -3373 -2734
-6521 17069 4330 -582 -2916 -2341
-6586 17506 4238 429 -2255 -2013
-6913 17068 3945 1036 -1871 -2246
-6790 17518 4201 528 -801 -2603
-6285 17120 4002 2265 -1430 -2252
-6012 18868 4286 885 -1030 -1611
-6076 19584 4076 1574 -1412 -889
-5326 19708 4896 2729 -1076 -305
-5233 21278 4873 2778 65 150
-4933 21774 4465 3107 709 -330
-3818 21326 5328 2582 1693 -27
-3322 21934 4816 2077 2807 999
-3040 22744 4685 831 4224 2397
-3056 23089 4370 85 5800 3423
-3263 24000 4463 -562 6640 4188
-3214 25139 4026 -1192 6629 5328
-2902 25020 3965 -2029 7149 6493
-2554 24704 3434 -2119 8184 7420
-2370 24398 3408 -1994 9040 8023
-2244 24076 3052 -1570 9995 9114
-1579 23626 2818 -1548 10288 10256
-1149 22854 2836 -1959 10456 11330
-1082 22382 2760 -2515 10715 11485
-889 21658 2903 -3007 10962 11681
-855 21668 2751 -4155 11007 12503
-513 20374 2982 -5139 11290 13220
-593 19997 2808 -5923 11416 13998
-618 19344 2824 -6280 11222 14781
-758 18364 3220 -6344 11012 15640
-585 17537 3723 -6170 10748 16425
-512 16356 4347 -5859 10693 17628
-474 15548 5024 -6111 10250 19272
-220 14737 5128 -6357 9717 20557
145 13493 5610 -5931 9344 21305
-220 13474 6273 -5209 8124 22009
733 13372 6372 -4897 7430 21892
1025 12528 6900 -4598 6787 21594
1412 12556 6952 -4577 6146 21435
2052 11893 7233 -4236 5507 21258
2862 11250 7481 -3530 4800 21026
3292 10789 7464 -2554 4591 20479
3565 11038 7450 -1559 4268 19726
3937 11776 6978 -1052 3875 18851
4021 11677 6963 -723 3176 17989
4539 10808 7118 -251 2809 17107
5108 9939 7666 208 2666 16137
5462 9679 8081 8 2568 14774
5411 10066 8184 -284 2319 12934
5352 10824 7836 -275 1387 10263
5116 11669 7437 -17 245 8205
5266 12060 7056 476 -312 7035
5504 12576 6796 1241 -760 6220
5864 12759 6680 1819 -743 5652
5917 12749 6717 2644 -727 4900
5512 13560 6580 2795 -398 3816
4814 15260 6026 2504 -198 2516
4554 16876 5529 2076 -21 1182
4536 18400 5392 1393 -18 -77
4884 18361 5648 669 -128 -397
4960 17956 5996 170 -28 -229
5001 17263 6375 -912 1013 176
4316 17811 6335 -839 1221 546
4157 17869 6272 -204 1217 404
4204 18033 6201 624 1430 238
4289 18390 5989 1285 1396 -116
2256 20507 4492 335 -208 -2591
6516 18513 3925 3829 -712 -1496
4842 17301 6389 3203 952 245
4630 18760 6666 2396 254 1062
4704 18611 6724 -1197 2464 1174
4717 18018 6728 -4801 3461 382
4136 17660 7489 -5291 2874 36
4141 17187 7262 -4355 900 36
4575 16492 7364 -3294 976 -178
4668 16268 7533 232 691 93
4538 16320 7654 1076 392 446
4930 16837 7681 659 -420 530
5152 16870 7444 422 -684 537
5525 16518 7382 300 -737 480
5741 16726 7013 266 -537 93
5713 16740 6818 342 -535 -91
5896 16456 6732 376 -337 -16
6139 16326 6645 210 -210 87
6242 16500 6506 -79 -170 42
6407 15979 6457 -71 -142 91
6562 15876 6495 102 80 50
6657 15973 6494 379 152 -108
6800 15924 6572 340 361 -258
6684 16168 6562 340 341 -471
6729 16048 6608 351 344 -569
6830 16133 6472 455 235 -480
6848 16458 6444 314 161 -502
6952 16624 6504 -110 73 -406
6985 16578 6422 -614 75 -339
6963 16517 6314 -918 -33 -347
7041 16462 6204 -820 -45 -338
7032 16329 6257 -461 -33 60
6984 16213 6516 -296 -37 377
6932 16046 6737 -352 -200 432
6766 15918 6742 -367 -377 396
6973 15823 6720 -297 -501 250
6882 15869 6676 -214 -497 123
7046 15878 6657 -274 -376 -28
6889 16023 6596 -411 -270 -85
6847 16249 6435 -460 -343 -33
6766 16377 6472 -502 -223 0
6793 16339 6491 -485 -13 3
6800 16351 6512 -382 83 123
6828 16272 6560 -328 297 125
6800 16253 6620 -326 232 152
6773 16277 6631 -391 168 36
6721 16268 6573 -535 38 -43
6715 16151 6491 -371 -79 -69
6746 16156 6360 -199 -181 149
6804 16140 6292 132 -278 334
6990 16013 6123 422 -284 386
7086 15998 6039 518 -141 438
7130 15950 6028 576 83 447
7130 15872 6057 441 254 392
7156 15852 6034 74 440 344
7205 15768 5956 -97 443 223
7310 15376 5996 -222 495 139
7234 15427 6008 72 417 77