-6661 5526 14601 -16539 941 -20591
-6370 5752 14948 -15692 741 -21775
-6014 6173 15276 -15028 1064 -22835
-5321 6780 15494 -14148 1512 -23795
-4225 7473 15708 -13161 2116 -24613
-3328 8785 16300 -12038 3051 -25142
-3118 10662 17302 -10991 4901 -25415
-2994 12522 17830 -9717 6721 -25493
-3282 13006 17980 -8305 8384 -25009
-3344 13142 18134 -6769 9574 -23532
-3377 13152 18276 -5483 9964 -21440
-3370 12846 18008 -3810 8944 -19377
-2897 11566 17992 -922 6529 -17515
-2504 10729 17856 2724 4178 -15438
-1969 9860 17125 6850 1892 -13408
-1817 9065 16284 10707 -349 -11588
-1726 9689 16320 13954 -1392 -10000
-2113 11446 16502 15262 -1631 -9165
-2202 12344 16017 14120 -2488 -8857
-1857 12090 14710 12003 -3883 -8429
-1326 11692 13518 10312 -4693 -7411
-730 11144 12416 9132 -5185 -6187
-1 10461 11186 8235 -5629 -4998
496 9641 10134 8022 -5842 -3828
777 8513 9010 8670 -5906 -2385
-1676 9452 9282 17334 -10721 -3426
-4592 -1001 25778 32767 -15011 -12376
-1581 24770 32767 32767 -2316 -7758
-1904 31803 30394 29120 -620 -1018
-9880 25256 20877 9646 -8062 263
-3913 19110 11184 -2998 -13043 4170
-4570 14677 9859 -7657 -16148 5447
-2841 13216 10100 -10289 -13795 5960
-3190 11474 10577 -13364 -8377 5439
-2407 9481 12367 -15537 -1579 5856
-1736 7581 14200 -13458 3528 5646
-2314 6080 16026 -9466 5196 4269
-2265 7465 15402 -5942 6331 4904
-3107 5029 16976 -925 5744 6160
-3072 5710 17921 1179 3501 6503
-2620 6372 17954 2865 2313 5028
-2186 6860 17624 4325 1644 3946
-1849 7801 16750 5214 1389 3115
-1618 7876 15620 5595 1073 2162
-1266 8430 14862 6638 1715 1409
-1360 8953 14516 6938 2693 1539
-1390 10138 14580 7187 4215 1702
-1597 10618 14334 6213 3786 1915
-1908 11188 14420 6203 5137 1969
-2172 11906 14505 5477 5874 2755
-2284 13176 14538 4328 6263 2672
-2838 13554 14565 2439 6375 3284
-3121 14220 14405 575 5943 3593
-3396 13524 14702 -884 5437 4327
-3298 13294 14713 -2125 4491 5456
-3270 12750 14740 -2627 4949 6746
-3229 12350 14546 -2479 6452 8657
-3078 13184 15334 -1665 8694 9982
-4366 15858 14320 1244 10255 7948
-5545 16364 14462 5271 9701 5697
-3840 19605 15350 7103 11103 7334
-3398 19838 14977 11027 11684 9263
-3930 20966 14825 16007 11536 12053
-4205 24205 15036 20091 11908 15008
-3914 27340 15004 22219 11422 17931
-3050 29180 14620 22234 10214 20549
-2054 30476 14194 20568 9110 22895
-1586 29988 13502 18414 7861 24764
-1353 28482 13249 17675 7108 26574
-1306 27220 13233 17901 7746 28412
-849 26113 12860 18388 9261 30341
-812 25914 12654 17801 8446 31286
-880 25600 12538 16721 7958 31766
-897 24361 12405 14941 6765 31860
-780 22394 11961 12466 5658 32524
-688 20182 11573 10087 4596 32767
-672 18128 11101 7529 3867 32767
-433 15745 10429 5907 2700 32767
558 12378 9612 5755 1646 32767
1373 9836 9122 6206 991 32767
2030 8524 8425 7179 346 32767
2864 7037 8112 9118 1519 32767
3754 5296 7826 10284 2314 32695
4712 4060 7297 8973 2930 32660
6469 3930 7128 9408 5345 31277
6857 4033 7040 8958 7069 29192
8128 3868 6832 8016 8253 26290
9072 2545 6138 6415 8739 23320
8806 1786 4750 5010 9018 20830
7797 644 3300 4662 9180 18343
7550 -264 2021 5279 8853 15336
7224 -797 1194 6391 8707 11962
6816 -1070 504 7875 8836 8237
5760 -1277 -94 9589 9253 4893
4110 -881 149 11529 10506 1377
2404 425 1290 12984 13047 -2023
846 1878 2729 13093 15896 -5748
-1248 2756 4197 11824 18349 -9642
-3413 3900 5738 9207 19948 -13303
-5924 4581 7154 6252 20517 -16473
-8864 4001 8112 3615 19525 -18977
-12188 4741 8658 2261 17449 -20871
-15794 6797 9560 2206 14391 -22477
-18929 8853 10544 2131 10908 -24150
-20521 12420 11850 1590 8550 -25837
-21412 15544 12705 18 7479 -27343
-21253 17486 13142 -1784 6941 -28569
-21390 18672 13430 -2226 6522 -28427
-21334 18542 13138 -2688 4736 -27438
-21764 19720 12449 -2148 1789 -26374
-22128 22068 11729 -1430 -898 -25639
-20885 23430 11380 -1461 -2605 -24715
-19928 24528 11304 -2147 -4158 -23836
-18045 24450 11345 -2981 -5378 -23024
-17260 24869 10945 -3576 -6648 -22498
-16061 24660 10340 -2763 -7463 -21890
-15378 24009 9738 -213 -7726 -21204
-14580 25474 9368 2758 -7585 -20538
-13594 26862 9009 4838 -6923 -19521
-12224 26374 8514 5552 -6398 -17846
-10849 26430 8248 5488 -6310 -16513
-10330 26609 7982 5680 -6495 -15528
-8320 29018 7238 5205 668 -21029
-8244 23471 9305 16366 6875 -12526
-9198 29198 7056 10864 10190 -9476
-4714 28680 5920 10126 10266 -10129
-6969 25570 3530 1974 2212 -6935
-4125 26248 4049 139 -2186 -7080
-1309 26510 3914 -715 -5425 -8527
-5902 25154 526 -18748 -29126 -13744
777 31735 8560 -16593 -31403 -22931
7580 23836 4954 -9292 2159 -5772
-916 30493 7957 -1433 4096 -10059
1086 28471 5808 5267 -12648 -6148
4557 29258 4820 5575 -5709 4488
4769 32352 7644 -2434 7820 2107
678 30760 5822 -8562 -892 -2128
2968 28575 6301 -11696 -4973 -1910
4601 24861 5941 -12538 -1507 1079
3422 22698 6373 -10841 70 4321
3566 20653 6214 -10623 2403 7096
2272 18288 7138 -11766 3233 8206
1450 17168 7701 -14215 217 6872
1166 15018 8066 -16222 -2921 5803
1723 12425 8144 -16726 -3035 5877
1392 10257 8847 -15554 -143 6500
1704 8654 9272 -14534 1410 6446
1371 7897 9842 -13386 1664 5700
742 7942 10681 -12017 1871 4512
30 8458 11062 -11175 2953 3635
-564 8479 11337 -10594 4895 2736
-1540 9085 11833 -10654 6372 1672
-1981 8844 12020 -11401 5375 1024
-2413 8352 11994 -11416 3747 870
-3179 8042 12188 -10417 2463 1125
-4029 8233 12524 -9176 1597 1066
-4802 8754 13049 -8877 989 646
-5902 9585 13558 -9342 524 -187
-6401 9779 13833 -10752 390 -1159
-6660 9686 14022 -11878 257 -1469
-7203 9349 13744 -12554 -188 -1457
-8066 8239 13378 -11661 -1374 -1428
-8188 7329 13248 -9355 -2050 -1121
-7777 6854 13068 -7242 -2293 -763
-7854 7086 13262 -5042 -2191 -449
-8124 7953 13428 -3704 -1987 -427
-8580 9772 14177 -3625 -1495 -822
-8800 11397 14658 -5726 -1236 -1340
-8574 10952 14498 -7517 -1442 -1593
-8076 9889 14220 -8313 -2036 -1728
-7021 8714 14128 -8212 -2561 -1544
-6497 7723 13677 -6256 -1680 -770
-9184 8690 15461 -5046 -2118 -3315
-6244 4042 13372 -1014 -2380 1604
-4863 7092 13024 1457 -2184 -1197
-5568 6297 13651 5012 2762 1907
-5932 8104 14696 4719 2521 386
-5726 8578 14482 3899 1391 -844
-6148 9405 14431 2186 2748 -798
-6107 10451 14763 -811 3020 -1662
-6153 10098 14262 -2992 1685 -2207
-5842 9540 13908 -3372 547 -2308
-5802 9172 13814 -2782 165 -2113
-5669 9174 13945 -2012 207 -1729
-5371 9377 14238 -732 379 -1103
-4936 9570 14293 638 528 -423
-4804 9545 14144 1321 784 -72
-4790 9828 14176 1692 824 142
-4606 9956 14014 1699 507 229
-4336 10090 14120 1690 473 488
-4466 10274 14143 1247 328 545
-4306 10325 14306 884 381 699
-4714 10561 14530 502 548 687
-4661 10302 14605 253 558 603
-4918 10098 14704 300 139 549
-4993 9956 14729 551 -418 516
-4872 9704 14828 906 -320 716
-4843 9605 14687 1621 820 1261
-4696 9628 15148 2108 598 1644
-4816 9493 14844 2359 -165 1290