4570 12516 6362 1993 4832 -214
4476 12360 6508 1812 4607 -811
4408 12164 6430 2014 4559 -1697
4318 11840 6382 2995 4172 -2961
4075 12150 6235 4539 3602 -4236
3818 13040 6132 5929 2814 -4805
3761 14066 6091 6340 1921 -5080
3730 15117 6019 5547 1300 -5280
3494 15957 5985 3872 407 -5499
2997 17284 5754 1455 -710 -5145
2521 18248 5619 -2363 -2381 -4233
2526 20010 5216 -7806 -3779 -2980
2866 19996 5012 -11897 -4707 -2667
2946 18340 5224 -14504 -5747 -3434
3012 16442 5912 -16493 -6874 -4211
3265 15129 6638 -18541 -7307 -5108
2936 15190 6949 -19010 -7636 -5850
2896 14733 7057 -17876 -6899 -6860
2670 14236 7109 -14830 -5023 -8161
2452 14380 7289 -10293 -3256 -9023
2325 14976 7094 -5619 -1726 -9424
1592 15542 7178 -2172 -946 -9291
1865 15708 7325 -583 438 -9567
1136 15804 7270 1618 337 -10320
1067 15169 7460 3811 576 -11131
758 15448 7732 4629 659 -11720
-384 16186 8016 2453 418 -11913
-1072 16362 8322 414 -1137 -12341
-1593 15552 8489 -262 -2157 -13027
-1762 15104 8580 -216 -3003 -13528
-2052 15362 8504 -97 -2670 -14159
-3524 17146 8529 -414 -2213 -13883
-4376 17572 8516 290 -3298 -13938
-5328 17712 8892 2982 -5461 -14091
-5616 19265 8769 4279 -6191 -13807
-6098 20861 8512 3194 -5729 -13557
-6341 21000 8288 1870 -5451 -13537
-6816 20485 8280 1411 -5571 -13603
-7260 19848 8251 1483 -6177 -13378
-6860 18800 6350 4748 -6507 -11941
-7031 22874 8944 7865 -4685 -6150
-7114 32683 8920 12906 -10560 -6577
-7844 30806 9411 11147 -12941 -7502
-7202 28174 7500 2821 -11362 -10205
-6225 19336 918 943 -12551 -12016
-7210 15694 3662 1908 -4295 -7142
-5353 19406 -177 1470 -7000 -9180
-7766 13845 2898 205 -2751 -10160
-7672 16482 1904 1304 -3468 -9414
-8570 16590 2653 782 -3611 -9601
-8162 17845 2930 -977 -2738 -9601
-8102 18578 2981 -2363 -1208 -9896
-8273 18384 3397 -3373 -404 -10116
-8425 17892 3610 -3698 -51 -10315
-8982 17962 3645 -3412 585 -10171
-9326 17976 3700 -2557 884 -9492
-8943 18912 4020 -1004 1629 -7443
-8044 20210 3308 3822 2441 -3421
-1947 30594 5661 3122 4370 7933
-7190 32767 7142 -4918 7475 7511
-5914 32767 6610 -6422 1929 5751
-3756 31542 7460 -5072 -1523 5070
-4480 27348 8461 -5286 -5262 4277
-4526 21768 8074 -5305 -7404 2398
-3778 17275 6733 -3387 -6126 891
-4306 13810 5826 -56 -4257 -1069
-5586 14381 4864 3187 -4231 -2057
-4726 14126 3636 5636 -3873 -2242
-3937 16370 4508 5578 -4183 -385
-4685 17203 3423 6725 -4044 -383
-3708 16534 4558 6533 -3228 -138
-4005 16947 3792 5557 -2648 105
-3684 16184 4172 3679 -2121 110
-3580 17098 4089 2233 -1573 471
-3421 17720 4193 2182 -1734 -80
-3088 18136 4510 2701 -2076 367
-2552 19474 4824 2768 -2767 1076
-2193 20036 5014 2664 -2613 1465
-1584 20278 5361 2829 -2166 1280
-918 20442 5324 3308 -1891 1124
-627 20965 5370 3853 -1467 1330
-446 21684 5194 3759 -1203 2066
278 22492 4817 3059 -317 2664
730 23020 4365 1775 1115 3487
1013 23465 4384 557 1468 4529
1469 23408 4538 -747 2376 5126
1515 23462 4491 -2331 4094 5355
1184 23230 5236 -3948 5733 5350
814 22934 4972 -4701 6604 5417
330 22432 5210 -5278 7314 5739
74 22384 5352 -5893 7960 6414
-273 22243 5264 -6116 7269 7522
-47 19915 5612 -4885 7319 9009
-162 18884 5511 -3423 6935 10042
-108 18577 5426 -3115 6971 11601
294 18334 5294 -2934 6657 12730
601 17168 5481 -2631 6568 13827
728 16786 5420 -2096 6110 14920
901 16420 5511 -1709 5381 15400
1084 15934 5854 -1845 4611 15910
1414 15152 5873 -1889 3871 16688
1961 14561 6372 -2113 3434 17592
2390 14700 6378 -2392 3035 18302
2945 14280 6324 -2539 3147 18616
3366 14234 6610 -2781 3858 18874
3308 15176 6885 -3895 4579 19060
3329 16057 6738 -5552 5497 18896
3408 16238 6626 -7368 6197 18803
3385 15426 6528 -8585 6311 18683
3536 13992 6620 -8687 5976 18518
4044 13049 6828 -7917 5546 18258
4453 12238 6852 -6507 5075 18063
4970 11218 7014 -5552 5007 18264
5284 10710 6918 -4008 4904 18336
5681 10226 6980 -1889 4891 17805
5851 10067 6975 256 4904 16378
6254 9844 6997 1502 5252 14904
6444 10510 6896 2187 5627 12846
6408 11426 6575 1883 5661 10227
5912 11997 6185 1255 5268 8853
5813 11485 5969 1397 4540 8195
5993 10219 6220 1162 4347 7460
5808 10061 6658 1296 4183 6549
5531 10492 7027 1689 4186 5379
4853 12183 7053 1687 4473 3604
3880 13892 7214 1131 4467 1730
3352 15148 7106 716 4006 784
3322 15332 7459 848 3304 420
3224 15112 7938 989 2574 219
3209 14888 8386 1142 2240 30
2929 14654 8562 1657 1891 -451
2638 15284 8441 2274 1552 -1313
2597 16477 8098 3002 1076 -1999
2475 17141 7960 4162 196 -2018
2306 18460 7533 4517 -610 -1989
2332 19082 7256 4474 -1237 -1767
2605 19050 7480 4301 -1485 -1612
2828 18882 7516 4207 -1654 -1490
2917 18969 7482 4041 -1688 -1538
3296 18709 7334 4030 -1529 -1613
3704 18286 7274 4215 -1347 -1645
3746 18366 7192 4271 -1092 -1733
3696 18941 7082 3862 -971 -1872
3728 19205 7196 3024 -870 -2059
3713 19489 7002 2078 -735 -2262
2196 22232 6094 -622 -686 -4147
5605 26554 3150 -1005 -1515 -3969
4356 19798 7870 -158 -1359 -1111
5829 22033 6884 -1918 42 115
5528 17828 7758 -2605 3259 335
4597 16614 8198 -800 3734 469
4317 15224 8645 1070 2269 575
4800 14664 8585 2532 580 339
4876 14740 8524 2764 -247 -76
5685 14859 8156 2737 -156 -388
5722 15709 7712 2697 -940 -918
6058 16456 7088 2298 -1397 -1200
6469 17216 6233 1568 -1141 -1156
6686 17869 5861 529 -2311 -1339
7124 18234 5293 -617 -2384 -571
7557 18222 5086 -2214 -776 71
7071 17532 5768 -2245 1229 341
6789 16298 6313 -1506 1659 311
6703 15506 6750 -469 1966 167
6400 15574 6802 71 2514 -95
6136 16050 6945 -70 2631 -186
6170 16599 6992 -1042 2016 -233
6118 16812 6894 -2183 1304 -105
6305 16942 6705 -2868 1347 13
6182 17025 6641 -2735 1466 209
6184 16952 6674 -2252 1393 434
6207 16475 6766 -1380 1443 575
6198 16260 6910 -576 1503 629
6117 16284 6952 -271 1545 580
6044 16264 7002 -440 1483 522
6004 16297 6989 -858 1377 352
5789 16056 7049 -1217 1038 287
5854 15545 7258 -1360 687 128
5588 15457 7356 -1192 298 -155
5564 15773 7370 -1144 -17 -253
5620 16180 7250 -1076 -131 -220
5682 16181 7226 -1238 -2 -98
5624 16143 7163 -1087 -41 34
5749 15858 7218 -609 -71 234
5809 15830 7337 -7 -138 199
5792 15933 7282 293 -196 103
5727 16003 7348 168 -273 28
5824 15990 7280 -122 -243 -117
5896 16092 7012 -314 -139 -260
5876 16128 7013 -352 -65 -257
5989 16145 6862 -187 71 -161
5995 16259 7043 -49 229 -105
5932 16232 7221 -85 329 -69
5824 16234 7358 -64 267 -40
5749 16116 7430 -16 180 -90
5705 16206 7350 81 -10 -242
5626 16221 7164 25 -278 -287
5742 16188 7042 115 -425 -259
5806 16116 7030 147 -574 -130
5993 16198 6960 166 -407 -37