6445 14821 5966 2758 1998 -269
6730 14294 6091 2704 2051 -300
6846 13714 6070 2657 1847 -394
7089 13134 6071 2754 1786 -553
7342 12647 6154 3129 1924 -774
7532 12452 6197 3758 2309 -1029
7573 12350 6080 4411 2820 -1341
7500 12464 6038 5013 3235 -1628
7357 12514 6107 5244 3708 -1941
7203 12700 6138 4505 4113 -2213
6825 12589 6214 2981 4258 -2574
6537 12284 6309 1926 4008 -2943
6141 11869 6562 774 3635 -3286
5809 11378 6800 -475 2982 -3677
5449 11008 7062 -1716 2249 -4313
5008 10668 7293 -3087 1596 -5134
4517 10309 7562 -4523 962 -6068
4049 9496 7642 -5510 471 -7372
3292 8726 7594 -5049 -81 -9104
2426 7589 7270 -2512 -523 -11562
1260 7745 6889 1611 -1193 -13336
506 8784 6628 5620 -1839 -13975
-305 10665 6214 8173 -2040 -14025
-880 12902 6057 8718 -1695 -14112
-1638 14113 6122 7635 -930 -15046
-2592 14200 5868 6948 -563 -16859
-4500 13733 5499 7876 -1279 -19370
-6650 14692 5096 10734 -3861 -21471
-8390 17435 4313 11196 -5800 -21224
-9446 20578 3878 8657 -6344 -20064
-9833 22820 4156 4292 -6512 -19097
-10433 23882 3906 -471 -6883 -18404
-11306 23082 3702 -3061 -7671 -18129
-11925 21731 3982 -3333 -9722 -17589
-11809 21620 4534 -2764 -10899 -16709
-11661 22282 4729 -2544 -10488 -16117
-11895 23209 4813 -2997 -10056 -15033
-11761 22946 5048 -3699 -10269 -14175
-11401 21885 4940 -3856 -10434 -14044
-10800 20322 4112 -1970 -10553 -13691
-10060 21495 6440 4082 -11655 -9405
-11886 31995 4416 8431 -16203 -3513
-11110 29247 4773 12611 -14602 -6636
-5861 24274 -1248 12913 -17626 -4775
-9294 23234 -482 15729 -10601 -788
-10638 27854 -1909 4396 -11984 -9262
-6123 20913 -2032 -2683 -6902 -12527
-5245 20108 -2977 1504 -8282 -10786
-6865 13898 -2080 1304 -6697 -9822
-7689 14074 349 -5400 -4326 -9660
-7460 16741 -422 -6343 -3502 -10001
-8728 18189 884 -8757 -2307 -9859
-8660 20870 1460 -8464 -2587 -8898
-2290 26812 3630 -933 -2998 -893
2640 32767 2102 -5478 5492 6460
-8676 32767 1970 -1956 3692 2880
-5218 32767 2772 2053 -1831 4135
-2688 32767 4413 3734 -3333 5164
-3769 31147 4126 2836 -2124 4999
-4677 25929 4537 259 -1675 4258
-5080 22224 4206 -1044 -898 2575
-5746 18578 3706 -701 -2871 -572
-5204 13137 3413 -282 -5655 -3348
-4529 11189 3540 -2190 -3569 -4250
-5608 11877 3385 -2853 -828 -5983
-5589 13872 4085 -2197 925 -6527
-6306 15792 3888 -2123 2319 -5669
-6678 15933 4324 -2194 2244 -4351
-6446 16662 4172 -2362 2817 -3302
-6515 17808 4972 -3210 2634 -1860
-6524 19331 5240 -4644 1200 -1318
-5786 18577 5383 -4628 219 -1810
-5464 18524 5077 -3911 -330 -1627
-5266 18858 4797 -2958 -636 -952
-4948 19166 4748 -2205 -407 -284
-4836 20343 4792 -402 -399 1344
-4296 21206 4704 2639 -1031 3023
-3757 21886 4369 3906 -864 3830
-3610 22340 4081 4690 -1001 5167
-2695 22275 3865 5378 -1424 7175
-2106 22561 3177 5548 -1596 8607
-1410 22501 2868 6443 -2236 9908
-561 23124 2298 6877 -2562 11265
-330 23354 2288 7551 -3135 12042
350 24384 1679 6596 -3029 13650
1080 23570 1872 5871 -3243 14966
1718 22999 1915 4671 -2450 15736
1989 22322 2013 3160 -1269 16242
2306 21870 2029 1775 115 16565
2348 21762 2022 752 958 16842
2397 21344 2150 -390 1694 17408
2506 20220 2498 -1303 2389 17945
2522 19553 2708 -1884 3097 18209
2606 18544 3032 -2106 3616 18340
2452 18352 3080 -2384 4224 18437
2628 17365 3517 -2151 4630 18750
3089 16091 3835 -1756 5446 18937
3324 15227 4147 -1284 6603 19022
3029 15169 4192 -1084 7479 18868
3260 14265 4588 -693 7944 18765
3612 13616 4737 -719 8666 18421
3861 12966 4970 -613 8930 18246
4033 12636 5022 -562 9092 17910
4234 12244 5058 -262 9048 17504
4528 12093 5056 156 8688 16975
4789 11922 5158 526 8314 16318
4981 12064 5046 724 7995 15571
5366 11962 5034 966 7504 14867
6025 11560 5190 1223 7405 14141
6274 11373 5318 1419 7424 13189
6464 10690 5362 1779 7407 12298
6556 10672 5217 2409 7282 11208
6610 10781 5141 2536 7472 9843
6580 11160 4988 2762 7500 8370
6472 11444 5000 2928 7230 7299
6280 12360 4573 2755 6827 5911
6213 12666 4397 2234 6376 4689
6098 12672 4510 1881 6027 4221
6208 12406 4757 1416 5822 3650
6025 12064 5076 722 6127 2663
5619 12679 5118 437 6162 1128
5406 13344 5161 374 6146 -622
5188 13746 5358 289 6053 -1477
4797 14388 5636 -65 5838 -2156
3687 16407 5510 -965 4945 -2485
3392 16697 5781 -1422 3852 -2516
3428 16584 5878 -1206 3017 -2778
3519 16488 6127 -355 2187 -3409
3303 17532 5908 682 1667 -4414
3002 18932 5640 1565 1742 -5112
2833 20088 5541 1528 2088 -5005
1874 21628 5198 570 1614 -3990
1705 21770 5076 -252 948 -3092
2092 20734 5282 -588 323 -2530
2669 19576 5521 -527 -211 -2580
2948 18932 5726 -403 -217 -2828
3069 18663 5761 -246 111 -2923
2900 18644 5801 98 676 -2579
2642 18609 5702 519 900 -2194
2250 18917 5644 929 495 -1664
2154 19273 5560 1288 -229 -1440
2118 19800 5180 1510 -924 -1504
1490 19724 4701 1423 -1523 -2124
1136 21365 3886 1207 -3179 -3174
3526 21769 3386 1259 -3768 -3447
3484 21222 4026 603 -3357 -2745
4269 20516 4188 106 -2869 -1486
4588 19354 4585 -312 -1618 -311
5250 18434 4665 -33 432 834
4732 17573 4918 219 2416 1031
4772 17276 4656 814 3403 994
4573 16733 5091 1816 3648 862
4128 16490 5389 2619 3343 512
4453 16962 5205 2782 2986 276
4062 17090 5258 2376 2130 -105
4406 17446 5048 1682 1134 -520
4473 17801 4821 1123 120 -1045
4815 18335 4646 65 -4000 -1615
5599 17856 4203 -2939 -2233 -1039
5461 18202 4008 -2954 -64 -486
5373 17594 4168 -1374 340 180
5358 17372 4204 -141 387 565
5458 17349 4286 555 1014 600
5277 17208 4628 613 1417 486
5246 17317 4932 367 1375 428
5279 17223 5115 -242 1427 72
4979 17613 5044 -1130 1131 -101
5154 17727 4940 -1050 434 294
5263 17620 4927 -564 -107 357
5488 17546 4790 -408 -32 178
5252 17754 4765 -105 9 175
5385 17796 4734 -56 104 313
5216 17612 4737 -242 326 441
5272 17466 4776 -269 471 573
5108 17281 4830 -337 658 618
5093 17193 4925 -259 649 632
5152 17089 4920 -247 742 413
4991 17274 4988 -186 748 153
4921 17316 5014 -330 787 40
4807 17581 5021 -546 858 -18
4832 17633 5154 -722 776 124
4843 17492 5109 -521 718 382
4846 17343 5284 -116 764 392
4801 17277 5434 -98 796 317
4692 17378 5458 -208 530 230
4765 17211 5373 -381 335 181
4894 17049 5285 -378 286 140
4929 16898 5257 -235 342 79
4932 16978 5106 -2 233 -34
5036 17229 4957 103 171 -114
5264 17201 5026 203 198 -142
5420 17116 5034 319 375 -132
5317 17244 5054 398 393 -81
5213 17565 5017 172 264 -73
5327 17750 5122 -318 117 -83
5433 17670 5166 -778 256 -91
5420 17643 5257 -884 310 -24
5358 17508 5268 -694 220 50
5430 17564 5326 -407 -62 121
5430 17530 5197 -166 -216 153