5313 15817 4452 -3257 -592 184
5425 15259 4571 -2281 -701 77
5306 14768 4704 -1676 -739 6
5175 13964 4972 -1517 -497 -67
4596 13648 4658 -628 -916 -548
4845 13029 5233 -1634 -1244 -841
4428 12760 5054 -1493 -1606 -1101
4714 10712 5188 -2921 -1712 -1761
4273 8572 5229 -4626 -2002 -2950
3632 6428 5447 -5124 -2937 -4615
2360 5816 4974 -4574 -4388 -6073
1105 5426 4412 -3218 -6077 -6903
260 5310 4093 -1470 -7275 -7604
-664 5851 3954 140 -7901 -8329
-1017 7554 3281 1214 -7463 -9267
-1468 9048 2894 1902 -6709 -10247
-1693 9559 3145 3051 -5521 -13229
-120 8028 2789 10362 -5499 -17462
629 10856 2604 19167 -2463 -21032
-2132 9544 4084 15018 1700 -20383
-2278 11706 2616 11151 -1809 -19678
-2229 13115 1364 6309 -2372 -21976
-2074 13131 997 4276 -2749 -25704
-3180 13766 765 3164 -4589 -28467
-3786 14773 1261 1017 -5315 -30408
-5504 18354 -125 -729 -4308 -30862
-6633 22134 -1968 5026 -2298 -31217
-8297 25712 -2473 10933 -2500 -30886
-8608 27860 -3386 16544 -3078 -30986
-8678 30201 -3639 17702 -107 -30368
-10254 32767 -2848 14388 3738 -28741
-11869 32767 -3118 10327 8920 -27124
-14074 32537 -2486 6178 12334 -25574
-15892 31604 -2570 2711 10912 -24508
-16824 29217 -2210 -598 6843 -23187
-17785 28090 740 -6051 3943 -20825
-19569 29852 998 -11440 798 -16166
-21600 29130 654 -11258 -5256 -12342
-20448 23492 4160 -9895 -10627 -10514
-17366 18652 4886 -8810 -8091 -11342
-17542 19164 4478 -2750 -5261 -11185
-17177 16476 3408 2087 -2044 -10283
-16722 14486 3294 2242 689 -9600
-17236 14171 2415 3900 1773 -6997
-13280 16716 2057 9199 -880 5048
-16904 19066 2721 8131 -3135 9207
-16544 19909 -272 6186 -6749 7760
-14640 22284 90 8849 -8837 6839
-12972 22180 22 10228 -10769 5989
-11870 22512 292 5874 -10348 4108
-12512 19961 82 2756 -8698 913
-10029 17057 632 546 -7017 -912
-10137 14170 222 -1511 -5569 -2986
-10492 11109 -100 1 -4372 -4663
-8949 12128 605 495 -3421 -4131
-10882 13342 -1358 1643 -1788 -4939
-10512 15876 661 662 -2581 -3737
-11330 18558 -144 -232 -268 -3268
-10240 15250 336 -1233 2271 -7194
-9592 17232 615 -4523 8200 -11171
-10421 18425 1156 -7137 13169 -13018
-11472 19380 1240 -6777 17833 -12674
-12076 20422 1593 -4485 21282 -11974
-11841 21657 1073 -2592 21560 -10619
-12138 22428 470 -1527 21042 -9313
-12515 23575 224 -2762 19697 -8782
-11014 23684 -628 -6048 18082 -7494
-11125 23172 -1229 -7735 16027 -5601
-9450 23012 -1810 -8619 13577 -3660
-9042 24044 -2724 -9592 11861 -162
-8448 24380 -3188 -10269 10333 3360
-7935 24291 -3391 -10408 9209 5917
-7082 24113 -3544 -10679 7928 9995
-6357 23303 -3290 -10738 6278 13693
-5190 21621 -2653 -10299 5194 16996
-4496 20928 -2260 -10836 4054 19920
-3737 20561 -1757 -12461 2955 21933
-3780 20042 -1254 -14393 1804 23086
-3301 18368 -641 -16330 452 24587
-3208 16956 -128 -17793 -1553 26145
-3256 15333 577 -18584 -3865 27601
-3518 14216 1010 -18865 -6188 28655
-3269 12876 1648 -18647 -8869 29790
-3268 11352 2452 -18156 -9997 30560
-3797 10713 3088 -16597 -11290 30077
-3486 10652 4114 -16059 -12398 29701
-3838 10528 4723 -16067 -13973 30224
-4208 9996 4708 -14226 -14385 30920
-3047 9424 5644 -12497 -14016 30553
-1848 9541 6326 -8196 -14172 30233
-223 9188 6312 -4604 -12500 29157
1242 9378 6158 -2603 -9831 27270
2308 9597 6028 268 -7219 24959
3643 10613 5514 2179 -3324 21998
4116 11475 4854 2743 -173 19613
4149 11925 4490 2839 1797 17162
3968 13118 3256 3251 2208 14697
3702 13064 3362 4449 1130 12638
4047 12391 3668 3603 -137 9600
4546 11916 3712 2043 -32 6949
4692 11268 4142 1387 577 5958
4850 10490 4812 856 1329 5184
4644 9796 5113 696 1774 4191
3650 10762 5120 -508 2095 2761
2567 12926 3503 183 1185 923
2530 13372 3170 2245 912 -611
2269 13963 3111 4114 712 -1381
2028 13732 3410 5592 328 -1850
2058 12802 3812 6229 235 -2483
1482 12816 3696 6572 561 -4315
217 15881 2216 5943 754 -6551
-732 18972 625 6392 -256 -7731
-222 19405 917 6480 -515 -8141
-170 20412 493 5867 -120 -8332
-468 21689 50 5525 -562 -7884
347 22326 185 5132 -490 -6949
252 24565 -502 4525 -170 -6382
836 25753 -681 5543 -962 -5719
1386 26510 -610 5948 -982 -5179
2124 26843 -123 6560 -1115 -4242
3124 26172 714 6381 -564 -3371
3486 26283 1255 4680 628 -2410
3463 26029 1884 2621 1744 -1084
3389 25280 2524 1279 2329 52
3257 23695 3444 735 2259 953
3382 22421 4105 96 2488 1304
3211 21560 4534 -359 2572 1391
2929 20976 4933 -634 2333 1446
2736 20176 4891 -799 2437 1425
2598 19175 4940 -681 2299 1530
2494 18398 4926 -283 2051 1773
2540 17717 4532 117 1478 1726
2732 17294 3857 838 918 1342
2930 17468 3222 1203 583 983
3001 17725 2600 1689 176 812
3353 17600 2468 1474 103 750
3510 17984 1867 998 326 561
3641 17752 1861 838 190 526
3774 17634 1825 528 243 482
3849 17538 1974 95 311 417
3814 17626 2044 -24 199 340
3974 17781 2213 -116 256 249
3933 17984 2148 -303 360 258
4029 18208 2224 -343 452 319
4104 18230 2321 -415 839 152
2845 18942 2588 1060 -35 101
4192 18485 2620 -1460 -9194 -1788
4137 17874 3453 -7461 -5989 -959
3541 18533 2329 -12791 -7763 -1515
4310 17874 2710 -13621 -2181 -203
3930 20330 2022 -7186 -1431 220
4086 18832 2536 -2807 -1555 264
4324 18386 2292 -532 -837 414
3990 18444 2250 780 -27 419
4173 17760 2938 1311 670 525
4124 17712 2748 1346 729 635
3729 17556 2817 1443 -165 89
3798 17669 2894 1304 -91 770
4429 18586 2388 -225 -753 -435
4296 17450 3137 -2231 -683 -86
4414 18385 2316 -1297 161 -161
3858 18396 2762 -11 -92 101
4121 17968 3000 -303 -796 -210
3894 18374 2773 -1215 -263 -506
3628 18302 2918 -2156 -321 -613
3244 18406 3040 -2453 -371 -639
3944 18945 2810 -1742 -678 -548
3152 18360 3368 -1758 -865 -468
3568 18752 3052 -1289 -662 -391
3442 18736 3108 -938 -391 -473
3292 18664 3157 24 -957 -388
3761 18973 3076 -548 -1206 -292
3789 19122 2845 -929 -564 -375
3582 18892 2962 -1511 -152 -453
3752 18830 2908 -1353 66 -283
3828 18345 2988 -861 50 -162
3805 18068 3020 -447 -88 -242
3742 17852 3100 -198 -104 -352
4002 17905 3050 1 -224 -318
3737 18021 3125 -177 -406 -365
3897 18438 2838 -387 -639 -262
4086 18296 2828 -698 -353 -224
4122 18469 2750 -910 -280 -51
4144 18357 2848 -1146 -293 109
4178 18066 2782 -1316 -59 216
4076 17852 2832 -907 -106 378
4321 17705 2841 -460 -33 387
4232 17716 2905 -36 121 245
4162 17884 3008 69 258 286
4140 17992 3056 -112 475 265
3984 18028 3218 -345 515 226
4066 17912 3357 -471 714 108
3996 18043 3389 -545 882 -58
4056 18062 3501 -703 1063 -242
4058 17882 3610 -635 1162 -367
4040 17888 3726 -285 1019 -414
3932 18008 3681 33 596 -375
3921 18230 3540 166 57 -302
3920 18462 3394 17 -381 -236
3972 18478 3286 -321 -666 -267