5260 19623 949 -4437 3343 2391
5135 18979 1535 -5853 3903 3195
5074 18120 2158 -6912 3969 3769
4908 17076 2614 -7071 3378 4079
5062 15734 3280 -7410 3020 4333
5127 13617 4032 -7621 2687 4760
5154 12021 4794 -7163 2385 5284
4929 11341 5088 -6467 2389 5624
4796 10408 5498 -5874 2723 5707
4605 9193 5656 -5154 3132 5666
4460 7978 5884 -4255 3619 5208
3840 7064 6014 -3273 3622 4546
3292 6167 5904 -1609 3147 3311
2275 5665 5684 -511 2191 916
953 6035 5140 -132 525 -1954
650 5580 5030 34 -829 -4026
68 5406 4870 -1237 -1520 -6417
-1505 5505 4507 -1908 -3867 -9498
-3102 6629 3372 -3738 -5348 -12768
-4301 7305 2384 -5374 -6023 -15672
-4688 8782 1031 -7483 -5324 -18113
-3914 8849 540 -9366 -4133 -20804
-3853 8263 612 -9556 -1680 -24345
-5266 8076 988 -8945 -972 -26608
-6859 8414 1222 -7787 -1379 -29726
-8714 10197 918 -6641 -2276 -32309
-10396 12497 1207 -3471 -2448 -32768
-12485 17958 1119 -350 -2232 -32768
-13450 22720 1290 -180 -1869 -32768
-13469 25274 1228 -795 -1054 -32768
-14144 28888 1355 -612 -5 -32768
-14873 30650 2094 238 883 -32768
-16062 32560 2829 470 1861 -32768
-16457 32767 6375 -1062 1081 -30414
-24769 32767 16625 -13546 -9203 -18151
-18184 32767 10105 1646 -17539 -18461
-20268 32767 9848 6001 -12583 -14852
-13505 29552 5888 10672 -8720 -12296
-15341 24149 3340 11345 -1878 -10942
-15188 20402 2746 13298 1373 -10107
-15442 18384 2664 16917 516 -9966
-14282 16636 2167 24703 -1870 -7838
-7006 18082 5100 27083 -712 4459
-10274 25372 2820 17369 5790 9047
-13652 29046 947 4253 5000 7039
-11697 30744 -549 3140 1534 5665
-9061 26523 782 4341 -4879 3433
-9670 22758 892 1411 -8454 1910
-9345 17737 1678 -834 -8629 227
-8846 13384 2350 -2580 -6530 -2048
-8580 11196 3226 -4404 -6086 -4418
-8164 10226 2812 -4089 -5986 -6610
-7773 9930 2600 -2021 -4085 -7833
-8582 10936 2029 1057 -746 -9014
-8928 12094 1669 4787 762 -9506
-8861 13394 1864 6586 1809 -9110
-8750 16425 1071 7686 2582 -7412
-9265 17605 1068 7152 3587 -7262
-9164 17760 880 5181 4642 -8613
-9690 18065 1001 2648 4413 -9984
-9378 18084 725 -1013 5054 -11572
-9102 19292 452 -4503 5935 -12206
-9861 19294 627 -6899 6825 -11616
-9991 18260 1455 -8203 8161 -11685
-9744 18746 2198 -9060 9716 -11751
-9364 19405 2412 -6924 11645 -10792
-10777 22150 1565 -3713 14128 -9163
-11766 22440 2198 -1863 13704 -7351
-10791 23180 2740 -1550 14006 -3988
-11224 22868 3567 -4650 11921 514
-10968 23110 3598 -4955 8724 2370
-10625 22016 3641 -4629 5769 4590
-9463 22802 3093 -4107 1690 7433
-9485 23377 2682 -4527 -1880 9360
-8105 22222 2464 -6017 -3999 11203
-7201 21084 2196 -6610 -5027 12925
-6809 20720 1778 -7351 -4657 15254
-6525 20357 1332 -7383 -4379 17714
-5440 19718 1413 -7563 -3761 20184
-5216 19450 1452 -7957 -3259 22235
-4800 18258 1861 -7603 -3680 24231
-4062 16066 2308 -6817 -4555 26911
-3231 13627 2244 -4480 -5820 29095
-2922 12866 2113 -1869 -6882 29817
-2362 12656 2037 -840 -7467 29674
-1413 13008 2185 -1064 -7737 29731
-1101 12750 2416 -1894 -7486 29736
-786 12767 2264 -3013 -6792 29347
-576 12201 2154 -3480 -5821 28832
210 11994 2177 -2796 -4703 28542
558 11558 2106 -1928 -4077 27985
848 11778 2259 -105 -3847 26949
1577 11724 2736 2252 -3471 24829
1981 12409 2867 3784 -2994 22851
2113 13481 3128 3965 -2530 21354
2512 14113 3109 3057 -1608 20056
2325 14582 3346 2001 -518 18966
1716 15199 3324 894 17 17934
1856 15094 3586 749 -23 16623
1709 15283 3663 953 -302 15182
1909 15332 3762 1881 -1228 13600
2624 15045 3764 3281 -1766 12247
3124 15054 3544 4560 -1702 11428
2941 16070 2954 5312 -1416 10459
2424 17529 2535 5778 -985 8905
2248 17656 2580 6179 -160 8093
2449 17606 2858 5579 603 7427
2372 16753 3450 4092 1413 6294
1960 17137 3576 2056 2084 4948
1580 18170 3314 542 2202 3416
1815 19192 3129 -338 1558 1553
2423 19948 2828 -1295 788 153
2738 20371 2596 -2169 287 -481
3077 19221 2734 -2226 564 -152
3146 19177 3021 -1631 763 979
3201 19170 3181 -826 955 1708
3410 19288 3390 -334 1531 1984
3352 19504 3520 -97 1811 2000
3587 19370 3482 1196 1874 1586
3846 18878 3586 1990 1798 1011
3865 18626 3610 2108 1650 818
3887 18408 3398 2294 1064 856
3878 18286 3128 2187 345 744
4454 17752 3124 1881 -192 592
4610 17614 3037 1104 -300 476
4654 17618 2890 748 -615 285
4984 17292 2906 573 -634 90
5033 17052 2786 324 -458 -124
4932 17153 2646 175 -299 -453
5005 17073 2593 308 -279 -631
5380 16818 2557 343 -160 -637
5535 16808 2477 350 -17 -847
5708 16721 2348 560 -16 -1160
5784 16744 2145 757 -292 -1365
5972 17081 1990 928 -542 -1608
6005 17281 1756 1134 -887 -1704
6257 17541 1706 909 -855 -1737
6433 17844 1486 955 -918 -1735
6500 18182 1336 847 -939 -1682
6490 18497 1270 539 -859 -1553
6502 18705 1282 166 -620 -1426
6617 18694 1348 -197 -299 -1210
6482 18692 1344 -486 38 -933
6304 18837 1308 -710 247 -747
6210 18766 1429 -793 395 -422
6104 18762 1524 -997 487 -91
5890 18710 1626 -1202 607 116
5788 18510 1846 -1334 619 288
5632 18370 2036 -1433 635 394
5648 18082 2246 -1372 576 320
5589 17834 2438 -1191 564 301
5466 17866 2542 -946 541 305
5369 17973 2566 -716 582 216
5236 18140 2712 -608 618 177
5257 18330 2665 -552 745 187
5080 18374 2742 -574 641 202
5174 18209 2740 -636 567 252
5153 17992 2777 -733 468 209
5264 17802 2738 -672 147 155
5370 17610 2733 -450 -238 134
5515 17549 2680 -232 -612 57
5527 17556 2397 -71 -678 2
5618 17614 2224 95 -571 -1
5765 17618 2070 147 -318 -27
5724 17680 2037 186 -195 -82
5798 17685 1926 208 -132 -161
5961 17668 1866 142 -5 -224
5908 17684 1703 72 -21 -241
5916 17534 1702 -176 19 -250
5909 17708 1585 -472 145 -312
5922 17700 1628 -494 200 -389
5869 17758 1612 -507 285 -395
5776 18002 1702 -581 398 -413
5782 18094 1801 -610 426 -336
5866 18045 1856 -728 583 -275
5758 17980 1918 -831 779 -293
5802 17897 2037 -826 900 -334
5829 17813 2142 -745 912 -280
5746 17702 2244 -722 909 -209
5690 17566 2356 -673 799 -112
5525 17672 2356 -658 662 -56
5460 17794 2507 -653 541 -1
5611 17609 2466 -628 350 31
5668 17577 2446 -402 212 -81
5724 17645 2363 -3 153 -59
5761 17856 2235 305 38 -9
5937 17897 2191 323 53 41
5892 17850 2146 27 144 43
5889 17685 2188 -288 209 -64
5919 17385 2127 -304 143 -75
5870 17268 2125 -84 8 -162
5878 17415 2096 44 93 -143
5816 17799 2068 120 198 -181
5781 17836 2056 302 385 -132
5693 17716 1946 555 357 -90
5659 17813 1961 716 306 27
5563 18009 1907 513 340 11
5641 17778 1957 197 344 81
5775 17355 1951 -168 464 -7
5776 17200 1836 -1 -259 -98