-12942 7925 5556 246 109 -3801
-13290 6909 5333 1007 79 -5008
-13564 6637 4929 1365 636 -6163
-14110 6581 4696 1418 1168 -7453
-14301 6489 4441 1214 2024 -8773
-14997 6744 3924 622 2568 -10129
-15798 6550 3724 -247 2952 -11272
-17360 7014 3265 -778 3359 -12273
-18164 7201 2702 -1435 3936 -12888
-18618 7725 2420 -2185 4853 -13371
-19094 7644 2289 -2818 5459 -13756
-19570 7676 2050 -2943 6171 -14030
-20021 7325 1812 -2505 6688 -14342
-20293 6866 1856 -1716 6983 -14228
-20609 6194 1884 -746 6879 -13595
-21088 6517 1672 -163 6266 -12563
-21005 7460 1309 190 5891 -11660
-21404 8573 924 -120 5009 -10534
-21345 9434 780 -922 3914 -9477
-21237 9900 558 -1989 2610 -8751
-20874 10250 132 -3690 1248 -8182
-21180 10354 388 -5057 398 -7601
-21185 10433 365 -6301 -246 -6754
-21209 11353 312 -6836 -658 -5787
-21106 11513 789 -6814 -464 -5038
-21117 12134 1330 -7015 359 -3819
-21189 13597 1874 -7128 1231 -2607
-21949 14928 2196 -7002 2481 -1429
-22532 15664 3057 -5734 2754 -319
-22430 16605 3836 -4593 2572 747
-22690 17665 4772 -2776 1888 2119
-22734 18146 5637 -1201 494 3817
-22242 19606 6208 -104 -576 5180
-21901 20992 6350 809 -1970 6198
-21046 20729 6673 2919 -3707 7380
-19664 21805 6764 3836 -4996 8885
-18853 22397 6952 4148 -6139 10676
-18076 22676 7517 3566 -6729 12681
-17036 23306 7428 3429 -7678 14442
-15496 22636 7722 4375 -8859 15946
-14056 22206 7666 5163 -9724 17400
-12213 21212 7698 5933 -10379 18229
-11076 21378 7762 5599 -10015 18976
-10360 21932 7937 5508 -9767 20132
-9524 22186 7822 5280 -9393 21567
-8854 23028 7634 4053 -8882 22776
-8198 22845 7590 3174 -8241 23686
-7826 22052 7622 2380 -7679 24535
-7456 21232 7217 2000 -7570 25459
-7302 20770 6906 1641 -7505 26768
-7220 19220 6225 1988 -7854 28097
-6597 17216 6076 2476 -7703 29415
-6620 16684 5334 2720 -7493 30451
-6406 16016 4778 3336 -7075 31449
-5858 15925 3766 3627 -6330 31907
-5020 14460 3602 3628 -5049 32239
-4676 14189 2756 3906 -3727 32700
-4396 13852 2422 4597 -2517 32767
-3933 13429 2270 3711 -1103 32767
-3736 13701 2369 2156 27 32767
-3806 13221 2333 -253 -334 32767
-3750 11770 2365 -412 -812 32767
-1509 8465 2884 -3073 -2738 32767
-586 8130 2873 -2688 -1975 32512
-250 8453 2293 -2948 -1877 31347
1252 7514 2438 -3186 -1121 29896
1565 8033 2384 -4181 1243 29626
1820 8732 2086 -4674 2836 29341
2260 8286 2366 -4590 4569 29010
3324 8308 2567 -3334 5948 27413
3890 8745 2817 -1837 6457 25014
4136 8918 3088 -587 6083 23574
5074 8127 3716 1195 4978 22233
5808 7204 4303 2187 4041 20273
6461 6737 4442 2978 3726 18161
7555 6074 4551 3768 4334 15581
8092 6216 4364 3241 6436 12807
8193 6836 4056 2393 8626 10536
7710 7840 3926 1077 11798 7870
6705 8933 3773 1652 12923 4747
5368 9352 4537 1482 12575 2224
3739 9765 5279 245 10327 -500
1665 12680 4710 -1138 7913 -3290
1854 13125 5128 -1703 6530 -5073
1066 12828 5628 -960 5063 -5987
655 11891 6202 -1276 5503 -6491
-1115 11208 6703 -1058 6182 -6708
-3042 11826 6832 1165 4991 -6570
-3540 11044 7213 4114 3675 -7467
-3876 10661 7585 5840 2518 -8735
-4005 10432 7645 6831 1758 -10444
-4186 10748 7639 6998 1633 -12881
-4836 11590 7490 6516 1277 -14360
-5822 12885 7050 6035 268 -14383
-6252 14386 6404 5973 -1594 -14126
-6498 18486 4953 4643 -2842 -15147
-5512 21737 3809 3354 -3658 -16366
-4352 22074 3664 1562 -3660 -16471
-3366 21314 3446 -422 -2512 -15977
-2816 19796 3640 -963 -1437 -15849
-2938 18908 3748 -250 -799 -15388
-3794 18912 4032 2238 -1697 -14113
-3594 19481 4348 3474 -2070 -13497
-3562 19858 4156 2767 -1091 -13711
-3951 20485 4111 2499 -754 -14923
-3734 20382 3957 2379 -1021 -16136
-3509 20000 3642 2660 -1576 -15776
-3140 19642 3892 2328 -1850 -15204
-3363 20254 3688 787 -1729 -14714
-3785 21001 3630 -637 -2201 -14606
-3958 21072 3341 -1879 -2371 -15344
-3874 20622 3524 -2187 -2544 -15625
-3580 20295 3555 -2488 -2257 -15097
-4121 19945 3671 -2658 -1426 -14807
-5468 20737 3481 -2050 -1498 -14294
-5474 21242 3630 -814 -1903 -13650
-5368 20663 3778 176 -1334 -13376
-6392 20754 3666 1528 -531 -12908
-6672 20896 3848 2255 -451 -12508
-7440 21363 3937 2959 -468 -11756
-8054 21738 4024 3061 -210 -11575
-8557 22419 3974 3134 -351 -11020
-8728 22690 4306 3162 -339 -9776
-8982 22908 4542 3040 -189 -8696
-9120 23032 4734 2649 81 -8222
-9766 23602 4784 2440 183 -7465
-10048 23457 5025 2801 -71 -6862
-10195 22960 5334 3181 -154 -6303
-10080 22738 5691 3246 -128 -5650
-9400 21770 5900 3716 -262 -5028
-9206 20949 5721 4372 -623 -4467
-8693 20302 5708 4752 -1112 -4141
-8264 20086 5342 5033 -1197 -3787
-7733 19972 5066 5307 -1297 -3317
-6998 19501 4876 5735 -1444 -2857
-5924 19221 4742 5929 -1518 -2244
-5002 19283 4545 5093 -1199 -1735
-4566 19410 4248 4165 -954 -1452
-4387 19363 4145 3041 -954 -1180
-4416 18881 4160 2439 -1351 -766
-4266 18394 4178 1735 -1693 -526
-4319 18139 4140 781 -1779 -333
-4496 17990 4100 40 -1873 -88
-4689 17808 4022 -722 -1600 57
-5097 17617 4050 -1448 -1338 186
-5341 17501 4092 -2061 -1048 250
-5700 17426 3985 -2396 -866 198
-6060 17308 4002 -2558 -841 168
-6262 16808 3933 -2140 -1107 179
-6510 16336 3989 -1666 -1352 198
-6700 16150 4150 -1490 -1431 264
-7000 16434 4154 -1270 -1301 442
-7244 16948 4153 -979 -1156 597
-7680 17112 4240 -859 -992 671
-7974 16936 4189 -674 -1032 683
-8152 16840 4252 -208 -1349 708
-8258 16640 4352 -275 -1414 792
-8266 16634 4370 -236 -1515 859
-8198 16576 4390 -238 -1466 932
-8197 16629 4446 -179 -1502 941
-8186 16766 4534 -174 -1425 935
-8224 16718 4588 -216 -1361 920
-8169 16548 4605 -226 -1301 928
-8194 16577 4614 -274 -1294 995
-8157 16528 4590 -253 -1334 1075
-8004 16352 4540 -134 -1401 1074
-7781 16170 4485 136 -1630 958
-7633 16018 4346 214 -1526 847
-7558 16306 4144 320 -1461 836
-7381 16674 3998 225 -1090 772
-7202 16680 3802 94 -716 671
-7132 16690 3681 134 -380 551
-7154 16694 3520 526 -389 420
-7134 16477 3725 399 -205 444
-7142 16461 3798 -56 40 443
-7253 16580 3812 -593 177 405
-7316 16712 3820 -875 117 423
-7269 16694 3664 -1011 -14 353
-7088 16682 3642 -1092 27 254
-7004 16805 3677 -1187 204 180
-7060 16985 3629 -1263 508 255
-7030 17050 3741 -1241 805 310
-7014 17116 3797 -1152 1004 319
-7089 17002 3972 -977 990 340
-7074 16910 4045 -803 920 357
-7017 16826 4128 -688 791 358
-6825 16818 4173 -715 799 425
-6905 17097 4112 -804 896 335
-6966 17046 4156 -951 877 313
-6924 16994 4189 -1193 906 319
-7097 17138 4238 -1147 832 289
-7162 17001 4357 -1092 665 316
-7257 17020 4417 -1043 394 368
-7260 17050 4422 -881 60 379
-7059 17127 4514 -830 63 418
-6998 17264 4546 -980 253 394
-7152 17321 4532 -993 349 367
-7250 17274 4557 -887 213 419
-7233 17214 4560 -686 -86 499
-7133 17045 4540 -519 -284 609