-2014 25588 4889 -1207 -2270 12044
-806 25288 5020 -1184 -675 12991
-29 25161 5273 -540 681 13762
896 25340 5257 1273 1406 14685
1658 25061 5062 4821 2492 16027
2496 25054 5270 7562 4168 17600
3032 25230 4992 10644 5457 19295
3490 25813 4941 12986 6712 21276
4412 26270 4509 14528 8393 23102
5110 25120 4185 15799 9514 24775
5998 23026 4493 15616 10627 26421
6552 22242 4242 14135 11677 27685
6718 20549 4493 12494 12052 28574
6960 19634 4933 9245 11875 29527
7090 18584 4581 5575 11657 30383
7229 15882 5158 2197 10491 31124
7148 13933 4644 -272 9465 31403
6538 12006 4729 -1097 8109 31393
6569 10290 4533 -1544 6762 30747
6625 7925 4674 -894 5781 30589
6500 6792 4548 -1260 5305 30599
6616 5433 4169 -192 5000 30476
6877 3964 3992 705 5120 30212
6952 3072 3885 2464 4918 29376
7708 1658 4117 5166 4209 27793
8742 180 4314 6873 4340 25963
9642 -746 4445 8189 4247 24111
10712 -1021 4144 8873 5024 21896
11026 -433 3705 8718 6376 19134
11117 584 3017 9118 7239 16182
11433 1549 2280 9614 8130 13172
11112 2265 1732 10177 8687 10445
10128 2746 1828 10448 8582 8767
9780 2981 2469 9826 8413 7564
8085 2737 3278 8851 7692 5841
8008 2332 2756 7676 7304 3526
7565 2324 3144 5955 7262 363
6565 3812 2273 4166 7034 -3008
4989 4316 2754 2668 6323 -5667
3096 5452 2566 1524 4961 -6966
968 5876 2814 1938 1973 -7246
176 6418 2417 2784 -1114 -8022
1021 7697 1806 3680 -2370 -9838
1762 9545 1869 3405 -1487 -12644
688 11700 1681 3169 -361 -14953
417 13028 1922 3539 1197 -17455
38 12666 2300 3018 3839 -20028
-950 12478 2729 2692 5803 -21915
-2338 12752 3316 2422 6991 -23038
-3494 12346 3788 1455 7433 -23673
-6406 12612 3733 388 6027 -22958
-7144 12666 3433 863 2329 -22825
-6122 11908 3572 198 29 -24941
-6053 11870 3089 -689 -1087 -27544
-6013 12580 2749 -1785 -559 -29573
-7064 13369 2456 -3314 964 -30799
-9289 15376 2037 -4973 1948 -30023
-10368 16632 1845 -5328 1174 -28500
-10488 17532 1774 -4955 627 -28535
-10892 18594 1445 -2708 -1750 -28787
-9425 18874 1568 -2082 -1552 -29584
-8901 19306 1409 -2595 463 -30597
-9141 19862 1693 -3928 3395 -31140
-10676 20728 1958 -5460 5109 -30700
-11834 21553 2460 -7160 5518 -29774
-12468 21262 3014 -7443 4752 -29528
-12406 20633 3848 -7445 4321 -29786
-13613 20716 4245 -7227 3142 -29001
-14366 21482 4800 -6145 2057 -27538
-13884 22336 5284 -6124 2271 -26281
-13669 22482 5920 -5730 2760 -25665
-14608 22533 6045 -4335 2687 -25056
-15357 21586 6158 -2933 1916 -24033
-15409 20344 5973 -1487 1224 -23204
-15546 19014 5976 536 611 -22930
-16204 18884 5974 3457 -390 -22674
-16892 20414 5665 5651 -1799 -21320
-17014 22133 5342 7205 -2596 -19424
-16441 23033 5144 7044 -2224 -18126
-16546 23076 4700 5607 -1783 -16837
-16584 22082 4301 5548 -2228 -16101
-16081 20510 4133 6036 -2401 -15728
-16006 19710 3877 6587 -2661 -15204
-16162 19109 3798 7550 -2946 -14312
-15990 19414 3536 8331 -3006 -13391
-15768 19990 3408 8950 -3126 -12546
-15488 20209 3354 9358 -2968 -11855
-15078 20056 3338 9122 -2564 -11264
-14789 19461 3006 8761 -2099 -10810
-14450 18288 2824 9257 -2324 -10605
-14370 17440 2929 10211 -3157 -10747
-14174 17205 2725 10677 -3828 -10349
-14029 17206 2592 10770 -4169 -9736
-13774 17564 2325 10366 -4194 -9116
-13746 17954 2189 9854 -4346 -8890
-13585 18102 1864 9514 -4382 -8838
-13265 18114 1684 9382 -4496 -8661
-13036 18093 1649 9569 -4881 -8283
-13009 18285 1498 9225 -5003 -7876
-12774 18506 1346 9124 -4989 -7618
-12672 18998 1281 9202 -5091 -7081
-12618 20016 1210 8851 -4894 -6373
-12653 20864 1193 8496 -4831 -5742
-11993 21172 1306 7989 -4745 -4977
-11557 21198 1553 6503 -4065 -4382
-11638 21569 1812 5485 -3677 -4073
-11306 21262 2177 5072 -4483 -3809
-10670 20678 2622 4240 -4755 -3386
-10442 20456 3001 2582 -4654 -2849
-10753 20916 3182 1221 -4731 -2215
-10588 20910 3712 165 -5156 -1607
-10057 20709 3938 -628 -5219 -1298
-9677 20472 4260 -993 -5682 -939
-9641 20369 4448 -1369 -6056 -537
-9752 20506 4668 -1896 -6307 309
-9994 20973 4721 -2608 -6417 1083
-9857 20456 4981 -2813 -6776 1811
-9346 19706 5356 -3088 -6797 2550
-9293 19484 5504 -3553 -6880 3328
-9349 19268 5624 -3951 -6954 4057
-9626 19428 5840 -4940 -6416 4643
-9856 19660 5928 -5699 -6413 4479
-9529 18485 6185 -6109 -6440 4595
-9376 17653 6050 -6395 -6244 5461
-9490 16798 6046 -5786 -6691 6276
-9298 15636 6148 -5592 -6519 7371
-9262 14881 6145 -5124 -6142 8424
-9020 14353 6157 -4240 -5900 9150
-8784 13728 6162 -3470 -5591 9477
-8882 13426 6226 -3218 -4892 9705
-9294 13552 6202 -3441 -4205 9661
-9457 13216 6134 -4065 -3590 9331
-9533 12568 6149 -4755 -3103 9013
-9964 12501 6169 -5810 -2958 8720
-10222 12165 5978 -6908 -3159 8495
-10194 11558 5997 -7844 -3152 8430
-10085 11200 6041 -9077 -3402 8358
-10260 11060 6217 -9895 -3413 8144
-10254 10516 6313 -10214 -3587 7737
-9836 10004 6541 -10022 -3549 7223
-9757 9602 6680 -9500 -3501 6818
-9596 9270 6870 -8770 -3235 6389
-9532 9025 7161 -7796 -2701 5904
-9605 9077 7296 -7085 -2367 5358
-9449 8918 7532 -6260 -1845 4759
-9429 9030 7673 -5589 -1383 4215
-9558 9134 7928 -5123 -1185 3741
-9384 9324 8064 -4965 -1089 3356
-9181 9413 8248 -5090 -823 2945
-9156 9317 8606 -5093 -748 2562
-9288 9485 8801 -4889 -875 2058
-9438 9674 9050 -4415 -1082 1569
-9462 9794 9072 -3785 -1192 1207
-9308 10056 9165 -3078 -1364 779
-9074 10221 9220 -2339 -1306 420
-8950 10490 9281 -1601 -1258 121
-8789 10884 9292 -1058 -1083 -151
-8941 11224 9386 -685 -808 -325
-9137 11557 9290 -530 -679 -364
-8984 11602 9366 -561 -739 -378
-8954 12048 9398 -671 -629 -535
-9164 12268 9424 -385 -607 -783
-9054 12142 9346 -79 -983 -959
-8913 12445 9346 130 -1082 -1052
-8784 12666 9300 407 -1041 -1176
-8698 12972 9250 610 -785 -1176
-8638 13254 9094 757 -655 -1265
-8508 13382 9026 874 -457 -1341
-8334 13501 9057 812 -139 -1339
-8378 13861 9062 497 169 -1262
-8428 13990 9072 229 398 -1117
-8362 14194 9129 -66 593 -888
-8516 14312 9305 -356 623 -699
-8586 14214 9450 -434 715 -605
-8530 14302 9553 -584 685 -559
-8377 14137 9696 -523 737 -463
-8302 14016 9749 -448 762 -321
-8301 14090 9844 -482 877 -174
-8266 14136 9948 -516 985 -34
-8304 14196 10061 -513 979 34
-8294 14169 10057 -479 887 97
-8292 14108 10068 -507 886 271
-8330 13905 10182 -524 808 464
-8309 13673 10205 -506 768 616
-8278 13406 10184 -421 630 651
-8214 13261 10156 -210 505 570
-8104 13152 10150 -22 453 514
-8001 13078 10178 56 454 478
-7990 13120 10102 56 445 380
-8024 13133 10145 43 443 315
-8066 13125 10114 146 286 256
-8001 12974 10166 330 150 282
-8052 12994 10145 431 14 322
-8158 13074 10121 572 -71 312
-8121 13145 10146 724 -162 292
-8064 13289 10120 742 -316 222
-8129 13412 10282 753 -381 307
-8172 13377 10304 628 -457 395
-8250 13308 10262 490 -578 438
-8252 13308 10264 481 -751 266