-5714 10198 14974 184 2129 -363
-6336 10650 15206 -506 2772 -971
-7183 10378 15240 -1596 3073 -1496
-7665 9602 14953 -2463 3270 -1797
-8513 7801 14233 -2115 3872 -1230
-8658 7010 13950 -1051 2870 -1104
-9372 6528 13416 627 1823 -1425
-10108 6570 13132 1985 1028 -1848
-10776 6807 12928 2464 -279 -2610
-10993 6858 12905 2350 -1110 -3882
-11354 6883 12672 1993 -1769 -4940
-11682 7118 12542 1432 -2264 -5926
-11604 7028 12257 331 -3061 -7411
-11341 6780 11741 -1309 -3934 -9250
-10912 6160 11218 -2383 -4320 -10543
-10685 5398 11033 -2441 -4471 -11702
-10412 5042 10786 -2007 -4385 -12774
-10334 4730 10606 -1267 -4292 -13990
-10206 4534 10596 -544 -4121 -15044
-9942 4471 10719 340 -3713 -16285
-9544 4492 10807 1755 -3223 -17885
-9160 4839 10856 2692 -2909 -19276
-9077 5370 10712 3123 -3159 -20004
-8782 5641 10461 3509 -3645 -20490
-8612 6190 10518 3443 -4180 -20947
-8389 7228 10720 2192 -5748 -21804
-7408 7788 10469 100 -7284 -22740
-6418 8140 10255 -1382 -7633 -23454
-5738 9269 10709 -3107 -6087 -24118
-6381 11140 12122 -5414 -3719 -25151
-6929 12524 13845 -9054 -1594 -26553
-6829 12747 15181 -12846 2030 -28113
-6120 11530 15192 -13675 5479 -27835
-5405 9985 14624 -11492 7553 -26269
-5061 8073 13673 -6896 8675 -23225
-4359 6784 12683 -317 7422 -18126
-4201 7182 12744 5949 5578 -13283
-5320 10089 13800 8681 5034 -10397
-6229 12992 14836 8535 4906 -7490
-6180 13322 13830 6638 4467 -4943
-6945 7306 12902 20232 1212 -1990
-8633 10814 13701 31409 -3273 2667
-5371 11009 13507 32767 -9472 9882
-4937 13088 12222 32767 -9908 13207
-7200 15766 15770 32767 -12523 16143
-8100 19660 20457 32767 -19480 18817
-10327 29885 23777 32767 -23222 13943
-3802 32470 21498 19636 -10243 7404
-5630 24400 18544 3344 -7638 709
-2590 20563 11502 -4047 -4111 2208
-4792 14648 8004 -6778 -2693 580
-5782 11630 8289 -6069 -3590 -807
-4836 11916 10614 -3363 -2882 -230
-6836 11091 12767 -3918 -1819 545
-7668 8940 13480 -3603 -1457 881
-7677 9404 13443 183 -1594 1505
-7209 12177 12909 2263 -2279 1740
-5780 14282 12524 -164 -3484 2180
-4589 14257 12308 -945 -3251 3236
-3849 14732 12549 -363 -2873 4681
-3630 15170 13558 538 -2932 5781
-3514 18057 13913 -1250 -1889 7401
-3377 18688 14084 -4920 -788 8413
-3516 19520 13880 -7341 -847 9209
-3210 19344 14498 -10859 -844 11185
-3110 19505 14399 -14973 626 13983
-3097 21252 15168 -12313 1076 14229
-2466 23048 15808 -8808 1589 14088
-2283 25330 16182 -8391 1529 15616
-1802 23844 16530 -5563 2210 17768
-1347 19472 16738 4034 2709 20047
-850 20201 16202 16117 4121 22481
-354 24114 15404 23968 4660 24042
-117 25837 14137 26387 3637 24634
1486 26844 12515 28074 3722 25859
2334 28661 10974 28817 6650 27986
2358 28240 9880 28410 8686 29730
2574 26158 8540 26599 10359 32194
2083 25387 7639 22214 11794 32767
1281 24085 7466 16836 11740 32767
367 20758 6731 11678 10822 32767
238 16666 5962 8568 10562 32767
640 12766 5754 7847 10271 32767
1749 9146 5866 8544 10950 32767
2746 7588 6128 9488 11816 32767
3790 6312 6040 10039 12731 32767
4036 5392 5513 9941 12909 32767
4376 3935 5061 9625 12399 31534
5254 2874 4616 10035 12555 28759
6643 981 4584 10661 12825 25982
7605 275 5103 11401 14496 22300
7248 860 5726 10976 15836 19198
6682 1280 6600 9355 16980 15036
5697 1804 7936 5931 18239 9863
4728 2508 8530 2982 18844 6047
3258 1930 9310 -1608 19048 771
1268 1189 9342 -4773 18490 -4634
56 1074 9584 -4728 17697 -7950
-1409 1068 9534 -3514 16307 -10439
-3924 1079 9504 -2203 13539 -12497
-7607 2340 9774 -1251 10188 -14648
-10214 4004 10052 -1262 7770 -16630
-13818 6282 10435 -2374 5339 -20414
-15822 7329 10606 -2886 4134 -25173
-16609 7417 10994 -2336 4646 -27720
-18345 9241 11837 -769 5259 -29330
-20756 12673 12208 725 4937 -30918
-22038 16236 12017 225 3639 -32401
-22776 19402 11264 -1244 2228 -32201
-22293 20242 11087 -3318 1246 -31230
-21370 20402 10876 -5357 79 -29915
-20900 20257 10369 -5510 -1515 -28774
-20621 21002 10038 -3211 -2577 -28032
-19680 22310 10379 -583 -2190 -26906
-18786 23686 10134 787 -1580 -25979
-18252 25806 9898 1647 -1914 -24632
-16510 27753 9782 739 -2981 -22160
-14726 26988 9155 175 -4100 -19668
-13596 26048 8950 1832 -4414 -18114
-12590 25808 8988 4365 -4462 -16812
-11618 26789 8816 7090 -4538 -15669
-11212 28512 8528 8182 -4749 -14828
-9588 29361 8099 8093 -5465 -13966
-7941 30068 7446 7452 -6309 -12822
-6340 30260 6598 7460 -6925 -11603
-4902 30685 6070 8082 -7219 -10214
-2677 31627 5595 7911 -7241 -7597
-216 31957 5553 6478 -7029 -5010
1661 31970 5738 5019 -6583 -3389
3338 31192 5898 3865 -6312 -2517
5643 30616 5589 3188 -5502 -1375
7594 30220 5356 3171 -3599 599
8654 30236 5806 3096 -1363 2317
9012 29454 6540 1809 247 4509
8377 29030 7445 -708 1617 6482
7977 27188 8278 -4562 2185 7913
7329 25025 8416 -9072 2021 8884
6610 21504 8736 -12400 1047 9485
5681 19010 8682 -13317 -48 10096
5536 16222 8534 -12676 -443 11112
5130 14016 8536 -11132 -591 12341
4393 12565 8857 -9184 -8 12951
3196 12513 9820 -7785 1025 13329
1697 12246 10497 -7289 1888 12863
688 11866 10762 -7943 2428 11915
-53 11168 10765 -9373 2366 10936
-433 9814 10698 -10879 1564 10512
-1233 8248 10748 -11493 55 10474
-2114 7241 10956 -10942 -1518 10536
-2537 6142 11598 -10216 -2856 10286
-2964 6494 11644 -9399 -3247 9533
-3312 6732 12230 -9259 -3559 8820
-3872 7194 12405 -9681 -3201 7799
-4521 7393 12648 -10123 -2879 6755
-4812 7820 12726 -10784 -2236 5753
-5588 8450 12892 -11642 -1702 4809
-5952 8610 12804 -12871 -1610 3893
-6441 8532 12617 -13814 -1889 2880
-6781 8582 12685 -14158 -2057 1899
-6812 8218 12734 -13994 -2095 828
-6613 7758 12990 -13123 -1916 228
-6712 7549 13148 -11435 -1441 -151
-6689 7204 13357 -9126 -646 -404
-6560 7370 13673 -6712 192 -710
-6604 8164 14110 -4792 1044 -987
-6644 9180 14398 -3777 1561 -1351
-6512 9522 14406 -3444 1455 -1709
-6442 9690 14350 -3277 959 -2149
-6214 9897 14384 -3292 359 -2489
-5586 9269 14088 -3495 -849 -2973
-5025 8822 13448 -2671 -1850 -2272
-4180 8465 14070 -2610 -4620 -3578
-3436 9076 13329 -1126 -3315 -3094
-3080 9052 13509 591 -368 -1647
-2964 8972 13965 1135 612 -1282
-3084 9356 14220 1267 -58 -2260
-2957 9656 14017 1617 291 -2665
-2650 10112 14014 1750 1792 -2417
-2586 10678 14102 1628 2742 -2249
-3012 11294 14110 1284 2814 -2376
-2965 11733 14077 902 2533 -2555
-2914 12184 14054 577 2036 -2732
-2629 12160 13890 272 1703 -2589
-2632 12146 14089 -4 1829 -2265
-2933 12254 14368 -450 1868 -1825
-2906 11878 14578 -806 1678 -1749
-2894 11460 14572 -616 1563 -1809
-2326 11052 14534 25 1655 -1659
-1925 11014 14444 843 1709 -1618
-1682 11316 14510 1576 1847 -1491
-1502 11973 14516 1911 2027 -1366
-1476 12186 14512 1758 1920 -1299
-1606 12452 14620 1444 1972 -1222
-2002 12598 14788 913 2025 -1058
-2269 12673 14726 389 1773 -896
-2348 12564 14546 172 1357 -749
-2628 12362 14457 274 1030 -602
-2582 12168 14277 681 564 -617
-2504 12040 14210 1003 128 -486
-2546 12030 14020 1128 -347 -290