-20713 9452 2793 11242 1500 -8520
-20352 9696 2398 10659 655 -7831
-20050 9854 2213 9498 -523 -6978
-19586 9734 2116 8166 -1340 -6241
-19184 9416 2072 7163 -1747 -5580
-18924 9060 2121 6841 -1851 -5080
-18614 8729 2266 7157 -1914 -4843
-18488 9122 2181 8011 -1794 -4733
-18834 10333 2044 8974 -1478 -4587
-18912 10813 1921 10664 -1299 -4156
-18329 11144 2013 12100 -993 -3556
-18312 11952 2110 12475 -921 -2961
-18329 12136 2102 12836 -1188 -2372
-17956 12413 2293 12613 -1505 -1969
-18148 13225 2361 11898 -2229 -1816
-18122 13565 2117 11151 -3230 -1614
-17846 14152 2056 10234 -4054 -1266
-17604 15113 1910 8638 -4692 -864
-17418 15820 1830 7145 -4812 -703
-17588 16708 1530 5896 -4775 -608
-17419 17119 1564 4570 -4898 -611
-17008 16855 2026 3013 -4496 -436
-16945 16346 2596 1758 -4000 -44
-16388 14796 2993 1750 -3720 503
-15978 14190 3145 2477 -3648 1071
-16165 14456 3366 3294 -4117 1926
-16073 15006 3674 3703 -4343 2742
-15674 15314 3646 4336 -4542 3793
-15200 15037 3921 4891 -4598 4604
-15182 15208 3888 5240 -4796 4952
-15085 15345 3950 5522 -5060 5348
-15194 16201 3928 5223 -5146 5803
-15670 16982 4128 4480 -5545 6499
-15569 16934 4474 3653 -6054 7699
-15436 16802 4878 3252 -6572 9277
-15072 16866 5324 3347 -7196 10466
-15172 17822 5710 3479 -7557 11225
-15228 18754 5712 3862 -7909 12281
-15138 19776 5809 4975 -8611 13888
-14749 19673 5517 6329 -9879 15690
-13694 19196 5597 7534 -10769 17497
-13041 19225 5166 8089 -11283 18939
-11840 18856 4994 8747 -11225 19819
-11010 19176 4417 8703 -10956 20295
-10458 18705 4122 8111 -10539 21069
-10102 19554 3785 6429 -9647 22201
-9885 20430 3360 4192 -8600 22904
-9170 19520 3262 3053 -7246 23536
-8587 19615 3205 1944 -5867 24216
-8001 18547 2748 1745 -4611 25174
-7329 17788 2614 1588 -2747 26452
-7197 17310 2397 1421 -1175 27420
-6786 17037 2205 1789 474 27917
-6224 16324 2585 2244 2384 28007
-5570 17078 2548 2124 4546 28043
-4805 17236 2317 1116 7711 28053
-4188 17465 1634 308 11612 28191
-3738 17809 717 528 16010 28648
-4060 16669 342 1796 19777 28945
-4581 17450 112 2475 22010 29921
-4230 17265 329 2028 22121 29779
-4106 16278 1418 872 20924 29520
-4044 16888 1916 -1235 19114 29379
-3418 17702 1894 -4031 17356 29003
-2424 16693 2136 -6004 16444 28814
-1477 15973 2330 -7049 16068 28733
-998 15049 2597 -7134 15945 28565
-650 15410 2613 -6662 15542 28607
-260 15152 2748 -5994 14720 28734
-58 14656 2958 -5348 13621 29159
322 13584 3297 -4515 12180 29630
666 12929 3822 -3592 10359 29664
1386 12954 4249 -3225 8878 28974
1864 12498 4585 -3254 7579 28187
2217 11882 4952 -3345 6700 26939
2586 11676 5234 -3843 5971 25505
3409 10981 5669 -4417 5437 23926
4170 9697 6101 -4171 5215 22628
4470 8724 6298 -3211 4918 21275
4885 7744 6653 -2158 4442 19925
5454 7282 6825 -1112 4160 18263
6044 7525 6505 446 3653 16471
6273 7870 6305 2012 3008 14323
6297 8202 5946 3580 2145 12122
6612 7560 5864 4920 1382 10217
6642 7313 5956 5612 957 8598
6361 6714 6170 5130 941 7124
5714 7981 5654 3778 1080 5330
5294 9221 5174 2708 335 3208
5112 9556 5132 1951 -576 1260
4309 9865 5041 1153 -1772 -597
3518 9910 5036 14 -2941 -2094
3160 9410 5201 -1093 -3631 -3399
2918 8820 5217 -2171 -3430 -4626
1736 9487 4671 -2443 -3296 -6277
1124 10102 4289 -1245 -3228 -8536
861 10656 4045 61 -2368 -10579
-310 12606 3780 1050 -1715 -11411
-1212 14782 3385 2121 -1730 -11265
-2178 17456 2316 2168 -1572 -11318
-1792 19097 1752 2472 -1647 -11843
-1417 19390 1628 3163 -1699 -12331
-1409 19857 1549 3632 -2447 -11931
-856 19382 2001 3200 -2381 -11878
-802 20174 1768 1148 -1826 -11820
70 20536 1735 223 -1386 -12002
1133 20556 2061 656 -802 -12814
1352 20568 2385 1335 -464 -13073
1010 21270 2508 1746 -762 -12051
1526 21857 2806 1839 -1294 -10813
2772 21034 3401 1992 -1427 -10589
3213 20929 3565 1402 -905 -10914
3145 20533 3449 1297 -603 -10886
3258 20774 3378 1608 -425 -10052
3276 21877 3256 2002 -462 -9187
3274 22981 3136 2078 -452 -8309
3849 23146 3297 2050 -451 -7803
4297 22813 3286 1994 -546 -7588
4528 22484 3461 1784 -679 -7536
4969 22321 3526 1318 -894 -7672
4778 21380 3789 670 -170 -7058
4662 21317 4085 829 -489 -6148
4452 21236 3882 1365 -1156 -5474
4642 21338 3834 2283 -2006 -4747
5048 21269 3914 3030 -2475 -4418
5418 21400 4057 2917 -2505 -4324
5338 21484 4038 2031 -2266 -4154
5284 21393 4028 970 -2061 -4073
4984 20925 4004 -2 -1868 -4109
4704 20649 4010 -925 -1825 -3853
4294 20096 4121 -1684 -1841 -3649
4080 19486 4186 -2036 -1818 -3490
3644 19038 4208 -1962 -1969 -3479
3246 19191 4286 -1821 -2386 -3318
2856 19563 4323 -1779 -2873 -2847
2834 19590 4266 -1895 -2568 -2675
2425 19905 4117 -2095 -2298 -2774
2100 20089 4034 -2434 -2146 -2938
1930 19874 4024 -3000 -2032 -3225
1569 19752 3912 -3463 -1936 -3402
1238 19848 3809 -3900 -1975 -3055
1101 19868 3750 -4434 -1998 -2934
856 19677 3813 -4626 -2071 -3028
449 19486 3954 -4431 -2367 -2976
156 19509 3966 -3997 -2889 -2561
394 19525 3944 -3400 -3014 -2103
382 19704 3897 -2905 -2713 -1895
316 20012 3814 -2383 -2379 -1750
252 20192 3806 -1914 -2135 -1563
8 20157 3798 -1400 -2017 -1110
212 19841 3734 -810 -1895 -538
441 19550 3778 -187 -1794 -98
525 19414 3898 286 -1806 117
657 19506 3928 442 -1908 179
673 19504 3974 220 -2071 176
753 19370 3980 -191 -2139 225
898 19189 3917 -626 -2168 386
1266 18960 3897 -757 -1945 275
1362 18678 3772 -659 -1654 219
1480 18704 3745 -453 -1389 313
1533 18738 3660 -264 -1186 354
1590 18700 3781 -204 -979 422
1649 18686 3777 -371 -645 419
1694 18738 3793 -522 -368 453
1840 18550 3781 -840 -48 516
1878 18353 3765 -989 200 562
1906 18168 3865 -1063 339 503
1902 18097 4022 -1154 269 419
1969 18058 4089 -1204 234 318
1978 18052 4152 -1228 180 219
1985 18069 4182 -1250 239 209
2005 18089 4232 -1275 407 266
1969 18058 4277 -1297 692 285
1868 18038 4304 -1224 879 168
1820 17989 4389 -1037 1008 118
1766 18070 4445 -875 1082 109
1618 18210 4505 -839 1065 185
1585 18404 4536 -963 1094 238
1553 18510 4665 -1208 1115 154
1489 18506 4654 -1439 1092 78
1380 18370 4757 -1484 978 104
1232 18356 4742 -1440 822 168
1401 18368 4825 -1327 733 209
1428 18544 4784 -1313 768 257
1336 18654 4789 -1364 729 297
1349 18624 4898 -1535 787 294
1245 18265 4908 -1602 705 277
1262 17740 4846 -1332 476 296
1389 17332 4804 -863 289 326
1417 17294 4732 -315 74 335
1362 17620 4737 89 -48 353
1460 17865 4642 259 -232 332
1702 18097 4494 104 -208 158
1941 18168 4459 -42 18 23
1848 18194 4425 -166 29 -56
1910 18256 4475 -217 -125 -9
2013 18528 4546 -365 -175 36
2112 18743 4570 -554 -48 67
2162 18809 4634 -770 183 126
2100 18728 4709 -880 274 116