-117 3778 6148 -5577 5884 -16755
-1193 3009 6224 -6512 4649 -18003
-2554 3742 5812 -5082 3830 -18713
-3921 5222 5597 -2948 3785 -19191
-5154 6592 5298 327 3796 -20087
-5982 7325 5208 3736 3982 -21863
-7328 8837 4529 7034 3723 -23490
-7682 9804 4450 9107 4293 -24636
-8033 11602 4146 9763 5627 -25564
-8992 13260 3978 8501 6858 -26040
-9830 14522 3854 6669 7425 -26918
-10781 15365 3836 4451 7103 -28551
-12102 15613 3802 3325 5394 -30105
-13125 15809 4498 1133 3228 -30892
-14437 16654 4857 -2209 2759 -30516
-15721 17968 4874 -4902 2155 -30198
-16936 18282 5114 -6945 2021 -29713
-17430 18752 5545 -7140 1071 -30186
-17672 18725 6012 -5669 635 -30710
-17966 18309 6442 -4250 1755 -30952
-18772 18250 6718 -3554 3339 -30920
-20302 18636 6826 -2043 4751 -30461
-21236 19670 7136 -875 5468 -29650
-21754 21038 7440 748 4255 -28802
-21609 20592 8016 1140 3788 -27847
-21746 20230 8018 1386 3714 -26966
-21801 20060 7858 1388 3098 -25837
-21717 20080 7830 1630 2457 -24466
-21745 20065 7806 2170 2142 -22845
-21772 19901 7536 2642 1711 -20860
-21468 19508 7602 3514 2031 -18542
-21512 19376 7348 5153 2017 -16700
-20810 19348 7167 6788 2513 -15110
-20292 20084 7061 8733 2597 -13400
-19878 20544 7094 10431 2372 -11994
-19482 20442 7176 10757 2601 -10572
-19468 20404 7210 10611 2329 -9358
-19586 19729 7048 10638 1335 -8084
-19416 19658 6969 9768 103 -6984
-19698 20529 6453 9726 -835 -5572
-19121 19710 6278 9784 -2066 -4505
-18564 19218 5908 10114 -2706 -3516
-18366 19249 5410 10755 -3560 -2648
-17977 19390 4670 11542 -3933 -1709
-17672 20040 4069 11880 -3805 -865
-17514 20588 3626 11776 -3438 -220
-17034 20553 3632 11515 -3239 82
-16750 21198 3782 10172 -2513 498
-16916 22050 3605 9051 -2464 1255
-16432 21300 4014 8207 -3016 2025
-16069 21000 4074 7594 -3623 2695
-15541 20280 4201 7584 -4822 3593
-14634 20066 4381 8012 -6063 4657
-13666 20197 4594 8609 -7053 5493
-12322 20300 4976 8448 -7143 6053
-12233 21309 4992 8077 -7123 6194
-11914 22204 4594 8354 -7530 6601
-11213 22284 4572 9016 -7955 7390
-10416 21909 4518 9080 -8267 8186
-9734 21662 4553 8871 -8242 8688
-8940 21858 4474 8723 -8114 9515
-7876 21240 4673 8844 -8293 10355
-7336 21600 4316 8647 -8260 10794
-6988 21741 4353 7946 -8286 11340
-6128 21754 3978 7055 -7807 12107
-5640 21873 3869 6298 -7759 13171
-5061 21460 3670 5853 -7680 14166
-4445 20018 3569 5655 -7643 15065
-3961 19493 3464 5089 -6952 15569
-3900 19850 2989 4244 -6208 16068
-3477 19664 2889 3416 -5390 17094
-3421 19626 2716 2527 -4746 18358
-3205 19140 2538 1524 -4219 19626
-3212 18864 2617 714 -3533 20621
-3030 17940 2396 457 -3209 21285
-2242 16376 2692 486 -2795 22469
-1857 15968 2396 588 -2536 23457
-1286 14670 2296 788 -2059 24447
-741 13636 2270 967 -1463 25184
-692 13761 2290 1076 -991 25885
-664 14198 2237 1101 -673 26141
-202 14026 2236 240 -512 26285
-200 14768 2249 -840 280 26344
78 13998 2448 -1899 461 26422
858 12536 2834 -2351 1006 26599
958 11533 2965 -2517 1082 25920
1334 10502 3324 -2193 1737 25207
1197 11341 3234 -2162 2093 23817
1652 11213 3601 -1588 2059 22979
2036 11644 3834 -748 2254 22416
2069 11869 3714 -288 2356 21999
2912 11768 3945 -141 2705 21052
3408 12022 3952 228 3181 19825
3396 12437 3953 710 3567 18500
3832 12552 4105 825 3810 17265
4364 12208 4288 490 4377 16147
4526 12090 4474 103 5029 14910
4713 12110 4373 -58 5844 13326
4578 12389 4465 -120 6519 11819
4109 14020 4492 -387 6957 10438
3518 15642 4302 -730 6931 9218
3014 17176 4220 -1407 6832 8175
2830 18141 4138 -1672 6108 7068
3100 18005 4072 -1570 5445 6208
3401 17626 4372 -1281 4873 5925
3788 17422 4550 -1147 4825 5954
3408 17825 4809 -1487 5274 5900
2922 18550 4966 -1730 5330 5745
2897 18424 5288 -696 4846 5668
2921 18121 5520 305 4483 5405
2814 17874 5538 1109 4172 5215
3062 17082 5768 1779 4055 4976
3212 16302 6001 1953 4118 4516
3434 15558 5984 2231 3909 3964
3480 15296 6034 2308 3641 3393
3228 15705 5981 1853 3109 2815
3206 15962 5914 1169 2440 2410
3405 16045 5964 376 1664 2220
3380 16198 5882 -293 809 1972
3521 16194 5778 -663 38 1693
3778 15776 5657 -196 -823 1315
4014 15706 5645 592 -1404 1252
3844 16258 5421 984 -1808 932
4233 17038 5288 1589 -1895 860
4572 17236 5262 2226 -1961 748
5024 17453 5162 2707 -1933 674
5451 17471 5037 2955 -1616 592
5670 17465 4982 2732 -1056 541
5657 17726 4925 2363 -548 562
5538 18177 4868 1883 -335 723
5650 18354 4881 1166 -171 949
5800 18288 4917 439 -62 1171
5926 18032 4980 -162 43 1242
6085 17622 5045 -385 52 1339
6197 17278 5206 -364 22 1440
6298 16936 5289 -196 -29 1483
6253 16733 5338 26 -121 1424
6316 16570 5396 244 -315 1237
6654 16385 5405 227 -421 1035
6673 16313 5284 125 -463 853
6750 16198 5213 -50 -640 661
6921 16076 5220 -137 -774 479
6844 16116 5050 -122 -1013 370
6906 16154 4902 -6 -1309 359
6984 16346 4797 38 -1428 327
7073 16574 4680 7 -1374 224
7110 16885 4510 -67 -1248 85
7200 16862 4440 -115 -1106 114
7308 16822 4389 -220 -863 191
7382 16725 4376 -329 -657 269
7393 16588 4305 -284 -573 383
7438 16494 4265 -234 -615 400
7484 16360 4268 -107 -690 261
7493 16274 4272 -104 -682 -32
7493 16302 4089 36 -652 -109
7598 16376 4048 202 -511 -32
7661 16414 3932 303 -292 -17
7667 16254 3892 433 -48 -58
7536 16176 3782 365 117 -48
7515 15976 3684 276 293 -170
7556 15696 3604 312 496 -313
7604 15735 3504 333 662 -524
7578 16156 3496 288 930 -643
7556 16490 3575 202 1089 -581
7694 16684 3896 -29 1314 -644
7548 16748 4054 -328 1525 -721
7249 17037 4297 -455 1482 -729
7203 17184 4537 -416 1355 -552
7189 17414 4581 -278 1190 -416
7266 17496 4690 -156 1104 -355
7281 17502 4816 -89 1111 -256
7209 17416 4818 -43 1111 -171
7161 17340 4805 -33 1128 -63
7193 17181 4854 44 1065 -33
7221 16911 4803 111 967 88
7216 16880 4765 68 849 118
7178 16744 4724 -68 774 196
7156 16630 4735 -226 510 277
7324 16285 4760 -311 309 284
7258 16125 4648 -409 290 127
7196 16144 4674 -404 277 -77
7090 16160 4616 -317 211 -103
7078 16167 4646 -189 161 -88
7087 16165 4607 -55 177 -18
7151 16143 4622 35 168 -63
7282 16026 4578 57 100 -169
7190 15922 4591 55 -10 -261
7212 15990 4608 81 -166 -323
7062 16241 4542 193 -234 -409
7010 16612 4430 269 -502 -472
7143 16861 4179 448 -510 -454
7345 17077 4082 519 -271 -477
7460 17233 3890 436 -56 -419
7545 17249 3869 361 146 -405
7570 17020 3854 -41 474 -292
7550 17097 3708 142 521 -456
7572 16866 3622 227 637 -497
7550 16858 3561 388 710 -496
7610 16980 3458 576 726 -411
7576 17073 3330 660 816 -226