-18062 18789 2404 8265 14176 -32195
-19885 20241 2677 6438 14047 -31475
-20790 19597 3058 3984 13388 -31398
-21908 18512 3793 2497 11508 -31485
-22489 17598 3966 1884 8552 -31123
-23517 17485 4377 2178 5346 -29680
-23726 17934 4536 3134 2414 -27571
-23462 18348 4194 3865 1633 -25673
-23070 19064 3811 5285 1501 -23443
-22572 19422 2912 8410 576 -21355
-21656 18993 2339 12392 -988 -20019
-20245 16888 2165 14371 -1329 -19425
-19857 13924 2080 15956 -666 -19512
-19351 13057 1244 16118 35 -19884
-19474 14349 792 14710 129 -19735
-20040 16104 465 13621 -299 -18935
-19854 17652 280 12206 -134 -18175
-20004 18502 -42 11807 234 -16969
-20637 19502 12 11913 -9 -15619
-20869 20308 -209 11976 -981 -14246
-20562 20049 -213 12246 -2591 -12627
-20018 19737 -90 12809 -3798 -10946
-20201 20991 -432 12738 -5050 -9182
-20117 22114 -676 12576 -6243 -6936
-19392 21841 -816 13509 -6871 -4532
-18740 21621 -1272 15577 -6859 -2029
-18512 21941 -1720 17481 -6258 429
-18244 22264 -1926 18673 -6110 2027
-17956 22891 -2387 18887 -5692 3942
-17613 23641 -2865 18742 -5512 5472
-16994 23781 -3038 18185 -5237 6572
-16558 24284 -2830 16582 -5005 7368
-16772 25204 -2898 12708 -4671 8264
-16354 24333 -2636 9036 -5229 9032
-15504 22893 -2238 7513 -6230 9690
-14672 22172 -1924 6706 -7079 10478
-13908 21757 -1607 4991 -7686 11338
-13377 21660 -1352 2950 -7664 11797
-12876 21522 -998 2366 -7670 12106
-12513 21258 -725 2773 -8010 12682
-11986 20706 -429 2991 -8091 13753
-11205 20196 -178 3597 -7739 14771
-9834 19194 130 5169 -6662 15611
-9081 19884 206 6327 -5490 16621
-8750 20605 438 6341 -4546 17320
-8098 20610 609 5779 -3615 17764
-7729 20149 741 4779 -2731 18211
-6961 19852 977 3735 -2105 18384
-6308 19601 1158 2294 -1120 18386
-6182 19842 1196 656 -577 18319
-6100 19692 1264 -1397 137 18063
-6052 19324 1476 -3288 791 17565
-5909 18440 1605 -4545 1300 17399
-5894 17773 1817 -4989 1437 17858
-5698 16542 2122 -5088 1519 19006
-5512 15489 2250 -4516 1594 20338
-5812 14616 2284 -3727 1804 20925
-5728 13920 2645 -2619 1859 20557
-5714 14340 2708 -2086 1374 20003
-5718 15420 2677 -2698 120 19600
-5118 15132 2534 -4359 -1185 19459
-4793 14929 2100 -6223 -2140 19439
-4633 14388 1674 -7657 -3017 18915
-3941 13596 1341 -8052 -3638 18411
-2837 12484 1276 -6920 -3853 17830
-2130 12032 1132 -5782 -2918 17629
-1056 12310 1389 -4808 -1659 17483
-346 11074 1762 -2997 -304 18495
616 9821 2013 -558 1714 19641
1182 9405 2149 2005 3287 20215
2257 9594 2370 3918 4721 20383
2622 10661 2354 4814 5446 20070
2772 11810 2330 4089 5490 19250
2400 12520 1868 2758 4503 18091
2786 12036 1762 1582 3461 16805
3314 12154 1614 966 2876 15182
3789 12292 1836 232 3126 13622
4056 12925 1785 -116 3803 12500
4178 12973 1921 -124 4923 11934
4180 13276 1824 230 6092 11181
3986 13684 1808 778 6706 10051
3522 14560 1497 1565 6577 9032
2972 15522 1009 2382 5809 8199
2765 16313 749 3106 5055 7754
2604 16908 609 3873 4459 7256
3232 17137 540 4535 4475 6771
3872 17237 557 4737 5283 6257
3550 17636 462 3903 6555 6156
3056 18158 486 2579 7397 5991
3122 17926 934 899 8467 5628
3081 17436 1284 -448 9434 5231
2734 16889 1384 -1129 9995 4588
2430 16733 1328 -1236 10058 3787
2530 16906 1428 -1060 9814 3054
2698 16796 1929 -951 9381 2663
2374 16390 2209 -822 8859 2215
1461 16317 2094 -668 8042 1548
1758 15734 2262 -208 7134 995
2258 14955 2749 396 6788 680
2609 14824 3068 317 7207 198
2029 14926 3422 -395 7485 -488
1400 15194 3382 -853 7053 -777
1600 15050 3784 -1090 6340 -838
717 15624 3546 -1238 5671 -1449
-976 17206 2742 -847 4172 -2765
-653 17808 2376 470 2439 -3588
110 19032 1978 1561 1671 -3736
1185 19069 2596 1856 1448 -3584
796 19878 2344 1667 1928 -3250
828 20314 2490 933 2522 -3071
650 20100 2658 618 2961 -3035
776 20186 2789 210 3461 -2981
53 20798 2828 -97 3543 -2996
-6 21077 2822 -180 2985 -2842
274 21002 2865 -57 2043 -2442
654 20741 2872 427 1524 -2130
780 20712 2721 1167 1146 -1950
996 20653 2920 1807 1053 -1709
781 21222 3044 1882 946 -1334
978 21542 3156 1486 834 -923
1316 21314 3345 572 993 -677
1614 20750 3630 -266 972 -711
2098 19860 3757 -699 976 -603
1949 19256 3618 -726 887 -497
1724 19116 3541 -393 427 -340
2089 18779 3480 434 44 -202
2220 18938 3296 1231 -116 -123
2361 18949 3206 1625 -84 16
2281 19210 3124 1595 -21 128
2245 19396 2868 1374 -3 181
2188 19400 2641 1254 -63 300
2420 19377 2558 1160 -198 438
2504 19258 2510 944 -281 539
2462 19254 2305 734 -393 547
2608 18921 2321 747 -469 678
2761 18781 2345 870 -420 799
2640 18860 2218 1024 -422 923
2596 19030 2166 1180 -477 926
2828 19017 2178 1141 -311 814
2926 19038 2278 959 -28 666
2816 19084 2258 682 221 469
2790 19016 2273 415 380 413
2668 18968 2310 148 349 467
2733 18933 2484 -11 374 485
2532 19056 2429 -144 286 466
2638 19136 2448 -305 194 490
2668 19078 2478 -512 228 418
2702 18914 2501 -625 258 244
2860 18866 2553 -731 333 148
3010 18659 2472 -821 464 69
3016 18448 2450 -973 599 -76
3153 18266 2401 -1027 752 -222
3277 18153 2393 -1067 976 -334
3078 18189 2253 -1021 1093 -442
3100 18100 2336 -1095 1294 -568
3001 17917 2245 -1189 1689 -869
2828 18178 1945 -915 1834 -947
2848 18189 1913 -717 1919 -960
2854 18392 1752 -451 1994 -918
2812 18492 1733 -240 1952 -827
3021 18833 1700 -276 2020 -846
2849 18922 1829 -356 1972 -730
2738 19014 1924 -415 1730 -464
2762 19034 2022 -727 1549 -148
2781 18890 2120 -874 1310 88
3062 18764 2244 -968 1267 123
2961 18640 2304 -902 1362 13
3121 18530 2484 -722 1425 58
2976 18596 2517 -538 1580 104
2890 18640 2550 -265 1585 245
2809 18684 2737 -122 1495 455
2800 18821 2770 -130 1437 573
2830 18821 2777 -218 1372 576
2864 18748 2788 -313 1292 491
2949 18604 2868 -361 1292 520
3046 18509 2910 -418 1344 413
2950 18616 2886 -572 1429 247
2930 18529 2829 -559 1433 224
2872 18561 2849 -359 1229 185
2877 18765 2700 -311 1108 235
2912 18788 2729 -394 861 371
2784 18641 2692 -396 641 472
2921 18612 2569 -241 396 499
3132 18302 2497 -247 434 416
3228 18307 2376 -43 513 392
3090 18462 2202 -22 553 198
3034 18641 2164 -221 512 -35
3196 18646 2049 -521 523 -73
3214 18448 1980 -671 663 -56
3320 18342 2030 -536 691 75
3250 18297 1996 -365 768 162
3108 18432 2090 -308 875 158
3037 18526 2169 -513 907 143
3072 18432 2191 -764 991 77
3053 18346 2241 -740 997 -36
3174 18132 2244 -619 1030 -69
3101 18185 2337 -160 891 31
3128 18101 2354 -177 1022 -80
3178 18134 2380 -276 1304 -125
3120 17918 2313 -560 1438 -261