-25338 11673 8688 3077 28 10097
-26818 12225 8390 4090 -490 11789
-28152 11826 8673 5079 -1315 13422
-28628 12102 9101 5449 -1772 14932
-28556 11657 9064 5718 -2584 16442
-28316 11157 9066 5926 -4028 17821
-27676 11285 9256 6295 -5908 19140
-27086 12518 9166 6352 -8518 20373
-26116 13384 9072 6066 -11080 21486
-24838 13596 8802 6302 -12976 22465
-22845 13650 8434 5895 -14717 23104
-20452 14317 7846 6161 -15989 24171
-18188 14679 7354 7410 -17177 25700
-15850 16605 6924 8233 -17888 27979
-15456 17776 6706 8485 -18013 29790
-13500 18197 6122 9184 -17997 32029
-10764 17239 5024 11603 -16963 32767
-6690 14177 4108 15112 -13739 32767
-4920 13442 3378 17893 -10362 32767
-4162 13100 2764 19243 -6971 32767
-3548 12593 2096 21188 -3133 32767
-2830 13573 1493 22152 710 32767
-1814 12601 1350 23050 3578 32767
-1410 12910 1308 21906 5392 32767
-1625 12454 1058 19063 7649 32767
-450 10136 1234 15844 9616 32767
121 9618 1185 12038 11456 32767
-104 9776 1124 9808 11751 32767
244 9528 1196 7039 11113 32767
694 9534 1466 2393 10388 32767
2128 7774 1885 -589 9790 32767
3136 6764 2177 -2347 10183 32767
3988 6608 2266 -2488 10178 32767
4972 7000 2257 -1736 10268 32767
6046 7064 2326 -766 11060 31367
6720 8246 2194 599 11651 28777
6992 9956 1877 3985 11912 25885
7348 10984 1988 5606 12581 23899
7492 12221 1669 6336 13021 22147
8340 12426 2101 6761 14030 20208
8866 12457 2042 6289 15041 18418
8805 12369 1736 5285 15924 16372
9254 11147 1984 4359 16687 14258
9034 9426 2636 3745 17085 12850
8444 8112 3070 3629 16824 12089
7369 6465 4182 4006 16373 11734
7644 5164 5664 4606 14644 10501
6722 4890 5762 4238 13271 8297
7437 4242 6408 4221 12060 4589
5564 5505 6600 4474 10578 -667
2100 8396 5657 7711 7279 -4233
2944 11868 4756 10792 5866 -5764
2644 15906 3856 15142 4625 -5535
3352 17548 4308 18455 2856 -4838
4282 18623 4411 17988 3795 -4087
4189 17830 5062 14646 5861 -4765
3894 14082 6048 10996 7441 -7392
3788 11448 6406 9623 7769 -9950
2904 8298 6679 8426 7542 -13842
1440 7560 6344 6904 7154 -16153
-302 5896 6771 7780 4461 -17151
-1868 7917 5361 6903 785 -16805
-2551 8628 4444 5285 -2870 -17110
-2364 9027 3293 2759 -4430 -19573
-2712 9982 2680 -642 -4247 -22545
-3794 10758 2166 -3010 -3603 -24025
-5496 12029 1565 -4569 -3453 -24255
-6580 13152 1196 -4781 -3992 -24150
-8479 15782 834 -3856 -5958 -23868
-8117 17988 845 -2647 -7461 -24298
-7626 19116 984 -2346 -6801 -25051
-7808 20203 1194 -2061 -5081 -25317
-8312 21478 1217 -2012 -3106 -25447
-8804 21778 1394 -2081 -1649 -26017
-10760 23509 1510 -2567 -1223 -25473
-11750 25105 1560 -1915 -3131 -24245
-11408 24746 2097 -2016 -3760 -24085
-12036 26110 2221 -2339 -4887 -23612
-11909 27301 2447 -2807 -5754 -22609
-11832 28004 3007 -3002 -5133 -21753
-12068 29188 3156 -3067 -4208 -20707
-12420 28973 3283 -1513 -4108 -19320
-12649 28441 3574 1480 -4198 -17486
-12288 28029 3802 4465 -4696 -16202
-11816 27986 3910 7020 -4832 -15185
-11321 27657 3977 8182 -4659 -13999
-10649 27197 3984 8536 -4432 -12490
-9871 25409 4005 8219 -4252 -11385
-9560 23548 3933 7896 -5108 -10683
-9423 23150 3145 7751 -6698 -10434
-8960 23474 2200 7910 -8032 -10256
-8463 24188 1291 8075 -8330 -9759
-8364 25333 381 8205 -8093 -8993
-8189 26357 -172 8121 -7543 -8361
-8040 27696 -776 7139 -6418 -7625
-8036 28572 -1108 6350 -5842 -6600
-7465 28530 -1096 6064 -5640 -4883
-6432 27588 -313 5687 -5285 -3172
-5645 26758 273 5577 -5168 -2340
-5489 26629 1038 5522 -5352 -1168
-5620 27040 1625 4749 -5654 323
-5336 26893 2041 4140 -6221 1255
-4777 26729 2428 3443 -6747 1636
-4393 26992 2150 2527 -7172 1804
-4054 26697 1982 1945 -7481 1986
-4032 27018 1508 604 -7132 2389
-3764 26986 1266 128 -7241 2824
-3248 26480 907 277 -7443 4490
-2773 26358 590 588 -7827 7016
-1623 25298 1017 1321 -7707 9114
-869 25146 1170 1759 -7003 11512
-364 25189 1266 1332 -5959 13125
-262 25362 985 679 -4604 13919
-252 25219 654 715 -3717 15331
375 23482 613 383 -2652 17421
116 22670 196 194 -2183 19148
294 21474 -6 875 -2093 20718
1150 18900 168 2873 -2228 22594
1736 16866 -84 3370 -1575 23796
2032 16397 -384 3962 78 24787
1503 15806 -528 4313 1792 25984
1398 14854 -312 4024 3363 27046
726 13784 153 2893 4131 27874
974 11613 839 1463 4778 27499
1293 10154 1358 754 4854 25874
1834 9548 1730 429 4780 24123
1948 10128 1850 -50 4916 22161
2404 10185 2181 -591 4851 20930
2517 10757 2297 -1158 5044 20044
2918 10631 2308 -670 5073 18712
3308 10317 2425 595 5159 17024
3661 10860 2606 1518 5575 15082
3904 11865 2720 2264 6150 12107
4336 12297 3120 1712 7062 9344
4256 12932 3202 1047 7367 7949
3981 13080 3299 340 7286 6976
3474 13068 3497 -572 7220 6045
2974 13781 3590 -1295 6462 4772
2876 14056 3572 -1661 5614 3476
2632 14919 3498 -926 4386 2132
2560 16089 3210 -95 3128 454
3396 16322 3145 1261 2470 -384
3533 16850 2909 2665 2059 -593
3685 17398 2904 3184 1892 -374
3904 17756 2952 2649 2345 138
4277 17506 3049 1459 3020 423
4557 17057 3201 540 3368 522
4596 16978 3280 -464 3690 445
4765 16685 3473 -1206 3692 22
4942 16373 3608 -1616 3495 -233
4974 16188 3717 -1648 2879 -445
5122 16046 3749 -1438 2095 -589
5024 16344 3702 -1207 1448 -952
5098 16398 3638 -813 883 -1314
5156 16617 3444 -73 183 -1648
5450 16896 3362 595 -230 -1733
5375 17463 3070 1219 -519 -1727
5646 17756 2844 1773 -703 -1685
5702 17986 2698 2009 -798 -1595
5921 18120 2651 1827 -696 -1210
5988 18526 2401 1239 -364 -863
6194 18501 2404 674 -112 -824
6251 18394 2376 140 145 -686
6379 17994 2530 -111 296 -406
6136 17996 2682 -306 323 -140
6413 17843 2780 -184 96 -9
6585 17873 2834 -307 74 -76
6678 17726 2759 -611 186 -239
6764 17325 2649 -534 306 -350
6776 17060 2624 -256 530 -540
6838 17004 2508 84 795 -784
6978 17132 2556 -80 1218 -1066
6878 17338 2474 -589 1605 -1415
6837 17357 2528 -1289 1837 -1714
6592 17391 2522 -2273 2076 -1935
6500 17271 2495 -3051 2062 -1859
6230 17018 2572 -2973 1925 -1656
6165 16948 2633 -2047 1428 -1280
6028 17016 2750 -976 788 -785
6046 17482 2730 -78 273 -403
6180 17904 2737 731 -133 -418
6372 18172 2659 941 -96 -596
6409 18341 2701 744 201 -681
6345 18413 2704 304 531 -574
6331 18403 2654 -332 700 -383
6336 18022 2741 -757 620 -124
6220 17683 2802 -719 484 64
6221 17535 2876 -227 404 234
6152 17551 2819 254 444 179
6328 17537 2877 559 564 132
6248 17677 2849 598 657 62
6438 17376 2870 467 768 65
6385 17096 2884 354 922 114
6332 17032 2948 307 834 49
6255 16971 3089 166 706 -56
6185 17060 3074 -249 432 -211
6176 16961 3052 -404 307 -279
6246 16717 2939 -129 96 -288
6263 16800 2684 354 -97 -451
6330 16854 2612 808 -277 -637