-9736 7680 12691 -7318 -4230 -14200
-9248 7252 12480 -8370 -4488 -14944
-9206 6838 12360 -8635 -5003 -15788
-9001 6616 12270 -8830 -5465 -16919
-8406 6673 11914 -9169 -5430 -18161
-8204 6618 11578 -9231 -5443 -19298
-7745 6800 11613 -9342 -5814 -20810
-7014 6886 11476 -9689 -5801 -22167
-6253 7765 11781 -9724 -5549 -23562
-5274 9070 12184 -10339 -5456 -25561
-4440 10220 12360 -11312 -5084 -26742
-4474 12529 13210 -13700 -4405 -27762
-4620 14949 14236 -17955 -3697 -28587
-3696 14858 14642 -21023 -3432 -29156
-2317 14573 15186 -22825 -2499 -29187
-1405 14094 15540 -22737 -1248 -28170
-810 12450 15500 -20715 -126 -26150
-334 10622 15282 -16966 557 -23888
-1076 8466 15415 -10828 751 -20072
-1873 8862 16796 -2865 1883 -15830
-3013 10065 17778 2440 2361 -12918
-3530 10508 17946 5535 2506 -10969
-3885 10800 17618 7757 2368 -9129
-3995 11218 16832 9651 1921 -6436
-3876 11410 15768 10395 1068 -3457
-4038 11749 15148 11054 591 -1580
-4782 12154 15202 11213 29 -795
-5288 12864 15722 10392 -61 -455
-6513 13093 16299 12968 -731 -474
-5501 7980 21033 30006 -2722 -4336
-6472 7186 22028 32767 1572 -3724
-7089 16957 23156 32767 2321 6048
-7434 27352 22184 31250 2768 7402
-8490 24766 20000 18534 -332 5683
-9276 22192 16615 -2736 -5614 5103
-7696 17680 14104 -14269 -10599 2631
-6759 14042 12690 -16935 -13250 1413
-5421 10026 12118 -15699 -12206 -203
-4383 6439 12213 -12721 -8703 957
-3836 4514 12433 -9238 -4815 3376
-4053 3895 13547 -5416 -1434 4418
-3768 4117 14465 -1189 950 3456
-4000 3637 15238 3040 2119 2293
-4213 5326 15765 5782 2400 2781
-4128 6304 16128 7341 2375 3157
-3803 7718 16523 8103 1655 3003
-3900 9280 16636 7064 463 2188
-3589 10144 16306 5799 -857 1536
-3638 10434 16025 4440 -1982 1693
-3532 11215 15674 3929 -2259 1881
-3709 10992 14892 4036 -1791 2407
-3542 10150 14862 5192 185 4257
-3088 9952 14756 6087 3006 6018
-3832 10204 15130 8163 8898 8466
-4828 13828 17234 9300 7113 7835
-6368 12461 15673 9988 8342 8868
-8832 16428 15575 14582 8907 9699
-10492 23666 16918 24003 10418 9433
-9296 30438 17397 24926 7539 9440
-7631 31075 16539 26652 7447 14484
-6562 32643 14788 27332 5241 19571
-4058 32767 13430 26077 3023 23384
-804 32767 12366 25790 2182 26973
856 32767 11248 26115 3167 30920
2630 32767 9888 26035 6642 31958
2898 32767 8432 22662 8922 32493
3324 31990 7221 16828 9923 32767
4033 27241 6404 9547 9864 32767
3781 23678 6185 4861 10119 32767
4766 20644 6112 1492 10626 32767
5513 17314 5431 -756 11327 32767
5127 12093 3639 -1334 11374 32767
5406 9348 2316 885 11442 32767
5608 8515 2167 3376 12243 32767
5612 8244 2812 4207 12766 32767
4740 7968 3077 3380 12870 32767
4085 7245 3248 1012 11967 32767
3506 5323 3240 -3546 11505 32756
2994 1257 3137 -6055 11807 31982
2248 -1111 3546 -3970 12957 29159
2381 -2974 4264 1575 15170 21603
2501 -3108 5490 7326 19548 12055
1037 -2102 6959 9983 22900 4628
-1174 -1619 7552 9799 22734 -917
-3971 -620 8122 8250 19888 -5998
-6769 190 8997 5797 15945 -10757
-8696 333 9714 3152 12654 -14313
-10629 828 10350 334 9996 -16862
-12226 929 10872 -2758 7971 -19246
-14289 1029 11248 -5396 6775 -21796
-15676 944 11436 -6926 6230 -24220
-17268 624 12171 -7789 6536 -27103
-18373 180 13004 -7987 7915 -29576
-19693 -393 13620 -6370 10033 -31463
-21774 920 13372 -3689 11213 -32643
-24122 3752 12396 -739 10903 -32768
-25432 7008 11211 2937 10186 -32768
-25961 9053 10596 7763 10256 -32768
-26274 9928 9978 12863 9651 -32768
-26949 13608 8742 20545 9750 -32768
-28517 23032 8212 24853 10718 -31484
-29114 30514 8238 20627 9568 -29845
-27886 32767 7889 11958 6558 -28828
-25329 32706 6759 2876 2594 -27321
-23361 31548 5446 -525 -316 -24628
-21864 30126 4968 631 -1424 -21704
-19699 28312 5037 4443 -1849 -17917
-17889 26669 4924 10494 -2495 -13537
-17045 26984 4677 15916 -3791 -10461
-16036 29609 4784 18472 -5378 -8001
-13890 32031 4596 17118 -7400 -6001
-11919 32767 4210 13883 -8912 -4291
-10033 32767 3628 9757 -9518 -2460
-8178 32767 3192 7697 -9141 -936
-6452 31879 3052 7518 -8034 1017
-5188 31052 2992 7963 -6570 3136
-3516 30621 3234 7059 -5350 5173
-1285 28808 3197 6239 -4561 7267
418 28081 3618 5968 -3929 8638
2326 27584 4360 4772 -3455 9527
4001 26907 4994 1482 -2737 9691
5596 25506 5513 -3167 -2644 9978
6584 23425 5993 -6352 -2535 10268
7521 22388 7184 -9661 -2307 10072
8182 22214 8080 -13013 -2325 9397
9016 19314 9160 -17843 -2848 7515
9949 15464 10137 -22101 -3488 5448
10348 12041 10585 -23138 -3500 4879
9777 8141 10860 -21098 -3157 5380
8864 6324 11258 -17040 -2672 6423
8317 6288 11800 -13974 -2468 7001
7713 7262 12110 -11749 -3028 7080
6814 8410 12033 -10292 -4114 6523
5756 10246 11904 -9727 -5468 5782
3680 13072 11477 -9923 -6653 5309
1674 15700 10950 -10870 -7587 4596
457 17536 10230 -11839 -7803 4355
-354 18020 9464 -11988 -7228 4773
-666 17317 9116 -11594 -6082 5555
-1145 16525 8940 -10620 -5106 6462
-2250 15404 9102 -9761 -4445 6980
-3244 14645 9248 -9483 -4252 6857
-3685 12924 9488 -9545 -3999 6790
-4769 11982 9928 -8790 -3246 7022
-4836 10110 10480 -7435 -2354 7419
-4808 8436 10841 -5546 -1453 7837
-5240 7701 11248 -3506 -471 7997
-6000 8000 11950 -2154 565 7698
-6788 8421 12640 -1790 1542 6875
-7702 8913 13085 -2050 2411 5807
-8726 9244 13412 -2567 3334 4453
-9154 9826 13940 -3678 4046 3035
-10400 10977 14464 -5136 4576 1813
-10798 11158 14778 -7128 4153 382
-10785 10512 14845 -8662 3459 -608
-10370 9322 14698 -8958 2819 -995
-9508 7833 14677 -7929 2331 -1003
-8344 6706 14436 -5871 1985 -843
-7250 6197 14430 -3447 1852 -605
-6477 6152 14364 -1405 1713 -508
-6146 6858 14604 -243 1358 -788
-6778 8829 15964 -316 -709 -3265
-4054 7160 14388 -1 121 84
-5117 9233 14230 -1429 -2656 -4522
-2370 9042 13780 -1034 -1774 -3072
-2341 8998 13890 -1044 -417 -3257
-1702 9382 13252 -763 -270 -3266
-1093 9213 13201 -134 89 -3517
-1006 9712 13118 722 633 -3362
-1017 10753 13120 1433 1430 -3417
-1386 11500 13376 1858 1818 -3391
-1581 12829 13633 2132 2260 -3411
-1880 13780 13792 2004 2778 -3269
-2396 14513 14070 1380 2892 -2989
-2676 14474 14194 717 2510 -2806
-2636 14112 14250 402 2101 -2482
-2616 13765 14161 705 1684 -2032
-2386 13330 14074 1196 1099 -1675
-2341 13021 13902 1871 691 -1144
-2262 13026 13676 2338 563 -579
-2195 12851 13583 2778 543 181
-2422 13233 13625 2828 216 939
-2474 13768 13865 2022 -399 749
-2484 13977 13904 1261 -416 808
-2312 13808 14014 606 -317 739
-2148 13421 13700 347 -348 785
-2118 13144 13498 441 -256 925
-2070 12845 13346 726 -141 1157
-2184 12766 13257 1070 -21 1282
-2240 13013 13348 1377 -149 1235
-2308 13152 13256 1346 -306 1172
-2106 13356 13130 970 -474 1118
-2221 13582 13156 359 -554 1089
-2278 13541 13145 -374 -569 1054
-2440 13218 13109 -876 -646 1003
-2476 12724 12828 -972 -302 1166
-2205 12000 12678 -315 386 1510
-2692 11606 12504 615 799 1760
-2616 11630 12614 1582 250 1600
-2410 11321 12458 2413 135 1303