-6748 10950 9 11057 6094 -25713
-7532 11573 -685 11773 7116 -27076
-9944 14795 -1183 8561 9662 -28666
-12478 17116 -1356 4553 10458 -30744
-13576 17557 -1904 1941 10955 -32500
-16053 18338 -2287 -571 9404 -32768
-17808 17234 -2235 -3698 5694 -32768
-19340 16734 -1960 -5011 3516 -32768
-20382 16616 -1168 -5138 2382 -32768
-22667 16936 -517 -5322 3237 -32768
-24171 17425 227 -4418 5295 -32768
-25930 18060 678 -3357 5897 -32456
-25996 17974 1057 -1430 5865 -30984
-26238 17552 970 1419 5361 -29765
-26720 17308 590 5380 4259 -27982
-27018 17972 93 10992 2175 -25222
-26938 18970 -217 13785 820 -21979
-26065 19886 -337 15419 -173 -18438
-25654 21334 -380 15930 -552 -15637
-25204 22971 78 15996 -1364 -13800
-24633 24384 718 15725 -2278 -11725
-23740 24711 1037 15330 -3173 -9686
-23082 25108 1301 15118 -3734 -7339
-22917 25554 1445 15558 -4636 -5109
-21972 25732 1787 17361 -6018 -2420
-21193 26751 1539 18649 -6784 1001
-20833 27162 869 20306 -7155 3900
-20164 27526 361 21791 -7092 5925
-18965 27856 78 21829 -6883 7322
-17922 28188 -302 20090 -6304 8270
-17272 28192 -888 17839 -5492 9296
-15748 27936 -742 14827 -4650 10224
-15110 28234 -604 11566 -3962 11458
-14728 28071 -733 8242 -4419 12513
-13002 26904 -860 5337 -5308 13331
-11956 25784 -956 3557 -5816 13808
-10858 25114 -1178 2688 -6516 13867
-10614 24892 -1214 2021 -6589 13617
-10144 24965 -1088 1270 -6353 13607
-9170 23336 -380 -64 -5843 13894
-8274 22513 -909 -1202 -3546 14455
-6942 22876 -1426 -1391 -966 16312
-5742 22610 -1180 -1435 1341 18132
-4484 21420 -926 -1587 3627 19408
-3282 20194 -842 -2410 5729 19820
-3248 19941 -896 -3132 7368 20205
-2714 19641 -850 -3707 7953 20695
-2020 18808 -964 -4948 8503 21159
-1737 17826 -768 -6529 8199 21703
-1466 17244 -782 -8068 7583 22614
-1128 17438 -1049 -9674 6739 23307
-286 15820 -852 -11048 6260 24133
-234 14884 -854 -11360 5863 25058
-105 14033 -757 -10816 5532 26069
-89 14517 -901 -10653 5262 27017
-149 14252 -674 -10525 4914 28205
-650 15170 -736 -10567 4346 29356
-705 14620 -318 -10449 4102 30032
-221 14000 297 -10040 3597 30698
-270 12997 729 -9547 3353 31327
20 12205 1061 -8314 2567 31509
300 11224 1221 -8221 2345 31429
726 10181 1393 -6769 2536 30843
848 9656 1522 -5352 3205 30395
1452 9352 1738 -4453 4242 29360
2042 9914 1678 -3277 5868 28253
2749 10073 1630 -3255 8351 26425
2861 10828 1676 -1768 10054 24759
3036 10680 2236 -987 11401 23139
3336 10336 2866 -1615 11856 21508
3892 9512 2993 -2583 12283 19536
4188 8326 3692 -2895 12522 17293
4321 7970 3978 -2752 12313 15093
4282 8180 3917 -2675 12017 12496
3902 8920 3828 -2719 12129 9908
3366 10041 3808 -2797 12437 7334
2677 10534 3992 -2933 12746 5588
1978 10432 4568 -2456 12609 4502
1302 9277 5249 -1077 11667 3672
722 8937 6046 -430 10576 3089
-478 9057 6386 118 9053 2442
-1246 9809 6356 626 7707 1305
-2633 13500 4798 826 5959 -1310
-3049 16149 3733 1794 3817 -4200
-2704 17310 3154 2739 2263 -6774
-2385 17580 3324 2712 1545 -8274
-2516 17233 3409 1423 1687 -7965
-2278 17452 3309 -144 3261 -6958
-3126 19069 2722 -1279 4206 -6801
-2608 19296 2862 111 3810 -7108
-2309 19354 3022 1301 3855 -7484
-2776 20886 2472 3373 3528 -7543
-2373 21005 2773 5036 3520 -7241
-1508 20646 3013 5230 4058 -7038
-896 20769 2953 6056 3892 -7114
-256 20717 3225 6941 3383 -6936
418 21360 3022 6822 2927 -6908
1004 21926 3049 6438 2333 -6628
1793 22848 2762 5776 1653 -6507
2684 22873 2681 5382 1005 -6344
3412 22329 3026 4905 903 -6038
3526 22377 3164 4346 909 -5098
3952 22064 3609 3590 564 -4042
4274 21433 3865 2483 925 -3462
4308 20993 4110 1793 1272 -3121
4382 20728 4153 2257 1510 -2863
4693 20333 4413 2722 2053 -2719
4700 20321 4542 2617 2837 -2540
4466 20969 4428 2126 3389 -2320
4252 21448 4261 2058 3688 -2056
4102 21149 4386 1841 3670 -1827
4062 20736 4784 1447 3522 -1594
3814 21034 4846 754 3154 -1374
3578 21582 4552 -344 2896 -1094
3469 21562 4653 -999 2785 -854
2977 21545 4752 -1299 2416 -618
2618 21360 4744 -1528 2128 -350
2278 21058 4836 -1770 2231 22
1944 20721 4762 -1736 2396 297
1632 20098 4865 -1288 2300 738
1581 19734 4730 -842 2121 1112
997 19182 4581 -265 2092 1211
540 19180 4569 0 1806 1381
648 18949 4201 177 2006 1463
-626 18274 3945 502 2285 926
-808 17573 2949 1677 2984 410
-618 16652 2722 2438 4437 45
-329 17149 2442 2337 6374 -215
425 17745 2106 1947 7714 -333
1044 17272 3194 1630 8022 -654
710 17826 3414 1267 6547 -1342
340 17653 4106 1348 4349 -2225
532 17910 4305 373 2187 -2833
726 18250 4728 -636 236 -2993
1417 17928 5020 -2917 -963 -2641
1658 17520 5246 -4353 -1722 -2284
2020 17020 5313 -4014 -1918 -1989
2266 16618 5265 -2856 -1678 -1668
2536 17009 4840 -1586 -871 -1166
2533 17841 4510 -23 -35 -531
2629 18266 4216 1771 434 -54
2722 18648 3965 2901 887 297
2774 18649 3689 3640 1080 381
2837 18229 3497 3514 1163 203
2644 18417 3213 3129 1174 224
2625 18350 3032 2149 1023 192
2504 18621 3122 543 842 -5
2179 19181 3200 -536 607 -53
1886 19366 3346 -1267 397 -199
1776 19225 3484 -1331 294 -214
1532 19172 3573 -1043 258 -224
1350 18916 3857 -481 40 -32
1320 18671 3905 -5 119 165
1422 18558 3900 360 368 260
1297 18757 3896 579 456 303
1308 18840 3985 709 661 327
1186 18869 3969 635 668 259
1052 19060 4042 438 579 208
1007 18933 4088 38 422 105
1044 18934 4145 -331 292 -25
1188 18614 4189 -439 153 -58
1194 18390 4001 -331 4 57
1386 18141 3833 132 -83 258
1614 18221 3531 721 3 315
1766 18354 3221 1302 226 419
1818 18576 2948 1465 505 477
1845 18518 2814 1419 820 427
1850 18508 2844 1163 974 299
1848 18424 3096 651 888 139
1801 18286 3402 -96 399 -14
1900 18085 3434 -779 -176 -274
1912 18053 3468 -1205 -599 -469
1898 18292 3348 -1262 -710 -498
1985 18594 3282 -1146 -634 -431
1908 18902 3128 -655 -144 -279
1849 19157 3042 7 395 -168
1853 19168 2941 785 1089 -208
1848 19206 2774 1729 1842 -75
2024 19228 2846 2127 2161 -99
1324 18922 3117 2006 2550 -33
1484 19216 3182 2178 2392 -241
1592 18878 3130 1718 2383 -8
1158 18745 3241 987 2251 2
1124 18588 3134 599 2306 -409
1077 18765 3064 460 1967 -368
1248 18574 3032 290 2028 -426
1164 18592 3362 198 1766 -359
1242 18472 3405 53 1795 -414
1289 18354 3428 44 1932 -445
1397 18205 3526 88 1704 -506
1544 18082 3256 435 1434 -442
1609 18028 3149 840 1078 -326
1849 18156 2949 879 632 -224
1695 18532 2895 734 304 3
1757 18866 2978 193 110 -6
1771 18855 3009 44 147 -221
1690 18857 2900 193 146 -325
1669 18950 2801 503 143 -270
1831 19064 2604 728 99 -11
1792 19333 2778 502 162 373