-7172 13189 1026 4087 2510 -21725
-6918 11846 749 5373 247 -23501
-7274 12150 812 5290 343 -24640
-8020 13984 353 4794 874 -24606
-8312 15026 400 3892 2098 -24809
-9588 16317 390 1878 3518 -24648
-10578 18289 254 3068 2879 -24765
-11122 19080 548 4641 1550 -24970
-11170 18773 1012 5519 1185 -25311
-11396 18974 1318 5751 1313 -25413
-11733 19105 1418 6386 1257 -25385
-12576 20120 1178 6279 1028 -24718
-13418 21405 1129 5878 10 -23955
-13985 22112 938 5224 -1020 -23336
-13897 22272 970 5351 -2208 -23223
-14054 22317 1074 5030 -3164 -22845
-14282 22557 820 5577 -4310 -22079
-14492 22808 737 6268 -4972 -21048
-15049 24248 412 6749 -5905 -19670
-15072 25705 26 7569 -6717 -18439
-14990 26994 -358 8160 -7219 -17117
-14509 28326 -656 8700 -7641 -16125
-14038 28490 -728 8977 -7761 -15475
-13705 28424 -978 8525 -7559 -14790
-13432 28492 -1229 8545 -7762 -13919
-13101 28476 -1265 8349 -8189 -12798
-12849 28697 -1106 8118 -8865 -11538
-12300 28456 -1148 8002 -9310 -10451
-12245 28605 -1185 8063 -9645 -9275
-11960 28420 -1110 8759 -10007 -8169
-11658 28158 -1001 9979 -10401 -6738
-11420 27682 -1414 11375 -10233 -5243
-11014 27662 -2086 11937 -9503 -3957
-10937 28514 -2604 14121 -9151 -2550
-10072 28349 -3036 14893 -9012 -1526
-9578 28568 -3076 15010 -8001 -597
-9085 28921 -3389 13771 -6708 -121
-8522 29236 -3666 12520 -5531 122
-8101 28812 -3856 10641 -3925 -156
-8149 27397 -2877 6785 -3456 -830
-7824 25526 -3048 2928 -2944 -1026
-7290 23885 -2528 1275 -3315 -549
-6926 22904 -1866 482 -4046 274
-6510 23058 -1654 -109 -3790 731
-6230 23161 -1438 -701 -2439 341
-6230 23893 -1002 -2363 -888 31
-6053 25136 -1594 -3042 591 -88
-5621 25106 -1804 -3038 1596 -31
-5124 23937 -1866 -3073 2352 339
-3762 22417 -1742 -3296 2725 678
-3522 22010 -2146 -3343 2843 1613
-2521 21809 -2144 -3689 2704 2924
-2333 22161 -1977 -3848 2498 4324
-1693 22332 -1910 -4732 2340 5622
-1332 22322 -1933 -4998 1683 6759
-680 21346 -1792 -5405 1453 7881
-249 21394 -2110 -5432 1395 9517
254 20618 -2042 -5431 2011 11264
685 19496 -1937 -4611 2606 13727
777 18729 -1625 -3418 3479 15664
706 18342 -1298 -2602 4222 17208
602 18572 -932 -2330 4417 18602
621 17617 -482 -2315 4504 19191
800 17318 -265 -2438 4167 19541
994 17292 -200 -3351 3597 19503
1188 16924 98 -4998 2952 19707
1298 16273 484 -6954 2313 20463
1002 15842 588 -8971 1185 21262
960 14568 964 -10198 248 21427
1130 13182 1358 -10420 -362 21486
1272 12469 1734 -9851 -588 21237
1632 12342 2012 -9144 -60 20787
2026 12862 2104 -8804 1165 20271
2453 13330 2574 -8862 2318 20015
2401 13425 2826 -8408 3081 19831
2104 14097 2698 -7298 3262 19498
2097 13790 2969 -6296 2900 18579
2280 13773 3230 -5489 2058 17533
2386 13312 3434 -5961 450 16444
2970 12604 3130 -5679 -445 15452
3866 11901 3188 -5045 -512 14460
4144 11657 3253 -4161 69 14057
4000 11894 3440 -2858 1469 13652
4032 12030 3368 -3277 2523 12641
3345 13014 3574 -2860 4411 10939
2568 14354 3416 -2707 4901 9418
1697 15937 3056 -2439 4390 7865
1254 16578 3094 -2000 2586 6198
1306 15785 3453 -2648 2181 4675
1336 15121 3172 -3015 1551 3813
1049 15448 2636 -2271 -334 3112
1146 15670 2674 -1057 -1697 3170
1178 16760 2622 -648 -2098 3254
1133 17261 2924 -564 -1889 3233
1218 17498 3328 -186 -1649 3289
1352 17108 3788 146 -479 3122
1174 17077 3712 -4 678 2752
914 17565 3949 455 219 2106
1245 17244 4001 1323 -450 1074
1798 17246 4133 1628 -929 -126
2381 16821 4154 2172 -1012 -1143
2848 16410 4016 2232 -478 -1518
2701 16989 3765 2029 -125 -1243
2476 17854 3497 1481 62 -923
2353 18590 3409 641 291 -483
1637 20086 2772 -71 70 -240
1588 20710 2284 785 -1474 -520
2521 19878 2504 422 -2172 -1024
3020 19318 2662 867 -2787 -1395
3510 18573 2588 947 -2853 -1456
3326 18726 2645 359 -2396 -1310
2901 19442 2540 -303 -1746 -1120
2754 19740 2540 -833 -1121 -752
2861 19766 2749 -132 -1187 -303
2977 19337 3078 138 -689 -106
3114 18836 3280 297 163 -81
3187 18592 3509 676 734 -76
3225 18538 3754 1027 672 -212
3273 18361 3853 1176 398 -270
3606 18229 3854 1066 159 -425
3680 18272 3744 722 92 -553
3676 18400 3474 549 -239 -524
3973 18290 3297 510 -610 -519
4436 17909 3162 304 -721 -712
4469 17829 2924 117 -721 -916
4632 17813 2765 403 -828 -1111
4757 18196 2684 410 -623 -1166
4841 18530 2530 246 -520 -1177
5021 18649 2321 -31 -25 -1076
5129 18657 2041 -122 279 -1163
5330 18505 2120 -174 689 -1298
5266 18566 1957 -130 925 -1413
5236 18649 1945 210 1003 -1106
5364 18845 1992 329 972 -668
5213 19032 2092 395 1056 -168
5226 19233 2305 329 1063 174
5284 19136 2425 173 1084 295
5430 18917 2681 -148 1244 205
5156 18782 2913 -586 1501 203
4933 18570 3132 -941 1692 328
4684 18258 3232 -1158 1706 417
4662 18034 3357 -1104 1722 430
4500 17976 3349 -735 1721 361
4340 18129 3398 -571 1588 306
4417 18302 3525 -683 1611 303
4190 18258 3569 -860 1748 396
4081 18149 3709 -837 1667 614
4120 17936 3744 -605 1348 663
3950 18081 3733 -298 1153 741
3996 18116 3769 -211 995 723
3882 18209 3769 -277 797 554
3810 18393 3668 -375 814 321
3698 18665 3676 -496 727 260
3818 18625 3773 -905 737 319
3809 18562 3693 -1194 759 267
3917 18250 3801 -1096 608 289
3949 18180 3737 -1191 398 287
3862 18046 3680 -1058 97 261
3942 17820 3733 -747 -169 212
4096 17780 3710 -420 -428 126
4167 18047 3680 -331 -389 29
4257 18422 3545 -574 -316 -23
4451 18310 3398 -791 -86 3
4526 18089 3325 -700 -37 -28
4605 17779 3275 -700 -89 -5
4647 17702 3215 -521 -242 0
4938 17646 3174 -628 -249 -58
5133 17648 3082 -701 -158 -129
5214 17466 3093 -579 -186 -242
5252 17293 3116 -542 -133 -340
5192 17260 3150 -554 -109 -335
5188 17409 3105 -620 110 -383
5189 17590 3106 -659 175 -506
5161 17600 3069 -717 357 -586
5013 17761 3053 -729 476 -606
5098 17708 3036 -615 514 -652
5237 17556 3022 -363 618 -600
5213 17785 3058 -139 684 -527
4936 17926 3174 -63 899 -432
4730 18444 3112 -261 1058 -334
4549 18638 3164 -475 1062 -261
4362 18589 3264 -587 998 -144
4372 18510 3228 -645 868 -128
4577 18237 3317 -492 824 -65
4537 18239 3313 -408 812 18
4525 18378 3337 -368 1010 76
4449 18316 3377 -202 1061 99
4513 18164 3505 -1 999 190
4510 17854 3548 26 1046 237
4538 17640 3677 15 1003 319
4476 17521 3668 99 873 232
4713 17456 3654 244 611 105
4762 17599 3544 131 475 -9
4781 17697 3517 -210 598 -60
4633 17794 3333 -422 744 -58
4517 17936 3281 -500 787 -100
4549 18077 3101 -399 635 9
4548 18109 3065 -377 546 111
4546 17944 2893 -313 487 183
4714 17758 2948 -247 344 199