10256 16208 5208 -1940 13121 20945
9988 14198 5865 -2999 12365 21711
9387 12795 6548 -5022 11185 22545
9638 10681 6783 -6310 9880 22869
9721 8736 6672 -6262 8078 23027
10062 5851 6455 -4478 6690 23284
10041 3958 6202 -2245 6557 22934
10372 3540 5705 -738 6464 22323
10158 3261 4977 673 7799 20650
9839 3983 4321 1900 8677 18248
9332 5680 3305 2154 8654 15952
9177 6338 2363 2991 8213 13562
9260 5265 2224 5101 7979 11373
9532 3616 2354 5941 8605 9919
9133 3314 2366 6210 9188 7887
8002 4037 2081 7275 9946 4694
6296 5057 2315 8565 10491 1217
4645 6205 2433 9263 9970 -1162
3238 6717 2377 8909 9070 -2823
2181 7294 2657 7461 8374 -4631
873 7428 2809 6258 7799 -6324
-317 7330 3145 6362 6366 -8570
-936 6294 3444 6392 4931 -10812
-2144 5701 4072 3638 4423 -13353
-3858 5340 4362 1692 2985 -15218
-4916 5673 4319 724 2560 -16885
-6698 6695 4116 1647 2009 -18891
-7924 7078 3992 3236 1487 -20326
-9061 7529 3836 3850 1248 -21476
-10276 9800 3690 3266 709 -21411
-10774 10516 3586 2482 127 -21542
-11536 10748 3415 1669 -339 -22592
-12968 11104 3385 1146 -2437 -23876
-13656 11508 3624 286 -4405 -25835
-13802 11565 4273 -2332 -4019 -27365
-14334 12334 4376 -3268 -3451 -28351
-14625 12524 4630 -3738 -2480 -29679
-16626 14209 4454 -3147 -2408 -29655
-17137 14410 4115 -1008 -3426 -29453
-17461 14932 4197 1526 -3871 -29765
-17314 15148 4060 3761 -3407 -30215
-17190 16115 4375 5444 -2197 -30676
-17350 18054 4422 5597 163 -31438
-18221 19152 4415 4169 1849 -31582
-19496 20202 4266 3095 1474 -30674
-19798 20334 4518 2743 765 -29292
-20386 20588 4946 2228 79 -27594
-20516 21842 5197 1813 -509 -26077
-20432 22796 5645 1656 -400 -24355
-20244 22636 5969 2345 454 -22906
-20635 22356 5883 3880 1627 -21085
-21206 22420 5526 5557 2459 -18972
-21448 22368 5412 6628 2685 -17330
-21423 22092 5463 7379 2817 -15597
-21153 22021 5721 7542 2911 -14118
-21138 21984 5964 6865 2878 -13339
-20914 22188 5912 5871 2564 -12696
-20884 22020 5848 5286 2360 -12391
-20968 21617 5792 5044 1640 -12075
-20906 21362 5493 6253 497 -10832
-20537 21366 5172 8206 373 -9467
-20700 21232 4956 9766 525 -8943
-21482 21012 5074 13013 -312 -7569
-20837 22796 4876 16106 -1130 -6765
-19776 24288 4247 16531 -1161 -6158
-18591 25275 3603 15911 -1773 -5079
-17344 24816 3057 14988 -2316 -3688
-15971 24235 2802 13701 -2740 -2349
-14574 23501 2638 12371 -3320 -1129
-13702 23083 1969 10421 -3843 -636
-12804 21569 1558 9202 -4116 -519
-11874 20478 1292 8038 -4172 -748
-11356 20045 657 6793 -3886 -1280
-11248 20288 227 5640 -3748 -1612
-10726 20869 -6 4509 -3079 -1516
-11144 22348 -266 2383 -2102 -1144
-11512 22776 -111 469 -1322 -296
-11587 22089 380 -1029 -915 726
-12074 21900 470 -1918 -1384 1163
-12505 21346 540 -3247 -1835 1386
-12982 20275 650 -3294 -3308 2640
-12544 18510 1159 -2100 -5579 4286
-12342 17572 1758 -475 -7451 5658
-12018 17041 2138 1238 -8352 6849
-12072 17408 1792 2713 -8655 7777
-11214 16041 2156 5585 -8485 9065
-10236 16456 2025 7347 -7770 10642
-9822 16640 1644 8597 -7251 11933
-8848 15678 1738 9297 -6612 13247
-8295 15710 1600 9312 -6134 14377
-8108 16218 1440 8679 -5833 15197
-7042 15998 1197 7817 -6149 15691
-6436 17754 574 5157 -6708 16541
-5340 17416 575 3270 -7150 17160
-4153 17825 325 1343 -7626 17801
-3012 17488 665 -88 -7332 19478
-2844 18236 484 -914 -7049 21277
-2230 18034 323 -1556 -6238 23131
-1084 16990 501 -1840 -5315 25934
-427 16537 718 -1102 -4226 28121
-392 16190 994 -844 -3116 29917
-661 16419 1060 -1454 -2352 31247
222 14901 1928 -2256 -1682 32260
672 13948 2104 -2612 -944 32330
779 14242 2300 -2981 -280 31464
1694 14074 2852 -3878 817 30153
2045 14734 2838 -5157 2375 28769
1764 15394 3166 -6844 3560 27772
1744 15904 3390 -8917 4401 26525
2238 15032 3141 -10426 4639 24778
2925 13580 2965 -10261 4663 22388
4086 12348 3601 -8752 3833 19482
4194 12576 4032 -7497 3219 16662
3777 12670 4105 -5233 2524 15085
3688 12945 4181 -2645 2910 14632
3346 14078 4241 -544 3486 14457
3082 14776 4593 1373 4868 14147
4265 15600 5176 3165 5877 13864
5824 16205 5956 3773 8154 12457
4625 17384 6012 3107 9755 10389
3730 16856 6126 2683 10486 8477
2484 16840 6364 1766 10199 7355
1884 16008 6573 464 9253 6982
808 15732 6732 -1217 8386 6639
-264 15885 6117 -2252 6684 5861
-258 14365 6266 -1383 4550 5205
718 13597 5840 -561 3201 4607
1650 13858 4984 304 2134 4318
2806 12674 4578 1502 2081 4162
3076 13573 3912 1829 3432 3613
2373 14005 3412 2151 4422 2705
1296 14533 3185 2422 5930 1665
-340 15929 2478 2517 6063 329
640 15436 2485 2440 6536 -268
1380 14770 2825 2017 6844 -263
1649 13898 3070 1240 7203 -52
-282 14904 2717 721 7599 -516
-1964 16010 2054 1181 6638 -1558
-1270 15493 2378 2593 5904 -2030
-1610 16108 2230 2652 6245 -2710
-1733 16894 1993 3738 5608 -3179
-662 16430 1897 4098 6088 -2706
-1470 17506 1449 4112 6880 -2679
-881 17530 1497 4650 6985 -2445
96 17306 1889 4979 7551 -1746
465 17485 2110 4887 7584 -1259
1217 17278 2470 4386 7853 -700
650 18590 2178 3465 8079 -431
-253 20250 2006 2498 7644 -647
-100 21297 2182 1932 6570 -1159
556 21814 2793 1460 5325 -1361
944 22356 3226 841 4114 -1322
1393 22288 3773 41 3327 -799
1057 22920 3749 -795 2909 -225
677 23258 3838 -1104 2423 38
1036 22792 4110 -740 2068 291
874 22730 4196 -13 1920 428
694 22937 4105 632 1599 876
964 22697 4270 907 1635 1746
1336 22394 4318 686 1962 2436
1696 21878 4350 239 2212 3053
2342 20921 4629 -280 2411 3554
2642 20198 4660 -1143 2741 3864
2921 19482 4782 -2287 2961 4125
3436 18402 4874 -3193 3344 4346
3844 17182 4809 -3403 3621 4317
4318 15994 4550 -3111 4158 3998
4201 15689 4249 -1159 4453 3662
4413 14862 3964 317 4687 3197
4465 15120 3588 1901 5343 2800
3973 15921 3048 4822 6026 2072
3494 17104 2809 9640 4714 708
4612 16610 3294 10831 3718 -487
5666 16057 3438 7268 4113 -1152
5609 17437 3429 3686 4848 -1336
5233 18457 3637 754 4394 -1217
4961 18966 3909 -2164 3327 -1045
4309 19149 4449 -5031 1875 -917
3496 19408 5656 -8154 2653 -842
2814 19637 6012 -9459 2773 143
2566 19641 6392 -9010 3133 1196
2724 20050 6801 -6622 4477 1995
2550 19726 7037 -2945 4573 2291
2904 18922 7286 -506 5311 2649
2977 18492 7466 1193 6174 2897
3236 18289 7582 2654 7021 3090
4200 17788 7632 3468 7371 2792
4481 17692 7693 4427 6434 2152
3961 17425 7924 3144 5978 1512
3536 17652 7858 1496 5663 897
3370 17808 7240 461 5080 734
3554 18126 6621 249 4141 705
4065 18073 6209 590 3021 905
4673 18026 5974 1298 2473 1072
5246 17908 6008 1996 2349 1229
5437 18072 6150 2310 2695 1475
5328 18336 6136 2113 3494 1808
4766 18416 5937 1917 4085 2012
4468 18360 5684 1978 4202 1870
4298 18070 5521 2489 3630 1751