-484 3148 6474 5080 -2825 -5924
-802 3536 6181 4934 -3973 -7280
-1456 4405 5802 4158 -5051 -8270
-2641 5840 5470 3233 -6494 -8493
-4102 7821 5173 1622 -8704 -8005
-5717 10496 4746 212 -12029 -6696
-6832 12340 4857 -2324 -16320 -5349
-7622 13778 5490 -4655 -21966 -4363
-7062 15269 5238 -9977 -26901 -4687
-5740 16886 5224 -17536 -27167 -6143
-4381 17234 4793 -22808 -28096 -7944
-2210 16242 5254 -26222 -28909 -8595
-37 13368 6490 -27270 -29746 -8696
2252 10340 8804 -26469 -26406 -9414
3740 7768 10578 -25965 -15668 -10744
4286 10542 11381 -16358 -2470 -12738
2489 11593 10885 -5578 8487 -15542
-184 12689 12244 -202 12712 -17754
-2482 13600 13121 3312 12565 -17922
-2361 13762 14093 5662 12907 -17699
-2757 14161 14570 6783 13238 -19262
-3021 13766 14794 7818 14790 -20891
-3824 13338 14925 8219 16188 -21737
-4433 13724 14897 6175 15766 -22097
-5057 14597 15046 3159 14608 -21451
-5492 15553 15096 -473 13666 -20888
-6493 16089 15322 -3853 13182 -20101
-7276 16338 15505 -5880 12509 -18712
-7726 16358 15508 -6858 11432 -17899
-7622 15706 16000 -6147 10859 -18835
-7594 15325 16492 -3550 10514 -20113
-7992 15956 16726 -136 10648 -20333
-9065 17773 17009 1676 10830 -19350
-9818 21182 17044 155 10734 -17378
-10577 23381 17232 -4010 10401 -14438
-11741 24625 17282 -9915 8752 -10188
-12380 22744 17302 -15057 6142 -7151
-12801 19148 17697 -18241 3915 -6058
-13394 15886 17676 -19435 333 -6742
-12693 14118 17994 -18609 -3324 -7882
-11538 13965 18394 -16825 -5625 -8920
-10438 14564 18193 -14314 -5528 -10102
-9816 14708 17886 -11523 -3922 -11298
-9821 14237 17453 -8318 -2014 -12056
-9921 13700 16796 -4812 -1001 -12852
-10017 13100 15866 -677 -804 -13929
-10058 12920 14857 3259 -1117 -15232
-9613 13254 13764 6476 -1355 -16874
-9373 13508 12441 8678 -1260 -18095
-9065 13664 11282 9981 -980 -18605
-8841 14074 10502 10697 -1074 -18789
-8222 14094 10240 11043 -1004 -18925
-7920 14444 10158 10914 -571 -19027
-8077 14678 10094 11051 -198 -18839
-8293 14674 9934 11620 334 -18452
-8445 14561 9537 12715 583 -18179
-9373 14905 8890 14287 87 -17878
-9926 15601 8382 15425 -870 -17308
-10174 16502 8082 15905 -1770 -16867
-9722 16916 8108 15621 -1910 -16623
-10116 16898 8053 14184 -1355 -16352
-10502 17328 8133 12484 -1442 -16600
-10637 17620 8557 11244 -991 -16772
-11666 18660 8448 9933 -951 -16646
-12425 19369 8388 9181 -1451 -16278
-12429 20073 8509 9154 -1788 -15642
-12400 20665 8474 9772 -2342 -14751
-12114 20878 8605 10583 -2786 -13825
-11676 20688 8766 11387 -2849 -12941
-11384 20544 8965 12489 -2767 -12050
-11442 20280 9037 13320 -2815 -10972
-11372 20182 8866 13644 -2726 -9872
-11348 19752 8442 13397 -2892 -9040
-11402 19002 8188 13409 -3617 -8021
-11044 18129 7921 13559 -4627 -7302
-10825 17310 7688 13612 -5429 -6992
-10745 16649 7197 13566 -6167 -6607
-10524 16416 7068 13487 -6544 -6267
-10504 16458 6731 13260 -7059 -6111
-10163 16376 6489 13060 -7581 -5727
-9992 16248 6352 13041 -7661 -5332
-9805 16026 6492 12812 -7540 -4815
-9528 15974 6481 12814 -7441 -4270
-9105 15986 6550 12991 -7313 -4094
-8889 16230 6554 12974 -7031 -4061
-9099 16997 6524 12652 -6680 -3773
-8765 17947 6377 11638 -6230 -2752
-8248 18014 6421 10388 -5703 -1689
-8078 17888 6476 9510 -5375 -1144
-7596 16750 6732 8694 -5213 -803
-7088 15902 6932 8231 -5228 -620
-6858 15946 7229 7666 -5182 -352
-6582 16480 7420 6749 -4818 -221
-6559 17149 7626 5341 -3871 -151
-6564 18147 8095 2863 -2669 -239
-6641 18416 8258 616 -2016 200
-6424 18297 8710 -1411 -1491 611
-6282 17440 9062 -2128 -1049 652
-5948 16727 9459 -1967 -602 281
-5728 15803 9678 -150 150 105
-5993 16657 9965 1260 1097 159
-6935 18566 9866 1981 1494 479
-7336 19156 9892 2724 1066 1170
-7028 18624 9808 3333 713 2075
-7230 18625 9651 3613 42 2780
-7178 17869 9749 3730 -922 3360
-6976 18116 9844 3317 -1773 3449
-7922 19313 9840 2296 -3066 2951
-8448 20552 9361 1312 -3828 3404
-8295 19586 9009 1101 -4363 4550
-7697 17231 8640 2119 -4501 6182
-7452 15941 8156 4075 -4144 7138
-7876 17034 7765 5311 -3430 8053
-8900 18982 6961 3688 -2796 9497
-9119 18500 6867 1604 -2551 10844
-9512 18105 6333 -730 -2343 11370
-9234 16424 6356 -1576 -2383 12037
-8700 15016 6013 -2209 -2905 12861
-8008 13494 5942 -1569 -3199 14536
-7463 14224 5454 298 -2625 16105
-7390 15430 5196 1872 -1690 16864
-7208 16900 4564 3165 -756 17716
-5995 16981 4218 3608 263 18851
-4786 16246 4434 3598 1278 19403
-4120 16436 4108 3397 2236 19426
-3234 16144 3940 3472 2416 19846
-2188 15657 3762 3301 2321 20752
-1892 15666 3524 3151 2083 21240
-783 15092 3369 2972 2138 21413
489 14788 2868 3312 2478 21463
1472 14264 2822 3843 3006 21404
1696 14742 2444 3430 3719 21079
1265 15226 1984 2571 4092 20952
1538 14302 2142 1740 4421 20918
1828 13596 2122 966 4858 20603
2367 12163 2383 673 5482 19794
3426 10546 2886 1173 6397 18872
4286 9600 3129 2832 8112 17627
3790 10840 2876 3901 9591 16101
3268 11953 2918 3768 10074 15088
2945 13423 3000 2320 10336 13776
2588 14994 3006 -217 10399 12554
2276 15630 3216 -1889 9804 11657
2507 15328 3499 -3336 9478 10536
1972 14188 4232 -5252 8622 9846
1454 14597 4384 -7592 7900 9346
1056 15815 4485 -8550 6903 8678
1222 15892 5093 -7057 6282 9051
1522 15686 6283 -5752 6855 9131
432 18102 5778 -4797 7853 6942
1717 19278 4370 1246 7841 7299
1080 19997 6953 1078 7538 8132
1532 20164 6398 454 6931 8696
1422 18629 7478 -919 7248 8993
1693 18457 8162 -2843 7822 8428
1236 18960 8147 -4282 6454 6987
2010 17804 8856 -4804 4977 5982
2666 16897 9236 -4354 4779 5462
2826 16712 9704 -3724 5801 5236
2555 17536 10059 -2702 7215 4867
2160 18826 10441 -1998 7923 4719
2062 19829 10576 -1975 7765 4785
2869 19178 10726 -2027 7493 5228
3388 18262 11160 -2049 7597 5243
2781 18009 11438 -2250 7091 4729
2486 17529 11769 -2064 6177 4264
2681 16708 11710 -865 4699 4501
3443 16436 11363 882 4307 4472
3863 16402 10799 3347 4219 4369
4250 16454 10178 5411 4438 3857
4124 16836 9301 6495 4515 2867
3560 17346 8853 8132 3362 2270
3446 18185 7953 7568 2589 1601
3377 18264 7713 5606 3628 1711
3416 17966 7768 3020 3259 1861
3186 17893 7464 1577 3025 2334
3292 17077 7305 1157 1760 3135
3872 15824 7134 906 1278 3686
4498 14968 6837 1396 1521 4180
5390 14293 6305 3075 2477 4462
5819 14239 6032 4708 2942 4130
5949 14994 5903 4887 3133 3384
5961 15608 5985 3798 3402 2899
5902 16154 6146 2489 3463 2491
5961 16194 6330 347 3254 1947
6448 15880 6638 -1474 2704 1134
6584 15742 6860 -2607 2133 145
6566 15622 7173 -3168 1697 -711
6234 16233 7357 -2792 1416 -1339
5904 16838 7444 -2312 1280 -1694
5299 17722 7421 -1778 880 -1624
4667 18331 7611 -1495 79 -1236
4501 18328 7781 -1372 -807 -596
4418 17992 7964 -1222 -1276 -102
4646 17286 8012 -1004 -1483 486
4953 16060 7910 -212 -1526 1076
5532 14920 7824 802 -968 1359
5837 14208 7621 1803 -350 1320
5992 14097 7566 2395 8 1317
6072 14065 7662 2405 275 1279