9445 15160 9645 -12031 -9317 1017
9594 14174 9644 -11040 -9845 1762
10188 13465 9432 -9935 -9772 2197
10533 12918 9256 -8304 -9344 2754
10770 12933 9057 -7384 -8334 3265
10945 12530 8681 -6583 -6867 3792
11016 12056 8345 -5903 -5187 4223
11041 11194 8065 -5207 -3608 4370
10587 10308 7790 -4433 -1966 4374
9929 9692 7625 -3903 -1071 4406
9485 9116 7586 -3756 -783 4612
9253 8344 7685 -3568 -725 4667
9218 7694 7614 -3333 -835 4675
9029 6826 7448 -2912 -972 4417
8820 6044 7118 -2210 -1011 4017
8354 5708 6668 -1373 -615 3016
7526 5389 6209 -438 -72 1804
6917 5381 6020 409 359 1098
6584 5134 5789 1600 822 482
6649 4823 5606 3472 1737 -445
6116 5124 5752 4985 2584 -1543
5532 5693 5774 5249 2969 -2504
5020 6286 5772 4931 3252 -3424
4326 7036 5744 3983 3756 -4837
3622 7557 5550 3072 4546 -6560
2816 7472 5560 2850 5319 -7806
1715 7603 5653 3198 6344 -9466
666 8464 5684 4207 6719 -10424
-47 10072 5738 4696 6697 -10745
-596 11770 5944 3841 6750 -11696
-1145 13041 6178 1644 6725 -12819
-2264 14968 6117 -1063 5963 -12945
-2979 15901 6394 -2613 4521 -13300
-2809 16414 6966 -3074 3810 -14094
-2662 16726 7665 -3798 3566 -14536
-3262 17986 8230 -5847 3620 -14487
-3433 19869 8512 -8896 3216 -14012
-3254 18412 9122 -11355 3464 -14270
-3350 15814 9617 -10665 3494 -14927
-4244 14545 10187 -6225 2305 -15388
-4053 15450 10329 -1167 2132 -15333
-4394 18022 9948 419 3370 -15312
-4390 18908 9828 279 3900 -15326
-4514 18385 9863 -122 4407 -14845
-4134 16765 9962 146 4687 -15033
-4382 15508 10168 524 5130 -15415
-4674 15669 10249 240 5422 -15808
-5249 15792 10521 -677 5604 -16229
-5802 15851 10717 -1892 5244 -16562
-6021 15119 11160 -2537 4824 -17278
-6610 14629 11428 -2149 4691 -17913
-6778 14542 11642 -1219 4773 -18343
-6958 14313 11657 -42 4921 -18683
-7265 14264 11766 1581 5054 -18946
-7899 15275 11913 2304 4617 -19062
-8214 15712 12038 2072 4334 -19233
-8753 15229 12053 1985 3655 -19369
-9051 14571 11842 2122 2815 -19759
-9669 14317 11649 2235 2342 -20045
-10457 14292 11359 2643 1954 -20263
-11232 13544 11300 3900 1425 -20472
-12347 13431 10871 5627 566 -20514
-13254 13426 10568 6966 -791 -20073
-13562 13794 9912 8055 -2199 -19788
-13901 13938 9001 8854 -3232 -20088
-14086 13714 8174 9507 -4197 -20348
-14072 13780 7328 9605 -4635 -20661
-14158 13924 6582 9477 -4800 -21317
-14465 13629 6292 9017 -3909 -21754
-14688 13974 6144 9615 -3621 -21789
-14876 14374 6165 10575 -3487 -21702
-15108 15166 6284 11384 -3246 -21103
-15164 15920 6484 11733 -2938 -20480
-15391 16160 6453 11688 -2772 -19894
-15536 16136 6204 11601 -2746 -19498
-15991 15841 6062 11517 -2748 -18875
-16298 15638 5623 11677 -3100 -18096
-16709 15356 5346 11069 -2893 -17478
-17164 15266 5350 10403 -2646 -17089
-17510 15546 5521 9484 -2116 -16903
-17942 16014 5754 8969 -1931 -16682
-18322 16289 6380 8432 -1567 -16101
-19156 16746 6966 8194 -1117 -15057
-19877 17095 7432 9074 -919 -13931
-21997 17001 7153 11004 -1472 -12737
-22592 16920 7007 13221 -2234 -11790
-22481 17228 6553 15069 -2574 -10802
-22020 16966 6150 16698 -2897 -9907
-21188 16875 5746 18177 -2895 -8733
-20625 17300 5326 18992 -2497 -7714
-19916 17666 5217 19021 -2020 -7011
-18672 18920 5320 17628 -1245 -5914
-17162 19873 5622 14629 -690 -4565
-16325 20472 6061 11315 -547 -2950
-16104 21206 6666 9059 -1113 -1062
-16166 21549 7782 6394 -2546 1864
-16570 20102 8940 4698 -6659 4969
-16562 17238 9266 5385 -10839 6017
-15892 15438 8553 7237 -13694 6093
-15149 14572 7580 9340 -15334 6161
-13941 14224 6292 11006 -15526 6049
-12877 15302 5158 11711 -14619 5804
-12228 16194 4488 11609 -13571 5301
-11566 16832 4365 10410 -11755 5000
-11537 18070 4070 8429 -10405 5021
-11585 17863 4550 6448 -10092 5768
-11204 17768 4668 4755 -10332 6190
-10640 15871 4946 4024 -11392 6266
-9546 14289 5590 2865 -11902 6372
-8617 13562 5577 2601 -12976 6420
-7123 13420 5521 4314 -12575 6226
-6646 15414 5274 3310 -9340 6922
-6768 17492 4802 4999 -8320 8098
-6036 18009 4982 7311 -7010 9985
-5315 17226 5165 8129 -5285 11591
-4519 16571 5395 8543 -3523 12605
-4381 17074 5053 7861 -1373 13275
-4176 17491 4953 6276 127 14927
-4028 16720 4985 4399 891 16535
-3949 16298 5218 3109 1047 18298
-3909 16345 5333 1809 871 19472
-3588 15348 5820 1440 778 21121
-3320 15309 5770 1464 387 22983
-3633 15990 5976 919 -121 25142
-3918 16237 6260 741 -934 27135
-3880 16464 6606 326 -2007 28691
-3050 15336 7129 459 -3304 30380
-2328 14438 7426 736 -4312 31347
-1802 13844 7724 619 -4390 31939
-1130 12942 7741 935 -4040 32676
-608 12512 7820 1218 -3294 32767
291 11762 7614 2373 -2175 32767
1092 10902 7742 3889 -738 32767
1866 10545 7707 5682 639 32767
2784 10703 7624 7093 2624 32582
3137 12032 7070 6995 3797 31605
3781 11601 7036 6776 4260 30748
4576 11320 6976 6049 4843 29411
5140 10689 6636 5815 5187 27789
5928 9730 6721 6624 4872 26181
7275 8628 6512 4802 6328 24209
8009 8614 5849 3873 7682 21866
7760 9650 5172 3431 8843 19309
8740 12036 4222 3700 9717 16308
9471 12917 3724 3666 11412 13088
8588 13510 3636 3556 11766 11118
7666 13696 3761 3445 11536 9708
6328 14672 3948 2660 11341 8519
5494 15948 3846 2097 10683 7710
5224 16818 4024 1680 9807 7057
1879 17678 4258 873 6816 7521
4166 18864 5827 13385 -18998 2166
2430 13366 -684 -1902 4228 3976
4238 18713 1644 1463 3550 5062
4577 16048 2537 -6434 18086 342
-3102 22306 1692 -3686 12287 1226
-52 24700 1402 4381 3107 2048
2144 20628 2644 2819 3218 2249
3061 18984 3297 -2442 6202 3115
3928 17306 3562 -2899 8540 4476
3884 15679 4366 -1331 11841 6580
4480 15990 4676 2319 11897 6987
4212 15408 5608 3505 12700 6510
3924 16077 6269 2963 13778 5129
4230 16924 7064 481 14557 4459
4960 18018 7632 -2054 13586 4041
5197 18646 8140 -3407 11076 4207
5628 18285 8912 -5513 9636 4512
5452 17560 9061 -7619 7748 4230
5094 17341 9687 -9946 4729 3546
4755 17247 10367 -11119 1133 2132
4576 16886 10730 -9837 -326 1821
4509 16118 10153 -7398 -180 2047
4700 14610 10036 -5616 185 2369
5080 13592 10013 -1674 -64 2469
5251 12188 9438 2877 -521 2334
5618 12133 8877 4426 -272 1817
6016 12400 8298 5166 215 1479
6587 12102 8300 4184 792 648
6942 12350 7985 2794 1497 -319
7228 12426 8014 1222 1553 -706
7618 12406 8126 -260 1799 -1125
7798 12584 8364 -1401 1955 -1660
8486 12852 8740 -1240 3616 -2106
8101 13628 9055 1548 4062 -2492
7764 14724 9462 1697 3992 -2472
7714 15595 9728 1322 5149 -1796
6930 16485 9698 974 3779 -1019
7460 15734 10193 1258 3792 -1234
7114 15169 10345 1349 3807 -765
6986 14484 10658 1041 4020 -217
6880 14512 10656 1228 2847 154
6779 13902 10901 885 2832 320
6778 13593 10997 1189 1624 404
7116 12812 11240 1207 1802 129
6920 12351 11036 1196 934 -305
6972 12256 11214 1346 454 -944
7232 12767 11287 573 -137 -1295
7401 13261 11391 -258 238 -1965
7096 13908 11146 -378 -390 -2333