9768 8129 8028 -6682 6923 5863
9254 7297 8140 -5320 7474 4609
8549 6786 7986 -3799 7771 3330
8195 5714 7908 -1363 7506 2133
8565 4480 8004 1794 7315 879
7172 4876 7827 4437 7079 -1028
5484 6671 7582 5764 5855 -2656
4644 8805 7064 4782 4838 -3561
4510 10192 6740 3140 4647 -4305
4100 11036 6444 261 5228 -6151
3236 11826 6213 -2435 5200 -8975
2486 11158 6304 -2359 3665 -10648
1901 9633 6278 -1585 2613 -10746
1436 9787 6138 941 2316 -10107
1006 11732 5553 4333 2751 -9651
754 12352 5444 5887 2918 -9172
217 13532 5449 5958 3051 -9057
56 14216 5478 5170 3605 -9541
-84 14043 5607 4505 4477 -11310
-830 13695 5822 4470 4889 -13344
-1593 14236 5765 3781 3952 -13246
-1470 14190 5888 2886 3335 -13443
-2004 14844 6145 1203 3100 -15112
-3034 15018 6582 261 1768 -16923
-4013 15298 6928 -634 60 -18165
-4746 15357 7367 -2000 -719 -18794
-5592 15157 7728 -3165 -565 -19641
-6487 14706 8220 -3797 -1221 -20583
-7534 14270 8562 -3390 -2239 -21665
-8252 13932 9001 -1865 -3417 -22357
-8576 14624 8793 173 -3905 -22614
-9007 15546 8598 2178 -3157 -22560
-9635 16168 8390 2773 -2443 -22728
-10226 16068 8276 2511 -2507 -22370
-10526 15722 8218 2004 -2545 -22385
-11377 15255 8251 1112 -2771 -22802
-12143 14483 8072 323 -3365 -23468
-12850 14384 7869 -122 -4067 -24092
-13548 14558 7544 -171 -4926 -24251
-13924 14592 7222 -148 -5045 -24393
-14214 14994 7017 181 -4820 -24478
-14644 15524 6986 1243 -4325 -24491
-15165 16310 7075 2514 -3697 -24092
-15700 16368 7108 3379 -3869 -23592
-15917 16146 7024 3830 -3842 -23313
-16082 15762 6536 4233 -3946 -23404
-16483 14555 5304 5247 -4531 -23717
-16896 13694 3273 7111 -5278 -24470
-17056 13948 2148 8193 -5181 -24998
-17242 14747 1292 9226 -4663 -25337
-17612 14225 813 11173 -3919 -25575
-18039 13992 705 13896 -3855 -25503
-18046 14296 330 16291 -3908 -25091
-18352 14410 -14 17731 -4173 -24429
-18512 14066 -322 19257 -4701 -23942
-18348 14217 -434 20381 -4841 -24051
-18757 15246 -230 20364 -4538 -24231
-19202 16432 -269 19376 -3674 -24249
-19709 17118 -594 18175 -3019 -24260
-20232 18069 -766 16998 -2961 -23891
-20368 18257 -797 16323 -4588 -22641
-20009 17875 -981 16353 -5957 -20924
-20146 17368 -1321 16878 -6798 -18909
-20572 16769 -1441 17676 -6795 -18211
-21454 17250 -1320 18073 -6661 -18584
-22171 18469 -1258 18318 -6860 -19084
-21604 18533 -1682 18529 -6538 -19359
-21846 18170 -2562 19941 -6611 -18987
-21633 17948 -3120 21912 -7267 -18013
-21388 17644 -3657 24059 -7633 -17086
-20984 17362 -4242 25767 -7602 -16280
-20271 17590 -5215 27458 -7581 -15492
-18948 17472 -5818 28894 -7437 -14722
-18010 17760 -6010 29109 -6570 -13983
-16967 18348 -6289 28989 -5604 -12850
-16041 17962 -6469 28748 -5047 -11469
-15437 17234 -6010 27567 -4587 -10144
-15804 16921 -5316 25729 -4447 -9386
-16192 16718 -4802 25134 -5342 -8888
-16479 16044 -3844 24836 -6821 -8123
-16780 14809 -2341 23898 -8238 -7220
-17291 14167 -343 21552 -9082 -6636
-18147 13959 2185 18189 -8587 -6420
-19009 14521 2693 17459 -7168 -5737
-19713 14683 2127 22519 -8345 -5066
-20307 14735 2011 28720 -9597 -4466
-20474 14654 2278 31269 -10802 -3650
-19979 15337 2497 32600 -10668 -2286
-19000 15235 2899 32684 -9111 475
-18405 14952 3376 31687 -6651 2721
-18322 15074 3490 30358 -5728 3874
-18013 13528 2842 29560 -5416 4431
-17455 12545 2460 29320 -5928 4516
-17041 12740 2090 29590 -6684 4331
-16394 13362 2202 29912 -5891 4274
-16605 14613 1801 30564 -5226 4366
-15432 15285 2047 31469 -5584 5132
-14804 15600 2020 32087 -5242 5752
-14211 15644 1966 32022 -4874 6729
-12918 16693 1589 30913 -3878 8791
-12159 17485 1368 28570 -1784 9887
-11957 17389 1632 26469 -641 10137
-10940 18621 1860 23971 -192 10825
-10332 19841 2074 18527 588 12068
-10281 20876 2181 13632 443 14354
-9817 20209 2738 10689 -772 16264
-9702 19394 2996 9426 -1998 17191
-9374 19031 3248 8738 -3610 17658
-8241 18456 3691 8408 -5693 18366
-7804 19384 3417 6456 -6060 19425
-7656 19689 3420 3694 -5849 21430
-7324 18258 4030 1437 -6498 23639
-6826 16627 4662 350 -6966 24961
-6654 16216 4812 -675 -7261 25573
-6518 15986 5215 -2168 -7323 26261
-6894 15586 5348 -3963 -7463 26646
-5697 13549 6125 -4906 -7577 27097
-6037 13553 6698 -5711 -7870 26871
-6098 13812 7298 -6871 -8726 26176
-5804 14345 7137 -8623 -9504 25287
-4546 14464 7397 -11262 -10835 24560
-2832 13349 6997 -12875 -11998 24281
-2088 13474 6451 -13564 -12133 24438
-721 12944 6302 -13112 -12494 24512
-146 12917 5690 -12479 -12318 24754
-52 13210 5652 -11837 -11987 24730
506 13427 5735 -11431 -11084 23421
2238 13157 6368 -11711 -9956 20728
3352 13505 6810 -12173 -9434 18595
4330 12751 7042 -12127 -9631 17091
4263 11729 7018 -11405 -9627 15669
4724 11370 6488 -8418 -9890 14249
5738 11685 5540 -4491 -9392 13625
6153 12154 4112 -453 -7841 13265
6216 11881 1881 2348 -5870 13168
-3578 20759 2714 6222 -6172 12009
5126 25402 -4438 26424 -2821 8756
8009 3877 6190 10036 -13720 10868
7286 13875 1754 -7812 -1672 10792
1273 16333 2022 -686 -10902 14024
3158 15842 2193 -6730 -3153 15408
4500 15792 2333 -2327 -4457 13727
6755 12012 3938 -1914 -1417 9367
5792 12155 5062 -2696 80 5877
7714 12914 6834 -9002 -8979 -667
5411 13190 3483 -834 971 330
5721 14142 5305 -316 2990 900
5792 13552 5522 204 1698 2698
4494 14941 5022 277 1810 2770
4657 15736 4942 -16 1050 1235
4325 16663 4666 -11 541 -1285
5284 16496 4819 147 227 -3132
4882 16950 4521 688 622 -3429
4246 17373 4428 1058 76 -2682
3836 18024 4362 762 -543 -2034
4150 17710 4461 186 -1312 -2000
4419 18071 4350 409 -1498 -2082
4834 17772 4622 516 -1441 -1985
5429 17712 4874 448 -859 -1598
5920 17506 5078 300 -796 -1420
5908 16772 5029 104 -977 -1428
6003 16845 4605 732 -1831 -1738
6889 16577 4886 275 -1860 -2175
6821 17071 4979 237 -1647 -2110
6838 17613 4934 -10 -1470 -1845
7017 17810 5112 -351 -1492 -1794
6894 17698 5194 -435 -1743 -1696
7033 17683 5308 -834 -2050 -1097
7147 17645 5475 -1591 -2278 -874
7226 17260 5756 -2168 -2364 -758
7313 16540 5854 -1981 -2331 -617
7954 16112 5936 -1072 -2186 -691
7832 16218 5850 -312 -2352 -856
7850 16357 5841 -301 -2547 -1124
7854 16850 5733 -749 -2366 -1234
8013 16701 5838 -1530 -2169 -1323
7830 16878 5937 -2232 -1851 -1522
8032 16608 6161 -2480 -1869 -1755
8188 16548 6305 -2413 -1829 -1814
7967 17142 6439 -2283 -1730 -1947
7801 17446 6573 -2486 -1774 -2016
7645 17740 6754 -2759 -1666 -2122
7385 17702 6757 -2796 -1698 -2354
7280 17576 6717 -2454 -1792 -2411
7258 17676 6442 -2018 -2155 -2553
7240 18080 6060 -1684 -2388 -2824
8456 17815 5657 -1644 -2306 -2734
9538 17440 5446 -1374 -1478 -2697
7722 18065 5381 -845 -1210 -3382
7117 17566 5453 -403 -1212 -3690
6834 17600 5432 98 -1480 -3490
6069 18142 5137 744 -1838 -3531
5586 18280 4986 1641 -2191 -3640
5721 17989 4809 1578 -2148 -3662
5264 18042 4440 1500 -2012 -3882
4769 17794 3992 1278 -2166 -3946
5102 17364 3594 815 -2306 -4070
4360 17916 2703 1166 -3576 -3221
4993 18021 1787 669 -4405 -2780
5265 18325 1130 -67 -4967 -2109