8136 3945 7351 -816 773 -802
7622 3978 7273 31 784 -2400
6869 4604 7277 831 636 -3590
6317 5522 7241 896 563 -4693
5497 7147 7115 -392 800 -6279
4650 8857 6804 -2252 1083 -8238
4305 9753 6745 -3437 1468 -9799
4550 10418 7012 -4323 2533 -11210
4786 10914 7134 -5004 4982 -12200
3917 11186 7173 -4845 8151 -12196
2308 10556 7358 -4066 9448 -11363
1305 9615 7977 -2842 9580 -12225
788 8638 8281 -1777 9985 -14266
352 8172 8493 -937 10701 -16467
-280 7870 8625 -332 11908 -18568
-1098 8316 8749 -167 13270 -20416
-3685 9790 8829 -1029 13142 -20344
-5294 10957 9249 -1873 10836 -19318
-6313 11052 9780 -2150 8201 -18901
-6898 11049 10214 -1813 5556 -19021
-7034 10894 10368 -1617 3679 -19814
-7116 11288 10502 -1505 3021 -20693
-7218 12010 10288 -1205 3756 -21635
-8064 12860 10118 -1316 5610 -21942
-8778 13630 10378 -1283 6083 -21764
-9053 13986 10570 -1167 6139 -21668
-9744 14339 10776 -38 5654 -21098
-9609 14929 10961 1110 5908 -20758
-9941 15516 11077 1092 6763 -20802
-11152 16168 11568 -198 7459 -21069
-12262 16514 11904 -1520 7620 -21523
-12806 17064 12380 -3041 7668 -21793
-13618 18003 12737 -4217 8033 -20907
-14469 18035 12807 -3205 8979 -19735
-15448 18008 12760 262 9425 -18293
-15396 18898 12560 2881 9025 -16401
-15125 18682 12080 3899 8605 -14865
-14662 17865 11625 4524 8280 -13634
-13403 17207 11741 4554 7868 -12439
-12402 16808 11544 3538 7662 -11799
-11673 15432 11231 2600 7409 -11503
-11102 14280 10854 2453 6823 -11153
-10833 13618 10425 2814 6126 -10761
-11147 12735 9410 4047 5265 -10271
-11137 12026 8828 5732 3742 -9543
-11274 12032 8626 6374 3195 -9422
-12204 11880 8112 6613 2531 -9639
-13206 11988 7820 6275 1780 -9823
-13762 12036 7706 5811 1421 -10078
-14523 12320 7588 4579 995 -10835
-15917 12313 7537 4157 -177 -11689
-16662 12276 7434 5216 -1144 -12207
-16857 12922 7474 6196 -1642 -12563
-17036 14073 7573 6525 -1732 -12762
-17138 14857 7580 6746 -1980 -12728
-16910 14997 7544 7165 -2281 -12434
-16565 14597 7529 8168 -2580 -12019
-16223 14080 7414 9977 -3123 -11249
-15817 14121 7191 12181 -4079 -10093
-15368 13705 7124 14036 -4943 -9226
-15164 13376 7014 15357 -5576 -8501
-14989 12901 6863 16268 -5922 -7816
-15394 13273 6733 16627 -6277 -7597
-15885 13831 6448 16467 -6681 -7571
-16198 13584 5548 16583 -7591 -7122
-15917 12882 4254 17012 -7689 -6656
-15804 12808 3732 17353 -7772 -6275
-15445 12319 3207 17467 -7618 -6003
-15090 12549 2996 16826 -7012 -5901
-15020 12747 3077 15150 -6660 -6040
-15121 13356 3153 12277 -5890 -6634
-15580 13696 3125 9685 -5782 -7408
-15750 13324 3253 7758 -6363 -7926
-15488 12887 3348 6746 -7591 -8461
-15238 11686 3559 6125 -8766 -8880
-14855 11087 3734 7425 -9776 -9211
-14600 11372 3796 9175 -10236 -9748
-14569 12241 3648 10937 -10042 -10344
-14950 13756 3502 12502 -9537 -10859
-15041 14629 3514 13177 -8704 -11077
-15018 15578 3736 13068 -7858 -10882
-14900 16396 4007 11748 -6989 -10472
-15209 16402 4389 10501 -7094 -9867
-14701 15360 4946 10273 -7872 -9422
-14429 14845 5245 10411 -8740 -9267
-14288 14806 5413 10789 -9809 -9450
-14072 14948 5400 11201 -10207 -9797
-13975 15496 5278 11674 -10366 -10098
-14163 16646 5215 12053 -10172 -10223
-13945 17208 5277 12031 -9748 -10269
-13688 17254 5341 12132 -9391 -10184
-13358 17272 5457 12438 -9294 -10047
-12960 16821 5498 12876 -9136 -9979
-13004 16434 5333 13420 -9086 -9843
-13699 16459 5203 13559 -9204 -10313
-14173 17798 5219 13489 -9632 -11310
-14254 18434 5312 13452 -10224 -11407
-13888 18209 5181 13411 -10063 -10490
-13406 16980 5059 14543 -9829 -8784
-12828 16034 5146 16323 -9658 -7429
-12621 15602 4854 18191 -9609 -6793
-12330 15322 4822 19884 -9493 -6473
-12123 15639 4572 21660 -9288 -6204
-11993 16577 4272 22286 -8951 -5755
-11763 17409 4162 21041 -8410 -4895
-11552 17242 4246 19304 -8052 -3470
-11202 17124 4704 17834 -7274 -2200
-11227 16700 5090 16144 -7154 -1305
-11232 16150 5374 15317 -7226 -736
-11652 16554 5624 15067 -7143 -169
-11505 15768 5665 15716 -6935 1148
-11334 15718 5454 16820 -7033 3028
-11201 16548 5429 17267 -6440 4469
-11276 17188 5634 17257 -5816 5542
-10852 18080 6271 16712 -5045 7407
-10348 18298 6992 15819 -4685 9716
-9493 18152 7584 13778 -4152 10997
-9301 17281 8219 12021 -4185 12487
-8824 16916 8956 9947 -4413 13352
-9407 17434 9039 8644 -5037 13783
-9092 16922 9581 8148 -6197 14955
-8013 16695 9822 7738 -7380 16452
-7836 16264 9426 6622 -7554 17401
-7708 15157 9584 6275 -8334 18893
-7157 15109 9517 5731 -8739 19731
-7508 15308 9449 4163 -8813 19582
-8085 15156 9310 2830 -9383 19650
-8345 14689 9345 1555 -10562 19523
-8069 13793 9412 365 -11873 19507
-7960 13278 9235 -1330 -13154 19551
-7038 11773 9400 -2853 -14017 19242
-6415 12244 9015 -3939 -14177 18196
-5756 12214 8706 -4696 -13865 17517
-5336 12496 8501 -5231 -13790 17346
-5014 12806 7930 -5853 -13973 17096
-3955 12023 7993 -5953 -14219 16917
-3067 12566 7852 -6316 -14895 16042
-2012 12408 8096 -6977 -15471 15594
-1850 12801 8145 -8428 -15571 14693
-1101 11877 8387 -8623 -15698 14009
196 10968 8718 -8042 -15270 13548
970 10960 8726 -7203 -14137 12836
2075 11051 9024 -6100 -12222 12540
2392 11382 9508 -5552 -10254 12439
1890 11554 9406 -5302 -9512 12305
2123 11094 9472 -4681 -9594 12128
2914 10903 9496 -3944 -9976 10962
3984 10784 9660 -3495 -10001 9842
4407 11457 9400 -3469 -9788 8743
4784 11844 9200 -3798 -9340 8054
4500 11632 9124 -4337 -8590 7697
4051 12320 9279 -5415 -7471 6820
3244 14767 9075 -6324 -7099 5894
3930 14730 9322 -6294 -7117 5774
4652 13681 9587 -5548 -7019 5924
4296 12214 9517 -4064 -6507 5598
3550 10305 9700 -2435 -5786 5128
4030 11925 8398 -1630 -6152 2878
3057 13177 8874 2477 -7544 4155
5827 11366 9644 -821 -5288 3012
3996 13999 8435 -2978 -2794 2199
5499 12270 8630 1201 -2133 1058
5440 13182 8842 3017 -199 -108
4860 12216 9324 4192 -29 -504
4806 13008 9581 1643 625 -1894
3752 14976 9132 -799 1099 -3590
3836 15144 9102 -627 80 -3727
4580 14858 9216 -487 -435 -3287
4968 15310 9125 -52 -636 -2877
5131 15560 8835 779 -746 -2628
5300 15754 8742 1396 -909 -2669
5401 16390 8570 1542 -901 -3051
5510 16972 8358 1211 -1024 -3312
6017 16886 8160 541 -949 -3040
6678 16432 8240 -896 -885 -2541
7352 15880 8276 -1675 -1276 -2295
7672 15734 8476 -1616 -1746 -2655
7632 16076 8440 -1524 -2313 -3259
7676 15989 8460 -1129 -2790 -3653
7712 16240 8616 -1147 -2918 -3833
7482 16751 8508 -1065 -3154 -4191
7417 17016 8390 -288 -3942 -4181
7517 16915 8391 -100 -4130 -3659
7162 17262 8394 -332 -4220 -3203
7020 17120 8332 -487 -4444 -2820
7081 16707 8365 -746 -4470 -2672
6588 16390 8270 -985 -4509 -2421
6425 16196 8178 -1138 -4925 -1993
6573 15949 8123 -1395 -5249 -1766
6710 15524 8166 -1746 -5360 -1851
6634 15406 8081 -2244 -5440 -2006
6481 15037 8018 -2742 -5534 -2184
6342 14777 7937 -3004 -5670 -2291
6402 14605 7905 -2993 -6031 -2486
6609 14352 7829 -2806 -6379 -2637
6820 14426 7703 -2641 -6664 -2836
7012 14576 7468 -2496 -6897 -2947
7231 14490 7274 -2317 -7307 -3116
7424 14322 7082 -2293 -7521 -3356
7577 14722 6876 -2336 -7651 -3873