-9296 11308 11609 936 -882 317
-9190 11548 11729 87 -837 364
-9014 11330 11633 -609 -673 290
-8949 11022 11750 -1107 -467 224
-8920 10729 11737 -1361 -219 -11
-8868 10517 11894 -1650 -60 -301
-8940 10158 11985 -1756 127 -585
-8978 9837 12018 -1645 317 -736
-9061 9748 12034 -1415 574 -735
-9110 9633 12110 -1137 857 -652
-9176 9609 11968 -840 1087 -540
-9254 9720 11913 -566 1255 -531
-9272 9790 11873 -378 1351 -576
-9338 9738 11854 -146 1443 -590
-9184 9554 11817 178 1604 -501
-9108 9169 11946 863 2071 -231
-9062 9270 12056 1623 2856 116
-9156 9489 11873 2271 3655 308
-9494 9548 11602 2665 4043 308
-9834 10014 11570 2648 3751 98
-10089 10305 11140 2232 3592 -71
-10472 10486 11025 1693 2770 18
-10738 10082 10952 1277 1841 328
-10729 10046 10896 1016 1039 637
-10552 9921 10977 1145 279 1116
-10396 9993 11014 1469 -352 1646
-10302 10198 11020 1719 -771 2219
-10249 10306 11197 1750 -1087 2803
-9974 10328 11209 1676 -1346 3142
-9584 9304 10873 4682 -1493 3835
-9038 9205 12484 5705 -2330 5914
-10321 11352 11812 5814 -2510 7561
-10820 10772 11258 6831 -1751 8259
-10246 10376 11644 8140 -1126 8826
-9684 10932 11848 9426 -1206 9187
-9150 10801 11677 11358 -1095 9686
-9146 12097 11505 13269 -1513 11160
-9529 14250 11678 14933 -1475 13286
-10537 16476 11596 16230 -1487 18003
-11920 21001 12098 16631 -694 24955
-13334 23433 11258 16941 5407 25851
-14757 26280 12377 13487 4778 22290
-13889 28076 9872 12850 2525 19460
-13308 29594 7840 14241 3833 19570
-10660 28330 7206 17289 6787 21239
-7849 27801 5466 22426 10646 23444
-7945 26512 3232 30097 14075 27474
-5452 28510 773 32767 18732 31394
-2385 32543 -1938 32767 22842 32767
-65 32767 -4642 32767 26541 32767
1946 32767 -7502 27472 29213 32767
3132 32767 -9421 19902 31483 32767
5012 32426 -10094 14733 32767 32767
6216 29198 -9800 11729 32767 32767
7228 25124 -9057 9046 32767 32767
7690 19646 -8026 6567 32767 32767
5994 14854 -6897 5072 32767 32767
4517 12926 -4704 3902 32767 32767
2961 11364 -2696 2355 32767 32767
1148 9649 -1245 968 32767 31319
444 7400 -153 -210 31111 26336
477 4340 952 215 28542 21045
1590 -10 2664 3427 26466 17612
3014 -2701 4197 7616 25826 17631
3276 -2554 5476 11738 25550 19044
2089 -1720 6682 14957 24342 19226
1618 -129 7348 16872 22294 17190
2597 1730 7996 18742 24184 12890
2528 1868 9100 18853 22857 8699
3081 3592 9533 17167 21702 6680
3202 6197 9505 14700 20023 4393
3265 7808 9372 12186 18140 2037
3157 8393 9397 9419 16352 102
2744 9205 9765 6558 15188 -1828
1557 10061 10245 3368 13258 -4666
-276 10644 10509 -517 11212 -7302
-1841 10577 10116 -4116 9164 -9933
-3630 9870 9608 -5980 7022 -13051
-5478 9461 8165 -5514 4961 -16050
-8181 9588 6242 -3552 3116 -18057
-9477 10260 5270 -1974 1240 -19339
-11537 11210 4522 -1969 -1132 -19940
-14556 14486 5496 -5220 -4247 -19984
-17032 16304 6484 -11217 -7007 -21764
-19450 15115 6396 -15528 -8516 -25736
-22669 17322 3798 -14732 -9209 -30019
-21997 17547 2268 -11461 -9662 -31875
-21497 18060 1981 -5455 -8019 -29661
-20646 19717 1972 -25 -5895 -26978
-22285 21892 1280 3430 -6964 -26910
-22226 25105 -62 4946 -8649 -25948
-21368 27426 -967 4257 -12800 -23508
-18652 27644 -1349 1998 -13717 -21865
-17054 26812 -1314 849 -12383 -20741
-15925 26014 -1276 1435 -10333 -19477
-15614 25893 -1636 3462 -8668 -18173
-15468 26046 -2146 6228 -8260 -17100
-14725 26216 -2322 8436 -8584 -15296
-14053 26950 -2342 9925 -9148 -13022
-13226 26888 -2454 10645 -10063 -10810
-12700 26846 -2872 10793 -10923 -8462
-11629 27133 -3716 10522 -11772 -7476
-10586 27217 -4436 10248 -12369 -6942
-9065 27948 -5038 9973 -12493 -5907
-7241 28514 -5138 9844 -12059 -4494
-6021 28869 -5341 9976 -10997 -2998
-4713 28972 -5538 10575 -9890 -1652
-3257 28505 -5580 11273 -8805 -341
-1837 28144 -5662 11754 -7862 1053
-256 27924 -5786 11916 -6786 2032
1064 28702 -5650 11042 -5911 2732
2374 28760 -5533 9056 -5081 3255
3424 29421 -5368 6464 -4133 3815
4922 29170 -4784 3424 -3073 4110
6362 28226 -4142 614 -1518 4470
7237 27064 -3706 -1455 -97 4913
7830 26276 -3037 -3337 1281 4896
7965 25809 -3012 -5032 2198 4690
7624 25836 -2654 -6959 2883 4634
8424 24798 -1942 -8931 3485 4737
8054 23960 -1604 -10335 4262 5710
8276 22489 -577 -11340 5047 6897
7464 21346 -192 -11498 5812 8282
6536 20474 730 -11511 6615 9172
6058 18928 1770 -11231 7392 9213
5628 18489 2885 -10844 7997 8912
4997 18316 3497 -10980 8605 8541
3889 19378 3993 -12127 9142 8363
3444 19364 4472 -14426 9449 7940
2442 19506 4382 -16808 9823 7607
1990 18876 4780 -19602 10707 7053
880 17522 5101 -21914 11467 6359
-70 16161 5294 -23975 11915 5616
-1178 15670 6049 -26187 12136 4618
-1589 14170 6972 -28232 12004 3166
-1765 12176 7661 -29181 11517 2039
-1058 10274 7938 -29490 12517 -89
-986 8628 8440 -28531 12906 -1567
-338 6605 8514 -26316 13346 -2451
286 4568 8730 -23097 13732 -2481
717 2697 8988 -18757 13818 -1910
-26 2548 9102 -14067 13565 -1119
-384 3172 9448 -9936 13087 -1139
-1272 5497 9769 -7876 12399 -1944
-2393 8396 10134 -8050 11351 -3841
-2893 10556 10244 -10194 10270 -5975
-3217 11736 9954 -12675 9708 -7780
-3306 11441 9366 -14321 9969 -9155
-3429 10265 8894 -14130 10273 -9758
-4080 9000 8421 -12204 10975 -9666
-4600 8128 8681 -9505 11400 -9291
-5892 8266 8913 -6613 11495 -8723
-7157 9276 9512 -4746 10978 -8435
-7982 9894 9966 -3369 10354 -8239
-9288 11329 10234 -2464 9958 -7904
-10774 12608 10398 -2103 9600 -7423
-11846 13424 10362 -1999 9559 -6887
-12490 13146 10388 -1630 9288 -6292
-12598 12252 10448 -866 8850 -5688
-13264 11438 10470 457 7937 -5254
-15262 13232 10256 1460 6406 -5158
-16441 15012 10224 921 4726 -5677
-16310 15560 10374 -409 2958 -5953
-16537 15473 10070 -1104 1530 -5652
-16468 14814 10045 -1224 606 -5204
-15865 13521 10289 -736 -266 -4683
-15160 12278 10272 244 -1173 -3706
-14556 11492 10001 1872 -2137 -2472
-14596 12382 9480 3493 -2767 -1134
-14038 13164 9292 4260 -3152 -454
-13432 13700 9161 4322 -3353 -229
-12733 13773 9141 3892 -3595 -276
-12078 13434 9068 3254 -3891 -552
-11810 13796 8896 2355 -4212 -943
-11254 14252 8912 978 -4204 -1624
-10902 14064 8966 -219 -4493 -2455
-8983 13162 8408 -1343 -3925 -3041
-9458 12302 8614 -1432 -4181 -2960
-8104 13246 7606 -1080 -3777 -2857
-7408 12292 8286 -1061 -4132 -3094
-7429 13369 7568 -542 -3654 -3178
-7201 12698 7944 182 -2454 -2243
-7074 12422 8250 772 -1699 -1030
-6612 12718 8310 1691 -1014 -771
-6286 12602 8520 2564 20 -327
-6513 13013 8705 3151 761 7
-6724 13680 8929 3332 1695 333
-7332 13873 8973 3096 2250 343
-7633 13572 8469 2918 2424 543
-7989 13612 8440 2926 2208 756
-8333 13902 8586 2889 1854 901
-8505 14157 8833 2387 1491 794
-8338 14698 9066 1933 1321 670
-8152 14868 9262 936 1299 376
-7784 14155 9458 6 1195 127
-7834 13486 9464 -169 1113 259
-7806 13089 9452 85 1037 519
-7732 12798 9430 769 836 952
-7502 12542 9436 1459 530 1374
-7456 12746 9562 1848 61 1633