14354 21225 9472 -10079 -4834 254
15433 20813 9509 -11787 -3920 2022
17534 19263 9413 -13119 -3129 4094
17890 17408 9476 -13962 -1716 4556
17046 16470 9464 -14280 -1061 4743
16863 14490 9435 -13861 -1233 5284
17264 10788 9015 -12560 -1137 6754
17132 7420 8339 -10193 -570 7290
16024 5316 8232 -8517 193 6659
14120 5389 7636 -7266 897 4788
11844 5371 6863 -5491 405 1898
10590 4496 6004 -4114 -373 -478
9928 3425 5356 -2978 63 -2211
9113 2714 4717 -2812 1303 -3507
8129 2408 4161 -3786 3427 -4852
6929 3080 3590 -4364 5263 -5909
6132 3780 3364 -4317 6037 -6053
5365 4354 3322 -4439 6202 -5616
4298 5390 3640 -4010 5972 -4796
2819 7354 3887 -3232 4785 -4540
2493 8114 4249 -2093 3775 -5302
2409 8750 4489 -743 3319 -6664
2305 9497 4726 727 3668 -7974
2012 10802 4924 1673 4730 -9102
948 11639 5179 2909 6083 -10224
330 11721 5649 4578 6197 -11612
-304 11300 6285 6726 5124 -12599
-609 10918 6824 8658 3700 -13577
-1260 11546 7010 9762 2299 -13862
-1505 12426 7113 10189 915 -13858
-1670 12610 6988 10465 115 -14076
-1417 12325 6540 11082 -1 -14957
-1829 12492 6042 12297 128 -15669
-2184 12998 5555 13593 430 -16181
-3196 14480 4943 13476 330 -16027
-3658 15976 4890 11656 175 -15673
-4226 16964 4945 9204 -49 -15208
-4370 16780 5120 5426 -320 -15575
-4858 15511 5491 2868 -204 -16652
-5406 14865 5757 2226 -287 -17633
-6141 15214 5968 2145 436 -18965
-7617 16302 5696 2484 998 -19479
-8200 17408 5664 3116 1638 -19436
-8446 18730 5752 3320 2475 -19592
-8821 19832 6489 1679 4355 -19253
-9510 19340 7498 -1060 5778 -18305
-9862 18616 8140 -3055 5995 -18019
-10136 17386 8301 -3959 5623 -18196
-10245 16325 8393 -3622 5467 -18692
-10399 17343 8524 -2370 5609 -18673
-10541 18452 8362 -2261 7271 -18339
-10936 18397 8553 -2677 8061 -18130
-11450 17980 8909 -3867 8086 -17225
-11870 17206 9384 -5324 8029 -16554
-12661 16388 9702 -5383 7075 -15797
-12996 16128 10494 -4320 5738 -15015
-13289 16508 11263 -2566 4644 -14172
-13301 17195 11558 -518 4803 -13214
-13650 17718 11610 1197 5367 -12303
-13970 17814 11334 2307 5044 -11599
-14125 17232 10980 3518 4364 -10392
-14258 16879 10375 3737 3967 -9239
-14236 16625 9596 2212 3933 -8668
-14376 16372 9236 822 4028 -8427
-15815 15509 8608 -319 3710 -8570
-16854 14216 8266 -1173 3072 -9426
-16786 14744 8032 -1438 3315 -10056
-16376 15568 7771 -1734 3435 -10552
-16222 16266 7542 -1931 3644 -10542
-16711 16115 7498 -1998 3759 -9775
-17194 15749 7949 -1904 3663 -8771
-17132 15632 8352 -1684 3118 -8376
-16684 15458 8901 -1720 2046 -8171
-16140 15450 8930 -2051 1130 -8285
-15194 14468 8636 -1588 -135 -8624
-14242 14016 8361 211 -1461 -8981
-14018 14216 8068 2207 -2392 -8972
-13675 14476 7898 4555 -2699 -8565
-13940 14282 7467 7809 -3110 -7761
-14113 13289 7010 10730 -3572 -7068
-14069 12704 6666 12782 -3778 -6909
-14172 13054 6376 13784 -3796 -7356
-14521 13829 6384 13951 -3769 -8181
-14948 14887 6138 12943 -4059 -9572
-15276 16026 5802 10524 -4445 -10416
-15520 16113 5564 8733 -5171 -10178
-15229 15553 5624 7964 -5962 -9620
-15628 15303 5464 8053 -6933 -9060
-15456 15319 5149 9679 -7582 -8741
-15152 16450 4918 11047 -7174 -8555
-15262 16862 4408 11979 -6555 -8430
-15068 16653 4156 12664 -5551 -7636
-14724 16948 3865 13389 -4263 -6374
-14574 17064 3720 14029 -3665 -5300
-14263 17270 3494 14127 -2748 -3965
-13712 16750 3009 14302 -1985 -2368
-13401 16324 2848 14376 -1706 -1260
-13350 16259 2732 14181 -1463 -610
-12934 16906 2757 13372 -794 -561
-12940 18090 2616 12348 -317 -598
-12851 18345 2635 10913 -149 -222
-12060 18460 3228 8310 443 589
-11586 18268 4280 5631 800 1107
-11144 17750 5686 3132 1421 1069
-11229 17121 6090 1835 1536 671
-11428 16892 6244 628 1636 -31
-11718 16418 5860 127 1824 -854
-11881 16412 5870 375 1171 -340
-12291 18244 5269 250 809 258
-12288 18065 5280 526 -89 1641
-11775 17911 5156 881 -669 3844
-11298 17381 5216 308 -509 5994
-11344 18110 4857 -826 -434 7606
-10835 18235 4713 -1812 -215 9617
-10369 18837 4382 -3247 24 11381
-10182 18300 4628 -3728 -175 12501
-9783 17999 4651 -4021 96 14537
-9032 18112 4698 -4521 -878 17709
-8456 17838 4785 -4395 -1572 20295
-7992 17726 4841 -4082 -2401 22119
-7618 17290 4748 -3331 -3307 23380
-7162 17481 4642 -2976 -4089 24153
-6390 16829 4681 -2674 -4411 24612
-5576 17242 4540 -2992 -4232 24945
-6101 18253 4288 -4107 -4458 25797
-5728 16842 4469 -4940 -4695 27048
-5657 16212 4553 -5460 -4774 27751
-4247 14961 5086 -5328 -4210 28032
-3536 15061 5073 -5197 -2802 27412
-4168 15554 4706 -4947 -1953 26386
-3408 14730 4996 -4548 -1018 25979
-3105 15572 4718 -4882 -154 25764
-2754 15653 4837 -5417 7 25858
-1790 15204 5226 -5982 246 26090
-1692 15288 5238 -6216 103 25506
-1448 14398 5271 -5127 -595 23611
-2574 14440 4690 -3516 -1592 21401
-3488 14050 4630 -2345 -2186 20125
-3774 14353 4548 -2171 -2055 19217
-3953 14389 4525 -2521 -1587 18921
-3404 13389 4800 -2730 -822 19200
-2492 12469 5117 -2463 234 19729
-1174 11977 5253 -2038 1391 19920
-750 11208 5278 -1636 2294 19898
-368 10880 5341 -1086 3043 19442
-264 11350 5260 -330 3632 18143
144 11940 5266 -116 3723 16510
797 13361 4984 -172 3619 13580
1458 13183 5120 -893 3102 9970
1717 13685 5238 -2264 3385 7917
1328 14986 5036 -3961 3582 6389
1612 14592 5406 -4957 3648 5611
1817 13560 5850 -5247 3734 5399
1780 12142 5984 -5106 3543 5562
1718 10800 6253 -4535 3803 5517
1104 10468 6876 -3168 5041 4442
23 12518 6810 -1462 5436 1709
-46 13406 7074 -195 5100 35
-211 14986 7101 -8 4338 -874
-115 15495 7391 -131 3504 -991
-526 16530 7256 83 2497 -1198
-524 16878 7447 625 1408 -1302
-1024 19377 6991 936 338 -2073
-689 19789 7053 1515 -294 -1880
-54 19330 7502 772 -439 -2227
254 18898 7637 602 69 -374
329 17596 7450 -947 1830 408
127 17030 7543 792 2000 963
-1083 17032 7174 2879 1819 -70
-2005 22145 5826 3879 844 -2476
-205 20894 7049 3791 26 -2072
205 19411 7671 3095 138 -311
219 19121 7475 3018 1240 1855
611 18261 7289 3731 2835 3450
1344 17238 7545 4631 3830 4205
1492 16881 7314 5508 4478 4075
1777 16744 7153 5573 4607 3703
2260 16915 6867 5194 4759 3548
2525 17038 6646 4501 4070 3422
3458 17256 6856 3201 4412 2884
3754 17292 7205 2175 4310 2629
4006 17302 7278 1584 4523 2574
4133 17306 7466 1273 5194 2739
4268 17593 7788 1153 6242 2828
4054 17997 7929 1153 7242 2764
3709 18074 8361 1099 7732 2937
3844 18186 8981 875 8457 3138
3657 17857 9357 263 8925 3041
3405 17881 9561 -443 9214 2861
3194 18032 9749 -1974 9094 2611
2566 18316 9381 -4080 8562 2035
2077 18252 9081 -4821 8011 1362
2319 18159 9057 -4395 7086 1421
3406 17656 9269 -2927 6651 1910
3028 18352 9650 -2266 7277 1844
2146 19344 9688 -2003 6897 1590
2147 18972 10226 -1908 6444 2222
2569 17900 10837 -1646 6697 3020
2368 17768 11349 -1983 6719 2701
2388 17364 11364 -1890 6393 2519