9582 7992 4581 -3544 -6418 8991
10925 6273 5264 -1378 -5256 9112
12328 5338 6160 863 -3591 8893
12509 5574 6804 2462 -2413 8534
12046 5960 7502 3109 -2011 8104
11421 6481 8137 2855 -2521 7609
11128 6730 8242 2362 -3060 7134
10921 6476 8456 1879 -3247 6365
11055 6414 8916 1526 -2907 5143
11305 6441 9229 980 -1754 4045
11257 5635 9489 1361 291 2993
10866 5408 9362 3133 1729 2251
10447 5254 9145 5307 2785 1722
9682 5621 8716 7419 3490 959
8765 5812 8232 8759 3810 126
8166 6390 7868 9193 4105 -624
7631 6687 7503 9316 4231 -1431
7052 6913 6967 9244 4821 -2560
6416 7360 6596 9647 5357 -3891
5666 7340 6605 8749 6770 -4888
4309 8666 6177 8425 7187 -5149
2803 9458 6047 8358 6140 -4670
1907 9599 5774 9268 4364 -4775
1296 9658 5524 10699 2953 -5325
605 10598 5033 11515 2165 -6113
-473 12308 4626 10430 1355 -7770
-1990 13828 4309 6787 903 -9564
-3150 15104 4124 4340 -1012 -10312
-4152 14606 3997 2517 -3232 -11606
-4768 13465 4025 381 -5418 -13909
-4592 12776 4264 -2081 -5496 -15721
-4666 13104 4553 -3947 -3945 -16815
-5040 13996 4486 -4446 -1451 -17881
-4848 14726 4674 -4414 1395 -18852
-5065 15500 4740 -3311 5067 -19875
-5718 15090 5092 -2147 7842 -20689
-6653 15016 5244 -1132 8914 -20663
-7034 15026 5610 118 8901 -20609
-7684 15365 6118 1723 8892 -21436
-8250 16378 6267 2374 8756 -22888
-9446 18114 6002 1176 8838 -23235
-9948 19242 6109 -742 8788 -23326
-10233 19873 6601 -2890 9175 -23725
-10746 20498 7301 -5110 9319 -23920
-11693 20380 7964 -5567 8623 -23583
-12352 20025 8646 -4626 7823 -23291
-13048 20407 9354 -3165 7000 -22828
-13559 20803 9804 -1812 6396 -22261
-13934 19914 9770 -705 5630 -21767
-14365 19156 9326 285 4220 -20651
-14301 18490 9184 1488 2809 -19958
-14444 17578 9122 2766 1686 -19692
-14659 17269 8468 4321 188 -19257
-14881 17446 7329 4600 -796 -19113
-14893 17393 6453 3734 -599 -19382
-14856 16824 5894 3290 -352 -19604
-15035 16014 4963 3213 -183 -19298
-15138 15104 3919 3900 -235 -18661
-15257 15101 3369 4105 81 -18033
-15258 15546 3172 3996 34 -17455
-15058 15936 3234 3440 138 -16954
-15318 16373 3370 2027 42 -16499
-15787 16423 3553 354 -238 -16120
-16413 16385 3957 -961 -823 -15724
-17132 15600 3892 -685 -1896 -15162
-17723 15549 4041 612 -2667 -14349
-18221 16372 4049 1756 -2938 -13318
-18688 17241 4093 2055 -2274 -12210
-19412 18276 4383 2823 -2246 -10590
-19381 17349 5022 3976 -2589 -8976
-19076 16112 4920 5375 -2834 -7944
-18824 15646 4948 6693 -3276 -7220
-18257 15259 5085 8685 -3601 -6052
-17672 15675 5353 9857 -3342 -4215
-17414 16210 5496 10373 -3805 -2827
-17530 16330 5797 10751 -4871 -1363
-17418 16028 6111 11037 -6356 45
-17032 15464 6048 11746 -7612 788
-16781 15235 5599 13043 -9366 1471
-16250 16598 5216 14124 -11094 2194
-16041 18758 4989 13163 -11050 2751
-15805 19684 5090 11208 -10336 2964
-15904 20440 5060 9974 -9532 3124
-15650 19904 5097 7816 -8516 3438
-15050 18870 5120 6347 -8034 3741
-14413 17267 5381 8109 -10047 4040
-12940 16523 5833 9156 -10681 4499
-12094 17008 6057 10530 -10653 4990
-11530 17426 6096 10422 -9833 5144
-10941 18396 6160 10725 -9175 4915
-10476 19512 6016 10522 -8227 4478
-10629 20494 6054 9664 -7769 4582
-9850 20521 6123 8669 -7655 5285
-8970 20061 6097 7800 -7385 5865
-8696 19676 6114 7185 -7563 6193
-8264 19393 6360 7752 -9073 7052
-7118 19158 6498 8360 -10368 7864
-6380 19780 6384 8373 -10599 8219
-5594 20435 6563 7939 -9826 8928
-4644 20470 6353 9102 -8986 9660
-4233 20610 6234 9940 -7987 10471
-3768 20178 6154 10885 -7306 11583
-3153 20537 5857 11612 -6352 13019
-2393 20343 5634 12343 -5018 14765
-1749 20948 5174 11969 -3521 15953
-1259 21077 4843 10794 -2441 16983
-961 21349 4610 8768 -1889 18292
-962 21376 4316 7282 -1711 19096
-217 19591 4479 5620 -1289 19636
-100 19675 4172 3192 -906 19698
830 18539 4143 2508 -840 20251
1258 17886 3918 3026 364 20758
1021 17941 3639 4248 860 21709
920 17296 3367 5769 1378 23180
1237 16153 3174 7234 2360 23974
1301 16190 2789 7948 3429 24091
1340 16052 2562 8069 4879 23764
1184 17042 1917 6952 6270 23030
898 17302 1618 5216 7325 22650
281 18426 1048 3056 8038 22332
-586 18736 621 5 8330 22054
-656 16812 1046 -2408 8660 21787
-1013 16142 816 -3423 8617 21639
-687 15167 674 -4255 8484 21279
370 13737 821 -3884 9269 21237
1100 13593 556 -3089 9824 21106
2475 13342 437 -1381 10338 20797
4104 12336 667 271 11088 20150
5190 11090 1104 1304 12002 18909
5774 9966 1342 2039 12660 17124
6130 9485 1569 2273 12841 15566
6364 9234 1797 2126 12765 13804
6546 9378 1817 1620 12239 12037
7040 10103 1632 539 11136 9597
7009 10013 2025 -1173 10217 6811
6680 9106 2753 -2304 9478 4799
5718 8464 3385 -3115 8848 2969
3731 10218 3057 -3948 7789 888
2684 12049 2780 -4167 5937 -517
2420 12441 3310 -4425 4359 -1080
2232 12650 3652 -4794 3072 -1233
2665 11493 4280 -4601 2042 -1451
2838 9529 5150 -2597 2253 -3319
2282 9050 5443 579 2891 -6338
940 10160 4961 3459 3165 -8535
-182 11833 4640 5166 1939 -8685
-1674 14348 4017 5077 -581 -7397
-2024 15266 4166 4539 -2957 -6385
-1844 14574 4904 3735 -4949 -7501
-2090 15772 4412 4020 -6217 -8453
-1798 18177 3716 2494 -6074 -12054
-1764 20089 3330 2053 -4242 -14380
-1372 20550 3157 1918 -1310 -15476
-2126 21078 2526 99 1169 -15737
-4080 22658 1229 -195 239 -13603
-6081 27362 -1317 -772 -3921 -12344
-3489 31811 -2981 -3926 -7330 -12243
-2557 20552 2473 -2230 -7787 -7820
-433 20383 2751 298 -4389 -4834
814 20664 3353 6048 -5119 -5062
1610 20705 3388 9816 -3368 -5092
1845 21794 2538 11122 -314 -4560
1649 22926 1900 9671 3416 -4317
1625 23757 2248 6732 5628 -3176
1590 24675 2519 5105 5380 -2078
2194 24164 2934 4179 3833 -1783
2184 23400 3153 2116 4592 -1406
2055 22911 3308 -303 4516 -1057
1813 22804 3815 -768 3970 -721
1484 23145 3928 249 3646 298
3012 21978 4416 1006 5479 1907
2328 22529 4372 1909 6699 1953
1644 22586 4228 2500 6514 1500
996 22807 4124 3646 5109 1206
1082 23067 3594 3783 3664 992
1333 22940 3172 3549 2449 1405
2475 22140 2982 3522 1812 1741
2669 21804 2382 3729 1387 1802
2750 21358 1994 3892 1189 2047
2671 21335 1290 3716 1495 1940
2370 21133 706 3758 1664 2129
2386 20768 510 3768 1821 2268
2364 20226 388 3698 2069 2504
2568 19473 402 3348 2450 2983
2597 17969 210 2969 2821 3431
3514 17086 237 2821 3446 4352
3497 16362 350 2370 3999 4358
3232 16254 44 2221 4245 3977
3194 16139 171 1838 4600 3526
3261 16338 309 1276 4329 3253
3800 16322 737 504 3863 3416
3987 16547 995 -380 3358 3096
4201 16346 1252 -858 2682 2458
4192 16514 1237 -815 1897 1696
3801 17077 1130 -378 992 821
3534 17845 856 220 -259 253
3284 18638 654 353 -1160 151
3109 19452 563 254 -2220 417
3132 19942 327 432 -3622 813
3304 20001 137 911 -4624 1234