5444 18230 3760 -2687 8591 9846
5641 17877 3616 -2506 7993 9417
5924 17448 3456 -2371 7600 9195
5975 17100 3175 -2401 7438 9072
6226 16464 3028 -2387 7397 8980
6303 15792 2882 -2146 7373 8902
6442 15657 2808 -1855 7202 8708
6725 15422 2849 -1725 7142 8494
7132 14975 2873 -1623 7428 8186
7530 14756 2897 -1593 7766 7733
7893 14263 2952 -1515 8041 7256
8298 14039 3109 -1436 8263 6626
9112 13886 3439 -1382 8384 5916
9532 14610 3276 -1565 8439 5342
9868 14760 3376 -1669 8403 5147
10406 14755 3362 -1788 8384 5052
10940 14718 3622 -2162 8491 5052
11541 14481 3709 -2471 8808 4946
12154 13977 3936 -2357 9299 4708
12298 14385 3892 -2189 9755 4601
12378 14962 3750 -2303 10197 4794
12414 15145 3561 -2646 10683 5180
12299 14656 3734 -2898 11038 5722
12438 13361 4096 -2654 11273 6014
12103 12078 4421 -1776 11313 6218
11490 10654 4735 -600 11398 6349
11508 9452 4858 1333 12104 6389
11514 8732 4955 3442 12938 6045
11350 8045 5026 6114 14003 5080
10231 8302 4989 8113 13928 4275
9294 8860 4845 8895 12796 4238
8492 9188 4699 9455 11256 4265
7598 9425 4488 10047 8977 3737
7021 9578 4158 9999 7226 2517
6210 9526 4180 9558 6534 1465
5954 9359 4154 8195 6801 97
4993 9446 4076 6964 7507 -1277
3960 9416 4026 6172 7571 -2077
3058 9074 4232 5600 7499 -3101
2236 8085 4567 5394 7379 -4728
1310 7326 4814 5721 7153 -6671
600 6814 4876 6205 6804 -8107
-289 6503 5074 6732 6374 -10190
-1605 7071 5029 6517 6304 -12595
-3138 8253 4528 5665 5678 -13364
-4566 8928 4576 5039 3851 -13673
-5908 8757 4532 5373 1107 -14521
-6650 7664 5073 5756 -1412 -16973
-7460 7653 5327 5459 -2854 -20086
-8379 9918 5255 4067 -1645 -22773
-10353 13000 4937 2301 659 -25382
-12133 15412 4836 846 57 -25960
-12676 15258 5676 264 -1675 -25619
-13061 14112 6484 435 -3380 -25453
-13714 13486 7028 1232 -5073 -25786
-13802 13906 7630 2685 -6424 -26575
-14505 16292 7205 4209 -6590 -28152
-15590 18232 6294 4860 -6001 -27928
-15763 19574 5822 4433 -4572 -27095
-16150 20098 5538 4053 -3463 -26804
-16512 20495 5409 3965 -2347 -26617
-17260 21054 5414 4075 -1963 -26327
-17482 21062 5522 3868 -1741 -25999
-17745 21072 5115 2826 -1045 -25887
-18280 21081 4630 1573 -593 -25604
-18196 20970 4177 491 -103 -25279
-18533 21430 3853 -775 865 -24829
-19349 21576 3751 -1764 1601 -23833
-21252 20896 4404 -2077 1744 -22287
-22084 21992 4916 -2442 1499 -21100
-22496 22881 5058 -3125 653 -20060
-22204 23053 5162 -3746 468 -19092
-22246 22680 5428 -4218 -15 -17900
-22078 22109 5576 -4694 -429 -16399
-21505 21585 5624 -4233 -1138 -15142
-20757 20525 5469 -2759 -1886 -14082
-19924 19629 5289 -771 -2401 -13059
-19178 19933 4861 998 -2538 -11727
-18186 20582 4450 2178 -2218 -10234
-17222 21151 4178 2962 -1623 -8203
-16225 20111 3926 3900 -1268 -6125
-15788 19054 3770 3763 -490 -4851
-15842 18414 3668 3609 -436 -4520
-15828 18230 3716 3248 -576 -4456
-15714 18315 3543 3161 -1517 -4641
-15410 18666 3657 1484 -1814 -4630
-15388 19245 3622 -60 -2589 -4776
-15200 18850 3677 -599 -3481 -4798
-14885 18788 3922 -827 -4317 -4677
-14742 18836 3868 -603 -4887 -4447
-14507 18667 4234 257 -5509 -3864
-14193 18950 4374 1305 -5499 -3043
-14020 19468 4472 2489 -5449 -2480
-14065 20324 4618 4037 -5157 -1700
-14384 21420 4682 6577 -5205 -178
-13858 21388 4674 8267 -5240 1282
-13824 21302 4556 9203 -5288 2764
-13340 20840 4356 9967 -5290 4308
-12538 20032 4258 10697 -5477 5956
-11872 19438 4064 10947 -5749 7395
-11459 19896 3970 10360 -6162 8695
-10857 19707 3996 9367 -6594 9615
-10786 20724 3940 7915 -6691 10448
-10682 21017 3611 7470 -7383 11558
-9424 18946 4040 8251 -8101 12997
-8380 18697 4060 8517 -7989 13827
-7377 18110 4043 10016 -8188 15303
-6056 17814 3940 11345 -7364 16521
-5523 19006 3644 11920 -6199 17685
-4946 19976 3517 11285 -5077 19497
-3941 19507 3911 10074 -4006 21211
-3668 19808 3850 8514 -3529 22780
-3060 18443 4290 7301 -3692 24409
-2258 17081 4673 5882 -3965 25603
-1757 17088 4942 4710 -3602 25577
-894 15908 5142 4536 -2521 26048
-265 16141 4926 3755 -987 26443
-238 16909 4744 2273 276 26976
-232 16605 4662 738 1281 27981
497 15685 4765 -331 2338 28241
732 15310 4600 -896 2887 28097
1314 13934 4691 -739 3204 28043
2339 13200 4469 -620 4152 27481
3042 13211 4002 -931 5354 26582
3646 13516 3745 -1348 6388 25888
3946 14100 3360 -1757 6955 25209
4493 13688 3336 -1980 7768 24440
4725 14233 3064 -2541 8705 23380
4714 14654 2842 -2996 9080 22387
5078 14142 2932 -3208 9318 21460
5070 14662 2597 -3834 9555 20251
5328 13802 2873 -3983 9619 19315
5579 12679 3193 -3603 9708 18171
5401 12014 3220 -2898 9768 16752
6573 11347 3419 -1205 10167 15368
6497 12297 3304 -212 11575 12956
4376 14698 2614 213 11391 10736
3378 16088 2314 193 10645 9201
2369 17421 1806 -315 9727 7875
1684 16813 2102 -438 8864 7325
1900 15398 2490 56 8195 7277
2268 13238 2990 1537 6958 7201
2956 10421 4246 1444 7093 6663
2905 9489 4662 2380 7227 5406
2200 9592 4962 3966 8009 4669
1030 11740 4445 4410 8357 3544
-138 14925 3314 4099 6941 1601
14 15049 3341 3722 5435 397
234 14920 3502 3611 3568 -285
698 14372 3924 3580 1763 -700
1161 13905 4084 2588 930 -1025
512 15456 3858 634 616 -1883
-252 18386 3003 -844 -422 -3359
-484 20665 2818 -1955 -1618 -4669
-696 23441 2200 -1016 -3739 -4288
-105 22485 2990 -398 -3900 -3220
-700 23525 3466 399 -2618 -3596
-665 25404 3406 2265 -8285 -1657
2785 23170 3257 -2942 -1622 -2124
668 24218 3392 -906 730 -533
1734 22748 4318 5653 -39 1295
3167 21189 4839 6194 3347 1896
2742 20983 5072 6113 4069 2086
2810 20524 5662 4261 1164 2099
4100 19041 5631 2559 638 2749
5125 17929 4732 -354 2902 2081
5042 17540 5078 785 2297 2101
5795 15935 4843 2981 2087 2055
5548 15962 4334 3457 2557 1999
5999 16256 3776 4089 1795 1697
5982 16438 3094 3949 988 1440
6469 16312 2514 2833 1652 1264
6457 16597 2064 2472 2598 1386
6638 16686 2326 2027 2907 1606
6758 16421 2306 1740 3676 1744
6557 16318 2461 1518 4704 1805
6466 16056 2896 1456 5362 1619
6374 15808 3318 1095 6027 1247
6046 16192 3749 518 6400 717
6055 16546 4088 -25 6621 288
5641 17263 4438 -478 6134 164
5810 17123 4880 -815 6052 419
5602 17372 5056 -432 6090 773
5560 17265 5301 -17 5755 1068
5760 17568 5374 937 5389 1226
5490 18095 5230 2213 5362 1195
5520 18118 5572 3154 5156 1507
5448 18341 5760 2862 5584 1711
4885 18545 6103 2560 5213 1990
4761 18657 6178 1934 4982 2071
4396 18510 6262 1716 4264 2287
4472 18640 6071 1191 3411 1871
4627 18655 6275 747 2777 1509
5230 18628 6438 451 2615 1609
6476 17835 6436 421 2992 1637
6765 17925 6320 835 3454 923
6454 18340 6134 1280 3162 273
6036 18693 5560 1590 2063 -129
6075 18693 4606 2047 -32 191
6510 18444 3922 2219 -1443 548