8310 15008 5612 -3714 15549 18584
7849 13718 5801 -4130 15360 18217
7586 12014 6121 -4522 15254 17494
6985 10107 6548 -5172 15065 16265
6124 8116 6748 -5365 14623 14642
5341 6498 6937 -4987 14034 13123
4788 5494 7192 -4077 13167 11673
4509 3664 7886 -2464 11970 9678
4246 2935 8347 -663 10605 7340
3643 2727 8749 22 9096 4054
2361 3118 8678 -445 7483 1025
1500 2914 8608 -1132 6012 -1677
358 2543 8325 -978 3856 -5038
-536 1836 8556 -1159 2507 -6700
-1381 2679 8595 -1906 957 -8137
-2754 3846 8665 -3172 -646 -9740
-3988 4285 8665 -3513 -1939 -11904
-5340 4734 8842 -2443 -3095 -14215
-6272 5362 8772 -1625 -3556 -15322
-7342 6520 8656 -548 -3797 -16974
-8609 7940 8430 -204 -3729 -18339
-9145 8752 8318 78 -3990 -19044
-9514 9453 7900 248 -3727 -20402
-10040 9960 7812 -127 -3544 -21437
-10563 10997 7540 -663 -3432 -21799
-10498 11166 7632 -1468 -2295 -22975
-10820 12069 7541 -2354 -1093 -24567
-11318 12659 7619 -3269 -964 -25236
-11702 12896 7870 -4196 -1712 -25588
-12122 12512 7944 -4415 -2639 -25708
-12315 12707 7847 -4028 -3386 -25707
-12998 15018 7447 -3986 -4808 -24401
-13591 17930 7416 -5544 -5689 -22869
-13692 20694 7774 -7742 -5832 -22415
-13716 21670 8485 -9372 -5735 -22702
-13220 21286 9709 -9338 -5147 -23858
-13380 20638 10328 -7388 -5397 -24755
-13940 19247 10461 -3851 -5637 -25502
-15168 18898 10233 1523 -5530 -26054
-15447 19349 9071 7107 -4352 -26384
-15709 20453 7772 11685 -2046 -26608
-15334 20950 7214 14217 1055 -26637
-15592 21105 7231 14904 3746 -26571
-15672 21186 7558 14105 4446 -25937
-16143 21204 7592 13148 3003 -24746
-15548 19541 7661 11333 602 -23551
-15264 18192 7044 8416 -1253 -22994
-15301 17528 6064 6155 -2715 -22361
-15314 17022 4756 6519 -2774 -21822
-15258 17228 3822 7776 -1923 -21061
-15696 17697 2869 9394 -1451 -19766
-15730 18006 2338 10462 -872 -18738
-16444 17845 1897 11781 -531 -17691
-16994 17502 1512 12922 -117 -16979
-17517 17685 1142 13140 322 -16702
-17936 17436 909 13838 -760 -16672
-17884 17132 1072 12595 -1347 -16197
-17734 16616 1140 12054 -2616 -15654
-17660 16497 1202 10911 -3515 -14831
-17800 16800 1020 10960 -4337 -14246
-17670 17073 1011 11932 -5573 -13114
-17674 17732 978 13086 -6125 -11324
-17501 18601 1004 14382 -5827 -9973
-17278 19004 1258 15854 -5378 -8850
-17238 19153 1605 16681 -4964 -7788
-17068 18637 1904 17621 -5006 -6266
-16642 18161 2200 18485 -4852 -4865
-16906 18462 2186 18570 -5072 -4007
-16717 18628 2149 18815 -5456 -3253
-16300 18882 2205 18271 -5614 -2638
-15545 19552 2019 17127 -5812 -1775
-14782 20126 1596 15215 -5692 -800
-14069 20113 1336 13372 -5260 -52
-13870 19938 1508 12109 -5138 579
-13760 19568 1612 10589 -4976 765
-13625 18664 2486 9722 -5654 824
-13266 18914 2816 8268 -5774 820
-13069 18616 3080 7706 -6211 1000
-12484 18388 3397 7146 -5917 1403
-12714 19352 3714 6428 -5527 2172
-12864 19269 3916 6988 -5485 3234
-12686 19060 4358 7272 -5361 3557
-12532 18913 4460 7930 -5475 3915
-11867 18383 4613 9167 -5757 4354
-11454 18358 4889 9907 -5321 4359
-11400 19208 4832 9900 -5090 4358
-11820 20841 4366 9018 -4817 4437
-11872 20594 4452 8947 -5524 4910
-11255 20877 4261 7811 -5494 5317
-11276 20252 4520 6918 -5797 5502
-10472 18798 4746 7065 -6208 5957
-9682 18604 4805 7181 -6456 6754
-9917 20010 4642 6416 -6487 7388
-9872 20993 4152 5845 -6684 8003
-9494 21532 3775 5374 -6903 8549
-8770 20881 3411 4602 -7112 9108
-7927 19148 3576 3292 -6176 9816
-8112 19364 3384 2266 -5683 10137
-7881 18690 3496 588 -5038 10286
-8032 17572 3012 -1682 -4247 10781
-8086 16645 2769 -3646 -3895 11527
-8046 15740 2686 -5222 -3660 12065
-7333 13889 2759 -5892 -3539 13449
-6860 13786 2880 -6233 -3532 14878
-6248 12751 2924 -6241 -3732 16031
-6051 13646 2708 -5903 -3660 16745
-5574 14528 2473 -6269 -3707 16736
-4452 14138 2633 -6986 -3306 17317
-4289 14876 2201 -7765 -2886 18004
-2977 13072 2816 -8196 -2263 18806
-2629 13856 2393 -8661 -1636 19061
-1565 12863 2662 -7739 -614 19355
-1465 13973 2468 -6548 24 19688
-1454 14466 2600 -5795 406 20386
-1088 14321 2850 -5136 730 21581
-904 14260 3132 -4663 1029 22515
-1162 14918 3287 -4402 1109 23055
-1020 14263 3820 -3699 1207 23617
-1036 14080 3984 -3085 1395 23747
-618 12884 4415 -2062 1794 23664
-130 12860 4401 -861 2608 23486
138 13198 4396 -284 3801 23463
285 13277 4628 203 5139 23203
508 13120 4896 447 5908 22860
1065 12342 5515 760 6838 22079
2004 12181 6068 739 8003 20236
2398 12658 6390 139 8691 18812
2195 13682 6100 -848 8751 17343
1663 14937 5722 -2441 8592 15376
413 16286 5402 -3797 7640 13552
428 16510 5503 -4171 6586 12361
825 16144 6070 -4487 5544 12053
1522 15538 6612 -4663 4946 12282
1606 14928 6931 -3291 5027 12284
2334 14684 7510 -917 5699 11865
1942 16234 7470 557 7033 10883
1690 17556 7537 1422 7995 9629
1772 17977 8053 1385 8889 9072
1838 18076 8497 946 8679 9013
2184 17060 9140 670 7682 9490
2460 16245 9618 323 6534 9747
2412 15850 9732 313 5609 9269
2120 16272 9664 1054 4588 8574
2823 16504 9395 1874 4135 7817
4859 16769 9132 2413 4605 7069
5924 16819 8858 2417 6424 6006
4405 17849 8817 1975 6994 4752
4090 17758 8692 1313 6882 4190
3581 18812 8226 -339 6658 3706
3770 18298 8074 -1758 6278 3271
3936 18098 7890 -1928 5603 2862
3555 18100 8220 -1098 4388 2537
3250 18348 8120 -109 3585 2517
2711 18586 7515 877 3514 2611
2524 18876 6721 1753 3651 2289
2662 19940 5677 2997 3747 2072
3365 19976 5154 3486 3461 1634
3884 19892 4805 4010 3499 1418
4566 18920 4993 3382 3210 1719
5008 17684 5502 1860 3426 2256
5148 16288 5807 -938 4179 2668
4904 15405 6201 -3482 4655 2464
4480 14730 7034 -3015 4011 1641
4202 14849 7596 -1407 3623 869
3722 15506 7712 -581 3804 362
3217 16076 8090 -261 3818 41
2836 16542 8380 -610 3457 -136
3021 16521 8305 -959 2654 -67
3498 15260 8165 -1094 1771 103
3900 14519 7885 -603 643 61
4333 14281 7479 352 -484 56
4656 14765 7244 1121 -794 -101
4694 15252 7346 1074 -562 -315
5088 15125 7420 101 172 -524
5213 14534 7476 -1046 925 -741
5490 13794 7486 -1254 1179 -1157
5557 13321 7534 -1100 1028 -1692
5613 13116 7662 -812 632 -2286
5705 13440 7564 -645 509 -2789
5697 13924 7636 -627 443 -3077
5476 14520 7686 -467 438 -3224
5056 15262 7892 -628 302 -3313
4804 16062 8289 -782 -259 -3378
4764 16388 8562 -1261 -683 -3531
4684 16480 8976 -2448 -628 -3647
4560 16542 9250 -3286 -463 -3570
4438 16661 9536 -3454 -562 -3227
4336 16284 9989 -3433 -609 -2807
4293 15943 10153 -2995 -840 -2608
4448 15592 10356 -2233 -961 -2607
4693 15442 10260 -1528 -905 -2532
4875 15490 10270 -800 -949 -2512
5020 15516 10470 -692 -1086 -2576
5084 15448 10404 -965 -1172 -2735
5062 15612 10394 -1230 -1295 -2814
5180 15531 10512 -1904 -1438 -2938
5232 15580 10538 -2332 -1641 -2796
5312 15640 10438 -2418 -1971 -2775
5293 15813 10346 -2286 -2318 -2761
5072 15925 10270 -2262 -2541 -2676