10962 20212 8392 6360 35 6910
11588 20661 8186 6537 946 8538
12238 20861 8101 6438 1877 10344
12937 20676 8144 5971 3076 11974
13342 20154 8116 5059 4392 13286
13458 19586 8028 3735 5659 14459
13413 19033 7940 1997 6587 15723
13104 18206 7769 209 7128 17038
12756 16969 7545 -1409 7326 18016
12578 15147 7407 -2674 7205 19005
12353 13025 7272 -3252 6917 19735
12213 10998 7265 -3098 6706 20274
11992 8998 7321 -2209 6635 20630
12022 6728 7555 -638 6948 20489
12128 5433 7585 1414 7185 19579
11960 4398 7461 3285 7284 17774
11674 4117 7110 4289 6989 15206
10726 4236 6668 3667 6865 12297
9428 4657 6200 2168 6569 9695
8284 5222 5938 933 6035 7343
7702 4618 5745 628 5136 4686
7112 2823 5804 -1096 4502 1410
6450 2194 5593 -3833 4363 -1411
5157 2784 4907 -5624 4587 -4761
3407 3416 4590 -5644 4883 -7758
2145 4333 4594 -5112 4190 -8677
1250 5070 4436 -5099 3845 -9710
589 5392 4498 -5190 4302 -11823
-89 5538 4501 -4569 5392 -14841
-749 4582 4790 -3921 6956 -17654
-2839 6276 4748 -3088 8175 -18366
-5013 8792 5023 -3869 8789 -17872
-7117 12190 4930 -5819 6969 -16815
-6257 12596 4996 -6690 5017 -18480
-4566 10042 5521 -5346 5221 -22163
-4730 9892 5919 -7359 8674 -24875
-7136 12921 5469 -8768 11593 -25446
-7885 14137 5993 -8963 13679 -25907
-9573 15637 6462 -8917 13654 -25344
-10322 16860 7005 -8456 11664 -24333
-10818 17310 7241 -8102 11608 -23916
-10901 17704 8201 -7245 12069 -23678
-11276 17884 8958 -7008 12305 -23118
-10904 20036 9196 -7217 12515 -22640
-11270 18610 10560 -8667 13571 -22143
-12069 17811 12061 -9760 14919 -21270
-12566 16896 13310 -9638 14876 -20776
-13251 15987 14017 -8563 14541 -20261
-14368 14777 15199 -6136 13646 -19474
-15450 13666 15820 -2995 11636 -18863
-15686 13141 15689 30 9623 -19240
-16326 12481 15319 3409 7669 -20088
-16573 12501 14552 6612 5792 -20878
-16796 12420 13629 8867 4866 -21681
-17022 12749 12922 10823 4006 -22425
-17409 13320 11979 12359 3071 -23179
-17649 13498 11048 14146 1495 -23500
-17229 13711 10058 15297 723 -24214
-17496 13789 8885 16786 -66 -24485
-17307 13992 7735 18888 -1357 -24018
-16950 14134 6746 20404 -2094 -23530
-16618 14814 5777 21214 -1971 -23030
-16397 15310 4829 21572 -1731 -22239
-16226 15516 4628 21265 -1453 -21552
-15820 16057 4753 20042 -1139 -21057
-15545 16162 5148 17974 -592 -20950
-15794 16432 5644 15963 -1084 -20338
-15693 16705 5796 14233 -2296 -19355
-15984 17084 5748 13792 -3093 -18287
-16373 17780 6003 13743 -3646 -17095
-16718 17941 6130 14122 -3780 -15708
-16961 18409 6594 14641 -3552 -14438
-16909 19302 7369 14995 -2808 -13078
-16824 19562 7566 15077 -2362 -12020
-16542 18658 7797 16053 -2825 -10678
-16738 17593 7852 17829 -3923 -8518
-16644 17144 7598 19420 -4261 -6741
-16517 17077 6988 20322 -4925 -5576
-16568 17564 6762 20378 -5083 -4780
-16618 18003 6152 19099 -5420 -3903
-16293 17814 5790 16776 -5189 -3050
-16160 17708 5462 14433 -4868 -2411
-16250 17343 5365 11745 -4984 -1935
-15873 17280 5485 9628 -5531 -1763
-15968 17638 5716 7767 -5827 -1589
-15731 18525 5938 6148 -5873 -919
-15148 18258 6377 5301 -5242 -539
-15498 18182 6809 5555 -5243 -450
-15909 17872 6993 6514 -5360 -456
-16096 17764 7101 7588 -5306 -358
-16068 18408 7212 8173 -4800 -546
-15630 18794 7276 8626 -4435 -987
-15002 19513 7138 8537 -4007 -1071
-14884 20728 6714 8147 -3955 -611
-14934 20266 6733 8977 -5020 399
-13909 19357 6927 9641 -5567 1365
-12973 19393 7209 9397 -5365 1425
-12695 20040 7359 9350 -5951 2130
-11923 20037 7313 8947 -5938 3748
-11358 19525 7117 7742 -5269 5279
-10506 18246 7021 6858 -4962 6603
-9935 16802 6635 6436 -4958 8956
-9143 15443 6495 6309 -5117 10971
-8679 14473 6287 5426 -4668 11488
-8606 15405 6422 3692 -4124 11164
-9077 16822 5935 1265 -4215 11040
-9402 17544 5746 -1507 -4505 12456
-9620 17444 5316 -3291 -4925 13409
-9623 16760 5867 -5381 -4887 13684
-9606 16666 5926 -7771 -4692 13351
-9933 17840 5978 -9410 -4262 13111
-10050 18882 5558 -10524 -4086 13018
-9285 17882 5089 -10001 -4305 13642
-7558 16161 5114 -9656 -4179 14872
-6384 14561 4632 -9045 -4467 16683
-5090 11726 4548 -6848 -4957 19088
-4072 10884 3861 -3706 -5378 21439
-3412 9910 3620 -602 -5669 23770
-2685 9524 3284 2342 -5735 25886
-1601 9180 3102 5296 -5076 27731
-587 8851 2997 7185 -3895 28478
46 8568 3178 7847 -2855 28369
-88 10308 3261 6640 -1338 27621
518 10564 3715 4399 449 27039
365 11426 3999 1185 1869 26377
381 10870 4332 -1420 2244 25023
749 10233 5005 -2626 2794 23457
652 11150 5302 -3125 2586 22158
1226 11145 5957 -3465 2714 21185
1310 12114 6357 -4063 3451 20883
1186 12382 6573 -3384 4342 20885
1509 11731 6778 -1534 4954 20912
1118 11854 7285 908 4731 20693
1101 12757 7300 2742 4199 20360
1682 13162 7593 4524 3889 19442
2557 13507 7912 5883 3802 17917
2870 14544 7654 6013 3820 15784
3062 15034 7600 5224 3730 14504
3211 15030 7261 3514 4536 13528
2580 16253 6717 1269 4936 12174
3360 15461 6910 1266 5301 11484
3013 16581 7080 727 6081 10856
2386 18526 6478 669 6014 10378
2579 18136 6691 1468 5981 10234
2955 17954 6839 1852 6229 10460
3626 17130 7058 2167 6347 10805
4141 18429 6826 1626 6993 10333
3860 19376 6620 1303 7603 9453
3366 18806 7225 1736 7473 8420
2956 19431 7249 1962 7372 7318
2385 20274 7005 1356 6798 7077
2939 19122 7235 936 6411 8075
3204 18673 7608 1586 6645 8362
2560 19722 7220 2667 6187 7339
3006 18925 7460 4085 5849 6947
3202 19540 7622 4752 6029 6765
2567 21041 7332 4059 5983 6465
2222 20606 7282 2398 6030 6590
2264 20100 6996 1023 5612 6718
894 19930 6714 3853 -1362 6582
5344 14092 6457 734 -9282 3723
6016 15538 4348 -9254 -108 3474
3505 18269 3516 -5701 3892 3030
6653 13549 6362 -1228 4062 3561
5814 16093 5568 -1728 8391 2344
4102 16906 6173 1415 7336 2937
5782 14836 7448 865 7369 2689
4881 14970 7746 297 6679 1814
4898 14364 8338 -439 4083 781
4708 14244 8493 493 1742 452
5326 14334 8341 1281 532 -105
5955 14711 8007 1605 103 -1061
6150 15144 7561 2054 -293 -1400
6233 16048 6932 2689 -757 -1483
6797 15833 6589 1768 -99 -1835
6757 16058 6390 1351 229 -1624
7057 15925 6100 543 830 -1327
7300 15234 6198 -530 2138 -945
7229 14606 6429 -922 3267 -397
7201 14124 6725 -685 3792 78
7182 13854 7090 -99 4041 198
7092 13876 7567 82 4040 -400
7028 14466 8002 -25 3832 -1244
7034 14802 8145 -198 3088 -1951
7002 14792 8162 -248 2493 -2101
6695 15107 8099 -77 1206 -1817
6594 15477 7852 270 324 -1633
6798 15480 7928 522 196 -1590
6380 15474 8068 989 85 -1586
6535 15669 7914 1504 -13 -1590
6434 15727 7985 1824 30 -1528
6544 15776 7948 1773 105 -1631
6616 15665 7960 1516 -136 -1755
6530 15696 8069 573 -487 -1710
6467 15798 8112 -473 -881 -1653
6705 15309 8182 -849 -1169 -1651
6796 14797 8122 -406 -1316 -1782
6800 14466 7937 406 -1462 -1899
6774 14596 7716 1277 -1674 -1833
6965 14826 7558 1706 -1846 -1715