9629 9368 2645 -832 18352 17355
9206 7789 3233 -507 18940 16201
8533 6520 3761 -518 19565 15033
7714 5188 4486 -364 19453 13798
7132 4024 4998 -369 19037 12620
6417 3134 5389 281 17741 11225
5586 2022 5817 455 16547 9669
4745 1840 6037 584 14944 8128
4020 1493 6222 635 13184 6399
3312 1260 6338 869 11381 4405
2786 918 6558 790 9805 2346
2482 1029 6745 624 8645 257
1632 1342 6658 628 7699 -1816
805 1736 6416 1111 6687 -4107
-446 2497 5784 1858 5130 -6052
-1770 4125 5542 2390 2651 -7063
-2810 5646 5252 2346 277 -7927
-2957 6663 5260 2230 -1434 -10275
-2992 7981 5699 1678 -1986 -13418
-2986 8750 6114 622 -730 -15955
-3330 9623 6448 -609 1919 -18033
-4837 10762 6581 -517 3541 -18959
-5525 11485 6772 741 3747 -19479
-6156 12362 7056 1891 3408 -19582
-6307 13627 7564 2358 2977 -19095
-6222 15066 7841 1341 2834 -18448
-5982 15536 8325 -284 3558 -18709
-5694 15492 8422 -850 4333 -19761
-5595 15194 8636 574 5108 -21843
-6242 16438 8458 2990 6056 -22371
-6888 18802 8384 3037 6567 -21377
-7692 21130 8444 1281 6176 -20776
-8161 22210 8653 -898 5538 -20539
-8645 22425 9046 -1716 4824 -20516
-8706 21873 9588 -552 4188 -20901
-8872 21476 10052 1380 4450 -20815
-8980 21749 10297 3338 5981 -20019
-10512 23590 10506 3913 6893 -19470
-11040 23781 10553 3792 6405 -19175
-11077 22757 10437 3356 5332 -18676
-11017 21450 10160 3034 4564 -18210
-11368 20062 9626 2733 4299 -17936
-11800 18278 9256 2779 3776 -17580
-12595 16576 8705 3610 2710 -17051
-12869 15904 8158 4009 1396 -16975
-12826 15348 7646 3434 980 -17413
-12859 14888 6661 2124 1315 -18120
-12821 14411 5858 243 1588 -18569
-12370 14160 5632 -1729 2116 -19073
-12002 14415 5695 -4576 3016 -19372
-12314 14554 5620 -7985 3858 -18652
-12782 14021 5842 -10235 3733 -17567
-13483 12619 5708 -10421 2751 -17299
-13846 10242 5894 -9829 2146 -17852
-14934 9330 5831 -8385 1648 -18598
-15999 8564 5747 -3457 769 -20338
-17312 9612 5730 2226 1595 -21708
-18556 11954 5408 7710 2450 -21935
-19886 14350 5012 11255 2942 -21625
-20787 16965 4545 12932 2839 -21364
-20944 18742 4366 12728 3388 -20745
-20722 19236 4292 12581 3627 -20054
-20433 18898 4104 12339 3668 -19394
-19528 18445 3636 12517 1397 -18790
-18866 18234 3412 11436 -522 -17764
-18728 19198 2990 11313 -1573 -16930
-19116 20019 2905 11463 -2427 -15155
-18938 21253 3339 10429 -745 -11701
-18790 21653 4200 14334 -2471 -8557
-17653 19953 4616 17041 -3314 -6618
-16966 19078 4718 18605 -3300 -5187
-16556 18837 4586 19093 -3170 -3779
-16628 18610 4478 19044 -3260 -2573
-16249 18238 4966 18705 -2928 -1650
-15950 18026 5154 17722 -3012 -1284
-16072 17944 5327 16130 -3723 -672
-16092 17050 5287 14760 -5283 116
-16064 16492 5261 13900 -6464 573
-16228 17112 5156 13257 -7476 1236
-15940 17616 5017 13187 -7811 1954
-15730 17410 4880 13369 -7871 2492
-15562 17562 4666 13603 -7778 2832
-15368 18211 4474 13499 -7817 3272
-14736 18260 4377 13389 -7827 3569
-14016 18273 4156 13205 -7519 3892
-13610 18620 4200 12450 -7448 4370
-13572 18991 3946 11492 -7767 5155
-13245 18772 4148 10461 -8375 5991
-12808 19212 4269 9253 -8927 6254
-12264 19453 4160 8015 -9494 6525
-11780 19802 4084 6672 -9974 6532
-11304 20372 4062 5417 -10212 6598
-10187 20190 4119 4375 -10242 6846
-9334 20516 4168 3037 -9672 7003
-8869 20663 4182 1878 -8822 7066
-8068 20243 4363 2012 -7585 7319
-7985 21649 4600 1109 -5770 7625
-7602 21933 4465 646 -5000 8454
-6812 20248 4692 689 -4393 9563
-6020 18427 4978 755 -3325 11064
-5875 18292 5206 24 -1907 11493
-6549 18968 5014 -890 -1214 11556
-7111 19257 4989 -2845 -938 12622
-7724 17777 4837 -4227 -926 13674
-7762 15606 5113 -4823 -727 14717
-8022 14609 5074 -4938 -933 15695
-7528 12954 4740 -4459 -1164 16451
-6141 10766 4617 -2817 -836 18017
-5447 10424 4096 -810 -746 20158
-4602 11546 3660 -130 -1049 22861
-5082 13500 3390 314 -2013 24937
-5527 14683 3449 562 -2814 26381
-7068 17139 3531 449 -4685 26335
-6412 16132 3335 1284 -6352 24049
-5872 17062 3664 -54 -6817 22081
-4588 16657 3910 -1892 -6938 20880
-4028 15954 4257 -3784 -5817 20321
-3404 15550 3894 -4296 -5175 20192
-2436 14562 4410 -4436 -4150 19824
-2954 14053 3697 -3486 -3316 18982
-2600 12054 3678 79 -3760 18435
-1234 11419 3454 2604 -2441 18768
930 11044 3243 5228 2441 19498
1173 13014 2681 5589 6633 19849
1240 13461 2808 5299 8321 19738
1640 13671 2952 4968 9533 18503
2456 12246 3393 4609 10227 16811
2961 11050 3677 4153 10160 15867
2961 10170 3761 3932 10320 15005
3435 10264 3949 3874 10468 13872
3262 12336 3640 3441 11779 12222
2514 15933 3038 2401 12838 11032
2278 18398 2771 690 13677 10513
2054 17962 2817 -1155 14372 10692
2041 15467 3534 -1139 13990 10668
1962 13169 4434 159 13382 10416
376 15762 4264 902 12627 9617
188 18078 3969 1841 12263 8623
360 19324 3892 2107 12524 8597
473 20416 3899 2231 12461 9374
741 20233 4396 597 12834 10310
500 18897 5031 -886 12913 11395
-232 17912 5420 -1386 12363 12047
298 15541 6303 -843 11303 10927
722 14298 7373 -452 10182 7691
113 15551 7296 -227 8699 5053
138 16092 7416 182 7325 3645
38 17597 7628 -53 6486 3438
-75 19110 8022 -1119 5049 3599
666 18902 8628 -2074 4149 3497
899 17895 9111 -2532 3201 3189
910 16882 9190 -2354 1214 2328
1005 17576 8912 -2261 405 1972
1272 18790 8466 -2258 35 2443
2038 20372 8595 -3304 817 3055
2720 20971 8529 -4628 2023 3523
3154 20097 8186 -4421 3056 4150
3711 19184 8008 -3229 3116 4719
4109 19012 8070 -2250 3222 4432
4513 19126 7954 -1115 3191 3658
4624 19266 7888 174 3405 3032
4685 19833 7924 420 3356 2759
4217 19968 7837 -39 3489 2974
3913 19433 7792 -671 3764 3399
3520 19090 7860 -1060 3665 3698
3879 17866 7909 -1496 3224 3939
4605 16069 7693 -1331 2733 3846
5185 14736 7651 -926 2522 3314
5370 14554 7606 -726 2354 2394
5476 14602 7368 -685 2152 1706
5733 14919 7182 -741 1804 1094
5780 15500 7108 -729 1290 243
5751 16034 7305 -578 581 -663
5586 16320 7508 -610 19 -1064
5466 16460 7484 -786 -61 -1195
5048 16220 7516 -805 -415 -1284
5079 15861 7485 -596 -806 -1447
5085 15421 7324 133 -1313 -1514
5234 15345 7060 887 -1721 -1393
5419 15538 6435 1144 -1516 -1275
5285 15802 6061 922 -793 -1231
5232 15768 6164 1015 -576 -1060
5559 15704 5932 629 -330 -917
5791 15321 5814 532 14 -659
5920 14984 5899 291 258 -648
6002 14998 6391 -18 361 -659
6080 15018 7042 -715 549 -788
5952 15136 7552 -1177 582 -907
5892 15093 7804 -1404 535 -1174
5494 15194 8018 -1041 -19 -1443
5466 15385 7968 -329 -781 -1618
5585 15690 8088 117 -1445 -1650
5773 16124 8063 592 -2000 -1607
5726 16406 8068 509 -2457 -1477
6140 16245 8449 47 -2191 -1224
5953 15582 8318 -352 -1914 -1093
5850 15123 8321 -290 -1991 -1337
5756 14942 8297 -3 -2157 -1534
5945 15116 8458 65 -2263 -1699
6059 15410 8471 15 -2357 -1975