6128 18349 2120 1278 2795 1281
6430 18580 2258 636 2708 1116
6706 18714 2293 -249 2760 963
7061 18808 2408 -1049 2866 984
7413 18698 2560 -1511 3086 1144
7649 18786 2660 -1694 3303 1470
8053 18758 2649 -1628 3396 2022
8280 18885 2622 -1547 3448 2627
8482 18878 2476 -1517 3424 3326
8492 18665 2602 -1558 3522 3895
8557 18056 2910 -1606 3900 4248
8556 17181 3361 -1473 4522 4350
8425 16321 4148 -1153 5182 4198
8298 15453 4862 -921 5687 3772
8116 14664 5492 -778 5943 3132
7818 14080 5969 -706 5568 2340
7622 13502 6024 -780 4776 1529
7516 12996 6085 -751 3842 644
7329 12709 5830 -879 2937 -302
7157 12422 5477 -753 2278 -1166
6978 12060 5197 -241 2163 -2051
6856 11729 5028 722 2704 -2883
6758 11189 4956 2477 3718 -3782
6293 11140 4577 4799 4457 -4535
5472 10742 4428 7010 4729 -5459
4721 10713 3996 8808 4462 -6037
3766 11660 3280 9528 3835 -7013
2866 13310 2302 8465 2638 -8295
2317 14454 1505 5643 1699 -9895
1670 15260 570 2230 1230 -11623
1333 14590 -53 -242 1414 -13146
613 13993 -697 -1050 2226 -14271
213 13230 -1016 -120 3459 -15059
-320 12661 -766 1862 4537 -15444
-941 12406 -380 4092 5211 -15589
-2076 13334 -244 5150 4338 -15868
-3430 14676 -473 4301 1757 -16236
-4498 15968 -974 2097 -1773 -16904
-5497 16612 -2085 -298 -5070 -17471
-5605 16560 -2749 -1786 -6574 -17737
-5510 16060 -3108 -1877 -5995 -17782
-5916 15692 -3200 -805 -4096 -17679
-6533 15674 -2570 771 -1972 -17865
-7348 15837 -1906 1526 -726 -18239
-8377 16390 -732 645 -1066 -18553
-9290 16338 177 -1012 -2592 -19066
-10240 16858 -13 -2786 -5016 -19584
-11081 17245 -497 -3991 -7394 -19766
-11877 17965 -952 -4738 -9177 -19406
-12254 18500 -1102 -5153 -9808 -18684
-12288 18293 -656 -4925 -8915 -18031
-12221 17150 -10 -3539 -6921 -17640
-12676 16797 697 -1176 -5152 -17199
-13421 17537 1192 913 -4457 -16675
-14469 19201 1230 1782 -5189 -15894
-14857 20162 1418 1429 -6470 -15014
-15046 20785 1664 386 -7432 -14329
-15054 21178 1965 -1126 -7886 -13801
-14916 20986 2376 -2834 -7689 -13444
-14990 20429 2634 -3437 -7022 -13078
-15220 19656 2758 -2411 -6353 -12563
-15564 19206 2792 -123 -6128 -11515
-15577 18869 2801 2865 -6147 -9911
-15468 19089 2745 5624 -6478 -8400
-15540 19436 2474 7246 -6937 -7218
-15417 19881 2124 7520 -7357 -6464
-15150 19802 1880 6998 -7429 -5981
-14894 19449 1670 6322 -7184 -5563
-14532 18690 1474 6180 -6720 -5139
-13977 17841 1385 7017 -6175 -4671
-13546 17261 1301 8714 -5774 -4186
-13254 17532 1057 10297 -5861 -3733
-13070 18164 932 10805 -6344 -3422
-12964 18813 460 9952 -7009 -3246
-12725 19092 218 8275 -7489 -3230
-12349 19072 -113 6657 -7611 -3407
-12097 18754 -238 5400 -7352 -3649
-11738 18460 -214 4774 -6924 -3801
-11576 18360 -240 4805 -6593 -3699
-11166 18130 -300 5406 -6342 -3290
-10953 18333 -454 6363 -6281 -2844
-10738 18632 -537 7138 -6402 -2459
-10557 19149 -753 7449 -6569 -2060
-10462 19957 -930 7105 -6611 -1740
-10218 20594 -1118 6175 -6395 -1531
-9741 20585 -1209 5350 -5865 -1326
-9428 20601 -1244 4892 -5054 -1087
-9045 20497 -1216 4879 -4313 -697
-8750 20596 -1309 5236 -3860 -82
-8536 20760 -1537 5647 -3732 665
-8444 21421 -1665 5654 -3804 1406
-8174 21973 -1781 4919 -3894 2081
-7845 22113 -1888 4065 -3748 2762
-7621 22321 -2114 3323 -3295 3439
-7176 22017 -2049 2933 -2539 4125
-6704 21490 -2044 3057 -1623 4919
-6368 21184 -1948 3641 -772 5895
-6254 21309 -1993 4251 -189 6853
-5998 21508 -1917 4403 126 7804
-5889 22124 -1989 3986 248 8700
-5584 22246 -2038 3084 277 9521
-5257 22260 -2098 2222 403 10285
-4942 22428 -2136 1361 645 11052
-4372 21994 -2266 986 1293 11861
-3740 21493 -2349 1444 2279 12882
-3269 21245 -2478 2221 3308 13972
-2789 21201 -2461 2680 4076 15028
-2368 21257 -2409 2587 4659 15881
-2116 21137 -2108 1804 5068 16476
-1718 20589 -1690 908 5465 17014
-1446 19985 -1437 343 5796 17558
-1116 19542 -1362 177 5827 17988
-769 19393 -1218 39 5652 18485
-424 18988 -1214 -55 5575 18887
-178 18409 -1200 94 5605 19124
54 17733 -930 171 5768 19300
116 17256 -729 91 6147 19249
93 16861 -532 -201 6544 19009
242 16408 -241 -511 7150 18696
261 16220 -125 -602 7775 18249
437 15680 244 -376 8364 17669
592 15477 588 -96 8923 16910
560 15561 656 -189 9221 16122
378 15762 766 -658 9063 15357
290 15822 957 -1387 8573 14689
170 15769 1140 -1828 8010 14021
653 15436 1316 -1850 7700 13368
854 15197 1489 -1283 7709 12721
1253 15102 1592 -468 8133 12087
1016 15737 1434 -123 8433 11380
610 16173 1161 -372 8330 10834
482 16102 1049 -943 7976 10251
416 16097 933 -1554 7586 9546
642 15885 1036 -1998 7485 8721
888 15562 1185 -2132 7943 7876
1018 15712 1218 -1796 8730 7104
945 16200 1309 -1394 9346 6428
642 16672 1420 -1387 9435 5760
286 16770 1452 -1690 8996 5123
314 16568 1677 -1927 8474 4581
414 16350 1872 -1932 8007 4030
625 16288 1958 -1774 7540 3544
736 16464 1986 -1324 7050 3189
885 16725 1917 -713 6466 2914
994 17018 1734 -118 5855 2651
1066 17344 1586 286 5273 2412
1293 17590 1400 401 4706 2226
1417 17689 1368 440 4175 2073
1510 17877 1078 559 3706 1885
1565 18194 793 640 3134 1744
1753 18416 534 605 2601 1671
2036 18586 430 543 2360 1599
2298 18537 402 526 2359 1494
2677 18401 356 611 2516 1334
2856 18382 292 844 2653 1270
2954 18373 278 1112 2762 1152
2900 18417 408 1198 2865 1009
2941 18653 426 981 2869 900
2944 18698 554 586 2717 805
3068 18489 658 293 2594 650
3310 18420 719 206 2526 532
3423 18464 800 377 2456 532
3380 18612 832 406 2266 535
3380 18726 822 279 2028 510
3340 18644 828 42 1777 513
3382 18563 862 -216 1515 544
3515 18371 820 -186 1378 568
3615 18262 806 100 1342 594
3638 18344 817 295 1308 580
3697 18332 845 263 1239 542
3706 18394 812 165 1091 514
3729 18525 751 -97 894 380
3789 18449 702 -378 817 273
3869 18228 806 -322 945 215
3930 18116 826 132 1098 318
4069 18168 847 555 1130 383
4138 18432 803 656 987 386
4214 18647 796 190 676 219
4241 18560 777 -386 498 104
4236 18166 795 -432 518 45
4256 18149 753 43 601 139
4368 18266 604 626 655 366
4441 18380 554 959 740 471
4415 18515 501 738 704 405
4394 18469 570 320 761 268
4335 18340 645 149 828 91
4222 18411 756 -27 816 -50
4113 18422 781 -262 677 -101
4109 18339 719 -254 459 -120
4210 18188 682 -138 312 -74
4292 18059 656 269 325 43
4335 18211 600 735 290 170
4478 18289 604 929 225 199
4648 18353 414 1040 106 196
4622 18418 313 860 -88 101
4618 18465 249 472 -232 17
4572 18502 113 24 -390 -114
4664 18484 117 -419 -486 -157
4712 18373 64 -448 -376 -202
4641 18456 -4 -375 -189 -166