-8301 4697 14205 -11234 477 -4993
-8122 4572 15108 -8236 1489 -5016
-7905 4868 15677 -4757 1850 -4123
-7325 5444 15897 -1884 1744 -2943
-8288 5718 15826 -353 28 -1229
-7204 6104 16104 551 -1556 -629
-7314 6494 15762 967 -2678 -265
-7180 5500 15570 955 -3428 735
-6646 5772 15468 717 -3942 926
-6600 5400 15321 884 -3662 700
-6402 4702 15348 688 -3095 671
-6631 4924 14974 982 -1727 149
-6884 4902 14720 1332 -534 -155
-7190 5253 14360 1704 85 -463
-7317 5950 14320 1856 713 -466
-7614 6711 14245 1672 1008 -408
-7737 7457 14386 948 922 -221
-7730 7719 14693 -413 421 244
-7756 7401 14672 -1516 -243 710
-7732 6950 14844 -2084 -787 1077
-7702 6493 14788 -2418 -1314 1558
-7568 6062 14962 -2381 -1680 1959
-7472 5238 14956 -2045 -1943 2307
-7518 4611 15102 -679 -2232 2502
-7533 4240 15325 1561 -2273 2745
-7458 3685 15475 4229 -1964 3193
-7526 3918 15574 7035 -1502 3846
-7963 4722 15530 9990 -1097 4728
-8138 5244 15824 12090 553 6773
-8717 6712 15626 14188 859 8685
-8980 8104 15998 15434 -1220 11408
-8266 8281 15128 15904 -1738 15198
-8176 9174 15350 18792 -766 18992
-8192 11722 15629 20055 -105 22726
-7970 12796 16588 22551 1946 24549
-8157 14364 16662 24648 5095 24615
-12678 14702 13069 29840 9121 18494
-7184 17490 12870 32727 10267 20074
-7870 21912 12618 32767 12023 21008
-6954 23358 11890 32523 11188 21537
-6213 25553 11033 30691 11115 22890
-6069 27484 10504 30207 11467 23445
-4810 29304 9262 28955 11452 23913
-2363 31494 7958 27280 11570 24765
-1064 32767 7112 24182 11973 25972
948 32767 5959 19933 10850 26593
3122 32767 4836 13434 9395 27933
3922 32767 4366 8548 8475 28609
4586 32767 3929 4521 8415 29534
5142 29969 3874 1708 9508 31486
4540 28245 3934 -666 10923 32767
3802 25540 4486 -3835 11711 32767
3596 22184 5368 -6353 12633 32767
3064 18642 6030 -8247 13426 32767
2066 15961 6260 -9645 13652 32767
1046 13105 6248 -10330 12330 32767
64 9856 6449 -10716 10641 32767
-78 7645 6576 -10725 8717 32767
446 4716 6465 -9632 7213 32767
900 2376 6664 -7831 6210 32767
1786 148 6738 -4167 5200 32257
2897 -1378 6984 111 4754 29596
4028 -2012 7285 2594 5225 27091
5281 -2089 7744 4321 5791 24586
6832 -2709 8240 5422 6308 22210
7513 -2249 8602 5886 6587 19530
7546 -1566 8457 5312 7383 16868
7078 -970 8030 3757 7324 13752
7006 -957 7538 2367 6517 10408
6944 -1254 7049 1748 6295 7296
6057 -1329 6229 2021 6345 4265
4864 -1168 5709 3154 6057 984
3670 -484 5445 4387 5964 -2110
2674 785 6086 4950 6339 -5148
1504 2324 6516 4059 7111 -8408
20 3350 7033 2096 7808 -11695
-1685 4020 7480 -463 8305 -14813
-3453 3862 7356 -2702 7760 -17764
-5364 3313 7205 -3070 6811 -20366
-7666 4085 7374 -1373 6049 -22394
-9589 5482 7549 1243 5855 -24316
-11550 6888 8005 3448 5976 -25771
-13497 9430 8581 4142 5994 -27116
-15050 12261 9434 2463 5633 -28329
-15380 13173 10061 -1076 5186 -29176
-15917 12206 10537 -3944 4786 -29078
-16032 12236 10986 -3482 4503 -28832
-17010 12596 11021 -1098 3850 -29165
-18321 14253 10958 1267 3230 -29504
-19129 16960 10892 2490 2684 -29926
-19160 18644 10900 2096 2286 -29907
-18587 19936 10774 873 1647 -29128
-18036 20332 10176 272 -4 -27884
-17333 20395 9486 2256 -1862 -26753
-16959 21332 9013 5790 -2947 -25262
-16709 23445 8662 8345 -2762 -23613
-16691 25654 8065 9294 -2491 -22247
-15824 26638 7680 8977 -2721 -20635
-14671 27846 7528 7355 -2976 -18600
-13579 27902 7230 4582 -3278 -16392
-12528 26997 7017 3051 -3585 -14610
-11658 26090 6893 2876 -3782 -13043
-10817 25477 6740 3425 -3948 -11668
-10620 25416 6648 4946 -3965 -10919
-10453 26252 6508 6600 -3811 -10224
-10121 26997 6286 7773 -3499 -9163
-9662 27977 6012 8231 -3129 -7879
-8994 28776 5732 7908 -2941 -6548
-7860 29258 5765 6769 -2836 -5290
-7084 29344 5637 5435 -2850 -4008
-6613 29132 5337 4498 -2894 -2760
-5614 28598 5080 4216 -2593 -1597
-4413 27797 4553 4919 -2261 -250
-2880 27314 4358 6479 -1502 1109
-2086 28398 4513 7760 -288 2453
-1296 28910 4841 7586 605 3851
-573 29142 5096 5792 1108 5209
-166 29240 5186 2783 1036 6544
122 29161 5296 -744 471 7191
845 28342 5389 -4134 -85 7704
1648 27194 5482 -7170 -273 8447
2600 24994 5657 -9599 -205 9316
3726 22876 5997 -10786 226 10064
4322 20756 6500 -11241 763 10334
4409 19032 7157 -11220 1027 9931
4562 17485 8009 -10809 1108 9040
4917 16273 8738 -10461 1006 7456
5732 15202 9765 -9662 846 5425
6956 14821 10934 -9873 1367 4319
7833 14677 11218 -10847 2196 3132
8294 14086 11724 -11023 3114 1879
7773 15089 12704 -12001 4558 1225
7062 15330 12882 -14908 5280 1057
6370 13824 12508 -17310 4895 1189
4718 12070 12017 -17919 3477 1745
3550 10497 11288 -17740 1819 1690
2945 9162 10504 -15886 9 2305
1932 7781 10065 -13331 -1965 3650
885 7661 9348 -10339 -3500 5246
-90 7726 9136 -7598 -4998 6414
-1069 8564 8873 -5830 -6294 6892
-2057 9501 8734 -5585 -7678 6480
-3428 10834 8597 -6540 -9061 5569
-4388 11706 8596 -8241 -9781 4554
-5577 12553 8420 -9919 -9747 3710
-7350 13980 8116 -10764 -8345 3322
-7906 14360 7950 -10976 -5867 3437
-7913 13272 7865 -10124 -2964 4068
-8090 12162 8046 -7671 -105 4754
-8321 11521 8522 -4907 2564 5313
-8668 10909 8913 -2919 4913 5312
-9389 10780 9697 -1758 6305 4588
-10421 11393 10265 -1495 6803 3346
-11041 11944 11030 -2087 6684 2014
-11632 13597 11545 -3925 6690 1341
-11805 13426 11780 -6035 6265 714
-11572 13258 11825 -7606 5617 457
-10989 12285 11904 -8147 5035 506
-10232 10046 11937 -7129 4901 1050
-9458 6418 12177 -4684 4346 2107
-8496 6553 12128 -1220 3357 1845
-6412 7268 12649 1709 3965 1346
-6201 7612 12990 3328 5169 1732
-5544 8821 13342 3888 4541 852
-5172 9181 13210 4113 4053 -134
-5428 9532 12960 3944 3422 115
-5164 11396 13133 2951 2820 -394
-4998 11532 13114 1174 2016 -706
-4262 11545 13218 -295 1021 -1437
-4294 11121 12836 -939 1291 -1264
-3708 11130 12876 -1109 971 -1476
-2905 11504 12866 -764 721 -2240
-2826 11657 12576 -56 1264 -2400
-3182 11718 12517 754 1587 -2390
-3426 12252 12672 1353 1715 -2378
-4013 12900 12753 1470 1752 -2335
-4910 13918 12924 1192 2102 -2163
-4941 14192 12952 523 2246 -2214
-4920 13801 12640 9 2202 -2297
-5466 13829 12921 -62 1546 -1883
-5280 14922 12820 -153 1049 -2429
-5249 14300 12754 16 1017 -1961
-5397 14077 12544 571 1319 -1338
-5026 13953 12369 1469 1462 -725
-4756 13837 12313 2232 1215 -405
-4660 13990 12230 2632 723 -428
-4250 14168 12161 2627 539 -318
-4081 14341 12220 2321 647 -78
-4066 14369 12201 1886 777 127
-3965 14152 12134 1549 814 211
-3930 14116 12206 1429 794 285
-3942 14265 12196 1338 838 329
-3824 14174 12158 1281 955 374
-3882 14322 11976 1318 1076 411
-4036 14332 11989 1144 1049 404
-4076 14278 12014 872 858 489
-4193 14185 11941 695 590 520
-4272 14176 11909 614 301 627
-4304 14094 11849 565 7 677
-4272 13982 11841 558 -248 740