4534 18921 828 -663 176 1166
4553 18836 765 -341 569 1314
4613 18803 595 -56 992 1452
4686 18644 561 68 1239 1555
4867 18504 285 -89 1468 1494
5081 18293 206 -310 2012 1237
5184 18146 216 -408 2656 1053
5298 18048 159 -120 3602 869
5448 17933 287 492 4637 663
5483 17791 447 982 5262 447
5468 17767 712 1008 5296 258
5480 17680 948 524 4596 112
5537 17478 1050 275 3850 78
5670 17274 1134 523 3480 203
5805 17093 1290 1188 3644 452
5864 17200 1520 1722 3887 545
5915 17372 1942 1944 3805 557
5988 17591 2215 1910 3496 539
6280 17468 2566 1808 3088 542
6623 17367 2901 1683 2616 597
7030 17176 3088 1769 2308 626
7366 17014 3152 2042 2231 623
7632 16866 3156 2248 2288 532
7810 16950 3278 2189 2221 341
8018 17277 3201 1661 2000 102
8258 17593 3105 832 1493 -135
8780 17447 3051 -82 791 -261
9192 16865 3140 -555 398 -302
9321 16032 3288 -608 455 -316
9255 14648 3471 -52 1296 -166
9134 13350 3717 1451 2928 -105
8900 12318 4172 3579 5095 -820
8360 12285 4601 4565 6648 -2393
7693 12913 4163 3820 6836 -4033
7113 13993 3013 1758 5660 -5520
6878 13857 2438 144 4119 -6129
6654 13166 1972 122 2776 -6291
6346 12316 1830 1130 2142 -6598
5658 12096 1317 2910 1644 -6940
4616 12504 1184 4240 1213 -7913
3692 12745 1006 4182 888 -9042
2926 13118 762 3688 539 -10222
1748 13532 155 2381 120 -11812
812 13980 -502 1210 -401 -12986
-77 14265 -880 798 -1519 -13077
-1293 14221 -1254 1948 -3919 -12511
-2138 14202 -1314 3481 -5946 -11980
-3007 14707 -1303 4311 -7680 -11913
-3820 15668 -1852 4199 -8414 -12307
-4735 17000 -2632 2158 -7484 -14132
-6031 18159 -3810 -286 -5755 -16343
-6698 18332 -4024 -1413 -5223 -16937
-7503 18306 -3693 -2132 -5520 -16265
-8256 18088 -2399 -3034 -6737 -15186
-8397 17989 -1380 -4209 -8179 -15611
-9084 17648 -980 -5283 -9128 -16367
-9746 17449 -853 -5264 -8873 -16839
-10142 17428 -958 -4461 -7879 -16936
-11033 18077 -1023 -3060 -6525 -16546
-12001 19020 -613 -1949 -5539 -15756
-12992 19994 -163 -2514 -5951 -15136
-13422 20278 587 -4969 -7231 -14529
-13340 20048 1213 -7237 -8067 -14216
-13326 19010 1297 -7067 -8045 -13882
-13626 19474 1221 -4551 -7028 -13209
-14196 20854 1252 -2144 -6111 -12181
-14308 21593 1534 -1061 -5291 -10977
-14436 21398 1962 -742 -4718 -9897
-14326 21128 2306 -718 -4547 -9329
-14160 20672 2546 -765 -4665 -8855
-14113 20417 2631 -183 -5079 -7977
-13804 19689 2758 1003 -5423 -6943
-13512 18988 2636 3212 -5298 -6029
-13260 18947 2537 5727 -5084 -5137
-13057 19219 2386 6594 -5112 -4550
-12853 19328 2016 6391 -5416 -4298
-12612 19280 1776 5597 -5822 -4083
-12282 19170 1589 4583 -6282 -3960
-11946 18742 1458 3975 -6549 -3910
-11529 18107 1223 4185 -6662 -3838
-11130 17935 961 5422 -6511 -3702
-10635 18511 734 6411 -6443 -3516
-10310 19226 586 6221 -6501 -3426
-10109 19673 388 5322 -6745 -3494
-9840 19677 195 4133 -6984 -3501
-9456 19428 -45 3634 -7001 -3468
-9188 19196 -196 3941 -6828 -3354
-9256 19438 -442 4808 -6544 -2957
-9103 19894 -604 5644 -6101 -2337
-8985 20419 -611 5580 -5641 -1816
-8702 20673 -763 4730 -5448 -1357
-8518 20770 -956 3948 -5368 -1075
-8162 20743 -1200 3358 -5326 -541
-7922 21062 -1641 3407 -5012 386
-7852 21554 -1833 3702 -4450 1435
-7752 21973 -2009 3940 -3821 2370
-7244 22048 -2033 4206 -2695 3707
-6842 22037 -2072 4470 -1492 4863
-6639 22414 -2222 4125 -605 5732
-6217 22464 -2194 3504 13 6588
-6033 22721 -2372 2821 320 7364
-5560 22444 -2332 2239 701 8272
-5185 22134 -2366 1942 1154 9264
-4725 21714 -2626 1987 1829 10349
-4320 21652 -2846 2338 2682 11254
-4074 21412 -2876 2701 3398 11966
-3660 21478 -3017 2795 4132 12702
-3190 21407 -3055 2513 4897 13658
-2651 21183 -3095 1971 5779 14521
-2108 20646 -2901 1387 6504 15202
-1721 20172 -2844 882 7191 15598
-1397 19793 -2669 485 7793 15852
-1141 18994 -2557 477 8600 16285
-698 18802 -2308 347 9224 16429
-684 18506 -2065 64 9867 16585
-401 18578 -1876 -881 10287 16441
50 17856 -1461 -2084 10748 16182
285 17270 -866 -3056 10929 15956
536 16750 -563 -3357 10890 15872
668 15817 -38 -3061 10906 15842
828 15532 316 -2590 11162 15724
778 15397 716 -2141 11347 15357
902 15229 1124 -2085 11507 14724
818 15230 1542 -2586 11469 13988
1035 15109 2134 -3146 11579 12938
1544 14666 2652 -3440 11768 12025
1865 14881 3034 -3627 11681 11201
2030 15066 3288 -3751 11154 10447
2273 15186 3277 -3615 10204 9997
2224 15318 3204 -3367 8915 9524
2320 15173 3244 -3375 7731 9001
2374 15053 3208 -3406 6811 8517
2353 14986 3050 -3489 6239 8159
2349 14552 3197 -3232 6234 7801
2260 14109 3378 -2268 6769 7281
2112 13886 3480 -808 7480 6628
1904 14221 3630 504 7839 5999
1992 14696 3276 1382 7700 5418
1986 15170 2978 1875 7005 4906
1953 15966 2389 1912 5876 4577
1621 16632 1678 1678 4423 4282
1605 17114 1157 1467 3268 4036
1484 17330 773 1308 2733 3725
1278 17720 320 1381 2875 3370
1342 17874 208 1473 3537 3007
1285 18053 186 1671 4494 2677
1225 18421 129 1875 5112 2365
1262 18778 54 1879 5096 2085
1180 19081 -54 1569 4546 1904
1086 19310 -46 967 3661 1790
1082 19238 -21 423 2953 1641
1106 19040 37 120 2564 1523
1181 18870 236 56 2516 1352
1229 18594 233 466 2759 1189
1429 18637 269 1138 3073 1044
1497 18758 265 1706 3262 931
1522 19114 384 1882 3307 826
1538 19256 465 1617 3077 755
1648 19061 613 1179 2753 607
1752 18818 800 777 2403 388
1825 18590 838 626 2154 177
1986 18714 809 678 1847 118
2180 18812 742 666 1495 137
2417 18841 764 601 1175 151
2692 18782 600 551 874 137
2950 18624 426 560 535 142
3200 18593 253 649 289 259
3142 18577 169 758 370 242
3142 18560 211 695 586 140
3196 18450 353 490 782 -1
3292 18437 579 404 979 -136
3291 18607 538 426 932 -203
3252 18758 427 457 482 -76
3242 18650 392 497 89 54
3319 18555 356 471 -22 194
3446 18463 396 550 175 247
3610 18484 518 703 427 179
3709 18575 620 774 510 57
3725 18492 671 621 348 -69
3729 18556 608 224 88 -174
3793 18603 507 -222 -53 -258
3940 18623 430 -424 -2 -367
3990 18500 382 -245 250 -338
4082 18437 331 288 417 -194
4062 18636 240 607 363 -107
4044 18909 130 284 114 -46
4042 18835 54 -281 0 -67
3997 18643 25 -622 134 -103
3943 18535 -5 -616 367 -61
3810 18493 -19 -271 659 95
3702 18517 119 10 820 217
3713 18437 250 -46 796 259
3714 18217 355 -106 683 273
3726 17909 542 100 600 421
3874 17756 576 605 557 581
3977 17832 629 1060 402 586
4136 17786 661 1135 197 462
4170 17926 629 1131 -40 264
4111 18221 521 868 -393 130
4096 18455 351 472 -687 0