4200 17818 1145 974 3496 -768
4256 17854 1282 937 3362 -1131
4206 18081 1345 700 3012 -1390
4238 18233 1402 187 2430 -1466
4337 18218 1428 -320 1810 -1484
4572 18164 1509 -515 1398 -1493
4841 18090 1584 -385 1266 -1337
5197 18068 1713 32 1305 -1048
5445 18029 1972 581 1285 -815
5556 18276 2128 967 941 -574
5720 18453 2293 1061 423 -327
5824 18718 2359 874 -215 -54
6125 18810 2216 628 -463 180
6257 19037 2132 214 -585 370
6704 18834 2245 -157 -736 633
6850 18501 2148 -255 -679 866
6825 18218 2117 -204 -341 1006
6949 17914 2146 1 234 1109
6837 18006 2222 -38 675 1167
6882 18040 2138 -256 959 1091
6924 18133 1973 -702 1059 982
7024 18152 2117 -1308 922 974
7173 17885 2257 -1783 734 1041
7254 17437 2464 -2060 585 1050
7330 16785 2669 -1945 654 1110
7205 16192 2892 -1519 835 1329
7098 15541 3034 -642 1368 1381
6889 15104 3209 395 2119 1147
6620 15168 3220 1114 2561 751
6580 15468 2728 1289 2591 363
6569 15820 2212 1209 2286 141
6522 15925 1838 997 1910 -67
6393 15697 1496 858 1822 -380
6118 15078 1458 936 1896 -835
5868 14608 1549 1000 2163 -1396
5554 13849 1758 1236 2680 -2196
5306 13233 1997 1792 3316 -3161
4833 13214 1741 2441 3454 -4077
4266 13457 1366 2586 2854 -4708
3598 14108 846 2265 1620 -5036
3089 14514 388 1457 355 -5349
2708 14542 136 611 -502 -5801
2508 14324 250 -95 -639 -6655
2302 13604 438 -200 -10 -7826
1748 13074 849 442 1009 -9032
1198 12496 1222 1680 1897 -10200
326 12324 1377 3087 2018 -11016
-638 12810 1112 4150 970 -11628
-1432 14217 210 4249 -1202 -11743
-2134 15505 -865 2941 -4119 -11651
-2508 15977 -1533 1322 -6594 -11555
-2533 15726 -1749 65 -7648 -11949
-2630 15049 -1785 -444 -7212 -12926
-3093 14628 -1497 87 -5736 -14178
-3673 14440 -1193 1364 -4105 -15601
-4810 14746 -1260 2837 -3120 -16674
-6104 16056 -1744 3391 -3774 -17072
-6966 16977 -1957 2611 -5527 -17080
-7650 17677 -2040 598 -7440 -17127
-8074 17821 -1793 -1890 -8652 -17455
-8416 17265 -1602 -3630 -8788 -18117
-8762 16420 -1465 -3234 -7901 -18712
-9630 16622 -1621 -804 -6627 -18863
-10854 18328 -2029 1680 -5737 -18574
-12020 20389 -2568 2892 -5849 -17611
-12496 21565 -2644 2274 -6438 -16433
-12588 21644 -2382 459 -6919 -15551
-12444 21104 -1860 -1238 -6694 -15012
-12145 20270 -1214 -1997 -5855 -14708
-12057 19968 -474 -1469 -4950 -14291
-12212 19853 33 207 -4248 -13774
-12428 20090 433 2067 -4243 -12951
-12734 20712 600 3210 -4896 -11843
-12822 21266 660 3040 -5871 -10788
-12736 21488 676 1719 -6656 -10101
-12873 21316 565 119 -7186 -9583
-12881 20904 572 -1014 -7517 -9085
-12633 19662 569 -627 -7377 -8442
-12625 18860 289 1558 -7038 -7597
-12522 18632 160 4407 -6723 -6603
-12501 18884 -29 6572 -6602 -5672
-12558 19401 -380 7404 -6796 -4950
-12606 19516 -616 6832 -7054 -4382
-12606 19436 -838 5489 -7293 -4046
-12317 18822 -794 4175 -7274 -3954
-11769 17670 -808 3753 -6761 -3950
-11624 17200 -560 4314 -6226 -3994
-11465 16968 -493 5196 -5919 -3974
-11506 17229 -517 5981 -5902 -3816
-11624 17830 -588 6024 -6177 -3721
-11805 18593 -812 4914 -6611 -3777
-11856 18874 -1005 3066 -6855 -3843
-11673 18813 -1121 1101 -6829 -3978
-11265 18168 -1094 52 -6472 -4150
-10950 17640 -1138 396 -5933 -4302
-10780 17388 -1193 1822 -5260 -4139
-10705 17832 -1230 3663 -4535 -3594
-10897 18428 -1218 4832 -4066 -3045
-10942 18982 -1134 5111 -3811 -2527
-10761 19218 -1112 4610 -3692 -2296
-10612 19064 -1116 3918 -3615 -2057
-10512 19082 -1259 3375 -3458 -1795
-10279 19379 -1439 3079 -3136 -1355
-10083 19627 -1672 3133 -2664 -707
-9826 20129 -1872 3548 -1869 95
-9709 20798 -1821 3489 -1387 1055
-9736 21034 -1752 2907 -1359 2306
-9279 20513 -1936 3486 -1477 3940
-8449 20640 -2453 4588 -1013 5181
-8630 21776 -2798 5131 -712 6091
-8732 22254 -3394 4285 -333 6818
-8315 22010 -3448 3713 397 7214
-8126 21772 -3474 3357 1419 8135
-7602 21410 -3484 3651 2211 8962
-7150 21609 -3642 4131 2809 9951
-6726 21930 -3984 4263 3176 10902
-5936 21904 -4284 4060 3626 11921
-5338 21930 -4616 3657 4072 12808
-4666 21842 -4783 2991 4438 13604
-3812 21600 -4942 2368 4941 14464
-3025 21116 -4996 2019 5629 15150
-2043 20623 -4833 1971 7001 15915
-1222 20448 -4636 1624 8007 16465
-658 20183 -4466 1056 8492 16954
110 19520 -4296 622 8972 17386
784 18982 -4114 334 9351 17730
1273 18480 -3853 41 9704 17969
1782 18236 -3425 -610 10178 17853
2177 17645 -2725 -1383 10769 17488
2318 16942 -2049 -2167 11151 17028
2385 16388 -1606 -3018 11292 16647
2289 15632 -912 -3592 11101 16322
2505 14954 -385 -3667 11146 15736
2644 14925 -221 -3233 11204 15210
2698 15053 -118 -2967 11213 14830
2721 15417 25 -2651 11209 14515
2460 15757 130 -2590 11004 13975
2097 16452 252 -3431 10489 13130
2086 16545 282 -4756 10011 12222
2180 16150 136 -5714 9602 11547
2185 15885 -31 -5874 9599 10975
2410 16110 -203 -5534 9636 10549
2360 16196 -280 -5128 9523 10339
1889 16037 -20 -4422 9357 10013
1469 15609 97 -3306 8999 9529
1157 15322 94 -2314 8705 9320
776 15141 227 -1126 8666 8970
377 15432 131 104 8818 8207
36 15776 152 594 8754 7289
-267 16677 104 362 8559 6362
-663 17632 -3 -678 7891 5040
-629 17850 -224 -1478 6879 4139
-362 17570 -324 -1249 6285 3734
-36 17505 -350 -66 6052 3429
63 17732 -202 1124 5768 2935
72 17924 145 1258 5458 2327
279 17740 473 733 5044 1613
743 17334 873 222 4505 736
1104 17544 833 -52 3866 22
1433 17986 728 -253 3079 -461
1782 18048 584 -341 2612 -528
2140 17985 633 -76 2255 -572
2610 18016 541 675 1945 -609
2866 18234 508 1095 1766 -583
3111 18335 606 1428 1677 -577
3472 18429 572 1516 1479 -648
3749 18492 673 1213 1284 -781
3939 18520 498 874 936 -853
4146 18472 334 705 655 -823
4261 18466 260 745 414 -660
4442 18586 102 1001 204 -405
4606 18432 21 1244 200 -177
4723 18265 109 1388 393 -85
4752 18214 80 1239 535 -228
4683 18297 99 633 415 -463
4670 18249 -132 -207 67 -723
4695 18363 -357 -772 -272 -797
4657 18450 -370 -980 -201 -662
4701 18392 -436 -575 248 -423
4570 18520 -344 201 704 -253
4494 18576 -334 582 778 -152
4476 18650 -258 693 675 5
4556 18717 -218 355 480 -8
4554 18905 -218 -291 420 -129
4522 18860 -120 -1026 465 -356
4440 18379 15 -1118 667 -439
4349 17884 228 -445 734 -135
4282 17798 237 285 492 123
4362 18028 28 469 -110 283
4504 17890 -12 107 -452 259
4574 17836 -10 -124 -453 13
4691 17781 -32 -128 -155 -147
4784 17878 12 314 39 -125
4855 17920 -114 782 87 -49
4897 18179 -206 1020 -29 31
4826 18397 -267 835 -147 72
4821 18437 -302 470 -208 90
4835 18297 -315 296 -161 197
4928 18217 -334 297 -86 245
4986 18304 -376 208 -217 299