5037 17465 1562 1236 613 2654
5314 17625 1330 1650 524 2632
5445 18247 796 1735 443 2500
5680 18712 180 1412 576 2424
5892 18899 -101 1022 1263 2181
6080 19148 -432 687 2003 1848
6063 19108 -304 126 2916 1417
6201 18713 -110 -468 4194 831
6168 18402 -38 -602 4912 480
5972 18373 186 -642 5542 87
5765 18460 350 -974 5889 -270
5713 18364 416 -1405 6022 -515
5566 18210 408 -1730 6302 -643
5509 17952 585 -1729 6720 -695
5329 17573 820 -1292 7537 -822
5114 17343 1175 -706 8568 -1165
5024 17398 1422 -374 9017 -1404
5310 17355 1844 187 9135 -1392
5706 17592 2354 980 8590 -1321
5996 18012 2570 1174 7616 -1266
6150 18181 2477 1020 6571 -1178
6241 18457 2408 648 4730 -881
6334 18458 2214 281 3257 -435
6420 18182 1978 442 2383 -46
6473 17757 1714 1251 1681 421
6430 17588 1386 1869 1374 837
6680 17318 1430 2300 1361 1159
7085 17184 1231 2736 1247 1396
7369 17004 1226 2953 1064 1559
7455 16980 1163 3081 345 1806
7306 16988 1276 2297 -1149 1917
7487 16369 1790 591 -1957 1700
7834 15485 2205 -219 -1307 1478
8010 14850 2344 -295 -278 1373
8013 14440 2555 326 1058 1191
7812 14236 2604 1264 2038 1018
7664 14501 2493 1953 2276 723
7411 15004 2000 2267 1409 431
7341 14973 1534 2182 189 401
7619 14824 863 2881 -285 576
7656 14591 406 4532 700 108
7059 14329 372 6027 2424 -657
6314 14358 349 6947 3384 -1352
5686 14828 222 7049 3153 -1900
5214 15118 65 6166 1805 -2721
4551 15446 -252 3842 -473 -3735
4180 15398 -425 1139 -1912 -4721
4112 15184 -468 -314 -2072 -5604
4185 14562 -480 -1161 -1551 -6687
3846 13268 -239 -325 91 -8591
2901 12748 74 1716 1657 -10104
1794 13384 182 2353 1484 -10430
705 14047 751 1756 -359 -10374
-115 14644 709 -321 -4117 -10521
-690 15654 14 -3696 -8453 -11107
-402 15601 -712 -6114 -10165 -11744
-244 14986 -1354 -6111 -9296 -12711
-824 14780 -1523 -4078 -6570 -14169
-2307 15614 -1226 -1782 -3814 -15788
-3716 16872 -612 -2025 -3531 -16329
-4530 17523 253 -4749 -5154 -16406
-5384 17151 725 -9381 -8726 -17031
-6084 15359 388 -10544 -11569 -17667
-7358 15950 -724 -5833 -11271 -17864
-8508 18844 -1216 -602 -7933 -17091
-9596 20609 -118 -466 -6086 -16451
-11018 20245 1087 -3516 -6753 -16966
-12125 19535 1968 -7289 -8896 -17254
-12622 19026 2316 -7397 -9765 -16675
-12989 19367 2201 -3315 -9114 -16115
-13402 20642 1968 113 -8083 -15399
-13866 21831 1900 2012 -7287 -14326
-14140 22525 2143 2042 -6973 -13108
-14172 22880 2316 -55 -7439 -12664
-14428 22814 2400 -2803 -8376 -12303
-14493 21886 2252 -4132 -8959 -11497
-14160 20980 2162 -2922 -8759 -10567
-13892 20627 2124 -102 -8069 -9347
-13880 20663 1918 2898 -7681 -8322
-13693 20495 1533 4511 -7738 -7174
-13175 20281 1214 3969 -7987 -6666
-12772 20092 1064 2099 -8178 -6705
-12616 19348 904 1275 -8126 -6752
-12217 18312 1012 1680 -7878 -6547
-11922 17702 1076 3434 -7772 -6234
-11627 17795 781 5194 -7696 -5905
-11422 18505 608 6180 -7716 -5697
-11121 18998 445 5689 -7843 -5833
-10804 18977 424 4647 -7859 -6025
-10526 18764 461 3707 -7846 -6177
-10199 18388 649 3004 -7952 -6214
-9786 17904 653 3357 -7950 -6254
-9683 18151 472 4212 -8053 -6188
-9587 18753 117 4474 -7979 -6015
-9333 18946 42 4272 -7771 -5905
-9007 19159 -17 3915 -7401 -5939
-8740 19292 -179 3665 -6927 -5824
-8648 19925 -288 3493 -6488 -5550
-8266 20088 -262 3490 -6030 -5218
-8172 20432 -398 3865 -5570 -4651
-8073 21169 -737 4534 -5009 -3748
-8004 22004 -940 4908 -4362 -2672
-7920 22808 -1158 4913 -3672 -1522
-7763 23507 -1204 4532 -2793 -286
-7417 23900 -1212 4031 -1785 686
-7082 24036 -1169 3669 -756 1558
-6894 24568 -1225 3441 489 3062
-6328 24303 -1129 3825 1612 5493
-6030 24116 -1119 4812 2177 7899
-5547 24277 -1270 4888 2349 10125
-5226 24398 -1396 4263 2536 11721
-4708 24194 -1672 3765 2984 13129
-4056 23964 -2058 3419 3887 14887
-3510 23442 -2293 3597 5027 16420
-3026 22856 -2298 3782 5973 17812
-2550 22417 -2265 3689 6698 18974
-2056 21820 -2086 2810 7274 20153
-1453 20544 -1624 1355 7622 20878
-1136 19460 -1233 590 7798 21277
-850 18453 -798 72 8068 21556
-698 18194 -669 -661 8207 21533
-552 17514 -424 -1360 8290 21458
-141 16408 -338 -1486 8695 21414
138 15318 170 -1060 9386 21367
336 14860 705 -469 10048 21215
444 14804 1032 -484 10483 20687
510 14678 1662 -1230 10659 19753
724 14685 2073 -2128 10785 18597
825 14748 2149 -3090 10745 17346
809 14430 1925 -3581 10635 16422
670 14186 1900 -3604 10436 15889
857 14086 1940 -3128 10415 15479
1172 14074 1921 -2124 10650 15193
1161 14628 1825 -1074 10981 14829
1338 15130 1645 -384 10998 14285
1213 15514 1438 -81 10819 13801
1101 15860 1300 -214 10550 13186
1033 15717 1350 -489 10441 12424
850 15266 1270 -641 10482 11660
684 14980 1337 -410 10775 10842
320 15466 1357 -233 11085 9853
274 15838 1594 -489 11186 8745
185 16164 1705 -996 11264 7639
189 16212 1933 -1393 11186 6702
-45 16189 2072 -1569 10663 5921
-272 16316 2169 -1507 9776 5368
-288 16300 2224 -1149 8699 4816
-314 16324 2344 -587 7797 4305
-334 16366 2161 131 7277 3887
-236 16706 2074 988 7023 3488
57 17190 1945 1675 6884 3042
217 17762 1938 1843 6533 2525
385 18097 1928 1588 5889 2076
541 18200 1840 1157 5086 1606
777 18164 1745 850 4280 1286
984 18046 1732 750 3755 986
1232 18138 1744 814 3422 726
1466 18261 1750 835 3231 435
1846 18212 1733 921 3126 187
2112 18269 1724 1046 3044 -89
2265 18468 1709 947 2720 -388
2442 18658 1726 645 2186 -513
2566 18644 1632 377 1638 -489
2818 18525 1586 409 1245 -413
3112 18534 1502 605 1011 -305
3229 18622 1340 786 932 -156
3437 18614 1212 1014 975 1
3505 18545 1282 1362 1095 89
3656 18444 1184 1703 1204 205
3773 18481 1261 1924 1260 391
3873 18396 1394 1990 1228 461
3940 18380 1401 1808 1003 425
3986 18330 1465 1437 642 338
4116 18145 1476 1040 319 271
4170 18120 1310 873 108 202
4218 18186 1161 857 20 164
4329 18205 1069 996 182 162
4340 18212 988 1269 372 180
4369 18322 917 1500 472 104
4287 18582 881 1408 337 88
4254 18681 876 1040 128 20
4187 18794 814 558 -58 -145
4320 18704 803 74 -70 -282
4501 18522 681 57 55 -307
4584 18440 658 435 323 -191
4643 18393 717 827 512 -44
4623 18367 724 1059 565 52
4631 18309 765 1014 533 40
4675 18479 792 613 473 -178
4597 18495 691 0 420 -371
4607 18298 566 -246 457 -404
4521 18172 556 -74 480 -335
4507 18187 518 190 460 -187
4522 18301 406 428 316 -7
4553 18424 394 526 137 197
4537 18369 265 573 67 401
4496 18335 294 671 169 523
4402 18547 303 581 363 518
4430 18468 409 325 642 429
4449 18239 542 330 864 401