4614 18432 547 -1198 -1290 -925
4643 18669 720 -1564 -1254 -841
4781 18724 906 -1628 -1337 -603
5008 18661 997 -1236 -1150 -257
5241 18579 1073 -603 -622 231
5507 18418 1251 4 115 599
5766 18594 1446 164 609 638
5921 18745 1571 -171 763 564
6008 18872 1689 -817 645 501
6048 18725 1758 -1487 442 464
6224 18494 1792 -1902 369 461
6308 18264 1912 -1938 474 483
6396 18100 2041 -1753 781 522
6507 17924 2112 -1115 1416 594
6726 17907 2366 -627 1920 659
6758 18164 2266 -684 2063 586
6956 18410 2159 -1130 2053 540
7210 18351 1995 -1821 2061 621
7366 17954 1984 -1965 2341 754
7421 17554 1965 -1748 2716 881
7310 16931 2256 -1350 3364 1002
7032 16394 2494 -1039 3980 971
6662 15928 2836 -694 4523 565
6236 15680 2981 -468 4804 -31
5857 15766 2912 -589 4646 -449
5736 16029 2793 -814 4250 -725
5448 16058 2490 -1000 3734 -901
5249 15862 2225 -959 2925 -899
5165 15393 2252 -112 2795 -773
5088 15113 2396 954 3041 -814
4840 14861 2720 1994 3318 -1156
4578 14748 2960 2489 3356 -1640
4323 14584 3087 2598 2925 -2456
3832 14555 3236 1946 1810 -3667
3450 14604 3410 678 443 -4644
3186 14577 3541 -964 -861 -5587
2776 14375 3551 -2718 -2274 -6868
2386 14084 3122 -3424 -3613 -7833
2256 13496 2960 -3038 -4631 -8662
1994 13258 2738 -1927 -5169 -9282
1661 13077 2359 -370 -5647 -9868
1077 13296 1825 1671 -6372 -10341
480 13844 1470 2423 -7317 -10428
228 14151 1433 1842 -8409 -10753
-208 14110 1679 -253 -9534 -11847
-992 14061 1932 -2525 -10083 -13592
-1580 13254 1795 -3675 -9714 -16210
-2814 13297 1197 -2754 -8938 -18478
-4332 14788 379 -1651 -9033 -19204
-5697 16797 65 -2628 -10348 -18966
-6576 18126 42 -5514 -11973 -18570
-6793 17893 350 -9270 -13288 -18578
-7296 17806 806 -12380 -13788 -18785
-7523 16262 1353 -14094 -12848 -20147
-8604 14994 1533 -10995 -10122 -21838
-9688 15513 1928 -5969 -7231 -22259
-10885 17021 2341 -2165 -4872 -21820
-12158 18576 2342 -1151 -3845 -21005
-13435 20480 3049 -2907 -4190 -19861
-14237 21794 3462 -8554 -5686 -19107
-14333 21368 3942 -13566 -6709 -18948
-13818 18685 4407 -14860 -6401 -18459
-13745 17678 4953 -11748 -5021 -17908
-14058 18470 5532 -7877 -3440 -17205
-14690 19702 5760 -5781 -2485 -16425
-15876 21426 5867 -5407 -2149 -14607
-15944 20890 6326 -6998 -2652 -11870
-15238 18102 6598 -5367 -2647 -10107
-14700 16376 6794 -1057 -2003 -9058
-15008 16782 6615 4875 -1371 -7868
-15358 18584 6406 8791 -1284 -6142
-15260 19094 6273 9040 -1594 -4705
-14900 18342 6265 8720 -1710 -4020
-13823 17046 6204 8011 -1818 -4262
-13269 16714 5826 7737 -2174 -4201
-12833 17013 5522 8101 -2580 -3948
-12573 17550 5273 8458 -3083 -3827
-12426 18065 4797 8313 -3651 -3709
-12234 18207 4446 7809 -4060 -3404
-12071 18346 4001 6934 -4259 -3066
-11608 18078 3678 5867 -4074 -2968
-11204 17808 3430 5615 -3493 -2949
-11002 17802 3188 6319 -2675 -2801
-10904 18293 3060 7299 -1723 -2657
-10577 18853 2972 7355 -1086 -2090
-10416 19240 2929 6686 -1142 -1697
-10260 19676 2786 5618 -1559 -1456
-9922 19956 2685 4334 -2094 -1343
-9766 19838 2562 3762 -2220 -1281
-9544 19884 2444 3783 -2048 -1077
-9314 20417 2101 4362 -1505 -483
-8996 20944 2054 4840 -773 263
-8687 21262 1814 5147 -62 1403
-8384 21372 1558 5396 491 2577
-8091 21615 1335 5423 771 3367
-7507 21689 1241 5219 1163 4348
-7052 21756 937 5094 1833 5893
-6532 21602 698 5508 2332 7319
-5823 21423 461 5565 2578 8435
-4921 20774 244 5431 2948 9403
-4352 20200 -326 5830 3860 10274
-3640 19592 -748 6460 5054 11188
-3436 19813 -1077 6954 6111 12058
-3064 20237 -1490 6866 6811 13231
-2837 20766 -1720 5811 6480 14208
-2585 20772 -1726 4389 5585 14941
-2193 20186 -1533 2988 4742 15497
-1917 19984 -1399 2087 4465 15912
-1634 19693 -1134 1569 5091 16478
-1386 19456 -1283 1735 6040 17193
-1022 19454 -1297 2636 6992 18047
-522 19389 -1537 2739 7523 18459
-186 19359 -1527 2364 8059 18782
244 18833 -1276 1791 8764 19054
519 18094 -768 1491 9966 19172
544 17737 -354 1389 11160 19098
656 17562 86 1239 11649 18923
875 17459 463 930 12092 18480
1454 17640 776 -44 12506 17233
1924 17846 874 -1008 12773 16264
2128 17812 1025 -1728 12661 15877
2240 17797 961 -2335 12222 15498
2313 17286 1274 -2642 11773 15232
2312 17156 1388 -2650 11417 14944
2452 16872 1712 -2685 11127 14458
2496 16602 2140 -2904 10971 13636
2584 16434 2478 -3230 10748 12807
2626 16124 2516 -3427 10400 12176
2509 15797 2566 -3434 9589 11428
2488 15377 2529 -3104 8124 10352
2421 14670 2361 -2664 6547 9503
2346 13964 2511 -1930 5683 8992
2063 13628 2728 -1085 5723 8175
1900 13580 3018 -343 6323 7032
1458 14029 2805 164 6817 5721
1128 14578 2377 562 6866 4242
911 15588 1880 329 6314 2870
681 16361 1592 -252 5380 2037
646 16694 1442 -494 4641 1426
656 17292 1114 -346 3686 914
736 17724 928 431 2963 590
922 18217 692 1146 2501 465
1292 18521 594 1463 2088 424
1429 18605 689 1537 1849 243
1578 18654 649 1504 1803 6
1846 18708 818 1298 1656 -202
1914 18828 1028 974 1422 -513
2332 18516 1216 821 1309 -816
2792 18344 1419 1049 1079 -957
3121 18334 1490 1321 703 -1057
3370 18606 1569 1260 201 -1171
3617 18955 1437 843 -546 -1282
3802 19130 1314 266 -1212 -1372
3970 19100 1224 -143 -1558 -1340
4048 18900 1172 -290 -1613 -1183
4145 18758 1044 -149 -1499 -1066
4218 18597 912 111 -1322 -944
4446 18402 869 536 -1047 -742
4380 18399 705 1009 -716 -692
4388 18563 576 1140 -458 -682
4277 18678 444 774 -372 -685
4191 18686 367 233 -381 -703
4213 18454 373 -143 -370 -608
4150 18264 380 -139 -287 -557
4187 18054 376 168 -123 -382
4380 17748 485 883 287 -221
4336 17714 672 1424 625 -311
4270 18060 670 1226 572 -407
4230 18475 484 510 76 -512
4391 18469 436 -39 -304 -603
4461 18344 386 -153 -347 -602
4531 18177 472 222 -99 -439
4521 18130 434 851 296 -278
4558 18172 428 1336 596 -120
4608 18196 454 1618 788 -91
4625 18350 341 1686 781 -72
4662 18405 258 1425 649 -134
4677 18469 157 997 436 -269
4597 18561 85 546 268 -391
4631 18516 23 217 325 -446
4577 18506 -52 145 576 -512
4490 18666 17 145 865 -523
4380 18830 -30 97 1076 -477
4272 18917 76 44 1208 -446
4100 19000 134 52 1267 -395
3931 19055 168 -35 1158 -307
3771 19038 203 -207 922 -226
3712 19023 348 -452 686 -165
3720 18918 320 -625 541 -90
3856 18578 356 -485 424 3
4014 18196 377 51 467 157
3954 18150 350 521 562 214
4015 17985 512 713 526 194
4255 17686 548 904 559 237
4345 17852 444 1311 471 260
4405 17932 433 1236 210 96
4403 18182 244 850 -72 -25
4366 18358 118 269 -446 -190
4489 18291 -43 -279 -728 -321
4621 18128 -140 -366 -812 -369