3774 23357 2269 -675 12156 6901
3792 23034 2786 -2208 11943 7196
4160 22517 3537 -3490 12140 7379
4918 22668 4070 -4845 12533 7385
5468 22817 4376 -6384 12849 7272
5562 22714 4646 -8040 12840 7224
5661 22022 5026 -9542 12337 7489
5998 21045 5021 -10364 11449 8047
6253 19701 5017 -10241 10405 8702
6417 18660 4745 -9516 9364 9099
6365 17865 4658 -8635 8418 9281
6474 16985 4560 -7777 7808 9415
6361 16077 4633 -7265 7623 9548
6256 15062 4969 -7248 7735 9668
6184 13994 5454 -7688 8282 9727
6344 12824 5858 -8031 9047 9690
6093 11721 6164 -8099 9607 9377
5652 10829 6398 -7822 9713 8848
5340 10246 6682 -7232 9374 8158
4860 9625 6992 -6870 8880 7477
4532 9045 7465 -6307 8277 6798
4049 8606 7877 -5718 7580 6084
3689 8070 8166 -5109 6884 5220
3154 7810 8333 -4371 5918 4057
2165 7732 8330 -3448 4572 2582
1417 7889 8218 -2476 2919 1109
692 8373 8096 -1715 1059 -234
212 8522 8017 -1255 -741 -1188
-325 8540 7768 -870 -2453 -1885
-925 8381 7477 -433 -3934 -2365
-1808 8638 7386 -32 -5303 -3090
-2553 8733 7200 240 -6470 -4105
-3181 8524 6984 706 -7215 -5518
-3681 8230 6801 1582 -7347 -7267
-4590 8428 6269 3119 -7137 -9478
-5914 9404 5326 5073 -7209 -12069
-6677 10573 4305 6727 -8000 -14086
-7281 11844 3601 7164 -9080 -14512
-7650 12373 3241 6457 -10072 -13842
-7790 12289 3136 5464 -10741 -13291
-7673 11753 3505 4693 -10754 -13541
-7917 11372 3662 4981 -10574 -15040
-8734 12309 2933 6135 -10824 -17295
-9657 14290 1858 6820 -11413 -19465
-10028 16242 784 6152 -12037 -20468
-10568 18321 5 3498 -12810 -20660
-10620 19273 -301 524 -13493 -20384
-10245 18908 -118 -2213 -13542 -19945
-9748 18394 645 -4157 -13092 -19764
-9024 16612 1830 -4409 -11974 -20159
-9442 16212 2450 -2815 -10674 -20827
-10413 16234 2525 -73 -9781 -21985
-11962 17896 1869 2624 -9853 -22803
-13529 20708 981 3481 -10873 -22594
-14070 22742 741 1968 -11833 -21539
-14038 23317 696 -1127 -11896 -20405
-13378 22778 1228 -4471 -11269 -19824
-12890 21206 1974 -6432 -10108 -19515
-12513 19593 2384 -4867 -8726 -19424
-12980 19962 2377 -423 -7778 -19311
-13845 21726 2068 4365 -7477 -18585
-14566 23748 1745 7528 -7777 -17169
-14930 25276 1472 8888 -7979 -15496
-14644 25456 1350 8089 -7696 -14315
-13793 24852 1564 6231 -6909 -13514
-13081 23766 2001 4425 -5789 -13023
-12250 22369 2484 3656 -4789 -12676
-12132 21900 2794 4308 -4314 -12437
-12254 22013 2925 5637 -4478 -12061
-12432 22453 2865 6930 -4883 -11437
-12410 23014 2808 7390 -5303 -10589
-12134 22920 2686 6886 -5491 -9932
-11648 22677 2517 5933 -5339 -9513
-11074 22197 2324 5487 -4820 -9242
-10853 22317 2130 5650 -4227 -9065
-10660 22917 1805 6419 -3628 -8620
-10788 24056 1620 6965 -3321 -8120
-10809 25109 1598 6556 -3333 -7454
-10662 25360 1542 5317 -3260 -6774
-10462 25076 1458 4126 -3077 -6004
-10141 24748 1277 3408 -2825 -5387
-9708 24042 1052 3305 -2246 -4604
-9430 24232 778 4116 -1452 -3661
-9316 24578 532 5097 -740 -2534
-9145 25118 233 5677 -186 -1293
-8984 25664 -17 5573 -30 334
-8593 25676 -232 4595 -434 2328
-8142 25706 -552 3608 -768 4121
-7409 25052 -674 3068 -912 5728
-6757 24602 -796 3334 -660 7211
-6158 24128 -781 4298 107 8486
-5424 23725 -1121 5626 1246 9558
-5116 23978 -1308 6583 2288 10569
-4814 24461 -1538 6336 3034 11397
-4085 24058 -1486 5077 3615 12089
-3506 23508 -1498 3421 4123 12646
-2560 21944 -1214 2175 4763 13246
-1925 20988 -1020 1657 5483 13770
-1334 20057 -798 1465 6069 14336
-1117 19402 -609 1717 6519 15159
-933 18726 -306 1987 6759 15792
-728 18116 -249 2324 6828 15976
-285 17242 -112 2203 6912 15965
-32 16586 222 1736 7127 15778
161 15882 625 850 7381 15391
518 15258 1140 95 7880 14812
414 15120 1704 -851 8213 14101
722 14646 2282 -1708 8403 13592
670 14969 2462 -2557 8281 12991
702 14622 2497 -3138 7715 12297
1005 14126 2662 -3149 7356 11528
1046 13866 2245 -2178 7363 11038
596 14521 1424 -476 7245 11166
402 15672 1380 882 7341 11451
1 16736 1402 1184 7669 11399
-470 17525 1534 408 8009 11188
-506 17533 1816 -627 8777 10957
-392 17309 1998 -1208 9857 10376
-508 16912 2221 -1265 10917 9606
-1192 16978 2317 -1223 11504 8928
-2237 17346 2277 -1445 11333 8449
-3169 17338 2530 -2144 10716 8045
-3817 17009 2813 -3089 10097 7569
-4221 16281 2898 -3627 9389 7014
-4181 15384 2906 -3353 8933 6541
-4061 14718 2870 -2379 8695 6045
-4229 14262 2721 -738 8433 5487
-4265 14533 2585 646 8014 4611
-4437 15162 2138 1551 7665 3719
-4161 15481 2056 1645 7269 2968
-4388 16040 1845 1055 6781 2151
-4109 16320 1696 253 6504 1445
-3989 16658 1405 -241 6248 645
-3800 17152 1162 -538 5889 12
-3612 17525 1032 -723 5455 -548
-3466 17946 898 -859 4944 -928
-3521 18460 666 -1063 4414 -1193
-3409 18568 676 -1307 4037 -1334
-3088 18302 638 -1144 4028 -1426
-2978 18409 572 -642 4254 -1441
-2784 18392 560 -44 4527 -1370
-2581 18405 721 545 4749 -1289
-2510 18637 886 1005 4812 -1309
-2334 18738 966 1193 4617 -1389
-2134 18812 944 1105 4252 -1496
-1897 18736 862 908 3762 -1375
-1650 18654 921 1022 3210 -1198
-1332 18446 749 1314 2762 -1115
-1110 18476 722 1600 2400 -1047
-1004 18789 669 1568 2157 -1094
-1006 19129 514 1079 1906 -1145
-958 19397 433 337 1719 -1149
-866 19433 381 -275 1715 -1161
-844 19484 384 -752 1760 -1145
-801 19358 592 -988 1805 -1023
-881 19196 745 -836 1843 -888
-956 19120 892 -505 1701 -742
-1021 19312 1032 -327 1459 -584
-1142 19426 1064 -389 1198 -458
-1209 19409 1172 -593 947 -409
-1238 19246 1142 -772 768 -330
-1233 18948 1144 -683 616 -232
-1165 18881 1190 -479 520 -144
-1105 18886 1098 -151 339 16
-931 18812 1068 244 155 155
-806 18810 929 636 -19 226
-790 18991 701 733 -341 214
-708 19200 536 352 -560 76
-609 19203 495 -391 -508 -287
-535 19084 453 -1000 -87 -712
-575 19034 400 -1084 418 -951
-742 19061 364 -637 739 -964
-838 19273 401 -304 736 -854
-798 19474 397 -348 588 -678
-590 19455 487 -1461 398 -836
-782 19174 618 -1657 468 -836
-455 18767 665 -1626 789 -912
-473 18734 834 -1375 1035 -1049
-585 18660 774 -1215 1214 -1028
-573 18510 1008 -1030 1249 -865
-588 18370 986 -647 1223 -754
-539 18502 894 -143 1035 -474
-495 18615 805 136 745 -448
-704 18991 690 -44 470 -627
-737 19065 684 -588 477 -943
-568 18767 756 -578 880 -893
-671 18647 734 -354 1422 -725
-682 19116 490 227 1360 -849
-783 19375 358 620 1172 -546
-962 19251 562 650 1144 -318
-792 19004 712 1051 1240 -504
-1154 18772 858 840 1446 31
-949 19026 808 176 1726 -479
-1357 19166 854 665 1050 -519
-1430 18916 794 -302 1033 -609
-1497 18901 948 -944 991 -846
-2042 18618 1009 -88 601 -381
-1636 18561 956 182 715 -402
-1716 18774 934 870 580 -111
-1697 19009 892 1666 373 224