-11062 6118 12753 -6086 -7041 -4892
-10466 4958 12361 -3589 -5472 -3212
-10224 4726 11602 -689 -3465 -1773
-9976 5206 11638 1828 -2098 -692
-10306 5681 11802 3209 -1568 309
-10661 6488 11881 4335 -1629 600
-10928 7125 11886 4810 -2303 857
-11302 7728 11744 4918 -2899 807
-11604 8372 11573 4791 -3947 608
-11597 9014 11274 4171 -5029 307
-11736 9433 11234 3312 -5970 -106
-11410 9730 11366 2499 -6556 -14
-11062 9996 11772 1463 -7132 351
-9991 9436 12374 -748 -7610 2280
-9540 10869 12406 -4076 -7846 4286
-10304 8306 11790 -2176 -8861 7031
-10428 6472 11556 2173 -10134 10909
-10633 9293 12507 1875 -10292 16868
-12118 10661 11861 2139 -10818 22967
-13782 12188 11633 1946 -9537 26193
-13201 12550 11629 346 -6487 29426
-11601 14149 13868 595 -5508 30929
-8414 14913 14553 1498 -4885 29873
-10942 15196 12941 6649 -5586 26400
-14322 18790 9181 13004 -7968 21399
-10093 21433 12498 21238 -4146 23393
-8317 24365 10857 28317 84 25391
-5460 24750 9066 32505 1635 28203
-3752 26928 8220 32767 4692 30308
-1982 27548 8305 32767 7658 31140
-449 31458 8181 32767 10520 32280
1396 32767 8650 32767 14700 31750
2201 32767 8329 31671 16919 31235
3020 32767 8149 23433 18876 30981
3952 32767 7334 13613 20715 29618
5280 32767 6580 5600 21463 30377
5244 31750 6313 938 22138 32542
4312 28542 7266 -2294 23435 32767
2432 24998 7996 -5796 23249 32767
1342 20954 9072 -8010 23833 32767
42 17702 9408 -10217 23741 32767
-1033 14329 9105 -12714 21796 32767
-1665 11660 8398 -13538 17902 32767
-1152 7136 7996 -12310 13963 32724
-194 3790 7590 -9840 11368 32445
1032 294 7654 -3524 8769 32394
3384 -1769 7917 3024 7430 31687
5017 -2201 8082 6681 7363 30473
6328 -2266 8257 9013 7240 28364
7972 -1928 8372 9509 6659 24899
8754 -765 8170 7435 4129 19637
9713 338 7198 5179 -654 13372
12921 -510 6602 4735 -2506 8367
13668 6 6284 5362 25 6117
12270 1180 6397 4694 5171 6268
10088 2536 6384 3025 10252 5267
7594 2077 6646 501 13574 2582
5754 1405 7072 -2609 14996 -713
3804 1298 6696 -4813 14258 -4833
2448 446 6702 -5827 13041 -8697
822 796 6221 -5327 12297 -12217
-2140 1097 5521 -2869 12476 -15580
-5341 1348 5668 -534 12276 -17316
-7852 1313 5885 1020 10849 -18861
-10450 1774 6854 2862 9175 -20833
-13734 3080 7933 5176 7621 -23059
-16950 5516 8418 7531 6911 -24671
-19216 7212 9310 7803 6596 -25996
-20734 9132 10110 5184 5864 -26602
-22742 11000 10136 1409 3911 -27482
-24580 12690 9878 -1281 813 -29348
-24722 12828 10184 -2601 -1028 -30394
-24126 13357 10117 -3424 -1457 -29949
-24285 13782 9725 -3368 -1688 -29814
-24641 14477 9252 -2757 -1517 -29831
-24288 14750 9208 -2837 -1065 -29822
-24154 15958 8628 -3287 -906 -30330
-23525 15440 8252 -1970 -904 -29102
-23825 16472 8134 387 -1580 -28336
-23122 17690 8380 2915 -2254 -27855
-22898 19869 8638 4489 -2270 -26693
-22557 22553 8708 4445 -2022 -25640
-22206 24161 8601 3099 -2463 -24435
-21902 25104 8152 1113 -3084 -22682
-21206 25892 7826 -121 -4341 -21219
-20409 25638 7177 58 -5617 -19501
-18694 23881 6730 2312 -6071 -17400
-17214 23717 6720 5900 -5780 -15175
-16074 23522 6756 8854 -5055 -13324
-15021 23285 6870 10774 -4754 -12273
-14858 23769 6594 11895 -5042 -11785
-14345 24282 6156 12294 -5445 -11241
-13800 25105 5701 12419 -5858 -10431
-13217 25958 5221 12238 -6130 -9302
-12222 26437 4721 12258 -5844 -8224
-11736 27202 4229 12394 -5308 -7017
-10766 28232 3777 12141 -4961 -5980
-10002 29489 3436 11157 -4372 -4939
-8574 30000 3486 9229 -3677 -3846
-7961 30804 3201 7112 -2949 -2631
-8016 31701 2913 4489 -2514 -1215
-7798 32289 2681 1961 -2273 212
-8152 32767 2648 -1014 -1978 1936
-7256 32626 2752 -4245 -1669 3823
-5617 31232 2785 -6840 -1352 6357
-4172 29316 3253 -7626 -970 9052
-3124 26986 3744 -6461 -252 11030
-1713 25186 4449 -4261 1277 12358
77 24430 5505 -2047 3299 12947
1198 24052 6132 -267 5648 13049
2380 23262 6368 1366 7402 13800
2912 22389 6950 1906 8244 14141
4038 21710 7212 1144 8130 14038
3965 23417 7512 -278 8371 14266
4225 23264 7824 -2691 7786 14671
4464 21888 8202 -5210 7150 15304
4034 21340 8440 -7748 6354 16163
3925 18597 8470 -9507 5242 16848
3572 15980 8353 -9478 3856 17492
3194 14408 8181 -8036 2816 18210
3593 11560 8678 -6125 1688 17990
3816 10260 8713 -4912 495 18336
3421 8941 9034 -4408 -130 18996
3358 7144 9480 -4298 -985 19881
2728 6869 10020 -4460 -1141 20608
2982 5866 11096 -4971 -913 20427
2494 6038 11829 -5806 -60 19248
1850 6197 13308 -6873 1136 17205
1725 6024 14142 -8980 2463 13910
2533 6081 14785 -11953 4126 10146
2929 5048 14816 -14829 4944 6429
2788 5742 13720 -17004 5101 3412
3680 5354 12776 -18271 5052 651
4042 5665 11280 -18661 5153 -1776
4317 6161 10329 -18525 5728 -3834
4253 6692 9893 -17984 6400 -5587
4545 6892 9569 -16838 6899 -7508
4836 6896 9813 -15375 7513 -9140
4034 7932 9800 -13827 8127 -10148
2769 8690 10268 -12133 8960 -10894
2282 8810 10844 -10826 9886 -11548
1184 9046 10728 -9113 10639 -11622
-88 7874 10633 -6534 10908 -10909
-2188 7396 10817 -2815 10761 -9241
-3897 6393 11229 2197 10169 -6513
-4276 7422 11173 5924 10472 -2467
-6404 8901 10888 8831 10562 1326
-9238 10381 9624 11527 10123 2937
-11733 11110 9536 13274 8195 1578
-13589 14026 9838 12464 4845 -1732
-14833 17761 10298 8026 531 -5674
-15348 19609 9789 1562 -4266 -8692
-15434 19818 8620 -4616 -7826 -10521
-14953 17818 7698 -8745 -10224 -11193
-13881 15500 7388 -9834 -11244 -10565
-12952 12946 7404 -7481 -10907 -8934
-12070 12184 9552 -3493 -12496 -9176
-10890 6671 9791 1465 -8065 -5160
-11648 11541 8000 10865 -7210 -2146
-12829 14557 9866 13337 -3917 418
-12040 15983 10085 10538 -1183 -2377
-9467 16139 10059 7066 516 -2650
-8717 15698 9761 4765 2770 -3145
-8075 16153 9826 2809 3582 -3334
-7278 15954 9944 665 3035 -4827
-6512 15504 10021 -165 3039 -4896
-5925 14965 10395 308 3937 -4050
-5804 15372 10924 1140 3963 -3526
-5560 15944 11142 1285 3986 -3416
-5362 15813 11358 1243 4172 -3148
-5245 15985 11417 1161 4271 -2926
-4686 15632 11053 1487 4930 -2062
-5108 15580 11289 1765 4973 -1546
-5228 16430 11234 1347 4342 -1211
-5418 17017 11084 1046 3585 -1767
-5557 16948 10744 13 2687 -1660
-5997 16452 10798 -676 2574 -1343
-6188 15613 10829 -840 1974 -709
-6422 14992 10721 -699 1487 -320
-6413 15644 10722 -626 1708 -387
-7008 15470 10882 -295 2017 158
-7034 14538 10848 -34 1874 851
-7397 14146 10696 374 1350 843
-7484 13805 10948 1377 1568 1539
-7598 14253 10998 2128 2131 1665
-7501 14136 11182 2492 2579 2058
-7610 14474 11213 2420 2025 1982
-7322 14124 11004 2236 1107 1808
-7054 14010 10568 2276 694 1958
-6897 14106 10398 2087 365 1989
-6798 14557 10398 1507 150 1686
-6814 14916 10402 478 -219 1128
-6669 14988 10548 -597 -495 494
-6312 14850 10566 -1544 -654 7
-5865 14533 10605 -2116 -676 -493
-5660 14141 10448 -2276 -635 -679
-5601 13669 10280 -1996 -509 -636
-5541 13396 10132 -1441 -487 -457
-5338 13281 10054 -795 -511 -325
-5500 13678 9952 -186 -589 -228