1484 17141 1184 1067 1286 -4063
1268 17556 1480 598 1811 -4179
1036 17784 1848 -166 2046 -4362
801 18143 2177 -786 1812 -4294
614 18467 2169 -525 1417 -4012
416 19012 1992 -101 1277 -3677
382 19324 1806 526 1403 -3324
257 19854 1758 927 1831 -2817
145 20158 1658 1329 2467 -2458
-121 20923 1702 1065 2803 -2346
-98 21116 1784 335 2895 -2237
-149 20864 1941 -374 2697 -1939
178 20321 2004 -740 2404 -1302
577 19748 2185 -499 2257 -645
976 19409 2192 225 2400 -106
1558 19533 2137 719 2603 318
2088 19681 2200 792 2976 779
2550 19808 2352 512 3296 1131
3142 19685 2385 39 3629 1507
4041 19569 2581 -459 3863 1934
4949 19553 2652 -1025 4041 2360
5460 19670 2613 -1535 3930 2678
5988 19700 2512 -2147 3620 2971
6333 19617 2482 -2767 3584 3378
6514 19321 2509 -3062 3913 3828
6682 19174 2474 -3104 4429 4188
6630 19180 2213 -3010 4887 4577
6758 18989 2176 -2979 5215 5026
6937 18550 2042 -2972 5676 5537
6937 17912 2182 -3080 6395 6128
6804 17072 2546 -3375 7382 6650
6557 16021 3158 -3785 8572 7037
6449 14726 3820 -3999 9728 7054
6430 13788 4620 -4133 10673 6918
6302 12857 5232 -4309 11218 6656
5761 12309 5386 -4181 11038 6113
5365 11964 5417 -3733 10260 5248
5057 11912 5126 -2989 9368 3992
4649 11490 4818 -1668 8734 2575
4304 11382 4405 146 8575 1510
3870 11300 4294 1751 9037 756
3085 11418 4277 2840 9900 -35
2197 11134 4385 3484 10863 -1292
1170 11128 4308 3747 11330 -3121
-68 11130 4212 3871 10957 -5259
-1221 11437 3741 3700 9580 -7720
-2206 11678 2940 3731 7380 -9978
-3085 12085 2237 3685 4771 -11467
-3952 12445 1520 3593 2373 -12515
-4593 12646 1093 3205 573 -13204
-5181 12702 949 2504 -337 -13784
-5809 12194 1145 1962 -507 -14477
-6558 11764 1392 1746 -463 -15398
-7406 11481 1652 1787 -554 -16599
-8954 12502 856 2216 -1680 -18077
-10578 14628 -618 2176 -4479 -18943
-11089 15957 -1873 1148 -7040 -18308
-11369 16916 -2994 -284 -7749 -16723
-11496 16866 -2912 -1141 -6545 -15277
-11417 15793 -2457 -639 -4122 -14794
-11684 14952 -1821 1773 -1801 -14994
-12614 15486 -1208 4823 -419 -15756
-14092 17724 -1408 6519 -907 -16679
-14852 19721 -1501 6287 -3041 -16914
-15142 20952 -1650 4328 -5291 -16760
-15178 20958 -1482 1720 -6600 -16037
-14798 19852 -1149 34 -6639 -15138
-14873 19493 -816 84 -5780 -14464
-15476 19706 -713 1497 -4990 -13816
-15748 20009 -321 3401 -4470 -13053
-15810 19765 54 5300 -4069 -12269
-16042 19841 280 6979 -4119 -11606
-16182 19984 600 7525 -4532 -11199
-16553 20542 634 6684 -5199 -10874
-16670 20698 729 5390 -5968 -10410
-16470 19940 826 4828 -6237 -9720
-16141 18792 924 5677 -5935 -8924
-15842 18040 1093 7662 -5539 -8294
-15620 17905 1234 9826 -5369 -7727
-15512 18320 1297 11365 -5729 -7234
-15456 18789 1093 11743 -6724 -6901
-15216 18717 910 11094 -7981 -6766
-15057 18597 502 10050 -9262 -6650
-14773 18725 136 8952 -10291 -6618
-14166 18673 -320 8020 -10772 -6709
-13704 18609 -709 7864 -10497 -6789
-13384 18418 -1226 8917 -9922 -6685
-13410 19081 -1785 10526 -9594 -6182
-13264 20172 -2344 11519 -9636 -5500
-12850 20888 -2714 11485 -9887 -4941
-12476 21253 -3162 10535 -10098 -4561
-11950 21282 -3520 9200 -10031 -4384
-11314 21146 -3853 8102 -9396 -4141
-10802 21234 -4133 7522 -8517 -3862
-10501 21740 -4358 7422 -7513 -3560
-10172 22333 -4437 7237 -6697 -3180
-9910 22876 -4310 6798 -5986 -2744
-9630 23206 -4188 5902 -5517 -2397
-9456 23590 -4037 4717 -5283 -1964
-9102 23798 -3978 3324 -5018 -1498
-8761 23797 -3952 2357 -4498 -849
-8345 23929 -3994 2131 -3615 23
-8084 24445 -4168 2193 -2736 1135
-7809 24600 -4012 2241 -1879 2420
-7300 24609 -3794 2360 -1060 3916
-7021 24584 -3578 2478 -452 5361
-6668 24410 -3250 2363 -121 6841
-6254 24229 -3076 2180 68 8442
-5805 23794 -2966 2082 72 10127
-5384 23488 -2970 1892 -112 11658
-4806 22841 -2849 1554 -206 13122
-4352 22418 -2786 1132 -228 14282
-3970 22110 -2725 441 -151 15179
-3380 21444 -2681 -35 277 16171
-2993 20934 -2813 38 889 17152
-2613 20646 -2848 237 1410 18127
-2294 20428 -2966 255 1866 19026
-2080 20378 -3144 -16 2009 19666
-1839 20234 -3030 -931 1833 20327
-1502 19676 -2744 -2507 1635 20702
-1170 18973 -2421 -3922 1884 20603
-1012 18390 -2534 -4677 2507 20502
-939 17697 -2616 -4601 3551 20710
-440 16934 -2402 -3636 5128 21293
-118 16317 -2041 -2590 6529 21714
130 15861 -1466 -2031 7668 21831
136 15977 -1140 -1961 8416 21559
223 15794 -937 -2286 8705 20871
449 15410 -535 -2718 8905 19775
731 14837 129 -2782 9411 18515
970 14324 642 -2563 9826 17609
952 14606 1002 -2461 9805 17022
1108 14643 1364 -2667 9294 16193
956 14713 1610 -2831 8185 15215
1106 14800 1765 -2585 6799 13921
1432 14646 1840 -1862 5957 12613
1417 14612 1774 -627 5947 11605
1438 14532 1984 473 6574 10828
1282 14597 2014 1192 7598 10207
946 14813 2267 1840 8873 9116
593 14620 2338 2188 9412 7795
465 14745 2305 2401 9299 6342
194 15114 2017 2628 8570 4745
-46 15772 1489 2720 7439 3400
-84 16458 1133 2535 6427 2337
-108 16951 596 2488 6128 1593
36 17202 373 2991 6520 1080
121 17388 394 3596 6991 836
127 17680 378 4020 7092 687
158 17972 542 4085 6790 608
395 18028 709 3671 6104 485
782 18168 906 2876 5237 289
1052 18134 830 1970 4110 -84
1446 18046 705 1724 3200 -269
1768 18280 598 2204 2829 -174
2148 18442 438 2721 2570 -30
2454 18708 340 3026 2241 -70
2715 19126 266 2477 1724 -356
2920 19252 296 1618 1370 -627
3122 19330 248 1026 1264 -852
3324 19272 237 613 1287 -993
3418 19416 -5 682 1250 -898
3412 19565 -222 816 1005 -754
3488 19533 -318 933 745 -573
3558 19552 -464 964 530 -356
3645 19407 -444 703 497 -277
3593 19366 -349 312 662 -365
3626 19175 -259 -27 899 -414
3611 18873 -81 -201 1217 -407
3568 18694 130 -242 1294 -472
3461 18642 293 -392 1039 -461
3326 18549 352 -498 545 -275
3357 18473 283 -310 242 -167
3454 18348 204 57 72 -21
3613 18310 7 558 -19 153
3617 18424 -171 862 -147 152
3619 18452 -237 500 -251 119
3629 18307 -244 -92 -284 -21
3652 18241 -436 -315 -237 -126
3655 18325 -530 -109 -246 -136
3690 18434 -669 259 -210 29
3784 18451 -727 581 -28 156
3822 18446 -678 586 122 175
3801 18457 -691 287 174 86
3825 18397 -716 -75 135 -13
3986 18196 -658 -125 222 -46
4109 18002 -609 260 439 -26
4160 17932 -608 717 583 -10
4122 17986 -509 1215 648 52
4119 18164 -625 1663 615 206
4242 18381 -652 1660 481 271
4282 18436 -804 1533 440 274
4317 18516 -981 1356 342 229
4424 18608 -1083 1013 304 91
4416 18588 -1054 627 391 -64
4296 18568 -1076 288 578 -182
4184 18824 -1120 33 818 -211
4176 18873 -1047 -262 924 -207
4100 18769 -887 -544 890 -125
4001 18586 -794 -534 771 1