5832 18255 1277 278 1011 -32
6237 18432 1489 423 1216 301
6384 18494 1622 536 1399 421
6546 18690 1662 303 1649 519
6851 18801 1763 -244 1886 668
7096 18674 1888 -565 2197 793
7527 18519 1926 -739 2664 966
7948 18364 2069 -741 3189 1254
7956 18474 2172 -859 3236 1447
8128 18410 2080 -919 3239 1471
8153 18738 2145 -1611 3092 1445
8134 18920 2341 -2709 3052 1324
8289 18746 2458 -3698 3224 1289
8397 18216 2390 -4367 3911 1387
8289 17197 2702 -4272 5327 1704
7950 16354 2922 -3254 6659 1820
7538 16100 3222 -2484 7763 1706
7224 15965 3392 -1977 8446 1443
6906 15753 3557 -1738 8631 1090
6676 15564 3596 -1711 8484 850
6451 15236 3584 -1492 8006 612
6220 15088 3278 -1050 6903 278
5998 15009 2972 -597 5753 -67
5608 14652 2812 21 4707 -570
5186 14272 2816 611 4642 -1049
4661 13569 2884 1286 5061 -1832
3827 12997 3228 1849 5136 -3052
2749 13477 3220 1514 4375 -4282
2020 13941 2825 290 2236 -5710
1165 14343 2367 -1548 -596 -7030
905 14280 2233 -3200 -2559 -7879
634 14198 2446 -4422 -3407 -8469
457 13066 2676 -5126 -3152 -9409
-196 10700 2825 -1679 -1282 -10730
-1278 10226 3023 3881 55 -11695
-2302 11081 3137 6606 -117 -12343
-3342 12442 3293 6143 -2169 -13001
-4609 14313 2640 2873 -5917 -13899
-5621 15492 1928 -3112 -10763 -15367
-5606 13729 1297 -7183 -13282 -16594
-5470 12224 1132 -5909 -11930 -17277
-5664 11878 1218 -3438 -9872 -17722
-6261 12130 1396 -442 -7273 -18208
-8165 13841 1708 1178 -5744 -19378
-10006 15742 1550 306 -6328 -20203
-11464 16484 939 -2131 -8925 -21239
-12377 16837 274 -4063 -11318 -21380
-12668 17640 -63 -3715 -10425 -20485
-12541 18294 888 -1737 -6485 -19798
-13047 18666 2227 -92 -2708 -19897
-14428 19880 3254 -913 -1716 -20256
-15334 21452 4117 -3930 -2773 -20045
-16018 21625 4501 -7939 -4520 -19250
-16526 20934 4642 -9374 -5914 -18289
-16737 20194 4578 -7394 -6648 -17024
-16898 20465 4408 -3489 -6258 -15475
-17144 21068 4162 456 -5123 -13736
-17318 21798 3891 3990 -3773 -11325
-17142 22066 3746 6809 -2831 -9326
-16880 22214 3596 8168 -2440 -7960
-16821 22260 3482 8556 -2395 -6407
-16208 21876 3229 8663 -2260 -4968
-15509 20926 3108 9120 -1783 -3897
-14718 20050 2988 10275 -1235 -2951
-14246 19796 2897 11616 -640 -2295
-14144 19924 2802 12620 -459 -1617
-13970 20108 2524 12648 -683 -1133
-13785 20341 2128 11746 -1315 -532
-13365 20172 1798 10395 -2045 92
-12758 19518 1592 9257 -2701 538
-11842 18896 1337 8751 -2751 926
-11036 18790 1188 8917 -2340 980
-10822 19286 958 9317 -1717 871
-10673 19801 862 9346 -1196 755
-10645 20614 417 8856 -1164 900
-10158 20509 198 7958 -1433 1422
-9692 20028 -12 7356 -1718 1951
-9397 19934 -333 7029 -2133 2258
-8865 19729 -480 6690 -2392 2452
-8604 19809 -605 6481 -2157 2751
-8598 20237 -814 6459 -1671 3048
-8480 20384 -849 6514 -1245 3381
-8264 20680 -1024 6389 -991 3679
-7912 20456 -989 6241 -914 4022
-7537 20473 -1074 6096 -1115 4439
-7154 20536 -1196 5661 -1646 4992
-6672 20490 -1210 4898 -2261 5520
-6165 20268 -1382 4426 -2707 5991
-5897 20573 -1730 4118 -2958 6409
-5537 20818 -2029 3756 -2863 6850
-5364 21133 -2390 3384 -2360 7268
-5049 21005 -2488 3056 -1622 7752
-4529 20498 -2325 3097 -826 8315
-4034 19950 -2184 3147 -325 8720
-3690 19852 -2186 3368 -233 9393
-3126 19837 -2610 2998 -500 10067
-2818 19980 -2984 2895 -818 10866
-2329 19950 -3193 2808 -756 11488
-1946 20133 -3457 2750 -435 12158
-1576 20365 -3556 2223 -83 12656
-1080 20161 -3712 1588 391 13127
-536 19945 -3785 940 890 13449
218 19065 -3685 832 1552 13852
709 18662 -3522 1046 2348 14103
1110 18662 -3548 1284 3127 14523
1452 18821 -3396 1229 3636 14994
1890 18832 -3249 904 3955 15286
2234 18756 -3090 349 4279 15132
2489 18504 -3077 -330 4744 14865
2912 17984 -2884 -695 5548 14706
3126 17513 -2705 -668 6641 14576
3244 17101 -2408 -387 7980 14422
3268 16892 -2146 -69 9289 14082
3134 17104 -1977 -95 10274 13667
3136 17001 -1572 -529 11073 13141
2937 17084 -1216 -1279 11629 12515
2718 17105 -802 -2298 11912 11650
2468 17270 -356 -3453 12003 10704
2472 17154 -50 -4566 12199 9775
2404 17272 97 -5437 12451 9071
2320 17026 106 -5683 12672 8778
2038 16778 130 -5265 12863 8745
1962 16490 216 -4576 12991 8783
2010 16261 233 -3778 13085 8896
1960 16261 294 -3028 12895 8953
1857 16812 376 -2798 12555 8822
1888 16921 350 -2822 12325 8610
1617 17036 418 -2925 12096 8377
1250 16809 722 -3043 11875 8006
1102 16361 994 -2978 11878 7621
856 16196 1072 -2563 11995 7346
761 16168 1166 -1856 12167 7085
782 16296 1329 -1013 12317 6751
666 16690 1489 -473 12291 6437
450 17152 1738 -539 11721 5994
298 17244 1769 -1004 10800 5498
229 17057 1993 -1551 9790 4866
152 16766 1922 -1636 8812 4467
198 16450 1761 -1045 7981 4350
234 16562 1662 -241 7292 4190
378 16870 1701 375 6869 3898
382 17310 1460 714 6484 3580
458 17757 1128 844 6046 3218
590 17916 938 844 5548 2912
748 18080 712 813 5114 2610
932 18096 632 784 4707 2340
1093 18176 530 767 4360 2137
1334 18052 592 813 4084 1872
1610 18006 741 902 3923 1543
1910 17854 1029 1014 3864 1269
2205 17797 1154 1366 3827 1108
2404 17980 1138 1720 3557 995
2645 18088 1269 1973 3193 888
2876 18334 1324 1958 2817 714
3117 18381 1284 1682 2499 430
3245 18354 1278 1313 2177 139
3345 18284 1340 916 1940 -216
3413 18342 1357 585 1764 -468
3512 18205 1384 467 1751 -628
3617 18074 1457 613 1792 -744
3648 18212 1481 783 1757 -872
3732 18374 1412 825 1553 -907
3822 18477 1309 820 1237 -843
3964 18500 1258 843 908 -680
3905 18726 1089 839 605 -527
3990 18848 919 784 324 -307
4027 18782 922 799 369 -161
3969 18623 941 940 677 -111
3986 18545 1046 1020 904 -137
3876 18526 1150 947 1010 -188
3908 18390 1214 814 1004 -220
3920 18296 1221 774 844 -195
3988 18221 1213 804 610 -177
4002 18197 1156 867 401 -89
4058 18358 891 861 132 29
4063 18492 755 803 -35 117
4123 18508 596 753 -14 106
4146 18499 638 724 137 99
4137 18403 644 679 297 39
4088 18316 672 575 359 -62
4028 18269 543 468 237 -101
3985 18238 508 467 53 -65
3976 18297 410 591 -21 71
4155 18410 256 878 15 340
4444 18229 140 1374 216 710
4496 18364 10 2052 507 1039
4528 18538 -124 2514 665 1127
4365 18861 -61 2187 546 1021
4201 19171 -13 1090 180 667
4252 18816 185 -316 -13 185
4351 18300 296 -917 228 -101
4473 18001 316 -263 579 62
4635 18075 299 756 703 466
4702 18252 288 1449 607 773
4686 18453 294 1498 383 849
4608 18562 308 1037 38 716
4559 18450 327 422 -263 567
4551 18180 233 168 -307 373
4573 18224 213 182 -261 253
4593 18166 188 232 -290 217