4601 18100 -116 -758 -273 155
4728 17969 -17 -939 -17 103
4774 17730 94 -804 434 47
4799 17608 52 -320 914 80
4850 17604 184 129 1290 157
4922 17680 384 530 1548 324
5212 17650 562 1073 1738 507
5460 17772 657 1469 1763 496
5693 18161 776 1554 1628 344
5866 18612 697 1225 1437 126
6054 18748 682 713 1439 -130
6256 18782 650 314 1623 -357
6479 18857 725 38 1950 -476
6840 18781 853 -63 2420 -414
7126 18759 1032 97 2949 -133
7803 18701 1414 241 3584 183
8528 18630 1800 132 4055 474
9109 18575 1925 -189 4318 751
9652 18437 2133 -786 4337 1053
9931 18270 2133 -1578 4155 1281
10230 18061 2033 -2072 4175 1553
10633 17601 2006 -2134 4566 1890
10824 17118 2068 -1814 5238 2272
10563 16365 2317 -1194 6071 2666
10000 15452 2820 -622 6779 2908
9460 14656 3178 -197 7210 2905
8952 13463 3812 623 7900 2490
8416 12463 4238 1958 8493 1631
7849 12029 4160 2997 7979 712
7191 11950 3641 3729 6430 -229
6552 11731 2940 4373 5135 -1088
6349 11166 2570 5054 4993 -2246
6429 10745 2374 5501 5898 -3667
6198 9992 2940 6047 6659 -5346
4630 9462 2866 7200 7040 -7107
3154 9380 2528 8374 5917 -8172
1785 10114 1915 9122 2207 -9160
3 11574 633 8026 -2892 -10694
-1250 12324 -340 4920 -5916 -12867
-2304 12545 -1114 2409 -6015 -15125
-3404 13308 -2418 1421 -5269 -16971
-4291 13903 -3173 1220 -4166 -18615
-5350 14797 -3041 526 -3813 -19411
-6190 15169 -2270 -1443 -4907 -19750
-6874 15162 -1265 -4094 -7054 -20476
-7048 13841 -998 -5684 -9129 -21330
-7652 13284 -1404 -5283 -10212 -21370
-8316 13157 -2145 -2312 -10816 -20698
-10357 15476 -3910 2020 -11377 -19494
-11636 17924 -4146 1737 -11841 -19203
-11980 19656 -3574 -2353 -12256 -20361
-12277 18888 -2602 -7585 -12251 -21863
-12736 17456 -1832 -11340 -12281 -23016
-14139 15956 -1325 -12649 -13234 -23642
-15660 17038 -1797 -10257 -14282 -23127
-16714 19688 -2477 -7255 -14216 -21950
-17253 22361 -2237 -5836 -13107 -20616
-17444 23849 -991 -6733 -10085 -19006
-17437 22828 692 -7387 -7595 -17469
-17804 22232 2258 -5353 -7033 -15382
-17878 22596 3060 -2980 -7472 -13414
-17897 23530 3199 -701 -8399 -11341
-17605 23772 2922 1310 -8935 -9147
-17152 23078 2728 2502 -8620 -7915
-16620 21966 2282 4104 -7982 -6623
-16034 20860 2292 5792 -7286 -5332
-15273 19897 2380 7491 -6577 -3917
-14415 19133 2533 8561 -6423 -2915
-13630 18601 2297 7821 -7315 -2758
-13086 18214 1741 6734 -8319 -2854
-12636 17841 1285 6398 -8869 -2695
-12084 16962 653 7933 -8792 -2199
-11878 17001 100 10528 -8237 -1465
-11880 17634 -250 12233 -7682 -910
-11732 18034 -672 12628 -7389 -670
-11148 18221 -1050 11767 -7469 -854
-10276 17641 -1298 10152 -7439 -1425
-9825 17741 -1350 8547 -7330 -2005
-9545 17890 -1349 7190 -7200 -2499
-9154 17812 -1182 6350 -7149 -2833
-8932 17489 -1248 6276 -7176 -2959
-8629 17345 -1056 6399 -7582 -2965
-8261 17618 -992 6472 -8122 -3146
-7457 18564 -762 5862 -8456 -3589
-7316 19770 -432 4109 -8598 -4319
-7422 20601 -133 2177 -8288 -5022
-7401 20730 228 967 -7601 -5437
-7649 21122 502 741 -6948 -5485
-7870 21330 649 1236 -6538 -5091
-7946 21340 564 2450 -6266 -4200
-7924 21401 509 4224 -6041 -2997
-7965 21744 382 5779 -5911 -1663
-7836 22266 110 6629 -5789 -421
-7633 22704 -112 6724 -5513 445
-7454 22974 -513 6255 -5045 1162
-7201 23124 -954 5869 -4313 1910
-7038 23318 -1278 5604 -3520 2912
-6950 23514 -1505 5682 -2718 4042
-6608 23676 -1920 5944 -1986 5333
-6236 23638 -2158 6281 -1459 6840
-5794 23581 -2484 6810 -836 8379
-5560 23828 -2865 7190 -91 9782
-5080 24364 -3097 6805 557 11172
-4636 24501 -3232 5771 1200 12381
-4226 24393 -3240 4587 1910 13384
-3696 23701 -3289 3717 2878 14205
-3246 23229 -3362 3352 3794 15170
-2908 22922 -3580 3133 4561 16306
-2533 22461 -3640 2848 5055 17539
-2120 21946 -3410 2386 5345 18732
-1665 21061 -3213 1947 5761 19704
-1317 20565 -3141 1645 6285 20391
-981 20156 -3220 1320 7018 20863
-744 19673 -3142 928 7770 21355
-574 19308 -3073 558 8487 21641
-330 18846 -2980 166 8967 21746
-156 18250 -2758 -260 9375 21694
81 17417 -2353 -620 9830 21489
141 16741 -1770 -897 10281 21220
102 16326 -1368 -1266 10627 20805
218 16130 -1182 -1607 10942 20100
444 16061 -976 -2152 11293 19147
756 15764 -886 -2390 11967 18212
1133 15601 -1016 -2374 12878 17388
1297 15308 -700 -2326 13650 16834
1333 14761 -69 -2144 14211 16444
1405 14386 384 -1805 14470 15959
1574 13793 1022 -1195 14561 15387
1804 13762 1198 -570 14469 14903
2148 13706 1366 -177 14157 14323
2625 13804 1358 49 13558 13749
2846 13324 937 262 12749 13233
2702 12793 448 990 11681 13119
2653 12644 202 1975 10786 13125
2497 12678 41 2892 10202 12779
2138 12753 44 3481 9783 11883
1760 13078 134 3445 9707 10576
1306 13473 293 3019 9904 8911
1148 14080 480 2176 10183 7025
998 14685 816 952 10484 4926
1288 14868 860 213 10688 3167
1333 15112 921 301 10424 2207
1381 15606 1045 908 9523 1849
1330 16493 960 1551 8052 1639
1562 16958 781 2129 6588 1548
1824 17206 621 2727 5606 1373
1992 17592 350 3554 5197 1233
2249 18405 -21 4185 5183 973
2565 19222 -202 4298 5333 614
2710 19796 -300 3948 5574 218
2866 19824 -301 3580 5789 -53
3066 19488 -133 3386 5778 -132
3536 18911 22 3660 5422 -15
3860 18836 142 4278 4608 191
4014 19196 57 4178 3805 141
4376 19212 13 3352 3447 -165
4667 19022 -206 2446 3442 -551
4921 18830 -572 1964 3391 -681
5140 18458 -668 1841 3182 -404
5234 17840 -817 2547 3139 15
5246 17942 -916 3196 3495 208
5267 18461 -702 2978 3803 53
5278 18512 -573 2236 3887 -164
5272 18388 -431 1606 3832 -300
5332 18178 -432 1320 3618 -276
5329 18013 -544 1372 3258 -130
5252 18068 -620 1417 3030 51
5160 18257 -641 1316 2845 114
5036 18441 -709 914 2770 127
5005 18431 -719 756 2813 202
5006 18384 -664 713 2856 202
4967 18248 -639 690 2706 251
4953 18137 -704 814 2548 368
4985 18178 -609 834 2350 410
5085 18254 -737 818 2260 456
5096 18408 -624 569 2154 364
5090 18487 -693 68 1924 287
5081 18282 -734 -178 1738 222
5208 18093 -780 -155 1721 228
5203 18042 -813 -99 1797 293
5256 18080 -650 -115 1894 315
5324 18020 -535 -226 1827 295
5412 17881 -570 -145 1695 317
5488 17880 -603 -7 1415 465
5593 17785 -697 31 1104 642
5504 17808 -735 -133 961 655
5503 17486 -768 -282 1038 625
5600 17230 -562 35 1303 562
5583 17316 -332 278 1466 467
5629 17413 -309 329 1220 362
5397 17727 -396 145 424 272
5360 17738 -548 75 -58 376
5340 17739 -590 225 -50 325
5588 17779 -630 366 24 281
5801 17746 -597 624 108 199
5898 17851 -562 702 -24 82
5868 18092 -601 358 -404 -14
5916 18156 -692 30 -733 -15
5985 18121 -793 -308 -1108 64
6326 17681 -938 -347 -1281 189