5246 18194 -121 -293 -3235 196
5592 18006 -432 567 -3556 682
5837 18132 -842 991 -3673 966
5988 18462 -1129 812 -3599 995
6306 18609 -1421 396 -3287 884
6617 18769 -1591 -181 -2762 624
6742 18678 -1717 -975 -2160 350
6925 18364 -1737 -1342 -1624 240
7017 18070 -1801 -1262 -1177 252
7068 18097 -1640 -1140 -690 273
7110 18232 -1450 -1150 -334 222
7245 18367 -1290 -1416 -83 -2
7259 18567 -1119 -2058 65 -290
7243 18524 -1097 -2608 154 -493
7214 18568 -1274 -2771 141 -480
7140 18490 -1328 -2696 246 -334
6937 18443 -1320 -2338 671 -86
6658 18406 -1157 -2032 1433 58
6326 18406 -818 -2097 2007 70
6224 18041 -368 -2081 2412 153
6229 17466 64 -1581 2544 333
6296 17374 276 -1185 2400 533
6469 17157 350 -908 2112 611
6538 16946 264 -739 1940 614
6670 16757 152 -652 2019 547
6854 16791 26 -596 2559 449
7219 16756 -37 -526 3175 230
7392 16856 -56 -574 3484 61
7596 17137 80 -1015 3798 -213
7836 17330 65 -1764 4079 -511
8010 17299 17 -2035 4351 -566
8224 16944 175 -1816 4923 -370
8364 16504 345 -1117 5526 -154
8397 16177 608 -557 6006 -34
8409 15462 1076 147 6763 -80
8237 14400 1943 1232 7841 -434
8112 13542 2680 2466 8892 -970
7716 13133 3630 3524 9752 -1882
7250 12942 4420 3490 9761 -3063
6576 12971 5061 2022 8634 -4578
6132 12565 5254 -615 6598 -6764
5282 12533 4797 -2452 4630 -8111
5034 12834 3974 -3076 3252 -8711
5048 12672 3108 -2462 2015 -8834
5032 12366 2429 -553 1535 -8626
4597 12130 2217 1404 1817 -8381
3914 11941 2272 3079 2229 -8511
3349 11690 2581 4224 2416 -9118
2438 11406 3010 4877 2015 -10243
1395 11580 2975 4814 899 -11602
213 12448 2216 4116 -1476 -12491
-577 13132 1486 2282 -4764 -13114
-1386 12918 735 389 -7983 -13984
-2184 12143 330 -322 -9952 -14935
-2985 12133 -198 9 -10924 -15787
-3904 13024 -1149 512 -11818 -16546
-4992 14640 -2191 -90 -13295 -17378
-6246 17056 -3532 -2899 -15216 -18459
-6778 18184 -4398 -5809 -16225 -19228
-7193 16743 -4967 -7204 -15576 -19625
-8344 16113 -4878 -5932 -13646 -19491
-9526 15918 -4341 -2668 -11047 -18968
-10995 17055 -3414 224 -9181 -18499
-12088 18356 -2884 765 -8736 -18457
-13021 20028 -2840 -836 -9297 -18373
-13486 20953 -2594 -3640 -10134 -18195
-13928 20753 -2293 -5905 -10414 -17593
-14057 20568 -1532 -6858 -9566 -16987
-14324 21053 -797 -6925 -7707 -16834
-14674 21448 -116 -6360 -5841 -16747
-15511 22133 291 -5798 -3912 -16586
-16824 23680 840 -6374 -3354 -15629
-16830 23754 1320 -7467 -3663 -14375
-16710 22561 1618 -7613 -4075 -12950
-16572 21160 2064 -4065 -3811 -10137
-16305 20150 2349 897 -2945 -7350
-16105 19898 2717 4555 -2107 -5658
-15746 19684 2952 6911 -1472 -4573
-15492 19424 3396 7843 -1254 -4040
-14886 19224 3884 7778 -1494 -4054
-14893 19634 4212 5969 -3123 -4447
-14914 19896 3995 3650 -4893 -4477
-14421 18925 3645 2718 -6228 -4230
-14221 17947 3044 4621 -6980 -3626
-13740 17554 2582 7572 -7437 -2765
-13292 17742 2420 9381 -7649 -2273
-13132 18484 2184 9877 -8298 -2300
-12870 19042 2006 9125 -9025 -2528
-12566 19465 1525 7265 -9910 -2939
-12205 19585 977 4901 -10883 -3255
-11570 19370 650 3531 -11405 -3328
-10659 18654 304 3726 -11266 -3407
-9891 18713 4 5389 -10722 -3209
-9281 19145 -5 6586 -10205 -3054
-9341 20306 -29 6637 -10042 -3174
-9116 20960 -118 5236 -10154 -3324
-8680 20779 -417 3139 -10278 -3476
-8040 20188 -707 1952 -10239 -3511
-7590 19970 -1307 2369 -10200 -2948
-6893 20092 -1851 4276 -9904 -1246
-6393 20605 -2165 6141 -9474 257
-5998 21332 -2536 6841 -9022 1018
-5224 21855 -2640 6637 -8063 1799
-4514 22470 -2681 5540 -6138 2198
-4128 23208 -2840 4456 -4770 2390
-3664 23910 -2887 3636 -3319 2977
-3013 24690 -2952 3073 -2195 4662
-2203 24335 -2876 3873 -1764 7319
-1692 24081 -2777 4724 -1694 9523
-1249 23832 -2810 5402 -1122 11452
-879 23596 -2758 6008 114 13342
-830 23912 -2860 5555 1428 14738
-792 23579 -2572 4073 3083 15985
-548 22025 -2300 2979 4908 17171
-296 20910 -2180 3220 6140 18356
-23 19940 -2080 4055 6979 19716
173 19250 -2021 4690 7536 20874
320 18880 -1841 4761 7948 21453
517 18253 -1580 4194 8713 21292
520 17840 -1387 2855 9991 20470
601 17467 -1207 1073 11420 19348
632 17228 -1066 -104 12293 18544
959 16507 -894 -528 13298 17842
1165 16237 -493 -180 14234 17044
1416 16120 -94 -144 14596 16378
1496 16261 -65 -332 14692 15630
1601 16532 -374 -1021 14319 14807
1778 16540 -509 -1477 13910 14339
1968 16109 -513 -1408 14043 13866
2058 15754 -457 -901 14659 13196
1926 15580 -414 -404 15345 12663
1949 15037 -454 392 16061 12192
1620 14899 -607 1750 16581 11695
1359 14888 -430 2597 16328 11030
1242 14848 -282 2730 15833 10299
1133 14928 -86 2432 15217 9118
966 15384 -38 1777 14521 7657
695 15707 -46 1061 13792 6555
340 15830 -35 550 13096 5561
88 16280 -180 457 12398 4837
153 16880 -150 415 11616 4406
44 17725 -60 -259 10497 3925
102 18314 102 -1342 9481 3445
128 18314 272 -1808 9047 3229
365 18145 374 -1712 8787 3174
676 18134 367 -619 8385 3584
1056 18289 430 736 7779 4244
1373 18312 396 1919 7139 4915
1937 18333 612 2828 6359 5424
2380 18254 738 2946 5969 5473
2566 18263 961 2821 5595 5214
2797 18146 1052 2447 5127 4743
3088 17996 1152 2077 4556 4362
3252 17952 1186 1849 3972 4096
3593 17723 1056 1796 3376 3853
3936 17560 934 2052 2941 3753
4228 17457 771 2702 2704 3665
4539 17516 460 3449 2362 3462
4695 17881 165 3633 2191 3155
4732 18196 80 3299 2205 2752
4745 18321 123 2488 2385 2067
4800 18287 159 1324 2851 1153
4872 18168 320 770 3290 458
4792 18380 454 606 3211 144
4781 18545 581 428 2865 115
4780 18550 783 312 2524 77
4790 18596 956 227 2234 25
4893 18644 953 85 1917 -9
5002 18639 880 13 1606 58
4908 18658 672 91 1222 227
4912 18494 421 96 978 368
4794 18087 388 144 1096 401
4661 17620 424 276 1332 284
4746 17356 605 354 1532 33
4856 17238 852 280 1545 -280
5321 17265 872 207 1212 -425
5472 17490 674 -15 688 -591
5636 17614 573 -414 -72 -698
5892 17557 366 -709 -444 -579
6247 17389 249 -216 -1 -434
6392 17396 204 419 564 -323
6464 17623 142 997 973 -249
6500 17840 175 1328 1153 -111
6532 18098 12 1204 978 -13
6615 18159 -33 756 693 11
6709 18026 -67 263 510 -17
6796 17922 -20 -24 467 -208
6519 18006 -85 -365 552 -387
6211 17946 -49 -664 660 -469
6053 17891 -214 -618 727 -314
6077 17928 -269 -467 752 -192
6079 17875 -155 -383 767 -84
6055 17501 19 -182 909 141
6045 17349 238 181 1095 222
5910 17410 374 465 1223 225
5826 17488 560 564 1296 326
5876 17549 677 607 1366 393
5929 17432 830 746 1299 336
5944 17412 901 824 1116 328
6026 17358 847 761 735 358