6197 18214 1077 -4499 3453 -987
6380 17826 1460 -3730 3832 -536
6497 17738 1809 -2497 3972 -43
6404 17778 1864 -1262 4007 560
6652 17794 2189 -506 3797 1082
6886 17896 2246 -320 3448 1409
7206 17824 2423 -516 2763 1640
7682 17599 2286 -845 1896 1873
7958 17440 2208 -934 1456 2084
8317 17125 2205 -802 1374 2214
8670 17054 2006 -503 1495 2319
8988 16901 2012 -249 1671 2397
9282 16797 2049 -230 1851 2453
9324 16585 2117 -448 1985 2361
9324 16394 2250 -955 1993 2180
9350 15992 2605 -1584 2068 1883
9413 15406 2994 -2021 2255 1474
9528 14886 3206 -2216 2485 1035
9790 14506 3512 -2252 2592 586
9942 14161 3616 -2134 2584 285
10128 13761 3612 -1714 2576 70
10273 13689 3364 -1023 2562 -66
10304 13686 2897 -173 2560 -77
10368 13673 2608 677 2697 -25
10360 13513 2684 1388 3069 -93
10253 13313 2949 1839 3696 -496
9958 12898 3244 2038 4340 -1116
9549 12429 3446 2182 4886 -1859
9237 11820 3726 2628 5360 -2619
8876 11368 3886 3319 5763 -3383
8546 11145 3940 4088 5908 -3937
8273 11026 3864 4585 5720 -4263
7948 11017 3385 4697 5419 -4405
7616 11186 2689 4581 5172 -4928
7218 11510 2186 3797 4960 -6161
6654 11848 2120 1968 4828 -8080
6113 11677 2229 -534 4674 -10456
4962 11558 2433 -3210 4209 -12924
4006 11154 2322 -4886 3375 -14904
3028 10906 1933 -4624 2124 -15845
1854 11646 974 -2543 711 -15815
1057 13100 13 -273 -542 -15364
360 14592 -360 1151 -1373 -14920
-238 15469 -308 1000 -1960 -15091
-726 15916 146 -470 -2284 -15852
-1292 15593 769 -2666 -2236 -17261
-2033 14818 1529 -4353 -2265 -18708
-3022 13880 1900 -4514 -2438 -19917
-4117 13537 2009 -3063 -3384 -20180
-5250 14466 1649 -1139 -5666 -19363
-6408 15280 856 429 -8685 -18116
-6936 16288 750 613 -11600 -17172
-7184 16922 672 -846 -13469 -17188
-7544 17286 649 -3691 -13931 -17846
-7565 17248 866 -6349 -12697 -19188
-8009 16533 910 -7132 -10519 -20636
-9196 17142 581 -6197 -8847 -21592
-11002 19133 242 -5453 -8869 -21531
-12296 22321 -158 -6988 -10580 -20253
-12324 23301 78 -11029 -12036 -19412
-11382 22176 1416 -15037 -12099 -19453
-10532 17353 2629 -15131 -10078 -19825
-10888 15925 4056 -11823 -7423 -19494
-11921 16829 5209 -7094 -5115 -19013
-13149 18966 6008 -3706 -4206 -18344
-14249 20716 6608 -3687 -5024 -17949
-15021 21804 7016 -5735 -6382 -17452
-15102 20726 7284 -7316 -7377 -16960
-15278 19277 7710 -7291 -8170 -16180
-15241 17257 8057 -4808 -8527 -14922
-15801 17509 8056 -1203 -8932 -13953
-16141 18728 7857 1781 -9511 -13130
-16905 20428 7205 3230 -10106 -12397
-17048 21316 6616 3525 -10445 -11529
-16838 21001 6200 3262 -10331 -10656
-16425 19912 5682 3878 -9800 -9660
-15908 19100 5348 4746 -9659 -8941
-15504 17694 4984 6254 -9661 -8030
-14950 16420 4338 8702 -9752 -7066
-13953 16398 3664 10923 -10090 -6231
-13266 17633 3504 11013 -10378 -6020
-12720 18912 3257 8573 -10216 -6635
-12308 19768 3341 4257 -9358 -7595
-11894 19433 3629 -130 -7962 -8474
-11626 17993 3898 -2496 -6625 -9140
-11618 16574 4024 -1989 -5551 -9410
-11624 15797 4212 336 -5201 -9210
-11644 15892 4337 2739 -5662 -8456
-11586 16760 4440 3899 -6589 -7831
-11260 17685 4734 3450 -7289 -7650
-10894 18321 4990 1968 -7411 -8087
-10618 18022 5318 742 -6838 -8837
-10321 17197 5609 901 -5748 -9320
-9936 16237 5868 2516 -4590 -9166
-9210 16256 6121 4859 -3762 -8962
-9209 17004 6393 6703 -3751 -8890
-9152 18022 6474 7596 -4345 -8894
-9646 19650 6426 7291 -5084 -8738
-9805 20828 6434 6051 -5727 -8355
-9528 20820 6441 5016 -5847 -7755
-9188 20176 6145 4817 -5363 -7200
-8804 19704 5957 5604 -4627 -6452
-8938 19972 5453 7171 -3762 -5471
-9133 20817 5082 8484 -3088 -4389
-9073 22013 4549 8632 -2689 -3022
-8720 22681 4110 6851 -2731 -1650
-8153 22497 3905 5108 -2384 -662
-7984 22472 3972 3600 -1438 -213
-8235 22887 3599 2240 489 193
-8260 22556 3365 2245 3325 1504
-8288 22082 3132 3431 5204 3388
-7993 22073 3156 4845 5747 5812
-7482 21852 3092 6103 4862 8828
-6777 21660 3142 6961 2924 12003
-6082 21380 3060 7655 1143 15020
-5445 21400 2675 8073 110 17378
-4663 21404 2193 6973 -139 19460
-3732 20706 1640 6262 687 20721
-3244 20775 1175 6448 1717 21692
-2750 20926 800 6243 2700 22946
-2162 20811 784 5505 2971 24302
-1284 19940 1124 4647 2991 25339
-522 19039 1278 4112 3063 25821
40 18179 1098 3551 3631 26270
457 17801 869 3034 4263 26414
780 17233 865 2686 5005 26585
1118 16894 832 2491 5803 26457
1542 16198 860 2782 6958 26366
2093 15533 864 3441 8347 26168
2482 15303 1085 3836 9391 25495
2680 15258 1356 3631 10399 24569
2632 15410 1474 3097 11049 23565
2450 15817 1400 1809 11611 22244
2712 15632 1260 567 12329 20849
2682 15442 1514 10 12778 19913
2799 14919 1493 43 13190 18996
2844 14625 1525 1133 13514 18060
2846 14470 1561 2397 13574 17449
2802 14832 1915 3190 13680 16571
2627 15126 2003 3159 13734 15160
2574 15037 2076 3023 13824 13757
2599 15088 2031 3101 13793 12411
2340 15493 2417 3093 13475 11091
2289 15306 2731 3162 13098 9810
2433 15324 2754 3574 12616 8727
2385 15684 2844 3833 11581 7434
2361 16244 2281 3816 10176 6514
2398 16799 1967 3802 8897 5894
2788 16837 1990 3789 8072 5241
3148 16345 1974 4294 7998 4623
3520 16072 2264 5428 8079 4162
3484 16206 2160 6844 7503 3688
3182 17019 1782 7424 6135 3486
3059 17730 1392 6913 4649 2991
3682 17534 1463 6198 4074 2322
3828 17316 1505 5757 4122 1480
3855 17342 1542 5689 4300 860
3612 17805 1485 5709 4287 405
3540 18264 1504 5539 4120 144
3420 19072 1168 4734 3427 1
3635 19519 1198 3144 2165 -12
3950 19116 1228 2449 1496 -71
4058 19140 1125 2381 963 -44
4096 19348 880 2552 639 181
4156 19462 749 2791 636 370
4345 19461 738 2879 761 452
4485 19318 720 2780 881 496
4778 19098 808 2553 871 589
5051 18911 630 2227 524 688
5233 18849 570 1726 -16 636
5467 18730 462 991 -403 482
5949 18114 374 640 -269 384
6207 17873 319 1142 176 509
6214 17964 318 1410 240 661
6405 17704 352 1509 266 763
6646 17599 348 1419 220 746
6878 17668 237 955 95 581
7090 17738 162 117 -19 312
7136 17512 4 -299 4 145
7164 17313 -40 40 332 226
7165 17209 -41 569 683 309
6995 17406 -124 936 849 339
6917 17773 -141 919 813 368
6840 17996 -188 361 757 290
6860 18016 -136 -115 746 204
6868 17798 -23 -469 777 -2
6741 17372 168 -655 805 -107
6653 17004 184 -264 743 47
6668 16980 336 24 676 172
6888 16978 354 186 501 277
7014 16980 285 162 268 267
7077 16934 390 14 183 144
7002 16757 439 -57 126 21
6854 16693 469 84 116 -88
6759 16772 511 222 10 -168
6674 16905 441 424 -136 -189
6816 17162 105 701 -348 -170
6918 17427 -142 822 -636 -25
6964 17833 -499 589 -907 82
6929 18049 -625 43 -945 107