8702 17657 -28 2351 969 -866
8716 17534 14 2351 949 -518
8880 17574 262 2106 1006 -322
9026 17537 570 1778 1120 -296
9072 17546 744 1312 1266 -312
9231 17694 984 585 1336 -296
9545 17729 1444 -288 1429 -242
9763 17694 1910 -983 1563 -168
10038 17480 2156 -1665 1779 192
10122 17301 2241 -1894 1807 707
10213 17369 2230 -2326 1307 1213
10128 17330 2206 -3014 630 1622
10380 16735 2273 -3904 111 1943
10493 15914 2626 -4161 180 1894
10562 14831 2968 -3935 570 1844
10117 14138 3085 -3217 884 1635
9589 13886 3176 -2551 1149 1346
9256 13420 3338 -1908 1530 1145
8860 13384 3226 -1231 1864 864
8662 13394 2916 -625 1952 495
8584 13338 2688 96 2005 -59
8600 13084 2601 1081 2350 -802
8457 12873 2572 2239 2854 -1585
7988 12778 2665 3400 3294 -2600
7228 13092 2605 4110 3461 -3724
6509 13601 2340 3976 3015 -4926
6125 13336 2258 3527 2578 -5970
5582 13472 1896 3149 2016 -6596
5161 13813 1417 2882 937 -6844
4888 13642 1094 3091 -212 -6846
4473 13028 843 4061 -1534 -6946
3411 12808 628 5670 -2793 -7447
2582 13098 468 6495 -2898 -8377
1706 13920 -118 6633 -2230 -10205
712 15166 -1348 5532 -1829 -12326
-230 15809 -2194 3815 -1941 -13253
-957 15918 -2454 1628 -2322 -13631
-1650 15398 -2276 -175 -3234 -13706
-2097 14782 -2008 -1050 -4289 -13757
-2519 14394 -1897 -1324 -5821 -14313
-3432 15209 -2329 -1543 -7275 -15364
-4282 16212 -2971 -2486 -7624 -16511
-4678 16661 -2789 -4424 -6158 -17939
-5085 16481 -2049 -6920 -4250 -19527
-6128 16472 -1562 -9549 -3178 -20932
-6837 16242 -784 -11938 -3309 -21577
-8301 15404 -415 -12011 -4982 -21301
-9644 15705 -432 -8790 -7023 -20226
-10324 16410 -456 -6298 -7919 -19428
-11034 18553 -184 -4457 -8178 -18591
-11388 20413 585 -6353 -7433 -18716
-11283 19929 1731 -10542 -5518 -19739
-12162 19129 2617 -12252 -3431 -20161
-13192 18869 3061 -10081 -2316 -19698
-14828 21090 3483 -7359 -2633 -17574
-15901 23091 3949 -6159 -3870 -14682
-15708 23199 4589 -8200 -5179 -12968
-14974 20877 4974 -8356 -4800 -11967
-14796 19926 5188 -6623 -3795 -11022
-13785 18137 5540 -1575 -2021 -9938
-14239 19555 5693 4729 -626 -8266
-14480 20798 5762 6378 -792 -7194
-14954 21356 5653 5722 -1757 -6142
-14898 20655 5536 3566 -3523 -5689
-14673 19340 5330 1217 -5036 -5700
-14043 17975 5003 -241 -5770 -5607
-13060 16676 4689 460 -5591 -5462
-13146 17178 4234 2604 -5219 -5436
-13444 17984 3848 3732 -5490 -5117
-13631 18693 3590 3772 -6224 -4779
-13372 18684 3428 3297 -7027 -4562
-12941 18303 3207 2524 -7769 -4635
-12269 18036 3066 1528 -8082 -4530
-11317 17062 2785 2057 -7367 -4432
-11050 17168 2612 3303 -6454 -4358
-10995 17688 2491 4737 -5391 -4281
-10833 18416 2477 5308 -4659 -4232
-10738 18754 2480 5109 -4407 -4042
-10410 18860 2650 4467 -4518 -3952
-9972 19169 2733 3222 -5166 -4097
-9456 19674 2586 2132 -5693 -4284
-9228 20078 2378 1693 -5731 -4278
-8867 20463 2268 1650 -5319 -3907
-8594 21306 1920 2256 -4314 -3004
-8309 21849 1977 2810 -3575 -1728
-7684 22078 1925 3771 -2919 -125
-7438 22292 1941 4665 -2516 1532
-6913 22399 1830 5867 -2093 3665
-6593 23061 1523 6714 -1821 5995
-6026 23105 1281 7006 -1887 7948
-5293 23083 849 7074 -2157 10038
-4096 22228 534 7746 -2344 12877
-3003 21867 -48 9105 -2040 15464
-2185 21613 -281 9956 -1273 17343
-1480 21346 -500 10252 -390 18735
-1088 21394 -552 9959 555 19896
-539 21670 -700 8982 1500 20696
276 21435 -846 6994 2405 21435
1074 20605 -837 5537 3115 21984
1753 20037 -901 4707 3647 22461
2414 19160 -721 3663 4110 22811
2646 18646 -765 2148 4643 22411
2932 18126 -830 719 5006 21669
3142 17525 -701 -493 5451 20966
3580 16270 -632 -1357 6438 20293
3960 15180 -445 -813 8076 20038
4156 14733 -202 236 9540 19792
3996 15142 -158 964 10600 19333
4109 15743 168 526 11429 18254
4174 15957 434 -950 11820 16765
4284 16124 530 -2113 11698 15773
4487 15772 704 -3314 11340 14630
4754 15249 956 -3892 11115 13621
4887 14804 904 -3254 11452 13212
4852 14730 949 -1899 12045 13036
4930 14682 1098 -893 12485 12868
4801 14926 1250 -80 12730 12683
4658 15340 1533 315 12658 12305
4604 15502 1852 261 12250 11811
4464 15309 1979 162 11575 11186
4389 14632 2197 602 10920 10655
4292 14078 2062 2074 10573 10506
3915 14219 2005 4437 10285 10291
3269 15204 1930 5813 10027 9897
2939 16258 1838 6218 9590 9243
2822 16836 1720 6151 9119 8520
2874 17250 1596 5763 8690 7880
2845 17894 1344 4935 7785 6936
2834 18513 1102 4253 6842 6163
2540 18996 838 4205 6351 5806
2488 19266 816 4375 6269 5817
2605 19489 1088 4732 6523 5682
2835 19417 1504 4936 6672 5467
3033 19198 1626 4939 6442 5234
3274 18940 1602 4886 5883 5091
3632 18592 1657 4760 5319 4803
4124 18134 1641 4565 4638 4361
4454 17729 1893 4164 3968 3946
4488 17524 1837 3980 3716 3436
4782 17418 1890 3703 3470 3012
5009 17489 1961 3201 3156 2461
5137 17682 1926 2436 2823 1669
5378 17823 1884 1335 2411 836
5574 17760 1694 521 2007 413
5963 17503 1499 311 1727 199
6349 17361 1432 500 1590 116
6604 17266 1320 822 1568 160
6792 17152 1224 1368 1608 364
6934 17043 1077 2222 1690 642
6988 17148 965 2836 1849 957
6970 17449 924 2911 1866 1131
7120 17645 965 2364 1849 953
7166 17605 1008 1542 1627 727
7234 17529 940 548 1301 466
7295 17373 866 -409 911 185
7392 17078 830 -993 710 0
7398 16946 722 -1221 625 -56
7405 16652 812 -1089 700 -59
7384 16511 945 -584 809 -6
7276 16693 968 -179 820 15
7276 17032 948 -238 626 25
7275 17267 994 -590 459 0
7184 17288 996 -916 341 -45
7143 17205 1023 -982 351 -21
7166 17143 1064 -593 560 127
7190 17209 1184 -272 652 225
7305 17215 1247 -139 583 328
7385 17176 1166 -136 267 473
7413 17218 1093 -279 -79 532
7372 17153 1029 -519 -347 572
7501 16977 1053 -740 -480 501
7580 16876 1062 -859 -467 361
7654 16806 1013 -912 -468 219
7682 17041 795 -1069 -622 106
7752 17204 673 -1352 -807 13
7794 17076 629 -1448 -784 -73
7880 17072 601 -1296 -608 -152
8038 17040 720 -1143 -316 -217
8221 16790 853 -1034 -1 -282
8365 16661 990 -946 380 -252
8437 16329 1140 -781 684 -204
8492 16065 1269 -600 871 -183
8445 15878 1372 -484 787 -227
8440 15832 1421 -466 534 -305
8360 16032 1306 -553 221 -463
8306 16238 1222 -795 49 -642
8222 16406 1208 -1067 49 -887
8061 16576 1084 -1197 238 -1056
8002 16641 990 -1129 500 -1074
7934 16744 931 -717 792 -828
7916 16881 927 -73 896 -444
7910 16993 1014 450 902 -116
7890 17114 1137 499 864 21
7849 17045 1379 279 770 33
7866 16937 1406 94 513 43
7934 16806 1441 97 179 111
7950 16780 1306 230 -83 231
7968 16785 1126 332 -176 307
7973 16770 1142 371 -223 258
7912 16698 1228 266 -209 140