9140 16202 363 -1546 -404 390
9238 15962 484 -1262 -345 455
9326 15805 525 -835 -274 502
9479 15654 425 -177 -222 630
9675 15705 291 297 -212 720
9882 15760 194 394 -138 746
9974 15871 188 390 137 634
9992 15983 270 257 627 469
9926 16048 406 228 1327 264
9904 16080 540 319 1900 77
9954 15982 762 269 2440 -147
10034 15989 873 95 2724 -364
10053 16086 853 55 2596 -351
9996 16229 625 125 2315 -160
10002 16277 445 389 2238 145
10021 16305 316 739 2368 329
10012 16346 388 847 2554 376
9885 16288 444 703 2697 373
9710 16154 454 493 2820 261
9755 15806 639 186 2917 160
9593 15478 729 247 2799 67
9909 15012 881 534 2642 47
9838 15228 709 897 2423 -71
9577 14822 633 1512 2443 -150
9465 14976 628 2028 2508 -189
9218 14928 905 2096 2401 -133
9116 14702 1196 1950 2281 -641
8961 14300 1609 1566 2170 -1364
8734 13996 1850 1106 1805 -1943
8569 13564 2097 598 1382 -2513
8322 13264 2096 -48 988 -3181
8102 12926 1978 -391 640 -3866
7816 12888 1867 -1175 -174 -4727
7577 12877 1629 -2500 -1259 -5614
7290 12436 1510 -3352 -2044 -6198
7161 11985 1469 -3734 -2631 -6776
7051 11403 1537 -3557 -2800 -7582
6698 11074 1586 -2729 -2610 -8523
6166 10767 1666 -1464 -2380 -9600
5501 10505 1733 -29 -2372 -10605
4803 10565 1888 1081 -2616 -11571
3981 11092 1793 1314 -3435 -12598
3189 12173 1390 399 -5029 -13588
2553 12865 849 -1435 -6863 -14621
1920 13261 417 -3629 -8484 -15514
1328 13209 -90 -5318 -9645 -16394
1001 12894 -201 -6171 -9825 -17443
677 12476 -98 -6078 -9121 -18448
274 12370 62 -5397 -8148 -19405
-608 12541 239 -4240 -6952 -20607
-2344 13405 449 -3290 -6101 -22463
-3994 14844 369 -4382 -6726 -23954
-5008 15924 414 -6274 -7816 -24783
-6255 16665 468 -8649 -9230 -25521
-7145 16601 477 -10177 -10603 -26143
-7964 16652 480 -9367 -10972 -26329
-8848 17417 482 -7531 -10656 -26169
-10203 19813 1099 -5555 -9319 -24952
-11017 21200 2116 -6309 -7496 -23902
-11920 21888 2958 -9353 -6273 -24172
-12832 22070 3858 -12260 -5729 -24936
-13552 20768 4370 -12694 -5071 -25205
-15144 20015 4633 -8804 -5279 -24592
-16846 20740 4472 -2802 -6313 -22862
-17504 21826 4260 2256 -6620 -20592
-17895 23377 4006 7590 -6399 -16599
-17447 25474 3607 9066 -5009 -12283
-16634 25526 3556 5682 -3395 -10273
-16033 23965 3844 1595 -2831 -9801
-15371 20690 4244 -1998 -2856 -9299
-15009 18126 4636 -3743 -3706 -9295
-15012 17257 4620 -4640 -5277 -10178
-14926 16733 4568 -6405 -7354 -11443
-14424 15630 3938 -7680 -8893 -11970
-13995 14716 3446 -6539 -9222 -12601
-13625 14332 3304 -3914 -8647 -13136
-13411 14653 3018 -762 -7728 -12897
-13280 15373 2837 2252 -6750 -12281
-13354 16212 2784 3893 -6211 -11632
-13252 16900 2878 4692 -5848 -11321
-13039 17379 3003 4817 -5700 -11533
-13005 18049 3140 4183 -5775 -11802
-12814 18681 3305 3435 -5930 -11740
-12521 19164 3340 2879 -5836 -11589
-12152 19244 3482 3087 -5405 -11291
-12138 19964 3724 3703 -4628 -10908
-12258 20783 3877 4400 -3748 -10336
-12256 21548 4132 4527 -3247 -9761
-12197 21986 4326 4291 -3054 -8980
-12112 22224 4489 4048 -3068 -7928
-12052 22413 4692 4338 -3268 -6754
-11742 22430 4594 5466 -3520 -5238
-11508 22601 4374 7208 -3684 -3219
-11388 23012 4262 9330 -3779 -575
-11037 23461 4098 10905 -4022 1976
-10602 23928 3908 11841 -4630 5097
-10104 24073 3642 11948 -5097 7616
-9437 23805 3293 11529 -5192 10093
-9094 23878 2688 11288 -5288 12528
-8531 23704 2080 11255 -5457 15314
-8044 23642 1343 10935 -5790 18431
-7668 23695 1009 9725 -5704 20903
-7208 23045 769 8479 -5425 22998
-6554 22180 525 7865 -5044 24717
-5394 20933 124 7826 -4739 26476
-4448 20158 -433 8054 -4651 28071
-2969 18931 -951 8341 -4469 29900
-1712 18053 -1404 8328 -4323 31626
-617 17194 -1651 7979 -4190 32538
384 16389 -1884 7269 -3990 32649
1100 15521 -1842 6540 -3458 32299
2291 13935 -1739 5942 -1760 31299
3253 13005 -1629 5824 805 30127
3928 13017 -1556 5737 3094 28790
4285 13397 -1354 4888 5333 27400
4505 13757 -1158 3474 7138 25789
5014 13254 -856 2067 8708 24249
5281 12877 -556 1086 10060 22938
5840 12277 -498 1030 11330 21722
6274 11909 -565 1822 12329 20767
6484 12298 -566 2922 12939 20030
6680 12670 -585 3601 13136 19471
6812 12865 -628 3987 13151 19057
7017 12889 -357 4382 13278 18575
7224 12749 -406 4954 13618 17918
7321 12888 -492 5649 14090 17050
7444 12864 -610 6577 14858 16250
7542 12854 -526 7650 15699 15520
7378 13008 -452 8665 16372 14917
7394 13217 -385 9509 16786 14118
7298 13292 -314 10308 17009 13135
7178 13406 -282 10933 16778 11992
6992 13682 -148 11318 16359 10682
6692 13909 12 11277 15921 9251
6134 14365 -85 11322 15643 7852
5460 15640 -438 11182 15412 6272
4938 16585 -600 10555 15101 4761
4393 17442 -828 9564 14514 3541
3916 17864 -730 8546 13928 2610
3549 17940 -472 7805 13434 1752
3025 18454 -98 7239 13099 951
2358 19366 316 6378 12868 211
1740 20540 489 5234 12412 -484
1482 21213 486 3917 11392 -892
1702 21217 653 2827 10201 -961
1938 20813 696 2363 8968 -836
2276 20141 773 2612 7867 -535
2736 19173 825 3551 7205 -105
3240 18537 846 5114 6975 335
3913 18289 982 6715 6949 705
4406 18261 1100 7734 6814 839
4524 18621 1148 7787 6301 693
4612 18953 1125 6872 5396 296
4801 18950 1082 5543 4401 -78
5048 18674 1102 4292 3490 -455
5412 18513 992 3411 2685 -778
5642 18670 792 2799 1936 -1067
5929 18574 688 2311 1353 -1179
6184 18361 373 2099 914 -1120
6285 18362 133 2043 549 -978
6436 18370 90 1865 362 -897
6481 18257 161 1517 366 -823
6438 18366 125 1090 458 -816
6412 18374 162 510 648 -921
6406 18156 367 -76 887 -977
6405 17870 440 -234 1011 -900
6454 17748 491 -162 865 -751
6468 17516 521 -73 636 -513
6480 17374 520 109 334 -279
6346 17502 434 111 27 -177
6360 17482 338 -61 -414 -124
6383 17316 209 -209 -742 -10
6475 17443 73 -305 -816 -7
6559 17474 69 -513 -710 -38
6624 17313 21 -461 -530 23
6888 16984 30 56 -364 141
7127 16896 22 773 -151 348
7299 17027 183 1031 -74 348
7337 17125 206 676 -183 168
7466 17100 249 308 -266 54
7520 16983 226 50 -322 -86
7551 16737 203 162 -275 -151
7557 16496 -51 1163 -162 44
7401 16781 -416 2025 -268 392
7358 17372 -756 1851 -620 523
7430 17720 -970 848 -1009 409
7598 17618 -1086 -200 -1195 93
7629 17392 -1194 -1097 -1159 -327
7695 17062 -1105 -1636 -847 -626
7780 16673 -970 -1414 -380 -738
7918 16499 -941 -568 132 -646
7977 16527 -733 550 480 -309
8053 16804 -815 1240 401 70
8112 16998 -842 1376 171 256
8130 17174 -899 1063 -112 197
8032 17210 -960 376 -235 113
8030 17152 -990 -72 -29 47
8115 17044 -1107 1 174 192
8253 16902 -1124 423 282 472
8150 16761 -1134 1099 464 803