6569 17495 -1264 -678 -10477 551
6735 17610 -2227 -4199 -11533 -1203
7501 16733 -2529 -5947 -11121 -2611
7008 16482 -2688 -6138 -10102 -4145
6894 16721 -2432 -5903 -9288 -5824
6891 17130 -2063 -6639 -8274 -7082
7195 17760 -1729 -8572 -6087 -8250
7468 17910 -1439 -10255 -3871 -8668
7643 17487 -987 -10268 -1539 -8335
7725 17180 -540 -7043 521 -6842
7825 17145 31 -3886 1108 -5364
7984 17201 308 -3166 1009 -4600
8476 16884 658 -2841 1060 -3959
8737 16965 562 -2805 975 -3421
8480 17112 336 -2656 476 -2936
8781 17017 124 -2328 -78 -2332
9064 16867 -107 -1687 -237 -1345
9132 16625 -201 -890 275 -500
8960 16776 -162 -282 871 66
8786 16960 -10 -59 1313 459
8590 17115 222 -404 1569 615
8416 17327 651 -1392 1890 500
8265 17341 924 -2551 2141 320
8140 17438 973 -3191 2170 703
8136 17288 909 -2554 2047 1551
8392 17178 895 -1252 1968 2312
8453 17416 869 -652 1874 2785
8767 17375 827 -561 1794 3178
8994 17416 853 -1016 1818 3321
9473 17117 1053 -1495 2291 3395
10152 16698 1392 -1629 3158 3558
10864 16128 1845 -1266 4366 3803
11366 15821 2058 -889 5139 3995
11517 15705 2223 -761 5391 4145
11497 15905 2008 -1075 5009 4146
11615 15871 1773 -1529 4503 4291
11673 15557 1408 -1555 4398 4549
11698 15146 1414 -1276 4712 4792
11687 14475 1478 -827 5455 4975
11403 13240 1940 -135 6835 5124
11080 12009 2568 626 8315 4768
10631 11183 3218 1471 9310 3748
10302 10745 3473 2129 9405 2484
10133 10805 3342 2606 8532 1449
10110 10830 2860 3072 7049 689
9874 10833 2545 3396 5562 54
9441 10525 2533 3943 4774 -781
8982 10213 2499 4603 4541 -1870
8306 9853 2424 5236 4445 -2915
7270 9976 2391 5728 4226 -4401
6380 10516 1905 5587 3319 -6396
5970 11088 1529 4940 2513 -8127
4814 12277 402 3660 894 -10051
3819 12999 -434 2176 -1148 -11436
2850 13122 -529 -129 -2373 -12356
2437 12084 175 -1681 -1569 -13191
1626 11207 446 -451 -83 -14676
128 11969 -220 2254 129 -16788
-1052 13578 -1462 4423 -904 -18222
-1946 15068 -2028 5092 -2201 -18751
-2525 16283 -2124 3528 -3871 -18493
-3218 16734 -1465 -1005 -5081 -17810
-3141 14996 -84 -5866 -3907 -18451
-4595 12715 680 -4364 -1228 -21850
-7760 14705 -246 2154 -1081 -24622
-10177 18374 -1316 4179 -3145 -24986
-10778 20696 -1748 2713 -5176 -24388
-10896 22274 -1294 -1774 -6554 -23579
-10482 22050 -350 -7361 -6210 -22708
-10044 20690 632 -12579 -4556 -22257
-10000 19114 1776 -15166 -2498 -22324
-10671 17957 2676 -14072 -778 -23110
-12442 18470 3354 -10162 -57 -24394
-14174 20376 3674 -8229 -1087 -24663
-14854 21864 4251 -7425 -2361 -23598
-15702 23152 4630 -8762 -3345 -21642
-15941 22922 5068 -10573 -3194 -19138
-16092 21976 5414 -10942 -2361 -16409
-15661 20489 5852 -9347 -1356 -14779
-15480 20040 6279 -6447 -374 -13891
-15244 19424 6924 -3955 311 -13246
-15304 18264 7056 -51 649 -12601
-15202 17642 7030 3959 173 -11872
-15475 18009 6640 5998 -1231 -11358
-15474 18517 6216 5881 -3307 -11042
-15150 18768 5566 3246 -4972 -10680
-14892 18431 4970 564 -5826 -10536
-14470 17263 4884 554 -5341 -10910
-14534 16658 4838 3294 -4415 -11177
-14571 16608 4631 6711 -3941 -10733
-14626 16777 4288 8775 -4412 -10213
-14650 17292 3760 9521 -5803 -9566
-14105 17528 3414 8827 -7217 -9174
-13873 17657 3362 7778 -7768 -9000
-13534 17443 3513 7257 -7601 -9179
-13161 17232 3422 7834 -7180 -9202
-12832 17068 3216 8582 -7122 -9140
-12830 17457 2550 10199 -7701 -8728
-12473 18808 1916 11466 -9153 -7820
-12190 20046 1781 10484 -10047 -7058
-11778 20784 1686 8649 -10352 -6460
-11345 20985 1722 7235 -9944 -6029
-10966 21232 1728 6678 -8960 -5548
-10573 21607 1532 6884 -7744 -4199
-10168 22276 1426 7201 -7322 -2173
-9698 22772 1285 7081 -7736 38
-9233 23019 1365 7183 -8236 2554
-8856 22936 1372 7844 -8287 4379
-8416 23050 1056 8922 -8068 6509
-7960 23141 778 10267 -7793 9295
-7754 23462 616 11148 -7627 11378
-7033 23398 416 11375 -7290 13780
-6421 23418 198 10921 -6733 16060
-5969 23340 90 9770 -6105 17466
-5533 23124 -149 8561 -4803 18676
-5380 22986 -768 7868 -2683 20214
-5466 23474 -1586 7271 -1148 21553
-5286 23766 -1948 6278 -823 22193
-4602 23374 -2046 4173 -482 23056
-3141 21296 -1673 776 -267 24196
-2162 19678 -1433 -1136 -206 24712
-1326 18441 -1382 -1616 -501 24749
-388 17286 -1321 -1658 -880 24759
331 16378 -1041 -1030 -1398 24603
762 15792 -700 -762 -1108 24226
1218 15510 -666 -513 -523 23589
1721 15066 -487 -360 420 22975
1638 15245 -600 -46 1194 22373
1954 15028 -656 370 1592 21927
2248 14932 -843 977 2085 21663
2902 14441 -1195 2134 3106 21908
3715 13727 -1575 4292 4443 22979
4042 12976 -1761 7480 6178 23844
4290 12752 -1904 10533 7824 24024
4301 13156 -1992 13267 10020 23298
4181 13587 -2132 14624 12524 21453
4188 14378 -2192 14469 14163 19736
4131 14251 -1978 13733 15786 17795
4141 14128 -1828 12748 17185 15701
3990 13944 -1569 11839 17990 14201
3488 14072 -1276 11262 18225 12281
2975 15063 -663 10088 17949 9752
2517 15944 -230 8497 17498 7445
2422 16308 0 7320 16998 5951
2420 16208 181 6549 16351 4893
2156 16828 428 6341 14970 3550
1836 18117 936 6105 13593 2444
1612 18966 1194 5400 12740 1964
1822 19640 1434 4169 11630 1497
2372 19943 1614 2940 10133 1142
3056 19549 1584 2923 8930 1012
3622 19348 1424 3621 7947 1081
3961 19416 1326 4521 7133 1193
4128 19986 1369 5189 6514 1417
4110 20690 1668 4575 5877 1565
4368 20502 1875 2772 5377 1457
4748 19811 1926 1399 4731 1427
5154 18798 1683 1002 3834 1329
5488 18050 1444 1291 2855 1255
5652 17825 1215 1676 1849 1130
5784 17749 952 1757 1013 886
6023 17690 758 1432 437 802
6111 17564 476 945 102 526
6282 17346 292 440 65 221
6329 17293 26 97 -91 -64
6354 17164 -42 -73 -249 -310
6478 17042 -103 -350 -268 -705
6737 16740 -52 -412 -288 -978
6909 16604 20 -159 -314 -1180
7020 16569 111 65 -130 -1272
7133 16856 102 -130 395 -1047
7280 17023 225 -387 937 -757
7448 17026 178 -508 1146 -755
7567 17017 117 -539 918 -808
7709 17032 -55 -397 276 -786
7728 17286 -251 -500 -525 -579
7876 17253 -249 -688 -736 -372
8046 16964 -294 -616 -313 -230
7952 16994 -294 -381 150 -132
8013 17005 -306 -109 441 -100
8038 17148 -419 4 475 -119
7936 17264 -714 -196 242 -146
8172 17074 -763 -163 331 1
8236 16876 -641 343 912 135
8281 16773 -484 975 1667 262
8141 17003 -205 1257 2232 335
7918 17274 -252 788 2104 344
7781 17381 -188 -253 1522 141
7801 17148 -167 -1624 697 -130
7825 16622 4 -2650 -23 -508
7764 16109 126 -2473 -234 -814
7740 15906 164 -1580 -19 -901
7507 16044 122 -509 263 -826
7196 16494 -92 402 300 -680
7183 16844 -149 504 211 -561
7185 17028 -166 221 212 -422
7240 17004 -55 -41 333 -425
7329 16830 84 -75 471 -460
7394 16617 196 134 408 -514
7398 16561 202 438 36 -524