5640 21094 358 -2608 7005 3090
5592 20910 709 -3292 7965 3229
6056 20446 914 -3688 8880 3481
6488 20105 1267 -3849 9841 3910
6866 19924 1558 -3693 10796 4393
7532 19740 1808 -3689 11761 4876
8017 19584 2280 -3873 12577 5133
8226 19610 2482 -4300 12941 5247
8206 19314 2692 -4949 13171 5366
8174 18970 2988 -5802 13151 5513
8044 18401 3345 -6652 13027 5543
7665 17782 3410 -7333 12706 5513
7428 17233 3382 -7695 12211 5557
7220 16080 3376 -7512 11886 5692
6480 14424 3763 -6399 11861 5927
5821 12926 4366 -4917 12002 5968
4998 11763 5126 -3504 11893 5594
3708 10942 5756 -2792 11267 4644
2826 10440 6154 -2277 10139 3510
2393 10065 6030 -1701 8487 2259
1460 9622 5611 9 5537 428
646 9658 5398 1793 3244 -733
77 9695 5176 2958 1820 -1603
-498 9882 5160 3737 599 -2521
-1416 10214 5310 3509 -975 -4017
-2885 11189 5204 985 -3618 -6879
-3452 11928 5052 -2332 -5945 -9462
-3966 11253 4439 -4739 -7530 -11922
-4308 10549 3766 -5003 -8254 -14036
-4740 10258 3574 -4116 -7689 -15348
-5128 10230 3717 -2823 -6511 -16718
-6136 10420 3888 -1808 -5596 -18221
-7005 11150 4132 -1962 -5247 -19622
-8104 12274 4514 -3375 -5667 -20861
-9360 13736 4489 -6130 -6868 -22014
-10503 13863 3922 -9018 -9437 -23116
-11491 14157 3018 -7608 -11447 -23782
-12417 15572 2300 -3840 -11173 -23655
-12716 16772 2188 -1637 -10586 -22792
-12535 17634 2816 266 -9024 -20785
-12884 18649 3890 440 -6766 -19101
-13110 19326 4561 -1433 -6102 -19125
-13269 18734 5057 -3920 -6330 -19628
-13965 18382 4510 -4984 -7268 -19884
-14628 18409 3269 -3529 -8921 -19578
-14366 18593 2448 82 -9700 -18248
-13445 19594 2253 4259 -8831 -16597
-13185 21065 2537 7068 -6926 -15118
-13098 22181 3189 7789 -4636 -13847
-13422 22493 3958 6548 -2969 -13196
-13890 21742 4688 4211 -2511 -12829
-14390 20913 5253 1566 -3157 -12336
-14477 20293 5678 -1124 -4964 -12213
-13826 18733 5792 -3011 -6847 -12039
-13168 16961 5692 -2388 -8241 -11930
-13053 16224 5348 333 -9136 -11900
-13185 16644 4946 3423 -9552 -11841
-13512 17924 4445 5762 -9628 -11573
-13825 19157 4085 6686 -9463 -11131
-13756 19638 3804 6635 -8970 -10657
-13119 19767 3689 5635 -8101 -10446
-12756 19611 3558 4387 -7122 -10423
-12561 19364 3405 3432 -6925 -10697
-12644 19382 3100 3018 -7017 -10909
-12442 19534 2989 2812 -7048 -10893
-12311 19730 3000 2543 -6544 -10877
-12060 19467 3140 2498 -5215 -10800
-11961 19280 3585 2983 -3691 -10648
-11674 19474 3909 3953 -2292 -10371
-11535 20025 4179 5129 -1316 -10116
-11461 20594 4264 5610 -1392 -9509
-11280 21044 4301 5450 -2229 -8427
-10958 21188 4326 5201 -3004 -7633
-10766 21388 4247 5178 -3187 -6984
-10285 21444 4017 5882 -2910 -5802
-10236 22120 3744 6714 -2582 -4499
-10105 22899 3320 6842 -2049 -3128
-9646 23126 2978 6408 -1470 -1930
-9166 22915 2749 6264 -478 -665
-9042 23300 2503 6543 803 1175
-8590 23384 2518 7170 1697 2884
-8223 23635 2354 7900 2341 5002
-7600 23545 2154 8168 2631 6926
-7122 23338 1941 8055 2745 8311
-6664 22848 1704 8168 2979 9627
-5848 22546 1511 8437 3769 11580
-5194 22744 1172 8470 4769 13156
-4918 23168 721 7725 5204 14049
-4575 23324 174 6059 5538 15706
-3897 22261 289 4628 5901 17352
-3401 20932 377 4164 6296 18620
-2880 19610 560 3835 6505 19352
-2809 19028 706 3139 6608 19418
-2745 18776 832 1509 6555 19064
-2592 17849 984 -692 6745 18386
-2637 16878 980 -2351 7192 17470
-2548 15920 966 -2731 7705 17023
-2426 15319 911 -2103 8402 16797
-2086 14850 840 -909 8990 16707
-1751 14691 856 532 9718 16566
-1536 14732 1034 1485 10556 16088
-1792 15190 1461 1239 11141 15317
-1878 15429 1656 62 11461 14221
-1700 15669 1874 -1438 11655 12840
-1533 15418 1921 -2564 11873 11697
-1378 15440 1916 -2817 11821 10999
-1378 15097 2010 -2217 11413 10780
-1586 15053 1810 -1063 10707 10666
-1962 14982 1716 56 9868 10456
-2082 15046 1728 940 9438 10035
-1969 15016 1798 1286 9182 9407
-1925 15441 1901 1105 9255 8600
-1842 15661 2074 406 9610 7467
-1717 15762 2060 -331 9924 6266
-1660 15629 2245 -833 10113 5165
-1745 15597 2152 -1102 10071 4168
-2056 15474 2093 -1130 9600 3273
-1994 15610 1764 -1032 9059 2622
-2298 16077 1725 -1012 8554 2045
-2289 16414 1545 -1182 8247 1483
-2352 17057 1593 -1348 8187 985
-2505 17501 1606 -1662 8237 386
-2829 17840 1729 -2122 8219 -125
-3173 17989 1558 -2459 7954 -492
-3316 17788 1544 -2454 7615 -641
-3348 17281 1528 -1758 7480 -647
-3465 17120 1332 -478 7375 -395
-3418 17538 1213 566 7023 -47
-3336 18145 1344 648 6654 -40
-3158 18450 1389 54 6380 -222
-3237 18573 1570 -1233 6224 -757
-3082 18288 1873 -2538 5849 -1018
-3156 18190 1893 -3509 5149 -1435
-3045 18214 2032 -4482 4289 -1822
-3156 18237 2058 -5025 3363 -2138
-3072 17977 2061 -4708 2727 -2045
-2969 17622 1846 -3036 2600 -1561
-3125 17724 1833 -754 2807 -958
-3313 18213 1648 1212 2873 -270
-3306 18716 1534 2342 2665 234
-3166 18982 1352 2591 2226 385
-3009 19130 1283 2133 1553 348
-2792 18976 1074 1323 959 243
-2617 18885 941 746 641 71
-2364 18610 854 573 708 138
-1874 18638 844 454 988 -55
-2094 18823 724 820 1038 -177
-1706 18888 656 196 990 -552
-1563 19039 636 -291 908 -832
-1478 18874 686 -287 1310 -811
-1305 18969 732 93 1724 -695
-1277 19068 981 424 2042 -754
-1325 19104 1117 468 2183 -763
-1377 19112 1241 408 2107 -737
-1332 19046 1438 167 1977 -817
-1274 19014 1452 23 1840 -935
-1212 18848 1562 103 1785 -911
-1286 18832 1540 385 1752 -840
-1316 18857 1524 741 1669 -711
-1345 18916 1528 1054 1444 -565
-1400 19200 1473 1141 1067 -501
-1434 19357 1482 914 658 -471
-1472 19546 1220 624 214 -439
-1373 19579 1065 189 67 -484
-1410 19505 1017 -20 196 -534
-1433 19334 982 150 572 -404
-1461 19420 902 561 758 -131
-1437 19341 825 703 565 53
-1451 19232 775 846 301 297
-1458 19293 739 711 269 312
-1451 19284 788 360 368 150
-1593 19327 775 -152 461 65
-1407 19283 730 -351 472 32
-1380 19440 639 -365 482 9
-1136 19382 564 -448 649 -52
-1169 19369 645 -634 762 -128
-1264 19089 821 -798 912 -62
-1338 18747 1023 -571 892 -28
-1424 18481 1166 -247 771 -17
-1454 18429 1208 70 617 167
-1436 18336 1093 362 454 231
-1513 18396 1021 622 351 274
-1414 18437 1040 746 377 219
-1329 18736 865 543 333 44
-1227 18965 668 -10 353 -150
-1061 18819 661 -374 486 -318
-1141 18748 700 -366 526 -395
-1044 18395 607 -286 240 -129
-1141 18603 620 -370 -174 -244
-1172 18818 642 -665 -234 -544
-1092 18738 653 -680 57 -444
-926 18733 705 -400 356 -513
-842 18724 800 -340 487 -562
-877 18646 887 -426 608 -510
-1282 18679 802 -168 389 -434
-1411 18643 817 -181 76 -424
-1625 18811 851 -238 -42 -183
-1458 18822 822 -186 -148 -167
-1300 18926 889 -340 -185 -209
-1154 18996 735 -178 -196 -234