11446 15034 138 234 1400 2218
11500 15113 146 -604 1237 2034
11655 14925 195 -2047 1334 1670
11814 14554 240 -3175 1680 1260
11960 13832 393 -3783 2119 945
11983 13273 487 -3525 2700 789
12082 13060 755 -2944 3243 802
12282 12801 990 -2203 3777 956
12396 12510 1198 -1445 4223 1110
12530 12290 1460 -866 4578 1169
13078 12164 1826 -38 5238 1229
13604 12170 2024 627 5782 1333
13664 12288 1937 948 5789 1463
13883 12136 1491 1827 5295 2073
14301 12022 930 3573 4911 3056
14366 12158 514 4844 4867 3715
14344 12126 178 5683 4884 4177
14202 11850 108 6130 5051 4359
14025 11404 345 6160 5655 4283
13886 10780 809 6113 6769 4010
13680 10195 1488 5848 8217 3140
13022 9552 2170 5573 9515 1646
12308 9268 2502 5557 9948 -146
11697 9651 2117 5774 8963 -1808
11378 9992 1502 6189 7253 -2701
11384 9800 960 7094 5819 -2918
11502 9114 468 8718 4772 -2846
10957 8152 -266 11823 3679 -2737
9326 8270 -972 15691 2483 -2969
7960 10252 -1089 18218 1375 -3667
7206 12182 -924 17457 805 -4975
6704 12839 -572 13648 26 -6366
5973 12509 -354 9026 -1083 -8039
5021 13165 -933 4880 -2632 -10013
5037 12802 -1320 1182 -4072 -11652
5154 12634 -1630 -785 -4526 -12656
4646 13112 -2372 -1616 -4549 -13477
4446 13291 -2513 -849 -3294 -14199
4298 13162 -1840 826 -1106 -15074
4018 12836 -1297 2102 688 -16116
3454 12741 -692 3015 1901 -17335
2019 13614 -545 2880 1673 -18869
724 14605 -729 1401 211 -20215
-84 15602 -1312 -598 -1469 -20880
-673 16349 -1357 -4080 -3234 -21403
-1184 16238 -1005 -7576 -3676 -22257
-1814 15713 -638 -9184 -2869 -23456
-3030 15306 -562 -8750 -1432 -24808
-4873 15328 -1027 -5589 -746 -25754
-6457 17309 -1441 -2793 -1461 -25711
-7250 19420 -1472 -4700 -2992 -25116
-7478 20088 -1270 -8417 -3668 -24917
-7420 18897 -1084 -10362 -2956 -25123
-7675 18399 -384 -10070 -1147 -25655
-8584 19734 52 -8850 513 -26662
-9608 22068 212 -9061 1502 -27757
-10538 23488 708 -11581 2359 -27850
-11174 23144 1559 -14416 3278 -26271
-11828 22392 2324 -14643 3591 -24629
-12631 21639 2797 -12895 3140 -23015
-13664 21896 3004 -10996 2108 -21796
-14444 22222 3405 -8786 689 -20041
-15151 21784 3575 -5182 -1031 -16708
-14988 20741 3854 -1179 -1338 -13515
-15042 20258 4184 3250 -1102 -10685
-15355 20179 4538 6709 -874 -8389
-15666 20084 4838 7564 -1309 -6887
-15721 19472 5037 6751 -2501 -6399
-15659 18687 4972 5267 -4318 -6502
-15303 17067 4535 4965 -6526 -6928
-15423 16406 3814 7364 -8580 -6704
-15900 16743 2970 11494 -10326 -5735
-16330 17648 2278 15028 -11491 -4288
-16134 18628 1983 17220 -12148 -2806
-15808 19274 1448 18147 -12624 -1461
-15258 19798 989 17833 -13156 -768
-14860 20240 352 16758 -14027 -404
-14032 20525 -334 14885 -15509 -193
-13406 20892 -972 12761 -17030 124
-12389 19612 -1168 11172 -18120 86
-11319 19171 -1396 10764 -18509 416
-9909 19553 -1508 12046 -17632 905
-9100 21020 -1716 12179 -16756 1629
-8297 22302 -1910 10612 -16614 2390
-7575 23207 -1944 8169 -16818 2869
-6717 23340 -2013 6422 -16887 3624
-6037 23485 -1980 5860 -16759 4792
-5538 23625 -1869 5762 -16265 6186
-5302 23884 -1780 5713 -15731 7324
-4883 23815 -1693 5776 -15053 8931
-4427 24135 -1841 5894 -14528 11078
-3870 24104 -1944 5594 -14486 12683
-3321 24071 -2356 5031 -14758 14504
-2567 23494 -2798 4570 -14640 16942
-1917 22929 -2909 5035 -13973 19046
-1245 22246 -3085 5667 -12880 21086
-452 21664 -3242 5957 -11845 22789
24 21436 -3494 5652 -11253 23727
429 21242 -3489 4259 -10665 24340
992 20398 -3162 2515 -9676 24721
1192 19592 -2924 1717 -8590 24876
1502 19122 -2917 1204 -6782 25068
2470 17609 -2998 1699 -3976 25945
3312 16683 -3448 3686 -1528 27215
4265 16121 -3736 5415 -94 27897
5166 15836 -3993 6284 606 28241
5926 15612 -4284 6204 1126 28154
6588 15122 -4398 5454 1587 27735
7076 14823 -4377 4380 2224 26836
7469 14556 -4490 2691 3041 25158
7858 14128 -4376 1247 4074 23660
8470 13517 -4309 163 5503 22198
9136 12548 -4161 5 7368 20945
9458 11834 -4292 789 9318 19762
9613 11425 -4378 2248 11201 18467
9574 11810 -4381 3360 12895 17020
9532 12502 -4161 3500 14369 15626
9625 12746 -3765 2965 15875 14294
9758 12548 -3408 2263 17322 12942
9661 12134 -3072 1909 18446 11650
9293 11774 -2838 2090 19319 10518
8941 11412 -2316 2639 20111 9684
8532 10814 -1628 3574 20985 8901
8197 10445 -1076 4675 21813 7930
7689 10438 -553 5666 22432 6636
6974 10610 -268 6367 22919 5179
6074 11352 37 6447 22924 3694
5332 12160 494 5906 22400 2369
4842 12462 856 4950 21623 1463
4585 12397 1222 4148 20682 1124
4653 11918 1509 4160 19579 1250
4888 11326 1714 5596 18086 1606
4957 11405 2054 8001 16441 1682
4780 12238 2209 10143 14856 1251
4416 13949 2297 11139 13357 484
4177 15457 2500 10434 11969 -411
4108 16377 2626 8801 10678 -1309
4580 16273 2689 7402 9639 -1917
4826 15814 2576 7280 8874 -2229
4649 16018 2574 8064 8321 -2360
4204 17088 3041 8713 8022 -2629
3685 18129 3622 8520 8069 -3026
3348 18944 3893 7815 8206 -3365
3310 19261 4148 7081 8178 -3449
3369 19330 4142 6988 7744 -3500
3554 19536 3813 7628 6865 -3412
3606 20344 3528 8468 5603 -3243
3552 21529 3356 8406 4374 -2974
3641 22349 3177 7459 3528 -2658
3754 22473 3129 6230 2992 -2423
4144 22049 3090 5110 2699 -2308
4425 21386 2958 4427 2460 -2213
4686 20868 2826 4121 2246 -1989
4825 20553 2692 3946 2003 -1738
5013 20417 2801 3579 1772 -1564
5221 20134 2808 3036 1536 -1455
5464 19637 2786 2452 1244 -1427
5598 19176 2568 1957 784 -1375
5816 18736 2322 1636 266 -1249
5872 18330 1884 1527 -379 -1065
6014 17813 1568 1803 -932 -785
6054 17729 1237 2206 -1197 -546
6317 17712 1058 2386 -1037 -315
6650 17776 1136 2299 -627 -67
6904 17664 1078 2220 -190 51
7121 17592 933 2198 90 156
7297 17477 749 2269 196 293
7413 17504 625 2342 181 445
7526 17558 597 2300 148 562
7698 17549 541 2048 103 594
7659 17790 579 1458 44 445
7548 18020 444 378 -88 61
7560 17986 391 -716 -142 -179
7466 17800 368 -1287 -75 -366
7428 17718 309 -1389 31 -453
7456 17646 346 -1303 228 -461
7465 17482 514 -1158 459 -338
7454 17375 607 -867 702 -277
7283 17146 832 -552 839 -195
7247 16988 997 -300 818 -78
7148 16945 1041 -127 698 -25
7173 17011 954 -107 472 -36
7235 16991 914 -68 298 51
7370 16748 918 186 312 230
7520 16669 984 613 422 314
7584 16791 947 938 557 393
7548 16875 857 1104 540 505
7517 17153 749 1057 351 474
7464 17419 706 647 29 276
7552 17662 588 -22 -305 73
7602 17642 532 -522 -460 26
7696 17281 509 -562 -380 131
7799 17059 510 104 -58 321
7776 17078 530 628 205 496
7609 17258 600 1163 505 775
7446 17410 594 1408 557 953
7355 17472 649 1174 361 953
7408 17270 718 786 113 947
7491 16918 747 656 -47 894
7642 16764 504 686 -401 722