9555 15836 -59 -3296 -2529 1831
9604 15468 -49 -3497 -2216 1566
9688 15358 7 -3410 -1909 1396
9755 15393 23 -3169 -1678 1225
9739 15541 17 -3066 -1585 1055
9776 15717 118 -3178 -1537 984
9831 15781 185 -3302 -1377 905
9885 15906 286 -3341 -1029 937
9898 16024 437 -3339 -700 1013
9930 16090 436 -3305 -561 1076
10044 16048 490 -3175 -406 1217
10168 15866 584 -2877 -212 1454
10292 15717 710 -2481 -24 1708
10444 15701 840 -2167 119 1895
10705 15666 932 -1974 277 2045
10996 15495 1031 -1867 436 2194
11385 15283 1219 -1826 717 2269
11716 14922 1345 -1788 1050 2335
11948 14734 1472 -1642 1431 2376
12170 14552 1638 -1583 1687 2361
12616 14214 1791 -1295 2181 2337
13016 13830 1886 -812 2743 2400
13310 13549 1940 -372 3020 2519
13453 13178 1871 109 3149 2675
13408 12934 1801 655 3241 2762
13328 12860 1686 943 3256 2707
13178 12882 1436 1092 3267 2560
13169 12778 1444 1057 3677 2332
13264 12437 1661 1002 4550 2039
13172 11990 1846 1026 5277 1807
12814 11103 2178 1286 5851 1326
12408 10480 2424 1669 6076 952
12075 9874 2652 2213 6050 526
11543 9101 2882 3259 5631 -347
11176 8978 2748 4106 5067 -1254
10932 9101 2374 4795 4396 -2128
10594 9406 1960 5339 3748 -2950
10116 9506 1625 5787 3106 -3882
9665 9346 1505 6028 2769 -4789
9106 9354 1575 5820 2582 -5799
8545 9120 1803 5242 2481 -7273
7905 9405 1284 5143 2264 -8991
7598 9570 660 5577 1925 -10262
7025 9981 -163 6615 1521 -11467
6192 10774 -1141 8299 1370 -12712
5712 11301 -1501 9146 2059 -13345
5556 11582 -1346 8851 2862 -13663
5170 11717 -713 7331 3965 -14823
4468 11784 -284 5398 4382 -16401
2982 12093 -494 3231 3638 -18452
1349 12735 -795 -369 1406 -20898
562 13062 -876 -2526 172 -21928
-157 13350 -1174 -3662 -649 -22441
-1114 13660 -1684 -4264 -1874 -23106
-1731 13689 -1892 -3776 -1632 -23596
-2624 13204 -1903 -1730 -111 -23726
-3528 13226 -1702 353 1262 -23967
-4711 13653 -1431 2298 2401 -24352
-6942 15289 -1786 3780 2434 -24862
-8802 17478 -2401 3983 1034 -25106
-9860 19006 -3002 3663 -411 -25107
-10431 20164 -2988 3449 -2376 -24764
-10756 21186 -2578 3204 -3649 -24407
-10990 22594 -1307 1553 -3062 -24179
-11488 23646 124 -1227 -1441 -23846
-12074 24194 1328 -4312 130 -23630
-13313 24117 2457 -9039 1198 -23216
-14642 23469 3090 -11095 434 -22707
-15471 22316 3266 -10213 -1385 -21113
-15908 21950 3605 -7364 -3177 -19571
-16498 22480 3758 -4670 -4665 -18336
-16953 23173 3773 -2830 -5875 -17152
-16902 23678 4073 -2279 -6413 -16009
-16423 23306 4353 -2310 -6036 -14783
-16202 21794 4429 -1511 -4747 -12958
-16214 20807 4383 86 -3332 -11032
-16194 20016 4174 1702 -2414 -9308
-15915 19716 4030 2121 -2271 -7397
-15028 19100 4080 1509 -2369 -6032
-14916 18775 4119 746 -2600 -5561
-14712 18476 4260 293 -2855 -5545
-14513 17438 3976 764 -3142 -5889
-14005 16409 3805 2693 -3470 -5681
-13416 16060 3661 4597 -3735 -4998
-13058 16329 3340 6160 -4125 -4265
-12809 16681 3069 7391 -4981 -3595
-12492 17578 2776 7347 -6271 -3357
-12339 18316 2437 5945 -7652 -3584
-11862 18424 2242 4502 -8905 -3932
-11393 18136 1988 3844 -9672 -4110
-11004 18110 1785 4108 -10307 -3816
-10073 18013 1652 5391 -10584 -3123
-9536 18430 1252 6908 -10744 -2447
-9554 19380 941 7731 -11142 -2126
-9422 19929 672 8013 -11679 -1815
-9304 20472 473 7936 -12314 -1342
-8885 20497 362 7964 -12915 -368
-8464 20490 318 8219 -13329 750
-8262 20545 259 8616 -13786 2157
-7931 20677 172 9033 -14389 3772
-7741 21039 131 8878 -15000 5245
-7659 21125 225 8622 -15321 6630
-7637 21605 125 8491 -15777 8209
-7125 21482 93 8593 -16109 9967
-6570 21148 -129 9343 -16204 11600
-5892 21048 -710 10857 -16192 13919
-5456 21356 -1256 11761 -16167 15735
-4739 21437 -1611 11679 -15967 17538
-3901 21373 -1992 11112 -15428 19280
-3105 21300 -2336 10727 -14805 20191
-1960 20908 -2712 10296 -13860 21039
-915 20466 -3393 9951 -12980 22267
-20 20144 -4053 9771 -12512 23218
598 19804 -4369 9164 -11979 23772
1408 19237 -4560 8531 -11419 24113
2213 18705 -4876 7890 -10537 24324
2704 18500 -5061 7287 -9143 24241
3497 18002 -5020 6791 -7220 23908
4016 17804 -5279 6384 -4437 23487
4466 17760 -5418 5526 -1850 22962
4778 17354 -5574 5029 -358 22495
5081 17035 -5800 4717 1249 21952
5544 16860 -6031 4343 3309 21280
5901 16716 -6046 3723 4796 20904
6064 16430 -5980 3334 5500 20754
6270 15671 -6066 3337 6395 20559
6642 14806 -6038 4045 7381 20246
6998 14184 -5926 4943 8668 19823
7214 13600 -5849 6068 10235 19077
7238 13457 -5737 7097 11951 17958
7312 13624 -5434 7582 13782 16568
7442 13630 -5128 7579 15417 15387
7659 13304 -4832 7298 17581 13921
7677 12413 -4330 7372 19597 12608
7433 11397 -3948 8222 20507 11772
6872 10606 -3940 9639 20650 10848
6377 10253 -3737 11324 20285 9776
5740 11519 -2971 12011 19643 8062
5118 12490 -2458 11445 19285 6257
4802 12753 -2140 10463 19097 4695
4522 12667 -1868 9364 18993 2990
4144 12213 -1829 9353 18608 1928
3617 12094 -1570 10278 17877 1458
3206 12976 -886 11133 16661 894
2682 14039 124 10933 14610 257
2130 15228 936 9475 12718 -677
2096 16370 1499 7374 10732 -2199
2625 17284 1737 5292 8638 -3969
3092 17482 1796 5016 7733 -4816
3496 17492 1784 5481 7454 -5099
3876 17927 1756 7005 7265 -4929
3994 19025 1665 9271 6697 -4780
4060 20024 1572 9859 5974 -4771
3943 20997 1366 9146 5038 -4956
4222 21902 903 7535 3601 -4972
4772 22103 550 5650 2492 -4562
5138 21829 458 4134 2087 -4104
5158 21614 360 3377 2008 -3812
5154 21240 264 2797 2056 -3460
5359 20641 197 2197 2041 -3115
5482 20105 123 1532 1915 -2915
5459 19641 -107 762 1562 -2944
5537 19305 -378 270 1066 -2906
5452 19253 -450 -72 734 -2846
5574 19234 -600 -355 465 -2681
5698 19098 -720 -549 325 -2484
5764 18988 -880 -671 311 -2197
5985 18621 -889 -566 482 -1796
6034 18426 -980 -319 506 -1419
6129 18305 -1028 -155 304 -1125
6130 18169 -1107 -189 -43 -853
6378 17687 -1198 -228 -382 -395
6500 17300 -1380 -24 -447 -197
6737 17090 -1435 327 -375 -66
7080 16959 -1572 984 -51 277
7291 16817 -1726 1665 105 394
7404 16776 -1838 1942 38 387
7228 16950 -2046 1918 -257 312
7335 17305 -2254 1184 -607 304
7514 17153 -2465 376 -611 224
7644 16839 -2609 -42 -327 124
7602 16770 -2605 4 46 -31
7473 16777 -2558 38 279 -172
7326 16966 -2500 -134 329 -311
7218 17089 -2337 -461 384 -394
7082 17146 -2246 -918 332 -421
6980 17066 -2177 -1100 156 -401
6972 17246 -2129 -924 0 -357
6964 17384 -2153 -847 -7 -334
6926 17370 -1951 -904 209 -226
6894 17184 -1887 -805 330 -147
7080 17034 -1906 -593 249 -116
7132 16996 -1788 -269 182 -49
7240 16913 -1876 -127 70 38
7300 16935 -1905 226 -62 102
7218 17053 -2022 338 -220 123
7149 17257 -2074 140 -449 188
7281 17202 -2177 -288 -748 260
7516 16783 -2281 -437 -945 371
7513 16632 -2374 15 -795 409