2246 19200 625 2697 -635 1558
2572 19449 565 2465 -474 1706
2677 19416 396 2349 331 1703
2934 19465 150 2342 1590 1692
3026 19570 268 2735 2624 1697
2120 19956 -237 3071 3376 2379
2229 19473 -425 3033 4172 2442
2093 19206 -361 3817 4304 2226
2262 19870 -217 3808 3780 2334
2310 19945 -125 3180 3114 2516
2365 19790 -216 2557 2630 2498
2216 19857 -421 1893 2434 2358
2302 19681 -544 1405 2479 2139
2186 19553 -706 1110 2796 2026
2156 19446 -893 1049 3255 1915
1941 19617 -914 922 3546 1781
1916 19806 -785 438 3463 1717
1925 19842 -562 -195 3226 1636
1792 19885 -426 -902 2942 1659
1765 19784 -184 -1405 2784 1815
1889 19576 -33 -1555 2739 2099
2153 19422 -34 -1272 2786 2425
2421 19349 -34 -703 2915 2771
2510 19472 -40 -115 3274 3117
2984 19598 5 541 3492 3280
3360 19852 -133 927 3618 3700
3778 19850 -206 1194 3700 4090
4306 19844 -264 1589 3900 4492
4924 19866 -185 1852 4158 4835
5676 19942 -73 1944 4491 5027
6666 20145 -101 1875 4826 5066
7354 20393 -34 1615 5231 4938
7728 20708 -60 1005 5676 4697
7922 20848 18 -46 6133 4404
8080 20952 246 -1352 6394 4126
8226 20750 670 -2762 6513 3753
8558 20486 913 -4122 6482 3386
8825 20421 1089 -5346 6253 2989
8941 20230 1228 -6395 5716 2680
8644 20285 1180 -7499 4778 2387
8237 19573 1221 -8566 3659 2227
7790 18526 1453 -9255 2917 2209
7538 17402 1928 -9598 2917 2184
7190 16058 2485 -9539 3582 2201
6697 14964 3062 -9027 4663 2140
6034 14057 3573 -8261 5635 1813
5405 13414 3810 -7338 6234 1168
4846 12894 4136 -6805 6598 397
4301 11996 4602 -6311 6686 -478
3758 11161 4612 -5794 6393 -879
3466 10206 5040 -4811 6218 -1545
2812 9593 5357 -3128 6092 -2186
2249 9074 5784 -1345 5917 -3304
1300 8478 6022 515 5425 -4508
396 8281 6160 1938 4747 -5693
-486 8084 6286 2761 4232 -6949
-1252 7962 6214 2977 3894 -8454
-2285 7864 6072 2903 3463 -10238
-3528 8378 5338 2780 2443 -12499
-4605 8956 4545 2326 1076 -14802
-5718 10013 3337 1891 -371 -16976
-6713 10950 2009 1080 -2093 -18313
-7270 11425 1362 130 -3769 -18608
-7685 11317 1413 -775 -5059 -18428
-8268 11085 1692 -1495 -5842 -18729
-8902 10784 2046 -2173 -6456 -19642
-9933 10796 2752 -2413 -7196 -20880
-11488 11309 2531 -2080 -8452 -22548
-13236 13306 1490 -1596 -10793 -23588
-14476 15028 714 -1768 -13156 -23935
-15109 16632 530 -2865 -14787 -23787
-15398 17478 452 -4549 -15039 -23141
-15706 18289 1028 -6187 -13916 -22612
-15933 17881 1966 -6739 -12273 -22412
-16108 17892 2764 -6804 -10908 -22189
-16776 17525 3755 -5727 -9733 -22229
-18048 17934 4655 -3551 -9366 -22102
-19496 19708 5207 -3154 -11179 -21401
-19792 20145 5787 -4302 -13188 -20364
-20034 20226 5928 -4231 -14357 -19146
-20381 20534 6005 -3443 -14649 -18527
-20424 21198 5866 -3606 -15317 -17845
-19704 20132 5668 -4417 -16222 -16434
-18432 18450 5508 -5284 -16728 -15768
-17333 15653 5319 -4371 -16671 -15778
-15922 13596 5126 -1477 -16242 -16174
-14784 12817 5077 1342 -14363 -16298
-14577 13669 5213 3709 -11759 -16382
-14930 15272 5289 4769 -9040 -16807
-15125 16485 5379 3697 -7701 -17155
-15149 17193 5305 1491 -7665 -17674
-14780 17318 5174 -749 -7978 -18116
-14198 16736 5010 -1206 -7587 -18412
-13896 17262 4717 186 -6437 -18222
-13572 18036 4357 2877 -4581 -16952
-13224 18788 3943 4093 -2899 -15559
-12796 18774 3860 4019 -1852 -14857
-12355 19016 3939 3113 -1084 -14609
-11642 18886 3948 1383 -110 -14219
-11254 18902 4196 -134 1151 -13884
-11052 18848 4464 -599 2802 -13467
-10918 18866 4892 -358 4236 -12957
-11453 19597 5217 19 5556 -12174
-11786 20106 5296 -23 6733 -10369
-12112 20830 5280 -323 7445 -9038
-12127 20728 5214 -417 7997 -7751
-12245 20853 5080 641 9199 -5419
-12242 20826 5082 2191 10348 -3014
-12548 21133 4945 3643 11415 -393
-13160 21818 4746 4974 12365 2765
-13344 22192 4704 5415 12784 4604
-13623 22783 4444 5478 12980 7462
-13684 22676 4456 4941 12731 11116
-13524 22503 4538 4808 12197 14089
-13206 22158 4674 4954 11577 16530
-13184 22214 4575 4869 10788 18646
-12664 21757 4308 4723 9953 21081
-12264 21460 3989 4501 9541 23456
-11729 20913 3814 3913 9286 25786
-11688 21000 3530 3323 9097 27042
-11543 20971 3342 2315 8700 28116
-10988 20500 3082 1042 8218 28891
-10325 19549 2846 81 7897 29916
-9563 17903 2733 -75 7789 31419
-9098 16978 2746 417 8006 32191
-8556 16142 2678 860 8300 32467
-7618 14758 3288 617 8995 32539
-6557 13568 3741 275 9920 31867
-6072 13329 3802 35 10273 30673
-5577 13222 3686 -350 10518 29151
-5057 12685 3457 -622 10199 27573
-5318 12933 3108 -1090 9292 25854
-4898 12673 2948 -2077 8016 24102
-4520 12848 2856 -3372 6853 22426
-3780 12480 2524 -4455 6443 20447
-3144 12429 1994 -3871 6890 18812
-2838 12643 1803 -2727 7455 17533
-2794 12672 2156 -1511 7972 16079
-2760 12810 2456 -989 8224 14548
-2868 13317 2478 -1047 7632 13043
-2541 13296 2577 -738 7134 11177
-2970 14120 2436 314 6707 9237
-3194 14660 2097 1617 6182 8232
-3369 15433 1928 2727 5569 7427
-3417 16252 1666 2966 4949 6316
-3204 16713 1718 2208 4625 4974
-3090 17049 1926 943 4543 3684
-2933 17274 1949 -771 4796 1988
-2949 17719 1779 -1294 4756 317
-2729 18093 1540 -1055 4429 -580
-2560 18272 1550 -692 4230 -1078
-2441 18813 1353 -433 3949 -1421
-2138 19170 1246 -386 3660 -1404
-1984 19300 1238 -279 3711 -1400
-2626 19127 1418 1140 3660 -535
1345 20150 1752 2029 3932 -1156
-2166 18748 1660 2271 4459 557
-1536 19498 1726 1785 4160 -410
-1497 19370 1653 610 3759 -818
-1292 19596 1813 -359 3220 -1772
-1308 19391 1886 350 2953 -1059
-172 18685 2068 -50 3071 -1194
-501 18501 2018 -226 2856 -1480
-565 18662 1897 309 2603 -1367
-92 18681 1790 -1029 2912 -1474
-128 18736 1830 -4460 3544 -1894
-2593 17566 1866 -4191 4048 177
1860 21640 2341 989 44 -8465
-2948 18708 2408 6023 2221 -1059
-1228 21046 2016 1908 1538 2521
494 18576 3402 -754 3096 1184
-489 19944 2457 -723 1813 -1123
-481 19342 2468 -454 1488 -1966
-1010 19512 2246 408 1360 -137
-665 19380 2164 882 890 1243
248 19385 2134 626 816 -67
-80 19203 1998 88 566 -542
-24 19377 1970 -375 816 -553
28 19028 1938 -686 1137 -14
109 18790 1995 -567 1180 -332
37 18797 1987 312 1104 -241
133 18770 2073 634 1127 -46
152 18922 2172 650 989 -100
34 19184 2204 127 715 -174
166 19252 2192 -649 401 -201
222 19292 2039 -1137 74 -418
430 18833 1940 -1220 -106 -403
508 18346 1777 -469 -140 -156
588 18222 1733 679 -113 7
438 18408 1645 1208 -115 -9
270 18853 1625 647 -163 -178
116 19298 1476 -387 -294 -405
225 19180 1386 -1267 -521 -622
401 18891 1304 -1339 -701 -723
470 18856 1226 -835 -690 -599
567 18775 1232 -10 -575 -416
412 18868 1280 544 -460 -300
338 18854 1347 948 -306 -164
240 18899 1301 1202 -199 -64
238 19228 1324 798 -165 -189