3657 19528 2345 2544 1716 707
3546 19956 2446 2656 1466 1071
3495 20168 2542 2508 1010 1494
3563 20256 2532 2261 604 1951
3731 20056 2516 2355 515 2466
3829 20142 2373 2721 979 2822
3742 20485 2056 2762 1825 2992
3831 20802 1684 2358 2458 3098
4366 20377 1001 1989 3088 3176
5219 19776 798 1866 3623 2894
5360 20174 382 1994 4281 2748
4821 20549 -28 1634 5408 2393
4321 21061 -498 436 6834 1892
4336 21436 -673 -870 8382 1287
4506 21404 -516 -1977 9683 857
4853 21224 -151 -3058 10745 826
5236 21040 332 -3540 11430 1155
5676 20930 1102 -4012 11327 1782
5770 20505 1693 -4289 11193 2283
6234 19880 2225 -4171 11441 3001
7041 19493 2898 -3717 11719 3848
7377 19271 3496 -3093 11271 5223
7759 18507 4040 -3219 10220 6410
7661 17209 4450 -3350 9475 7286
7612 16022 4672 -2891 9390 7743
7653 15090 4985 -2089 9617 7854
7453 14322 5180 -1077 9521 7556
6926 13850 5337 -833 8765 6750
6496 12777 5699 -982 7851 5670
6268 11597 6122 -870 7294 4531
6013 10920 6441 -703 6904 3323
5496 10158 6642 -558 6188 2151
4938 10134 6874 -714 5276 1015
4160 9575 6931 -862 3340 486
2696 9009 6735 -781 -83 -271
2214 8590 6842 77 -2716 -1335
1676 8492 6780 989 -4814 -2586
506 9417 6060 1542 -7285 -4617
-725 10908 4815 647 -10112 -7179
-1775 11797 3949 -1689 -11415 -9849
-2713 12540 3554 -4567 -11929 -11582
-3570 12834 3372 -6823 -12280 -12618
-4228 11332 3217 -6241 -12427 -13839
-5186 11016 3233 -2735 -12172 -15219
-5894 11641 3574 -902 -11805 -16559
-6812 12898 3842 -1669 -11231 -18091
-7742 14416 4025 -4800 -10907 -20265
-9225 16876 3365 -9815 -11123 -23367
-9882 19002 2482 -17292 -11442 -27007
-9577 18000 1961 -23471 -9881 -29829
-9874 15453 1732 -24247 -6836 -31122
-10278 13294 2045 -18997 -3367 -30206
-11396 13216 2649 -10095 -836 -26939
-12577 13992 3458 -850 485 -23335
-13817 16909 3761 5508 73 -21196
-14280 19594 4253 7875 -1161 -20250
-14337 21264 4898 7029 -2351 -20872
-14752 22252 4950 3421 -3045 -21627
-14894 22492 5154 -807 -3018 -21861
-15118 21974 5140 -3697 -2300 -21017
-15377 21765 5304 -4603 -1736 -19851
-15618 21185 5500 -3611 -1479 -18440
-15825 20573 5702 -1025 -1625 -17012
-15752 20198 6101 1768 -2008 -15530
-15753 20016 6270 4261 -2632 -14556
-15648 20126 6084 5940 -3411 -13868
-15472 20404 5757 6555 -4243 -13455
-15392 20732 5284 6368 -4777 -12754
-15121 20364 4858 6184 -4756 -11954
-14894 20001 4417 6650 -4335 -11181
-14628 19200 4205 7689 -3758 -10522
-14496 18733 4148 8945 -3216 -9913
-13693 17873 4074 10141 -2787 -9244
-13158 17778 4037 10879 -2505 -8951
-13101 18634 3788 10354 -2521 -9216
-13077 19716 3594 8480 -2725 -9757
-13233 20448 3124 6170 -3048 -10132
-13122 20514 2788 4135 -3234 -10110
-12733 19790 2500 3284 -3239 -9672
-12208 19021 2144 3818 -3008 -8899
-11644 18476 1994 5436 -2492 -8021
-11436 19266 1845 6898 -1983 -7527
-11668 20200 1756 7197 -1647 -7194
-11749 21260 1742 6124 -1572 -6808
-11685 21648 1556 4271 -1534 -6500
-11260 21021 1564 3064 -1259 -6196
-10820 20241 1576 2974 -645 -5822
-10470 19930 1714 3715 66 -5173
-10464 20049 1696 4626 593 -4421
-10417 20360 1698 5247 917 -3401
-10454 20722 1712 5500 943 -2292
-10269 20912 1800 5213 691 -1440
-10064 20986 1880 4794 497 -745
-9769 21033 1758 4500 424 -1
-9332 21106 1598 4422 351 910
-8937 21045 1560 4519 390 2117
-8689 21260 1418 4885 691 3547
-8502 21332 1425 5373 1044 4838
-8186 21444 1328 5756 1491 6086
-8010 21789 1240 5589 1876 7121
-7737 21969 1185 5062 2080 8215
-7226 21652 1186 4664 2229 9359
-6614 21317 1218 4386 2377 10406
-6210 21072 1012 4402 2513 11447
-5965 21290 990 4117 2528 12435
-5284 20678 809 3833 2726 13474
-5177 20789 825 3492 3046 14455
-4538 19596 976 3763 3835 15572
-4166 19206 957 4499 4703 16522
-3782 18969 933 5167 5571 17114
-3612 19206 972 4835 6056 17396
-3145 19170 789 3796 6461 17285
-2913 19109 864 2307 6712 17115
-2458 18698 857 719 6897 16977
-2148 18285 986 -619 6726 16975
-1662 17638 1060 -1382 6645 17193
-1546 17846 862 -1716 6363 17406
-1292 17604 774 -1682 5878 17772
-1005 17232 873 -1349 5550 18202
-620 16696 1133 -854 5539 18482
-480 16536 1156 -223 5678 18327
-464 16689 1052 -132 5810 17743
-328 16804 1000 -622 5967 17016
-264 16789 916 -1335 6221 16265
-28 16521 820 -1715 6684 15393
228 16298 841 -1847 7190 14582
374 16702 768 -2219 7514 13892
517 16600 572 -2539 7604 13153
553 16556 728 -2773 7554 12369
629 16608 705 -3181 7304 11515
690 16345 834 -3695 6998 10765
794 15724 1098 -3942 6811 9907
558 15513 1104 -4037 6637 9060
449 15413 892 -4013 6492 8528
262 15308 844 -3787 6684 8241
168 14997 889 -3109 7192 7884
84 14794 1044 -2113 7882 7364
-366 15212 922 -1155 8479 6736
-785 15690 845 -611 8484 5906
-1229 16236 722 -463 8148 5106
-1654 16906 782 -721 7720 4395
-2105 17613 812 -1340 7379 3746
-2256 17670 1036 -1955 7365 3267
-2416 17393 1230 -2062 7843 2824
-2513 16770 1424 -1408 8614 2406
-2525 16309 1822 -189 9332 1981
-2705 16342 2149 970 9781 1539
-3174 16920 2290 1460 9617 1069
-3349 17750 2436 955 8717 468
-3552 18334 2612 -321 7447 -107
-3700 19084 2173 -1793 5675 -607
-3353 18905 1913 -2762 4371 -984
-2982 18546 1761 -2749 3518 -955
-2868 18374 1422 -1458 3384 -685
-2692 18478 1161 284 3595 -409
-2628 18712 1288 1811 3841 -259
-2648 18956 1360 2721 4073 12
-2741 19246 1298 2809 4085 80
-2636 19522 1328 2319 3703 51
-2268 19536 1269 1463 3093 -72
-1998 19496 1093 753 2447 -219
-1584 19434 1070 245 1916 -474
-1260 19166 1017 12 1700 -479
-860 18773 1022 228 1885 -451
-726 18740 1078 565 2284 -469
-428 18600 1166 990 2589 -471
-400 18900 1162 1146 2751 -614
-316 19221 1166 778 2791 -800
-233 19353 1186 195 2719 -917
-98 19250 1208 -195 2500 -929
-5 19151 1150 -237 2264 -868
158 19024 1207 -9 2056 -705
300 19068 1209 278 1984 -574
276 19109 1292 401 2013 -541
224 19256 1426 319 1952 -503
166 19314 1630 16 1813 -510
168 19250 1778 -311 1641 -501
86 19056 1909 -380 1451 -452
84 19000 1909 -161 1192 -226
111 18985 1848 365 928 84
252 19041 1863 818 730 262
301 19084 1921 838 632 212
302 19063 1917 543 541 120
295 18954 1840 301 324 14
266 18875 1750 235 -6 -37
367 19018 1524 164 -317 -21
398 19073 1401 152 -418 -13
399 19155 1298 123 -530 51
267 18998 981 221 -747 256
317 18734 906 673 -877 502
317 18733 748 1262 -934 695
417 19010 625 1440 -952 843
444 19288 565 926 -915 842
721 19263 828 84 -697 777
879 19062 902 -398 -397 676
954 18689 962 -56 -264 789
947 18721 949 712 -329 1007
904 19022 942 965 -660 1135
942 19165 986 626 -1056 1158
880 19093 972 120 -1481 1164