1985 18728 -529 249 3621 1972
1997 18548 -544 287 4104 1857
1994 18392 -476 468 4446 1853
1884 18432 -345 659 4582 1921
1842 18478 -225 731 4393 2006
1872 18493 -58 616 4033 1983
1770 18506 142 218 3585 1886
1742 18438 277 -249 3102 1785
2062 18293 350 -684 2981 1621
2009 17985 430 -597 3008 1414
1944 17956 457 -205 3046 1290
1816 17945 513 267 2849 1250
1685 18041 544 560 2594 1209
1608 18004 560 728 2160 1187
1537 18114 654 827 1535 1226
1690 18414 409 885 835 1307
1737 18596 378 948 301 1337
2006 18814 205 914 -124 1280
2381 19101 -32 764 -230 1152
3104 19181 -181 445 377 901
3828 19066 -11 29 1321 543
4326 19052 13 -385 2158 102
4590 19133 166 -662 2601 -119
4852 19280 249 -978 2745 -154
5336 19437 448 -1511 2760 -112
5805 19406 509 -1852 2816 10
6066 19365 584 -2200 2918 49
6233 19142 906 -2604 2954 61
6220 18662 1229 -2938 3068 29
6232 18088 1508 -3149 3435 -103
6224 17689 1908 -3223 3851 -263
6288 17174 2189 -3057 4304 -509
6206 17094 2200 -2837 4518 -740
6222 16941 2182 -2667 4598 -902
6104 16602 2170 -2316 4605 -902
5944 15972 2316 -1710 4640 -757
5966 15384 2405 -873 4801 -738
5988 14930 2649 30 4892 -1019
5978 14906 2466 708 4916 -1626
5816 15081 2268 1122 4751 -2408
5590 15317 1812 1385 4291 -3164
5056 15720 954 1318 3391 -3703
4708 15901 114 1253 2318 -3866
4194 16090 -418 1159 1511 -3273
4058 15768 -530 1178 1322 -2388
4080 15188 -468 1509 1956 -1964
3726 15052 -310 1476 2706 -2211
3257 14862 68 617 3391 -2829
2473 14689 548 -998 3872 -3803
1865 14042 1033 -2770 4145 -5016
1177 13201 1682 -4066 4217 -6354
401 12712 1760 -4587 3861 -7891
-748 12964 993 -4116 2391 -9174
-1598 13440 326 -3284 884 -9729
-2084 13672 16 -2423 -279 -9913
-2461 13742 -68 -1887 -868 -10049
-2916 13693 194 -2158 -998 -10401
-3518 13700 786 -3506 -931 -10989
-4144 12433 1538 -4606 -639 -12156
-4956 11202 1681 -3833 -509 -14051
-6473 10689 821 -747 -1157 -16224
-8320 12624 -286 2535 -2843 -16975
-9758 15337 -1134 3701 -5254 -16293
-10588 17549 -1680 1817 -7446 -15380
-10793 18604 -1410 -2553 -8460 -15126
-10482 18364 -717 -7732 -7882 -15699
-10848 17418 -84 -12188 -6368 -17019
-11136 15882 860 -13902 -4224 -18399
-11872 14629 1500 -11738 -2200 -19541
-13850 15748 1102 -7347 -1581 -20063
-15197 17922 869 -3154 -2114 -19295
-15492 20092 729 -845 -2866 -17496
-15050 21081 954 -710 -3009 -15719
-14126 21277 1749 -1731 -2341 -14514
-13382 20430 2601 -2892 -794 -13959
-13237 19786 3365 -2981 585 -13904
-13280 19605 4068 -2511 1330 -14256
-13833 20033 4428 -2520 972 -14716
-14013 19925 4565 -2932 217 -15047
-14685 20002 4268 -2664 -746 -15080
-14882 19546 3910 -1859 -1676 -14572
-14821 19273 3465 -457 -2420 -13156
-14861 19418 3161 970 -2817 -11306
-14992 19173 3088 2316 -3068 -9619
-15072 18826 3030 3285 -3432 -8332
-14985 18150 3193 3861 -3819 -7454
-14448 17238 3382 4325 -4103 -6987
-14066 16438 3546 5155 -4256 -6864
-14160 16805 3429 5606 -4618 -6956
-14161 17202 3194 5553 -5049 -6843
-14421 17757 2990 5052 -5590 -6512
-14449 17617 2885 4544 -6071 -6109
-14314 17257 2820 4273 -6511 -5677
-13789 16564 2789 4419 -6521 -5274
-13326 15848 2758 5877 -6201 -5074
-13126 15728 2489 8226 -5932 -4922
-13325 16801 2116 10055 -6015 -4749
-13768 18246 1833 10189 -6520 -4502
-13792 19025 1498 8924 -7101 -4187
-13465 19062 1304 7301 -7364 -3829
-12916 18602 1149 6284 -7046 -3394
-12148 18216 834 6163 -6284 -3037
-11718 18080 556 7102 -5349 -2815
-11574 18520 245 8277 -4809 -2563
-11625 19432 -18 8691 -4878 -2383
-11538 20189 -152 7962 -5325 -2024
-11306 20693 -197 6319 -5767 -1736
-10953 20597 -269 4473 -5729 -1436
-10373 20246 -476 3288 -5187 -1148
-9721 20030 -832 2995 -4262 -883
-9622 20096 -1168 3718 -3229 -260
-9432 20856 -1445 4471 -2415 733
-9528 21654 -1510 4615 -2287 1995
-8900 21970 -1328 4277 -2199 3141
-8760 22217 -1086 3691 -1910 3945
-8458 22610 -1120 2674 -1492 4456
-7798 22260 -1070 2007 -675 5093
-7190 21973 -1472 2023 460 6136
-6416 21277 -1474 3127 1906 7592
-5993 21168 -1557 4970 3107 8894
-5512 21938 -1612 5886 3940 10013
-5232 22408 -1574 5396 4167 11104
-4809 22416 -1301 3892 3902 11920
-4357 21817 -956 2418 3895 12595
-3728 20842 -664 1430 4276 13031
-3152 20210 -380 1307 5278 13470
-2686 19590 -298 1884 6714 14055
-2332 19338 -13 2916 8000 14805
-2518 19804 22 3257 8638 15487
-2773 20176 90 1962 8300 15865
-2242 19414 326 403 7990 16054
-2236 19178 696 -1582 7370 15867
-2018 18454 805 -3426 6736 15596
-1876 17580 650 -4338 6331 15496
-1632 16745 322 -4089 5980 15776
-1317 16006 310 -2890 5954 16325
-1260 16137 33 -1562 6004 16811
-1162 16300 -76 -736 6052 17006
-1014 16421 -154 -652 6267 16840
-805 16412 -129 -1148 6823 16331
-733 16757 -234 -1916 7469 15485
-636 16796 -98 -2830 8188 14475
-477 16872 -28 -3617 8951 13562
-324 16829 166 -4135 9503 12882
-296 16957 361 -4462 9632 12269
-133 16860 492 -4742 9561 11674
-408 16826 546 -4975 9155 10993
-321 16480 704 -4983 8767 10414
-710 16587 691 -5255 8380 9787
-623 16041 981 -5132 8505 9218
-477 15482 1156 -4173 9318 8793
-594 15257 1368 -2803 10098 8347
-840 15413 1618 -1674 10465 7891
-1429 15940 1772 -1315 10211 7275
-1827 16240 2169 -1820 9514 6349
-2062 16292 2385 -2537 9001 5238
-2093 16214 2646 -2691 8762 4394
-2008 16239 2666 -2381 8615 3673
-2003 16327 2478 -1710 8229 3053
-2068 16353 2221 -682 7740 2653
-2276 16929 1904 89 7232 2476
-2258 17609 1676 370 6592 2403
-2028 17961 1602 325 6040 2186
-1661 17869 1604 334 5872 1832
-1496 17832 1524 526 5937 1384
-1668 18069 1320 545 6039 728
-1867 18236 1351 106 5907 371
-1939 18265 1398 -268 5453 113
-1692 18358 1688 -687 4450 -51
-1424 17963 1755 -441 3423 -26
-1476 18016 1630 470 2698 119
-1622 18240 1537 1199 2015 373
-1542 18486 1499 1728 1572 614
-1416 18973 1487 1815 1183 748
-1190 19242 1404 1363 873 612
-908 19247 1255 828 433 416
-545 18909 1176 646 -24 341
-159 18791 945 1249 -175 489
95 18992 956 1706 5 616
160 19184 920 1713 132 599
153 19309 989 1411 137 483
238 19407 938 808 102 191
328 19409 933 411 55 64
396 19299 792 201 -1 22
470 19276 846 96 -51 16
470 19269 953 101 36 57
424 19238 989 56 112 99
235 18988 1000 121 -217 245
266 18973 1016 68 -749 339
640 18971 1069 -141 -877 358
974 18925 1145 -95 -686 383
1095 18932 1212 323 -414 424
1344 19169 1208 734 -285 467
1393 19383 1158 793 -283 432
1476 19414 1064 415 -358 298
1526 19182 1115 -288 -352 184
1452 18789 1087 -775 -303 -54
1426 18436 974 -686 -343 33
1406 18317 854 -331 -520 228
1538 18205 892 182 -748 434