-15481 19630 5142 -8 11740 11301
-15352 19865 5181 53 11546 12067
-14845 19866 5046 271 11045 12740
-14500 19980 4732 635 10505 13381
-13605 20313 4305 575 10076 13784
-12536 20054 3710 780 10242 13905
-11524 19773 3357 1440 11097 14211
-10964 19897 3114 2312 12131 14707
-10782 21200 2825 2438 12269 15147
-10093 20934 2670 2042 11960 15902
-9302 20710 2478 2026 11612 16289
-8313 20204 2294 2347 11404 16204
-7356 20012 2165 2710 11382 16284
-6660 19913 1948 2843 11381 16507
-5952 20432 1554 2240 10854 16505
-5116 19944 1162 1572 10715 16367
-4550 19136 870 1227 10895 16840
-3998 18706 726 954 11127 17369
-3409 17948 756 521 11621 17632
-3040 17885 636 -617 11932 17337
-2482 17389 549 -2178 11928 16665
-1926 16821 542 -3934 11979 15994
-1286 16037 476 -5179 12320 15476
-705 15222 476 -5955 12456 15113
-442 15498 422 -6431 12490 15097
426 14741 344 -6612 12541 14992
712 14753 -25 -6143 12822 14631
1460 14217 -48 -5350 13354 14320
1980 13966 134 -4527 14488 14278
2070 13866 645 -3936 15848 14475
1400 14145 1121 -4163 16486 14570
785 13821 1817 -4995 16492 14615
720 12524 2716 -5601 16578 14480
610 11298 3397 -5187 16881 14253
726 10509 4053 -3943 16850 13868
818 10653 4677 -2554 16561 13403
1237 11265 5177 -1700 15782 12413
1777 12182 5377 -1405 14733 10989
2149 13081 5300 -1643 13652 9495
2542 13845 4905 -2204 12521 8220
2764 14369 4669 -2778 11437 7696
3134 14614 4592 -3285 10504 7656
3770 14625 4640 -3363 10117 7879
4277 15262 4500 -3326 9867 7694
4718 15872 4320 -3531 9563 7301
5050 16530 4401 -4411 9466 6861
5309 16941 4588 -5955 9611 6506
5484 16817 4958 -7272 9985 6418
5885 16541 5298 -7829 10528 6552
6596 16406 5280 -7231 11024 6704
6745 16781 5161 -6054 10986 6895
6452 17344 5069 -5088 10322 7213
5845 17593 5348 -4900 9533 7729
5490 17348 5634 -5402 9381 8183
5417 16664 6176 -6052 9840 8376
5453 15881 6846 -6620 10972 8426
5465 15026 7462 -6553 12092 8387
4850 14804 7905 -6107 12311 8187
4400 14286 8250 -5300 11401 7997
4084 13432 8688 -4204 10061 8027
4178 12477 9138 -2734 8770 8100
4649 11521 9677 -1032 7906 8047
4737 10889 10109 654 7337 7719
4326 10600 10041 2293 6313 6921
3645 10292 9786 4011 4256 5704
2556 10606 9337 5317 1520 4246
1873 10920 8894 5701 -1420 2746
1522 10934 8521 5307 -3643 1271
1245 10526 8456 4496 -4892 -166
717 9984 8238 3911 -5539 -1809
-262 9561 8050 3809 -6427 -3450
-1626 10124 7689 3847 -7897 -5105
-2637 10641 7058 3986 -9743 -6641
-3302 11108 6574 4091 -11263 -7964
-3849 11114 6405 3921 -12038 -9084
-4465 10792 6346 3902 -12271 -10308
-5374 10585 6078 4342 -12376 -11761
-6844 11141 5290 5321 -13177 -13532
-7369 11774 4320 6639 -13967 -15178
-7620 12446 3446 7472 -13972 -16507
-7805 12969 3029 7492 -13303 -17353
-8165 13336 3096 6673 -12849 -17430
-8676 13656 3416 5416 -13298 -16688
-8974 12781 3654 5194 -14421 -16442
-9654 12418 3116 6804 -16148 -16943
-10396 13132 2080 9127 -17847 -17673
-11181 14692 537 11247 -19081 -17801
-11500 16001 -1181 12718 -19411 -17270
-11596 17388 -2684 12873 -18777 -16631
-11788 18388 -3696 12032 -17393 -16339
-12197 19213 -4404 10582 -16075 -16370
-12922 19880 -4918 8996 -15599 -16414
-13490 20354 -5457 7738 -16099 -16154
-13881 20758 -6218 6973 -16936 -15846
-13609 20778 -6725 6901 -17216 -15749
-13126 20669 -7074 7454 -16501 -15770
-12734 20546 -7026 8261 -15020 -15654
-12572 20433 -6688 8954 -13448 -15586
-12666 20865 -6297 8834 -12550 -16056
-12757 21850 -6044 7170 -12422 -16956
-12521 22938 -5885 4174 -12616 -17761
-12140 23820 -5506 833 -12618 -18105
-11808 24289 -5053 -1832 -12098 -18288
-11801 24829 -4957 -3288 -11597 -18475
-11650 25204 -5225 -3305 -11431 -18275
-11364 25946 -5589 -2413 -11019 -17815
-11220 27249 -6200 -1465 -10393 -17288
-11150 29336 -6616 -1441 -9952 -16493
-10762 30996 -6700 -2307 -8960 -15651
-10186 31653 -6470 -2400 -7238 -14035
-10164 32449 -5897 -1165 -5636 -11767
-9928 32767 -5529 319 -4967 -8925
-9561 32767 -5282 967 -5136 -6150
-8394 32767 -5108 1374 -4833 -3929
-7428 32767 -4854 2261 -3845 -2178
-6540 32386 -4397 3516 -2138 -607
-5986 31680 -3681 4579 -250 810
-5322 30366 -3010 5147 1253 2592
-4920 29326 -2468 4700 1572 4372
-4365 28024 -2241 3444 896 5680
-3372 26313 -2178 1921 -35 6509
-2321 24480 -1862 828 -153 7144
-1829 23081 -1896 215 86 7570
-1465 21917 -1781 162 471 8236
-990 20640 -1638 273 934 9182
-584 19937 -1290 -109 1086 9920
-560 18504 -1085 -1108 1407 10261
-445 17389 -460 -2539 1520 9801
-752 16388 -52 -4436 1965 9114
-1657 14926 298 -6779 3096 8449
-1325 13082 1300 -8048 5106 7079
-2116 12473 2494 -7314 6800 5777
-1152 11288 3289 -6088 8401 4747
-2153 12677 3442 -6039 8376 3701
-2061 12984 3549 -7172 7550 2795
-1670 12445 3832 -7891 6415 1853
-1349 11974 3757 -8426 5465 1102
-1349 12330 4325 -9286 3815 640
-1556 12062 4177 -9243 2160 267
-1670 11438 4192 -8245 870 25
-1728 11317 4504 -7031 -202 -33
-1972 10906 4649 -5357 -1064 -157
-2300 10957 4544 -3698 -1856 -433
-2558 11462 4414 -2261 -2500 -932
-2981 12253 4289 -1649 -3335 -1868
-3450 13198 3985 -2091 -4062 -2909
-3716 13910 3994 -3179 -4616 -3663
-4041 13916 3704 -4046 -4891 -4100
-4344 14162 3429 -4321 -5089 -4494
-4738 13948 3204 -4027 -5217 -4889
-4789 13670 3286 -3535 -5148 -5167
-5088 13737 3440 -2968 -4892 -5486
-5812 14062 3470 -2443 -4868 -6124
-6562 15166 3309 -2328 -4814 -7056
-7818 16756 2693 -2829 -4888 -8216
-8760 18106 2232 -3829 -4988 -9179
-9240 18466 2017 -4752 -4911 -9567
-9288 18374 2100 -5436 -4506 -9191
-9153 17860 2634 -5691 -3461 -8356
-9205 17390 3065 -5083 -2043 -7478
-9512 17440 3492 -4244 -726 -7027
-9349 16946 3926 -3537 506 -6616
-9292 16228 4374 -2749 1478 -6359
-9170 15657 4712 -2104 2161 -6103
-9198 15310 4744 -1383 2430 -5995
-9462 15820 4628 -1382 2237 -6176
-9706 16202 4480 -1958 1950 -6521
-9994 16380 4297 -2698 1716 -6666
-10300 16692 4088 -3240 1499 -6526
-10348 16721 4066 -3638 1359 -6190
-10338 16329 4182 -3573 1438 -5873
-10434 16221 4365 -3249 1602 -5356
-10429 16038 4430 -2760 1745 -4790
-10202 15512 4573 -2053 1992 -4324
-10330 15517 4646 -1141 2247 -4054
-10465 15644 4557 -540 2368 -3823
-10662 15998 4454 -152 2428 -3734
-10606 16098 4290 -234 2329 -3533
-10450 15908 4293 -568 2302 -3352
-10236 15574 4461 -758 2430 -3159
-10176 15410 4610 -845 2811 -3053
-10168 15174 4742 -587 3351 -3068
-10361 15200 4712 -131 3768 -3166
-10589 15193 4569 131 3761 -3157
-10776 15036 4293 280 3410 -2956
-10994 15306 4128 306 2577 -2609
-10930 15601 4072 180 1473 -2294
-10829 15901 4121 -196 370 -2232
-10754 15985 4072 -708 -289 -2147
-10578 15684 4340 -894 -305 -1935
-10606 15501 4389 -560 73 -1696
-10486 15520 4388 -181 518 -1594
-10376 15505 4414 116 965 -1514
-10382 15488 4533 210 1210 -1342
-10394 15309 4641 273 1294 -1005
-10449 15321 4718 270 1143 -720
-10545 15228 4717 239 795 -607
-10596 15188 4593 175 284 -606
-10694 15201 4544 -76 -279 -708
-10760 15105 4541 -495 -813 -698