1496 12956 5729 -8259 6123 4798
1532 12116 6318 -7717 6600 4805
1378 11404 6878 -7146 7230 4491
936 10477 7592 -6508 7581 3891
458 9509 8020 -5745 7500 3079
17 8421 8465 -4540 7167 2139
-504 7478 8614 -2525 6443 1237
-562 6941 8256 -505 5879 597
-954 6726 8141 1355 4970 137
-1282 6605 8002 2924 3880 -451
-1633 6474 7686 3963 2671 -1331
-2390 6645 7130 4693 1278 -2506
-3173 6846 6461 5273 -321 -3918
-3914 7137 5478 6079 -2102 -5474
-4277 7674 4500 7012 -3776 -6857
-4640 8285 3680 7686 -5128 -7923
-5076 9126 2926 7707 -6018 -8790
-5424 9670 2613 7133 -6264 -9699
-5608 9637 2558 6376 -5807 -10578
-6116 9465 2584 6139 -5041 -11337
-7088 9616 2618 6575 -4465 -12143
-8254 10304 2445 7417 -4715 -12953
-9761 11428 1796 8402 -6006 -13935
-10909 12798 844 9206 -8024 -14921
-11718 14237 -109 9476 -9722 -15842
-12045 15793 -1010 9090 -10393 -16393
-11850 16793 -1184 7667 -9330 -16264
-11709 17112 -873 6289 -7234 -15678
-11670 16184 -288 5722 -4888 -15038
-12361 15004 434 6498 -3261 -14594
-13836 14862 630 8575 -3201 -14731
-15077 16220 232 10575 -4894 -15031
-16005 18148 -508 11118 -7479 -14992
-16234 19296 -1184 10253 -9695 -14454
-15748 19018 -1521 9230 -10449 -13475
-15202 17908 -1582 9098 -9821 -12596
-14884 16588 -1585 10379 -8660 -11855
-15122 15672 -1726 13174 -7683 -11338
-16364 16201 -2312 16035 -7859 -11386
-17340 17549 -2814 17425 -9254 -11651
-17825 19120 -3309 16440 -11188 -12024
-18064 20064 -3661 13534 -12599 -12225
-17888 20149 -3809 10281 -13117 -12453
-17544 19693 -3916 8203 -12668 -12681
-17249 19178 -3968 8350 -11676 -12630
-17200 19217 -3997 10640 -10628 -12178
-17221 20192 -4052 13011 -10005 -11362
-17265 21105 -4061 14339 -9848 -10382
-16982 21897 -3973 14128 -10116 -9464
-16441 21828 -3876 12819 -10297 -8818
-16018 21704 -3908 11404 -10365 -8470
-15988 21965 -3961 10159 -10405 -8526
-15962 22625 -4236 9016 -10395 -8449
-15838 22890 -4629 8469 -10122 -8125
-15889 23513 -4941 8256 -9849 -7520
-15684 24026 -5056 7890 -9442 -6724
-15145 24061 -4961 7319 -8810 -5773
-14612 23850 -4825 7082 -8137 -4634
-14184 23668 -4726 7087 -7553 -3397
-13868 23748 -4550 6953 -7279 -2173
-13673 23656 -4390 6730 -7168 -1174
-13529 23698 -4400 6373 -7344 -355
-12792 23238 -4324 5968 -7437 557
-12144 22726 -4376 5853 -7389 1583
-11712 22426 -4601 5865 -7586 2555
-11105 22036 -4944 5865 -7875 3455
-10102 21520 -5468 5780 -8101 4286
-8752 20218 -5542 5986 -7769 5684
-7569 19346 -5546 6174 -6669 6915
-6692 18598 -5384 6262 -5375 7639
-6480 18365 -5538 6137 -4158 7732
-6300 18822 -5893 5449 -3752 7253
-5600 19325 -6025 3997 -3767 6714
-5085 19826 -6213 2168 -3866 6479
-4248 19952 -6181 514 -3823 6748
-3681 20117 -6129 -599 -3444 7372
-3596 20197 -5973 -1063 -2473 7977
-3576 20501 -5618 -1453 -1013 8511
-3621 20750 -5161 -1937 592 9003
-3626 20502 -4569 -2272 2328 9727
-3829 20414 -3909 -2505 3729 10567
-4013 20141 -3381 -2707 4685 11374
-4220 20053 -2933 -3007 5052 11977
-4333 20156 -2573 -3681 5086 12463
-4244 19946 -2138 -4581 5155 12941
-4249 19616 -1629 -5391 5545 13442
-4436 19280 -1238 -5881 6058 13852
-4377 18800 -897 -6060 6516 14412
-4190 17898 -501 -5778 6939 15187
-4097 17161 -222 -5048 7346 15909
-3709 16416 118 -4144 7635 16409
-3628 16441 398 -3470 7840 16497
-3264 16574 748 -3394 7837 15995
-2798 16512 1038 -3655 7816 15216
-2414 16358 1277 -4155 7720 14191
-2054 15976 1406 -4605 7533 13142
-2041 16092 1280 -4820 7039 11872
-1529 15886 1101 -4998 6425 10778
-1053 15697 1272 -5131 5911 9918
-741 15812 1225 -5272 5601 9284
-634 15992 1340 -5298 5474 8583
-1012 16160 1270 -5302 5264 7686
-1094 15772 1414 -5197 5184 6937
-872 15220 1394 -4852 5502 6611
-840 14770 1385 -4355 6206 6521
-508 14205 1621 -3658 7273 6463
-553 13997 1762 -3072 8352 6205
-1196 14000 1994 -2570 9118 5576
-1913 14190 2458 -2516 8947 4593
-1928 14238 2497 -3313 8357 3416
-2644 13894 2454 -3521 7860 2017
-3290 13677 2320 -3501 7369 598
-3886 13833 1841 -2942 7079 -696
-4408 14609 1177 -2414 7134 -1609
-4949 15634 925 -2456 7749 -2185
-5190 16089 968 -3084 8789 -2301
-5062 16094 1329 -3600 9853 -2138
-5090 15708 1604 -3363 10481 -1926
-4970 15540 1826 -2579 10451 -2095
-4906 15649 2142 -1709 9690 -2498
-5046 16016 2200 -851 8511 -3014
-5157 16522 2126 -224 7060 -3541
-5401 17096 2050 29 5605 -3992
-5496 17689 1962 -118 4388 -4399
-5366 18017 1956 -521 3531 -4651
-5333 17936 1880 -522 3037 -4746
-5185 17812 1700 139 2578 -4725
-5129 17842 1517 1272 2085 -4552
-5054 18000 1325 2295 1588 -4206
-5093 18410 994 2986 1173 -3864
-4912 18805 881 3155 854 -3568
-4918 19282 800 2718 692 -3352
-5109 19378 738 2038 597 -3252
-4994 19264 586 1663 500 -3171
-4868 19085 469 1745 487 -2948
-4718 18940 372 2111 459 -2585
-4356 19004 293 2397 456 -2094
-4248 18982 296 2369 587 -1633
-4149 18789 366 2279 732 -1371
-4328 18688 450 2110 941 -1297
-4270 18581 564 1912 1195 -1358
-4442 18581 578 1802 1266 -1374
-4496 18596 418 1686 1172 -1336
-4509 18660 426 1526 999 -1196
-4500 18593 397 1458 813 -1058
-4397 18512 333 1460 630 -901
-4452 18617 320 1440 528 -770
-4469 18716 312 1208 481 -689
-4430 18646 345 919 569 -598
-4434 18526 390 822 731 -592
-4434 18438 469 921 955 -574
-4567 18557 438 1075 1157 -564
-4576 18613 236 1267 1105 -538
-4399 18681 134 1296 930 -442
-4402 18718 20 1167 791 -428
-4358 18796 4 894 713 -449
-4423 19078 37 453 673 -479
-4446 19119 62 -101 575 -498
-4436 18909 71 -341 494 -475
-4438 18740 -12 -240 342 -400
-4339 18566 -230 67 283 -228
-4172 18533 -297 266 467 -67
-4053 18479 -363 217 760 -62
-4125 18479 -294 -63 905 -156
-4128 18415 -378 -352 794 -313
-4202 18384 -414 -496 673 -395
-4251 18496 -372 -592 619 -442
-4245 18580 -382 -679 604 -412
-4299 18498 -480 -601 582 -336
-4372 18316 -656 -398 450 -231
-4300 18198 -768 -302 329 -121
-4356 18243 -717 -667 273 -197
-4322 18269 -686 -1308 368 -448
-4184 18257 -497 -1794 580 -778
-4073 18228 -252 -2053 891 -999
-4177 18159 44 -1818 1235 -1051
-4170 18132 336 -955 1519 -953
-4321 18328 379 -247 1538 -917
-4502 18900 281 -223 1252 -924
-4494 19164 242 -581 868 -892
-4728 19278 -1 -1015 469 -766
-4792 19395 -34 -1569 188 -544
-4840 19346 -84 -2013 158 -382
-4877 19142 -27 -2217 323 -316
-4723 18770 140 -1917 723 -186
-4723 18563 206 -1256 1100 22
-4657 18520 268 -840 1190 173
-4707 18384 253 -779 1044 224
-4523 18088 318 -787 735 178
-4506 17909 308 -790 507 26
-4445 17872 265 -740 321 -211
-4291 17800 69 -471 279 -394
-4214 17762 -156 -119 375 -427
-4324 18020 -193 53 493 -464
-4425 18328 -168 -256 567 -481
-4492 18406 -150 -679 474 -496
-4508 18314 -76 -869 295 -468
-4441 18277 -68 -812 230 -440
-4460 18358 -14 -531 208 -347
-4708 18605 140 -393 274 -169