546 9604 6442 -2336 6626 3518
-1 9569 6633 -382 5691 3099
-748 9754 6694 913 4299 2526
-1352 10338 6789 1097 2286 1674
-1990 10953 6750 119 121 389
-2142 10826 6537 -1121 -1700 -1051
-2372 10346 5952 -1416 -2937 -2480
-2246 9936 5609 -435 -3225 -3424
-1992 9718 5458 1194 -2665 -3753
-2086 9604 5501 3036 -1730 -3830
-2790 9784 5593 4576 -1137 -4098
-3748 9990 5645 5658 -1271 -4899
-4508 10173 5432 6341 -1947 -6020
-5754 10509 4640 7418 -3137 -7177
-6566 11426 3540 8785 -4518 -7861
-6581 12562 2617 9655 -5444 -7886
-6176 13720 2092 9373 -5450 -7560
-5610 14097 1942 8335 -4681 -7314
-5338 13992 2046 7291 -3676 -7402
-5229 13385 2345 6897 -2644 -7921
-6153 13244 2258 7638 -2198 -9077
-7529 14076 1438 9147 -2990 -10525
-8316 15938 641 9712 -4652 -11323
-8380 17192 153 8577 -6114 -11454
-8284 17484 -34 6632 -6601 -11146
-7872 16529 65 5432 -5802 -10915
-7649 15844 345 5385 -4442 -11050
-7758 15512 598 6320 -3250 -11494
-8357 15793 682 7517 -2823 -12191
-8784 16304 674 8398 -3122 -12954
-9918 17100 148 8808 -4144 -13690
-10796 18240 -300 8380 -5590 -14277
-11162 19104 -640 6534 -6501 -14463
-11316 19308 -774 4342 -6448 -14212
-10891 18148 -492 2681 -4889 -13583
-9928 16549 284 3852 -2809 -13183
-10252 16209 710 5936 -2105 -13213
-11224 16618 752 7647 -2763 -13632
-12626 17848 188 8385 -4892 -14255
-13298 18805 -334 7748 -7388 -14604
-13114 19037 -818 6256 -8808 -14298
-12682 18624 -1070 4895 -8600 -13538
-12118 17497 -1162 4547 -7031 -12880
-12350 16669 -952 5555 -5402 -12547
-12880 16250 -693 7307 -4515 -12626
-13593 16449 -521 8689 -4738 -12901
-14440 17062 -597 9241 -6117 -13183
-15150 18126 -772 8507 -8187 -13510
-14928 18381 -893 6762 -9669 -13587
-14602 18088 -1188 5276 -10114 -13293
-14122 17460 -1309 4862 -9470 -12723
-14125 16953 -1482 5863 -8415 -12225
-14634 17072 -1682 7702 -7778 -12003
-15337 17673 -1781 9180 -7824 -12032
-15825 18442 -1974 9761 -8584 -11896
-15869 19096 -2432 9230 -9762 -11468
-15544 19330 -2780 8257 -10445 -10911
-15192 19444 -3093 7400 -10050 -10391
-15269 19830 -3297 7261 -8893 -9945
-15380 20260 -3444 7861 -7496 -9333
-15434 20532 -3260 9157 -6519 -8616
-15276 20798 -3365 10427 -5727 -7686
-15358 21506 -3324 10926 -5474 -6637
-15410 22405 -3322 10211 -5845 -5738
-15334 23070 -3424 8561 -6414 -5058
-14778 23265 -3444 6782 -6547 -4344
-14112 22905 -3277 5724 -6063 -3509
-14346 23000 -3257 5540 -5378 -2708
-14297 23450 -3241 5554 -4775 -1870
-14377 24064 -3313 5119 -4497 -960
-14133 24350 -3320 4277 -4505 128
-13961 24218 -3334 3556 -4724 1272
-13529 24020 -3462 2971 -4766 2444
-13121 23634 -3614 2807 -4644 3670
-12857 23452 -3802 2846 -4268 5060
-12422 23177 -3878 3006 -3713 6561
-11984 22920 -3960 3288 -2989 8027
-11426 22468 -3981 3461 -2109 9315
-11078 22345 -4330 3417 -1519 10367
-10476 21990 -4373 2818 -1144 11333
-9712 21274 -4368 2088 -811 12321
-9113 20560 -4232 1536 -465 13248
-8801 19972 -4050 1258 8 13832
-8489 19601 -3964 1210 503 14137
-8204 19469 -4053 1022 986 14265
-7740 19160 -4064 818 1625 14488
-7136 18781 -3950 726 2001 14948
-6652 18290 -3718 543 2322 15539
-6545 18094 -3568 168 2411 15759
-5982 17662 -3237 -659 2752 15795
-6070 17492 -2944 -1873 3235 15455
-6036 17121 -2562 -3204 3718 14900
-5604 16357 -2062 -3998 4211 14404
-5101 15668 -1418 -4330 4904 14051
-4537 15304 -880 -4618 5435 13793
-4309 15249 -644 -5017 5791 13598
-4253 14933 -477 -5289 5755 13217
-4006 14380 -276 -5110 5649 12790
-3756 13913 -130 -4550 5405 12315
-3193 13605 296 -4024 5330 12066
-3104 13776 746 -4013 5561 11681
-2934 14160 1190 -4503 5792 11064
-2716 14378 1508 -5311 5962 10100
-2558 14364 1528 -6013 5980 9056
-2356 14086 1630 -6292 5661 8255
-2490 13980 1621 -6353 5523 7803
-2574 13733 1581 -5937 5153 7497
-2272 13648 1726 -5263 4720 7332
-2277 14133 1705 -4680 4425 7009
-2692 14772 1610 -4576 4098 6179
-2192 15096 1664 -4842 4043 5268
-2226 15300 1757 -5261 4400 4740
-2300 15094 1646 -5345 4920 4466
-2694 14666 1769 -4978 5361 4625
-2782 14254 1916 -4239 5736 4842
-2910 14102 2069 -3543 6118 4883
-2949 13929 2302 -2987 6594 4488
-3480 14116 2428 -2820 7088 3575
-3685 14450 2525 -2989 7363 2285
-4156 15033 2621 -3418 7376 921
-4532 15340 2833 -3857 7170 -157
-5018 15578 2864 -3861 6837 -810
-5424 15724 2848 -3262 6258 -1253
-5684 16114 2769 -2317 5487 -1396
-5782 16617 2676 -1583 4805 -1418
-5993 17320 2640 -1304 4150 -1410
-6046 17889 2606 -1468 3478 -1413
-5886 18120 2798 -1835 3032 -1393
-5880 18049 2802 -1996 2747 -1415
-5677 17844 2721 -1707 2596 -1340
-5456 17896 2688 -1200 2444 -1094
-5298 17978 2586 -784 2273 -804
-5176 18077 2614 -569 1958 -607
-5069 18237 2496 -422 1418 -454
-4969 18276 2517 -418 787 -346
-4716 18186 2462 -518 306 -254
-4552 18154 2365 -414 23 -246
-4238 18129 2081 -79 -127 -222
-3975 18085 1952 346 -85 -80
-3881 18227 1808 727 -4 45
-3757 18393 1585 729 -25 118
-3682 18466 1611 311 45 130
-3507 18570 1572 -273 199 63
-3477 18461 1574 -651 429 -48
-3578 18612 1577 -690 581 -149
-3517 18520 1629 -505 709 -208
-3606 18600 1692 -221 750 -144
-3676 18693 1747 -45 765 25
-3701 18778 1818 -191 728 108
-3649 18830 1826 -463 650 45
-3584 18612 1950 -697 627 31
-3646 18554 1993 -691 693 40
-3589 18364 2131 -475 727 54
-3575 18213 2132 -243 792 21
-3512 18137 2175 -42 779 -21
-3581 18173 2190 117 654 -100
-3784 18246 2054 254 392 -194
-3765 18452 1918 234 17 -233
-3606 18493 1842 124 -217 -223
-3383 18368 1764 34 -108 -251
-3478 18462 1754 28 181 -419
-3570 18625 1729 90 331 -540
-3498 18678 1748 103 428 -539
-3637 18761 1646 212 518 -533
-3604 18814 1522 321 506 -547
-3440 18917 1492 242 517 -469
-3408 18970 1480 6 540 -411
-3358 18933 1517 -141 561 -394
-3324 18910 1486 -129 679 -352
-3286 18965 1496 -120 834 -329
-3292 18925 1685 -202 962 -234
-3433 18822 1553 -331 906 -137
-3589 18810 1454 -446 579 -117
-3668 18797 1378 -762 272 -212
-3528 18984 1386 -1286 192 -376
-3402 18752 1430 -1589 305 -375
-3350 18422 1517 -1338 632 -281
-3268 18114 1564 -557 1138 -178
-3218 18069 1542 315 1542 -55
-3206 18221 1604 776 1687 -2
-3220 18202 1618 735 1639 -72
-3245 18220 1581 306 1339 -310
-3153 18064 1593 -105 1098 -561
-3248 17922 1618 -266 934 -750
-3393 17934 1498 -168 836 -858
-3722 18174 1344 74 684 -973
-3785 18456 1221 193 559 -967
-3777 18613 1209 209 635 -894
-3785 18733 1218 146 808 -770
-3742 18788 1217 35 1057 -639
-3750 18834 1165 -68 1287 -495
-3764 18910 1325 -115 1505 -414
-3794 18766 1505 -31 1714 -356
-3920 18806 1505 47 1773 -257
-3880 18856 1538 76 1689 -154
-3877 18910 1521 -2 1511 -104
-3929 19018 1410 -171 1256 -160
-3969 19081 1349 -394 989 -136
-3975 18929 1412 -547 856 -16
-3885 18545 1517 -359 1094 134