-2120 19326 313 -22 398 462
-2002 19237 214 -96 715 442
-1816 19118 171 -27 1024 440
-1677 19151 188 39 1315 455
-1525 19186 260 -33 1487 417
-1477 19174 200 -173 1641 379
-1298 19140 286 -282 1834 298
-1025 19172 400 -250 2030 250
-694 19244 389 -15 2387 219
-328 19672 325 328 2901 188
-26 20284 368 397 3497 199
129 20549 386 298 4145 310
370 20641 396 417 4901 515
985 20994 337 505 5725 812
1461 21657 165 39 6323 932
1774 22357 162 -1024 6608 856
1829 22848 213 -2493 6757 704
1781 23022 194 -3996 6850 711
1788 23177 138 -5402 7001 920
2042 23197 237 -6663 7273 1332
2430 23018 168 -7572 7820 1849
2828 22630 224 -7993 8576 2415
3096 22002 296 -7951 9443 3050
3041 21366 637 -7714 10315 3761
2828 20618 1132 -7513 11103 4458
2801 19625 1796 -7523 11835 5014
2744 18786 2394 -7836 12187 5240
2601 17870 2906 -8125 12034 5125
2612 17030 3302 -8262 11646 4817
2502 16161 3468 -7970 10788 4275
2340 15380 3484 -7368 9976 3781
2260 14764 3675 -6759 9367 3464
2212 13760 3786 -5937 8829 3359
2023 12845 4180 -5021 8904 3119
1556 12077 4341 -3571 9113 2490
1109 11467 4013 -1564 8841 1512
552 11121 3703 983 8195 539
-110 11174 3474 2717 7572 34
-789 11465 3604 3226 6776 -267
-1488 11744 3846 2530 5733 -637
-2049 11577 4166 1148 4815 -1237
-2693 11250 4346 -303 3872 -2127
-3242 10688 4370 -1042 3063 -3114
-3931 10206 3972 -626 1930 -4478
-4377 10007 3434 1066 703 -6067
-5272 10560 2772 2685 -197 -7036
-5930 11412 2462 3190 -919 -7743
-6370 12086 2364 2133 -1190 -8252
-6743 11934 2570 355 -936 -8787
-7476 11578 2630 -580 -682 -9432
-8457 11017 2256 1124 -1400 -10191
-9465 11729 1545 4232 -3058 -10778
-10083 13346 717 6143 -5265 -11154
-10144 15010 190 5550 -6946 -11210
-9748 15516 282 2512 -7110 -11201
-9348 14068 688 628 -5199 -11844
-9971 12871 701 3481 -3523 -13204
-10816 13172 436 6255 -3489 -13861
-12023 14568 232 8234 -4628 -13947
-13302 16063 -33 7851 -6803 -13731
-13515 15242 -265 6372 -7620 -13577
-13412 14049 -413 6748 -6962 -13590
-13628 13438 -444 8495 -6005 -13721
-14389 13912 -657 10640 -5342 -14484
-15730 15210 -1200 11880 -5568 -15549
-16784 16738 -1494 11577 -7005 -16429
-17548 18179 -1633 7954 -9241 -16583
-17434 17694 -1421 4069 -10251 -16070
-17172 16714 -1294 2455 -9964 -15771
-17134 15674 -1091 2603 -8906 -15780
-17272 14738 -1072 4852 -7707 -15797
-17708 14630 -1178 8408 -6895 -15396
-18339 15372 -1243 12053 -6693 -14572
-18600 16180 -1176 13019 -7276 -13685
-18520 16053 -994 11642 -8184 -13124
-18575 15606 -1241 9997 -9197 -12984
-18477 15485 -1802 9794 -9828 -13029
-18408 15426 -2338 10465 -9809 -13056
-18466 15702 -2782 11509 -9585 -12971
-18469 16190 -3211 12551 -9077 -12635
-18637 17172 -3522 12843 -8532 -12201
-18916 18150 -3810 12135 -8407 -11921
-18849 18886 -3872 10771 -8375 -11461
-18500 18993 -3977 9482 -8163 -10861
-18289 18858 -4073 9321 -7665 -10396
-18476 19532 -4302 10036 -7129 -9535
-18504 20668 -4600 10315 -6979 -8440
-18193 21467 -4799 9705 -6629 -7053
-17888 22012 -5106 8494 -6053 -5424
-17557 22108 -5110 7818 -5605 -4163
-17429 22345 -4996 7291 -5102 -2907
-17584 22759 -4696 6977 -4819 -1405
-17422 23098 -4569 6529 -4804 101
-17060 23020 -4512 6040 -4950 1429
-16564 22634 -4400 5560 -4900 2592
-15922 22188 -4536 5360 -4433 4151
-15324 21878 -4493 5575 -3528 5826
-14920 21837 -4666 5975 -2697 7158
-14482 22049 -4830 6163 -2229 8410
-13844 22096 -4998 5868 -2104 9535
-12790 21756 -5284 4958 -2276 10978
-11645 21417 -5357 3302 -2495 12290
-10801 20688 -5306 2147 -2054 13120
-9906 19868 -4926 1607 -858 13852
-9542 19666 -4469 1589 528 14245
-9150 19566 -4056 1589 1432 14504
-8869 19618 -3834 1248 1843 14888
-8254 19382 -3766 400 1646 15209
-7796 19178 -3522 -506 1137 15221
-7161 18060 -3260 -1277 738 15214
-6504 16943 -2988 -1335 338 15044
-5734 16384 -2850 -1104 389 15408
-4924 16222 -3014 -1111 1272 16831
-5186 16404 -3368 -950 1876 17772
-4910 15965 -3393 -825 2422 18433
-4602 15278 -3100 -801 3255 18624
-3994 14594 -2414 -1141 4017 18553
-4263 14413 -1797 -1737 4983 18065
-4171 14032 -1240 -2159 5880 16806
-3610 13675 -499 -2419 6764 15491
-3604 13881 68 -2783 7120 14460
-3791 13802 690 -3547 7285 13506
-3652 13935 1457 -4907 7503 12429
-3338 14052 1966 -5737 7857 11699
-2750 13784 2283 -5617 8061 10826
-2258 14557 2266 -5520 7677 9838
-2608 15098 2059 -5875 6023 8985
-3523 14847 1611 -6302 3756 8405
-3364 13970 1402 -6110 2498 8152
-2752 13519 1251 -5020 2708 8016
-2453 13458 1137 -3384 4490 7818
-2318 13878 1202 -2614 6012 7419
-2103 14672 1116 -2450 7916 6746
-2980 15348 1049 -3207 8776 5902
-3424 15290 1196 -3807 8484 5385
-3724 15012 1609 -4257 7973 4893
-4298 14998 2029 -4312 7597 4318
-4446 15053 2288 -3977 7636 3701
-4337 15576 2365 -3406 7662 2861
-4236 16001 2358 -3056 7409 1984
-4746 16518 2152 -2897 6839 1340
-5321 16754 2140 -2727 5803 781
-5517 16844 2046 -2672 5017 487
-5701 17129 2072 -2431 4489 391
-5674 17284 2038 -1919 4238 354
-5437 17489 1958 -1445 4195 509
-5045 17656 1910 -1035 4140 741
-4829 17613 2053 -891 4061 966
-4693 17370 2092 -861 3943 1002
-4669 17182 2104 -847 3632 861
-4705 17134 2186 -870 3142 569
-4877 17220 2045 -903 2568 79
-4906 17572 1773 -830 1889 -395
-4608 17820 1640 -725 1276 -682
-4245 17800 1502 -594 937 -710
-4042 17766 1476 -314 794 -557
-3837 17737 1302 110 779 -340
-3713 17820 1226 496 671 -226
-3772 18000 1020 680 470 -211
-3755 18148 777 796 177 -315
-3508 18268 585 781 2 -380
-3135 18363 634 686 246 -369
-2932 18341 652 755 586 -359
-2926 18422 735 901 970 -353
-2926 18669 789 976 1218 -392
-2750 18873 800 964 1314 -402
-2670 19024 866 806 1354 -355
-2614 19116 904 667 1324 -259
-2584 19101 997 547 1280 -186
-2700 19044 1014 520 1207 -133
-2656 19116 1024 550 1074 -112
-2669 19200 1032 493 1002 -81
-2709 19174 1100 357 952 -63
-2696 19097 1133 196 866 -44
-2573 18952 1160 157 881 -51
-2472 18860 1054 316 899 -85
-2456 18889 852 597 881 -121
-2479 18945 742 749 900 -164
-2450 18999 635 702 903 -163
-2386 18882 609 598 1021 -195
-2442 18814 628 535 1213 -239
-2469 18897 637 373 1367 -313
-2509 18926 537 182 1454 -352
-2584 18957 541 9 1360 -377
-2646 19045 441 -151 1104 -418
-2666 19096 373 -312 879 -454
-2672 19095 270 -407 860 -465
-2726 19072 308 -372 1036 -327
-2737 19005 309 -277 1245 -150
-2810 18966 362 -197 1457 -16
-2763 18845 421 -82 1576 16
-2762 18862 473 19 1567 -35
-2774 18822 523 34 1451 -39
-2563 18596 533 232 1340 65
-2392 18421 524 521 1190 108
-2437 18460 449 614 1078 -8
-2457 18700 442 327 999 -140
-2601 18826 453 -217 967 -254
-2664 18691 332 -421 852 -276
-2503 18473 285 -136 855 -75