5038 21090 1377 -1526 4262 1252
5250 21381 1530 -2190 4734 1509
5310 21370 1529 -3137 5076 1646
5196 21114 1776 -4150 5450 1815
5629 20230 2078 -4703 5594 2056
5877 19758 2260 -4957 5922 2421
6290 19356 2356 -4658 6183 2750
6432 19114 2270 -4362 6477 3041
6004 18944 2392 -4323 6354 3289
5386 18617 2508 -4820 6226 3509
4878 17646 2982 -5543 6170 3612
4686 17021 3424 -6290 6119 3533
4888 16266 4024 -7321 6200 3125
4838 15508 4236 -7911 6366 2541
4350 14601 4489 -7548 6349 2076
3726 13604 4506 -6150 6281 1833
3682 12744 4816 -4162 5872 1790
3117 12474 5082 -2122 5641 1521
2890 12698 5124 -555 5451 969
2638 12694 5057 532 5141 199
1992 12998 4402 1222 4271 -860
1444 13245 3648 1804 2924 -1897
1185 13221 2897 2458 1687 -2797
882 13134 2393 3168 870 -3528
706 12869 2028 3615 620 -4039
404 12773 1950 3670 879 -4542
-188 12688 2052 3212 1191 -5183
-1142 12777 2178 2039 1096 -5984
-2330 12829 2245 515 356 -7290
-2976 12404 2000 -630 -645 -8643
-3298 11576 1557 -525 -1325 -9794
-3604 10956 782 1516 -1725 -10292
-3960 11025 189 4473 -2031 -10113
-4328 11784 -114 6775 -2094 -9645
-4428 12314 -13 7546 -1658 -9383
-4746 12553 316 6800 -1040 -9634
-5472 12872 708 4782 -683 -10635
-6860 13422 612 2112 -1124 -12456
-7772 13638 190 -121 -2081 -14791
-8461 14036 -738 -714 -3256 -16681
-8922 14550 -1544 120 -4256 -17458
-8826 15525 -2101 1524 -4595 -17032
-8330 16224 -2002 2435 -3589 -15695
-8506 16436 -1436 2671 -1730 -14209
-8717 15718 -498 2811 155 -13702
-9406 15254 286 3181 1390 -14221
-10752 15285 593 3969 1515 -15404
-11909 15753 481 4903 533 -16192
-12786 17180 248 4912 -1871 -16532
-13613 18217 -162 4147 -4117 -16200
-13604 18336 -324 3376 -5639 -15046
-13456 17576 -61 3257 -5891 -13762
-13148 16384 413 4379 -5053 -13078
-13348 15806 729 6456 -4074 -12852
-13824 15620 1085 8982 -3617 -12854
-14914 16206 912 11159 -4253 -12970
-15645 17209 492 12006 -6025 -12914
-15800 17792 373 10801 -7782 -12811
-15704 17917 174 8823 -9093 -12701
-16034 17969 36 6842 -9426 -12825
-15865 17449 -76 5713 -9156 -12900
-15902 16709 5 5695 -8766 -12915
-16081 16233 157 6553 -8741 -12825
-16058 15496 281 7719 -9113 -12677
-16061 15210 445 8648 -9918 -12442
-16220 15078 534 9027 -10746 -12336
-16528 15288 438 9206 -11962 -12254
-16678 15819 9 9140 -13059 -12031
-16974 15860 -889 9749 -13263 -11982
-17214 16174 -1542 10890 -13248 -11849
-17356 16899 -2362 12725 -12929 -11295
-17496 17856 -3116 13924 -12628 -10610
-17598 18760 -3616 13956 -12407 -9877
-17545 19716 -4038 12819 -12016 -8950
-17206 19981 -4142 11574 -11428 -8345
-17080 20118 -4128 10706 -10718 -7974
-16837 20202 -4643 10663 -9814 -7376
-16613 20641 -5236 11581 -9013 -6274
-16424 21132 -5510 12309 -8490 -5211
-16314 22160 -5791 12189 -7971 -4009
-16130 22964 -5684 10899 -7355 -3047
-15761 22928 -5333 8958 -6416 -2217
-15204 22544 -4965 7215 -5243 -1194
-15006 22454 -4922 6562 -4530 -391
-14617 22273 -5078 6338 -4218 681
-14300 22544 -5317 6070 -4336 1825
-13717 22568 -5464 5535 -4272 2938
-13237 22672 -5502 4584 -3839 3955
-12751 22575 -5382 3282 -2814 5037
-12122 22131 -5194 2557 -846 6747
-11565 21902 -5186 2970 662 8572
-10785 21976 -5432 3268 1241 10600
-9894 22028 -5530 2420 1308 12308
-9368 21920 -5393 1024 1349 13197
-8736 21412 -5222 -289 1848 13967
-8061 20818 -4945 -1011 2794 14774
-7864 20648 -4796 -1268 3907 15489
-7548 20810 -4721 -1436 4714 16177
-7011 20732 -4561 -2030 5311 17016
-6562 20532 -4560 -2692 5491 17797
-6158 19917 -4313 -3518 5479 18624
-5560 19118 -4025 -4001 5633 19375
-5117 18301 -3344 -4393 6134 19783
-4898 17876 -2944 -4432 6949 19998
-4542 17241 -2399 -4342 7775 20016
-4217 16340 -1813 -4243 8569 20092
-3908 15401 -1421 -4160 9120 20068
-3732 14745 -1054 -3962 9679 19938
-3616 14822 -792 -3762 9850 19681
-3467 14794 -498 -4091 10170 19088
-2935 14568 59 -4456 11014 18193
-2614 14678 572 -4834 11315 17330
-2431 14701 873 -5274 11088 16318
-2081 14509 1441 -6064 10038 14666
-2076 14505 1537 -6298 8592 12989
-1408 14189 1608 -5925 7548 11861
-1377 14129 1606 -5456 6476 10908
-971 13928 1688 -4700 5478 10029
-735 13970 1567 -3692 4733 9114
-616 14166 1582 -3107 4396 8266
-440 14382 1360 -2505 4364 7317
-382 14840 1270 -2146 4376 6278
-546 15164 1210 -2531 4626 5693
-585 14864 1241 -3043 5259 5275
-674 14464 1161 -2986 6334 4935
-712 14352 1061 -2263 7378 4313
-982 14618 825 -1300 8087 3290
-1154 15388 793 -697 8450 2159
-1460 16236 640 -754 8383 1019
-1757 16798 385 -1168 7826 236
-1851 16660 304 -1347 7184 -23
-1999 16655 173 -1174 6936 -142
-2348 17140 225 -897 6867 -562
-2376 17839 268 -820 6782 -1147
-2478 18408 419 -1240 6407 -1395
-2500 18444 472 -1455 6089 -1349
-2506 18242 723 -1308 5660 -1015
-2652 18288 1012 -657 5087 -509
-2744 18390 1253 -235 4705 -281
-2642 18257 1520 70 4427 -146
-2421 18100 1629 337 4235 -33
-2178 17966 1757 614 4043 9
-2145 18041 1892 844 3724 -166
-2048 18293 1869 990 3170 -440
-1994 18754 1773 962 2429 -709
-1702 19045 1630 804 1623 -835
-1505 19150 1413 719 962 -826
-1272 19161 1286 858 461 -690
-1104 19176 1180 1040 214 -468
-1042 19234 955 1292 89 -236
-1062 19290 754 1433 30 -145
-892 19357 627 1247 78 -147
-718 19299 611 640 151 -166
-659 19123 517 261 122 -253
-440 18911 532 315 -12 -224
-319 18826 372 701 -24 -90
-284 18984 264 1083 -51 83
-249 19077 247 892 74 237
-314 18963 424 411 341 187
-264 18808 546 131 551 88
-345 18728 610 -68 615 4
-313 18732 783 -67 393 -24
-288 18606 810 210 70 136
-240 18672 729 583 -268 247
-109 18706 593 896 -470 392
-45 18761 477 1035 -543 498
-18 18838 366 970 -427 504
-68 18928 286 845 -300 405
-5 18904 113 857 -210 397
45 18884 33 1033 -169 474
72 18989 -94 1215 -124 506
168 19118 -128 1200 -59 460
100 19363 -211 776 87 286
40 19425 -60 78 219 115
-31 19309 -95 -308 283 90
-35 19111 93 -375 296 62
-145 19116 156 -312 293 22
-295 19090 116 -124 241 64
-328 19169 54 22 238 118
-329 19303 142 -34 256 221
-243 19176 183 -257 248 285
-236 19093 294 -495 130 244
-235 18936 368 -764 -373 249
-256 18920 341 -888 -1132 327
-196 18903 244 -791 -1826 390
82 18953 94 -701 -2187 505
295 18948 -39 -507 -2107 689
541 18652 -106 178 -1343 818
647 18529 -169 1024 -240 792
399 18786 -351 1416 285 688
193 19260 -471 876 108 472
252 19548 -549 -265 -247 159
357 19342 -504 -1169 -269 25
452 18918 -485 -1082 -20 115
414 18643 -337 -384 468 338
391 18597 -220 491 896 541
348 18714 -144 895 1004 624
288 18851 -18 796 981 563
149 18962 15 213 757 443
135 18995 -22 -289 506 350