6500 19022 2874 -5212 6671 2503
6234 19104 2794 -4892 6353 2558
6028 19106 2624 -4531 5750 2524
5833 19232 2506 -4760 5101 2479
5690 19256 2429 -5378 4732 2470
5656 18912 2689 -6185 4767 2575
5685 18202 2948 -6928 5182 2672
5674 17110 3218 -7268 5880 2705
5893 15648 3761 -6858 6497 2711
6006 14185 4181 -5750 6823 2805
5602 13114 4541 -4552 7141 2900
5450 12073 5062 -3031 7150 2625
5072 11790 5209 -1816 6809 1986
4496 11710 5044 -971 5690 888
4261 11593 4854 -451 4155 -208
3850 11356 4520 -83 2643 -1031
3474 10806 4318 596 1381 -1681
3168 10440 4285 1503 572 -2185
2914 10344 4325 2354 275 -2867
2440 10417 4377 2924 128 -3754
1474 10796 4246 3106 -474 -4955
-157 11760 3521 2696 -2028 -6773
-1237 12613 2658 2020 -4297 -8985
-1462 12856 2212 1086 -6036 -10813
-1724 12821 1884 44 -6638 -11879
-1941 12550 1894 -882 -6090 -12333
-2249 12176 2162 -1369 -4816 -12674
-2314 11522 2645 -1364 -3211 -13096
-2946 11022 3044 -693 -1879 -13566
-4034 10404 3212 897 -1118 -14348
-5686 10480 2476 3571 -1465 -15585
-7322 11780 1350 6698 -3351 -16816
-8150 13697 417 7914 -5863 -17464
-8366 15642 -313 6170 -7522 -17186
-8221 16784 -513 2194 -7898 -16430
-7884 16206 -29 -2314 -6919 -15697
-7702 14496 573 -5461 -5107 -15630
-7961 12293 1454 -6009 -3197 -16476
-9085 11165 1792 -3740 -2123 -17916
-10621 11452 1736 -349 -2928 -19326
-12436 14000 1108 1872 -5493 -20257
-12934 16064 684 1601 -8281 -20193
-12810 17201 464 -758 -9967 -19339
-12389 16428 752 -3530 -9736 -18087
-12017 14600 1262 -4549 -8004 -17627
-12509 13141 1652 -2806 -6170 -18037
-13636 12845 1684 1336 -5010 -19237
-15561 14586 660 5817 -5309 -20476
-16978 16894 -202 8455 -6522 -21167
-17242 18189 -656 9143 -7812 -21022
-16944 18389 -650 7683 -8460 -20191
-16536 17790 -380 5385 -8355 -19070
-16049 16340 -92 3554 -7556 -17708
-15714 14674 354 3120 -6201 -17106
-15804 12690 769 5018 -4644 -17209
-16456 11513 942 9000 -3321 -17628
-17796 12518 872 12970 -2542 -18319
-19146 14277 593 15019 -2338 -19026
-20162 16241 356 15219 -2811 -19587
-20573 17430 90 13229 -2969 -19446
-20961 18160 -270 10407 -2608 -18615
-21289 18128 -481 8253 -2064 -17591
-21698 17972 -824 7600 -1772 -16726
-21642 17713 -1230 8228 -1775 -15834
-21576 17825 -1820 9739 -1715 -14675
-21738 18441 -2222 11469 -1636 -13019
-21670 19232 -2430 12350 -1325 -11062
-21452 19822 -2556 12227 -694 -9138
-21026 19956 -2362 11459 116 -7379
-20780 19668 -2085 10620 938 -6093
-20648 19500 -1994 10001 1333 -5207
-20128 19225 -2054 9840 1235 -4338
-19688 19384 -2324 10026 773 -3345
-19085 19941 -2866 10281 -149 -2047
-18434 20754 -3448 10107 -1175 -532
-17928 21618 -3725 9030 -1807 934
-17445 22106 -3706 7387 -2162 2113
-16696 22090 -3741 5697 -2030 3199
-16266 21772 -3741 4660 -1423 4109
-16013 21529 -3525 4324 -1027 4949
-15306 21421 -3521 4429 -829 6043
-14800 21698 -3468 4668 -837 7347
-14392 22162 -3576 4678 -1171 8648
-13722 22588 -3677 3829 -1846 9968
-12938 22285 -3682 2655 -2640 11311
-12172 21561 -3436 1649 -3115 12487
-11557 21090 -3453 933 -3231 13258
-11242 21012 -3146 302 -3597 13904
-10560 20752 -3053 -480 -3694 14743
-9688 20253 -3000 -1054 -3648 15819
-8845 19604 -3086 -1202 -3507 16966
-8240 19202 -3198 -916 -3361 17848
-7470 19005 -3348 -1021 -3188 18575
-6894 18746 -3554 -1399 -2805 19127
-6249 18461 -3809 -1418 -2177 19691
-5401 18136 -3665 -1315 -1349 20195
-4781 17937 -3532 -1436 -449 20658
-4424 17916 -3496 -1792 201 20892
-3674 17542 -3406 -2452 711 21037
-2757 16496 -3134 -2822 1539 21422
-2176 15693 -3000 -2470 2635 21693
-1881 15477 -2872 -1802 3747 21652
-1669 15684 -2628 -1681 4796 21346
-1528 15869 -2309 -2297 5619 20751
-1525 15774 -1822 -3259 6331 20153
-1412 15440 -1360 -4257 6873 19529
-1452 15084 -870 -5171 7214 18738
-1289 14497 -222 -5779 7542 17884
-968 14017 188 -5706 7922 17250
-922 13650 716 -4894 8293 16720
-878 13576 1206 -3695 8731 16067
-1004 13966 1437 -2735 9029 15060
-822 14502 1657 -2359 9199 14017
-810 14861 1956 -2571 8960 13037
-721 14902 2056 -3046 8505 12186
-758 15093 1860 -3264 7815 11473
-516 14972 2017 -2953 7302 10964
-428 15249 1926 -2457 7078 10764
-493 15740 1793 -1967 6973 10842
-421 16333 1697 -1612 7112 11042
-496 16857 1718 -1701 7519 10982
-442 17124 1738 -2152 8113 10574
-498 17221 1641 -2599 8484 9941
-573 16840 1332 -2428 8477 9284
-388 16390 1277 -1649 8222 8969
-457 16368 1152 -904 8059 8819
-685 16392 1141 -194 7846 8369
-724 16814 1429 -185 7910 7730
-713 16992 1624 -1005 8316 6978
-764 17044 1725 -2172 8843 6142
-1078 16702 1653 -3075 9013 5236
-1104 15941 1652 -3309 8893 4410
-976 15221 1641 -2840 8617 3724
-1088 15125 1676 -1880 8164 3145
-1173 15402 1654 -976 7686 2442
-1066 15977 1620 -321 7165 1705
-1037 16624 1634 -227 6646 1044
-1034 17100 1817 -527 6316 494
-1110 17198 1886 -794 5986 90
-1118 17174 1964 -807 5654 -124
-1174 17166 2086 -516 5260 -277
-1104 17313 2170 -151 4786 -436
-1077 17654 2377 128 4232 -629
-954 18036 2438 248 3590 -913
-706 18321 2436 318 2925 -1133
-508 18764 2229 397 2228 -1231
-184 19037 2101 407 1525 -1235
77 19209 1894 446 959 -1115
502 19157 1719 629 530 -787
762 18940 1482 1071 423 -293
802 19006 1342 1673 470 103
780 19260 1150 1827 444 276
958 19281 1122 1630 434 372
997 19280 1094 1314 437 390
1081 19265 1113 1060 343 360
1133 19142 1114 883 295 306
1213 19165 1060 761 230 232
1223 19121 966 625 122 240
1350 19001 946 515 -37 316
1442 18864 962 470 -48 321
1539 18624 1028 589 105 358
1592 18436 1105 821 348 349
1693 18386 1113 1063 589 302
1796 18428 1318 1159 808 205
1786 18538 1396 1125 948 29
1770 18724 1397 1044 871 -160
1786 18905 1414 874 719 -350
1705 19109 1312 705 449 -452
1674 19306 1113 507 44 -471
1734 19337 906 319 -241 -412
1695 19314 819 256 -341 -377
1703 19263 803 170 -147 -320
1796 19169 765 156 232 -182
1730 18997 767 315 632 -50
1703 19000 706 582 844 48
1708 19107 562 764 771 108
1679 19224 502 604 659 184
1645 19199 486 132 625 115
1602 19122 618 -431 660 -79
1525 18811 796 -614 870 -201
1458 18726 801 -349 1017 -219
1463 18843 849 32 1090 -125
1474 18920 977 226 1082 -54
1515 18766 962 348 872 1
1505 18798 863 278 439 -115
1559 18837 684 -153 122 -329
1736 18711 625 -439 224 -478
1733 18764 483 -143 567 -499
1754 18967 449 176 832 -361
1766 19012 500 303 972 -226
1741 18952 469 366 1039 -124
1782 18860 576 359 1039 -92
1698 18789 605 225 1014 -100
1642 18870 617 263 886 -163
1719 18993 617 191 787 -248
1854 18905 712 72 826 -201
1899 18712 640 395 913 -57
1830 18629 712 821 998 133
1736 18718 669 995 965 149
1511 19019 498 741 653 1