-2641 9832 190 -2992 17332 10616
-2205 10414 654 -3404 17067 9587
-1636 10820 1329 -3201 16639 8752
-1572 11404 2014 -2715 16179 7720
-1414 12021 2732 -2258 15407 6762
-1486 13082 3230 -2149 14300 6030
-1378 13560 3833 -2501 13064 5690
-1236 13685 4253 -2705 12053 5375
-1194 14156 4382 -2711 11164 4957
-756 13917 4640 -2536 10595 4561
-748 13673 4722 -1849 10463 4266
-777 13774 4766 -917 10300 3952
-700 14006 5068 -222 10017 3566
-780 14317 5213 28 9623 2906
-894 14722 5297 -126 9227 2050
-974 14973 5320 -417 8874 1271
-1092 15100 5406 -468 8631 660
-1057 15337 5338 -191 8575 182
-1454 16017 5420 18 8225 -244
-1630 16445 5417 -31 7723 -663
-1569 16718 5522 -304 7106 -1014
-1718 16973 5445 -575 6523 -1426
-1893 17210 5322 -821 5812 -1938
-1948 17493 5216 -1115 4979 -2379
-1929 17797 4936 -1161 4109 -2531
-1980 17928 4662 -839 3195 -2306
-2165 18428 4252 -207 2385 -2047
-1962 18526 3970 512 1807 -1794
-1981 19004 3630 975 1351 -1805
-1986 19462 3173 789 945 -1984
-1948 20061 2706 111 538 -2221
-1837 20382 2220 -608 287 -2377
-1673 20641 1785 -964 311 -2473
-1472 21106 1525 -963 674 -2296
-1320 21396 1246 -830 1423 -1957
-1248 21785 937 -583 2634 -1453
-1272 22260 677 -384 3809 -980
-1305 22897 504 -425 4656 -536
-1168 23238 578 -922 5408 7
-1217 23440 812 -1334 5988 669
-1104 23844 1009 -1824 6249 1469
-1018 24186 1196 -2212 6339 2191
-720 24040 1478 -2297 6636 2922
-397 23990 1556 -2007 7304 3618
-126 23992 1550 -1158 8187 4282
540 23910 1748 -288 9402 5190
1108 23786 1878 610 10818 6207
1436 23878 2237 1117 12018 7318
1440 24136 2402 906 12821 8127
1865 24216 2488 65 12994 8533
2526 24182 2529 -1315 13141 8794
3406 23608 2612 -2602 13516 8848
3861 22946 2896 -3822 14233 8938
3909 21905 3222 -4934 15057 9230
3788 20861 3593 -5671 15712 9555
3690 20068 3845 -6315 16085 9886
3262 19670 4057 -7048 16164 10023
3404 19496 4197 -7937 15808 9934
3410 18661 4524 -8761 15403 10012
3197 17533 4821 -9062 15037 10234
3290 16365 5228 -8970 14969 10539
3617 15480 5581 -8537 15188 10827
3634 14890 5872 -8403 15467 11033
3428 14222 6542 -8654 15621 11224
2886 13473 7117 -9094 15302 11216
2530 12538 7856 -9551 14566 10940
2473 11624 8430 -9512 13732 10570
1973 10825 8661 -8785 12663 9929
1860 10366 8804 -7726 11089 9123
1546 9884 8901 -6862 9205 8394
1126 9236 9101 -6262 7245 7843
1030 8166 9438 -5570 5579 7417
756 7029 9704 -4413 4201 6963
312 6140 9829 -2786 3089 6284
-373 5820 9666 -1021 1757 5234
-852 5833 9507 569 -82 3699
-1356 5942 9182 1632 -2078 1839
-1657 5709 8936 2397 -3640 99
-2164 5422 8665 3298 -5033 -1605
-3069 5626 8260 4394 -6387 -3433
-3829 5880 7886 5651 -7748 -5288
-5012 6734 7129 6876 -9213 -7162
-5464 7433 6512 7893 -10640 -8824
-5869 7977 5896 8687 -11546 -10271
-6186 8633 5402 9041 -12039 -11654
-6253 8708 5349 9120 -11961 -12931
-6629 8712 5200 9063 -11690 -14136
-6954 8812 5229 8695 -11411 -15340
-7860 9073 4924 8516 -11272 -17082
-9360 10360 3766 8871 -12239 -19433
-10244 11917 2512 9364 -14520 -21587
-10838 13745 1369 8925 -17107 -22385
-11309 15365 441 7473 -18974 -22384
-11462 16168 -218 5627 -19542 -22258
-11686 16134 -814 4516 -18836 -22664
-11880 15845 -1100 4963 -17261 -23179
-12725 16446 -1277 6687 -15402 -23762
-13384 17898 -1460 8260 -14186 -24115
-14448 19921 -1862 8674 -14277 -24252
-15612 21865 -2209 6912 -15854 -23868
-15560 22145 -1982 4390 -17159 -23040
-15294 20933 -2070 3878 -16897 -22207
-14969 20137 -2145 6027 -15687 -21750
-15009 20820 -2502 9354 -14008 -21322
-15621 23510 -3242 11721 -12659 -20865
-16154 26656 -3844 11543 -12238 -20559
-16261 28677 -3924 8675 -12218 -20056
-16162 29185 -3952 5048 -12179 -19209
-15730 28137 -3788 3562 -11595 -18126
-14874 26953 -4020 5295 -10416 -16850
-14264 27408 -3976 8528 -8686 -14900
-13921 28876 -4184 11240 -7003 -12794
-14018 30856 -3986 11482 -6141 -10879
-13822 31661 -3585 9348 -5934 -9590
-13204 31402 -2993 6118 -5973 -8970
-12430 30332 -2896 4180 -5729 -8112
-11682 29582 -2653 4087 -5380 -7069
-11265 30025 -2920 5220 -5250 -6039
-10553 31086 -2981 5917 -5305 -5047
-9649 31688 -2877 5514 -5313 -3732
-9306 31958 -2722 4200 -4941 -2389
-8537 31405 -2518 2793 -4183 -1014
-7636 30184 -2229 2159 -3056 551
-7010 29160 -2216 2384 -1944 2268
-6493 28932 -2340 2374 -1411 3948
-5636 28896 -2454 1521 -1405 5512
-4773 28089 -2449 331 -1628 6859
-3889 26796 -2412 -837 -1481 8156
-2720 24782 -2060 -1557 -888 9556
-1977 22749 -1814 -1538 187 11011
-1610 21385 -1652 -1520 1287 12273
-1241 19866 -1325 -1884 2201 12888
-449 17778 -717 -2604 2989 12855
-132 15748 162 -3468 3676 12221
114 13597 902 -4264 4313 11236
-17 11816 1344 -4475 4917 10302
-126 10740 1870 -4392 5204 9565
-265 10022 2605 -4332 5485 8844
-689 10008 3285 -4533 5762 7993
-986 10165 4004 -4999 5895 6905
-1666 10754 4500 -5843 5864 5525
-2086 11212 4769 -6771 5440 3931
-2285 11174 4920 -7045 4993 2489
-2808 11562 4869 -6769 4418 1281
-2905 11922 4833 -6013 3710 485
-3450 12657 4598 -5268 2899 -56
-3864 13014 4618 -4650 2185 -444
-4193 13194 4833 -4180 2057 -805
-4757 13370 4982 -3896 2378 -1207
-5598 13800 4850 -3796 2650 -1740
-6100 13906 4748 -3698 2415 -2280
-6288 13917 4552 -3282 2077 -2561
-6433 13934 4520 -2421 1774 -2777
-6730 14168 4408 -1405 1499 -3021
-7197 14808 4361 -771 1132 -3295
-7454 15340 4262 -709 604 -3584
-7516 15622 4133 -794 54 -3718
-7385 15505 3826 -544 -328 -3627
-7292 15436 3633 95 -434 -3535
-7320 15880 3446 675 -467 -3552
-7304 16292 3417 733 -541 -3528
-7553 16984 3462 133 -691 -3575
-7690 17088 3520 -752 -872 -3511
-7700 16837 3498 -1285 -1184 -3334
-7534 16413 3522 -1244 -1461 -3050
-7389 16190 3478 -792 -1626 -2795
-7410 16213 3448 -222 -1523 -2634
-7472 16493 3309 158 -1354 -2601
-7697 16828 3241 252 -1192 -2578
-7698 16916 3296 126 -979 -2488
-7482 16880 3213 79 -793 -2300
-7400 16730 3162 128 -689 -2004
-7488 16461 3169 686 -1340 -1043
-6941 16505 2930 71 -1159 -1007
-7534 16726 3040 -38 -1359 -896
-7537 17197 2926 -111 -1333 -1024
-7494 17058 2958 -398 -993 -1110
-7493 17002 2953 -374 -802 -971
-7300 16752 3101 -436 -394 -1053
-7432 16980 3197 -533 -167 -1280
-7718 17104 3085 -318 -140 -1494
-7664 17165 3214 -301 -282 -1254
-7513 17061 3132 -125 -488 -1068
-7464 16790 3145 594 -484 -900
-7232 16946 3018 1086 -299 -927
-7216 17126 3120 1477 -185 -930
-7145 17458 3172 1258 -132 -1033
-7220 17634 3168 764 -102 -1150
-7374 17744 3185 315 -203 -1274
-7392 17658 3209 -54 -222 -1391
-7129 17392 3290 14 -127 -1432
-6953 17312 3296 376 -1 -1268
-7018 17498 3264 629 -71 -1268
-6944 17524 3177 741 -364 -1003
-6932 17754 2920 83 -138 -889
-6930 17734 2974 -128 -283 -603
-6685 17368 2929 -317 -242 -484
-6672 16844 3040 -369 3 -294
-6502 16505 3089 -42 18 -343
-6734 16513 2865 714 -196 -73