6577 15524 4228 -2163 10826 2825
5868 15198 4522 -1809 10844 2399
5274 14781 4936 -1672 10063 1749
4678 14502 5106 -1792 8759 973
4356 14313 5061 -1997 7105 80
4421 14330 4389 -2107 5756 -667
4449 14076 4090 -1769 4570 -1165
4493 13572 3686 -927 3897 -1289
4078 12904 3429 166 3584 -1172
3812 12146 3566 1883 3695 -1301
3326 11634 3636 3635 4055 -1606
2717 11418 3797 5036 4225 -2353
2044 11389 3745 5910 3851 -3408
1350 11641 3553 6314 2662 -4525
696 11889 3197 6070 781 -5522
-48 12006 2873 5513 -1264 -6355
-502 11910 2493 4887 -3201 -7076
-1002 11876 2290 4126 -4600 -7734
-1216 11752 2178 3283 -5182 -8532
-1617 11608 1970 2863 -5190 -9494
-2292 11694 1262 3117 -5150 -10678
-2814 11838 741 3758 -5117 -11732
-3786 12458 160 4125 -5331 -12482
-4788 13265 -269 3674 -6208 -13031
-5404 13714 -236 2297 -7220 -13394
-5665 13386 -38 700 -7603 -13720
-6282 12837 -268 84 -7654 -14233
-6994 12536 -429 834 -7691 -14860
-7632 12841 -845 2257 -7683 -15509
-8000 13872 -1124 3182 -7495 -15859
-8078 14520 -972 3116 -6999 -15900
-8348 14590 -688 2534 -6355 -15978
-8808 14242 -481 2147 -5824 -16289
-9873 14521 -537 2257 -5800 -17118
-11018 15340 -965 2581 -6542 -18201
-11697 16209 -1437 3103 -7806 -18827
-12384 17082 -1901 3218 -8611 -18785
-12861 17797 -2030 2950 -8684 -18210
-13165 18145 -1817 2205 -7946 -17400
-13602 18012 -1290 1552 -6832 -16875
-14233 17608 -929 1668 -5975 -16764
-14968 17218 -874 2764 -5566 -16885
-15893 17540 -1152 4690 -5643 -16882
-16805 18825 -1504 6307 -6381 -16510
-17036 20304 -1698 6303 -6920 -15642
-17466 21436 -1605 4503 -7242 -14785
-17229 21464 -1312 1924 -7219 -14013
-17014 20745 -746 -579 -6933 -13437
-16670 19273 -116 -1767 -6247 -13143
-16460 17717 150 -529 -5442 -12862
-16380 17017 400 2569 -4924 -12313
-16602 17385 408 6117 -4637 -11485
-17032 18748 212 8452 -4854 -10592
-17112 19574 61 9197 -5507 -9604
-16873 19718 -66 8595 -6046 -8830
-16568 19426 -254 7403 -6304 -8279
-16160 18914 -468 6559 -6310 -7823
-15630 18501 -658 6393 -6088 -7455
-15257 18362 -896 6934 -5755 -7077
-14938 18210 -1148 8300 -5406 -6730
-14805 18600 -1393 9678 -5341 -6333
-14685 19250 -1724 10211 -5465 -5916
-14636 19741 -1933 9607 -5784 -5517
-14513 20113 -2236 8371 -6175 -5173
-14204 20152 -2542 7018 -6489 -4831
-13764 19913 -2752 6039 -6456 -4454
-13432 19660 -2862 5848 -6141 -3907
-13246 19748 -3021 6232 -5812 -3233
-13153 19922 -3144 6563 -5609 -2520
-12997 20060 -3042 6610 -5765 -1759
-12942 20173 -3116 6224 -5988 -1081
-12622 20170 -3022 5619 -6242 -526
-12449 20049 -3061 4974 -6379 -51
-12402 20104 -3198 4643 -6461 439
-12222 20014 -3210 4669 -6442 1065
-12066 20033 -3460 4904 -6349 1907
-11734 19870 -3668 5308 -6274 2931
-11486 19821 -4212 5791 -6309 4098
-10984 19861 -4797 6145 -6568 5206
-10380 19820 -5210 6302 -6651 6271
-9850 19797 -5492 6343 -6274 7067
-9257 19849 -5905 6362 -5421 7811
-8978 20477 -6005 6168 -4325 8373
-8632 21248 -6052 5270 -3332 8805
-8196 21784 -5920 3606 -2441 9123
-7796 21870 -5706 1725 -1794 9335
-7172 21546 -5592 277 -1209 9598
-6445 21080 -5254 -474 -626 9977
-6025 20920 -5148 -610 78 10594
-5516 20913 -5020 -351 866 11432
-5237 21336 -4976 -2 1623 12332
-4701 21350 -4670 69 2405 13287
-4284 21054 -4286 -270 3341 14180
-4406 20920 -3856 -843 4377 14738
-3996 20536 -3385 -1521 5101 15106
-3981 20384 -3125 -2171 5780 15567
-3760 19924 -2624 -2469 6395 16194
-3485 19510 -2016 -2567 6661 16926
-3490 19213 -1566 -2430 6663 17486
-3402 18930 -978 -2244 6324 17837
-3534 18668 -609 -2493 5830 17926
-3381 18197 -277 -2668 5382 17869
-3161 17469 -34 -2261 5127 17654
-2777 16596 273 -1443 5317 17389
-2749 15972 522 -66 5777 16846
-2532 15817 741 1186 6265 16090
-2148 16114 961 1776 6851 15346
-1872 16564 1141 1497 7502 14699
-1662 17110 1282 529 8005 14147
-1773 17292 1197 -539 8122 13546
-1696 17078 832 -1432 7770 13190
-1126 16798 420 -1911 7644 13315
-545 16660 -108 -1612 7931 13744
-24 16289 -341 -874 8689 14001
148 16341 -506 -266 9691 13960
6 16612 -613 -254 10597 13637
-321 16652 -690 -721 11058 13172
-325 16232 -584 -1440 11111 12627
-117 15840 -358 -2246 11015 12113
446 15285 -86 -2719 10889 11406
618 15108 -45 -2819 10697 10456
796 15073 -144 -2805 10288 9410
704 15170 -401 -2896 9656 8584
534 15102 -470 -3145 8903 8076
494 14916 -253 -3556 8376 7633
536 14613 -6 -4053 8261 7079
740 14405 520 -4554 8570 6317
888 14004 1024 -4725 9182 5283
938 13745 1404 -4496 9697 4122
918 13770 1720 -3952 9867 3122
604 14216 1949 -3322 9403 2229
161 14602 1869 -2655 8301 1384
-196 15150 1744 -2201 6838 669
-240 15412 1657 -1799 5457 319
-268 15909 1513 -1361 4460 278
-150 16229 1554 -812 3920 261
-77 16804 1459 -289 3808 -29
-165 17464 1525 15 3741 -382
-320 18165 1524 59 3505 -603
-406 18720 1286 -51 3001 -753
-374 19192 1204 -232 2291 -769
-290 19532 1114 -554 1528 -606
-77 19617 1095 -899 821 -207
266 19516 1105 -936 457 225
721 19458 1139 -477 445 578
981 19570 1256 -163 483 808
1092 19684 1189 1 345 975
1085 19758 1073 -37 -82 1075
1184 19673 946 -119 -537 1163
1406 19458 900 -177 -850 1317
1634 19121 892 -186 -821 1533
1985 18810 809 24 -506 1699
2142 18662 824 280 -136 1805
2317 18498 772 480 134 1747
2452 18534 842 520 285 1534
2541 18337 889 533 279 1328
2693 18288 840 573 213 1114
2918 18174 696 655 159 901
2952 18198 534 788 158 676
3041 18244 305 1037 238 422
3169 18422 242 1094 421 153
3147 18665 177 804 775 -145
3086 18797 224 494 1146 -332
3129 18809 404 295 1438 -487
3024 18822 469 123 1578 -630
2961 18817 621 -50 1551 -774
2913 18898 782 -279 1359 -887
2849 18954 686 -504 1125 -930
2788 18980 794 -642 940 -935
2831 19016 767 -616 907 -851
2869 19020 728 -463 1023 -662
2790 19016 692 -283 1147 -481
2762 18923 712 -44 1211 -347
2696 18858 795 49 1149 -268
2571 18806 787 -1 1019 -235
2540 18699 791 -105 764 -238
2585 18645 747 -259 541 -317
2607 18502 688 -230 443 -382
2799 18407 547 66 442 -305
2764 18403 503 404 566 -297
2685 18585 449 390 668 -380
2647 18633 520 13 682 -497
2519 18702 391 -293 515 -653
2595 18749 275 -342 313 -698
2655 18829 185 -221 305 -603
2729 18933 78 -120 439 -458
2627 18970 148 -156 668 -382
2624 19032 203 -285 820 -284
2703 18828 408 -281 944 -80
2848 18566 650 -9 1195 110
2769 18660 710 376 1261 276
2709 18778 793 550 1158 355
2532 18937 862 528 1002 450
2418 19004 810 412 718 496
2445 18927 846 195 529 614
2413 18867 781 191 423 713
2656 18911 707 273 228 745
2821 18846 577 342 200 762
2920 18817 423 399 352 834
2964 18831 478 430 637 927