4872 14944 3166 1374 6343 1709
4514 14677 3110 1928 5708 1747
4190 14386 3210 2153 5207 1692
3894 13760 3480 2205 4861 1448
3833 13104 3978 2098 4693 996
3534 12524 4392 1868 4473 422
3084 12093 4718 1526 3826 -342
2082 11900 4784 1077 2506 -1390
1122 11994 4256 571 254 -2763
789 12030 3768 47 -2225 -4107
485 12020 3386 -453 -4251 -5127
361 11641 2846 -616 -5408 -5922
264 11210 2542 11 -5562 -6422
101 10802 2442 1186 -4934 -6915
-329 10588 2581 2517 -4149 -7445
-1000 10452 2809 3516 -3677 -8133
-2010 10478 3022 3913 -4032 -8953
-3662 10992 2965 3451 -5539 -10242
-5094 11204 2329 2975 -7684 -12225
-5381 10886 1633 4085 -9878 -14287
-5449 10658 506 7085 -10814 -15855
-5509 11698 -346 10314 -10434 -16467
-6350 13798 -1344 12477 -9105 -16506
-7138 16098 -1972 12444 -7366 -16524
-7672 17386 -1861 10196 -5900 -16882
-8110 17497 -1228 6468 -5064 -17485
-8897 16764 -560 2724 -5173 -18209
-10154 16578 -265 -476 -6304 -19389
-11056 16478 -481 -2589 -7900 -20927
-11285 16721 -788 -3406 -9261 -22165
-11374 17117 -928 -3332 -9717 -22493
-11412 17325 -1010 -2528 -9292 -21837
-11532 17482 -864 -1594 -8255 -20710
-11773 17533 -321 -926 -7471 -19666
-12230 17322 450 -900 -7378 -18918
-12774 16677 1084 -1432 -7885 -18563
-13461 15972 1718 -2315 -9087 -18468
-14044 15228 2037 -2412 -10242 -18704
-14845 14870 1688 -1038 -11119 -19322
-15528 14866 1037 1527 -11562 -19593
-16042 15553 490 4070 -11463 -18988
-16466 16156 130 5391 -11137 -17988
-16921 16410 100 5388 -11100 -16954
-17090 16110 180 4091 -11414 -16478
-17309 15656 254 2197 -12219 -16615
-17548 15302 296 95 -13030 -17293
-17404 14361 178 -1257 -13080 -18082
-17292 13630 -9 -937 -12198 -18639
-17473 13874 28 364 -11109 -18830
-17868 14850 69 1546 -10091 -18462
-18202 15650 268 1834 -9249 -17764
-18406 16160 473 1305 -8961 -16945
-18330 16170 617 -227 -9214 -16442
-18200 15613 933 -2138 -9463 -16212
-17824 14485 1220 -3339 -9023 -16382
-17736 13340 1194 -2350 -7695 -16801
-17798 13745 1373 246 -6188 -17074
-18404 15109 1538 2476 -4813 -16778
-18929 16902 1737 3354 -3984 -15766
-19361 17970 2004 2832 -3677 -14511
-19433 18386 2241 1416 -3638 -13361
-19141 17918 2546 -427 -3761 -12609
-18813 17129 2678 -861 -3607 -11660
-18481 16044 2854 799 -2885 -10606
-18504 16380 2944 3856 -1877 -9678
-18856 17857 2890 6572 -855 -8509
-19249 19401 2934 7831 -123 -6992
-19636 20353 3009 7911 387 -5183
-19722 20458 3048 7573 735 -3565
-19209 19922 2900 7561 588 -2182
-19016 19722 2676 7753 506 -560
-18590 19533 2362 8681 457 1034
-18388 20016 1906 9738 298 2759
-18057 20646 1596 10104 227 4429
-17682 20788 1269 9799 272 5861
-17366 20573 1061 9107 410 7040
-16985 19882 893 8527 600 8054
-16593 19380 784 8262 654 8953
-15898 18897 740 8473 705 9797
-15265 19316 526 8951 528 10404
-14965 19780 193 9046 114 10737
-15105 20716 -220 8290 -714 11009
-14790 21174 -277 6403 -1441 11534
-14005 20944 -230 4377 -2234 12554
-13498 19981 -352 3121 -2108 13861
-12968 18734 -402 2926 -1612 15104
-12133 17744 -438 3774 -508 16189
-11740 17032 -545 5146 289 17319
-11125 16686 -854 6254 1075 18428
-10548 16504 -1009 7029 1431 19417
-9706 16528 -1352 7111 1652 20106
-8677 16258 -1604 6556 1947 20582
-7830 16193 -1852 5638 2420 20817
-6996 15948 -1754 4494 3442 20837
-6278 15798 -1718 3474 5077 20622
-5894 16069 -1768 2697 6779 20274
-5490 16332 -1668 1816 8244 20020
-5078 16398 -1392 771 9252 19849
-4598 16268 -962 -525 9784 19681
-4250 15965 -513 -1880 10092 19341
-3902 15608 -193 -3078 10103 18865
-3764 15364 32 -3935 10035 18339
-3606 15313 204 -4575 9673 17901
-3620 15057 378 -5028 9407 17648
-3421 14566 584 -4931 9251 17682
-3164 14261 793 -4602 9317 17860
-2852 13612 1228 -3909 9512 18034
-2178 13162 1582 -2835 10036 18200
-2085 13437 1836 -1856 10414 17916
-1757 13841 1969 -1444 10523 17134
-1617 14461 2097 -1750 10398 16177
-1365 14680 2094 -2393 10340 15417
-937 14874 2126 -2663 10360 15044
-572 14889 2006 -2508 10484 14744
-388 14941 2013 -2052 10560 14303
-49 15237 2062 -1413 10564 13823
-182 15984 1928 -1130 10491 13097
-173 16852 1581 -1440 10159 12290
-77 17474 1602 -2429 9840 11545
14 17916 1548 -3900 9543 10830
280 17513 1676 -5038 9399 10301
281 17449 1646 -5521 9278 9787
417 17300 1688 -5417 9257 9425
417 17161 1717 -5030 9203 9249
288 16758 1954 -4602 9027 9175
53 16384 2182 -4159 8737 8892
-12 15809 2476 -3561 8508 8421
-196 15494 2578 -2744 8376 7928
-254 15470 2758 -2077 8235 7311
-370 15614 2877 -1629 8082 6523
-402 15624 2858 -1272 7741 5692
-529 16208 2597 -1115 7187 4861
-530 16528 2318 -1054 6372 4043
-382 16824 1938 -972 5539 3408
-334 17078 1661 -759 4791 2934
-338 17466 1256 -575 4131 2465
-324 17734 990 -569 3584 2068
-188 17788 873 -744 3417 1721
-168 17890 925 -1024 3608 1369
-4 17801 1089 -1176 4095 1027
65 17762 1409 -1062 4700 837
64 17690 1778 -800 5231 767
27 17956 1944 -225 5465 672
60 18212 2276 201 5178 655
50 18483 2478 79 4358 666
248 18518 2680 -211 3506 633
481 18478 2837 -403 3005 564
684 18412 2873 -387 2606 449
961 18358 2832 -226 2391 405
1197 18461 2808 150 2259 402
1378 18510 2788 498 2138 459
1485 18589 2738 752 2013 530
1460 18657 2632 1005 1803 638
1656 18616 2672 1202 1569 775
1750 18758 2544 1390 1337 843
1786 18878 2316 1449 1101 842
1966 18930 2284 1421 939 826
2020 19025 2004 1398 806 844
2112 19066 1934 1347 780 903
2245 18961 1873 1297 888 950
2320 18914 1794 1273 1170 989
2473 18896 1942 1325 1470 1019
2594 18901 1920 1390 1728 1026
2562 18849 2029 1376 1885 998
2505 18944 2044 1241 1873 870
2477 19056 2150 882 1621 700
2465 18994 2216 387 1318 526
2544 18889 2152 61 1063 416
2720 18766 2099 62 961 423
2865 18689 2142 317 1055 509
2941 18618 2070 791 1252 665
3100 18497 1956 1564 1468 903
2961 18428 1768 2630 1659 1304
2769 18756 1493 3531 1676 1589
2613 19198 1341 3712 1600 1747
2428 19378 1220 3097 1411 1698
2214 19584 1216 1921 941 1397
2093 19508 1304 350 262 944
2173 19092 1414 -1091 -172 457
2409 18364 1517 -1827 -319 201
2604 17678 1630 -1541 -103 196
2717 17332 1624 -459 264 370
2765 17510 1546 779 564 594
2793 17828 1452 1735 675 811
2865 18045 1404 2192 714 894
2854 18306 1365 2119 708 812
3034 18476 1296 1780 558 622
3133 18768 1100 1263 243 360
3222 19022 967 474 -161 36
3282 19032 920 -171 -372 -214
3245 19010 846 -493 -332 -310
3240 18994 751 -573 -40 -262
3094 19057 769 -454 495 -3
3041 19006 897 -238 958 295
3050 19021 1001 -108 1205 497
3040 19116 1144 -37 1209 592
3069 19001 1304 -225 1091 703
3017 18742 1337 -397 861 803
3129 18254 1364 -317 688 930
3128 18041 1382 81 561 1081