-1802 10721 4102 2441 -2061 -4996
-2261 11308 3758 2672 -3313 -5822
-2724 11706 3636 1926 -4253 -6425
-3076 11690 3645 715 -4821 -7063
-3424 11334 3702 -359 -5055 -7717
-3877 10797 3852 -1117 -5101 -8536
-5020 10757 3669 -1100 -5520 -9989
-6261 11132 3100 -513 -6537 -11897
-6674 11494 2701 337 -7689 -13381
-6973 12110 2156 1096 -8490 -14033
-7206 12768 1738 1567 -8727 -14230
-7050 13252 1486 1880 -8361 -14192
-7228 13950 1624 1231 -7899 -14127
-7000 13897 1976 89 -7439 -14479
-7365 13681 2413 -1164 -7341 -15253
-7680 12888 3120 -2025 -7307 -16311
-8317 12061 3294 -1551 -7434 -17794
-9108 11812 3124 354 -7922 -19392
-10081 12593 2945 2420 -8854 -20626
-10966 13813 2605 3214 -10152 -21225
-11557 14669 2410 2556 -11647 -21523
-11934 15228 2260 643 -13041 -21968
-12485 15493 2118 -2160 -13807 -23122
-13197 15473 2034 -5147 -13720 -24855
-13474 14772 2170 -7235 -12660 -26587
-14653 14309 2264 -7498 -10762 -27945
-16036 14377 2466 -6424 -8784 -28736
-17549 15001 2848 -5114 -7302 -28852
-18952 15856 3122 -4069 -6673 -28280
-20168 16518 3338 -3467 -6663 -27357
-20780 17037 3682 -3463 -7004 -26124
-20678 16737 4081 -3568 -7131 -25013
-20749 16613 4526 -3758 -6985 -23962
-20890 16673 4882 -3710 -6334 -23179
-21117 16574 5052 -3062 -5340 -22499
-21236 16224 5160 -1514 -4360 -21825
-21588 15973 4993 1228 -3506 -20656
-21878 16325 4766 4560 -2764 -19314
-21998 16738 4364 7706 -2093 -17703
-22070 17669 4094 10175 -1811 -15844
-21809 18209 3937 11252 -1428 -13969
-21553 18569 3785 11176 -967 -12278
-21148 18318 3905 10566 -537 -10686
-20840 17988 3678 10234 0 -9368
-20309 17552 3698 10525 255 -8156
-19800 17242 3430 11232 454 -6937
-19616 17248 3100 12250 543 -5901
-19356 17524 2706 12988 513 -5028
-19006 18000 2576 13099 310 -4158
-18605 18257 2396 12361 77 -3185
-18397 18657 2009 11334 -236 -2111
-18046 18806 1750 10198 -660 -1096
-17530 18856 1381 9101 -834 -219
-17074 18628 1238 8372 -670 426
-16853 18578 994 8212 -337 1009
-16386 18534 953 8339 57 1597
-16078 18529 944 8575 623 2225
-15952 18876 812 8575 1048 2756
-15593 18997 873 8206 1241 3400
-15337 19293 925 7234 1171 3938
-14818 19174 744 6266 1289 4485
-14352 18989 976 5368 1338 5131
-13874 18420 840 5082 1358 5891
-13696 18517 518 5181 1014 6732
-13213 18642 310 5041 659 7704
-12664 18637 -69 5280 -10 8724
-11929 18538 -298 5399 -387 9751
-11390 18316 -437 5414 -687 10671
-10910 18368 -704 5326 -832 11460
-10053 18493 -918 5200 -775 12228
-9326 18404 -989 4798 -275 13086
-8984 18684 -1057 4163 255 13713
-8402 18657 -1134 3501 701 14250
-7766 18682 -1192 2953 1006 14715
-7122 18792 -1170 2296 1132 15153
-6241 18473 -998 1627 1340 15779
-5756 18530 -900 970 1637 16308
-5054 18192 -594 432 2146 16705
-4554 18072 -589 428 2838 17123
-4050 17992 -350 622 3532 17594
-3764 18078 -320 719 4066 18175
-3486 18390 -88 242 4272 18630
-3034 18220 285 -569 4413 19037
-2716 17914 689 -1573 4518 19327
-2441 17504 1121 -2499 4737 19451
-2192 16845 1333 -3079 5201 19411
-2144 16544 1470 -3274 5468 19272
-2085 16085 1729 -3301 5784 19097
-2062 15841 1900 -3332 6164 18847
-2105 15662 2038 -3389 6511 18471
-2134 15430 2042 -3425 6836 18011
-2093 15400 2165 -3529 7101 17559
-2001 15456 2476 -3848 7483 17010
-1756 15453 2904 -4198 7975 16339
-1645 15625 3117 -4649 8638 15504
-1946 16073 3245 -5124 9090 14356
-1822 16581 3244 -5547 9159 13308
-1778 17109 3228 -6123 8838 12418
-1956 17113 3046 -6268 7876 11801
-1502 16740 2924 -5866 6892 11730
-1382 16538 3054 -5275 5995 11982
-1272 16541 3148 -4791 5518 12192
-1181 16458 3268 -4469 5597 12148
-1046 16592 3294 -4336 6115 11920
-912 16568 3205 -4321 6855 11664
-812 16482 2952 -4038 7391 11436
-705 16002 2700 -3282 7664 11295
-460 15472 2366 -1932 7699 11198
-297 15548 2136 -429 7615 11007
-50 15701 2029 701 7571 10621
-96 16020 2020 1201 7687 10085
-280 16392 1954 1221 7842 9305
-412 16462 1806 1017 7967 8335
-468 16560 1662 677 8158 7416
-458 16478 1664 289 8365 6547
-594 16730 1768 -144 8616 5652
-661 16846 1936 -646 8738 4748
-592 16580 2062 -765 8917 4035
-749 16738 2233 -530 8899 3462
-985 16974 2200 -312 8565 2875
-1162 17392 2305 -444 7938 2222
-1286 17598 2466 -884 7277 1562
-1482 17650 2686 -1311 6728 1014
-1589 17580 2802 -1520 6290 578
-1700 17526 2918 -1382 5894 276
-1672 17534 3062 -1145 5560 36
-1550 17377 3222 -712 5293 -58
-1580 17380 3236 -107 4998 -158
-1528 17526 3372 418 4576 -285
-1469 17778 3281 656 4035 -416
-1370 18042 3256 632 3444 -588
-1292 18222 3249 497 2831 -784
-1022 18414 3120 339 2268 -1003
-782 18334 2980 376 1813 -1034
-446 18386 2896 617 1534 -980
-268 18466 2828 971 1383 -744
-14 18513 2773 1294 1332 -484
77 18500 2773 1554 1327 -252
301 18465 2740 1757 1386 -85
497 18362 2802 2039 1488 49
581 18464 2716 2359 1552 173
704 18678 2729 2392 1538 241
818 18773 2817 2202 1455 230
932 18865 2716 1847 1282 160
974 18832 2793 1566 1111 60
1070 18821 2672 1446 913 -19
1102 18962 2530 1399 747 -28
1236 19045 2544 1344 691 -47
1269 19062 2509 1401 762 -28
1268 19377 2378 1515 762 -15
1162 19565 2337 1428 677 -11
1128 19729 2242 1076 488 -89
1157 19664 2178 707 284 -146
1129 19601 2140 449 187 -128
1104 19442 2002 300 111 -80
1085 19383 1941 198 112 6
1099 19211 1879 71 309 46
1123 18971 2072 -125 625 77
1226 18712 2176 -217 899 30
1250 18577 2316 -145 949 -47
1151 18640 2264 -161 791 -5
1159 18618 2198 -200 504 36
1216 18611 2218 -15 405 98
1234 18632 2176 178 501 166
1245 18728 2145 244 621 247
1144 18860 2141 259 742 304
1084 18909 2060 232 691 337
1058 19056 2140 138 590 326
1133 19023 2146 -23 588 411
1209 18930 2182 37 661 586
1302 18930 2169 271 766 718
1333 19014 2178 405 842 796
1384 19181 2096 425 834 791
1464 19278 2062 295 770 791
1537 19264 1981 29 697 705
1581 19290 1984 -266 534 586
1654 19221 1933 -536 387 485
1741 19088 1901 -800 362 384
1860 18774 1889 -861 445 334
1813 18621 1840 -686 634 277
1876 18642 1842 -442 874 210
1946 18658 1896 -274 1131 292
2004 18498 1933 -75 1490 383
1950 18413 2013 210 1799 452
1913 18389 2102 566 2053 517
1757 18397 2130 793 2147 533
1448 18785 2160 657 1871 307
1382 19046 2138 -28 1372 -33
1484 19044 2144 -467 1151 -170
1536 18928 2048 -832 832 -320
1676 18676 1896 -815 508 -336
1746 18690 1790 -597 385 -248
1892 18670 1590 -231 393 -41
1897 18675 1341 187 403 118
2114 18671 1294 406 604 324
2220 18541 1306 482 973 565
2277 18438 1288 614 1294 706
2094 18406 1357 693 1463 725
2062 18366 1546 608 1667 648
1949 18482 1645 385 1892 474