1629 19468 457 419 3671 1111
1760 19710 477 609 3817 1328
1944 19937 601 571 4005 1507
2179 20258 688 252 4185 1668
2492 20589 818 -271 4363 1802
2772 20844 953 -773 4624 1925
3218 21104 1116 -1332 5055 2092
3626 21388 1299 -1984 5593 2408
3910 21365 1490 -2412 5970 2811
4380 21305 1729 -2699 6390 3141
4822 21401 1856 -2936 6754 3502
5109 21396 2002 -3303 7006 3818
5154 21237 1907 -3812 7196 4150
5114 20969 2006 -4417 7285 4460
5084 20669 2145 -5063 7466 4668
5125 20280 2252 -5700 7683 4738
5038 19798 2270 -6150 7878 4766
5086 19341 2406 -6402 8133 4857
5017 18719 2688 -6511 8571 5009
5048 17552 3120 -6301 9139 5179
4966 16241 3750 -5569 9752 5352
4641 14863 4516 -4306 10200 5345
4194 14318 4914 -3513 10186 5183
3668 14143 4799 -3037 9310 4359
3109 14011 4611 -2866 7763 2985
2788 13624 4528 -2766 6743 2004
2478 13038 4545 -2438 6162 1547
2122 12426 4626 -1516 5858 1416
1678 11796 4672 -418 5697 1342
1156 11358 5163 870 5276 1075
517 10778 5902 1664 4130 314
-457 10560 6073 1768 2928 -814
-1122 10435 6046 1851 1013 -2445
-2044 10588 5649 2169 -1317 -4307
-2583 10769 5186 2916 -3919 -5999
-3115 10826 4611 3708 -6113 -7268
-3608 11042 4057 4372 -6982 -7716
-4139 11112 3490 5346 -7044 -7822
-4517 11185 3172 6650 -6952 -8234
-4971 11757 2803 7514 -7189 -9083
-5622 12760 2580 7155 -7863 -10321
-6191 13641 1438 6422 -8889 -11702
-6160 14220 856 5800 -9837 -12677
-5993 14528 236 5018 -10460 -13173
-6078 14717 -9 4109 -10071 -13169
-6100 14844 178 3201 -9633 -13216
-6476 14797 514 2051 -9343 -13757
-7009 13879 406 1925 -8937 -14770
-7754 13482 60 3426 -9006 -15576
-8641 13786 -286 5610 -9225 -16330
-10232 16160 -1533 7193 -10310 -17038
-10450 17569 -2181 6728 -11237 -17177
-10474 18197 -2290 4945 -11415 -17185
-10636 17142 -1850 3276 -10829 -17448
-11225 16066 -1400 2446 -10171 -18045
-12236 15663 -1238 3550 -10280 -18860
-13229 16094 -1505 5498 -10908 -19279
-14093 17574 -1913 6351 -11341 -19175
-14418 18322 -2068 6205 -11435 -18964
-14384 18244 -2153 5668 -10882 -18684
-14496 17884 -1966 5271 -10307 -18448
-14652 17346 -1837 5280 -10001 -18256
-15229 17572 -1845 6007 -10081 -18213
-16092 18501 -2386 7139 -10537 -18200
-16770 19854 -3188 7972 -11060 -17721
-16856 20164 -3517 8198 -10899 -16668
-16772 20062 -3824 8148 -9985 -15411
-16685 19857 -3801 7921 -8901 -14457
-16552 19692 -3557 7639 -8027 -13910
-16841 19504 -3534 7988 -7505 -13490
-17158 19712 -3682 9055 -7307 -12698
-17549 20317 -3870 10399 -7362 -11589
-17674 20912 -4077 11456 -7482 -10267
-17608 21158 -4158 12023 -7403 -9065
-17540 21781 -4306 11941 -7229 -8071
-17218 22324 -4445 11271 -6912 -7173
-16718 22440 -4430 10477 -6523 -6347
-16313 22378 -4350 10034 -6289 -5458
-16057 22486 -4349 9937 -6187 -4539
-15924 22936 -4430 9872 -6302 -3561
-15560 23238 -4682 9710 -6296 -2339
-14926 23458 -4977 9545 -6074 -921
-14509 23894 -5192 9243 -5699 383
-14160 24433 -5282 8577 -5474 1567
-13573 24501 -5176 7711 -5157 2620
-12945 24380 -5050 7125 -4647 3613
-12552 24362 -4812 7026 -4163 4752
-12072 24489 -4818 7238 -4018 6138
-11501 24685 -4980 7307 -4286 7587
-10837 24942 -5218 6925 -4731 8882
-10169 25188 -5640 5945 -4906 9949
-9484 25102 -5896 4634 -4558 10793
-8866 24834 -6169 3549 -3820 11572
-8201 24750 -6153 2705 -2966 12366
-7229 24073 -6132 2348 -2000 13377
-6472 23622 -6088 2636 -1192 14504
-5654 23308 -5944 2988 -497 15685
-4864 23250 -5824 2887 130 16647
-4048 22798 -5794 2546 748 17444
-3222 22021 -5625 2142 1471 18114
-2632 21502 -5605 1675 2197 18611
-2237 21392 -5694 879 2792 18836
-1828 21348 -5680 -527 3337 19004
-1444 20710 -5453 -2023 4390 19097
-1042 19714 -5130 -2845 5824 19338
-720 18778 -4588 -2936 7264 19591
-450 17941 -3902 -2898 8425 19763
-240 17454 -3429 -2953 9285 19679
-198 17174 -3038 -3386 9817 19374
-186 17145 -2862 -4220 10137 18989
-120 16949 -2762 -5318 10184 18618
168 16329 -2514 -6263 10383 18365
462 15433 -2205 -6599 10807 18242
724 14518 -1628 -6056 11733 18146
488 14097 -1226 -4937 12706 17930
-20 13969 -1009 -3864 13084 17548
-337 14105 -754 -3454 12983 16947
-633 14141 -572 -3737 12714 16085
-518 13916 -194 -4539 12520 15311
-252 13502 390 -5204 12809 14552
140 12905 980 -5352 13600 13546
122 13153 1094 -4891 14165 12446
-96 13657 1061 -4477 14137 11424
-444 13769 958 -4197 13391 10566
-458 13474 941 -3664 12552 9962
-278 13373 924 -3188 11865 9396
-170 13348 1142 -3011 11538 8696
101 13462 1206 -2901 11604 7881
160 13886 1298 -2662 11893 7054
46 14509 1445 -2537 11977 6115
18 15024 1586 -2731 11653 5142
36 15016 1834 -2933 11072 4413
121 14873 1897 -2744 10435 3866
256 14924 2046 -2229 9796 3401
198 15394 2026 -1564 9068 3033
326 15717 1988 -847 8449 2784
464 16305 1837 -169 8092 2636
476 16852 1844 283 7891 2495
610 17032 1833 555 7729 2295
529 17325 1772 698 7389 1994
544 17421 1842 718 6858 1754
665 17518 1682 884 6239 1590
921 17740 1298 1450 5561 1535
1113 18336 1097 1964 4775 1532
1181 18952 838 1979 4066 1493
1270 19302 724 1440 3581 1373
1384 19174 756 678 3424 1186
1525 18729 805 16 3538 867
1629 18437 944 -299 3707 588
1800 18261 1125 -244 3852 344
1836 18280 1248 -12 3819 236
1881 18465 1317 185 3486 193
1974 18509 1458 287 2947 267
2168 18512 1512 373 2437 294
2402 18397 1358 608 1993 401
2758 18358 1177 935 1669 532
2838 18502 1032 1125 1408 601
2962 18557 980 1068 1281 605
2946 18465 1053 885 1288 478
3008 18394 1158 671 1348 339
3117 18168 1214 503 1387 221
3274 18005 1316 516 1373 174
3389 17992 1218 706 1178 202
3429 18132 1052 943 863 286
3472 18257 972 1137 598 395
3522 18297 880 1222 369 450
3554 18444 832 1173 186 417
3552 18453 808 1018 178 303
3631 18470 753 815 239 166
3697 18506 602 746 293 141
3787 18658 625 601 344 50
3809 18738 712 386 495 38
3901 18682 681 439 736 153
3913 18701 705 643 940 194
3936 18856 724 733 974 243
4085 18725 730 673 1008 261
4152 18549 668 699 1141 278
4188 18416 630 860 1346 329
4221 18270 662 1151 1583 394
4201 18258 677 1484 1747 399
4229 18365 680 1573 1824 312
4250 18437 601 1439 1775 200
4294 18513 633 1138 1728 28
4213 18512 506 952 1630 -129
4046 18722 206 771 1291 -245
3890 19008 89 260 848 -406
3827 18923 -31 -396 596 -475
3898 18615 41 -588 867 -426
3890 18330 173 -185 1450 -216
3879 18362 201 572 1995 29
3852 18372 236 1243 2191 277
3905 18446 236 1718 2030 485
3982 18413 284 1942 1764 594
3981 18398 232 1918 1534 574
3974 18329 288 1693 1390 443
4025 18337 202 1433 1269 312
4036 18253 160 1294 1152 191
4109 18256 -13 1206 970 93
4140 18301 -309 1030 745 -57
4215 18299 -465 671 643 -291