4493 19214 67 -297 734 -85
4694 19093 152 -173 1260 256
4706 19080 240 -156 1746 453
4781 19108 432 -254 2218 594
4881 19074 620 -486 2591 675
5014 19002 774 -755 2848 723
5197 19014 1005 -999 3064 796
5428 19094 1214 -1188 3266 840
5644 19113 1476 -1278 3502 893
5788 19121 1666 -1301 3727 991
5932 19129 1857 -1254 3883 1129
6105 19156 1949 -1215 4016 1311
6297 19236 1962 -1218 4166 1496
6466 19366 2008 -1372 4277 1679
6702 19640 1957 -1722 4370 1796
6994 19933 1836 -2244 4450 1872
7122 20094 1794 -2887 4511 1981
7100 19790 1798 -3445 4621 2150
7042 19048 2004 -3639 4816 2434
6966 18028 2310 -3441 5161 2771
6913 17032 2740 -3017 5730 3025
6794 16116 3340 -2536 6397 3260
6540 15573 3596 -2082 7117 3228
6176 15258 3674 -1630 7365 2853
5826 15012 3664 -1264 7149 2300
5542 14834 3592 -1241 6708 1666
5408 14574 3573 -1269 6143 1152
5222 14236 3664 -1292 5677 717
4816 13814 3684 -1295 5211 229
4441 13208 3860 -1125 4600 -249
3798 12596 3776 -890 3816 -619
3532 12378 3945 -699 2967 -1440
2876 12750 3872 -899 2148 -2532
2501 12961 3705 -1400 1409 -3801
2333 12838 3337 -1794 871 -4743
2108 12282 3285 -1589 667 -5305
1586 11681 3300 -690 686 -5752
1133 11261 3428 387 727 -6230
445 10936 3634 1432 540 -6844
-246 10828 3961 2137 -19 -7612
-1086 10936 3990 2496 -1187 -8513
-1801 10869 3976 2627 -2962 -9477
-2404 10949 3672 2792 -4878 -10628
-3085 11030 2965 3139 -6546 -11854
-3712 11221 2298 3554 -7508 -12936
-4430 11524 1829 3852 -7728 -13931
-5070 12033 1530 3725 -7595 -14862
-5872 12468 1402 3210 -7617 -15877
-6746 13232 1012 2187 -8236 -17072
-7621 14178 297 1123 -9616 -18066
-7710 14192 -164 348 -10936 -18659
-7709 14140 -430 258 -11448 -18968
-7652 13725 -506 882 -11035 -19078
-8045 13812 -422 2224 -10057 -19334
-8774 13976 -550 4000 -9214 -19876
-9620 14480 -598 5471 -9002 -20244
-10717 15404 -754 6179 -9527 -20390
-11716 16192 -954 5738 -10796 -20477
-12570 16544 -1060 4828 -12168 -20665
-13401 16744 -1257 3743 -12917 -20994
-13973 16720 -1610 3258 -12769 -21219
-14424 16326 -1885 4051 -11866 -21300
-15180 16464 -2032 5877 -11030 -20946
-15917 16949 -1785 7348 -10631 -20504
-16746 17670 -1682 7783 -10963 -20246
-16984 17868 -1462 7068 -11706 -20074
-17382 17713 -1500 5772 -12183 -19968
-17702 17928 -1690 4602 -12533 -19921
-17818 17845 -1857 3768 -12245 -19695
-17876 17666 -2028 3856 -11350 -19320
-18030 17974 -1997 4358 -10249 -18952
-18121 18336 -1873 4671 -9233 -18512
-18164 18297 -1402 4565 -8452 -18018
-18446 18376 -1053 4272 -8151 -17383
-18281 17782 -809 4043 -8218 -16495
-18246 17385 -826 4502 -8451 -15527
-18102 17210 -985 5576 -8503 -14599
-17990 17589 -1148 6693 -8246 -13728
-17934 18193 -1409 7420 -7845 -12917
-17954 18628 -1410 7321 -7341 -12219
-17694 18453 -1426 6899 -6785 -11562
-17612 18429 -1453 6615 -6313 -10824
-17469 18278 -1488 6801 -5742 -9897
-17322 18398 -1645 7622 -5071 -8968
-17189 19093 -1754 8668 -4421 -7977
-17084 19889 -1878 9088 -3910 -6998
-16989 20606 -1872 8525 -3457 -6078
-16790 20861 -1742 7265 -2990 -5189
-16658 20722 -1721 6130 -2426 -4252
-16513 20561 -1818 5712 -1881 -3114
-16378 20332 -2001 6217 -1315 -1706
-16068 20172 -2384 7352 -820 -109
-15873 20282 -2646 8822 -434 1427
-15536 20752 -2970 9538 -204 2835
-15129 21177 -3168 9271 -19 4049
-14992 21961 -3525 7962 8 4901
-14577 22198 -3884 6062 -34 5649
-13872 21901 -4040 4383 238 6336
-13177 21381 -4142 3501 867 6945
-12548 21181 -4272 3403 1688 7685
-12106 21466 -4244 3564 2466 8608
-11565 21574 -4386 3585 3019 9667
-11088 21610 -4272 3519 3409 10701
-10713 21954 -4438 2924 3512 11530
-10254 21776 -4470 1930 3474 12392
-9633 21354 -4516 1166 3632 13240
-9104 20968 -4726 1074 4012 14116
-8424 20854 -4773 1247 4547 15150
-7677 20573 -4826 1639 5372 16228
-7164 20100 -4776 2058 6210 17043
-6571 19771 -4638 2422 7193 17881
-6452 20057 -4636 2118 7898 18424
-6285 20449 -4638 717 7974 18539
-5842 20121 -4397 -834 8097 18723
-5632 20026 -4270 -1914 8157 19017
-5072 19405 -3948 -2471 8382 19667
-4352 18838 -3737 -1943 8895 20405
-3887 18456 -3321 -1093 9582 20830
-3742 18253 -3334 -794 10220 20981
-3788 18320 -3377 -1326 10365 20883
-3608 17786 -3364 -2206 10527 20836
-3460 17028 -3089 -2717 10917 20720
-3488 16616 -2960 -2823 11270 20430
-3325 16157 -2598 -2742 11888 19931
-3294 16105 -2025 -3058 12517 19232
-3206 16064 -1584 -3682 12847 18815
-2782 15588 -950 -4523 13359 18076
-2174 14864 -268 -4944 13920 17013
-1812 14538 -16 -4767 14107 16470
-1647 14287 284 -4463 13644 15738
-1449 13714 606 -4211 12636 14827
-1184 13228 800 -3925 11785 14015
-539 12712 815 -2821 11091 13076
-1 12770 1070 -1618 11005 12063
153 13326 994 -1248 11006 11064
332 14012 796 -1382 10596 9996
389 14582 365 -1816 9775 8927
682 15181 -124 -2270 8747 8001
905 15470 -390 -2756 7788 7377
1105 15526 -345 -3032 7216 6810
1369 15394 -285 -2908 7154 6286
1556 15316 -210 -2188 7506 5869
1552 15437 -30 -1103 7974 5535
1365 15900 70 -272 8254 5215
1079 16499 428 -337 8278 4658
844 16970 368 -1224 7864 3920
985 17202 481 -2241 7269 3344
1317 17058 445 -2943 6807 2972
1598 17040 240 -2886 6417 2744
1750 16964 372 -2344 6184 2731
1874 17083 410 -1477 5853 2834
1802 16950 601 -623 5465 2962
1650 16809 770 -266 5174 2897
1572 16724 785 -89 4824 2663
1690 16813 794 -47 4465 2290
1912 17020 596 -30 3992 1968
2193 17064 417 48 3607 1675
2414 17132 398 270 3359 1398
2553 17277 269 419 3263 1169
2656 17516 218 714 3180 1120
2665 17710 174 925 2996 1069
2706 18056 98 994 2668 987
2749 18296 -64 837 2130 834
2974 18318 -200 630 1613 645
3103 18372 -290 425 1254 527
3197 18386 -423 486 1151 423
3388 18514 -516 768 1323 425
3414 18617 -430 1030 1544 498
3478 18553 -340 1214 1844 592
3581 18585 -308 1353 2100 673
3537 18690 -56 1256 2134 671
3548 18761 54 905 1912 542
3525 18824 132 417 1568 399
3503 18917 177 -15 1178 323
3604 18889 160 -254 886 315
3723 18568 171 -132 802 420
3831 18209 139 285 833 575
3934 17959 255 751 772 673
3992 17876 300 1042 607 638
4025 17880 270 1198 396 512
4165 18109 86 1224 53 333
4310 18193 -153 1112 -187 157
4420 18323 -249 905 -342 -66
4521 18452 -454 568 -409 -209
4640 18342 -443 365 -319 -225
4685 18236 -487 406 -70 -315
4734 18220 -560 516 138 -393
4761 18228 -620 656 263 -434
4790 18214 -673 732 221 -462
4775 18273 -662 684 123 -505
4702 18374 -756 567 108 -539
4721 18322 -697 493 204 -501
4762 18142 -636 534 421 -390
4756 17922 -748 808 626 -247
4967 17838 -790 1324 847 -81
4913 18024 -749 1494 912 -39
4854 18210 -604 1294 943 -85
4767 18310 -611 756 870 -265
4692 18224 -600 294 777 -409
4658 18177 -678 382 510 -297