3337 19017 400 -877 1814 194
3253 19036 704 -1044 1927 198
3216 19054 944 -1303 1618 200
3228 18868 1096 -1536 1030 143
3297 18621 1013 -1646 394 36
3408 18542 920 -1644 -73 -33
3526 18634 645 -1762 -150 -113
3625 18534 622 -1846 205 -167
3612 18326 752 -1726 846 -216
3458 18329 750 -1333 1441 -172
3452 18422 653 -706 1757 -4
3354 18590 644 -150 1769 205
3269 18800 510 78 1537 334
3242 18890 485 35 1270 446
3308 18885 398 -99 1267 541
3300 18910 333 -232 1371 503
3324 18885 342 -259 1607 442
3426 18924 362 -282 1977 379
3544 19008 394 -307 2319 334
3586 18953 496 -360 2635 270
3610 19064 610 -406 2832 219
3669 19094 653 -516 2879 214
3738 19089 701 -636 2927 248
3942 19202 770 -758 3005 246
4060 19210 873 -986 3065 219
4270 19353 997 -1229 3149 184
4485 19380 1046 -1353 3250 166
4690 19517 1042 -1386 3378 278
4958 19626 1016 -1473 3638 418
5434 19916 1205 -1711 3989 472
5834 20221 1254 -2159 4468 510
6074 20465 1228 -2751 4848 636
6297 20468 1220 -3257 4979 884
6442 20401 1209 -3435 5078 1303
6532 20164 1373 -3412 5221 1797
6710 19892 1565 -3271 5529 2336
6864 19584 1904 -3192 5999 2879
6928 19038 2362 -3118 6469 3260
6841 18368 2725 -3161 6803 3552
6673 17466 3233 -3299 7045 3635
6268 16601 3700 -3402 7104 3582
6029 15868 4026 -3342 7075 3420
5844 15308 4381 -3236 6789 3220
5642 14876 4589 -3056 6193 2870
5445 14394 4622 -2646 5362 2458
5136 13709 4560 -1780 4432 1976
4865 13125 4314 -611 3398 1760
4322 12716 4409 618 2563 1304
3889 12462 4388 1425 2012 789
3397 12348 4557 1758 1576 94
2778 12238 4640 1303 1157 -622
2161 11841 4774 428 596 -1583
1573 11396 5034 -745 -28 -2787
973 10964 5373 -2043 -761 -4227
250 10510 5325 -2852 -1664 -5839
-292 9957 5026 -2714 -2632 -7414
-1032 9917 4380 -1616 -3584 -8835
-1732 10286 3496 99 -4630 -9832
-2365 10869 2800 1656 -5557 -10243
-2746 11242 2317 2587 -5973 -10141
-3248 11091 2416 2937 -5983 -10101
-4014 10727 2751 2652 -6187 -11165
-5044 10869 2610 2329 -7058 -12999
-5884 11106 1842 2691 -8211 -14995
-6807 12271 353 3578 -9768 -17024
-7357 13934 -850 3438 -10690 -18058
-7808 14802 -1328 2086 -10629 -17838
-8126 14606 -884 489 -10328 -17668
-8385 13724 39 -791 -9832 -18402
-8961 12105 545 1 -9402 -19947
-10050 12073 430 2621 -9572 -21135
-11484 13345 -232 6156 -10339 -21828
-12858 15986 -1210 7721 -11676 -21540
-13296 17194 -1658 6225 -12434 -21138
-13415 16543 -1307 3499 -12483 -21253
-13649 14684 -996 2021 -12037 -21670
-14157 13528 -602 3007 -11688 -22478
-15789 14514 -913 5237 -12065 -23661
-17100 16038 -1744 6356 -12814 -24358
-17981 17717 -2368 6028 -13490 -24450
-18588 18561 -2722 3519 -13305 -24238
-18427 17944 -2274 367 -12277 -24176
-18249 15970 -1597 -1092 -10506 -24407
-18709 14721 -891 1433 -9132 -24325
-19654 14891 -482 5207 -8696 -23684
-20674 15936 -181 7241 -9100 -22863
-21252 16934 -349 7306 -9694 -22391
-21324 17322 -550 5662 -10177 -22076
-21014 16386 -998 4002 -10023 -21572
-20490 15141 -1167 3902 -8891 -20674
-20417 14739 -1036 5852 -7343 -20093
-20670 15480 -922 7868 -6538 -19618
-21161 16265 -762 9125 -6439 -18730
-21585 17609 -784 9060 -7013 -17291
-21201 18394 -1232 6876 -7692 -16265
-21245 19253 -1733 5176 -7505 -15283
-20725 19886 -1959 4215 -6007 -13684
-20536 21032 -1827 5037 -3666 -11176
-20778 22206 -1666 6353 -2482 -8544
-20526 22274 -1561 7361 -1884 -5928
-20314 22333 -1444 8301 -1635 -3265
-19551 22136 -1323 8947 -1497 -378
-18985 22469 -1570 9381 -1150 2261
-18545 22858 -1596 9205 -795 4170
-18032 22783 -1506 8396 -41 6221
-17536 22282 -1460 7498 1120 7929
-17130 21858 -1060 7452 1601 9115
-16493 21282 -1580 7507 1830 10726
-15952 20997 -2177 7472 1524 12601
-15185 20720 -2558 7061 1191 14316
-14381 20556 -2766 6777 1429 15842
-13702 20652 -2922 6467 2216 17043
-13544 20810 -3029 6050 3158 18249
-13197 20781 -3066 5450 3807 19362
-12714 21160 -3136 4509 4069 20047
-11674 20318 -3202 3073 4522 20847
-10352 19075 -3335 2355 5581 21775
-9416 18616 -3376 2457 6503 22606
-8621 18229 -3325 2459 7232 23346
-7746 17817 -3344 2490 8279 23996
-6966 17524 -3258 2209 9103 24163
-6507 17541 -3264 1448 9830 23916
-5923 17438 -3298 295 10793 23539
-5422 17302 -3260 -268 11771 23461
-4812 16765 -3036 -261 12805 23672
-4303 16445 -2685 56 13806 23781
-3953 16437 -2190 -280 14393 23369
-3762 16320 -1984 -1325 14464 22654
-3500 16048 -1489 -2906 14338 21791
-3270 15534 -1241 -4358 14215 20800
-2870 15017 -864 -5486 14149 20001
-2279 14357 -79 -6184 14399 19129
-1553 13704 470 -5762 14677 18291
-1145 13536 996 -4798 14410 17352
-1113 13629 1145 -4421 12874 16174
-1148 13213 1541 -4743 11144 15346
-1106 13001 1560 -4767 9686 14493
-681 12648 1595 -4288 8341 13252
-312 12704 1606 -3381 7803 12014
-134 13123 1493 -2265 7469 10605
-100 14009 1209 -1662 7565 9226
-141 14418 1001 -1721 7714 8678
-354 14828 655 -1936 7770 8326
-456 14794 296 -1821 7523 8093
-274 14794 222 -1428 7335 7971
-253 14709 183 -595 7367 7350
-409 15286 172 169 7518 6268
-526 15878 300 114 7768 5493
-721 16408 394 -351 7981 4791
-809 16635 504 -904 8162 4213
-769 16746 576 -1104 8061 3801
-746 16892 628 -834 7635 3581
-715 17169 360 -257 6681 3326
-601 17429 294 261 5570 3059
-388 17445 165 601 4942 2761
-271 17738 99 712 4508 2420
99 18014 163 427 4494 1894
406 17996 54 197 4604 1423
660 17930 12 318 4650 1151
922 17987 -67 619 4467 935
1101 18313 -180 882 3977 825
1314 18460 -261 950 3478 793
1456 18552 -108 1027 3186 803
1660 18732 -148 908 2814 779
1952 18841 -77 589 2624 742
2234 18654 27 317 2619 598
2408 18529 165 167 2713 499
2478 18506 186 123 2672 429
2599 18593 158 137 2339 341
2700 18676 -4 167 2014 347
2827 18687 -14 151 1662 439
3001 18617 10 193 1683 611
3079 18704 61 292 1989 668
3149 18756 257 214 2239 650
3240 18776 348 81 2193 553
3126 18764 398 -145 1847 415
3177 18608 402 -279 1298 364
3219 18541 299 -77 922 504
3286 18535 246 323 814 616
3301 18608 120 489 936 587
3310 18668 29 390 985 506
3356 18649 -192 200 784 441
3402 18628 -274 -144 419 284
3408 18541 -325 -444 178 40
3410 18466 -369 -641 159 -84
3496 18382 -352 -557 319 -32
3556 18242 -308 -208 594 14
3552 18246 -122 183 921 -82
3504 18380 -44 238 929 -231
3665 18352 110 -40 623 -353
3591 18335 52 -225 407 -484
3612 18410 -107 -321 160 -580
3633 18345 -300 -287 154 -557
3761 18350 -337 -63 383 -461
3780 18414 -392 120 625 -360
3838 18319 -368 215 730 -267
3736 18388 -320 315 726 -230
3484 18700 -349 236 642 -185
3416 18789 -210 -21 657 -72
3401 18692 -153 -84 744 64