-3210 20330 -202 -3549 1537 1985
-3244 20913 -520 -3715 1837 2202
-3342 21714 -1101 -3645 2130 2551
-2753 22384 -1330 -3510 2681 3279
-2270 22989 -1686 -3642 3794 4195
-1346 23792 -1538 -3969 5190 5196
-725 24676 -1021 -5075 6804 6003
476 25037 -364 -6781 8865 6630
1937 25040 681 -7916 11291 7167
3213 25152 1194 -8500 13208 7970
3637 25389 1756 -8524 13804 9005
4372 25718 2176 -9075 13598 10161
4332 25392 2737 -9443 12971 10884
4530 24664 3040 -10146 12752 11287
4517 23813 3389 -10859 12455 11611
4770 22589 3714 -11461 12767 11992
4796 21440 3689 -11547 13767 12541
4344 20285 3973 -11281 14957 13063
4340 18976 4548 -11125 15852 13461
4166 17677 5246 -11011 16438 13573
3994 16084 5801 -10760 16566 13315
3601 14433 6458 -10222 15995 12745
3208 13133 6789 -9370 14879 11899
2210 12412 7053 -8748 13009 10998
1929 11528 7141 -8557 11004 9959
2194 10570 7705 -8467 9492 8967
2401 9684 8049 -8285 8708 7830
1976 8974 8294 -7917 8100 6607
1300 8481 8556 -7485 7506 5217
756 7946 9020 -7052 6441 3829
197 7568 9206 -6272 5193 2552
-498 7310 8993 -4525 3562 1373
-986 7212 8642 -2180 1698 310
-1524 7382 8142 123 -324 -274
-2018 7469 7842 2233 -2236 -616
-2552 7534 7613 4000 -3991 -944
-3037 7484 7464 5238 -5429 -1397
-3416 7465 7329 5964 -6583 -1986
-3982 7414 7260 5957 -7681 -2788
-4566 7382 7168 5399 -8834 -3765
-5133 7257 7049 4421 -10026 -4968
-6504 7670 6369 3403 -11576 -6507
-7329 7834 5728 2794 -13254 -8274
-7326 7509 5014 2923 -14260 -9905
-7492 7292 4422 4047 -14441 -11051
-8173 7638 4062 5186 -13914 -11967
-8258 7798 3868 6236 -12524 -12920
-9376 8466 3416 7469 -10807 -14242
-10460 9650 3060 8299 -9534 -15847
-11326 10921 2934 8404 -9068 -17266
-12185 12377 2897 7311 -9792 -18019
-12765 12932 3053 5740 -11465 -17895
-13002 13008 3229 4001 -13531 -17521
-13057 12280 3318 3137 -14727 -17503
-13981 11933 2457 4468 -15164 -18447
-15430 13145 1205 7518 -15348 -20124
-16108 15417 56 10639 -15583 -21354
-16430 18861 -836 10969 -16054 -21416
-16296 21544 -465 7911 -16542 -21078
-15456 21994 -189 3027 -16224 -20842
-15578 21245 33 -502 -15717 -21274
-15820 19913 234 -798 -15191 -22206
-16742 19530 145 1921 -15066 -22827
-17593 20438 -509 5846 -15284 -22757
-17690 22362 -1098 9337 -15411 -22182
-17436 24230 -1516 10576 -14962 -21255
-16718 25746 -1581 9151 -13623 -20245
-16285 25748 -1186 6628 -11706 -19662
-16590 25332 -804 5049 -10126 -19234
-16660 25397 -636 4545 -9316 -18988
-16557 26236 -500 4149 -9281 -18677
-16341 26797 -450 3431 -9527 -18075
-15586 26728 -18 2542 -9319 -17461
-15238 26161 301 2288 -8269 -16784
-14869 25432 628 3227 -6728 -16022
-15012 25497 840 5115 -5353 -14951
-14942 25865 704 7053 -4642 -13595
-14728 26529 244 8148 -4935 -11891
-14298 26804 -10 7879 -5701 -10244
-13556 26804 -280 6590 -6306 -9146
-13110 26473 -482 5230 -6454 -8564
-12061 25853 -341 4409 -5791 -7862
-11601 25693 -294 4310 -4848 -6952
-11696 26000 -608 4363 -4342 -5782
-11446 26301 -752 4379 -4454 -4431
-11281 26501 -936 4083 -4964 -2982
-10922 26442 -1274 3736 -5566 -1497
-10125 26252 -1493 3875 -5782 60
-9638 26273 -1754 4194 -5396 1323
-8724 26182 -1745 4443 -4474 2691
-7896 25644 -1537 4714 -2731 3958
-7681 25342 -1570 5143 -1104 5331
-7304 24921 -1477 5331 120 6703
-7064 24794 -1616 5009 794 7999
-6548 24294 -1637 4291 1088 9177
-5586 23418 -1441 3441 1321 10552
-4689 22156 -1248 2956 1900 12014
-4282 21221 -909 3020 2692 13248
-3840 20484 -596 2859 3549 14164
-3840 20317 -244 1999 4104 14719
-3817 19189 116 894 4607 14840
-3657 18188 217 23 4907 14884
-3536 17168 386 -498 5077 14767
-3017 15896 765 -772 5345 14643
-2921 15168 906 -540 5654 14428
-2428 14565 1313 -88 5861 14031
-2144 14266 1776 14 6402 13611
-1976 14309 2177 -610 6780 12897
-1566 14068 2613 -1706 6949 12148
-2022 13609 2861 -2765 6581 11261
-2504 12849 2764 -3109 5440 10314
-3090 12166 2673 -2622 3807 9601
-3184 11648 2628 -1582 2315 9183
-3025 11513 2777 -596 1687 8625
-2686 11820 2976 -176 2071 7730
-2916 12272 3106 -621 3187 6306
-3261 12096 3220 -1372 4560 4817
-3508 11566 3434 -1909 6131 3514
-3949 11418 3618 -1960 7687 2320
-4413 11633 3728 -1839 8611 1248
-4812 12148 4001 -1884 8864 292
-5324 12924 4122 -2215 8334 -527
-6108 13836 4144 -2747 7000 -1572
-6681 14565 3888 -3373 5159 -2672
-7373 15269 3509 -4015 3130 -3728
-7728 15612 3162 -4413 1452 -4590
-7434 15713 3017 -4314 684 -5040
-7272 15965 2816 -3791 689 -5085
-7013 16184 2737 -3027 1254 -4733
-6886 16549 2792 -2338 2048 -4016
-7116 16968 2953 -2244 2704 -3120
-7633 17130 2972 -2510 2945 -2353
-7886 16861 3044 -2642 2797 -2023
-8145 16649 2942 -2257 2410 -1985
-8470 16586 2965 -96 1045 -1814
-7512 16169 3194 2343 160 1799
-6632 17586 2692 1834 146 -1406
-7460 17724 2494 2216 57 -714
-7164 17006 2629 976 158 -1319
-7694 17101 2345 1013 -352 -666
-7490 17369 2445 358 -403 -618
-7085 17148 2458 -208 -479 -647
-7186 17106 2536 -71 -701 -382
-6500 16985 2281 -203 -167 -694
-6320 16998 2289 58 40 -896
-6370 16798 2154 670 177 -813
-6349 17332 1985 864 359 -982
-5950 17398 1669 484 618 -1324
-6593 17556 1602 382 493 -1457
-5680 17685 1286 116 344 -1607
-5757 17332 1442 -2089 1209 -2367
-5589 17365 1604 -3969 2001 -2852
-7806 18261 1714 -6649 3411 547
-4058 17808 1725 -3899 4798 -7261
-8932 16384 1302 4700 1864 -2962
-6241 19040 2166 6395 1411 1261
-5409 17808 1760 1571 2534 1695
-5937 19568 1788 216 2152 -1226
-7018 18569 1832 -2412 2233 -2053
-6957 18232 2014 -2365 2663 -712
-7068 18073 2177 -857 2628 394
-7117 17589 2204 -333 2684 494
-6638 17758 2321 -912 2985 -681
-7100 17561 2480 -676 2604 -871
-7232 17590 2482 -223 2187 -538
-7220 17592 2609 -500 1863 -232
-7012 17594 2629 -945 1553 -393
-7070 17538 2572 -1500 1519 -658
-7085 17580 2530 -1035 1406 -442
-7052 17564 2409 -403 1415 -193
-7041 17581 2388 -81 1406 -159
-6938 17568 2417 -23 1366 -310
-6821 17553 2344 -51 1260 -228
-6756 17593 2102 -239 1101 -188
-6610 17578 2000 -516 882 -210
-6516 17589 2032 -822 780 -350
-6590 17648 1885 -1060 757 -511
-6616 17674 1918 -1103 866 -642
-6689 17668 1902 -960 1083 -653
-6688 17708 1878 -769 1310 -633
-6666 17698 1888 -579 1528 -544
-6850 17809 1808 -572 1502 -339
-6957 17949 1654 -817 1131 -217
-6908 17812 1677 -1285 748 -161
-6902 17466 1721 -1638 577 -121
-6761 16985 1882 -1529 756 -112
-6786 16853 1904 -990 1102 -94
-6768 16956 1897 -464 1452 -159
-6882 17301 1974 -202 1604 -251
-6841 17421 2046 -264 1580 -313
-6740 17406 2049 -346 1490 -323
-6697 17433 2070 -581 1422 -414
-6806 17686 2033 -830 1263 -497
-6806 17910 2172 -1162 1180 -510
-6805 17968 2329 -1345 1189 -391
-6770 17776 2366 -1148 1191 -90
-6692 17672 2440 -781 1151 89
-6772 17681 2305 -547 966 153
-6789 17856 2252 -617 692 197
-6745 17877 2094 -849 426 262