-15673 6906 -1338 3383 901 3174
-15510 6937 -1268 3257 939 3712
-15386 6900 -1365 3199 1012 4281
-15286 6832 -1509 3144 1019 4859
-15353 6770 -1570 3312 959 5371
-15381 7038 -1678 3317 1179 5813
-15469 7289 -1818 3207 1437 6080
-15624 7365 -1913 2651 1615 6202
-16045 7740 -1852 1246 1789 6326
-16601 8504 -1733 -592 1537 5516
-17096 8548 -1596 -3144 1218 4786
-17520 8408 -1724 -5791 1143 4463
-17862 8144 -1781 -8106 1125 4174
-18106 8140 -1560 -10003 1197 3937
-18332 8365 -1661 -11441 1096 3715
-19022 8265 -1517 -13003 1047 3778
-19477 8297 -1282 -14494 1245 4139
-20166 8150 -28 -16125 1402 4325
-20697 7612 576 -18289 1647 4104
-20961 6293 1338 -18753 2714 4771
-20588 3990 2158 -18529 3270 4967
-20533 2202 2210 -16810 3741 4469
-19582 330 1602 -12167 4150 3434
-21436 -990 3950 -7274 4363 1619
-23852 441 4782 -4844 3488 1464
-24621 2830 6918 -6080 3829 3149
-23461 4752 4258 -5523 3923 2281
-24558 3020 6810 -3011 4449 654
-24454 7532 4994 -1414 4526 1922
-23938 7140 4185 -2224 5510 2317
-23522 10760 3497 -5165 7105 3662
-23461 11085 2053 -5612 9369 3788
-24066 11006 818 -3967 10671 3805
-23712 11677 152 -1659 11163 4662
-22269 13225 -764 -233 11289 6102
-21530 15584 -2037 229 11139 8250
-20213 17572 -3602 790 10713 11681
-19272 19796 -5042 1903 10206 15826
-18746 21249 -6245 3349 9548 19829
-17680 22576 -6676 4239 9443 22842
-16810 24802 -6985 3522 9357 25263
-16012 26858 -7414 1270 9452 26665
-14042 27377 -7854 -1758 9782 27261
-12018 26085 -8501 -4769 10439 27946
-10092 24734 -9492 -6561 11983 28944
-8841 24116 -10026 -7618 14061 30425
-8512 24917 -10634 -8814 16326 32069
-7894 25470 -10114 -11289 18055 32449
-7420 24948 -10025 -14499 18909 32740
-6837 23724 -10264 -18037 19127 32767
-6732 22900 -10856 -20919 18737 32767
-5269 20201 -10656 -22726 18373 32767
-4533 17522 -10218 -23713 18599 32767
-3713 15194 -9185 -23778 19395 32767
-3974 13178 -8400 -22743 20234 32767
-4326 12712 -7245 -20997 20974 32767
-4421 12101 -5862 -19315 21113 32767
-4161 11496 -4657 -18020 20703 32767
-3148 10026 -3420 -17404 20322 32767
-2766 8904 -1976 -17356 19272 32767
-2490 7961 -734 -17817 17439 32767
-2098 7852 -542 -18395 15158 31012
-1285 6957 -70 -18814 12283 28967
-185 6372 45 -19583 10153 26641
1089 5458 -240 -19657 7440 25872
1888 4032 -376 -18159 5504 25353
3077 2876 -241 -15623 4634 25297
3844 1681 226 -11601 5097 25024
4476 1156 1104 -6909 7074 24520
5234 1894 2358 -2909 9730 23315
5324 2494 3646 25 12975 21220
5212 3234 4672 1353 15486 18109
4464 2826 5218 2223 17204 14492
3922 1262 5398 3652 17828 10621
2597 241 5148 5118 18030 6914
1209 -1189 4677 6866 16564 3350
-32 -1253 4797 8434 14682 610
-1281 -221 4960 9156 12293 -2317
-2112 289 5137 9724 9201 -5668
-1757 -740 3878 10094 5266 -8977
-5637 1674 4389 9265 1943 -11322
-6357 3982 4832 7429 -805 -14254
-7556 6016 5398 4001 -3318 -17588
-8416 6981 5290 534 -4754 -21133
-9844 6964 4733 -2659 -5296 -24355
-11012 6993 3918 -5217 -5110 -26953
-13109 7285 3106 -6990 -5586 -29288
-14506 6964 2361 -7106 -6201 -31348
-16385 7030 1170 -4872 -8427 -32709
-18502 7732 -340 -1161 -10854 -32768
-19197 7865 -1736 4027 -13097 -32768
-20105 9125 -2692 10138 -14157 -32768
-20810 10965 -2721 15684 -14732 -32103
-21656 14225 -2644 19337 -13834 -30139
-23498 18602 -3150 19943 -13732 -29342
-25093 22914 -4305 17626 -14674 -29789
-25206 25484 -5185 13125 -16268 -30785
-24604 25900 -6104 8564 -16506 -31330
-23914 25588 -6885 5605 -15376 -31356
-22588 23760 -7242 4624 -12859 -30669
-21588 21961 -7328 5577 -10021 -28886
-21562 21034 -7332 8352 -7848 -27077
-21981 21221 -7336 11565 -6109 -25144
-22166 23321 -7334 13493 -5047 -23019
-22138 26698 -7357 12958 -4654 -20906
-21144 28314 -7176 10806 -4601 -19152
-20041 28344 -7405 8195 -4360 -17292
-18977 27106 -7793 6525 -3701 -15734
-18097 25542 -8170 6872 -3129 -14715
-17164 23614 -8554 8746 -2336 -12515
-15808 22028 -9225 12735 -199 -8524
-15504 21662 -9810 17793 1752 -5056
-15330 22242 -10700 21234 3035 -2107
-14748 23687 -12016 24102 4543 228
-13964 25921 -13722 24780 4950 2101
-12123 29229 -14573 23975 4466 2957
-10603 32111 -14562 19559 3873 3667
-9300 32767 -13933 13687 2784 3472
-7740 32120 -13062 5848 3756 4982
-5770 29839 -11952 129 5762 4705
-4732 27906 -10856 -1841 7155 5125
-3965 27233 -9576 -2546 8522 6106
-3397 27305 -8308 -3474 9630 6938
-3120 27922 -7037 -5116 10190 7418
-2732 28053 -5993 -7309 10206 7752
-2381 27449 -5176 -9377 9811 8284
-1948 26278 -4192 -10925 9740 9184
-1816 25349 -3544 -11909 9721 10055
-1625 24168 -2846 -12548 9630 10712
-1556 22718 -2344 -12810 9424 11484
-1353 21010 -1506 -12410 9219 12455
-1266 19998 -1486 -11700 8680 13539
-596 19661 -774 -11056 8448 14235
-432 18678 6 -10704 7929 14840
-436 18645 380 -11488 6822 14965
-360 17485 605 -12335 5758 14778
-233 16010 800 -12978 4723 14878
-362 14828 653 -13571 3184 15123
-256 14074 441 -13700 1081 14699
169 13574 78 -13530 -1355 13857
634 12961 137 -13242 -3574 12625
497 12812 185 -13193 -4618 11752
526 12524 112 -13069 -4999 10887
200 11788 68 -12892 -4953 9923
592 10596 442 -12016 -4678 8744
490 9074 2108 -9937 -3272 8253
-2068 5861 5213 -8116 -3675 6048
-2505 6808 1712 -7721 -4643 4256
2010 12434 3177 -7882 -1914 4312
-1926 8553 4517 -8241 -1374 -443
-2588 8742 4892 -11364 -1407 -2569
-1940 8874 4700 -13634 -992 -4415
-3692 6689 4290 -13171 -297 -6934
-4561 5512 3110 -9190 1012 -7789
-6008 6180 2017 -3609 2196 -8505
-7220 9701 864 2866 2348 -9602
-8196 13820 192 4850 1596 -9323
-9004 18802 74 2774 -351 -9067
-9489 22165 -97 -2365 -2704 -8513
-10250 22701 -1026 -5099 -3607 -8071
-9732 21663 -1742 -5365 -2925 -7842
-8657 20084 -2666 -3509 -1720 -7258
-9572 19770 -2796 -762 -684 -6743
-9050 20600 -2139 2343 775 -5037
-9874 23118 -1582 3257 1746 -3654
-9739 24908 -945 821 1300 -3710
-9256 24993 -606 -3634 1007 -3555
-8296 23706 -221 -7127 1308 -3465
-7622 21256 26 -8428 1767 -3133
-6970 19550 322 -7576 2473 -2460
-6281 17920 846 -4895 3767 -1475
-5837 17360 2003 -1044 5140 -383
-5617 17817 2954 412 5741 -16
-5646 18381 3482 6 5682 -194
-5782 18388 3778 -963 4966 -641
-5674 18186 3828 -2109 3887 -1065
-5488 17749 3742 -2992 2664 -1331
-5317 17158 3632 -3319 1466 -1361
-5027 16664 3389 -2698 772 -1132
-4960 16610 3154 -1552 845 -995
-4927 16768 3098 -643 1308 -726
-4876 17153 2964 284 1834 -594
-4991 17688 2861 572 2061 -621
-5082 18239 2851 76 1667 -684
-5314 18410 2745 -776 1129 -689
-5489 18474 2672 -1375 611 -650
-5648 18438 2626 -1778 207 -529
-5754 18313 2541 -1644 75 -323
-5881 18276 2542 -1389 142 -175
-5895 17957 2500 -632 133 30
-5660 17578 2462 138 582 533
-6822 17614 2529 711 687 771
-5932 18548 2716 1231 567 -478
-6121 18575 2832 870 314 -325
-6112 18528 3018 324 -404 261
-6072 17999 2897 -29 -1267 388
-5625 17227 2642 11 -1691 256
-5237 16890 2472 552 -1800 129
-4957 16737 2434 1144 -1613 336
-4857 17093 2397 1613 -1639 290