-2193 20998 593 2267 3729 1415
-2013 21552 345 1868 3987 1658
-1748 21856 162 1207 4355 1915
-1168 21877 73 579 4995 2325
-604 21624 -27 398 5917 2908
-185 21406 -85 773 6819 3566
29 21480 -105 1093 7416 4009
270 21692 -74 1180 7991 4296
322 21944 -160 807 8748 4495
450 22270 128 49 9552 4574
1052 22377 541 -1510 10129 4505
1704 22564 886 -3529 10754 4456
2438 22590 1157 -5171 11428 4437
2570 22736 1128 -6522 11657 4478
2893 22650 1150 -7759 11616 4695
3021 22434 1222 -8830 11477 5257
3637 21944 1556 -9374 11628 5982
4381 21289 1930 -9644 12222 6666
4654 20513 2281 -9527 12882 7289
4544 19538 2485 -9129 13514 7887
4128 18666 2821 -8407 14001 8377
3997 17792 3168 -7844 14172 8778
3805 17318 3552 -7663 14028 9065
3741 16734 3945 -7751 13014 9349
3178 16409 4028 -7914 10541 10261
2469 15894 4100 -7504 7012 11308
2334 14622 4145 -6296 3385 12171
2464 13534 4314 -4898 875 12444
3182 12637 4369 -3587 261 12081
3876 12250 4494 -2806 1524 11037
3944 11634 4765 -2468 3326 9456
3481 11046 4978 -2507 5037 7606
2510 10697 5042 -2421 5727 5653
1384 10902 4814 -2099 5013 3587
841 11234 4554 -1663 3407 1733
293 11602 3866 -665 1316 357
326 11670 3138 1026 -561 -405
142 11704 2860 2823 -1399 -642
-230 11904 2912 3837 -1187 -581
-478 12057 3348 3974 -393 -704
-850 11864 4064 3390 415 -1128
-1372 11160 4681 2668 995 -2020
-2358 10442 5090 2284 786 -3474
-3441 10005 5392 2447 -372 -5226
-4636 10089 5132 2978 -2409 -7104
-5610 10628 4657 3648 -4933 -8774
-5870 11405 4289 3610 -7103 -9828
-5652 12004 4082 2343 -8044 -10218
-5574 12152 3933 535 -7544 -10588
-5472 11654 4150 -1103 -6047 -11107
-5820 10884 4409 -1901 -4345 -12208
-6926 10120 4744 -1401 -3227 -14030
-8857 10222 4368 773 -3379 -16334
-10609 11786 3522 3562 -5251 -18165
-11229 13877 2858 4860 -8090 -18365
-11517 15440 2322 3892 -10593 -17374
-11333 15992 2114 1426 -11771 -16257
-10937 15853 2144 -1267 -11512 -15920
-10756 14349 2340 -2035 -9910 -16727
-11230 13297 2516 135 -8076 -18099
-12537 13289 2472 3912 -6890 -19686
-14438 15161 1837 7291 -7364 -20644
-15657 17129 1285 8646 -9090 -20371
-16010 18180 1073 7604 -11056 -19495
-16197 18772 952 5425 -12117 -18930
-16006 18313 1004 3163 -12124 -19167
-15941 17657 1172 2438 -11382 -19575
-16345 17180 1348 3587 -10356 -20001
-17333 17469 1296 5810 -9831 -20290
-18434 18598 1029 7642 -9746 -20396
-18842 19428 908 8231 -10223 -20029
-18980 20224 953 7412 -10994 -19429
-19350 20381 836 6340 -11745 -18819
-19038 20038 849 5988 -12049 -18361
-18853 19718 652 7116 -11744 -17866
-18964 19945 297 9443 -11288 -17367
-18852 20469 20 12047 -10956 -16628
-18638 21092 -410 13695 -10911 -15557
-18001 21333 -641 14144 -10956 -14458
-17629 21784 -909 13124 -11120 -13842
-17604 22325 -1090 11489 -11096 -13734
-17110 22818 -1337 9716 -10833 -13705
-16722 23274 -1477 8264 -10311 -13531
-16545 23230 -1890 7905 -9710 -13039
-16468 23386 -2464 8515 -9625 -12035
-16320 23861 -2984 9196 -9843 -10513
-15996 24300 -3365 9355 -10028 -8795
-15698 24810 -3506 8729 -10096 -7189
-14925 24826 -3793 7598 -9988 -5853
-14488 24777 -4081 6314 -10000 -5028
-14397 24873 -4288 5276 -10061 -4357
-14180 25284 -4561 4199 -10087 -3791
-13876 25532 -4608 3100 -9909 -3040
-13658 26122 -4434 1824 -9504 -1826
-13164 26165 -3946 406 -8770 -294
-12069 25004 -3285 -456 -7317 1312
-11281 23665 -2581 -21 -5620 2780
-10280 22476 -2037 1167 -3885 4142
-9838 21889 -1697 2317 -2466 5289
-9838 22076 -1657 2811 -1784 6320
-9205 21958 -1482 2603 -1442 7234
-8360 21346 -1292 2292 -770 8213
-7784 20734 -1182 2482 39 9314
-7188 20432 -878 2747 886 10391
-7066 20352 -892 2880 1568 11220
-6804 20032 -885 2910 1969 11828
-6301 19673 -912 2910 2438 12343
-5677 19060 -969 2774 2782 13172
-5065 18440 -900 2344 3191 14130
-4745 17785 -800 1942 3407 14851
-4308 17092 -668 1660 3780 15132
-4349 16658 -744 1569 4374 14893
-4386 16130 -938 1655 5053 14660
-4224 15792 -1086 1786 6058 14653
-4638 15704 -1433 2063 6862 14734
-4048 15310 -1245 1914 7691 15063
-3457 14673 -865 1391 8909 15443
-3473 14366 -409 648 9990 15335
-3177 13989 94 -154 10789 14755
-3018 13797 612 -838 11655 13660
-3173 13956 993 -1249 12161 12169
-3080 14418 1445 -1714 12271 10828
-3190 15206 2093 -2387 11875 9794
-2580 15596 2490 -3645 11361 9094
-3154 15522 2704 -4911 10488 8374
-3002 14649 3158 -5863 9232 8134
-3069 13889 3053 -5970 8464 7847
-3213 12784 3069 -4527 8115 7330
-3254 12534 2974 -2410 8136 6765
-3324 12925 2917 -1203 8314 6268
-3437 13793 3072 -1467 8313 5820
-3908 14173 3088 -3026 8024 5319
-4168 13589 3176 -4613 7553 4623
-4378 12632 3261 -5041 7137 3802
-4766 12316 3380 -4542 7019 2875
-5252 12569 3681 -3892 6807 1783
-5634 13365 3877 -3549 6567 711
-5790 14242 3954 -3708 6247 -119
-6042 14612 4025 -3967 5755 -818
-6574 14697 3797 -3748 5064 -1410
-7096 15206 3417 -3099 4008 -1811
-7545 15784 3122 -2303 2794 -2267
-7750 16694 2714 -1774 1847 -2465
-7542 17236 2482 -1540 1404 -2575
-7368 17666 2449 -1486 1511 -2471
-7294 18016 2438 -1523 1831 -2198
-7266 17993 2422 -1496 2137 -1823
-7290 17848 2253 -1134 2204 -1456
-7072 17632 2112 -648 1990 -1269
-7290 17864 1817 -408 1506 -1366
-7421 18420 1892 -729 923 -1662
-7272 18774 2000 -1446 606 -1941
-7141 18728 2092 -2056 578 -2111
-4992 18296 1981 -3495 2000 -2794
-7797 16301 1477 323 -52 848
-5318 18818 2164 -4199 2171 -3682
-6961 17741 1796 -276 1674 -1644
-6065 17549 2366 405 1133 -1539
-6589 18158 1770 243 1108 -1386
-6749 18142 2153 -696 1204 -1235
-5989 18005 1858 -180 1057 -1831
-5506 17376 1962 673 687 -1712
-5826 17246 1690 626 1002 -1198
-5598 17425 1616 1010 1080 -1265
-5744 17724 1482 1005 1016 -1497
-5897 18057 1376 836 911 -1671
-5854 18200 1137 546 917 -1700
-5700 18046 1078 469 870 -1462
-5530 17942 1098 444 887 -1330
-5584 17860 954 297 953 -1402
-5729 18113 990 139 826 -1321
-5714 18186 1137 -356 884 -1284
-5705 18094 1274 -584 1012 -1087
-5590 17825 1430 -472 1344 -995
-5620 17568 1542 -87 1747 -917
-5696 17641 1573 467 1972 -808
-5725 17768 1641 906 1997 -727
-5838 17896 1617 960 1790 -667
-5888 18022 1608 748 1506 -647
-6010 18056 1586 449 1144 -614
-5966 17993 1638 118 994 -577
-5989 17953 1666 -118 1037 -601
-5901 17993 1738 -224 1173 -647
-5944 17936 1649 -165 1242 -682
-5938 17861 1629 31 1191 -627
-5910 17664 1528 299 996 -526
-6077 17793 1385 452 738 -447
-6112 17944 1284 356 507 -459
-6160 18168 1188 -40 451 -534
-6033 18180 1268 -453 612 -525
-5884 18037 1421 -665 978 -470
-5713 17654 1486 -483 1351 -376
-5798 17516 1526 131 1509 -316
-5842 17661 1302 689 1250 -322
-5802 18004 1238 718 862 -245
-5846 18254 1162 200 551 -190
-5848 18256 1200 -440 403 -185
-5869 18041 1281 -877 422 -107
-5844 17684 1394 -826 588 19
-5938 17649 1498 -402 776 160