-1785 20377 1574 -1321 2274 704
-997 20888 1437 -2038 2768 733
-196 21130 1288 -2523 3291 1170
616 21256 1488 -2870 4283 1793
1180 21743 1562 -3068 5469 2481
1432 22063 1646 -3721 6017 2976
1442 21559 1975 -4794 6890 3282
1696 20830 2381 -5219 8505 3433
1982 20624 2466 -4790 10151 3773
2161 20813 2621 -4198 11583 4204
2216 20868 2722 -4108 12138 4427
1978 20888 2679 -4589 12134 4327
1914 20377 2756 -5617 11857 4109
1898 20120 2784 -6719 11566 3948
1744 19885 2878 -7829 11440 3546
1945 19577 2908 -8486 11383 3210
1916 19318 2957 -9129 11245 3042
1482 18649 2788 -9411 10929 3092
1382 17728 2821 -8860 10619 3495
1212 17086 2858 -8310 10801 3836
1143 16080 3488 -7334 10840 4166
1052 14656 4492 -5341 9866 4624
808 13370 5762 -2766 7644 5060
460 12721 6606 -1296 5913 5367
1201 12110 7571 -239 4080 4963
711 12041 7675 699 1582 4087
406 12004 7394 1155 -466 2710
264 11672 6941 2239 -1884 1423
25 11464 6505 3397 -2236 838
258 10992 6139 4886 -1522 488
162 10725 5477 7048 -91 -470
-642 11324 4438 8708 1106 -2486
-1758 12584 3884 7687 1511 -4867
-2990 13205 3378 5421 1365 -6759
-3375 12824 3264 3908 1157 -7741
-3784 12184 3313 3599 1007 -7601
-4251 11647 3557 4026 609 -6770
-5480 11420 3405 4980 -240 -6636
-6166 11452 3101 5736 -1385 -6942
-7284 12016 2437 6007 -2968 -7748
-8136 13010 1366 4687 -4517 -8954
-8725 13821 682 2600 -5155 -10150
-9204 13977 188 1336 -5164 -11070
-9531 13528 211 872 -4999 -11899
-10550 13276 217 1677 -5418 -12266
-11988 13928 80 2717 -6828 -12338
-12890 14974 -113 3287 -8518 -12956
-13381 16178 -309 2737 -9459 -13999
-13911 17494 -363 1067 -8082 -14832
-14053 17028 503 521 -5308 -14574
-14772 16787 1326 1619 -3634 -13530
-16007 16319 1955 3687 -4029 -12774
-17119 16098 2010 6439 -6242 -12204
-17638 16557 1672 8522 -8412 -11949
-17719 17384 1113 9358 -9736 -11961
-17529 17661 624 9519 -9439 -11805
-17230 16884 506 10279 -8451 -11499
-17149 16512 597 12133 -7379 -11067
-16988 16441 354 14297 -7202 -10627
-16917 17753 122 14808 -8401 -10436
-16946 19273 -68 13231 -10480 -10648
-16776 20092 -152 10099 -12489 -11128
-16189 19566 -188 7296 -13306 -11763
-15933 19126 -544 6496 -12938 -12255
-15724 18993 -1062 7159 -11918 -12201
-16034 19480 -1640 8675 -10655 -11635
-16401 20153 -2146 10331 -9751 -10897
-16672 20988 -2374 11340 -9491 -10189
-17005 22034 -2578 11279 -9874 -9419
-16861 22726 -2768 10129 -10701 -8588
-16605 22900 -3220 9312 -11476 -7767
-15997 22845 -3821 8920 -11949 -6997
-15265 22582 -4390 9234 -11707 -6239
-14776 22602 -4888 10152 -11011 -5141
-14569 23186 -5305 10833 -10276 -3954
-14448 24154 -5486 10579 -9750 -2942
-13916 24850 -5433 9142 -9547 -2255
-13054 24424 -5524 7559 -9330 -1430
-12581 24514 -5677 6309 -9427 -475
-11605 24014 -5609 5571 -9576 903
-11049 23878 -5506 5392 -9938 2774
-10312 23198 -5225 6013 -10215 5301
-10137 22890 -5225 7300 -10340 7089
-9924 23801 -5228 7310 -10794 7971
-8905 23646 -4893 5664 -10653 8107
-7676 22728 -4436 3839 -9667 8196
-7080 21905 -4240 2787 -8190 8440
-6486 21041 -4206 2702 -6663 8829
-6125 20642 -4378 3057 -5622 9412
-5913 20818 -4554 3363 -4936 10092
-5209 20548 -4505 3280 -4143 10853
-4740 20600 -4360 2458 -3277 11538
-3948 20266 -4057 1320 -2188 12103
-3638 20090 -3837 150 -958 12421
-3177 19468 -3497 -708 655 12456
-2801 18910 -3214 -1063 2381 12486
-2461 18225 -2914 -939 4333 12732
-2280 18068 -2461 -792 5872 12984
-2078 18045 -1866 -1316 6933 13441
-2182 17866 -1021 -2390 7329 13821
-2549 17361 -462 -3393 7132 14028
-2725 16812 88 -4002 6571 14012
-2649 16054 249 -3802 6393 13611
-2522 15828 604 -3608 6598 13080
-2236 15572 828 -3306 7095 12504
-2305 15397 960 -3188 7811 11997
-2602 15505 1096 -3405 8433 11416
-2409 15477 1309 -4091 8961 10925
-2440 15384 1544 -4915 9169 10331
-2144 15292 1592 -5810 9049 9673
-2204 15254 1742 -6299 8716 8942
-1796 15541 1957 -6679 8107 8052
-1948 15302 2073 -6673 7287 7248
-2212 15349 2053 -6626 6385 6673
-2694 14676 2062 -6076 5550 6414
-2554 14198 2369 -5497 5177 6434
-2341 13636 2589 -5017 5567 6719
-2300 12993 2910 -4733 6822 6711
-2024 12332 3444 -4128 8361 6262
-2146 12158 3661 -3591 9444 5025
-2993 12422 3620 -3447 9867 3312
-3557 12505 3778 -3360 9241 1351
-4301 13481 3301 -3653 7954 -294
-4900 14317 2949 -3998 6122 -1508
-5301 15289 2737 -4318 4225 -2420
-5016 15945 2556 -4603 3128 -3126
-4770 16368 2689 -4762 3064 -3513
-4493 16453 2946 -4648 4084 -3542
-4678 16540 3017 -3929 5509 -3390
-5001 16768 3072 -3040 6630 -3106
-5338 17369 3110 -2370 6942 -2801
-5848 18058 3050 -2039 6365 -2792
-5841 18414 3013 -2171 5325 -2846
-5674 18382 2946 -2199 4420 -2827
-5212 18228 3021 -1878 3911 -2716
-4868 18077 2917 -1325 3866 -2455
-4808 18092 2820 -777 4004 -2194
-4528 18058 2869 -512 4171 -2026
-4753 18265 2822 -490 4203 -2068
-4660 18358 2712 -507 3894 -2242
-4605 18521 2508 -464 3321 -2436
-4612 18736 2444 -401 2620 -2545
-4968 18868 2488 -434 1933 -2604
-5368 18946 2696 -705 1547 -2609
-5790 18842 2960 -954 1484 -2730
-6205 18524 3381 -1090 1659 -3156
-6277 18149 3688 -1329 1978 -3574
-6201 17766 3845 -1683 2244 -3706
-6317 17388 3856 -1786 2140 -3401
-6397 17109 3576 -1400 1615 -2781
-6422 16776 3372 -839 690 -2258
-6484 16790 3108 52 -452 -1571
-6536 16960 2764 712 -1375 -1321
-6274 17281 2429 971 -1968 -1314
-5941 17429 2242 642 -1920 -1470
-5832 17493 1969 177 -1463 -1603
-5696 17336 1932 -185 -690 -1779
-5605 17118 1977 -283 152 -2028
-5672 17156 1944 -282 730 -2191
-5939 17460 2047 -345 1038 -2319
-5965 17669 2064 -510 918 -2306
-5968 17698 2181 -482 743 -2071
-5906 17596 2226 -199 630 -1840
-5784 17638 2364 186 731 -1669
-5738 17573 2352 504 1003 -1618
-5832 17548 2409 627 1273 -1725
-5785 17516 2488 668 1556 -1933
-5750 17558 2618 640 1786 -2305
-5884 17741 2764 381 1851 -2635
-6008 18105 2676 -75 1759 -2888
-5936 18249 2778 -515 1467 -3057
-5969 18172 2734 -701 1164 -2908
-5793 18252 2556 -356 911 -2472
-5773 18226 2628 36 865 -1959
-5904 18273 2529 567 826 -1465
-5886 18328 2497 616 903 -1104
-6029 18373 2425 408 972 -926
-6033 18341 2413 52 1028 -827
-5968 18232 2424 -323 1067 -860
-5953 18097 2352 -550 1026 -857
-6102 18053 2305 -574 876 -805
-6077 17934 2241 -323 733 -628
-6161 18008 2324 22 762 -466
-6252 18194 2394 123 943 -306
-6256 18201 2501 -19 1160 -246
-6225 18121 2401 -297 1274 -233
-6324 17989 2372 -594 1262 -267
-6478 17809 2378 -779 1145 -341
-6380 17758 2312 -927 1107 -346
-6257 17513 2405 -878 1246 -303
-6217 17546 2388 -678 1442 -262
-6312 17441 2348 -448 1469 -284
-6134 17452 2262 -186 1291 -229
-6082 17536 2174 -96 1136 -238
-6192 17776 2260 -306 1016 -310
-6374 18053 2229 -790 972 -415
-6380 18017 2448 -1196 980 -379
-6425 17728 2572 -1220 1093 -194
-6465 17514 2561 -724 1092 99
-6457 17212 2626 -93 932 335