9456 17586 5965 -854 3261 144
9761 17833 6212 -1045 3036 496
9896 18026 6232 -1379 2312 826
9928 18069 6222 -1744 1329 1057
9957 18122 6244 -2131 308 1186
10005 18181 6108 -2729 -348 1199
10086 18260 5990 -3669 -630 1090
10225 18212 5754 -4682 -370 886
10313 18061 5602 -5634 209 671
10068 17953 5418 -6600 871 547
9710 17613 5600 -7658 1414 567
9578 16768 5764 -8440 1976 682
9605 15762 6102 -8571 2570 834
9636 14826 6486 -8123 3043 893
9289 14120 6657 -7390 3108 1020
8906 13437 6810 -6328 2881 1152
8720 12913 6832 -5075 2500 1295
8718 12640 6861 -3840 2107 1419
8638 12418 6918 -2714 1813 1477
8525 12034 6777 -1530 1590 1519
8280 11652 6604 -233 1351 1489
7958 11378 6417 1093 1015 1470
7581 11192 6300 2245 644 1388
7482 11157 6268 3107 275 1123
7330 11233 6181 3424 -140 616
6908 11408 6113 3169 -822 -91
6489 11514 5780 2598 -1921 -1057
6037 11365 5441 1922 -3307 -2049
5826 11409 5229 1087 -4731 -2933
5670 11374 5072 -88 -5876 -3855
5496 11265 4882 -1538 -6451 -4673
5502 11060 4957 -3067 -6570 -5585
5157 10748 5142 -4459 -6441 -6780
5066 9926 5056 -5326 -6151 -8207
4602 9377 5128 -5605 -5939 -9908
3573 9316 4928 -5501 -6094 -12020
2364 10046 4213 -5574 -6980 -14235
1508 11058 3721 -6245 -7901 -16160
1632 10652 3336 -6909 -7592 -17832
1765 9621 2698 -5782 -5487 -18898
1126 8734 2753 -2433 -2389 -19512
720 8993 2841 1451 968 -19640
-545 10040 3142 3931 3339 -19628
-2177 11416 3508 4228 3856 -19648
-3645 12537 3901 2499 2131 -20290
-5378 13653 3837 -1020 -1206 -21743
-6518 14661 3716 -5365 -4900 -23297
-7064 14532 3281 -8999 -7552 -24822
-7517 14050 2928 -10733 -8480 -25925
-7613 13192 3109 -9641 -7264 -26299
-8193 12852 3369 -6420 -4591 -25996
-9182 12693 3873 -2584 -1791 -25397
-10554 13181 4550 -268 -293 -25005
-12236 14645 5162 -876 -864 -25143
-13882 16044 5530 -3624 -2827 -25711
-15105 17598 5573 -8418 -5555 -27617
-15660 17758 5334 -13855 -7808 -29126
-14805 15612 5610 -16994 -8284 -29581
-14640 13470 5786 -15348 -6527 -29066
-15021 12870 6046 -9884 -3838 -28240
-16186 13410 6194 -2905 -998 -26845
-17262 14952 6402 2061 492 -25282
-18225 15974 6765 4008 517 -23299
-18742 16745 7074 4200 -299 -21755
-18850 17270 7574 2681 -1342 -21560
-18793 17401 7852 -426 -2369 -22389
-19072 17846 7813 -3857 -2788 -23331
-19281 17868 7636 -6187 -2293 -24089
-19532 17920 7518 -5886 -855 -23398
-19842 18370 7533 -3407 879 -21640
-20182 18934 7569 -171 2298 -18966
-20554 19497 7816 2398 2786 -15651
-20232 19797 8490 4080 2921 -12809
-19544 19286 8966 5232 3061 -11295
-19176 18962 9173 6649 3004 -10229
-18800 18701 9124 8264 3185 -8914
-18558 19249 8965 9911 3216 -7307
-18370 19842 8857 11263 3188 -5522
-18053 20234 8572 12106 2848 -3751
-17578 20282 8452 12417 2285 -1972
-17229 20250 8213 12109 1635 -276
-16873 20273 8130 11354 1115 1159
-16472 20320 8017 10311 712 2067
-16012 20118 7842 9546 638 2757
-15490 19505 7634 9777 860 3359
-15072 19164 7362 11150 1228 4364
-14908 19698 7009 12689 1395 5610
-14552 20156 6845 14078 1378 6990
-14042 20744 6460 14992 1074 8523
-13290 20821 6129 15384 750 10163
-12750 21230 5709 15384 515 11464
-12245 21858 5444 14296 0 12323
-11610 22257 5072 12330 -246 12687
-10701 21580 4774 10707 120 12939
-10021 21164 4532 10240 875 13466
-9548 21328 4192 10019 1436 14377
-9002 21449 4152 9165 1756 15597
-8238 21360 3829 8164 1798 16707
-7557 21056 3568 7413 1674 17511
-6974 21212 3246 6437 1396 17924
-6084 20773 2917 5502 1321 18334
-5257 20256 2582 5013 1698 18853
-4614 20114 2236 4899 2427 19453
-4128 19966 1753 4855 3049 20220
-3310 19709 1325 4884 3393 21173
-2356 19154 1236 4645 3525 22188
-1589 18556 1257 4107 3537 22958
-838 17982 1285 3334 3765 23088
-70 17490 1426 2059 4090 22547
332 17046 1356 948 4494 22256
1129 16393 1365 307 5185 22136
1677 15892 1394 196 6146 21967
2130 15905 1249 227 6901 21693
2656 15468 1380 97 7518 21307
2769 15508 1298 -268 7885 20885
2977 15293 1404 -685 7994 20307
3225 15133 1368 -1324 7989 19423
3349 15110 1250 -2091 8033 18445
3346 15678 1138 -3207 7947 17349
3645 15617 1045 -4223 8041 16567
3870 15480 928 -4413 8397 16003
3860 15658 638 -4134 8736 15435
3968 15441 448 -3567 9123 15146
3838 15537 206 -2939 9479 15163
3850 15320 178 -2347 9694 14990
3852 14884 228 -1569 9973 14718
3852 14617 436 -869 10300 14264
3709 14342 660 -215 10698 13666
3557 14440 872 255 10982 12967
3380 14510 916 481 11067 12210
3206 14788 905 629 11000 11454
3005 15070 613 910 10638 10764
2712 15669 45 1397 9820 10087
2321 16006 -485 1829 8637 9483
1976 16341 -788 1935 7497 8854
1689 16476 -762 1571 6809 8276
1638 16364 -645 851 6707 7401
1512 16144 -221 133 7311 6323
1289 15989 234 -450 8392 5305
757 16153 702 -713 9301 4378
113 16965 782 -1086 9426 3334
52 17633 888 -1630 8766 2704
480 17569 1076 -2037 7838 2426
905 17448 1153 -1975 6991 2350
1356 17393 1254 -1363 6235 2325
1634 17618 1454 -719 5716 2117
1750 18060 1741 -400 5288 1875
1969 18321 1993 -376 5012 1590
2378 18098 2436 -341 4881 1287
2606 17866 2738 -238 4755 1041
2725 17789 2996 -74 4462 783
2669 17960 3001 79 3818 600
2876 18032 3088 306 2817 541
3113 17924 3105 539 1704 451
3664 17473 3145 911 720 151
3432 17621 2446 1524 -326 900
4341 16898 2697 1937 -1059 353
4025 17661 2545 1674 -1088 371
4222 17606 2764 1327 -807 15
4117 17652 2578 1001 -691 -276
4233 17418 2496 826 -801 -417
4182 17365 2477 847 -951 -448
4269 17396 2457 753 -1172 -536
4425 17557 2381 606 -1456 -551
4498 17689 2465 415 -1693 -612
4581 17697 2617 170 -1773 -678
4566 17676 2772 7 -1706 -781
4577 17592 3069 -205 -1659 -929
4626 17542 3173 -387 -1792 -1007
4693 17421 3238 -415 -2068 -1037
4800 17321 3190 -248 -2500 -1071
4829 17469 3124 -78 -3017 -1070
4936 17554 3146 -16 -3471 -1103
5016 17549 3046 82 -3756 -1075
5190 17701 2884 270 -3895 -1051
5302 18040 2905 353 -4017 -1094
5342 18326 2681 248 -4174 -1129
5462 18426 2613 -1 -4557 -1099
5625 18304 2500 -301 -4993 -1122
5714 18237 2314 -502 -5383 -1157
5868 18229 2081 -606 -5722 -1167
5862 18404 1914 -632 -5787 -1199
5883 18511 1785 -644 -5529 -1038
5730 18788 1888 -830 -4758 -781
5578 18525 2338 -1083 -3887 -605
5581 18209 2770 -1325 -3742 -697
5622 18258 2728 -1463 -4197 -747
5734 18554 2636 -2152 -4957 -965
5809 18586 2693 -3093 -5478 -1212
5897 18153 2813 -3661 -5425 -1312
5793 17732 3064 -3682 -5126 -1268
5718 17549 3201 -3104 -4772 -1107
5652 17770 3256 -2477 -4744 -963
5512 18072 3305 -1919 -5112 -781
5590 18292 3376 -1730 -5678 -580
5507 18290 3289 -2011 -6368 -460
5504 17900 3282 -2580 -7169 -319
5451 17205 3028 -2590 -7884 -46
5649 16984 2715 -1950 -8628 168
6014 17262 2360 -1648 -9227 246