1490 20093 -1320 -6735 -22317 1063
1506 19876 -1356 -8067 -22742 -178
1649 19176 -1513 -9552 -23349 -1751
1762 18330 -2104 -9631 -23700 -2711
2010 17642 -2608 -8199 -23549 -2603
2514 17321 -3009 -6064 -23358 -2152
2757 17284 -3217 -4066 -23323 -1566
3013 17350 -3324 -2774 -23312 -1097
3456 17262 -3498 -2179 -23118 -968
3730 17286 -3596 -2143 -22924 -1005
4250 17448 -3619 -2723 -22524 -1303
4470 17698 -3706 -3727 -21764 -1881
4724 17974 -3725 -4538 -20893 -2408
4948 18332 -3594 -5132 -20362 -2770
5220 18636 -3563 -5725 -19934 -2993
5376 18748 -3546 -6017 -19799 -2939
5460 18933 -3501 -5996 -19745 -2600
5510 19200 -3465 -5702 -19485 -2044
5393 19600 -3426 -5617 -19038 -1599
5376 19962 -3200 -5820 -18191 -1240
5491 19944 -2772 -6011 -16967 -990
5679 19846 -2455 -5990 -15966 -843
5828 19686 -2336 -5724 -15313 -557
5975 19700 -2159 -5379 -14707 -140
6086 19908 -1945 -5268 -14040 255
6332 19838 -1645 -5386 -13357 535
6387 19686 -1257 -5576 -12448 703
6450 19396 -1016 -5608 -11739 730
6757 19336 -851 -5661 -11198 884
7232 19076 -485 -5754 -10471 1136
7540 18877 -244 -5757 -9540 1320
7966 18613 140 -5861 -8585 1365
8432 18481 866 -6218 -7595 1451
8997 18365 1722 -6900 -7149 1702
9710 18045 2628 -7491 -7358 2246
11231 17641 3230 -7402 -6946 3063
12253 17840 3928 -6903 -5770 3682
12710 18097 4681 -6977 -4105 3815
12596 18124 5106 -7540 -2728 3741
12419 18258 5521 -8963 -1824 3467
11978 17735 5821 -10966 -888 2797
11111 17144 5649 -12619 -51 2071
10537 16374 5332 -13106 716 1961
10372 15460 5082 -11936 1813 2464
9712 14421 4982 -10102 2759 3161
8749 13253 5124 -8082 3763 3759
7825 11984 5349 -6185 4785 4051
7268 11037 5832 -4983 5704 3914
6981 10341 6216 -4280 6664 3188
6494 10230 6224 -4177 7259 1917
5727 10146 5979 -4679 6772 30
4864 10232 5757 -5413 5496 -1974
4424 10121 5437 -6092 4151 -3527
3621 9720 5204 -5754 2471 -5040
2995 9147 5252 -4133 882 -6089
2636 8646 5341 -2248 262 -6854
1723 8793 5405 -335 -129 -8037
-29 11111 4528 1001 -1852 -10598
-1556 14705 2853 183 -6019 -13598
-2444 16870 1806 -1495 -9499 -15551
-2916 18142 1239 -5250 -14182 -17505
-2680 17589 1726 -10277 -17252 -18658
-1860 15800 3305 -12876 -14948 -18409
-1680 14620 4160 -12731 -11867 -17362
-1482 13405 5032 -11332 -6799 -15175
-1957 11337 6571 -6569 1506 -12497
-2796 10246 7250 -598 5739 -12357
-3753 10372 7465 4273 6735 -12991
-4657 11977 7333 8011 6099 -14032
-5265 13738 6846 10235 4053 -15127
-5765 15533 6298 10545 1566 -15535
-5981 16901 5792 9390 -548 -15470
-5932 17754 5354 7569 -1786 -15176
-5910 17726 5284 5866 -2143 -14844
-5606 17117 5417 4496 -1545 -14561
-5572 15957 5801 4685 -193 -14608
-7084 16047 5842 6532 462 -15310
-8776 17340 5316 8091 -779 -16397
-9632 19168 4521 8170 -3493 -16062
-9840 20233 3768 6946 -6428 -14108
-9205 19130 3299 6883 -7403 -11872
-8399 17496 3114 9910 -6351 -10863
-8956 17764 2730 13957 -5469 -10626
-9508 18676 2364 15973 -5610 -10587
-10563 20644 1549 16396 -6765 -10003
-10342 21605 864 13895 -8435 -9296
-9841 20816 529 12100 -8740 -8652
-9422 20186 315 10759 -8610 -8738
-9528 19948 46 10806 -8574 -8889
-9827 20272 -326 11755 -8846 -8589
-9859 20697 -597 12988 -9414 -7930
-9525 20781 -737 13235 -9578 -7478
-9504 20978 -805 12668 -9496 -7314
-9442 21170 -1024 11940 -9483 -7124
-9455 21650 -1164 10959 -9625 -6937
-9474 21968 -1282 9999 -10044 -6881
-9352 21847 -1486 9422 -10409 -6769
-9137 21654 -1690 9368 -10484 -6585
-9084 21539 -1988 9896 -10095 -6013
-9060 21988 -2262 10422 -9599 -5281
-8720 22732 -2516 10519 -9114 -4637
-8524 23751 -2651 9641 -8931 -4167
-8330 24364 -2638 8395 -9196 -3859
-8262 24654 -2720 7305 -9407 -3400
-8024 24864 -2764 6680 -9424 -2825
-7847 24988 -2951 6155 -9118 -2085
-7666 25281 -3165 5593 -8527 -891
-7785 25313 -3361 5475 -8301 133
-7450 25177 -3358 5466 -7950 1182
-7105 25057 -3274 5544 -7519 2231
-6793 24909 -3344 5812 -7021 3464
-6401 25055 -3191 5748 -6770 4806
-6128 25270 -3208 5224 -6921 5621
-6036 25529 -3262 4447 -7109 5999
-5469 25482 -3312 3167 -7243 6715
-5010 24970 -3398 2839 -7114 8223
-4166 24250 -3504 3374 -6439 10315
-3596 23521 -3522 4383 -5418 12071
-3072 22797 -3201 4899 -4722 13139
-2644 22448 -3110 4681 -4107 14002
-2160 22144 -3104 3378 -3659 14369
-1538 21316 -3084 2035 -3090 14550
-1170 20469 -2937 1162 -2244 14845
-772 19900 -2857 405 -1215 14863
-968 19842 -2986 -344 -736 14675
-974 19753 -3052 -1595 -549 14301
-888 19484 -3048 -3187 -464 13805
-840 19330 -3021 -5300 -471 13017
-664 18906 -2806 -6824 -434 12751
-384 18152 -2575 -8076 -34 12590
-55 16872 -2363 -7534 852 13270
140 16229 -2061 -5402 1768 14264
262 16272 -1712 -3224 2136 15366
229 16321 -1404 -2246 1764 15942
358 16224 -1353 -2556 1086 15890
465 16160 -1360 -3366 727 15400
592 16150 -1577 -4087 730 14808
718 16182 -1726 -4593 993 14233
1099 15579 -1585 -4642 1936 13642
1819 14745 -1297 -3548 3985 13018
2480 14682 -1153 -2276 5434 12525
3095 14872 -928 -1420 6151 12072
3790 15102 -958 -869 6474 11533
4447 15313 -1120 -507 6387 10998
5002 15058 -1072 -37 6487 10677
5013 15305 -1041 551 6941 10178
4924 15643 -950 831 7810 9343
4746 15777 -618 498 8808 8595
4524 15744 -308 12 9660 7785
4000 15943 147 -956 10291 6305
3385 16053 882 -2616 10329 4950
3036 15477 1458 -3285 10145 4243
2820 15096 1862 -2137 9961 3935
2588 15406 2136 -995 9917 3878
2473 15780 1873 313 9909 3959
2214 16270 1938 1459 9681 4058
2170 16442 1912 1971 9330 3974
2098 16662 1838 2075 8972 3824
1886 16981 1809 1786 8487 3636
1806 16984 1977 1310 8116 3436
1943 16983 2059 1310 7841 3200
2397 16929 2006 2244 7413 3114
2402 17032 1760 3366 6871 3277
2311 17529 1693 3822 6254 3345
2270 17936 2097 3064 5693 3071
2314 17932 2743 1627 5744 2153
2486 17871 3132 664 5882 1254
2592 17932 3304 357 5701 727
2804 17786 3329 600 5209 591
3020 17600 3207 1532 4452 816
2981 17892 2947 2522 3597 1108
2996 18358 2878 2568 3200 1125
3048 18539 2941 2236 3297 1004
3278 18576 2986 1827 3809 675
3434 18568 2946 1571 4155 414
3538 18666 2990 1330 4074 223
3617 18625 3046 987 3589 49
3529 18839 3130 451 3015 -108
3653 18842 3339 -245 2637 -313
3742 18436 3514 -445 2702 -511
4008 18176 3616 -103 3027 -585
4128 18231 3467 407 2746 -662
4181 18410 3428 342 2276 -877
4630 18698 3170 31 2075 -911
4628 19170 2809 -405 1487 -1121
5248 19120 2284 -1087 944 -1301
5732 19232 1860 -1176 455 -1563
5802 18696 1162 -1276 387 -1487
5570 18652 964 -791 510 -1080
5556 18748 1673 -1603 1988 -924
6321 18184 2536 -309 4323 -551
6013 18789 3020 1524 4787 -798
5202 20158 3172 1725 3523 -1044
4272 21403 3014 140 499 -1268
3822 21890 2548 -2007 -2296 -990
3660 21262 2189 -2912 -3517 -877
3512 20320 1773 -2825 -3771 -342
3514 19376 1542 -1793 -3292 756
3814 18226 1246 202 -2384 2119
4162 17546 1198 2652 -1394 3294