-18340 8979 1794 -4959 -13667 3487
-17866 9436 1225 -4046 -14438 4099
-17702 10230 788 -4152 -14265 4156
-17155 10920 54 -5133 -13189 4143
-16800 11792 -816 -7221 -11092 3787
-16860 12413 -1678 -9796 -8808 3096
-16905 13090 -2600 -12732 -6686 2195
-17064 14158 -3368 -15717 -4287 1367
-17433 15552 -4124 -18880 -1884 597
-17780 16638 -5081 -22086 258 76
-18281 17810 -6058 -25061 2217 -142
-18809 18969 -7014 -27818 3971 527
-19374 19708 -7712 -30166 5330 2231
-20012 19533 -8042 -31630 6019 4908
-20505 19241 -8166 -32189 5807 8181
-20826 18765 -8549 -31601 5018 11822
-20608 18542 -8744 -29638 4613 15470
-20433 18124 -8718 -26753 4751 19003
-19984 17737 -8614 -23179 5380 22347
-20330 17796 -8858 -19197 5958 25279
-19866 17602 -8184 -14874 6854 28157
-20292 17592 -8638 -10244 8058 30799
-19126 17001 -8344 -4470 9476 32622
-18694 17462 -7646 -292 10871 32767
-17450 17812 -7540 2741 13420 32767
-16450 17957 -7810 4952 17406 32767
-15822 17430 -8006 6995 21522 32767
-14828 17228 -8170 8405 24093 32767
-13510 16317 -7974 9256 25846 32767
-12352 15936 -8050 10099 27271 32767
-11937 16766 -7916 10000 28698 32767
-11272 17533 -7394 8846 29900 32767
-11268 18874 -7065 7220 31388 32767
-10869 20442 -6121 3969 32528 32767
-10178 21297 -4966 -588 32767 32741
-8885 21066 -4105 -5678 32767 30621
-7500 19512 -3241 -9904 32767 28080
-6228 18873 -2825 -12692 32641 26574
-5320 18178 -1808 -14855 32325 25862
-4650 17433 -1076 -16315 31565 25466
-3496 16008 38 -16862 30692 25285
-2638 15533 938 -17465 29532 25919
-2102 16478 2956 -19032 28213 26137
-3489 13310 7969 -18745 23542 24737
-7157 7268 14714 -17050 15408 20535
-10173 5222 13452 -18519 6884 16330
-5258 6064 10786 -20096 6003 17050
500 3989 9514 -19158 2831 20458
4633 6154 6213 -15537 1835 23808
7258 6485 2288 -11215 3222 24913
8009 8293 -129 -7345 6538 23220
7909 10841 82 -7433 5062 20173
8224 10321 -1830 -7523 2717 16679
8480 9918 -3724 -7940 1838 14765
9448 12233 -4257 -8742 1208 14522
9060 12141 -3638 -9280 3368 13908
8096 9618 -2733 -7651 6257 13262
7289 6857 -1441 -5575 7775 12251
6865 4810 -397 -2982 10120 10883
4545 3214 522 1112 11349 8117
2738 2332 1186 5320 10856 4444
758 1880 1578 7876 9236 1190
-1054 2501 2150 9318 5917 -1756
-1630 2702 1946 9373 3651 -4459
-2869 2000 2020 8110 3736 -6550
-5736 4238 3602 6031 2098 -8258
-6890 4548 4829 3158 309 -10427
-8074 4568 5212 726 -188 -13371
-9808 4418 5364 -1417 -1671 -16677
-11640 4712 5061 -2613 -3713 -20087
-13082 5649 4981 -2615 -5131 -23516
-14464 6648 4916 -1978 -6035 -26768
-15805 7413 4816 -915 -6367 -29408
-17184 8272 4626 -47 -6869 -31172
-18404 9156 4312 967 -7359 -32233
-19342 9570 4113 2643 -7661 -32768
-20345 10822 3590 4660 -8090 -32768
-21806 13148 2233 6480 -9301 -32768
-22700 15169 741 7544 -11426 -32768
-23132 18000 -664 7263 -13797 -32768
-23326 19894 -1866 6648 -15485 -32768
-23045 21488 -2518 6353 -15856 -32768
-22696 22664 -3044 6245 -15470 -32768
-22093 23253 -3102 6040 -14045 -32768
-21462 23938 -3406 6804 -11653 -31938
-21550 24584 -4254 8379 -9687 -30429
-21380 25248 -5281 10302 -8372 -29440
-20960 25325 -6257 12609 -7664 -27974
-20657 25776 -6841 14772 -7959 -25622
-19420 26433 -7385 17100 -8366 -22984
-18465 26537 -7762 19466 -8020 -19862
-18302 27180 -8325 21770 -8062 -17307
-17793 27698 -8784 23566 -8087 -15121
-16841 27653 -9825 25798 -7675 -12879
-16314 28193 -11192 28831 -6106 -10541
-15318 30820 -12410 30411 -3697 -7410
-14213 32767 -13310 29331 -2754 -4319
-13477 32767 -13900 25290 -3984 -1882
-11558 32767 -13838 19466 -4693 210
-10193 32767 -14230 13082 -4424 2227
-8846 32767 -14692 8548 -3177 2995
-7669 31406 -15069 6097 -1833 3668
-6520 30214 -15273 5974 783 4347
-5588 29230 -15084 6586 3562 5928
-4762 28516 -14721 6959 5683 7693
-3986 29132 -14129 6006 7257 9194
-3496 29082 -13492 3743 8662 10182
-2786 28806 -12930 638 9708 10589
-2309 28206 -12090 -2845 10682 10370
-2209 27932 -11414 -6679 11100 9890
-1861 27690 -10320 -10864 11419 9622
-1394 26225 -8710 -15061 11489 9841
-1132 23954 -7537 -17593 11111 10460
-520 21185 -5725 -18018 11184 11599
301 18568 -3817 -16620 11950 12971
361 16588 -1860 -14230 12773 13938
482 15284 296 -11580 12785 14009
470 14877 2057 -9920 11896 13999
358 14697 3333 -9346 10199 13887
253 14572 3973 -9369 8315 13269
460 14550 5038 -10256 6096 12291
446 14254 5038 -11422 3548 10729
812 13646 5533 -13642 1320 9703
1157 12773 5005 -15105 -698 8974
1314 11997 4454 -15295 -2229 8252
1601 11093 3790 -14236 -3233 7672
1654 10402 3114 -12067 -4007 6817
793 10333 3454 -8244 -4105 5797
565 6888 3978 -2567 -5792 4805
898 10906 2757 -112 -6350 7512
529 13713 1037 711 -7492 9663
790 14417 2056 1827 -10127 7144
-1213 13096 1885 0 -13605 3936
-232 17348 1398 -4094 -15098 2092
-521 16410 856 -9087 -13924 852
-1884 12560 1410 -10846 -11142 53
-1088 12870 1818 -10840 -8459 -282
-409 12529 1902 -12468 -4155 -1333
-965 10197 1476 -12025 827 -3748
-1336 9257 1228 -8453 4490 -6474
-3319 11396 294 -3507 7489 -9274
-5491 14986 -460 -1413 8492 -10681
-7757 19522 -1150 -2510 6170 -10329
-8298 21904 -1098 -5229 3962 -9078
-7986 22641 -668 -7147 3334 -8389
-8887 22134 -143 -7756 2925 -8286
-9288 20750 113 -6048 4007 -6561
-10234 20368 190 -4232 4711 -4031
-10666 20687 400 -1554 6007 -3363
-10325 20613 840 -642 6775 -3167
-10209 20306 1116 -1520 6508 -2383
-10321 20248 1465 -2895 5634 -1222
-10390 19394 1826 -4231 4290 182
-10013 18309 2298 -4812 3164 1251
-9257 17413 2757 -4719 2493 1816
-8412 16632 3029 -4068 2377 1744
-7593 16194 3333 -3300 2780 1469
-6958 15894 3540 -2511 3383 1239
-6796 15790 3641 -1831 3800 911
-6566 15820 3742 -1275 3829 538
-6414 16093 3798 -987 3497 245
-6193 16414 3906 -770 3070 -95
-5984 16604 3954 -899 2601 -306
-5766 16742 4010 -1197 2245 -567
-5424 16834 3962 -1768 2063 -863
-5194 16378 3693 -2115 1830 -1302
-5516 16194 3361 -1872 1461 -1129
-4896 16713 3170 -1405 1302 -1923
-4432 16422 3197 -565 1817 -1790
-4777 16664 3053 -57 1542 -1107
-4584 17414 3140 423 1785 -1335
-4958 17642 3116 668 1576 -1324
-5022 18157 3096 580 1337 -1002
-4998 18632 3041 345 1058 -1034
-4988 18798 2950 166 869 -1100
-4969 19001 2925 -86 620 -928
-4928 19461 2957 -426 674 -1001
-5022 19429 2957 -784 783 -723
-5406 19289 2892 -1104 659 -552
-5234 19148 2854 -1071 798 -554
-5198 18800 2770 -912 976 -201
-5085 18486 2717 -597 1101 135
-5133 18278 2489 -87 1097 350
-5134 17984 2478 254 853 664
-4901 18050 2482 405 800 878
-5041 18324 2460 321 644 913
-5112 18220 2516 -105 436 1016
-4994 18036 2516 -542 374 837
-5078 17768 2409 -607 348 663
-5125 17604 2302 -398 279 706
-5110 17526 2249 -51 247 675
-4621 16941 2149 446 283 712
-5168 16858 2022 975 110 1177
-4698 17445 1970 1379 222 602
-4874 17194 2018 1751 386 527
-4894 17622 1950 1574 229 713
-4706 18094 2025 1311 675 522
-4917 17933 2010 957 556 386
-4606 17950 2062 688 719 454
-4477 18116 2204 533 826 339