4704 19390 -352 -4774 -837 -2815
4638 19604 -118 -6012 -1684 -3021
3928 18664 233 -7269 -2207 -2997
3979 18014 220 -6490 -2176 -2635
4007 17601 353 -3489 -1554 -1782
3946 17730 412 -621 -690 -692
3856 18368 406 430 -693 -263
3732 19062 490 202 -1137 -71
3856 19447 426 -773 -2040 -118
4076 19446 186 -1300 -2611 -204
4344 19344 -32 -1367 -2673 -103
4664 19104 -384 -775 -2152 201
4790 19001 -545 248 -1254 743
4946 19024 -562 1159 -446 1138
5143 19260 -580 1993 398 1617
5596 19284 -407 2125 857 2089
5878 19161 -184 1516 299 2287
6216 18838 -108 896 -448 2366
6565 18209 -80 436 -1052 2410
7052 17747 -45 258 -1154 2554
7560 17140 46 249 -575 2671
8080 16732 317 445 396 2517
8350 16682 538 354 1153 2039
8486 16977 770 -338 1316 1525
8560 17196 1002 -1667 1075 1083
8852 17046 1598 -3042 795 673
9085 16857 2257 -3833 792 294
9618 16593 2412 -4525 1063 37
9971 16286 2899 -4526 1667 100
9954 16021 3365 -4119 2179 341
9865 15880 3864 -3907 2716 520
9825 16028 4417 -3969 2979 574
9928 15885 4929 -4422 3185 578
10209 15902 5469 -5151 3282 448
10561 15661 5570 -5650 3299 344
10744 15602 5734 -6141 3095 329
10664 15556 5732 -6527 2824 439
10722 15210 5669 -6777 2758 746
10844 14956 5564 -6634 2913 1189
10968 14766 5428 -6380 3167 1564
11081 14165 5683 -6160 3779 1891
10972 13428 6120 -5698 4685 1950
10474 12634 6685 -5171 5486 1820
9903 11595 7305 -4263 6450 1522
9508 10661 8273 -2970 6791 969
9273 10145 8764 -1954 6639 179
9286 9954 8852 -1091 6500 -500
8729 9969 8973 -427 5885 -1207
8234 9856 8861 444 4554 -2132
7182 10036 8590 1095 2539 -3235
6516 10772 7726 1319 745 -4313
6412 11332 6473 1421 -829 -5521
6026 11968 5370 1407 -1701 -6548
5810 12176 4632 1391 -1979 -7246
5476 12128 3882 1795 -1707 -7942
4966 12426 3140 2625 -1097 -8461
4430 13488 2088 3711 -333 -9082
4244 14067 1667 4439 1037 -9850
3410 13869 2115 3482 1808 -11222
2417 13566 2708 1545 1272 -13072
1286 13876 2772 -436 -425 -14669
108 14363 1927 -1813 -3059 -15617
-1129 15350 716 -1803 -5369 -16233
-2091 16519 -306 -1916 -6204 -16483
-2337 16252 -444 -1809 -5135 -16336
-2574 15361 -134 -473 -3157 -16012
-3141 14424 514 1934 -1404 -15799
-3660 14078 1277 4285 -394 -15816
-4654 14665 1888 5374 -674 -16153
-5922 16330 2196 4259 -2416 -16930
-6974 17906 2150 873 -5224 -18266
-7578 18568 1608 -3215 -7625 -19685
-7744 18212 1168 -5493 -8519 -20238
-7603 17019 888 -6943 -8184 -20515
-8086 15584 1370 -6284 -6349 -20551
-8810 15072 1814 -4294 -4643 -20549
-9322 14125 2468 -2560 -3490 -20606
-9904 13176 2854 -943 -2634 -20811
-11200 13199 3077 944 -2199 -21331
-13460 16152 2705 166 -3254 -23034
-15056 19408 1766 -5298 -4465 -24919
-15365 18863 951 -8711 -3394 -25078
-15760 17900 1016 -7504 -1789 -23492
-16237 17669 1630 -3028 -86 -20803
-17401 18552 2566 3723 998 -16613
-18442 20322 3252 6921 128 -13564
-19029 21238 3538 6623 -1436 -12224
-18738 21062 3513 4831 -2388 -11655
-18502 20637 3318 3302 -2743 -10821
-18288 20136 3320 2817 -2610 -10126
-17738 19503 3139 3721 -1857 -8870
-17393 19256 2857 7273 -223 -6628
-17461 19581 2850 10149 578 -4844
-17565 20017 2834 11717 1003 -3337
-17504 20349 2857 12402 1014 -2066
-17241 20637 2902 12027 450 -862
-16541 20298 2971 10800 -373 384
-15676 19716 2940 10095 -1118 1194
-15154 19438 2692 10064 -1435 1557
-14491 19511 2438 10297 -1689 1821
-13475 19442 1924 10718 -1948 2241
-12644 19656 1419 10964 -2221 2967
-12001 20302 1116 10608 -2373 3670
-11294 20535 910 9714 -2156 4193
-10442 20556 892 9144 -1240 4407
-9632 20392 926 8803 -419 4495
-9102 20032 784 8992 125 4719
-8628 20098 741 9554 428 5191
-7790 19906 645 10814 813 6309
-7026 20419 88 12443 1081 8013
-6948 21968 -244 13056 995 9290
-6428 22994 -521 12066 855 10076
-5857 23510 -674 10106 581 10571
-5003 23204 -530 7332 653 10975
-4360 22784 -538 5307 1158 11235
-3529 22156 -672 4186 2036 11939
-2589 22237 -768 3664 2692 13180
-2236 22782 -1012 3199 2604 13960
-1494 22934 -1076 1994 2073 14865
-781 22653 -1064 495 1606 15751
-52 22227 -994 -1153 1460 16491
584 21272 -1004 -2219 1915 17139
1177 21008 -1044 -2605 3140 17828
1874 20812 -1225 -3013 4759 18481
2210 20362 -1234 -3800 5667 18852
2415 19574 -1048 -5051 6022 19066
2616 18488 -844 -6223 6034 19351
2735 17061 -851 -5844 6177 19525
2614 16702 -830 -5019 6816 19425
2757 16669 -854 -4782 7501 18974
3057 16384 -709 -4905 8597 18609
3182 16433 -862 -4775 9754 18119
3324 16440 -1160 -4442 10414 17681
3104 16616 -1370 -3776 10554 16974
2562 16930 -1577 -3880 9755 16083
2353 16713 -1706 -4084 9098 15317
2506 16124 -1805 -3293 9613 14359
2327 16151 -1929 -1763 11118 13377
1665 16238 -1564 -1069 12490 12428
1177 15963 -864 -1196 12978 11410
1175 15549 -30 -1639 12723 10132
1430 15406 352 -1786 11876 8530
1550 15683 336 -1947 10397 7142
1442 15937 166 -2402 8951 6357
1447 15543 -45 -2391 7913 5968
1553 15290 366 -1849 7716 5505
1500 15437 522 -1376 8083 4758
1393 15619 969 -1372 8567 3800
1296 15609 1429 -1749 8652 2814
1285 15353 1857 -1827 8074 2176
1304 15263 2174 -1433 6853 1698
1534 15170 2191 -103 5210 1294
1839 15483 2072 1230 4000 1010
1906 16033 1918 1966 3195 691
1871 17142 1991 1593 2561 -139
1821 17996 2009 -248 1877 -1673
1937 18728 1717 -2304 732 -3070
2337 18678 1601 -3284 -282 -3567
2734 18272 1516 -3193 -928 -3517
3197 17918 1313 -1705 -1534 -2920
3425 18086 1259 233 -2165 -2039
3474 18265 1302 887 -2618 -1576
3653 18238 1298 966 -3013 -1399
3700 18129 1254 808 -3387 -1481
3777 18266 1293 401 -3782 -1743
3953 18288 1309 -142 -4141 -2001
4194 18044 1218 -442 -4316 -2100
4338 17878 1041 -225 -4477 -1967
4520 17732 882 344 -4641 -1725
4560 17743 625 1053 -4987 -1263
4762 17841 306 1662 -5381 -773
4969 17725 257 1984 -5537 -568
5077 17949 230 2026 -5375 -614
5167 18511 56 1497 -4990 -734
5264 19274 -152 254 -4594 -959
5417 19451 -167 -705 -4160 -976
5423 19299 4 -1137 -3939 -899
5330 19294 64 -1607 -4155 -910
5231 19060 174 -2593 -4649 -1032
5053 18579 248 -3882 -5084 -1458
5180 18404 444 -4595 -4668 -1791
5007 18016 996 -4692 -4001 -2056
4655 18004 1628 -4162 -3421 -2037
4501 17765 2044 -3663 -3652 -1956
4360 17762 2130 -3296 -4373 -1772
4285 17810 2117 -2977 -5333 -1593
4183 18242 2048 -2959 -6758 -1653
4126 18438 1942 -3416 -7493 -1890
4178 18188 1976 -3410 -7079 -1857
4280 17853 1905 -2533 -6230 -1534
4356 17988 1795 -982 -5390 -1020
4418 18620 1844 -238 -5589 -542
4618 19062 1693 -991 -6839 -589
4916 19202 1608 -2072 -8023 -810
5252 18880 1388 -3329 -8935 -1113
5670 18283 1118 -3925 -9358 -1362
5825 18023 960 -3715 -9116 -1546
5616 18142 1150 -3576 -8451 -1708
5040 18362 1429 -3846 -7766 -1868
4510 18466 1899 -4719 -7803 -1889