3994 18103 954 674 -2353 2436
4186 18100 750 -211 -2895 2238
4359 17861 655 -713 -3016 2051
4683 17417 404 -716 -2839 1881
5133 17140 274 -191 -2433 1814
5810 17215 156 649 -1947 1635
6165 17722 34 1172 -2089 1152
6206 18302 84 863 -2847 767
6365 18676 -1 -449 -4484 412
6914 18393 -223 -2161 -6678 206
7309 17961 -646 -2737 -7709 266
7788 17890 -944 -2668 -7854 218
8092 17766 -1181 -1794 -7128 353
8304 17877 -1317 -586 -5941 554
8478 18160 -1112 23 -5128 549
8590 18261 -1042 17 -4580 641
8706 18322 -1076 -135 -4163 754
8933 18119 -1001 -695 -3797 841
9178 17728 -884 -1844 -3318 812
9456 17280 -988 -2122 -2492 984
9383 16989 -764 -2044 -1212 957
9201 17325 -587 -2370 766 1094
9152 17104 -218 -2276 2160 893
9096 17436 -57 -2524 3095 818
9061 17427 183 -3073 3743 1113
9142 17334 346 -3509 4282 1406
9241 17378 674 -3870 4766 1577
9374 17257 832 -4048 5148 1994
9590 17044 1100 -3974 5376 2358
9660 16803 1328 -3771 5722 2718
9819 16617 1618 -3430 6138 3114
9940 16552 1870 -3093 6477 3333
10119 16753 2093 -2888 6958 3535
10204 16910 2121 -2710 7366 3899
10163 17142 2161 -2915 7188 4292
10277 17228 2008 -3319 6905 4643
10508 17241 1925 -3675 6975 4893
10725 16944 1711 -3884 7794 5308
10681 16352 1878 -3707 8866 5668
10422 15596 2274 -3422 9806 5874
9988 14499 3246 -3094 10779 5698
9351 13384 4351 -2885 11199 4888
8907 12934 4728 -3111 10104 3728
8923 12813 4532 -3691 8390 2765
8864 12412 4376 -3776 7342 2217
8647 11731 4352 -3529 6621 1674
8207 10333 4550 -2021 6495 914
7872 9214 4918 897 6978 68
7168 9086 5069 4096 6951 -975
6282 10657 4218 5855 5535 -2043
5644 12394 3070 5677 2878 -3204
5180 13134 2272 3730 288 -4477
4583 12840 1942 1101 -1332 -6055
3635 11648 2126 -1988 -1960 -8266
2508 10008 2557 -1832 -1126 -11076
1150 9485 2121 2092 -469 -12780
-81 11458 1364 4283 -1378 -13401
-788 13440 897 3543 -3228 -14042
-1008 14342 845 602 -5296 -14988
-1124 14224 1188 -2391 -6459 -16010
-1098 12734 1561 -4894 -6392 -17289
-1563 11053 1820 -4478 -4691 -19080
-2188 10882 2198 -2353 -3094 -20385
-3196 11352 2660 193 -1850 -21724
-5228 12728 2533 1781 -1886 -23995
-6861 15196 1452 316 -3534 -26384
-7858 16926 764 -2532 -5132 -27195
-8279 18760 60 -7525 -6600 -27638
-7911 18129 336 -12638 -4846 -27153
-7845 14752 1643 -10351 -676 -26698
-8568 13732 2765 -4893 2383 -26161
-9980 14452 3911 -1107 3589 -25479
-10963 15402 4872 -176 2781 -24879
-11642 15623 5189 -1803 468 -25301
-11958 15449 5256 -4444 -1021 -26019
-12088 14000 5009 -5024 -699 -26008
-12647 12858 5044 -2123 775 -25367
-13717 13160 5092 1120 1636 -24893
-15250 13738 4994 2649 1338 -24527
-16861 15034 4973 2489 217 -24147
-17890 16228 4902 955 -1088 -24091
-18275 16354 4544 -1518 -2377 -24309
-18508 15328 4248 -3655 -2812 -23617
-18456 14286 4338 -3492 -2362 -22560
-18507 13211 4181 -1478 -1416 -21207
-19049 12046 4278 2451 -732 -19977
-20046 11645 4386 5678 -915 -19098
-20587 12009 4364 8190 -1435 -18205
-21196 12910 4152 9297 -2118 -18225
-21897 13890 3594 8834 -2772 -18914
-22346 14512 2984 8105 -2899 -18618
-22541 15003 2686 7289 -2426 -17131
-22913 15213 2362 7241 -1788 -15337
-23022 15165 2425 8309 -1542 -13698
-23156 14756 2660 9914 -1644 -12220
-23289 14679 2912 11703 -1992 -10971
-23599 14748 3272 14824 -2573 -8915
-23734 15238 3505 18128 -3024 -7011
-23782 15872 3230 20511 -3670 -5396
-23799 16899 2586 22780 -4697 -3174
-23184 17507 1915 24544 -6079 -625
-22493 17900 1424 25228 -7261 1394
-21732 18052 1025 25340 -7922 2845
-20877 17907 769 25406 -8715 4275
-20069 18754 268 25035 -9370 5398
-19341 19701 -23 23272 -10097 6097
-18441 19865 -541 21260 -10678 6433
-17638 20077 -697 19805 -11092 6908
-16892 20542 -1084 18902 -11512 7500
-15900 20919 -1711 18500 -12022 8490
-14824 21104 -2124 18499 -12384 9535
-13698 21438 -2491 18422 -12602 10760
-12493 21697 -2830 17915 -12689 12132
-11768 21708 -3008 17365 -12598 12779
-10604 21543 -3059 16345 -12100 13474
-9646 21352 -3308 15281 -11256 14311
-9116 21608 -3521 14127 -10775 15091
-8462 21584 -3733 12317 -10517 16253
-7660 21138 -3898 10669 -10498 17381
-6962 20870 -3914 8766 -10782 18693
-5914 19872 -3959 7239 -10648 20008
-5146 19218 -4120 6575 -10026 20887
-4489 18936 -4404 6292 -8991 21735
-4028 19024 -4554 5796 -7976 22531
-3472 18865 -4800 5138 -6771 23188
-2803 18639 -4958 3709 -5528 23782
-1932 17769 -4696 1489 -3930 24178
-1512 17217 -4452 -1021 -1844 23788
-1084 16114 -3916 -2963 601 23288
-898 15230 -3494 -3264 2771 22860
-574 14582 -3072 -2585 4340 22577
-34 14419 -2693 -1990 5523 21990
486 14520 -2064 -2457 6258 21218
680 14620 -1575 -3842 6622 20091
1054 14306 -1098 -5636 7244 18376
1393 14148 -738 -6955 7930 16807
1593 13902 -305 -7831 8621 15205
1803 14160 134 -8334 9063 13387
1939 14271 657 -8845 8733 12048
2241 14108 1108 -9135 8168 11287
2340 14068 1520 -9137 7815 10789
2705 13859 1844 -8964 7657 10098
2765 13698 2506 -8485 7593 9250
2568 13810 2946 -7990 7546 8712
2244 13809 3437 -7429 7419 8106
2156 13672 4257 -6863 7198 7545
2062 13530 4838 -6077 6874 7015
1726 14013 5445 -5630 5909 6052
1378 14707 5814 -5284 4516 4960
1102 15226 6069 -5659 3084 4198
937 15056 6447 -5497 1964 3700
894 14717 6990 -4383 1379 3330
754 14556 7254 -3176 1163 3212
707 14885 7673 -2166 779 3094
364 15020 7988 -1561 60 2827
416 15280 7980 -1130 -1298 2395
461 15581 7813 -1116 -2986 1743
455 16006 7529 -1181 -4299 1166
485 16526 7233 -1408 -5381 529
652 16685 7052 -1669 -5868 -201
665 16469 6952 -1650 -6085 -816
610 16748 6666 -1324 -6548 -1305
566 17416 6577 -1306 -7320 -1641
730 17634 6416 -1450 -7899 -1888
932 17714 6164 -1447 -8408 -2041
1124 17728 5972 -1369 -8637 -2101
1352 17532 5844 -1030 -8915 -2114
1449 17625 5783 -627 -9099 -2145
1428 17961 5698 -666 -9183 -2364
1784 18245 5587 -1153 -9365 -2727
2162 18231 5468 -1706 -9756 -2996
2424 18064 5166 -1959 -10211 -3099
2593 17878 4938 -1766 -10705 -3002
2736 17854 4781 -1329 -11049 -2695
2834 17868 4788 -993 -11015 -2401
3001 18085 4744 -790 -10741 -2299
3291 18392 4743 -1089 -10416 -2374
3508 18392 4721 -1673 -10266 -2480
3580 18260 4632 -2018 -10259 -2524
3895 18028 4644 -2353 -10260 -2542
4389 17862 4665 -2808 -10301 -2743
4713 17750 4782 -2865 -10404 -2959
4664 17952 4610 -2434 -10844 -3095
4224 18670 4223 -2137 -11852 -3136
3842 19425 3963 -2696 -12789 -3064
3658 19115 3852 -3438 -13077 -2981
3725 18394 3838 -3299 -12868 -2824
3697 17947 3732 -2717 -12514 -2551
3626 17904 3617 -1964 -12226 -2204
3626 18049 3538 -1610 -12208 -2005
3550 18280 3466 -1743 -12366 -1964
3518 18446 3424 -2143 -12531 -2094
3461 18242 3397 -2569 -12575 -2168
3330 18185 3346 -2808 -12584 -2247
3288 18000 3172 -2680 -12532 -2232
3173 18118 2956 -2406 -12568 -2132
3132 18196 2784 -2257 -12642 -2114
2904 18387 2776 -2311 -12903 -2148
2581 18459 2899 -2788 -13271 -2361
2324 18420 2748 -2946 -13470 -2409