2220 18719 -438 -872 -2228 -1933
2188 18206 -172 -68 -2063 -1780
2172 17960 -12 485 -1966 -1901
2059 18060 -27 1085 -1881 -1960
2276 18232 -157 1628 -1776 -1969
2282 19087 -561 1562 -1985 -2297
2564 19429 -734 1122 -2221 -2386
2752 19569 -672 751 -2338 -2170
2929 19674 -649 505 -2401 -2066
3094 19700 -601 612 -2339 -1941
3491 19715 -599 1094 -2082 -1788
4100 19528 -1012 1943 -1806 -1501
4663 19528 -538 2360 -1520 -1351
4118 19870 -142 2370 -1935 -1276
4513 19450 -190 2411 -2188 -805
4032 19981 244 1954 -2818 -504
4168 19977 33 1014 -3718 151
4612 19164 992 -208 -4634 483
5081 19608 80 -359 -4767 794
5298 18797 -596 1084 -3464 740
5814 18516 -378 1412 -2797 483
5894 19132 -404 1200 -2313 108
5592 19525 -630 -962 -2000 -350
4934 19633 -440 -3763 -2157 -524
4741 19340 -18 -5284 -2526 -537
4589 19041 406 -6218 -2847 -339
4390 18789 853 -6670 -3182 134
4561 18095 1315 -6151 -3260 671
5148 17512 1754 -5228 -2780 991
5881 16753 2185 -4164 -1626 1036
6613 16477 2333 -2464 -521 708
6902 17214 2221 -1412 -433 755
7110 17922 1708 -1239 -911 894
7217 18420 1073 -1844 -1369 1025
7464 18612 588 -2842 -959 1427
7888 18532 589 -3442 94 1729
8190 18685 963 -3421 1263 1970
8424 18624 1342 -3088 2376 2152
8556 18564 1550 -2716 3037 2418
8962 18877 1792 -2701 3540 2841
8987 19620 2013 -3589 3909 3448
9136 19595 2313 -4329 4688 3869
9214 19270 2569 -4448 5565 4212
9449 19036 2721 -4145 6360 4514
9838 19191 2748 -3735 7251 5026
10366 19484 2934 -3736 8024 5474
10823 19419 3137 -4318 8612 5752
11088 19140 3432 -4885 9053 5912
10662 18084 3970 -5599 9428 5955
9421 17250 3802 -6202 8771 5911
8956 16784 3616 -6457 7784 5905
8415 16346 3456 -6867 6413 5893
7770 14719 3381 -7060 5456 6054
6894 12427 3884 -5518 5274 5794
5858 10469 4599 -2954 5200 4992
4690 10116 4901 -717 4676 3636
3654 10760 4628 388 3186 1615
2763 11740 3734 43 982 -699
2148 11917 3165 -609 -607 -2386
1766 11690 2890 -721 -1076 -3238
1264 11224 2724 -76 -818 -4067
432 10660 2863 1556 32 -5397
-580 10658 3012 2796 489 -6988
-1861 11467 3207 2812 214 -8977
-3179 12821 2643 1490 -1020 -11644
-3816 13365 1776 207 -2370 -13428
-4041 13483 1075 -621 -2662 -14153
-4210 13422 808 -876 -1866 -13948
-4165 13015 1277 -631 -500 -13946
-4477 12125 1901 -99 813 -14590
-4933 11561 2731 337 1360 -15752
-5613 11378 3166 571 1196 -17202
-6440 11782 2743 893 77 -18569
-6849 12536 2204 903 -1314 -19590
-6966 13104 2044 449 -2334 -19922
-6961 13474 2080 -505 -2976 -19817
-6872 13257 2578 -1864 -3152 -19883
-7120 12858 3208 -3228 -2948 -20699
-8126 12034 3267 -2743 -2874 -22070
-10251 12964 2685 -1109 -3895 -23323
-11957 14929 2056 -371 -5685 -23915
-13260 17170 1704 -1959 -7306 -23836
-13482 18188 1889 -5059 -7918 -23482
-13330 17772 2237 -8109 -7204 -23134
-12912 15266 2614 -8304 -5595 -22803
-13640 13087 2722 -2901 -3060 -22651
-15828 14604 2732 7155 -1115 -21883
-17898 18016 2662 11360 -1472 -20530
-19012 20638 2490 11223 -2652 -19440
-19163 21808 2468 8275 -3692 -18407
-19381 22118 2313 5809 -3589 -17381
-19040 22313 2406 4695 -2794 -16714
-18948 22430 2573 4938 -1474 -16013
-18526 22360 2757 6602 -86 -15053
-18633 22349 2909 9038 804 -13627
-18548 22408 3092 10490 1043 -12479
-18232 22827 3408 12142 570 -10537
-17801 23296 3760 12551 -711 -8649
-17400 23548 3814 11919 -1424 -7732
-16695 23477 3856 11268 -2018 -6839
-15877 23094 3642 11367 -2650 -5719
-15018 22736 3421 12463 -3285 -4519
-14208 22949 2956 14106 -4583 -2717
-13723 23671 2450 15190 -7389 -392
-13335 24578 2021 14181 -9396 1141
-13074 25498 1460 12492 -9462 1741
-12937 26058 917 10662 -9075 1961
-12757 26139 368 8430 -8759 2463
-12092 25101 53 7066 -8674 3621
-11349 23648 -93 7388 -8719 5019
-10826 22852 -539 8863 -8931 6708
-10709 23361 -1184 9154 -9440 8334
-10190 23307 -1476 7533 -9793 9769
-9084 22226 -1814 5896 -9236 10781
-8189 21449 -2104 5525 -8136 11560
-7636 21029 -2400 5929 -7129 12788
-6742 19944 -2568 7178 -5914 14196
-6157 19756 -3357 10445 -3941 16604
-5073 19948 -4252 14606 -1489 19879
-4218 20814 -5089 15899 13 22284
-3332 20890 -5262 14976 710 23220
-2444 20799 -5318 11669 1087 22833
-1279 20135 -5470 6101 1312 21150
-644 19614 -5544 2150 1518 20023
42 18908 -5388 -1448 1663 18685
1093 17268 -5070 -5413 1962 16861
1917 16150 -4993 -7071 2331 15577
2477 15672 -4884 -7246 2813 14837
2872 15382 -4473 -6585 3388 14462
3032 15412 -4430 -6017 3775 14446
3256 15304 -4261 -5233 4039 14555
3549 14897 -4054 -4022 4376 14847
3716 14584 -3758 -2981 4774 15047
3669 14264 -3562 -2032 5073 15188
3510 14185 -3456 -1469 5301 14988
3354 14306 -3202 -1535 5413 14563
3226 14550 -3214 -2262 5511 13848
3213 14724 -2849 -3493 5747 12958
3325 14598 -2682 -4478 6175 12090
3322 14433 -2203 -4899 6766 11410
3348 14272 -1864 -4646 7415 10839
3190 14364 -1617 -4214 7877 10390
3156 14496 -1237 -3930 8271 10058
3222 14420 -742 -3633 8739 9773
3385 14300 -254 -2877 9459 9437
3601 14338 455 -1241 10483 8697
3396 14744 776 -146 10824 8076
3240 15404 1234 169 10772 7650
3392 15624 1768 443 10475 6926
3308 15890 2320 692 9946 6209
3074 16041 2542 819 9427 5634
2714 16576 2608 721 8746 5007
2432 17105 2670 297 8147 4350
2276 17242 2765 -178 7779 3691
2022 17505 2757 -570 7549 3010
1798 17934 2832 -950 7214 2450
1690 17862 2749 -1028 6720 2082
1565 17894 2657 -783 6072 1915
1456 17980 2596 -529 5378 1788
1408 18024 2678 -408 4770 1656
1333 17997 2704 -494 4410 1390
1412 17850 2962 -669 4164 966
1369 17842 3006 -960 3850 453
1464 17737 3121 -1216 3504 48
1658 17449 3197 -1110 3152 -283
1900 17470 3178 -698 2745 -531
1976 17733 2992 -359 2225 -586
2254 17922 2980 -308 1629 -583
2592 17968 2892 -339 1167 -597
2732 17878 2830 -336 774 -674
3064 17752 2778 -249 469 -760
3116 17889 2684 -306 170 -926
3189 18181 2612 -749 -43 -1084
3361 18240 2574 -1366 -114 -1319
3562 18132 2624 -1891 1 -1536
3718 18033 2660 -2188 184 -1759
3826 17896 2650 -2204 344 -1826
3972 17865 2744 -1951 434 -1768
4053 17921 2820 -1702 360 -1696
4076 17992 3002 -1513 144 -1667
4416 17978 3053 -1466 -26 -1637
4325 18086 3056 -1387 -259 -1660
4358 18136 2844 -1175 -522 -1641
4310 18494 2741 -1097 -846 -1513
4313 18578 2656 -983 -1127 -1276
4477 18533 2525 -809 -1315 -1092
4570 18441 2501 -636 -1396 -993
4649 18581 2388 -556 -1427 -1043
4548 18632 2398 -637 -1366 -1084
4492 18593 2350 -564 -1115 -1036
4654 18574 2265 -224 -732 -897
4733 18602 2233 272 -321 -746
4813 18722 2209 657 -41 -611
4721 18720 2090 689 -121 -429
4730 18668 2032 528 -402 -261
4828 18521 1949 445 -691 -50
5005 18290 1782 507 -910 209
5166 18241 1518 689 -1041 363
5136 18350 1478 687 -1214 469
4974 18272 1272 379 -1369 514