5056 19710 -2572 -8031 -20108 -4679
5225 19339 -2476 -8288 -19858 -4630
5404 18940 -2230 -8075 -19131 -4405
5544 18608 -1820 -7556 -18015 -4092
5656 18674 -1245 -7101 -17098 -3886
5821 18804 -865 -7115 -16876 -3764
6086 18564 -445 -7353 -17212 -3585
6350 18150 -20 -7145 -17706 -3315
6558 17924 114 -6698 -18157 -2998
6860 17777 158 -6248 -18608 -2489
6788 18026 284 -5703 -19051 -2169
6879 18100 135 -5287 -19244 -1494
7305 18276 16 -5164 -19139 -618
6960 18353 451 -5017 -18904 -218
7155 18368 971 -5373 -18225 114
7290 18149 1692 -5815 -17662 620
7056 17716 2090 -5840 -16936 907
7168 17316 2409 -5792 -15596 844
7725 16989 2896 -5316 -14668 1162
8081 16954 3018 -4990 -14202 1444
8353 16788 3212 -4678 -14098 1733
8766 16866 3336 -4345 -14157 1995
9105 17017 3267 -4481 -14184 2066
9181 17098 3096 -5072 -14191 1930
9209 17250 2918 -5588 -13903 1918
9309 17378 2706 -6285 -13348 1865
9605 17166 2574 -6803 -12451 1831
9876 16972 2740 -7116 -11043 1852
10113 16762 3058 -7256 -9333 1822
10526 16386 3448 -7046 -7495 1743
11368 15974 4073 -6661 -5625 1719
12566 15972 4598 -6095 -3948 1612
13418 16233 4973 -5693 -2534 1602
13588 17252 4989 -6147 -1839 1532
13497 17889 4970 -7539 -1944 1554
13500 17844 5002 -9187 -2183 1769
13594 17213 5094 -10403 -1976 2136
13330 16240 5180 -10650 -1247 2660
12524 15124 5237 -10100 -217 3303
11880 13597 5721 -8970 1013 4201
11452 12242 6286 -7637 2316 4807
11239 10872 6826 -6122 3848 5133
11135 9624 7623 -4136 5545 4936
11054 9208 8389 -2899 6179 4079
10965 9370 8580 -2408 6229 2978
10578 9810 8796 -2652 5442 1667
10580 9938 8856 -3473 3724 -110
10100 9728 8620 -3851 1613 -1660
9549 9384 8442 -3727 164 -2515
9113 8945 8293 -3050 -753 -3159
8778 8464 8114 -1627 -1107 -3669
8220 8332 7718 282 -1207 -4016
7616 8344 7461 2279 -1140 -4467
6845 8989 7069 3964 -1175 -5052
6170 9508 6614 4923 -1496 -5727
5770 10043 6179 5421 -1908 -6620
5464 10295 5889 5235 -2102 -7906
5068 10378 5770 4519 -2076 -9223
4235 10386 5850 3149 -2147 -10890
3108 10023 5691 1797 -2340 -13105
2452 10122 5390 1629 -2770 -14550
2004 10088 5106 2253 -3109 -15096
1764 10319 4489 3565 -3565 -15485
995 10922 4003 5469 -4016 -15600
213 11897 3888 5662 -4450 -15669
-372 12380 4018 4444 -4980 -16197
-904 12726 4366 2232 -5373 -17312
-1828 12892 4370 35 -5739 -18821
-2788 12901 3862 -980 -6182 -19932
-3468 13014 3306 -411 -6396 -20332
-4265 13595 2671 1517 -6619 -20369
-5181 15728 2020 3836 -6388 -20132
-5571 17770 2403 1829 -5574 -20011
-5622 17641 3289 -1686 -4505 -20471
-6150 17098 3849 -3875 -3473 -21536
-6764 16644 4076 -4231 -2888 -22331
-7701 16676 4040 -3053 -2521 -22929
-9066 18431 4061 -792 -2876 -22448
-10060 20355 4053 429 -3644 -20893
-10514 21136 4040 73 -3943 -19595
-10712 20504 4312 26 -3451 -18720
-11316 19559 4704 1133 -2228 -18006
-12184 19663 5056 3834 -1361 -17672
-13049 20691 4954 5857 -1965 -17309
-13849 21589 4389 6301 -3396 -16478
-14509 21745 3844 4965 -4935 -15765
-14700 21160 3556 4289 -5345 -15085
-14566 20025 3241 4440 -5592 -14185
-14518 17876 2773 7245 -5535 -12571
-14682 17134 2225 11285 -5477 -11423
-14900 17625 1736 14071 -5853 -10621
-15004 18142 1479 15165 -6598 -9800
-14260 18053 1239 14736 -7378 -9755
-13978 18109 938 13948 -7928 -10102
-13990 18604 472 13285 -8461 -10201
-13998 19448 -236 13024 -9111 -9797
-13764 20014 -772 13304 -9733 -8913
-13222 20230 -1114 13648 -9963 -8307
-12828 20894 -1444 13732 -9822 -8000
-12868 22270 -1618 12437 -9552 -8069
-12950 23036 -1532 10069 -9121 -8185
-12693 23090 -1282 8198 -8679 -7443
-12242 22450 -1179 8354 -8387 -5852
-11782 22163 -1136 9521 -8560 -3859
-11330 22319 -1118 10428 -8874 -2258
-11148 22656 -1236 10321 -9035 -1538
-10589 22780 -1150 9304 -8847 -1040
-9941 22490 -1049 7316 -7810 -442
-9617 22450 -928 5734 -6697 -34
-9584 22581 -1000 4896 -6310 457
-9256 22494 -1043 4390 -6291 1570
-8494 21778 -912 4497 -6326 3073
-7837 21276 -928 5110 -6215 4360
-7376 21604 -1152 5369 -6068 5687
-6821 21844 -1342 4676 -5462 6559
-6646 22172 -1508 3929 -4817 6931
-6270 22048 -1706 3018 -3973 7395
-5928 22212 -1954 2127 -3135 7951
-5491 21893 -1948 1681 -2345 8725
-5083 21722 -1851 1418 -1570 10047
-4852 21678 -1650 1360 -1230 11087
-4368 21528 -1438 1084 -1190 11985
-3462 20576 -1078 522 -1064 12813
-2935 20276 -1055 -333 -968 12748
-2708 20229 -868 -1376 -760 12271
-2684 20308 -582 -2557 -708 11686
-2688 20181 -433 -4219 -326 11025
-2217 19338 172 -5992 636 10719
-1967 18571 641 -6507 2024 11192
-1585 18134 886 -6091 3125 11915
-1330 17742 1106 -5511 3732 12484
-1203 17516 1242 -4826 4219 13025
-918 17313 1480 -4435 4713 13373
-785 17384 1578 -4852 5404 13331
-758 17532 1640 -5681 6336 12948
-703 17667 1743 -6651 7423 12435
-696 17700 1813 -7582 8316 12242
-712 17410 1872 -7963 8910 12354
-558 16818 1909 -7525 9329 12593
-288 16464 2017 -6534 9622 12868
178 16269 2292 -5213 10122 12977
98 16729 2465 -4357 10569 12504
-274 17475 2517 -4789 10670 11359
-225 17529 2689 -5763 10866 10545
-368 17370 2795 -6415 10727 10026
-152 16700 2633 -5018 10910 10060
-294 16830 2380 -2653 10623 10241
-815 17647 2146 -888 10101 10016
-906 18288 1810 -398 9641 9808
-1115 18779 1689 -896 9408 9527
-1275 18698 1616 -1874 9555 8903
-1229 18262 1532 -2216 9998 8558
-1129 17598 1644 -1974 10457 8561
-952 17053 1673 -1176 10809 8674
-827 16583 1713 178 11002 8725
-952 16832 1659 1201 10806 8579
-1085 17370 1707 1152 10382 8290
-891 17252 1677 878 10272 7821
-788 16959 1726 974 10333 7302
-620 16780 1732 1256 10326 7092
-534 16688 1810 1612 10160 6880
-552 16679 1635 2073 9771 6620
-357 16709 1606 2282 9287 6353
-9 16553 1797 2436 9062 6052
213 16393 1746 2662 8872 5668
407 16499 1819 2836 8350 5123
532 16680 1856 2723 7665 4429
690 16986 1924 2239 6932 3748
990 16919 1949 1744 6274 3090
1336 16658 1866 2090 5841 2756
1520 16692 1908 2564 5553 2646
1824 16870 1880 3041 5124 2560
2022 17435 1974 3197 4511 2244
1931 17944 2209 2402 3893 1594
1737 18234 2128 1411 3317 1130
1782 18368 2092 829 2948 839
1809 18283 2094 585 2509 820
2053 18361 2134 734 2046 748
2122 18426 2138 1007 1823 676
2124 18762 2093 1284 1723 827
2188 18928 2216 1443 1849 933
2482 18828 2454 1701 2312 1083
2665 18841 2868 1907 2983 1116
2828 18830 3108 1940 3184 1083
2902 18556 3197 2036 3222 1145
2972 18218 3336 2393 2856 1262
3205 18042 3368 2643 2165 1317
3586 17842 3278 2801 1663 1279
3968 17825 3100 2963 1370 1160
4112 18002 2858 2974 1183 990
4205 18040 2658 2722 1069 815
4338 17958 2565 2587 1049 647
4518 17906 2436 2606 1156 542
4627 18394 2145 2594 1238 411
4495 19113 1874 1633 824 154
4387 19128 1624 232 -108 57
4489 18489 1636 -613 -724 112
4532 17808 1726 -548 -544 263
4445 17668 2071 -25 412 381
4026 18070 2621 56 1318 191