1928 19632 228 -847 -9364 3071
2113 19063 398 -538 -8379 3382
2302 18264 684 -427 -7203 3413
2619 17908 904 -746 -6601 3161
2933 17766 843 -1640 -6747 2662
3345 17524 622 -2505 -7463 2154
3710 17524 419 -3033 -8157 1708
3928 17480 349 -3506 -8584 1270
4143 17434 252 -3961 -8713 862
4160 17443 79 -4326 -8681 443
4349 17404 25 -4324 -8542 151
4368 17843 -146 -4041 -8332 -74
4397 18170 -160 -3838 -7942 -16
4367 18467 -131 -3488 -7382 256
4312 18712 -237 -3031 -6841 673
4446 18863 -228 -2527 -6335 1200
4578 19010 -36 -2071 -5814 1704
4591 19253 194 -2048 -5388 2075
4756 19468 470 -2311 -4922 2237
4902 19522 432 -2453 -4478 2351
5368 19359 474 -2161 -3779 2613
6000 19359 430 -1458 -2622 3062
6482 19560 377 -827 -1397 3417
6740 19832 380 -689 -572 3528
7215 19804 498 -893 225 3512
7829 19666 905 -1560 948 3364
8360 19230 1398 -2347 1351 3232
8772 18529 1836 -2882 1644 3093
9076 18084 2192 -3103 1856 3064
9444 17684 2664 -3262 2153 3124
9710 17437 3213 -3397 2451 3072
9988 17251 3661 -3980 2711 2753
10188 17022 4069 -5068 2994 2375
10495 16387 4593 -6106 3369 2195
10892 15576 5051 -6383 4062 2455
11218 15074 5502 -6105 4733 2840
11545 14193 6040 -5258 5745 3451
11788 13174 6655 -3813 7027 4174
11576 12545 7030 -2586 7831 4629
11263 12263 7203 -1780 8310 4804
11298 12304 7382 -1882 8595 4566
11081 12327 7383 -2137 8857 4195
11342 12420 7248 -2260 9091 3908
11080 12571 6868 -2078 9266 3795
10926 12316 6603 -1375 9660 3654
10456 11632 6672 -328 10238 3603
9857 10778 7058 1135 11246 3397
9436 10162 7434 2625 12379 2946
8912 10014 7547 4398 13309 2146
8134 10661 7221 6604 13308 765
7568 11585 6538 7633 11873 -368
7251 12449 5661 7254 9295 -1153
7016 12696 5212 6455 7171 -1545
6620 12523 4561 5711 4944 -2087
6326 11901 3927 5165 2724 -3188
5718 12079 3551 4634 2158 -4401
5320 12180 3256 4304 2109 -5125
4797 12112 3156 3995 2438 -6126
3878 11756 3390 3816 3204 -7581
2904 12286 3056 3754 3207 -8530
2349 13044 2752 3389 2425 -9555
1646 13640 2405 3049 1276 -10546
1098 14226 2390 2716 511 -11196
518 14103 2688 2118 -92 -11927
-349 14144 2832 1157 -724 -12922
-1170 14098 2870 291 -1324 -13817
-2144 14526 2910 -1032 -2268 -15214
-3187 14915 2643 -2808 -3535 -17020
-4000 14320 2266 -3217 -4083 -17792
-4865 13801 1869 -1403 -3947 -18063
-5621 13791 1681 1249 -3781 -18195
-6817 14808 1842 2309 -4000 -18656
-7812 15360 2177 855 -4468 -19940
-8739 16324 2716 -2378 -4632 -21856
-9865 17102 2266 -5241 -4423 -23618
-10766 17741 1662 -5878 -3885 -24212
-11268 18216 1433 -5048 -3185 -23468
-11718 18889 1670 -3678 -2418 -21929
-12241 18925 2086 -2958 -2070 -20535
-12728 18889 3106 -3764 -2250 -19913
-12996 17890 4423 -5668 -1959 -20334
-13308 16921 5534 -7350 -1375 -21122
-14321 16894 5793 -7659 -1053 -21817
-15250 17390 5687 -6646 -1113 -21491
-15738 18222 5362 -5512 -1485 -20545
-15504 18083 5170 -4380 -1757 -19137
-14918 17718 5167 -1948 -1793 -17241
-14832 17949 5160 1067 -1166 -16020
-15400 18861 5072 2988 -724 -15211
-15729 19191 4726 4701 -671 -13856
-15306 18625 4344 7122 -589 -12278
-14766 18626 4374 8732 -519 -11443
-14572 19579 4448 10007 -608 -10792
-14663 20733 4443 10151 -1814 -10322
-14700 21160 4405 9863 -3386 -10006
-14635 21048 4141 10204 -4788 -9486
-14570 20772 3681 11337 -5758 -8297
-14234 20655 2967 13354 -6361 -6542
-13861 21000 2337 15170 -6887 -4985
-13410 21138 2006 15313 -7154 -4266
-13140 21545 1818 14538 -7269 -3969
-12768 21464 1884 13572 -7389 -3762
-12352 20982 1918 12817 -7503 -3607
-12282 21088 1721 12254 -7855 -3194
-12012 21087 1327 12606 -8459 -2360
-11530 21384 737 13381 -9249 -1357
-11081 21894 246 13476 -10123 -384
-10573 22208 -158 12949 -10815 426
-10289 22510 -380 12116 -11241 951
-9662 22343 -519 10968 -11384 1343
-8781 21729 -690 10414 -10674 1927
-8114 21062 -777 11387 -9822 3026
-7972 21501 -1137 12128 -9921 4191
-7776 21917 -1414 11889 -10721 5268
-7262 21826 -1529 10856 -11714 6126
-6598 21362 -1537 9567 -12392 6791
-5612 20726 -1658 8567 -12500 7225
-5132 20670 -1952 7982 -12139 7410
-4798 21133 -2224 7537 -11528 7683
-4312 21200 -2514 7209 -10733 8298
-3864 21477 -2668 6933 -9965 9048
-3458 21578 -2677 6348 -9388 9674
-3112 21976 -2632 5268 -9019 10042
-2465 21996 -2490 3362 -8610 10404
-1737 21771 -2267 1369 -7816 10601
-1126 21250 -1909 143 -6647 10892
-669 21089 -1733 -8 -5321 11359
-299 21076 -1668 161 -4137 12028
100 21338 -1662 -87 -3069 12787
712 21053 -1434 -912 -2267 13459
1266 20841 -1289 -1721 -1604 14063
2337 19725 -852 -2073 -500 14806
3205 19070 -630 -1483 532 15292
3510 19256 -524 -921 1144 15395
3717 19493 -861 -476 1493 15469
4330 19309 -1086 -610 1852 15915
4876 18668 -894 -1124 2823 15938
4944 18476 -544 -2065 4109 15513
5080 18344 -432 -2958 5200 15138
5028 18316 -248 -3980 6926 14489
4824 18100 -108 -4993 8920 13913
4558 17772 150 -5203 10206 13861
4254 17268 269 -5046 10803 13883
4156 16988 268 -4751 10942 13889
4029 16673 400 -4345 11124 13846
3870 16252 290 -3887 11515 13717
3618 16028 249 -3506 12066 13623
3400 15757 228 -3037 12940 13518
3137 15256 248 -2197 14030 13399
2555 14937 301 -1006 15319 13090
2018 14501 572 -161 16236 12567
1870 14350 780 132 16459 11958
1452 14451 1047 42 16492 10877
1102 14892 1234 -452 16464 9523
592 15120 1048 -323 15919 8626
212 15259 877 826 15186 8038
-52 15733 725 1928 14767 7680
-342 16422 780 2482 14572 7358
-725 16861 830 2700 14584 6933
-1045 17472 1386 2521 14983 6097
-1216 17764 1993 2045 15631 5226
-1313 17673 2525 1849 15745 4668
-1263 17516 3207 1928 15136 4092
-1355 17689 3573 2291 13694 3596
-1380 17826 3794 2629 12070 3309
-1276 18029 4066 2753 10669 3010
-1134 18126 4154 2843 9573 2824
-894 18020 4210 3046 8853 2648
-788 17982 4160 3352 8123 2362
-512 18156 3760 3785 7081 2057
-240 18732 3303 4028 5624 1775
13 19090 2848 3824 4500 1726
245 18907 2851 3756 4189 1822
542 18721 2873 4096 4430 2005
658 18726 2875 4555 4710 2199
729 18923 2842 4791 4742 2359
930 19059 2877 4477 4474 2317
1331 19146 2761 3925 4028 2164
1567 18980 2726 3477 3754 2129
1860 19057 2773 2985 3730 1851
1962 19105 2790 2713 3792 1781
2224 19132 2848 2437 3956 1680
2485 19043 3101 2217 4312 1646
2813 18760 3304 2356 4762 1640
2922 18509 3418 2742 4963 1635
3053 18218 3536 2919 4859 1517
3124 18066 3605 2904 4625 1308
3233 17981 3588 2842 4288 1069
3495 17980 3452 2927 4128 877
3893 18064 3107 3373 4153 702
3996 18650 2448 3488 3867 645
4209 19116 2117 2965 3120 506
4354 19158 2078 1879 2654 187
4528 18518 2165 881 2955 -8
4514 18123 2186 971 3873 131
4371 18361 2284 1379 4737 371
4202 18718 2477 1544 5161 478
4093 18977 2784 1404 5266 485
3732 19449 3157 919 5234 407
3520 19672 3544 370 5168 291