-17082 5034 510 -3054 4498 -1003
-17234 4988 712 -3211 4979 -1295
-17408 5205 937 -3212 4744 -1730
-17678 5492 1335 -3082 3910 -1938
-17928 5864 1742 -3052 3110 -1624
-18328 6007 2121 -2572 2061 -1082
-18737 7052 2406 -2173 997 -203
-19218 8105 2717 -2395 32 773
-19644 9404 2740 -2772 -968 1687
-20029 10814 2645 -3108 -2047 2526
-20469 12657 2596 -4367 -2828 3526
-21248 13752 2387 -6218 -3560 5253
-21742 14428 2018 -7768 -4194 6827
-22350 15054 1474 -9139 -5121 8620
-22826 16102 292 -10636 -6661 10827
-23048 16561 -870 -11539 -7861 12965
-23208 17016 -1656 -11790 -8546 14501
-23548 17735 -2869 -11627 -9712 16874
-24181 19174 -4887 -10642 -9919 20667
-24173 20210 -6508 -9985 -8646 24101
-24228 20964 -7565 -10358 -7393 27103
-24312 22212 -8648 -11720 -5112 29097
-23137 22624 -9748 -14190 -1867 30896
-22416 22521 -10740 -17032 1206 32235
-22078 22404 -12070 -19341 3318 32767
-21256 22681 -13510 -21876 6623 32767
-20178 22400 -14584 -22647 9776 32767
-19018 20639 -15284 -20776 12414 32767
-17891 21178 -16295 -16841 16533 32767
-16813 22289 -16624 -13846 21399 32767
-15716 22605 -16709 -12545 25029 32767
-13862 19958 -16680 -11025 27986 32767
-11416 16121 -16349 -8414 31183 32767
-8607 11322 -15840 -2856 32767 32767
-6532 10556 -13198 3329 32767 32767
-6651 13076 -10529 5795 32767 32767
-6353 15389 -6960 3760 32767 32767
-6232 15334 -4177 1050 32767 32767
-6170 13026 -1910 -2103 32767 32767
-6168 13236 -984 -4933 32767 32767
-6124 10488 1062 -7406 32767 31784
-5904 9496 3389 -10340 32767 28316
-6178 8770 6260 -12534 31496 24962
-5418 9196 6612 -13629 28177 22968
-4582 7180 8116 -14343 23122 20198
-2738 10445 12326 -17137 16162 18328
-2789 2148 6343 -14316 9460 18907
4552 12828 6630 -11799 7839 22708
3032 8684 4181 -10345 6473 20990
3160 10504 4316 -9495 6877 20224
2929 12675 4202 -8578 9462 18226
4375 13441 3046 -7981 11645 16198
6720 14507 1085 -8569 11433 13925
8223 15880 -1044 -9452 9252 12827
9500 16303 -2514 -8538 6310 12518
9885 14686 -2284 -5104 3101 12479
10624 13538 -1512 -2291 2283 13340
11512 12341 -157 443 2894 14890
11948 10926 1821 3284 5685 17252
9844 10246 3800 3585 9560 16602
6320 7478 4137 1682 9763 12165
4353 3796 3687 1279 9501 6775
2969 1557 3547 1976 8205 2029
2132 438 3644 3535 7092 -883
1338 -284 3902 5164 5814 -2667
-818 -184 4522 6974 3347 -5645
-2944 954 5245 7625 1222 -9792
-4248 1710 5666 7211 379 -12801
-5826 3003 6120 5969 -156 -17427
-7349 3680 5834 5186 209 -22760
-8330 3284 5422 6128 679 -26099
-9935 3071 4022 7016 755 -29174
-12882 4446 3102 7704 -355 -31374
-14628 5685 2990 7399 -2215 -32540
-16369 7413 2816 6675 -4704 -32768
-17706 8320 2605 6447 -6940 -32768
-19108 8981 1984 7877 -8227 -32768
-20776 10520 953 10517 -8677 -32768
-21810 13102 -461 13454 -8427 -32768
-22573 17198 -1597 14767 -8228 -32768
-23164 21846 -1649 12700 -8218 -32768
-23062 23714 -1470 8467 -8789 -32768
-23034 21326 -1986 6246 -9619 -32768
-23700 19557 -3221 7345 -10647 -32601
-23992 17984 -3912 12372 -11196 -31965
-24481 17252 -4504 18611 -11778 -30286
-25540 20280 -5750 23784 -12572 -28254
-25714 23500 -6924 26423 -13001 -26507
-25317 26786 -8241 26308 -13589 -24160
-24614 29180 -9476 24983 -15043 -21967
-23302 30782 -10441 22400 -15649 -19655
-21693 31312 -11641 20475 -15228 -17944
-20278 31601 -12982 18763 -14025 -16091
-18740 31206 -14224 17645 -12707 -14511
-17193 30654 -15576 17311 -11369 -12638
-16184 30694 -16481 17416 -9935 -10672
-15342 30833 -16904 16862 -8700 -8100
-14109 31516 -16722 16964 -7753 -6419
-12844 31632 -16452 16222 -7351 -3706
-11490 32106 -16012 13747 -5185 -497
-11052 32178 -15784 10744 -3814 353
-9957 31224 -15838 7486 -2745 189
-8961 30261 -16022 5117 -1222 45
-7977 29068 -16132 3567 375 1216
-6686 28486 -16110 3185 1909 2817
-5594 28694 -15793 3825 2561 3992
-4109 28909 -15444 4215 3755 5564
-2620 30082 -14821 3314 4777 7117
-1517 31604 -13949 627 5297 7567
-365 32338 -13510 -2753 5253 7106
928 31661 -12622 -6432 6286 7269
2181 30137 -11557 -8985 7700 7970
3252 27324 -9974 -9571 9824 9561
4152 24354 -8238 -8134 11793 11155
5106 22362 -6180 -5903 13813 12283
5457 21697 -4186 -4705 15050 12913
5304 21754 -2642 -5056 14953 12696
5365 21084 -654 -6817 13666 12027
4962 21057 505 -10008 11842 11792
4276 20766 920 -13374 9976 11125
3741 19400 1258 -16344 8541 10796
3029 17254 1516 -17948 7908 11159
2356 15400 1805 -17920 7519 11616
1421 13678 2093 -17097 7329 12102
708 12341 2440 -15544 6750 12053
-26 11417 3018 -14033 5486 11428
-364 10916 3718 -12957 3703 10539
-1078 10382 3881 -12376 1547 9716
-1346 9769 3889 -11965 -570 9293
-1502 8957 3626 -11194 -2412 9117
-1629 7896 3316 -9334 -3831 8465
-1437 6201 3473 -6724 -3887 8164
-1565 5604 3450 -3749 -3165 7970
-2524 5974 3697 -917 -2054 7773
-3404 6800 3353 1141 -1052 7284
-4358 7873 2746 2177 -726 6525
-5682 9413 1526 2172 -1426 5571
-6610 10805 346 1841 -2844 4064
-7049 11860 -693 1460 -4323 2542
-7450 13122 -1769 1029 -5627 1015
-8133 14513 -2861 1012 -6203 -696
-8438 15529 -3114 1693 -5886 -2242
-9022 18157 -3534 2028 -4771 -2822
-9644 20460 -3558 2057 -3072 -3731
-8738 22685 -3301 746 -535 -4134
-8173 23060 -2864 -392 2127 -4562
-8024 23282 -2289 -2160 4612 -3539
-8213 23530 -2076 -3804 6366 -2549
-8566 23092 -1716 -5236 7112 -1994
-8040 22121 -1841 -5551 7009 -2139
-7586 20293 -1481 -4088 6222 -2630
-6794 20374 -908 -2602 5011 -2497
-6034 20581 -112 -1825 3993 -2353
-5298 20617 580 -1861 3252 -1893
-4825 20600 1152 -2308 2626 -1498
-4440 20581 1428 -3106 2035 -1397
-4332 20406 1394 -3897 1491 -1813
-4008 19669 1238 -4107 1186 -1831
-3610 18813 1050 -3797 1273 -1409
-3168 18153 944 -3083 1861 -1247
-3101 17825 872 -2093 2306 -1315
-3041 18009 822 -1407 2705 -1324
-3130 18385 825 -1215 2966 -1521
-3288 18620 829 -1542 3017 -1691
-3349 18854 849 -2226 2881 -1736
-3401 18998 681 -2790 2632 -1855
-3382 18776 536 -3147 2318 -1996
-3093 18649 480 -3362 2160 -1958
-3028 18092 364 -3060 2119 -1705
-3154 17644 230 -2417 2156 -1228
-3316 17632 100 -1600 2146 -733
-3657 17700 38 -1002 1867 -436
-3357 18017 -7 -597 1802 -569
-3470 17898 -38 -374 1728 -469
-3465 17952 28 -202 1678 -528
-3509 17955 14 -27 1580 -631
-3370 17957 142 126 1744 -705
-3322 17877 229 204 1970 -609
-3256 17941 264 226 2035 -752
-3172 18139 172 23 2113 -889
-3314 18273 174 -391 2079 -1057
-3542 18593 77 -846 1965 -1188
-3568 18634 69 -1199 1884 -1167
-3490 18612 36 -1326 1831 -1120
-3414 18832 66 -1265 1800 -1015
-3254 18785 -9 -1047 1714 -903
-3177 18616 -129 -493 1733 -655
-3428 18524 38 406 1852 -193
-3468 18586 248 1158 2210 54
-3569 18745 368 1410 2637 368
-3568 19041 448 1419 2885 410
-3593 19100 582 1027 2867 302
-3586 19034 525 552 2683 183
-3221 18757 481 320 2889 204
-3424 18814 513 111 2925 273
-3516 18781 582 -57 2648 309
-3573 18718 697 -282 2372 235
-3265 18666 680 -389 2351 276
-3252 18558 729 -381 2196 514
-3589 18734 562 -320 1699 655