3389 19022 -286 -6911 -16122 -3372
3321 19075 -255 -7500 -16728 -3582
3330 19183 -155 -8039 -16970 -3827
3437 18920 41 -8261 -17004 -4174
3439 18742 344 -8280 -17053 -4449
3282 18720 439 -8412 -17587 -4625
3423 18507 558 -8538 -18362 -4589
3670 18151 704 -8347 -19093 -4490
3861 18022 776 -7903 -19582 -4402
4090 17972 864 -7572 -19869 -4315
4221 17888 881 -7127 -20155 -4167
4398 17666 816 -6818 -20475 -4042
4553 17806 817 -6627 -20857 -3926
4912 17812 556 -6442 -21479 -3638
5322 17722 319 -6187 -21980 -3310
5509 17641 192 -6008 -22145 -3068
5582 17790 156 -6016 -22197 -2901
5676 17838 188 -6111 -22187 -2783
5798 17774 208 -6165 -22201 -2698
5924 17796 254 -6153 -22278 -2534
6071 17800 147 -6064 -22553 -2294
6245 17934 74 -5964 -22799 -1942
6379 18048 -44 -5726 -22617 -1527
6520 18106 46 -5323 -22122 -1060
6569 18257 139 -5164 -21752 -829
6663 18469 175 -5582 -21713 -854
6853 18597 89 -6626 -21803 -932
7596 18129 -46 -7075 -21602 -980
7711 18418 83 -6754 -21170 -950
7668 18745 121 -6178 -21534 -253
7420 18735 -161 -5507 -21645 953
7533 18666 -362 -4958 -21639 1608
7838 18716 -336 -4931 -21444 1941
8095 18889 -478 -5458 -21180 2205
8895 18654 -626 -6500 -20895 2353
9388 18404 -644 -7398 -20710 2243
9881 18130 -585 -8163 -20335 2009
10345 17768 -437 -8613 -19684 1753
10576 17430 -204 -8827 -18940 1342
10526 17366 40 -9130 -18407 883
10348 17498 148 -9585 -18025 476
10343 17525 397 -10359 -17484 60
10579 17255 979 -11593 -16515 -387
10880 16692 1591 -12283 -14920 -717
11210 15961 2170 -11751 -13038 -970
11434 15618 2720 -10717 -11347 -1144
11636 15548 3257 -9704 -9902 -1217
12381 15668 3858 -8984 -8764 -1299
12914 16120 4408 -8867 -8083 -1376
13241 16493 4745 -9470 -7860 -1444
13369 16686 4912 -10517 -7865 -1396
13436 16500 4837 -11415 -7866 -1178
13083 16003 4725 -11483 -7864 -782
12444 15476 4564 -11065 -7637 -440
11757 14792 4569 -10364 -6961 31
10835 13731 4977 -9174 -5326 638
10068 12708 5438 -7980 -3410 916
9333 11841 5809 -6927 -1701 876
8380 11114 6392 -5885 49 569
7512 10632 6866 -5491 1092 56
6708 10224 7068 -5446 1375 -666
5585 10064 7185 -5584 1007 -1726
4866 9621 7124 -5576 399 -2550
4063 9169 7107 -5143 -336 -3314
3311 8638 6994 -3892 -883 -4137
2404 8524 7045 -2573 -1081 -5434
1452 9156 6617 -2045 -1213 -7324
790 9432 6178 -1934 -1300 -9344
-240 10510 5961 -2700 -1905 -11532
-1369 11601 5389 -3847 -3178 -12603
-2314 11872 5015 -4381 -4331 -12971
-2720 11996 4756 -4168 -5145 -12810
-2652 11602 4780 -2711 -5052 -12617
-2289 11168 5143 656 -3723 -12851
-2658 11120 4796 1574 -2059 -13428
-2684 11579 5217 2935 -351 -15162
-2840 12298 5006 3388 492 -16163
-3389 13368 4692 2757 1210 -17110
-4488 14507 4588 1117 754 -17828
-4848 14304 4540 -73 66 -17734
-4700 13916 4588 112 -53 -17685
-4728 13870 4267 1629 180 -18114
-5777 16136 3377 4067 -69 -19146
-7282 20385 2149 4766 -1375 -19634
-8337 25280 1060 1337 -3373 -19214
-8407 27397 639 -5662 -4216 -17510
-7253 24519 976 -12065 -1992 -14993
-7253 18132 2353 -9576 2048 -13073
-7069 14205 3807 512 4749 -12858
-7416 15121 4634 9758 4659 -13110
-8452 18496 4550 13495 1875 -12639
-8705 20465 4129 12969 -996 -12371
-9073 21108 3478 11160 -2413 -11957
-9104 21356 2996 10048 -2484 -11600
-9407 21550 2512 8975 -1931 -11177
-9588 21586 2038 8218 -1200 -10892
-9664 21302 1728 9053 -680 -10797
-9656 21216 1381 11404 -676 -10526
-9928 21897 993 12466 -1356 -10168
-10036 22488 486 12010 -1971 -10034
-10297 23077 198 11031 -2397 -9762
-10486 23523 16 9975 -2371 -9360
-10645 23480 170 9311 -2074 -9005
-10628 22977 523 9269 -1835 -8634
-10618 22700 824 9792 -1914 -8436
-10902 23131 879 10255 -2697 -8082
-11165 23961 762 10585 -4261 -7050
-11092 24370 568 10911 -5576 -6095
-10975 24410 373 11212 -6702 -5187
-10776 24440 160 11406 -7528 -4428
-10381 24517 -405 11296 -8026 -3528
-9910 24625 -1096 11067 -8388 -2562
-9678 25144 -1568 10450 -8489 -1831
-9369 25674 -2038 9213 -8793 -1198
-9100 25752 -2300 8281 -8995 -617
-8612 25883 -2439 7039 -9405 210
-7858 25630 -2605 5930 -9697 1187
-7648 26472 -3219 4803 -9941 2072
-7313 27271 -3805 3109 -10275 2993
-7097 27665 -4373 1877 -10507 3729
-6068 27105 -4503 700 -10449 5023
-4824 26062 -4205 -49 -9742 6471
-3538 24449 -3743 245 -8565 8018
-2451 22876 -3121 2032 -6882 9996
-1447 22087 -2624 3914 -6001 11842
-574 21984 -2246 3756 -6338 13103
245 21936 -2420 2165 -7037 13735
1395 21094 -2739 -78 -7090 13985
2366 19988 -2982 -928 -5818 14152
2955 19062 -3251 -233 -4040 14452
3317 18855 -3388 1065 -1846 15119
3376 18877 -3317 1144 -653 15655
3416 18556 -3168 -838 0 15672
3762 17628 -2568 -3647 1030 15411
4064 16536 -2235 -5348 2316 14985
4402 14995 -1761 -5046 4212 14858
4278 14866 -1224 -4105 5479 14735
3834 15120 -917 -3629 6236 14559
3410 15475 -502 -4287 6108 14409
3539 15197 51 -5865 5800 14158
3562 14720 432 -6501 5805 13799
3530 14776 469 -6208 5977 13527
3485 14828 525 -5666 6322 13399
3988 14510 556 -4301 7080 13425
4477 14529 556 -2356 8146 13215
4175 15301 418 -1076 8458 12731
3812 16613 275 -1102 7855 12143
3786 16897 221 -2426 7114 11573
3736 16365 197 -3040 7260 11088
3798 15447 332 -2151 7961 10599
3778 14830 496 -204 8925 10131
3494 15038 686 1319 9634 9623
3012 15684 1050 2329 10025 8764
2560 16688 1172 1830 9680 7552
2396 17101 1182 474 8729 6654
2328 17039 1062 -197 7410 6105
2114 17356 752 -359 5796 5603
2046 17550 573 -274 5043 5219
1914 17558 542 -11 4899 4876
1854 17498 644 370 5115 4529
1780 17456 628 610 5375 4347
1770 17412 1101 854 5737 3776
1536 17482 1367 966 5790 2804
1257 17864 1594 663 5209 2097
1162 18046 1636 214 4579 1642
1221 18172 1705 -371 3750 1195
1401 17833 1809 -726 2928 819
1540 17730 1729 -471 2201 459
1876 17654 1565 152 1666 156
2253 17800 1356 728 1406 8
2556 17952 1300 1248 1271 -102
2813 18022 1022 1693 1138 -157
2986 18017 838 2039 932 -185
3198 18137 580 2173 720 -251
3376 18250 511 1801 582 -311
3779 18404 489 816 961 -379
4129 17973 584 212 1903 -487
4369 17594 762 213 3004 -641
4445 17325 806 563 3763 -758
4548 17276 968 1081 4232 -759
4637 17348 1189 1570 4353 -628
4648 17637 1320 1800 3826 -457
4720 18004 1350 1536 3016 -490
4829 18259 1451 820 2134 -639
4860 18456 1499 -285 1441 -854
4941 18286 1464 -865 1444 -900
4969 17926 1498 -686 1812 -822
4841 17689 1370 100 2290 -674
4834 17770 1412 1031 2596 -442
4929 17989 1384 1674 2637 -142
5044 18406 1361 1667 2446 -3
5094 18557 1482 1213 2247 -22
5214 18374 1536 704 2135 -103
5228 17964 1529 595 2241 -178
5153 17643 1481 1505 2690 -216
4974 17777 1408 2472 3157 -101
4808 18032 1388 2941 3365 -1
4801 18256 1529 2714 3369 -122
4732 18352 1496 2333 3333 -199
4764 18246 1627 1496 3260 -391