-205 17974 1197 -1524 -6742 -1114
-242 18080 937 -348 -7402 -831
-208 18420 678 263 -8535 -754
-233 19096 108 -139 -10071 -899
-236 19646 -492 -1330 -11290 -1197
-129 20061 -990 -2689 -12066 -1473
149 20094 -1173 -3925 -12379 -1705
389 19802 -1266 -4480 -12244 -1868
568 19629 -1677 -4401 -12049 -1820
1240 19289 -1634 -3811 -11864 -1626
1566 19238 -1725 -2915 -11783 -1370
2258 19122 -1994 -2038 -11990 -1000
3165 19112 -2296 -1167 -12354 -620
4217 19368 -2490 -520 -12690 -359
5196 19850 -2668 -187 -12739 -66
6216 20758 -3136 -164 -12625 59
7150 21228 -3294 -576 -12443 236
7844 21781 -3533 -1186 -12332 500
8852 22008 -3430 -2024 -12012 806
10174 21932 -3069 -2896 -11258 916
10872 22113 -2746 -4036 -10276 843
11592 22329 -2242 -5501 -9390 734
12318 22080 -1998 -7044 -8495 734
13190 21490 -1536 -8262 -7473 851
13854 20390 -1130 -8613 -6193 1309
14657 19168 -638 -8216 -4614 2117
15316 18137 -88 -7291 -2893 3100
15473 17196 376 -5980 -1231 4244
15286 17024 622 -5215 71 5244
15420 16254 962 -4700 1196 5964
14938 16160 1348 -4967 2123 6409
14768 15552 1926 -5843 3117 6639
14441 14698 2562 -6766 4094 6724
13940 13885 3057 -7442 5054 6762
13620 13122 3922 -7772 5829 6731
13232 12577 4576 -7821 6550 6603
12966 12046 5134 -7644 7303 6456
12530 11512 5564 -7184 8014 6365
12157 11046 5785 -6450 8541 6325
11846 10636 5918 -5493 8741 6330
11550 10453 5878 -3991 8791 6353
11134 10328 5646 -2195 8702 6326
10564 10220 5693 -333 8573 6107
9894 9634 5638 1063 8620 5644
9718 8928 5829 1817 9100 5149
9360 8168 6025 3075 9837 4212
8538 7616 6024 4755 10258 2658
7482 7564 5600 7056 9866 585
6750 8027 4611 9633 8587 -1409
6284 8787 3602 11307 7160 -2958
5368 9864 2313 11872 5683 -4151
4793 10597 1842 11292 4570 -5193
3985 10848 1450 9991 3827 -6474
3237 11224 1448 7975 3390 -7927
2454 11286 1781 5456 3166 -9619
1865 10894 1978 3088 3109 -11378
1260 9942 2046 1757 3038 -13392
234 9786 1842 1823 2734 -15167
-1392 11178 984 1752 1169 -17614
-2601 13028 526 -874 -883 -19639
-3229 13094 909 -4071 -1644 -20589
-3866 11274 1482 -6275 -1163 -21945
-5282 9492 1660 -3540 -97 -23822
-6753 9565 1682 277 314 -24855
-8708 11118 1301 3756 4 -25615
-10558 13460 518 5501 -1191 -25970
-11612 15312 36 5378 -3060 -25920
-11956 16319 260 2464 -4558 -26026
-12529 15459 921 -284 -4429 -25824
-12952 13446 1841 -978 -3868 -25470
-14081 11912 2160 2570 -3423 -24888
-16286 13777 1806 7697 -3938 -24436
-18589 19129 269 9157 -5872 -24353
-19033 22477 -206 6486 -7211 -23813
-18178 22851 113 -453 -6858 -23379
-17206 18876 591 -5990 -4735 -22200
-16976 15940 1574 -4668 -3640 -21386
-17625 14749 2187 673 -3571 -20986
-18222 14896 2354 4093 -4396 -21131
-19152 16488 2356 5776 -5188 -21192
-19693 17772 1932 5690 -5369 -21502
-19820 18129 1449 4495 -5289 -21849
-20062 17550 1120 3377 -4991 -21381
-20022 16100 1227 4908 -4480 -19726
-20384 15487 1407 8370 -4989 -18307
-20652 15764 1362 11152 -6306 -17656
-21313 16204 974 12591 -7686 -17226
-21529 16401 600 12921 -8576 -16760
-21290 16409 205 12286 -9086 -16589
-21100 16175 -370 11759 -9117 -16387
-20908 16137 -982 12094 -9038 -15869
-20634 16536 -1478 13279 -9193 -15041
-20476 17209 -1729 14247 -9486 -14408
-20350 17890 -1858 13915 -9506 -14014
-20107 18827 -2044 12766 -9258 -13587
-19861 19787 -2115 11068 -8679 -12935
-19578 20194 -2089 10178 -7876 -11912
-19282 20194 -2109 10409 -7212 -10580
-18854 20225 -2158 11132 -6633 -8930
-18317 20256 -2038 12246 -6104 -6517
-17866 20748 -1722 12770 -5836 -3973
-17484 20865 -1454 11859 -5807 -2395
-16898 20644 -1213 10454 -5758 -770
-16032 20389 -1599 9781 -5782 1446
-15557 20532 -1784 10260 -5919 3205
-15420 21377 -2094 10596 -6284 4971
-15272 21919 -2158 10316 -7387 7346
-14680 21639 -1972 9546 -8982 10288
-14122 21406 -1770 9415 -10147 12556
-13697 21572 -1608 9972 -10784 14306
-13002 21966 -1632 10878 -10946 15759
-12024 22664 -2179 11978 -10843 17437
-10718 22666 -2482 12549 -10260 19149
-9877 22221 -2624 12316 -9186 20173
-9045 21879 -2741 11437 -7770 21127
-7888 21510 -2788 9614 -6864 22384
-7073 21001 -2744 8050 -6596 23300
-6264 20442 -2724 7089 -6051 23707
-5452 19794 -2630 6682 -5256 24173
-4706 19217 -2518 6683 -4081 24679
-3944 18570 -2398 6944 -2766 25308
-3516 18748 -2309 6745 -1440 25881
-2843 18877 -2187 5251 -254 25919
-2396 18746 -2298 3630 437 25756
-1708 17880 -2007 2162 1240 25499
-910 16688 -1398 1379 2938 25270
-568 16588 -962 1274 4397 24850
-406 16648 -814 1112 5427 24351
-444 17114 -777 312 5934 23797
14 16526 -559 -1061 6400 23253
368 15762 -461 -1936 7012 22810
656 15897 -207 -2865 7509 21890
1136 15724 104 -3489 8413 20914
997 15921 518 -3869 9179 20043
736 16196 878 -4470 9508 19273
447 16070 901 -5171 9254 18625
261 15775 813 -5965 8452 17931
349 15359 640 -5952 7308 17598
796 14634 841 -5053 6810 17363
1153 14002 1080 -3157 7312 16678
1342 13806 1520 -871 8524 15828
1315 14280 1750 593 9691 14477
1022 14958 2084 527 10067 13069
751 15380 2346 -909 9667 11686
669 15455 2711 -3282 8698 10097
873 14583 2824 -4659 7653 8613
832 14160 2958 -4298 6976 7850
858 13850 2806 -3097 6621 7436
1032 13697 2994 -1808 6547 6941
1078 13842 3204 -872 6793 6319
1135 14067 3362 -400 6851 5516
1106 14209 3369 -295 6280 4646
1192 14148 3282 -210 5543 4136
1209 14656 2946 268 4280 3599
1358 15304 2572 954 2913 3241
1565 15490 2321 1740 2265 3188
1953 15187 2273 3175 2156 3063
2276 14894 2398 4887 2510 2720
2420 15260 2578 6052 2887 2005
2240 15892 2660 6234 2836 1379
2171 16604 2642 5467 2420 643
1949 17302 2469 3574 1098 -392
1888 17648 2097 2088 -175 -971
2116 17562 1768 1842 -725 -1067
2296 17481 1454 2428 -781 -1035
2522 17568 1404 3652 -439 -963
2318 18393 1413 4446 295 -1225
2276 18994 1664 3854 931 -1450
2277 19092 2085 2715 1329 -1738
2280 18836 2169 1349 1443 -2243
2298 18754 2269 932 1110 -2149
2480 18784 2152 1900 839 -1587
2714 19154 2125 3009 628 -1130
2720 19629 2251 2974 445 -1022
2793 19885 2421 2030 161 -1117
2834 19968 2424 1125 -196 -1260
2874 19792 2464 272 -642 -1358
2980 19506 2236 100 -1049 -1160
3132 19196 2056 932 -1122 -591
3297 19104 2001 1932 -1058 -173
3440 19297 1902 2455 -1076 96
3521 19553 1788 2267 -1222 225
3710 19497 1806 1580 -1413 275
3968 19284 1705 605 -1567 176
4205 18936 1588 -13 -1522 21
4355 18708 1379 152 -1334 33
4448 18674 1185 945 -1038 165
4509 18795 1102 1734 -625 258
4460 19086 1226 1741 -322 178
4479 19197 1341 1078 -241 37
4553 19083 1304 126 -503 -172
4667 19210 1074 -520 -967 -386
4506 19441 794 -862 -1350 -429
4412 19390 752 -940 -1488 -403
4408 19159 660 -552 -1361 -295
4476 19028 424 106 -1272 -227
4415 19166 342 185 -1272 -239
4562 18893 358 -69 -1293 -168
4387 18850 306 -671 -1165 -181
4550 18418 498 -1131 -918 -262