7627 17069 2515 -4985 -6939 5997
7988 16872 2638 -5629 -7409 5947
8220 16734 2668 -6329 -7584 5642
8736 16242 2839 -7158 -7337 5115
9433 15646 3195 -7428 -6368 4444
10230 15124 3658 -7176 -5490 3949
11064 15299 4034 -6866 -4640 3403
11878 15187 4762 -7545 -4374 2833
12381 14663 5187 -8717 -4785 2434
12488 13977 5593 -9860 -5380 2108
12966 12673 6053 -9802 -5491 1807
13359 11628 6200 -8570 -4882 1411
13042 11484 5912 -7297 -4070 1029
12560 11457 5904 -6511 -3317 911
11837 11432 5822 -5815 -2446 875
11598 11227 5737 -4868 -1480 701
11450 11104 5524 -3860 -801 455
10992 11074 5269 -3049 -146 162
10032 10559 5348 -2140 1052 24
9188 9401 5844 -638 2927 402
8922 9000 6096 1443 4642 591
7848 9000 6344 3909 5087 -38
7012 9540 7045 5161 3129 -1243
6106 9934 7018 4327 563 -2274
5564 10381 6740 2836 -1412 -3288
5193 10996 5965 1303 -2892 -4252
5062 11284 5482 -132 -3662 -5286
5010 10968 5170 -109 -3654 -6162
3648 11533 4524 -497 -3102 -6396
4617 9026 4616 490 -1746 -7558
3736 9866 5129 2312 -791 -9008
3432 10141 5446 3042 -475 -9607
2883 10065 5585 3239 -430 -10606
2012 10000 5611 3413 -1152 -11971
1031 10021 5304 3903 -2112 -13203
488 10378 4761 4567 -2695 -14607
-196 10454 4594 5164 -2742 -15395
-600 10542 4424 5855 -2162 -16610
-1418 10685 4417 6237 -837 -18609
-2178 11202 4388 5592 -201 -20520
-3715 12478 4160 3811 -765 -22218
-5011 13824 3631 951 -2502 -23563
-5980 14706 2796 -1061 -4328 -24323
-6321 14876 2488 -1492 -4712 -24346
-6496 15107 2767 -1189 -3663 -24392
-7186 14702 3232 -696 -2063 -25238
-8236 14714 3758 -758 -1124 -26542
-9640 15130 4013 -1832 -884 -28160
-11479 15990 3825 -3853 -1251 -29544
-12618 16457 3714 -5379 -1652 -29629
-13616 16579 3383 -5614 -1757 -29345
-14289 15165 3182 -3089 -1004 -28869
-15481 14042 2745 1632 -251 -28094
-16304 13832 2536 4622 -51 -27429
-17116 14523 2369 7198 -131 -26794
-17818 15826 1965 8263 -437 -26283
-17730 16405 1684 6677 -507 -25990
-18179 16149 1245 4632 -465 -25533
-18404 15122 1118 3636 -549 -24987
-18810 13884 1028 4633 -553 -24573
-19479 13418 1024 7144 -1097 -24272
-19962 13042 940 9358 -1801 -24080
-20911 12831 786 11667 -2831 -23842
-22113 12822 408 14055 -4500 -23504
-22938 13445 170 15456 -6078 -23304
-23186 13976 -36 15765 -7036 -23173
-23342 14444 -323 15573 -7864 -22950
-23460 14591 -804 14656 -9093 -22428
-23316 14200 -1312 14126 -10167 -21761
-23000 13392 -1992 14751 -10925 -20864
-22577 12497 -2644 16344 -11582 -19537
-22318 12176 -3036 17890 -11814 -18566
-21982 12218 -3346 18851 -11560 -18039
-21749 12964 -3405 18520 -10606 -17957
-21562 13936 -3128 16299 -9338 -18350
-21834 14960 -3022 13707 -8610 -18853
-22047 15519 -3062 10128 -8152 -19043
-22344 16406 -2927 5411 -7688 -18543
-22468 16665 -2948 2963 -6663 -17244
-22520 17248 -2774 2216 -5721 -15667
-22433 17706 -2540 1701 -4942 -14271
-22504 18719 -2002 696 -3270 -12071
-21795 18991 -1037 -812 -1211 -9668
-21428 18556 -416 -771 323 -7475
-21324 18174 -42 568 1374 -5731
-21334 17853 267 3561 2193 -3289
-21338 18146 333 8109 2628 451
-21252 19045 195 11623 2216 4629
-20757 19641 -140 12962 1462 8893
-19917 19628 -429 12133 843 12208
-19317 18960 -712 11112 928 14268
-18994 18784 -1018 10751 1471 15480
-18780 19044 -1224 10570 2195 16980
-18524 19549 -1640 10050 2960 19272
-17704 19560 -2005 8919 3207 21256
-16940 19346 -2284 8152 3136 22528
-15947 19585 -2488 6922 3132 24011
-14932 19834 -2796 5352 3564 25137
-14240 20263 -3088 3752 4297 25856
-13052 19868 -3245 2282 4994 26764
-12342 19262 -3254 1791 5760 27903
-11579 19017 -3139 1475 6630 29346
-10410 18325 -2781 1239 7418 30697
-9782 17714 -2449 938 8236 31556
-8793 16992 -2178 860 8795 32407
-8238 16480 -1821 724 9040 32767
-7506 15942 -1518 267 9070 32767
-6888 15812 -1378 -392 9037 32767
-6109 15009 -1050 -992 9315 32767
-5528 14596 -790 -1177 9698 32734
-4779 13876 -526 -1153 10303 32454
-4116 14055 -625 -1228 10385 31667
-3140 14165 -597 -2203 10099 30642
-2170 14067 -514 -4248 10168 29241
-579 13021 -330 -5430 10870 27509
177 12193 150 -5428 11687 26015
629 12181 453 -5393 12370 24878
966 11846 468 -4990 12953 23880
1159 12618 298 -4786 13136 22721
1493 13138 360 -4813 13014 21347
1739 13632 510 -5548 12843 20085
2096 13604 416 -6166 12893 19126
2498 13214 434 -6104 13559 18336
2720 12862 364 -4834 14713 17344
3030 12924 200 -2690 15875 16380
2681 13909 292 -1155 16650 14858
2157 15056 635 -2008 16280 12852
2097 15333 1054 -3833 15662 11186
2578 14746 1224 -4161 15562 10046
2732 14352 1694 -3288 15764 8973
2730 14220 2021 -1891 16060 8015
2500 14551 2071 -326 16031 7006
2157 15064 2234 769 15367 6028
1521 16139 2420 337 13950 4677
1356 16504 2446 -710 12191 3515
1377 16197 2420 -949 10941 2963
1367 15846 2227 -69 9562 2664
1330 15954 1974 1376 8277 2614
1137 16372 1804 2398 7202 2559
893 16948 1792 2674 6338 2266
726 17686 1808 2028 5612 1650
824 18228 1602 892 4943 1066
1004 18373 1449 -97 4361 668
1285 18149 1288 -499 3917 390
1374 18289 1161 -413 3446 220
1438 18512 1180 -354 2929 166
1574 18484 1273 -467 2503 197
1650 18397 1365 -490 2087 101
1852 18561 1337 -550 1423 -9
2312 18616 1016 -645 547 -54
2713 18243 672 -449 -239 116
3143 18051 428 396 -569 532
3444 17956 364 1225 -407 824
3874 17968 362 1944 -44 1070
4104 17918 430 2547 311 1151
4432 17952 487 2904 274 1105
4628 18116 445 2942 -65 961
4698 18514 534 2405 -392 814
4876 18240 742 1575 -580 605
5054 17779 1150 795 -261 314
5275 17279 1373 1094 281 140
5397 17057 1537 2038 897 130
5603 17145 1503 3112 1322 209
5838 17499 1390 4073 1464 337
6081 17853 1036 4524 1253 395
6218 18111 704 4453 967 408
6176 18284 464 4226 851 334
6253 18703 357 3267 1041 51
6131 19026 341 1592 1885 -378
6053 18925 592 651 2717 -635
5886 18798 813 331 3318 -669
5570 18694 958 436 3362 -337
5330 18634 1125 628 2971 130
5236 18429 1186 797 2809 363
5042 18218 1334 995 2810 483
4928 18164 1461 1008 3032 457
4765 18166 1492 843 3315 326
4612 18193 1400 742 3490 286
4369 18354 1506 625 3340 291
4294 18424 1537 405 3100 264
4366 18358 1586 122 2840 244
4692 18129 1733 -59 2677 296
4986 17701 1903 200 2762 388
5069 17597 1952 817 3025 471
5037 17772 1990 1331 3146 541
5076 17897 2029 1681 3187 606
5242 18020 2034 1821 3314 603
5380 18192 2174 1557 3473 559
5514 18127 2208 1170 3491 438
5606 17861 2333 1275 3541 551
5670 17578 2346 1668 3644 757
5965 17082 2378 2755 3862 1267
6392 16946 2129 4357 3904 1865
6581 17254 1854 5358 3686 2268
6562 17558 1693 5746 3444 2449
6370 18030 1350 5461 3169 2319
5988 18491 1211 4510 2859 1903
5599 19185 1073 2509 2803 1392
5560 19032 1088 959 3089 1139
5636 18706 988 522 3631 971