-9997 13121 -3156 22967 -3043 -20524
-11601 13558 -2716 21825 -1368 -21985
-13268 13240 -3132 20556 -641 -23053
-14737 12658 -3757 20058 -766 -23581
-15705 12534 -4724 20456 -1339 -23677
-16884 12673 -5498 21142 -2129 -23264
-17956 12741 -6224 21598 -3141 -22481
-18790 12881 -6836 21617 -4479 -21523
-19638 12445 -7629 21730 -5758 -20367
-20481 12050 -8094 22191 -6862 -19011
-21113 12360 -8464 22500 -7687 -17742
-21850 12360 -8649 23188 -7896 -16494
-22037 12328 -8798 24311 -7797 -15402
-21898 12736 -8862 25918 -7175 -14415
-21576 13733 -8946 27034 -6254 -13376
-21036 14238 -8417 27445 -4954 -12324
-20378 14606 -8264 27165 -3620 -10936
-19882 14766 -8090 26730 -2127 -9337
-18837 14590 -7746 26670 -423 -7195
-18358 15076 -7053 26078 1738 -5141
-18052 15336 -6092 24358 3664 -3090
-17777 14945 -5038 22223 4994 -998
-17440 14794 -4345 19927 5927 1017
-16973 14514 -3926 17385 7033 2948
-16833 13901 -3770 14903 7785 4739
-16554 12816 -3650 13397 7880 6561
-16577 12829 -3210 11630 7444 7783
-16753 12646 -2593 9194 6363 8535
-16896 11870 -2178 6785 4631 9212
-16778 11473 -1938 4596 2861 9779
-16454 10784 -1884 2408 1281 10001
-15806 9506 -2094 1155 -4 10181
-15433 8662 -2454 1192 -914 10484
-15113 8052 -2534 1378 -1572 10596
-14989 7410 -2546 2155 -2127 10469
-14981 6961 -2124 3243 -2342 10092
-15257 7172 -1672 4162 -2281 9615
-15354 7809 -1276 4401 -1836 8949
-15732 8470 -1220 3894 -911 8132
-15917 9060 -1308 2724 -85 7140
-16224 9258 -1620 1176 441 6298
-16766 9777 -1985 -659 929 5715
-17646 10320 -2276 -3402 1316 5316
-18228 10842 -2140 -6640 1617 5347
-19085 11500 -1523 -10533 1632 6228
-19746 11201 -530 -13399 1539 7677
-21209 11174 -156 -14298 601 9099
-22004 12610 -442 -15002 -902 10539
-23578 13689 -972 -15857 -2007 12015
-24982 14377 -1128 -17163 -1687 13729
-26772 15236 -1920 -19252 -437 15461
-27930 15542 -3280 -20989 -1268 16988
-29373 17060 -3141 -22932 -3505 19622
-30390 17996 -3332 -25301 -6217 22370
-29609 17448 -2962 -25486 -8618 24156
-27114 17248 -2741 -23555 -9940 25902
-24832 16946 -2606 -20160 -9335 27132
-22964 17012 -2656 -16813 -8331 27835
-19805 16004 -2355 -10897 -6682 28653
-16444 17189 -2610 -1915 -2457 29237
-14052 19640 -3660 3033 1504 28778
-10969 22544 -5480 4855 3808 28785
-8998 24612 -7602 3749 4301 28556
-5718 27506 -9595 3672 5572 28989
-596 27035 -10352 618 7283 29652
2792 25301 -10338 -1022 10905 31615
3670 25634 -8414 -3508 12867 32057
5068 23410 -7326 -5645 12235 31061
6972 20257 -6548 -9110 14090 32149
6615 18053 -6018 -13323 16964 32755
5948 15284 -5268 -15080 18671 32145
5677 14179 -4367 -15538 20329 31255
4848 13390 -4324 -15324 21932 30802
4841 11947 -4070 -14902 22397 31257
4870 9601 -4133 -13712 22084 31992
4807 7516 -3292 -11583 21065 32727
5234 5670 -2382 -8921 19151 32382
5738 5098 -1636 -6759 18024 31488
5640 5094 -1493 -4380 16675 30211
5488 4769 -725 -2072 15876 28476
5065 4560 292 -1034 15928 27573
4151 4207 813 -84 16081 26319
2928 3589 1301 479 15463 24559
1528 3059 1556 1056 16519 22043
-394 701 1324 2810 17272 18241
-718 -1454 1296 5953 17301 14426
-1177 -4888 -534 12584 14831 7363
-4925 -3772 280 18430 13298 2963
-6154 -200 2022 20822 12174 -2149
-7613 1344 3332 18866 10699 -6774
-9536 3635 4357 14654 9612 -13126
-11618 4793 4886 9216 8532 -18318
-13756 5012 4841 5718 7710 -22283
-16218 5672 4280 3753 6413 -26075
-18360 5396 3704 3046 4574 -28765
-20538 5942 3166 2614 1705 -31000
-22413 6964 2656 2814 -1564 -32620
-23749 7797 2300 4428 -3767 -32768
-25054 9017 2201 6695 -4861 -32768
-26034 11252 2164 8302 -4932 -32768
-26905 14100 1598 9432 -4983 -32768
-27652 15934 612 9725 -5684 -32768
-28365 18442 -452 8323 -7159 -32768
-28448 20601 -1716 6159 -8794 -32768
-28046 20966 -2454 4510 -9956 -32768
-27347 20745 -3270 4680 -9810 -32768
-27186 21477 -4090 6954 -8528 -32768
-27045 23238 -4452 9067 -6827 -32768
-26668 26952 -4799 9214 -5157 -32768
-26122 31224 -5553 6424 -4518 -32455
-25141 32767 -6452 2258 -4610 -30242
-23838 32767 -7109 -1203 -4291 -27124
-22218 32767 -7425 -2849 -3283 -23339
-20812 32146 -8008 -1256 -2140 -19326
-19797 29733 -8692 4444 -1071 -14913
-19284 29382 -8944 11710 -414 -10323
-18748 30377 -9116 18435 -185 -7349
-17626 32102 -8669 23079 -330 -5304
-16526 32767 -8228 23954 10 -3233
-14984 32767 -7554 20452 -8 -1428
-11527 32767 -6796 13902 -15 -851
-8416 32767 -6288 6764 211 -812
-5629 32767 -5718 1717 1674 535
-3292 32767 -4652 278 4292 2516
-1535 32709 -3399 1347 6490 4302
-680 32333 -2392 2294 7188 5353
219 32767 -1279 1440 7449 6142
1596 32767 271 -1856 7283 6849
1942 32737 1136 -4957 7012 7197
1626 31868 1770 -9693 6900 8148
1120 29533 2460 -14960 7311 11178
-246 28273 2444 -18193 6980 13907
-1666 26212 2774 -20455 6204 16179
-2170 22204 2904 -20614 5523 17734
-2348 19305 2952 -19209 5453 18925
-3173 17456 3093 -17678 5481 19585
-3810 14420 2908 -16003 4975 19503
-4124 13000 3330 -14494 4231 19109
-4193 11193 3392 -12789 3230 17838
-4570 10822 3520 -11566 2405 16449
-4566 10406 3352 -10838 1835 15347
-4677 10049 3437 -10463 1264 14315
-4449 10114 2696 -10309 385 13049
-4617 9997 2134 -9776 -397 11502
-4516 10289 1972 -8803 -942 10139
-4966 10361 1776 -7745 -1419 8769
-5289 10496 1508 -7227 -1768 7586
-5362 9870 1190 -6703 -1868 6236
-5452 9448 1106 -5824 -1545 5265
-5546 9562 1589 -4669 -228 4375
-6108 11152 2232 -4126 1696 3548
-6554 12290 2750 -4238 3914 2234
-6825 13076 3241 -4947 5755 1288
-7153 13764 3206 -6112 6861 877
-7472 14194 3026 -7443 7292 912
-8006 14361 2818 -8504 6787 1295
-8453 14332 2689 -9021 5945 1828
-8494 13622 2524 -7406 5199 1538
-8650 14118 2734 -4727 4840 1453
-8310 14777 3406 -2421 4961 1487
-8102 15488 3961 -1258 5244 1650
-7716 15841 4544 -574 5307 1621
-7470 16352 4940 -221 5260 1241
-7222 16605 5324 -320 5155 724
-6850 16917 5502 -908 4992 329
-6676 17045 5505 -1671 4794 -65
-6508 17044 5485 -2300 4608 -504
-6368 16768 5864 -2642 4569 -774
-6236 16257 6450 -3231 4682 -915
-6080 16808 6406 -4423 4496 -1391
-5940 16088 6221 -5456 4104 -2330
-5702 16274 5978 -5543 3941 -3072
-5504 16221 5957 -4994 3845 -3637
-5344 16744 5744 -4286 3762 -3791
-5284 16990 5490 -3538 3522 -3818
-5249 17368 5237 -2400 3377 -3559
-5000 17594 5396 -1348 3109 -3175
-4572 17902 5269 -406 2699 -2810
-4501 18021 5178 235 2129 -2184
-4537 18321 5297 553 1672 -1452
-4462 18648 5249 530 1233 -1079
-4348 18334 5169 430 791 -689
-4565 17990 5140 430 546 -280
-4692 18034 5214 304 203 -138
-4311 17963 5189 371 -94 -75
-4045 17900 5300 433 -136 212
-4036 17820 5453 451 -3 276
-4021 17732 5497 550 123 397
-4109 17548 5384 707 90 514
-4037 17450 5276 1055 67 556
-3982 17729 5278 1219 26 669
-4197 17972 5256 1011 -14 827
-4488 17836 5261 628 -191 1126
-4472 17560 5237 485 -473 1506
-4546 17241 5185 660 -798 1811
-4642 17004 5022 1008 -1123 2075
-4650 16954 4772 1286 -1588 2292
-4860 16888 4537 1760 -2102 2233
-4702 16866 4350 2219 -2278 2103
-4402 16790 4290 2805 -2185 1855