-7420 7852 14317 -842 244 181
-7591 7990 14302 -1238 372 -133
-7752 7432 14184 -1058 512 -346
-7910 7194 13985 -845 247 -343
-7881 6991 14080 -474 29 -14
-7938 7077 14122 -164 -71 297
-8109 6862 14120 245 -113 455
-8113 6944 14141 629 -56 510
-7978 6960 14064 896 123 438
-7960 6996 14060 1052 235 368
-7930 7161 13980 1199 448 364
-7825 7273 13940 1268 896 548
-7877 7341 14070 1258 1352 911
-7920 7406 14010 1301 1486 1225
-8004 7444 13981 1417 1488 1598
-7901 7780 13920 1470 1404 2020
-8347 7694 13844 1747 1146 2699
-8256 7542 13901 2681 -489 2708
-8174 6014 14178 4039 -253 4068
-8464 7107 14518 5992 579 6247
-9134 7090 14135 7330 32 8139
-8793 7658 15434 8745 -1925 9518
-8924 7976 15205 10527 -2841 11212
-8714 7720 14838 13374 -1453 13150
-8174 8446 14904 14817 -1877 14872
-7895 9982 15019 16660 -2954 16373
-7517 11272 14965 19533 -3299 19735
-8280 13109 14854 21498 -910 22910
-8081 13061 14545 21796 -95 25261
-8038 13892 12098 23038 376 26286
-8497 14022 10996 26901 2076 24372
-6525 16490 10220 27565 2270 24649
-4606 19536 9829 25053 3190 26651
-3910 22478 9820 18856 4302 29442
-4032 26298 9973 11449 5738 31131
-2888 27834 9389 4661 5146 29262
-1549 29029 9182 -1772 2552 24969
212 28734 8738 -6717 -533 19722
2085 26342 8350 -8958 -1881 15037
4217 23420 7964 -7494 -1240 12028
5601 21793 7396 -2592 21 12311
6853 21601 6630 4425 1147 14801
7669 24274 6170 11447 2155 17947
8965 25354 5838 16135 3554 20599
9497 26970 4993 17537 5402 22992
9994 26236 4501 16971 6216 23889
10040 24622 4052 15267 5937 24872
10132 24962 3660 13134 6468 26287
10309 23717 4016 11895 8287 27443
9922 22589 4640 10507 10835 28680
8924 22757 5070 8584 13055 29669
7584 21305 5316 6604 13966 30017
6054 19357 5256 4430 13564 30138
4705 17004 5150 2975 12287 30455
3724 14206 4777 2891 10706 30989
3450 11450 4385 4425 9173 31742
3394 9162 4348 7560 6257 32405
2462 8410 4797 11188 2437 32435
1321 8568 4821 13153 66 31486
1544 6144 4714 14174 -898 29510
1592 3970 4561 15445 -1296 26764
2792 2980 4369 16107 -550 23655
4373 689 4824 17616 1032 20314
6088 -269 6038 19719 4814 17623
6829 712 7357 19805 10365 14809
7066 2101 9308 17381 15360 11035
6346 3152 10458 12799 19211 6249
5024 2828 11277 6995 21184 854
3932 2706 11485 1234 21727 -3613
2909 2309 11394 -3121 21149 -6969
1738 945 10684 -5229 19894 -10003
209 8 9964 -4911 18466 -12641
-558 -397 9636 -2554 17252 -15162
-1825 412 9561 1100 16674 -18441
-4596 1633 9593 3755 15830 -20653
-7464 4109 9636 5235 13898 -21668
-9656 5960 9698 5499 10872 -22885
-10793 6940 10193 5362 8399 -24136
-11780 7609 10856 5397 7447 -25434
-13096 7657 11273 4873 6678 -27266
-14910 7921 11504 3681 5012 -29331
-16676 8853 11469 2458 3022 -31094
-18761 11385 10480 1500 624 -31827
-20349 14101 8473 684 -2124 -31061
-22085 19009 7677 -106 -3787 -28087
-21720 23316 7118 -1387 -4613 -24000
-19645 24410 6846 -2392 -3403 -20679
-19118 25352 5896 -2818 -2062 -18304
-20116 26568 5034 -3367 -2346 -19474
-20651 29292 3974 -3682 -3312 -23060
-19455 31525 4205 -840 -2671 -22634
-17885 32767 4664 2675 -2074 -19629
-15488 32767 5358 2769 -1289 -16650
-13898 32767 5632 3044 206 -13072
-12868 32767 5792 2744 -271 -11135
-10995 31629 5732 721 -2323 -10719
-9689 29476 5958 706 -2768 -9217
-9396 29522 5701 3411 -543 -8236
-9208 31232 5406 3821 -849 -7769
-9198 32650 4522 2836 -1897 -8423
-6018 31519 3934 4652 -272 -8114
-9818 29732 1121 5123 -2642 -2677
-4536 31291 1157 5919 -4180 -3283
-4017 32755 -382 4399 -7408 -5917
-2336 32393 -293 3260 -7201 -6005
-196 31180 260 2351 -4422 -3380
932 30622 332 1840 -2918 -2771
608 32032 268 262 -1882 -2707
2161 30480 1790 -212 1308 -2819
3598 27281 2925 -327 5286 -1343
5174 23990 4162 -1133 10605 2560
5566 21984 4790 -2820 13096 4625
6549 19817 6456 -5980 13037 5195
6632 19057 8021 -10262 12272 4257
6252 18373 9968 -15646 11624 2513
5562 18872 11744 -18186 12305 -789
6244 16724 12921 -21563 13813 -3197
5793 17417 13769 -24303 15281 -5526
5596 17373 14562 -26400 17679 -8182
4602 16865 15146 -29291 20134 -11062
2349 17662 15368 -32696 21500 -13546
949 17118 15918 -32768 20247 -16537
1081 12401 15622 -32768 17399 -18234
457 7906 14318 -32768 14548 -18753
870 4085 14066 -32768 12446 -18233
2470 3398 13797 -32768 10271 -16036
3376 1673 12248 -32768 9508 -14080
4165 1689 10752 -30302 9724 -12248
3640 470 9962 -23523 9382 -9088
3624 -476 9440 -15608 8280 -5549
3682 0 9600 -8288 6711 -1492
3090 1881 9141 -2668 4997 2066
2085 3349 8957 1894 3427 5074
2038 5034 8149 4103 2570 8360
165 5028 7813 5529 1767 10677
-2186 5749 7776 6686 852 11843
-3870 6989 8281 6995 65 11692
-5778 7634 9240 5750 -1314 10011
-7017 9353 9250 2650 -1361 8001
-9612 11436 9970 -1070 -568 5786
-11090 11478 10328 -4650 333 3352
-12094 10653 9977 -7141 1473 1079
-13116 10229 9528 -8452 3109 -232
-14049 8660 9661 -8315 4221 -1069
-14992 7252 9646 -6929 5156 -1360
-15816 6549 9268 -4943 5832 -1006
-17904 6357 8902 -1920 6502 -124
-19961 6876 8470 1513 6908 1035
-21029 7118 8596 4699 6798 2037
-20636 7345 8685 6605 6004 3014
-20369 6900 8893 7875 4475 3569
-19772 6852 8849 8427 2112 3828
-19717 7524 8349 8592 -465 3887
-20476 9146 7557 8597 -2227 3874
-20590 10317 7370 8131 -3648 3502
-19566 10757 7392 7010 -4427 3326
-18401 10462 7526 5763 -4771 3197
-17084 9292 7580 4877 -4747 3282
-15429 8221 7352 4276 -4970 3476
-14665 8389 7118 3940 -5261 2976
-13620 9460 7232 3027 -5082 2370
-12921 9554 7680 1242 -4912 1095
-11878 9562 8178 -730 -4379 -216
-11045 9354 8736 -2090 -3460 -1243
-10592 9768 9188 -3304 -2133 -2272
-9384 9944 9656 -4531 -1165 -3410
-8917 10070 9648 -5641 333 -4409
-8894 9380 9834 -6091 1502 -4395
-8420 9281 9965 -5563 2946 -4753
-9144 9353 9922 -4539 4072 -4737
-8957 9101 10010 -3330 5129 -4378
-9272 9110 10038 -2067 5490 -4123
-9592 8890 9876 -714 5504 -3822
-10072 8860 9792 624 5340 -3325
-10665 9305 9896 1608 4873 -2872
-10880 9588 9986 2306 4408 -2606
-10970 9621 10196 2905 4006 -2202
-10732 9992 10197 3417 3581 -2105
-11281 10969 9877 3775 3460 -1833
-11905 11568 10061 3416 2707 -1807
-12024 11766 10052 2743 1646 -2020
-11978 11928 10022 2135 837 -2114
-11658 11848 10170 1712 541 -1995
-11338 11634 10284 1544 82 -1771
-11228 11358 10240 1717 -248 -1502
-10901 11406 10346 2118 -195 -1157
-10797 11394 10522 2496 40 -686
-10776 11306 10726 2866 364 -196
-10749 11245 10820 3212 602 291
-10413 11064 10829 3540 705 760
-10262 10848 10730 4040 803 905
-10509 10970 10784 4221 618 1201
-10253 10825 10548 4460 509 1107
-10342 10668 10202 4545 192 1177
-10253 11010 9804 4422 -34 1303
-9792 10874 9562 4148 -278 1241
-9493 10958 9340 3792 -512 1108
-9273 10981 9293 3505 -363 940
-9580 11245 9337 3180 4 694
-10117 11400 9472 2603 283 265