-16072 5741 -4156 2896 -2435 2366
-15988 5750 -4052 2844 -2116 2355
-15989 6086 -3805 2522 -1713 2460
-16142 5992 -3517 2132 -1365 2411
-16081 5920 -3468 2057 -1243 2377
-16056 5820 -3420 2017 -940 2214
-16010 5712 -3557 2077 -708 1930
-15952 5578 -3553 2250 -624 1809
-15946 5500 -3462 2363 -552 1793
-16024 5478 -3449 2408 -449 1742
-15981 5453 -3380 2459 -341 1616
-15874 5469 -3394 2358 -353 1471
-15858 5137 -3452 2520 -354 1497
-15776 4974 -3768 2824 -383 1505
-15693 4884 -4262 3132 -778 1351
-15585 4826 -4608 3643 -1203 1318
-15733 5245 -4526 3634 -1583 1241
-15808 5612 -4268 2955 -1563 1221
-16025 6058 -3757 1833 -1330 1255
-16308 6006 -3480 667 -1004 1312
-16316 5874 -3466 -74 -699 1267
-16325 5416 -3449 -13 -304 1306
-16465 5230 -3398 604 166 1495
-16778 5046 -3122 1530 812 1861
-16936 5164 -2481 2380 1623 2267
-16962 5262 -1214 3057 3051 2988
-17480 5286 -102 3547 5119 3674
-17886 4916 324 3929 7841 3989
-18010 5337 -254 4531 10646 3654
-17561 5824 -665 6235 12915 3845
-17857 6364 629 8396 12842 4528
-19832 8516 2912 7176 11173 4004
-21338 9921 4752 2751 8139 2894
-21945 9558 6066 -672 3685 772
-22874 9048 6497 -4560 -2145 -1751
-22861 9281 6734 -9490 -8166 -3527
-22192 8325 5617 -13600 -13960 -4301
-21424 7094 3413 -14346 -19793 -3897
-20926 7525 1702 -13173 -24747 -2985
-20940 9100 192 -12692 -28257 -2334
-21193 10130 -829 -12598 -29626 -1901
-21490 11802 -1802 -12636 -28271 -1943
-21940 14558 -3285 -14170 -23609 -1934
-22185 17554 -4898 -16209 -15908 -2234
-22430 18178 -6592 -18105 -8067 -2378
-23158 17600 -7918 -19172 -1697 -1633
-23713 17440 -9042 -19970 2333 271
-23825 17741 -10456 -19998 4868 3462
-23868 18157 -11889 -19566 5961 7050
-23845 18649 -12692 -19919 6652 10522
-23586 19286 -13569 -21119 7403 13710
-23496 19954 -14090 -22762 8785 16437
-23225 20385 -14482 -24856 10582 18621
-22582 20600 -15330 -26393 12300 20765
-21770 21038 -15938 -27124 13975 22763
-20980 21374 -15920 -25458 16217 25980
-20114 23450 -15561 -23456 18681 29941
-19337 24672 -15333 -22902 19391 32156
-18041 24610 -14250 -23286 18900 32767
-14793 22885 -12488 -23926 17446 32767
-12581 20693 -10953 -23341 15945 32767
-10782 18926 -9089 -21695 14700 32767
-9322 19818 -8252 -20412 12255 32767
-8800 18524 -6829 -17131 13210 32767
-7510 15954 -5389 -14552 13671 32767
-7052 14764 -3505 -11944 16073 32767
-7193 13650 -1794 -11019 17918 32767
-8090 12685 -1200 -9511 19618 32767
-8716 11576 -1602 -6158 21166 32767
-9772 11301 600 -7138 21812 32767
-9354 12053 1678 -9705 20663 32767
-9269 11037 2269 -12597 19255 32767
-7674 7912 3408 -16210 17373 32767
-6624 6642 3589 -19013 15538 32767
-5380 3882 3420 -19880 14026 32767
-4028 2065 2948 -18314 12940 32767
-1613 1409 3056 -15209 12528 32767
-366 1010 2089 -11209 12364 32767
1113 505 1149 -7293 12236 32106
2856 616 654 -3770 12968 30724
4444 1428 1060 -535 12620 28602
5786 2437 1198 1830 13222 25881
6452 3474 1418 3792 14464 22772
7104 3590 1861 5750 15945 18870
7802 3392 2453 6993 17263 15239
8050 2578 2980 7887 18471 11901
7509 892 3321 8824 18543 8669
6742 -98 3557 10224 17479 5688
5228 -352 3848 12061 17217 2458
3172 269 3896 12818 15951 -1141
766 182 4096 13089 14638 -4721
-1070 293 3744 12867 13348 -8125
-3024 1397 3956 12404 11471 -12092
-4912 2376 3725 11351 9204 -16194
-5873 1560 2441 9512 5993 -19706
-9342 3406 2006 7501 2203 -22384
-4781 2133 -2180 10271 1873 -26961
-17717 12613 2181 6738 -2167 -18386
-17305 6449 -1589 7033 -64 -30109
-21794 10873 -922 5749 -5965 -30131
-20958 8549 -1628 6217 -9213 -32768
-21224 13124 -2705 3684 -12256 -32768
-22565 14273 -4941 4434 -13250 -32768
-24256 20273 -8344 5998 -8452 -32768
-25618 25161 -9573 7839 -526 -32768
-24280 24512 -9234 10280 6699 -31602
-23777 22969 -8581 13621 10375 -28612
-24222 22545 -7393 15068 10108 -26912
-24130 22310 -6054 13897 6840 -26226
-24202 22561 -5069 10673 1488 -26897
-23096 22761 -5221 7279 -4293 -28109
-21913 21602 -5810 5373 -8652 -28377
-20561 21197 -6628 5179 -10794 -27560
-19504 20781 -7130 6090 -11182 -26393
-18970 22102 -7329 6754 -10197 -24997
-19030 25060 -7578 5885 -8913 -24040
-18340 26796 -7613 3819 -7885 -23500
-17378 28022 -7793 1682 -6907 -22929
-16540 28510 -8414 698 -6178 -21904
-15662 28162 -8948 1374 -5470 -20451
-15468 28989 -9440 3201 -4687 -18495
-15401 30929 -9771 5923 -3542 -14832
-14142 31752 -9312 7106 -2059 -10673
-13091 32077 -8593 7683 -61 -5635
-12732 32428 -8188 7815 974 -2389
-11956 32421 -7691 7883 2061 -370
-10544 32402 -6589 8288 3780 2499
-8211 32282 -5617 8001 5808 5412
-5721 32549 -5450 7160 9067 8329
-4313 32767 -5146 5599 12849 11179
-3038 31841 -4742 4871 16371 14732
-2648 30620 -4200 5323 18438 17399
-1939 30973 -3894 4923 19381 18750
-355 30218 -2508 3142 19353 18817
778 29316 -662 -17 17859 18273
1496 27457 210 -3318 15821 16625
1885 25128 1740 -6575 13536 14412
1350 24044 2512 -10501 11160 12365
976 22112 2876 -13112 9663 11198
-30 19942 3071 -16943 7849 9926
-832 15667 3222 -19865 6594 8986
-902 12524 3745 -19237 6466 9071
-1645 10361 5054 -17815 5659 9188
-2855 7408 5129 -14840 2554 9288
-2684 8548 5073 -12251 172 10216
-2754 8026 4673 -10999 -2046 10005
-2380 8236 4306 -11152 -3640 9466
-1885 9964 3153 -13259 -4413 8585
-1224 9834 961 -14235 -1922 6147
-1098 9201 709 -12583 1007 4550
-1550 9996 -256 -8893 3327 3663
-1504 11880 -884 -6372 5297 3678
-2042 12769 -1402 -4933 7572 3828
-3258 14273 -1898 -4093 9962 3000
-4361 15557 -1945 -4086 11393 1860
-5221 16062 -1973 -4349 12353 586
-6177 16663 -1932 -4778 12744 -846
-6953 17337 -1773 -5452 12688 -1939
-7054 17569 -1721 -5902 12745 -2486
-7624 17794 -1480 -5679 12547 -2405
-8116 17916 -1620 -5113 12181 -2120
-8760 17968 -1784 -3928 11303 -1365
-9047 17895 -1618 -2476 9781 109
-8925 17966 -1289 -1164 8119 1577
-9125 17833 -1288 -58 6807 1996
-9194 18341 -132 274 5642 2044
-9261 18432 386 110 4529 1973
-9306 17969 924 -208 3500 1714
-8926 17400 1114 -81 2635 1464
-8629 17300 1477 260 2009 1233
-8384 17202 1532 635 1458 867
-8118 17317 1494 912 847 510
-7477 17472 1306 1043 295 167
-6540 17352 929 1309 -170 -93
-5544 17198 488 1729 -532 -199
-4884 17261 384 2289 -610 -247
-4430 17440 236 2744 -553 -245
-3815 17753 217 3075 -450 -406
-3436 18268 238 2749 -442 -582
-3241 18536 220 2084 -541 -826
-3132 18908 108 1191 -689 -1074
-3094 19025 92 304 -746 -1512
-2674 18533 116 -992 -938 -1801
-2377 18017 -653 -862 -1129 -1567
-3004 18148 -406 -354 -972 -1513
-2496 18362 -112 144 -421 -1217
-2244 18376 33 836 125 -870
-2663 18888 274 1703 455 -320
-2849 19968 688 1707 426 453
-2946 20385 1001 566 288 652
-3002 20309 1101 -250 282 582
-2934 20214 1004 -742 283 538
-2817 19816 788 -1087 433 443
-2716 19542 560 -1333 505 483
-2744 19248 404 -1449 410 651
-2913 19186 333 -1548 455 913
-2985 18692 277 -1697 524 1217
-2820 17861 338 -1135 547 1589
-2731 17447 457 -302 446 1930
-2536 17558 448 -37 94 2045