-17684 6751 -2391 -1841 -1407 205
-17666 6828 -2560 -1987 -2223 103
-17880 6326 -2270 -1405 -3336 -85
-18069 6049 -2094 -623 -5213 -476
-17897 5880 -1881 53 -7266 -586
-17738 5968 -1812 115 -9199 -582
-17534 5958 -1894 83 -10481 -511
-17444 5959 -2104 -161 -11700 -494
-17084 6230 -2555 -779 -12904 -485
-16860 6276 -2805 -955 -13495 -447
-16665 6170 -3058 -661 -13865 -458
-16589 6196 -3312 -266 -14175 -541
-16488 6262 -3573 196 -14087 -567
-16140 6236 -3838 751 -13639 -691
-15882 6509 -4185 1129 -12755 -812
-15621 6337 -4460 1276 -11661 -926
-15172 6406 -4764 1456 -10391 -901
-14910 6386 -4833 1591 -8951 -989
-14794 6602 -4706 1536 -7840 -1118
-14516 6644 -4738 1315 -6681 -1464
-14346 6526 -4993 1089 -5384 -2037
-14188 6630 -5129 936 -4164 -2549
-14052 6458 -5450 785 -3078 -2883
-13876 6430 -5644 671 -2370 -3000
-13752 6301 -5736 535 -1907 -3092
-13595 6268 -5964 148 -1293 -3156
-13314 5857 -6130 -45 -716 -2996
-13242 5842 -6248 369 -59 -2794
-12961 5920 -6506 882 788 -2546
-12797 6064 -6665 1380 1500 -2284
-12753 6262 -6827 1756 2338 -1973
-12722 6520 -7037 1799 3226 -1655
-12641 6806 -7246 1482 4068 -1343
-12840 7219 -7408 771 5082 -828
-13204 7544 -7526 149 5727 -283
-13856 7934 -7552 -271 6403 559
-14608 8552 -7540 -555 7111 1352
-15345 9036 -7297 -835 8004 2365
-16676 9676 -6937 -1040 9318 4120
-17542 10214 -6758 -1116 10158 5598
-18836 11424 -5948 -1797 11262 8582
-21033 13347 -3785 -4337 12078 14654
-24277 14672 -1509 -5884 9514 19440
-26202 17295 -271 -8074 6342 22540
-27632 18972 469 -10346 3201 24522
-28143 19541 464 -11666 -557 26543
-28219 19168 304 -10664 -3028 29118
-27769 18792 146 -9341 -3211 30987
-26382 18542 14 -8042 -2792 31877
-25038 18413 -32 -6294 -2613 31964
-24106 18524 446 -4143 -1807 31837
-22249 19546 661 -2516 543 31862
-20522 20461 684 -1774 2817 31618
-19669 21738 522 -1802 4127 30851
-18900 23174 -313 -2667 4804 30376
-17696 23929 -1608 -3827 5295 30445
-16448 24085 -4028 -4491 5350 30744
-15152 22988 -6426 -5683 5254 30122
-14272 25994 -6645 -6948 6165 31943
-12108 26004 -6162 -14162 7093 31683
-8678 23940 -10349 -10857 9033 30800
-6874 17604 -8702 -3419 8608 28244
-770 21620 -5006 -6482 5438 32767
-1336 23406 -7859 -7561 14066 32767
-621 19198 -5028 -9173 21746 32767
-632 19999 -4132 -13736 24087 32767
-2385 17594 -5921 -16644 25005 32767
-356 15738 -5668 -17548 25143 32767
1224 15806 -5156 -18312 25190 32767
2050 13402 -4576 -20104 25440 32767
2093 9025 -3760 -20709 23872 32767
2098 7012 -2572 -18590 22523 31975
2785 4701 -950 -16189 21603 29849
4084 3084 -144 -13251 22207 27836
3662 2266 426 -11302 22386 25304
3881 2098 780 -9460 21804 21639
4654 2362 576 -8891 21324 19710
5413 2981 49 -8856 22111 18064
5484 3071 220 -8370 21009 16248
6074 1914 402 -7357 19692 15428
6445 1819 429 -5462 19491 14460
5689 1744 1122 -2843 20767 12865
5052 1538 1808 -675 21512 10792
4418 178 2560 2074 22455 8126
3101 -1582 2436 6041 22498 4336
1516 -2446 1888 9163 22233 797
-1188 -2000 2393 11987 22064 -3192
-3926 -986 2926 12993 21501 -7601
-5272 -193 3604 12267 21596 -11474
-7301 672 4478 10426 21203 -15296
-8538 882 4202 8778 20449 -18432
-11161 284 2767 7660 18233 -22084
-14702 690 2064 8228 16308 -26093
-17381 1757 2072 9004 14628 -28332
-19205 3672 2573 8365 12488 -29404
-21184 5030 2505 6995 9274 -30864
-23580 6335 1020 6913 5233 -32351
-25217 7537 -729 8784 2542 -32720
-25878 9860 -1508 11516 930 -32768
-26294 12368 -1538 13473 -149 -32768
-25638 15224 -1125 14172 -144 -32768
-25682 18154 -1373 13108 -936 -32768
-25501 20013 -2529 10553 -3003 -32641
-25406 21282 -3740 8747 -5463 -31781
-25132 22334 -4552 8697 -7209 -30629
-24136 23392 -4693 10047 -7587 -29001
-23441 24210 -4657 12305 -6782 -27031
-22760 25994 -4649 14104 -5368 -25119
-22086 28472 -4886 14652 -4185 -23297
-21261 30846 -5362 13309 -3606 -21647
-20292 32646 -6033 11130 -3419 -19986
-19186 32767 -6516 9240 -3156 -17253
-17582 32767 -6473 8139 -2481 -13508
-17026 32767 -6114 7278 -1232 -9976
-17092 32767 -5676 5136 -196 -7476
-15798 32767 -5094 2354 128 -4770
-14113 32767 -4651 2039 383 -726
-12641 31097 -3941 5195 646 3890
-10549 29577 -2566 10060 1046 7415
-7787 28385 -854 13990 1774 10088
-6400 29092 96 14897 2168 10896
-5903 30124 1043 13658 2592 11081
-5000 30637 2170 9220 2308 10473
-3944 29889 2785 5160 1570 10019
-1866 27801 3218 1626 793 9776
327 26533 3687 117 718 9154
676 27298 4036 -991 1444 8392
520 27289 4114 -2694 2003 8256
284 26380 4105 -4886 2345 8808
-212 24873 4192 -6628 2236 9503
-528 22111 4550 -7572 2407 10249
-1298 20190 5024 -7183 2753 10575
-1541 18316 5204 -6318 2883 10513
-1557 16786 5466 -5460 3054 10816
-2082 15754 5324 -4640 2676 11099
-2474 14964 4900 -3734 2048 11162
-3149 14442 4765 -2788 1663 11097
-3929 14542 5468 -2286 1451 10913
-4370 14417 5865 -2212 981 10319
-4268 14024 5793 -1944 899 9934
-3789 14005 5629 -2013 1938 10163
-3901 14674 5212 -2702 3126 10583
-4222 15022 4437 -3224 4440 10160
-4096 14617 3657 -2839 5359 9031
-3694 14405 3020 -1846 5970 7741
-3626 14465 2558 -1377 6687 6814
-3536 14541 1608 -822 7086 6368
-4074 14056 997 -924 6946 6178
-4481 13968 406 -1158 6907 6183
-5639 14262 41 -1638 6875 5811
-6068 14510 110 -2364 7140 4734
-6545 14988 442 -3177 7723 3696
-7061 15237 425 -3823 8198 2834
-7386 15880 338 -4604 8327 2209
-7544 16155 426 -5325 7994 1574
-7786 16382 668 -5650 7525 1311
-7825 16645 900 -5663 7174 1161
-7962 16630 1344 -5242 6726 1036
-7953 16478 1677 -4436 6240 1051
-7757 16016 1965 -3156 5850 1198
-7529 15941 2362 -1692 5475 1498
-7205 16178 2494 -715 5326 1689
-6957 16285 2653 -336 4816 1566
-6778 16425 2734 -265 4203 1200
-6444 16764 2910 -396 3343 365
-5878 17076 2962 -824 2646 -504
-5374 17740 2833 -1479 2103 -1407
-4864 17861 2845 -2057 1960 -2155
-4202 17634 2653 -2626 2397 -2343
-4461 17524 2773 -2006 3203 -2368
-4437 17290 2932 -1821 3215 -3144
-3366 17246 2852 -973 5568 -2442
-4089 17438 2986 -645 5519 -2707
-3594 17540 2816 -562 5995 -2776
-3566 18010 2666 -936 5428 -2922
-3338 18601 2505 -1376 5232 -2894
-3646 18985 2574 -1955 4902 -2767
-3646 19067 2814 -2509 4327 -2808
-3801 18881 3009 -2614 3971 -2605
-4010 18982 2934 -2256 4130 -2196
-4169 18753 3013 -1619 4197 -1669
-4647 18983 2961 -1335 3667 -1232
-4280 19028 2746 -1204 2965 -739
-4202 18798 2836 -1084 2370 -90
-4252 18674 2774 -909 1866 243
-4149 18038 2854 -395 1104 614
-3729 17681 2557 355 287 1009
-3622 17833 2421 752 -81 1126
-3444 18070 2176 794 -631 1029
-3177 18280 2234 518 -923 912
-3173 18552 2128 -11 -830 884
-3340 18482 2104 -443 -792 797
-3452 18364 1934 -603 -572 795
-3554 18329 1674 -364 -151 880
-3622 18364 1664 40 332 932
-3522 18398 1761 292 801 1078
-3616 18545 1882 435 1142 1283
-3750 18677 2034 422 1422 1470
-3993 18656 2246 226 1514 1612
-4174 18678 2225 -90 1471 1547