-7017 14946 1372 3659 1233 -2024
-7121 16218 332 1101 -546 -3790
-6437 15008 -49 406 -664 -6154
-6568 14657 214 96 -394 -8427
-6868 15411 -37 1240 -941 -11321
-7317 15992 -212 2751 -638 -12968
-7365 17282 -654 3866 -745 -13557
-6861 18182 -662 3619 -328 -13738
-6064 19489 -560 2174 -687 -14004
-6396 20573 697 -480 -2112 -14288
-6558 21573 1142 -3189 -4558 -15085
-6609 21638 656 -4747 -6812 -15307
-5985 21233 -410 -5283 -7977 -14762
-5941 20876 -1160 -4146 -8473 -13446
-5370 20758 -1122 -2132 -7621 -10951
-5698 21096 -1125 363 -7347 -8351
-6266 20706 -1030 3267 -8390 -5336
-6589 20806 -1448 5079 -9427 -2872
-6781 21152 -1944 5300 -10236 -1055
-6632 20924 -2112 4868 -10732 338
-6436 21177 -2118 3210 -10925 1993
-6154 21141 -2112 38 -11775 4495
-6470 21325 -1373 -3562 -14251 7694
-7938 20977 -824 -5306 -17663 10143
-9345 21012 -641 -6164 -21039 11628
-9249 21602 125 -6199 -22170 12030
-8558 23093 564 -4529 -19964 12132
-6912 23736 956 -2327 -16245 12628
-5505 25498 1985 -389 -11829 12410
-5706 26833 3330 104 -8483 11089
-6106 27857 4745 -583 -6390 9281
-6362 27470 5568 -991 -5134 7474
-6437 26462 5780 -927 -3348 6033
-6758 26802 5568 -1136 -1161 5298
-7630 27394 6342 -4184 1340 4566
-8638 30404 4924 -8299 388 3388
-8384 28154 4192 -9890 -2902 2250
-8213 25681 5364 -8480 -7150 2656
-7660 23292 6726 -6369 -10771 4142
-6416 21100 7449 -1185 -12466 5445
-5104 21672 8224 3313 -13311 6469
-3666 20860 8322 7808 -13005 7828
-2353 22397 7309 11032 -11857 9693
-936 24096 6246 12232 -9400 11460
157 26341 4686 10927 -7808 13210
1248 28409 2129 9355 -5888 14459
2034 28962 -408 8551 -3433 15722
3638 29125 -2020 8137 -383 17724
5042 28993 -3456 6902 2385 20160
5828 28577 -4612 4876 5116 22331
6788 26364 -5016 3229 7705 23505
7628 23086 -5424 807 9906 25100
9053 20096 -5424 -1326 12237 26994
10385 16874 -5054 -2247 15023 28989
10248 13205 -4276 -1868 17766 30770
9402 10154 -3194 -815 20328 32075
8620 8368 -1996 141 22635 32394
7896 8044 -1668 441 24178 32062
7865 6954 -1390 931 24582 31255
8050 6754 -786 474 24562 29938
7965 7065 -122 -657 24042 28280
7917 6510 624 -2013 23358 26321
8561 6681 1178 -2706 22968 24411
8746 6509 1970 -3362 22317 22355
8600 5644 2926 -3758 21548 20185
8680 4605 3842 -3650 20963 18225
8788 4304 4564 -3576 20629 16084
8942 3696 5236 -3386 20506 14008
8816 2606 5416 -2640 20379 11834
8136 1806 5658 -1689 20182 9616
7228 1596 5626 -428 19886 6835
6604 977 5564 1112 19449 4344
5944 1106 4838 3102 18665 1861
4501 2570 3886 4905 17377 -619
3537 4110 3226 6226 15377 -3154
3132 5337 2804 7007 13404 -5326
2368 6429 2614 7239 12350 -7506
1144 7493 2800 6685 12089 -10039
317 7228 3064 6406 11918 -12904
-718 5840 2604 7600 11676 -15271
-3505 6034 2649 8943 11663 -16712
-5185 6520 2546 10403 11077 -18204
-7672 8269 1289 10777 9264 -19403
-9654 10782 -366 10061 6711 -21388
-10958 12089 -1640 7284 4427 -23614
-11200 12593 -3114 4565 2400 -25797
-12406 11757 -3332 5142 1842 -27549
-13628 11336 -2782 6817 2251 -28654
-15130 12910 -2053 7373 2932 -28294
-16382 14021 -1281 7424 2788 -26997
-17109 14680 -474 8103 586 -25532
-17846 15926 -1338 9733 -2277 -24830
-19137 17097 -2725 10886 -4534 -24902
-18685 19100 -3142 10914 -6733 -24197
-18328 20293 -2997 10476 -8560 -23011
-17714 21532 -3905 10203 -9268 -21455
-16470 21440 -2933 12172 -9278 -20438
-16074 22049 -2141 13672 -9349 -18713
-15636 22450 -1886 14136 -9743 -17596
-15954 23358 -2526 14866 -9927 -17635
-15705 24458 -3042 14903 -9835 -17536
-14406 26277 -3241 13747 -9542 -17209
-13253 27025 -3148 12447 -9186 -16930
-12513 27338 -2870 11269 -8579 -16381
-11802 27732 -2814 10512 -7796 -15954
-11630 28317 -3242 10175 -6914 -15524
-10960 28502 -3838 10302 -6042 -14433
-10369 28281 -4304 11137 -5627 -12340
-9465 28017 -4593 12796 -5689 -9875
-8738 28281 -4484 14603 -5761 -7712
-8190 29057 -4260 15544 -6196 -6304
-7654 29440 -4566 15488 -6411 -5404
-6724 29944 -4637 14916 -6538 -4407
-5962 30250 -4832 13858 -6607 -3360
-5586 29954 -4834 12440 -6568 -2279
-3919 28867 -5305 11911 -6625 -1011
-2566 28116 -5662 12503 -6235 530
-1474 29825 -5319 11284 -5063 2031
-1021 31429 -4809 7985 -4463 2791
-586 32218 -4488 3725 -4044 3057
-802 31981 -4767 -500 -3180 3493
-901 31316 -5260 -3965 -2445 3826
-423 30775 -5810 -5778 -1740 4654
665 29456 -5361 -5369 -582 6635
1212 28197 -4062 -5257 1058 8959
1002 26597 -2953 -5273 1990 10210
442 24564 -1818 -4764 2739 11311
-200 22886 -754 -4525 3458 11857
-606 21068 257 -4707 4220 12442
-1237 19262 1288 -5237 4584 12427
-1604 16765 2441 -5971 4901 11979
-2238 14694 3073 -6321 5046 11016
-2456 12580 4080 -6118 4095 9308
-2708 11222 4360 -6553 2829 8484
-2970 9789 4486 -6775 1023 7743
-3293 8802 4393 -6421 -900 7346
-3684 8157 3957 -5275 -2554 7033
-3909 8197 3477 -3938 -3762 6709
-3986 8549 2702 -2723 -4112 6177
-4081 9373 2165 -2100 -3726 5900
-4170 10626 1682 -2232 -2685 5295
-4385 11493 1136 -2553 -1196 4036
-5044 12464 370 -2730 200 2520
-5510 13548 81 -2934 1338 998
-6082 14278 10 -3427 2099 -381
-6593 15312 49 -4363 2413 -1463
-7201 16088 74 -5264 2217 -2283
-7418 16301 153 -5814 1945 -2776
-7385 16078 233 -5650 1760 -2968
-6997 15724 365 -4423 1822 -3052
-6576 15732 574 -2719 2055 -2941
-6370 15861 805 -1022 2281 -2483
-6293 16440 858 377 2279 -1925
-6225 17077 985 1216 2129 -1404
-6341 17477 1080 1263 1855 -1039
-6217 17592 1048 853 1293 -1023
-5861 17536 966 380 490 -1473
-5306 17465 1045 -290 -266 -2012
-4970 17765 1061 -1244 -837 -2434
-4752 18154 998 -2294 -1242 -2779
-4402 18028 849 -3065 -1222 -2891
-4185 18034 521 -3556 -861 -2765
-4094 18360 249 -3728 -537 -2672
-3929 18724 125 -3810 -230 -2353
-4002 19406 -113 -3950 -109 -2312
-4066 19422 -81 -4105 -50 -2161
-3793 19106 104 -3929 148 -1761
-3773 18608 145 -2877 416 -1698
-3664 18152 277 -1302 748 -1423
-3496 18110 245 414 1164 -941
-3637 18761 496 1372 1374 -529
-3678 19382 872 1447 1485 -387
-3649 19821 1053 655 1521 -530
-3790 19780 1290 -433 1647 -861
-3952 19436 1309 -1511 1816 -1064
-4160 18888 1328 -2157 2068 -1294
-4244 18270 1213 -2116 2282 -1226
-4201 17798 1053 -1509 2578 -860
-4189 17582 1106 -468 2800 -539
-4277 17961 1254 112 2939 -196
-4550 18326 1494 273 2994 -39
-4920 18632 1562 37 2792 -129
-5116 18744 1662 -405 2366 -490
-5024 18416 1597 -750 2049 -568
-5156 18049 1434 -589 1837 -674
-5013 17650 1232 -400 1789 -541
-5010 17569 1240 -69 1847 -492
-5125 17782 1068 113 2053 -420
-5313 18236 969 193 2267 -472
-5388 18316 1028 -64 2308 -427
-5548 18325 970 -280 2208 -519
-5442 18198 1016 -254 2014 -629
-5485 18038 994 -53 1737 -612
-5448 18001 1050 207 1458 -502
-5421 17860 1070 541 1220 -330
-5482 17794 1056 901 1011 -215
-5345 17861 1060 1104 1007 -198
-5141 17934 1116 1047 1073 -200
-5194 18004 1110 997 1173 -313
-5314 18033 1156 814 1162 -524