-9957 10671 -5245 -14334 -4021 10202
-9366 10250 -5426 -13997 -2909 8997
-8736 9737 -5502 -12964 -2111 8382
-8194 9466 -5913 -11673 -1243 7992
-7857 9141 -6006 -10382 -387 7727
-7800 9134 -5793 -9394 30 7473
-7626 9014 -5666 -8552 250 7314
-7366 9144 -5534 -7920 537 7287
-7286 9518 -5452 -7468 1345 7276
-7310 9858 -5390 -7131 2122 7163
-7454 10038 -5367 -6918 3208 6663
-7746 10281 -5485 -6924 4679 5469
-8304 10378 -5758 -6899 5871 4097
-8778 10604 -6186 -6641 7010 2898
-9197 10837 -7291 -6194 8175 1670
-9804 11532 -8558 -6437 9784 247
-10846 12108 -9286 -7363 11517 -981
-11890 13174 -9746 -9060 13290 -1654
-13126 14257 -9862 -11770 15720 -2231
-15141 15082 -9559 -15846 18900 -2686
-17197 15212 -8996 -20577 22041 -2802
-18460 14940 -8564 -23005 23798 -2561
-20266 14476 -7660 -25711 26302 -1454
-22606 13329 -6153 -27635 29808 974
-24396 13505 -5177 -28581 32454 3406
-26928 13232 -3698 -30595 32767 8177
-29853 12558 -1774 -32616 32767 13061
-31132 12634 -568 -32003 31193 14443
-31992 13769 234 -30260 25305 16372
-32742 13545 1261 -28550 17459 17727
-32374 14738 2154 -25858 10865 19343
-32644 14637 2388 -21332 4195 20269
-32768 13364 3905 -15509 -3109 20620
-31828 12536 4819 -13174 -7077 20419
-28634 9148 7668 -4374 -12897 21929
-24037 12747 9139 6998 -12306 28115
-20242 14410 11488 12871 -11678 28886
-19235 16711 10974 15011 -9437 26522
-17436 18936 9448 15438 -4851 25110
-14586 19857 8221 14630 -1299 23395
-12505 22168 5409 11959 1698 20813
-11812 25408 3686 10204 3486 19697
-10241 26713 2141 6975 5446 19720
-7220 26025 598 2572 6035 21198
-4174 23572 -81 90 5637 22395
-2010 23098 -529 -1649 5330 23836
548 22786 -42 -3736 5710 24659
2221 23614 445 -6471 5982 25335
3944 21729 1539 -10839 6812 25234
6312 16869 2849 -14584 7491 26137
8165 15222 4445 -16281 7726 27286
7861 13801 5456 -16942 7159 27507
6838 13321 6826 -17495 6040 25360
5872 13780 8357 -19980 3572 20583
4857 14937 7662 -24149 1294 16289
4024 13996 7481 -28155 -905 14177
3257 12385 6334 -31192 -3256 14520
3132 10220 5204 -32714 -5272 16081
3142 7430 4126 -32291 -6988 17140
3941 4985 3362 -29402 -8168 17513
6034 2281 3174 -24478 -7800 17703
7154 1449 3086 -18437 -6499 17468
7689 1902 3118 -12428 -6313 16932
7960 2101 2994 -7679 -4850 16728
8226 2777 3332 -4438 -2040 15784
8504 3534 3678 -2793 873 14185
8672 3889 4068 -2962 3319 12250
8808 3841 4234 -4067 5555 9707
8094 3293 4289 -5117 7708 7201
7454 2229 4082 -5872 9699 4677
5893 1196 3762 -4656 10649 1538
4670 194 3574 -2909 11047 -830
3594 -86 3244 -692 11216 -2778
1647 -744 2373 2942 10730 -5550
-38 -777 1690 6660 9611 -7921
-1282 157 1760 8201 7533 -9387
-2220 1466 2130 8622 6053 -10821
-3478 2528 2512 7768 4364 -12190
-4817 3436 2914 5121 2609 -14219
-6953 3262 2686 2100 200 -18444
-8845 2482 2504 3748 847 -21515
-10292 3014 2600 6522 2333 -23627
-12116 4212 3037 9747 4516 -25977
-14678 6509 3436 11729 6317 -28254
-17866 8866 3148 11394 5244 -29330
-20636 9792 1906 13297 2689 -30339
-22086 10834 1472 15712 1853 -30772
-22544 13068 2005 18415 1481 -30808
-22276 15492 2792 19728 1563 -30808
-23150 18492 2932 20655 1872 -30938
-24340 23119 2492 20696 2174 -29540
-23958 25126 2478 19558 1217 -27403
-23256 25356 2280 17755 121 -25511
-23049 26326 1420 16282 -1410 -23711
-23114 26709 592 15106 -2716 -22540
-22529 27164 313 13673 -3613 -21703
-21277 26912 253 11837 -4113 -20589
-20218 26598 -81 9928 -4123 -18892
-19561 26194 -465 8266 -3884 -16972
-18705 25118 -1057 6882 -3331 -14886
-17788 23713 -1358 6036 -2569 -12763
-17036 22341 -1470 5821 -1660 -10960
-16385 21274 -1586 5856 -1030 -9385
-15950 20469 -1520 5839 -642 -8306
-15464 19780 -1393 5824 -609 -7722
-15428 19883 -1552 5952 -821 -7575
-15313 20330 -2277 5834 -1215 -7996
-14945 20944 -2978 5338 -1589 -8173
-14489 21258 -3553 4461 -2051 -8144
-13520 21528 -4132 3589 -1873 -7713
-12962 22050 -4485 2765 -1155 -7201
-12580 22765 -4585 1615 -271 -6768
-11964 23046 -4909 825 999 -6149
-11856 23608 -5058 420 2392 -5476
-11422 24198 -5161 179 3698 -4855
-11022 24285 -5313 51 4390 -3928
-10625 24664 -5564 189 4590 -2714
-10077 25144 -5653 579 4852 -1153
-9508 25310 -5549 921 5138 651
-8894 25873 -5306 1038 5558 2419
-8021 25904 -4421 802 6277 3970
-7384 25916 -3797 324 7163 5435
-6840 25744 -3086 -593 8026 6708
-6309 25340 -2574 -1463 8636 7796
-6008 25069 -2138 -2484 9284 8673
-5394 24020 -1418 -3192 9514 9306
-5097 23538 -920 -3254 9899 10026
-5194 23340 -408 -3433 10379 10581
-4614 23009 610 -3895 10724 10862
-4564 22546 1090 -4287 11162 11177
-4626 21969 1778 -5171 11460 11545
-4576 21233 2488 -6570 11458 12092
-4662 20061 2934 -8052 11047 12902
-5157 18366 3264 -8607 10478 13511
-5390 16957 3486 -8172 9762 13733
-5616 16130 3490 -7414 9187 13654
-5797 15204 3557 -6678 8657 13258
-5942 14682 3829 -6127 7752 12354
-5822 14268 3477 -6132 6986 11612
-6073 13752 3292 -6301 5652 10611
-6570 13068 2932 -6603 4453 9513
-7278 13244 2990 -7262 3262 8325
-7914 12809 3110 -7616 2487 7349
-8701 12781 3205 -7446 2365 6910
-9222 12682 3766 -7380 2755 6651
-9472 12646 4333 -7628 3371 6589
-9894 12426 4450 -7912 4155 6412
-10460 11872 4281 -7750 4719 6118
-10826 11405 3757 -6804 4895 5650
-11168 11253 3130 -5340 4778 5059
-11692 11784 2502 -3940 4121 4367
-11844 12701 1889 -2921 3384 3845
-11910 13600 1340 -3460 2548 3377
-12194 13750 1066 -3946 1269 2770
-12278 14038 1013 -4346 197 2582
-12065 13945 1082 -4409 -504 2644
-11662 13912 1229 -4179 -775 2686
-11184 13596 1256 -3561 -662 2575
-10365 12873 1004 -2709 205 2527
-10537 12993 861 498 730 2467
-12006 12792 2077 -177 -838 1365
-8439 15499 282 1416 259 368
-9229 14810 218 489 -640 1172
-8953 16128 335 -502 -954 -172
-8521 16292 586 -2191 -1336 -573
-7732 16646 1045 -3531 -1216 -863
-7397 16302 1306 -4663 -1316 -1498
-6660 16076 1569 -4573 -827 -2192
-6252 15668 1644 -3339 91 -2475
-6130 15560 1446 -1125 1206 -2446
-5850 15786 1242 1119 2194 -2264
-5698 16742 1156 2519 2797 -2197
-5298 17838 1002 2859 2912 -2253
-5445 18638 1129 2558 2783 -2031
-5857 19061 1170 1499 2340 -1972
-5886 19357 1172 448 2168 -1744
-5868 19362 1301 -299 2284 -1478
-5928 19486 1388 -619 2417 -1233
-6284 19362 1409 -736 2661 -1147
-6332 19390 1374 -649 2958 -1027
-6545 19297 1353 -457 3242 -828
-6660 19198 1476 -296 3459 -460
-6932 19216 1482 -211 3629 -74
-7064 19090 1522 -237 3819 304
-6982 18597 1489 -163 3767 714
-8094 18320 1728 175 3499 1486
-7558 18898 1032 -122 2717 1037
-7840 18589 1382 -389 2178 1714
-7476 18337 1258 -1329 1198 1522
-7181 17985 1292 -1543 631 1848
-6929 17736 1261 -1665 169 1907
-6742 17506 1377 -1661 -130 2070
-6524 17418 1384 -1614 -283 1996
-6274 17256 1373 -1594 -418 1739
-6270 17194 1286 -1388 -355 1572
-6196 16961 1253 -1125 -271 1376
-6176 17308 1185 -861 -2 1298
-6314 17252 1128 -742 295 1191
-6365 17296 1176 -674 575 1118
-6150 17257 1212 -667 815 1140