-18617 3916 -3937 -628 -26980 1841
-17925 3330 -4048 -1557 -29880 1119
-17693 3598 -4700 -2271 -31892 462
-17733 4780 -5341 -3461 -32713 -639
-17766 6124 -5988 -5472 -31998 -2456
-17562 7565 -6737 -7916 -29536 -4656
-16981 8709 -7609 -10665 -26030 -6983
-16106 9468 -8702 -13114 -22020 -9271
-14905 9629 -10592 -13848 -17415 -11243
-13562 10709 -11794 -13222 -12011 -12085
-12786 11648 -12916 -12550 -6699 -12576
-12340 13285 -13742 -12697 -2173 -12913
-13040 15141 -13704 -14819 1760 -13143
-14125 16922 -13349 -19029 4352 -13190
-14840 18194 -13205 -24983 5707 -12895
-14848 18460 -14136 -31365 5290 -11290
-15101 17282 -15548 -32768 4017 -8837
-15885 15794 -16397 -32768 2615 -5302
-16544 14188 -16432 -32768 1795 -2161
-17884 12251 -16080 -32768 730 3497
-20084 8820 -16002 -32768 78 12269
-20894 7228 -15550 -31614 327 18332
-22192 5186 -14773 -22986 294 26439
-24137 3702 -13748 -10534 1705 32767
-25152 3592 -11543 4049 4908 32767
-26286 6028 -9278 17962 10111 32767
-26989 10224 -8705 23591 14903 32767
-27545 13398 -9080 23125 18462 32767
-27484 15452 -9476 20826 20535 32767
-27180 16919 -9576 14277 22981 32767
-26118 17628 -10654 7035 25462 32767
-24578 17835 -11034 1251 26970 32767
-23084 19718 -10575 -5373 28406 32767
-21709 19056 -10412 -9840 28163 32767
-19656 19425 -9734 -12879 27785 32309
-17249 19981 -8404 -16071 26710 30392
-15297 19784 -7490 -18430 25043 28663
-12998 19081 -7122 -20254 23618 26871
-10806 18980 -6302 -21959 22696 25896
-8858 18209 -5692 -23429 21119 25805
-6571 16517 -4951 -23656 19953 25876
-4764 15702 -4068 -23277 18761 25767
-1845 14274 -3114 -23112 17728 25086
912 12412 -1724 -23541 16655 24669
2298 11062 -821 -23917 16227 24519
3002 9757 -106 -23990 15702 24508
3008 8326 328 -23805 15181 23887
2857 7529 1528 -24274 14079 22575
2702 6642 2057 -24965 12615 21061
2818 4972 2842 -25034 11759 19361
2836 4088 3478 -24663 11327 18105
2724 3092 4115 -23512 10903 15829
3224 2282 4793 -22173 10381 12751
3948 1121 5442 -21025 10430 10816
4467 237 5961 -19424 10450 8752
4920 -962 6090 -17395 10185 6947
5397 -1929 6198 -15380 9622 5308
5602 -2598 5538 -12426 8230 3244
6106 -2002 4714 -7780 5963 274
6314 -660 3904 -4175 4054 -2357
5747 965 2968 -1661 2330 -4754
4668 2914 2397 -54 959 -7316
2797 4878 2500 606 -198 -10491
639 5600 2815 594 718 -14065
-1424 5204 3192 1063 2222 -16639
-2980 4449 3264 1073 3451 -19065
-4646 4746 3532 1200 3709 -21353
-6703 5332 3016 2085 2904 -24195
-9532 6704 1772 3842 1462 -26927
-10949 7854 1122 4974 287 -28389
-11976 8585 790 5887 -616 -29274
-13142 9462 341 6587 -1371 -29711
-14929 11140 90 6948 -2126 -30291
-16280 11690 268 6380 -2695 -31291
-17484 12261 405 5771 -2971 -32289
-19076 12898 226 5730 -3664 -32768
-20865 14902 -629 6447 -4056 -32768
-22020 16745 -1032 6191 -3938 -32768
-21798 16893 -1213 4767 -3646 -32768
-21868 17408 -1084 3158 -2755 -32768
-22405 17458 -682 1341 -2429 -32768
-22980 17204 -846 334 -2580 -32768
-23398 16998 -1154 513 -2527 -32768
-23518 16390 -1560 2317 -2310 -32455
-23778 16405 -1992 5543 -1671 -31009
-23845 17368 -2301 8592 -1005 -29064
-23833 18573 -2461 10756 -724 -27248
-23710 19712 -2418 11100 -826 -25266
-23421 21138 -2612 10173 -811 -23374
-23110 21908 -2416 8306 -1202 -21983
-22917 21965 -3032 7044 -2008 -20437
-22522 21542 -3334 6801 -1941 -18612
-21635 21019 -3418 8022 -1307 -15407
-20904 20625 -3400 10283 -189 -11859
-20229 20597 -3249 11802 513 -9208
-19493 20489 -3166 13037 970 -6900
-19246 20632 -3308 14277 1565 -5107
-18854 21185 -3368 15080 2379 -3390
-18013 21252 -3492 16054 3218 -1762
-17664 21826 -3770 15965 3960 -351
-17124 22960 -4120 15167 4203 569
-16102 22781 -4201 14121 4265 1235
-15272 23306 -4436 12804 4289 2036
-14516 24014 -4317 11300 4357 2800
-13848 24581 -4066 9537 4408 3297
-13396 25266 -4009 7383 4155 3627
-12766 25628 -3653 5022 3834 3778
-12370 26044 -3401 2662 3334 4038
-11482 25415 -3085 834 3034 4555
-10632 25473 -2717 -160 3372 5321
-10471 26388 -2192 -747 3781 6170
-10028 25974 -1909 -922 4445 7081
-9645 26778 -1414 -889 5239 8389
-9145 26016 -969 -409 6186 10214
-8862 26097 -734 359 7039 12851
-8168 26284 -1428 508 7747 15202
-7053 24240 -918 930 7910 16990
-6864 24549 -345 846 7662 19301
-5638 23246 369 373 7232 21429
-5184 21718 970 -1 6710 23368
-4907 21227 1069 -659 5664 24709
-4881 20746 754 -1890 3881 24764
-4261 20624 84 -3662 2145 23884
-2682 18705 -181 -5286 898 22977
-1994 16809 -340 -6405 191 22484
-1284 15490 -202 -7254 -174 21695
-1176 14120 -242 -7815 -399 20935
-1214 12850 -364 -7929 -378 19742
-1502 12732 -541 -7894 255 18306
-1260 11585 -245 -7835 1829 16584
-1412 11328 576 -8133 3395 14717
-1264 11621 1016 -9022 5044 12548
-1405 10715 1445 -9898 6935 9638
-1561 10022 2029 -10567 8091 5522
-1322 9862 2197 -11563 8620 2000
-666 10186 2033 -12063 9807 -440
-16 9625 2498 -12329 11270 -1696
-437 8736 2536 -11475 13051 -1933
-824 8278 2540 -10044 14358 -2319
-1538 8174 2092 -7594 15749 -3191
-2912 8346 2029 -4720 16838 -4519
-3421 8562 2222 -2428 17268 -5856
-4209 10384 1609 -1151 17026 -6678
-5605 13413 736 -2120 15437 -7638
-7193 16194 -568 -4361 12902 -8847
-8786 18541 -1330 -6449 10715 -9961
-9968 19527 -1978 -8358 8296 -11242
-11414 20454 -2628 -9230 6831 -11191
-11842 19650 -2568 -9054 6293 -10464
-12288 18813 -2664 -7448 6527 -9003
-13382 19581 -2449 -5707 7080 -7545
-13355 19276 -2020 -4160 7915 -6195
-13702 20133 -1542 -3388 8699 -4941
-13973 20542 -1058 -3785 8863 -4493
-13786 19792 -980 -4058 8682 -3959
-13198 18614 -484 -4226 8228 -3336
-12144 17220 -65 -4047 7549 -2446
-11006 15332 354 -2974 6642 -1531
-10455 14342 785 -1210 5838 -433
-9932 14138 1049 174 5203 262
-9739 14528 1271 891 4895 268
-9578 14826 1320 1155 4596 -58
-9375 15765 1469 806 4387 -606
-8756 16169 1569 -265 4143 -1468
-8446 16134 1545 -1225 3719 -2232
-8265 16241 1524 -2096 3027 -2972
-8050 16170 1362 -2598 2714 -3167
-8460 15700 1284 -1929 2277 -2682
-8217 17026 862 -2122 441 -3543
-7078 16861 958 -1608 1295 -2269
-7304 16869 1044 -1176 716 -2220
-7224 17143 888 -588 1251 -1788
-7249 17033 902 -188 1458 -1238
-7320 17406 822 46 1402 -1107
-7256 17774 554 147 1184 -1007
-7250 18476 461 -64 1269 -1001
-7248 18549 413 -524 1218 -1005
-7340 18464 428 -890 1244 -964
-7327 18311 580 -1402 1283 -838
-7296 17810 736 -1571 1429 -689
-7364 17561 854 -1260 1792 -332
-7729 17572 992 -822 2162 126
-8288 17791 967 -662 2249 345
-8628 17966 914 -799 2049 332
-8690 17924 916 -1059 1906 412
-8540 17350 897 -1030 1675 674
-8633 17194 1130 -956 1712 1241
-8432 17196 970 -1153 1201 867
-8414 16914 1061 -1234 906 1098
-8118 16562 970 -1218 528 1070
-7938 16634 902 -1117 144 1296
-7748 16349 681 -926 -84 1591
-7696 16346 636 -732 -500 1659
-7448 16620 622 -653 -850 1490
-7306 16828 665 -687 -796 1266
-7333 16962 772 -919 -642 990
-7345 16872 812 -1149 -348 731
-7366 16509 725 -1063 144 675
-7409 16487 622 -780 774 642
-7380 16378 516 -439 1187 488