-16758 2540 942 4541 -729 -1035
-16536 3298 1261 5273 -1447 -1542
-16460 4520 1640 5566 -1959 -2247
-16320 5506 2257 5176 -1912 -2889
-16154 6462 2774 4764 -1374 -3367
-15770 7354 3224 4428 -920 -3864
-15766 9113 3382 3862 -790 -4205
-15752 10936 3324 3264 -788 -4304
-15724 12421 3286 2549 -820 -3918
-15806 13610 3188 2325 -884 -3379
-16110 15350 2948 2002 -1283 -2437
-16749 16621 2289 1525 -1950 -1148
-17462 18085 1394 939 -2769 489
-18138 19753 506 -466 -3823 2480
-18762 20698 -288 -2291 -5486 4675
-19473 21040 -1352 -4045 -7038 7208
-20289 21518 -2596 -6045 -8216 10178
-20932 21501 -3946 -8560 -8830 13411
-22134 22180 -5314 -12045 -9058 16427
-23300 21662 -5790 -16379 -8616 19916
-24265 20409 -6476 -20765 -7320 23468
-25822 19397 -7757 -25185 -6156 26618
-27136 19176 -9585 -30195 -4898 29162
-28472 18793 -11790 -32768 -3397 31268
-30412 17092 -14552 -32768 -1769 32743
-31357 15840 -17198 -32768 459 32767
-32032 14342 -18792 -32768 2709 32767
-32348 12717 -19094 -32768 5902 32767
-32316 11209 -18121 -32768 9600 32767
-31988 9914 -17090 -32768 12837 32767
-31785 8064 -15660 -32768 14656 32767
-30744 6641 -14565 -32768 15300 32767
-29498 5092 -13040 -30238 15778 32767
-27622 4812 -10694 -22755 16744 32767
-25508 5261 -8302 -15327 17973 32767
-23441 5904 -6046 -9838 18983 32767
-21417 5376 -3221 -6572 19945 32767
-19941 8673 -1034 -4184 20190 32767
-18040 9424 1834 -1550 17002 32767
-15864 9124 2220 -86 14899 32767
-13738 10248 2737 1974 12688 31292
-12098 11250 4284 3553 10648 29351
-9801 12726 5512 5311 7734 28167
-7026 14950 5556 6227 6163 27510
-4705 17069 5398 6196 5087 26878
-2077 18400 4897 6398 5489 27281
888 19938 4485 6838 6913 27817
2641 22282 3852 6610 8586 28875
3805 24952 3517 4418 10017 29477
4274 18886 3996 5780 8518 29613
5832 22790 726 4518 10866 31010
5076 22274 1106 3217 10996 32700
6054 16822 40 4274 11537 32767
6417 19441 -876 4357 14785 32767
5652 19962 814 597 17657 32767
2136 15253 2612 -2384 21706 32767
-2474 15153 4682 -5601 23583 32553
-3833 13749 6006 -8067 21691 28432
-2542 10805 7444 -10727 19027 22981
2185 9598 5978 -11873 16596 20082
6654 11434 3992 -11814 16214 19958
10648 11938 2428 -10782 16119 20574
11981 10870 1656 -8772 15866 20907
11888 9462 1214 -6140 15220 21161
11674 8074 1437 -2723 14449 20852
11401 7317 1802 709 14258 20055
11026 6674 2552 3621 14467 19584
10309 6749 3242 5865 14033 18491
9678 6492 3849 6690 12947 16465
9020 6284 4535 6302 12399 13481
7168 5236 5115 5764 13347 9755
5529 3912 5134 5870 14776 6336
3156 1927 5034 6704 15233 2965
1857 -1356 3306 8477 12919 -437
-2370 -1717 2517 10440 9942 -2470
-3636 -482 2938 11871 6259 -5019
-4652 2176 4100 11406 3474 -8526
-4692 3941 5324 9519 2530 -12165
-4868 4832 6272 6451 4474 -15478
-5924 4922 6196 3726 5127 -19049
-7241 3697 5457 2294 4756 -22620
-8501 3113 4214 2247 3713 -25566
-10537 2506 3284 2970 1241 -27092
-12233 3256 2610 3724 -1833 -27594
-13772 4285 2160 4647 -5359 -27935
-14921 6206 1944 4879 -8498 -28315
-15721 8104 2069 4526 -10579 -29561
-16325 9852 1452 3944 -11499 -31205
-16962 10450 78 4679 -11521 -32656
-17525 11200 -1828 7676 -11148 -32768
-18008 12540 -3157 11091 -10702 -32768
-19072 15616 -4349 14008 -10201 -32601
-20377 19685 -5664 15813 -10230 -30224
-20696 23646 -6156 15899 -10476 -27431
-20210 26202 -5698 14174 -10545 -25486
-19116 26880 -4754 11755 -10187 -24576
-18528 25992 -4544 10312 -9132 -24900
-18449 26144 -5708 10486 -7563 -25489
-18321 27006 -7741 12569 -6300 -25778
-17349 27302 -9414 14983 -5089 -23609
-16312 28710 -10393 16688 -4267 -19167
-15096 30022 -10701 17714 -4601 -14730
-13540 31274 -10208 17552 -4863 -11584
-12353 32340 -9769 16411 -5556 -11435
-10445 32550 -9520 15118 -5406 -12616
-9745 32767 -9601 12617 -5415 -11871
-8812 32767 -9548 10244 -5143 -10565
-8145 32082 -9553 9164 -4535 -9431
-7397 30038 -9258 9387 -3553 -7831
-4992 27242 -8857 10850 -2772 -5929
-3696 27016 -8606 13195 -2088 -4257
-2729 29821 -8344 13271 -1715 -3656
-1774 32592 -7818 10392 -1961 -4305
-1222 32767 -7576 5719 -2412 -4779
-357 32767 -7093 740 -1673 -5070
413 32767 -6730 -2592 -125 -4639
682 32251 -6321 -3617 1497 -3224
442 30676 -5608 -3648 2865 -1429
757 30042 -4622 -3744 4178 -284
484 30041 -3594 -4680 4955 484
-188 30564 -2814 -6751 4990 990
-1264 31054 -2098 -9931 4185 1097
-2014 30088 -1325 -13585 2984 1131
-2410 27697 -693 -15818 1920 1308
-2790 24994 -114 -16439 1271 2035
-3096 22294 422 -15676 864 3362
-3112 19773 1026 -13823 682 4986
-3333 17760 1617 -10771 717 6331
-3626 16640 2442 -7531 902 7459
-3960 16014 3109 -5037 1155 8215
-4422 15781 3809 -3646 678 8368
-4592 15608 4046 -3405 -314 8280
-4980 15801 3942 -3938 -1480 8046
-5136 15786 3758 -4687 -2777 7495
-5038 15600 3482 -5643 -3838 7145
-5113 15344 2949 -6166 -4655 6912
-5170 14492 2252 -6101 -5137 6962
-5221 13593 1760 -5243 -5154 7306
-5537 12768 1313 -3713 -4786 7772
-5753 12293 993 -1795 -4166 8066
-5852 12180 841 -90 -3564 8164
-6053 12464 792 1037 -3193 7986
-6536 13068 750 1150 -2738 7620
-7034 13789 829 657 -2738 6912
-7514 14596 689 -633 -3023 6098
-7946 15260 102 -2319 -3568 5465
-8281 15177 -244 -3017 -3935 4942
-8649 13950 -320 -2672 -4018 4930
-7461 13944 -228 -2775 -2336 4881
-8530 14280 -221 -1384 -1938 4021
-7477 14154 274 -786 -393 4302
-7578 15220 401 1 1659 3276
-8013 15613 398 -171 2612 2833
-7534 16240 738 -923 3299 2128
-7406 16332 622 -1812 3281 1130
-6885 16028 610 -2364 2917 595
-6368 15700 660 -2537 2606 229
-6104 15397 554 -2485 2273 -22
-6036 16130 310 -2546 2067 -509
-6852 16176 520 -1774 843 -1100
-4206 15641 974 -2104 1926 -521
-4190 16280 982 -1287 3065 -1427
-3828 15822 960 -371 3700 -1051
-3402 16500 980 4 4766 -1558
-3568 17010 490 779 4545 -2117
-3466 16646 876 826 4308 -1438
-3006 17902 546 424 4351 -1883
-3050 18262 378 149 3857 -2173
-3218 18982 169 -379 3204 -2082
-3402 19706 126 -1132 2977 -2074
-3777 19888 136 -1596 3224 -2054
-4284 20109 260 -1796 3711 -2071
-4850 20140 450 -1697 4139 -1953
-4874 20060 682 -1367 4567 -1594
-5053 19854 946 -698 5052 -1181
-5573 19808 1185 -87 5376 -768
-5606 19706 1448 448 5369 -659
-5673 19449 1661 828 5051 -358
-5700 19245 1904 976 4614 108
-5730 19013 1997 818 4185 355
-5486 18740 2088 566 3643 332
-5277 18541 2084 264 3106 142
-5172 18661 2129 -110 2654 -53
-5064 18628 2162 -558 2210 -234
-4945 18414 2038 -961 1836 -385
-5010 18222 1961 -1319 1623 -439
-4970 17869 2013 -1350 1451 -564
-4866 17752 1908 -1253 1205 -555
-4709 17684 1814 -1138 878 -508
-4640 17808 1657 -985 591 -452
-4566 17874 1569 -688 369 -446
-4706 18065 1477 -483 181 -511
-4728 18124 1318 -393 21 -653
-4978 18249 1146 -403 -131 -706
-5062 18106 973 -297 -326 -617
-5165 17897 765 108 -459 -375
-4963 17809 553 559 -559 -177
-4581 17669 338 1212 -581 -11
-4412 17806 285 1637 -581 258
-4497 18037 113 1640 -656 546