-19286 12850 -472 6951 9494 -3576
-18598 12452 -161 4509 7371 -2568
-18188 11976 -170 3391 6435 -1980
-17644 11306 -155 2830 5621 -1392
-17226 10250 -121 2640 4800 -467
-16894 9497 -22 2912 4329 366
-16813 9116 -8 3496 3904 1241
-16798 8693 58 4183 3440 2032
-16816 8369 -13 4882 3022 2783
-16785 7338 -298 6360 2377 3915
-16556 6474 -697 8326 1780 5088
-16548 6254 -866 9847 1487 5803
-16781 6113 -640 11359 1505 6296
-17192 6714 -417 12243 1561 6275
-17516 7258 -124 12242 1718 5972
-17704 7225 -100 11709 1679 5624
-17666 6528 -417 11367 1306 5402
-17532 6278 -560 10928 826 5313
-17500 6450 -644 10054 307 5208
-17406 6220 -722 9104 -201 5028
-17406 5628 -792 8452 -753 4904
-17357 5262 -706 7757 -1398 4998
-17226 4497 -738 7435 -2119 5081
-17246 4516 -324 7256 -2474 5110
-17472 4457 280 6739 -2562 4939
-17634 4486 782 5985 -2606 4389
-17615 4203 764 5384 -2783 3564
-17162 3022 414 5674 -2797 2955
-16800 2765 254 6765 -2544 2428
-16371 2286 44 8272 -2265 1669
-16042 2152 -90 9298 -2176 1074
-15832 3306 -20 9094 -2345 10
-15760 5190 86 7426 -2958 -1955
-15473 6789 474 3911 -3641 -5080
-15945 9034 1269 -1512 -3682 -8920
-17680 10769 1786 -6573 -3329 -11850
-19362 12404 2850 -12027 -2895 -13577
-20447 13583 2720 -18311 -3024 -14288
-20981 13774 1378 -23452 -3624 -12672
-22109 13408 862 -25063 -3813 -11043
-23457 12804 766 -24860 -2524 -9578
-24188 13260 558 -25481 -281 -7790
-25556 13900 133 -26849 2159 -3386
-30910 14092 520 -29566 1361 3155
-32768 10869 -345 -32592 -6311 11429
-32768 6607 -3165 -32768 -16495 19749
-32768 -629 -5183 -32768 -28877 25753
-32768 -6984 -4682 -32768 -32768 30780
-32768 -7493 -2673 -29101 -32768 32767
-27991 -9577 -1051 -21277 -27590 31787
-19268 -6146 850 -12097 -10913 28141
-15878 -5160 266 -5754 489 24541
-12548 -4600 317 1102 11505 22863
-10764 -1040 -110 8671 19292 22110
-9848 1934 92 12277 21661 22711
-9576 6250 854 12614 23661 23979
-9906 11904 1780 9999 27410 25556
-10241 17625 1539 5031 31270 25428
-10304 21500 723 5674 31465 21125
-9376 25358 630 4536 29366 18402
-6936 28193 716 377 25572 17762
-5257 30246 38 -4971 21404 19433
-4208 31805 -801 -10314 16892 20781
-2660 30029 -1193 -14885 11928 22480
-2799 29295 -1857 -18219 7358 26005
-2868 29458 -2630 -21305 5528 28908
-3070 27198 -3043 -24092 5018 30677
-2844 23236 -3138 -25895 4761 32507
-2496 20973 -4691 -25882 4427 32767
-822 19484 -6105 -25431 4491 32767
-862 18360 -6692 -24106 4276 32767
-267 16923 -5920 -23140 4641 32767
-470 14908 -4836 -22328 5629 32767
-1912 13240 -3724 -20867 7113 32767
-2532 12332 -2592 -20098 8395 32767
-1232 11686 -2422 -19746 8473 32767
1253 10636 -2400 -19034 8653 32767
3367 8513 -2994 -17101 9300 32767
4361 6938 -2837 -14471 10368 32767
5510 5488 -2226 -12076 11725 32767
5330 4754 -1328 -10285 13110 32767
4955 3609 -87 -7245 15646 32767
4901 2549 625 -2394 18879 31374
4725 1592 904 2230 20898 27269
4216 1248 864 6446 22187 23132
3718 1169 1050 10036 23021 18785
2869 1970 1821 12388 23256 14560
2088 2581 2373 13048 22368 10746
994 3280 2914 12181 20720 7329
-442 3164 2862 10941 18070 3763
-1969 2378 2793 9873 15071 653
-3492 2254 2590 9498 12071 -2121
-4133 1204 2460 10146 8728 -4930
-4560 -938 1056 11941 5397 -8196
-7892 1776 1456 13182 3695 -9973
-9266 4154 2022 13685 2609 -12695
-10470 6708 3044 12263 2074 -16228
-11418 8536 3562 9029 1763 -20085
-12317 8874 3558 5742 1983 -24014
-13333 8174 2985 3252 2087 -27389
-14578 7304 1609 1878 967 -29804
-16008 5714 -402 2819 -1455 -31595
-17856 5153 -1846 6517 -4416 -32673
-19942 6489 -3488 10508 -8296 -32591
-21418 10038 -5020 13529 -12739 -31358
-21436 12341 -5597 16554 -16762 -30494
-21997 15178 -5005 18715 -18819 -28476
-23382 19456 -4385 19806 -18881 -27081
-23677 22684 -4249 19724 -16617 -27734
-24061 23788 -4561 18424 -13797 -28733
-24506 24120 -5221 16325 -11229 -28933
-23930 25116 -5800 13897 -9672 -28969
-23598 26010 -6468 11408 -9234 -28683
-23324 27065 -6956 9337 -9570 -28240
-22970 28401 -7398 7573 -10035 -26916
-22430 29676 -7382 6124 -9515 -24555
-21464 31284 -6910 4747 -7571 -20983
-19793 32101 -6336 3771 -4507 -17532
-18870 31521 -5984 3395 -1498 -15769
-17133 30050 -5898 4421 882 -15001
-16542 27660 -6069 6516 1596 -12353
-15350 26462 -6192 8586 1378 -9578
-14517 27216 -6238 10156 938 -8142
-13661 28634 -5928 10210 281 -7360
-12434 31142 -5392 8470 -307 -6848
-10910 32402 -4608 5497 -1013 -5997
-8758 31557 -4414 2483 -1157 -4965
-7102 30308 -4716 730 -1011 -4288
-5721 28640 -5182 541 -329 -3844
-4488 28056 -5464 1388 1012 -3165
-3328 29144 -5205 2274 2480 -1932
-2566 29780 -4436 2595 3321 -219
-2016 29890 -3366 2373 3871 1519
-1333 29017 -2981 2369 4043 2877
-814 28266 -2582 2518 4109 3731
-224 28517 -1937 1798 4310 4078
442 28257 -1390 237 4705 3948
964 27004 -801 -1138 5289 3950
818 26122 -185 -2029 5912 4278
300 25878 468 -2676 6353 4477
-1036 26346 1122 -3768 6265 4494
-2796 27094 1620 -5216 5656 4552
-3664 26666 1946 -6749 4841 4880
-4125 25417 2081 -7842 3803 5826
-4257 23004 1830 -7714 2427 7471
-4132 20198 1601 -6044 951 9569
-3634 17633 1348 -3289 -212 11980
-3662 16133 1118 -175 -1123 14196
-3774 15188 1409 2523 -2109 15874
-3972 14701 1506 4201 -3267 16747
-4530 14328 1722 4828 -4474 16787
-4486 14038 1982 4395 -5667 16138
-4552 13882 2244 3298 -6457 15216
-5009 13641 2558 1916 -6978 13823
-5221 13488 2657 429 -7103 12447
-5505 13544 2749 -685 -6656 11142
-5622 13106 2600 -1114 -5808 10047
-5924 13064 2109 -774 -4587 8954
-6298 12906 1606 -332 -3277 7981
-6826 13090 1217 104 -2108 7246
-7210 13574 992 624 -1207 6714
-7641 14117 616 973 -653 6335
-8214 14884 305 1122 -379 6204
-8802 15722 -20 664 -227 6369
-9276 16917 -113 -143 -482 6098
-9190 17458 -73 -1287 -738 5622
-8760 17440 44 -2024 -921 4537
-8652 16782 -209 -2665 -1044 3757
-8288 15948 -416 -2315 -768 3191
-7882 15364 -626 -1253 -257 3007
-7373 14772 -684 358 337 3005
-6960 14832 -633 1737 925 3125
-6480 15256 -729 2395 1195 3016
-5733 15486 -848 2423 1255 2571
-5176 15880 -856 2084 1280 1892
-4914 16325 -834 1355 1409 1120
-4446 16652 -776 184 1639 315
-4032 16722 -766 -913 1954 -465
-3752 16656 -773 -1736 2343 -1221
-3500 16649 -925 -2190 2858 -1921
-3258 16770 -1110 -2325 3377 -2545
-3074 16950 -1244 -2393 3813 -2935
-2976 17444 -1396 -2543 4269 -3187
-3185 17994 -1609 -2819 4527 -3201
-3429 18756 -1701 -2851 4708 -2964
-3428 19266 -1561 -2739 4977 -3049
-3572 19185 -1430 -2383 4682 -3342
-3577 19286 -1377 -2119 4659 -3236
-3617 19800 -1353 -2041 4897 -3091
-4112 19604 -1353 -1897 4695 -2868
-4348 19640 -1236 -1846 4528 -2508
-4414 19481 -986 -1737 4838 -2071
-4564 19209 -838 -1654 4952 -1434
-4689 18794 -736 -1618 4739 -754
-4418 18369 -697 -1525 4395 -292
-3904 17710 -852 -1007 4108 2
-3740 17592 -964 -574 3999 263
-3720 17902 -811 139 3716 331
-3910 18700 -626 500 3056 -32
-3769 19108 -494 -37 2326 -681