-17532 12480 1876 -6615 -18956 20154
-16308 12641 2365 -3533 -17312 20481
-15569 14973 3065 -558 -14254 21192
-14702 17180 2880 598 -12043 21931
-14090 19259 2575 1198 -9903 22571
-12892 20696 2097 873 -8040 23182
-11878 21365 1304 13 -6873 23879
-10952 22537 321 -1017 -5304 24862
-10500 23152 -788 -2658 -4504 25957
-9248 23692 -666 -4734 -3658 26799
-7555 22747 -546 -8308 -2825 28508
-6406 21140 -984 -9923 -3097 30716
-5355 17035 -1118 -6334 -2531 32551
-2468 14408 -460 2469 953 32767
-864 14322 -30 8455 4394 32767
-670 15277 32 11254 7985 32767
-618 17744 -221 10192 11552 32767
-577 19282 -384 8251 13924 32279
-608 18586 -816 5865 15668 30093
-1149 17963 -2661 2005 16929 28548
-1816 15704 -3388 138 17765 27973
-2661 14294 -3473 -1192 18734 28456
-3454 14433 -2472 -3032 18066 29525
-3652 13889 -2280 -3253 17732 28701
-2957 13632 -2011 -2543 17592 25686
-1713 13713 -1264 -1491 18220 22934
-741 14846 -741 -1203 18896 22252
-868 15248 453 -1006 19521 22916
-2194 14886 1487 -850 20552 24655
-2792 14204 2844 102 20981 26044
-3268 14324 4002 415 20969 25651
-2931 14357 5155 -562 20514 23424
-2477 13801 5157 -2207 19293 21090
-1742 12280 5105 -2881 17525 18919
-1404 11586 5229 -3430 15791 17487
-1490 11093 4962 -3370 13662 15839
-1420 10716 4717 -2533 11529 14159
-656 10374 4824 -1698 10014 12961
-53 11117 5017 -1136 9331 11772
734 12076 5440 -1019 9388 9753
1104 11486 5701 -773 10431 7882
695 11077 5377 -130 10925 6708
568 11400 4509 544 10101 5631
726 11385 3912 1435 8700 4316
1150 12125 3456 2300 7137 3368
2010 13401 3461 3439 5367 2416
3285 15222 3570 4091 4301 2017
4286 17036 3677 4029 4132 1977
5698 17742 4161 4080 4425 1885
6476 18822 4480 4041 4690 2309
7456 19822 4937 3417 4759 2913
8905 21256 5321 2027 4388 3397
10544 22328 5804 207 3867 3820
11714 23197 6550 -1717 3923 4245
13008 23604 7245 -3310 4317 4719
13741 23062 7944 -4274 5938 5385
15025 21293 8696 -4280 7843 6346
15629 20001 9484 -3577 9227 7217
15944 18581 10294 -2750 10510 7918
15782 17729 11565 -2452 11746 8240
15410 17266 13088 -3306 12612 8033
15262 15861 14237 -5258 12841 7516
15557 13364 14536 -6025 12958 6633
15800 10726 13262 -5490 12907 6338
15134 7689 11246 -3370 12868 6677
13093 7745 10256 -2831 11152 7709
8518 3988 9097 -141 6015 7740
8116 2362 7445 4688 2756 6508
5716 5094 7586 5776 2513 6640
3801 5870 8176 5972 5415 4905
2284 6253 8026 7058 10364 3272
2354 5454 7264 9100 16405 1503
2194 3464 6030 11440 20011 -1443
1420 2016 4904 12401 19118 -4109
316 1685 3629 11987 18209 -7025
-1217 1640 2045 10425 14912 -8439
-2436 193 16 9987 9368 -9662
-3877 -3333 -2106 10913 2865 -9798
-5737 -3642 -4228 12165 -2737 -8377
-6868 -2070 -4948 14232 -7533 -7781
-7922 989 -4417 16005 -14013 -7947
-8110 4113 -3896 16112 -15128 -8973
-8928 6896 -2860 15197 -14552 -11629
-10197 7992 -2474 14962 -14439 -16090
-11338 7601 -2757 15406 -14441 -20570
-12852 7122 -5441 14375 -10725 -24542
-14676 8274 -6164 13278 -8545 -27914
-16838 10750 -7214 11070 -9227 -30519
-18193 12012 -7013 9435 -11700 -32695
-18704 13514 -6888 8329 -14274 -32768
-20042 14640 -6834 7815 -16282 -32768
-20841 16132 -7246 8822 -17684 -32588
-21829 16926 -7632 11581 -17856 -32326
-22509 19398 -8294 13835 -16516 -32083
-22765 22541 -8840 14374 -14179 -30714
-22570 25240 -8917 14108 -11974 -29294
-22344 25804 -9089 14330 -11137 -27977
-22132 27158 -9076 13995 -10943 -26138
-21086 27816 -8813 12955 -10068 -24796
-20157 28157 -8764 11660 -9159 -23737
-18821 28570 -8961 10818 -8546 -22659
-17329 29778 -8688 10298 -7784 -21168
-15585 29768 -8114 10969 -6298 -19145
-15274 30416 -7570 12137 -5089 -16669
-14084 30472 -7272 12711 -4168 -14038
-13317 28872 -7534 13562 -4193 -11335
-11578 25476 -8050 16101 -6038 -8265
-10488 24120 -9193 19677 -8079 -6274
-10289 26414 -10381 22425 -9817 -6137
-10798 30999 -11302 21848 -11186 -6337
-9738 32767 -11585 17911 -11761 -6525
-8817 32767 -11845 11715 -9919 -6186
-7374 32767 -12232 6105 -7455 -5675
-7286 32767 -13162 1875 -4436 -5705
-7079 32747 -12840 418 -555 -3081
-6448 32166 -11180 1433 2423 -237
-5734 32427 -9136 2395 4365 2068
-5096 32767 -7125 1382 4287 2774
-4894 32767 -6162 -996 2720 3130
-4056 32522 -5270 -3630 1937 5286
-3348 30273 -4784 -5599 2331 7043
-2625 26706 -4613 -5400 3392 8735
-2128 24046 -4265 -3428 4233 10723
-1644 22248 -3457 -846 4781 12418
-882 21781 -2500 787 4837 13587
-502 21114 -1358 1443 4519 13996
-445 20448 -465 1208 4027 13929
38 20053 -249 309 3644 13954
314 19942 206 -1684 3174 13932
-149 18592 -538 -3534 2881 13311
768 16978 -748 -3979 2727 12419
1282 15712 -412 -4086 2877 11634
1626 14658 -122 -3725 3194 10901
1733 14486 26 -3149 3426 9762
1718 14661 -164 -2603 3592 8359
1285 15808 -573 -2494 3316 6734
578 17541 -486 -4082 2773 5728
-61 18605 -394 -6498 2021 5208
-1089 18882 -338 -8824 1139 4876
-1944 18657 -42 -10645 249 4539
-2644 18110 6 -11303 -288 4440
-3130 17262 -440 -10755 -273 4555
-3322 15898 -856 -9380 93 5275
-3584 14689 -1356 -7321 726 6716
-4110 13556 -1733 -4748 829 7886
-4120 12513 -2344 -1988 591 8567
-4328 12142 -2165 162 144 8960
-4474 12922 -1324 755 -149 8946
-5092 14240 -558 306 -301 8344
-5966 15025 100 -786 -44 7119
-6260 15609 141 -2623 713 5767
-6506 15737 62 -4975 1810 4709
-6672 14925 -500 -6351 2711 3714
-6676 13190 -1334 -6220 3276 3153
-6861 12702 -1942 -5152 3495 2960
-7080 12766 -2322 -3498 3541 3094
-7076 13328 -2258 -2072 3272 3390
-7158 14414 -2105 -1334 3013 3741
-7222 15196 -1948 -1104 2822 3515
-7233 15432 -2077 -1463 2852 2891
-7030 15380 -2125 -2039 2961 2161
-6822 15460 -2016 -2773 2992 1260
-6690 15662 -2002 -3659 2962 236
-6241 15724 -1882 -4614 2926 -799
-5941 16300 -1740 -5754 3376 -1766
-5805 16438 -1952 -7050 3422 -2732
-5360 16429 -2110 -8066 3694 -3599
-4978 15485 -2326 -7675 4411 -4483
-4409 15032 -2310 -6132 5554 -4741
-4249 15561 -1952 -4205 6877 -4873
-4225 16496 -1572 -2616 7323 -4837
-4196 17901 -1222 -1789 7960 -4773
-4709 19518 -1017 -2092 7373 -4907
-4584 20512 -742 -3498 6793 -4763
-4314 21108 -552 -4833 6398 -5006
-4313 20729 -357 -6144 6521 -5011
-3973 20054 -246 -6319 6596 -5388
-4102 19174 -57 -5229 6394 -5578
-4072 18648 114 -3713 6599 -4704
-4332 18764 405 -2072 6878 -3874
-4770 18918 822 -718 6523 -3435
-4961 19178 1090 145 5916 -3002
-5089 19276 1261 330 5194 -2463
-5022 19241 1208 236 4735 -2087
-4933 19224 1285 -142 4138 -1866
-4798 19262 1160 -429 3566 -1886
-4734 19017 1232 -742 3029 -1805
-4758 18968 1317 -1084 2712 -1287
-4405 18968 1252 -962 2724 -1053
-4422 18620 1478 -655 2889 -689
-4056 18756 1573 -150 2607 -655
-4060 18880 1470 177 2085 -541
-4018 18801 1256 530 1228 -238
-3940 18856 1168 732 366 375
-3892 19287 981 556 -351 492
-3881 19517 844 239 -1116 360
-4301 19665 597 -92 -1928 749
-4124 20124 468 -691 -2032 1000
-3684 20124 426 -1723 -797 937
-4049 19790 197 -2008 194 577