-15846 14384 4740 -17038 -8702 4448
-15766 14558 3996 -18667 -9329 4770
-15656 14268 3497 -18632 -9104 4982
-16502 14768 3046 -17991 -8334 5297
-17360 15080 2588 -17662 -7505 5763
-18206 15970 2353 -17305 -6459 6365
-19045 17265 1873 -17145 -5560 7389
-19624 18334 1344 -17465 -4784 8590
-20396 20243 264 -19137 -4352 10157
-21552 21027 -1038 -22692 -5123 12865
-22476 20584 -1769 -26310 -6319 16165
-23206 20306 -2148 -28981 -7128 19123
-23966 20724 -2856 -31720 -7488 22149
-24577 19696 -3881 -32768 -7673 25419
-24700 19174 -4866 -32768 -7957 27302
-25212 18369 -5572 -32397 -8074 29366
-25497 16924 -5705 -30145 -7074 32087
-25430 16268 -5684 -28088 -5782 32767
-25324 15364 -5232 -24444 -2743 32767
-24798 14854 -4645 -19800 1566 32767
-24509 15962 -4325 -17082 4389 32767
-24592 15946 -4512 -15678 5986 32767
-23962 14558 -4760 -13500 7174 32767
-22884 13382 -4866 -10268 8542 32767
-21510 12204 -4654 -6264 9989 32767
-20404 11706 -4534 -2347 11325 32767
-18681 9792 -4328 3874 12868 32767
-16530 9321 -4365 10878 15070 32767
-15518 8965 -3682 16103 16884 32767
-14345 9476 -3121 20232 19311 32767
-14108 9822 -2184 24013 21293 32767
-12205 9148 -72 27466 25039 32767
-11618 10589 1752 27646 28923 32767
-11361 11301 2448 26304 30371 32767
-10856 11170 3154 24803 31232 32767
-10582 12844 3222 22612 32054 32455
-10124 14994 4207 18285 31541 29519
-9569 15306 4629 12182 29775 25126
-9448 14648 5012 7344 27524 20110
-8661 15157 5444 2017 23858 16255
-7388 13638 4860 -1054 19994 13245
-6462 13718 3592 -1031 15934 10574
-5992 14010 4655 -1314 10466 9375
-5136 14436 3703 -2480 3738 8340
-2378 13912 2774 -612 1232 9096
-1764 14723 2885 3516 732 9728
-969 16640 2546 6437 1157 10277
42 18586 2738 6497 1985 10447
992 18929 3678 5504 2706 10359
1296 20038 4214 2165 3274 10490
2030 21476 3589 -888 2506 9885
3025 21752 2992 -3103 806 8250
4065 22316 2484 -4721 -1320 6869
6329 21738 2134 -5204 -2766 6745
7742 19510 2021 -3253 -2890 8332
8396 18512 2190 -566 -1829 11135
8476 17961 1832 3070 442 14546
8113 19352 1394 4841 2259 16353
7948 21708 1192 3640 2774 16022
8243 22191 1134 675 2643 14484
10252 21567 1398 -3557 2628 12747
11608 20429 1292 -6697 3878 11915
12099 19574 892 -8440 5719 11171
11678 18625 649 -8511 7434 10634
11908 18274 1089 -7810 8384 10433
12265 18260 1658 -6939 9008 10563
12780 18182 2010 -6530 9218 10494
13440 18291 2480 -6635 9229 10261
13737 17125 3118 -6157 9521 9501
14194 15717 3857 -5264 9894 9475
15620 14003 5420 -4048 10909 8986
15659 12714 6203 -3127 12076 7747
14032 12076 6277 -3379 12900 6207
12978 11333 6345 -4285 13026 4910
12825 10361 6220 -5056 12931 3691
11925 9245 5650 -5586 12967 2615
10310 7524 4960 -5635 12974 1886
9265 4676 3885 -4643 12802 1037
6417 2486 2767 -2401 12340 72
4290 -284 1298 1147 11212 -1312
2195 -2352 356 5881 9099 -2176
261 -2654 -310 10336 5615 -3010
-986 -1680 -77 12310 2795 -3662
-2058 0 736 12326 857 -4554
-2818 1502 1760 11111 -175 -5869
-3722 3002 2876 8974 -632 -8416
-5413 3420 3182 6165 -591 -12628
-7189 2765 2640 4813 94 -15973
-8606 1922 2080 4179 717 -17306
-10270 1749 1327 5313 -1750 -18986
-12262 2735 728 7202 -6307 -20017
-13613 4361 836 8391 -10024 -20394
-13792 6694 1565 8274 -11630 -20554
-14253 9776 2454 6059 -11989 -21746
-15388 10500 1810 2478 -11789 -25099
-17128 9581 -1590 3315 -13032 -28533
-17996 8274 -5348 8506 -15270 -30923
-17641 10804 -9250 15623 -15920 -30921
-17569 17212 -10664 21236 -14106 -29289
-16040 20092 -9901 23952 -10145 -26785
-16284 23564 -9788 24329 -5873 -24861
-17168 26208 -10048 22787 -3648 -25080
-17196 27961 -10346 19301 -2856 -25242
-16854 29034 -10769 15071 -4617 -24658
-15485 28846 -10900 11401 -6660 -23176
-13457 27492 -11506 11191 -7965 -21594
-12792 27537 -12572 13207 -8803 -19905
-11613 28001 -12941 16010 -8298 -18398
-11694 29941 -12842 17978 -7017 -16561
-12189 32767 -12849 18493 -7051 -16577
-11608 32767 -12712 16398 -7006 -13155
-11049 32671 -12641 13613 -7631 -10008
-9780 31581 -12422 12411 -7873 -10073
-8724 30189 -12409 11829 -7563 -10339
-8626 30089 -12465 11982 -7625 -10483
-8110 30008 -12394 11588 -7681 -9660
-8078 31000 -12593 10929 -6990 -8406
-8270 31652 -13064 10292 -6830 -6505
-7622 31948 -13462 9122 -6457 -4063
-7270 32293 -13801 7352 -5907 -1930
-7270 32117 -14154 5551 -5879 -491
-7413 32474 -14824 3643 -6032 677
-7301 32767 -15840 1134 -6246 1888
-7100 32767 -16658 -1480 -6205 3912
-6792 32767 -17381 -3312 -6458 6000
-5309 31530 -16242 -3425 -5689 8126
-4022 27857 -14248 -1602 -3666 10976
-2920 25122 -12068 1023 -1265 13582
-1778 22680 -9962 3293 640 15170
-756 20937 -8130 4366 1347 15940
540 19086 -6118 4415 1048 15917
1709 17917 -4477 3431 278 15491
3280 16145 -2673 1975 81 14488
4066 15890 -1513 252 160 13137
5004 15350 -410 -1668 -114 11343
5849 14648 216 -3254 82 9969
6516 14005 320 -3890 301 8718
7002 13506 313 -3691 534 7552
7364 13820 345 -3210 766 6834
6938 14913 166 -3051 638 6767
6722 15802 256 -3283 369 6935
5639 16904 376 -4211 -264 7444
4230 18003 550 -5732 -1593 7551
3469 17647 1012 -6537 -2469 7483
3011 16456 864 -6110 -2655 7598
3190 15196 1040 -4682 -1966 7920
2604 14615 1357 -3566 -1212 7919
1810 14464 1153 -2710 -809 7729
-171 14914 1757 -1453 -750 7240
-3493 14703 1315 -3655 -526 6321
-2315 19742 -2271 -7354 -5268 3277
-2076 17402 -3528 -7187 -7103 382
-2932 17433 -3284 -5996 -5305 2099
-2929 16930 -2752 -3722 -3980 3337
-3676 16600 -2012 -2208 -1441 4447
-4601 16772 -1056 -1001 1543 4688
-5868 16494 -1042 260 3270 3662
-6672 16529 -1761 1275 3171 2170
-7032 16998 -2394 1528 2113 434
-7414 17845 -2993 890 520 -835
-7633 18788 -3748 -302 -1523 -1084
-7464 19770 -4210 -2410 -3208 -724
-6680 19677 -4362 -4563 -4215 -209
-5562 18233 -4481 -5524 -3735 644
-5032 17453 -4770 -5151 -1942 1389
-4890 17250 -4821 -3683 339 1554
-5410 17894 -4916 -2398 2130 1193
-5849 19145 -5149 -2099 2891 480
-6348 20504 -5182 -3350 2766 -194
-6188 21184 -4876 -5673 2131 -722
-5478 20576 -4618 -7802 1471 -906
-4832 19176 -4306 -9169 1239 -556
-4262 17636 -4150 -8875 1400 -11
-3820 16174 -3577 -7272 1962 296
-3621 15684 -2948 -4999 2613 1613
-3528 16420 -2396 -3647 4023 586
-3432 16584 -1592 -2458 3884 1070
-4096 16225 -1029 -4858 6342 3209
-3149 17765 -906 -4653 5646 -1952
-3534 16602 -770 -3983 3610 -5128
-2496 16464 -572 -3123 3788 -3260
-2824 16761 -628 -2434 3024 -1629
-3661 17272 -825 -1839 1502 -1687
-3232 17648 -1028 -1916 642 -1618
-2768 17756 -1078 -2062 413 -1922
-3090 18142 -1017 -2378 683 -2230
-2736 18262 -1200 -2470 762 -3020
-2310 18048 -1413 -2136 959 -2906
-2080 18089 -1502 -1479 1635 -1995
-2270 18514 -1541 -551 1983 -1885
-2385 18725 -1373 -122 2061 -2042
-2412 18614 -1217 198 1834 -1778
-2381 18886 -1140 269 1497 -1103
-2261 19074 -1029 242 1204 -835
-2382 19174 -813 -245 743 -628
-2299 19167 -876 -717 467 -589
-2641 18924 -920 -823 6 -828
-2500 18728 -936 -459 -314 -936
-2484 18645 -1064 139 -485 -800
-2461 18902 -1216 703 -404 -513