-14850 8170 -3628 1487 -614 -2484
-14852 8313 -3613 1566 -523 -2357
-14734 8749 -3514 1441 -518 -2128
-14796 8921 -3510 1198 -531 -1831
-14992 8840 -3622 859 -825 -1820
-14953 9053 -3769 811 -778 -1733
-15244 9322 -3729 831 -701 -1683
-15437 9477 -3733 724 -577 -1589
-15533 9508 -3750 472 -509 -1628
-15632 9697 -3816 170 -474 -1587
-15925 10004 -3924 -217 -475 -1551
-16136 10229 -4021 -632 -492 -1511
-16174 10349 -4041 -915 -332 -1329
-16481 10849 -3814 -1364 -142 -888
-16704 11596 -3484 -2445 -267 -179
-16690 11861 -3278 -3822 -601 616
-16737 11828 -3197 -4794 -1018 1247
-17040 11877 -3244 -5197 -1194 2034
-17260 11726 -3273 -5206 -984 3079
-17281 11184 -3245 -4718 -292 4060
-18070 10873 -2298 -4962 -266 4663
-18285 10949 -1878 -5259 -536 5468
-18541 10496 -1742 -4971 -773 6229
-19734 9829 -1716 -4256 -985 6937
-20534 9518 -1944 -2640 -1303 7366
-21242 9252 -2145 -179 -1653 7408
-21888 9710 -2592 2420 -2281 7219
-22012 10786 -2865 4887 -2873 7061
-21857 12350 -3009 6718 -3287 7085
-21646 14122 -2977 7296 -3805 7249
-21130 14989 -3013 6960 -4897 7546
-20182 15552 -3157 5542 -5897 8544
-19536 17038 -2998 3196 -7029 10332
-19113 17650 -3084 1499 -8013 12499
-19558 17316 -3277 -117 -8557 15592
-19262 18102 -3060 815 -7565 18930
-20421 16878 -3129 1743 -6386 22338
-21244 17053 -2952 2437 -4818 25706
-21872 16882 -2644 2179 -3392 28339
-22274 16720 -2294 1105 -1804 30266
-22412 17381 -1942 -149 -449 31496
-22454 17944 -2000 -1681 605 32060
-21518 17422 -1997 -2701 1970 32603
-19920 17488 -2021 -4026 3466 32767
-18528 17789 -1713 -6712 5353 32680
-16982 18481 -1256 -11519 7082 32038
-16276 19214 -1309 -18374 7559 30693
-14889 18098 -2204 -25465 6172 28892
-13237 16441 -3800 -28811 4385 27322
-10802 13864 -4706 -26801 3367 26661
-8038 12524 -5456 -19704 3755 27267
-5326 12036 -5609 -10391 7009 28848
-3054 14473 -5690 -3234 10349 30081
-1685 17474 -5541 166 13240 31315
-500 20089 -5990 249 15915 32165
544 20892 -6217 -1438 18413 32184
1258 19606 -6209 -3501 20139 32431
2257 17773 -5970 -4185 22318 32767
2517 18305 -5362 -4694 25276 32767
2221 18136 -4217 -5929 27562 32767
2072 17561 -3792 -7826 28794 32767
2273 15454 -2252 -9718 29359 32767
3222 14632 -1048 -12202 29348 32767
3584 13124 -228 -13546 28396 32767
3564 11569 -533 -12906 27112 32386
4020 10653 -224 -10705 26031 31232
6158 9592 468 -8479 24819 29884
9398 10128 673 -5280 23144 28652
12041 10221 129 -1951 21480 27441
11506 12065 -1088 449 20319 27274
9105 13604 -2080 1714 20493 27678
6021 13482 -1702 2728 19814 27529
2916 12662 -872 4120 17585 26946
469 11901 593 5832 13978 26141
-565 10916 2152 7371 11823 25094
-480 9426 4104 9129 11234 22840
1069 7205 5584 10259 13550 20071
254 6486 6116 9356 19745 17036
-1557 5394 6292 7512 20498 12666
-2261 4024 5576 6918 18749 7394
-3425 2600 4534 7518 16685 2226
-5228 982 3536 8595 14099 -1627
-6744 854 2830 10325 9301 -4786
-7772 1634 2296 11809 5530 -7045
-9046 3114 2500 12523 2008 -10415
-9926 5086 2608 12202 -911 -14440
-10332 5550 2708 10907 -2801 -17763
-10464 5492 2558 9454 -1098 -20331
-11450 5618 2825 8644 170 -23190
-12780 6176 2758 8360 1062 -25978
-14400 7206 2685 7054 1159 -29053
-15788 8493 2330 5077 653 -31678
-16852 8845 1576 3675 -335 -32768
-17621 8670 549 3546 -1394 -32768
-19349 8673 -785 4411 -2536 -32768
-21090 10929 -1871 6427 -4971 -32768
-22500 13680 -2842 7803 -9084 -32768
-23458 16456 -3907 8795 -12711 -32768
-24161 18900 -4546 9594 -16815 -32768
-24240 19539 -7138 11737 -19529 -32768
-23901 21055 -9156 15255 -20871 -32751
-22636 23420 -11151 17116 -21372 -30424
-21172 25914 -12390 17373 -21192 -27293
-20334 28395 -13880 15923 -19549 -23683
-18577 30570 -14998 13375 -17761 -20588
-17545 31185 -16130 11570 -16351 -18647
-16748 31593 -16756 10452 -14127 -16750
-15677 31316 -16522 9940 -11353 -14205
-14421 29956 -15986 10171 -8337 -11088
-13402 28558 -15298 11353 -4970 -7412
-12342 26745 -14517 13619 -1903 -4146
-11612 26852 -13709 15984 204 -2125
-10564 28349 -13200 16427 955 -1549
-9093 31413 -12350 14806 437 -1976
-8002 32767 -11684 10927 -765 -2171
-7368 32767 -11345 5691 -2128 -1564
-6762 32767 -11089 823 -3431 -103
-6062 31977 -11040 -1673 -3729 1593
-5074 29916 -10084 -2225 -3442 3082
-4074 28365 -9429 -1272 -2293 3792
-3690 28653 -8974 465 -828 4157
-3489 29862 -8413 1634 332 4418
-3624 31999 -7877 1067 1004 4721
-3874 32767 -7653 -1870 1294 5063
-4428 32767 -7258 -7420 1274 5194
-4218 32767 -6625 -13490 803 4179
-3521 32767 -6230 -19604 957 3397
-2313 31654 -6141 -22186 1234 3260
-965 26826 -5744 -20179 2163 4248
45 25050 -4006 -17032 3122 5726
1018 23001 -3114 -13883 4047 7028
1170 21822 -2030 -11005 4740 8920
113 21265 -1140 -8930 4327 11266
-488 20305 -140 -9035 3156 12894
-1534 19554 168 -10902 2407 13515
-2730 18388 1232 -14189 1329 12238
-3430 16653 1933 -18265 -312 9128
-2769 14218 2874 -22899 -1456 6747
-1530 11170 3449 -26381 -2051 5092
-914 9084 4048 -27911 -1983 3994
-808 7257 3970 -27677 -1221 2909
-934 5558 3822 -25851 -316 1647
-953 4592 3574 -22688 727 519
-1797 4857 3481 -19075 1915 -120
-3364 6192 3676 -16216 2816 -978
-4428 7194 3718 -15178 3124 -1912
-5589 8409 3510 -15792 2714 -2477
-6777 9345 3210 -17240 1621 -2683
-7790 9813 2722 -18296 479 -2597
-8441 9614 2277 -18241 -538 -2286
-8202 8810 2088 -16991 -791 -1661
-7806 8098 2100 -14745 -332 -610
-7634 7590 2588 -11999 247 643
-8044 7482 3053 -8969 863 1767
-8708 8084 3625 -6057 1614 2605
-8966 9092 4182 -3798 2769 3019
-9244 10413 4726 -2532 3917 3167
-9564 11610 5252 -2252 5204 3213
-9800 12152 5622 -2543 6169 3097
-10220 12142 5885 -2859 6831 2663
-10512 12172 6090 -2874 7179 2082
-11030 12664 6082 -2449 7175 1500
-11129 13102 6040 -1894 6833 856
-11056 13497 6258 -1557 6314 526
-10638 13762 6282 -1460 5514 203
-10708 14496 6292 -1730 4690 74
-10678 15420 6073 -2541 4020 -209
-10690 15457 6237 -3289 3005 -365
-10321 15832 6297 -3806 2089 -91
-9908 16188 6210 -4319 1698 353
-9505 16445 6241 -4704 1706 584
-9186 16006 6210 -4684 2057 698
-9024 16142 6440 -4300 2728 812
-9197 16540 6685 -4051 3537 901
-9104 16881 6925 -4177 4294 715
-9360 17352 6988 -4550 5040 583
-9413 17157 6802 -5175 5251 483
-9329 17397 6534 -4915 5851 1148
-9236 16980 6088 -5138 5304 1196
-7458 15617 5684 -3279 5196 1861
-7869 16300 6156 -633 5266 1802
-8565 17348 6182 1786 5164 1550
-8513 17544 6024 3153 4622 792
-8480 18617 6061 3552 4019 589
-8494 18949 5968 3459 3259 600
-8842 19265 5973 3058 2615 388
-9258 20105 5870 2449 2214 268
-9556 20653 5890 1145 1804 49
-9462 20196 5732 -535 1418 250
-8646 19100 5461 -2063 930 778
-7540 17377 5366 -2790 647 1903
-6434 15578 5253 -2695 384 2959
-5481 14512 5301 -2044 305 3757
-5020 13702 5545 -1228 311 4263
-4928 13193 5642 -273 433 4377
-5212 13214 5992 604 562 4222
-5420 13505 6122 1521 891 3725
-5964 13593 6250 2505 1364 3215
-6644 14112 6144 3741 1982 2716
-6996 14425 5965 5072 2216 2130