-16984 9333 -3541 -17098 -830 -1466
-16140 9352 -3492 -16732 -2120 -311
-15646 8896 -4041 -16178 -2948 763
-15692 8510 -4828 -15484 -3890 1646
-16004 8170 -5668 -15099 -5507 2235
-16224 8145 -6514 -15179 -7478 2560
-16384 8117 -7269 -15654 -9366 2828
-16660 8200 -8370 -16313 -10674 3127
-17124 8386 -9326 -16955 -11153 3414
-17089 8417 -10040 -17298 -11275 3430
-16709 8282 -10428 -17284 -10945 3100
-16186 8300 -10538 -16840 -9961 2606
-15556 8526 -10378 -16024 -8335 2073
-14932 8762 -10074 -15256 -6717 1609
-14408 8878 -9712 -14437 -5427 988
-13833 8773 -9257 -13872 -4323 769
-13288 8528 -8816 -13203 -3140 778
-12842 8320 -8116 -12718 -2042 1037
-12186 7985 -7412 -12405 -792 1618
-11566 7450 -6666 -12071 555 2300
-11106 7444 -5854 -11752 1846 2879
-10828 7205 -5140 -11751 2861 3325
-10806 6865 -4742 -11822 3628 3487
-11322 6758 -4533 -11745 4278 3463
-12660 6892 -4344 -11445 4752 3072
-14133 7054 -4052 -11274 4882 2312
-14760 7634 -3813 -11353 4614 867
-15220 8309 -3614 -11255 4327 -684
-15752 9008 -3708 -10789 4112 -2327
-16384 9761 -4038 -10191 3814 -4040
-17014 10525 -4470 -9886 3248 -5584
-17894 11137 -4824 -10257 2457 -6596
-18418 11186 -5198 -11161 1407 -6976
-18528 11074 -5557 -12241 183 -6800
-18392 10802 -5893 -13181 -883 -5960
-18017 10296 -6054 -13682 -1845 -4556
-17629 9417 -6120 -13462 -2508 -2804
-17341 8916 -6117 -12561 -2871 -1062
-16968 8564 -5857 -11591 -2941 722
-16493 8565 -5753 -10764 -2819 2363
-16262 8642 -5529 -9944 -2563 3693
-16296 8598 -5437 -8993 -1966 4669
-16296 8850 -5080 -7897 -1187 5318
-16537 9293 -4798 -6843 -334 5582
-16973 9892 -4265 -5799 840 5585
-17437 11030 -3650 -5160 2513 5503
-17676 12382 -2894 -5339 4657 5532
-18628 13514 -2732 -6237 6918 5756
-20596 14473 -3113 -7870 8793 6237
-22790 15150 -3894 -10142 9535 7192
-24869 15670 -4946 -12964 9238 8983
-27040 15674 -6186 -15359 7728 11308
-28717 15337 -7578 -16199 5544 14063
-29317 15162 -8682 -15316 3852 16929
-29205 16042 -9050 -13622 3058 19824
-29080 17385 -9016 -11953 2811 22451
-28677 18801 -8824 -10391 3099 24931
-26566 19441 -8528 -8827 3583 27771
-25269 22000 -9402 -7700 5984 31075
-23329 24172 -11034 -6116 10092 32767
-22520 24369 -12628 -3903 13829 32767
-23945 25952 -15472 -1461 17028 32767
-22893 25846 -17172 1274 19066 32767
-23392 30158 -17666 999 21212 32767
-21482 32767 -20098 -2624 23111 32767
-18290 31352 -21766 -6317 25052 32767
-14224 26706 -21756 -11032 25179 32767
-10121 21820 -21684 -13402 24598 32767
-8002 16616 -20260 -14243 26052 32767
-7396 14154 -20094 -13756 28857 32767
-5233 9532 -17512 -11585 32035 32767
-3810 9440 -14717 -11326 32767 32767
-3292 8474 -12905 -11245 32767 32767
-3420 7996 -11553 -11672 32767 32767
-3681 7244 -10548 -13099 32767 32767
-3252 5108 -9686 -15603 32767 32654
-3317 3318 -9202 -17016 32767 31591
-3538 1354 -8382 -16527 32767 30189
-4018 117 -7401 -15485 32767 28758
-4090 -442 -6066 -14292 32767 26880
-4056 -808 -4640 -12799 32767 24183
-3926 -738 -3210 -11609 32767 21110
-3634 -413 -2065 -11014 32767 17413
-3305 -681 -625 -11349 32767 13801
-3062 -666 592 -11833 32767 10484
-3070 -1472 1465 -12805 32767 7789
-3168 -2112 2166 -12914 31718 4920
-4082 -2533 2740 -11663 29999 1799
-5028 -2592 3416 -10089 28019 -1804
-6040 -2460 3754 -8303 25665 -5339
-7637 -2045 3870 -6087 23190 -8682
-9032 -1332 4122 -3774 20868 -11852
-10568 -337 4328 -1861 18738 -15082
-12081 1173 4766 -1528 16723 -17740
-13657 1718 5016 -1959 14251 -20497
-14868 3106 5325 -3443 11770 -22978
-16253 3665 5449 -4799 9169 -25533
-18018 3348 5356 -5087 6376 -27974
-19308 3222 5061 -3942 4366 -29869
-20309 2888 4562 -1461 2978 -31431
-21544 3165 4125 1509 1858 -32666
-23158 4184 3165 4667 559 -32768
-24860 5918 2145 7799 -1024 -32768
-25822 8066 1445 9792 -2533 -32768
-26196 10070 998 10238 -3760 -32768
-26445 11554 1180 9130 -4244 -32768
-27397 13853 1189 7302 -3622 -32768
-29258 15234 589 6220 -4026 -32768
-30574 16749 -862 5141 -4931 -32768
-31677 19233 -2585 5649 -4686 -32768
-32588 21670 -3488 8043 -2936 -32768
-32032 23904 -4037 11076 -1105 -32768
-31193 26413 -4565 13732 430 -31918
-30478 29381 -5081 15177 923 -27814
-29413 32245 -5290 15120 -156 -23736
-28310 32767 -5244 14630 -1927 -20189
-25674 32767 -4797 13947 -2662 -15703
-23140 32470 -4273 14568 -2495 -10804
-21084 29620 -3978 16424 -2100 -6262
-19689 27142 -3861 19818 -1775 -2989
-18837 26436 -3678 23579 -1369 -1323
-18124 27494 -3680 26073 -816 -445
-17640 29854 -3893 26185 -1086 289
-16766 32189 -4189 23756 -2195 1108
-15752 32767 -4777 20058 -4040 1448
-14388 32767 -5380 16285 -5743 1208
-12522 32767 -5722 13105 -7111 1022
-10236 32767 -5852 11393 -7702 1515
-8204 32767 -5560 10830 -7514 2985
-6442 32767 -4939 11581 -6447 4789
-4422 32767 -3816 11649 -5590 6509
-2587 32767 -2786 10372 -4869 8199
-664 32540 -1858 7589 -4595 9833
1280 31695 -1770 4699 -4233 11079
4251 28858 -1239 1891 -3467 13201
6145 25557 -1620 2187 -202 16380
7942 23810 -1950 3108 4490 18720
8112 20716 -1648 5528 9367 19621
8324 19525 -712 5701 12812 20049
8138 18061 50 2813 12964 20056
7988 16732 778 -1347 12228 19323
7421 15273 1601 -6036 10519 17575
6769 13422 2162 -10313 9374 15621
6334 11606 2756 -13325 8190 13818
5880 9391 3169 -16835 7319 12142
4732 7858 3726 -18265 8307 10359
1333 4502 5930 -15461 10441 9193
-2621 -1720 7710 -6558 11515 9188
2622 4326 10873 -1880 11704 10717
-2245 5712 9088 -944 13989 12406
-1048 11394 8294 -6231 6786 8079
840 17536 7274 -13716 7557 3149
-3144 14200 6005 -22066 4593 -2799
-5396 16294 6136 -27084 2200 -6134
-6758 14408 5404 -29199 328 -7168
-8338 14074 3601 -28115 473 -7356
-9908 15436 2792 -25716 1494 -7758
-10162 17773 1602 -22892 4180 -9187
-9525 17730 2292 -19839 5851 -10193
-8861 18637 3114 -18163 6942 -9524
-8458 18561 3657 -17534 7725 -7902
-8526 16378 4154 -16149 7573 -6465
-8510 14041 3826 -11289 7580 -4991
-9902 14592 3813 -5262 8761 -3133
-10974 15600 3932 -314 10105 -2207
-12596 17184 4153 2802 10566 -2321
-13897 19989 4164 2994 10070 -3071
-14142 21265 3920 349 8772 -4337
-14220 21538 3686 -3885 6721 -5728
-13897 20524 3117 -8038 4351 -6788
-14109 19340 2605 -10613 2285 -6954
-13697 18200 2029 -11287 1200 -5926
-12436 16723 2089 -10240 1314 -3916
-11237 15345 2440 -8381 1998 -2060
-10658 14774 2862 -6965 2762 -725
-10062 13704 3378 -5897 3333 88
-9684 12897 3538 -4915 3574 606
-9150 12088 3649 -3766 3759 908
-8878 12000 3598 -2565 3748 971
-8596 11864 3178 -1497 3352 822
-8169 11904 2936 -506 2829 604
-8224 12558 2690 128 2205 333
-8441 13278 2157 375 1274 13
-8728 13812 1837 600 545 -214
-8849 14445 1761 863 -8 -509
-8606 15256 1984 986 -105 -785
-8570 15965 2533 893 117 -1081
-8580 16288 2852 894 667 -1348
-8525 16202 3024 1439 2014 -1418
-8664 15257 3420 2389 2959 -900
-8560 14978 3130 3642 3858 138
-8030 16125 3546 5257 4111 652
-8524 16304 4045 5390 3565 504
-7782 16837 3853 5296 3817 1046
-7160 17194 4484 4347 3566 923
-7138 17441 4568 3513 4144 898
-7082 16784 4921 2550 4492 1269
-7268 16416 5256 1711 4756 1530
-7244 15842 5496 780 4558 1575
-6952 15641 5684 20 4215 1462