-18004 4784 -3684 -4643 -3812 5591
-17628 4914 -3424 -2661 -4856 5676
-17205 5017 -2900 -1080 -5437 5729
-16678 5302 -2510 38 -5401 5756
-16096 5556 -1877 602 -4770 5726
-15585 5804 -1293 698 -3682 5631
-15020 5937 -777 488 -2227 5403
-14572 6112 -388 14 -724 4927
-14182 6065 -265 -454 721 4381
-13876 6037 -76 -905 2026 3660
-13673 5845 -74 -1212 3061 2889
-13501 5602 217 -1316 3979 2137
-13477 5476 614 -1260 4770 1430
-13477 5518 726 -833 5306 608
-13524 5384 802 160 5742 -303
-13486 5426 914 1471 6314 -1186
-13525 5660 1205 2858 7087 -1905
-13461 5913 1340 4093 7767 -2623
-13460 5954 1354 5213 8015 -3318
-13284 6417 1414 6435 7876 -4035
-13202 6782 1360 7922 7528 -4765
-13172 7372 1392 9378 6988 -5498
-12964 7933 1252 10603 6495 -6075
-12822 8476 1365 11249 6153 -6608
-12624 9020 1422 11335 5835 -7066
-12433 9628 1644 10904 5517 -7480
-12261 10145 1733 10167 4929 -7722
-12165 10454 1594 9444 3835 -7955
-12258 10885 1308 9492 2640 -8238
-12489 11282 944 10532 1903 -8451
-12877 12085 784 11499 1627 -8316
-13436 13986 584 11269 1359 -7688
-14576 16537 178 9263 381 -6497
-15730 17358 -765 7331 -1279 -5031
-16930 18585 -1804 6965 -2657 -3408
-18952 21430 -2732 7403 -4080 -1258
-21381 23777 -3689 6979 -6308 1158
-23074 25192 -4326 6774 -8602 3922
-24122 26566 -4946 6335 -10632 6700
-25668 27844 -5693 5857 -12190 10247
-26004 27416 -6086 5834 -12752 14225
-24473 25981 -6098 5731 -11723 18746
-23301 25426 -5934 5703 -10205 22980
-22932 25649 -6002 5793 -8072 26486
-22360 26473 -7360 5390 -4081 29422
-21474 25693 -7922 6224 1339 32019
-19964 25190 -7868 7485 6292 32767
-19166 26921 -8601 6655 11481 32767
-18642 29637 -9646 5207 16768 32767
-18388 28992 -11386 3149 21810 32767
-18214 29496 -12760 -318 25881 32767
-16898 27560 -13828 -4011 27673 32767
-15229 24517 -15249 -6045 28174 32767
-13202 22106 -16240 -6411 28440 32767
-10404 20208 -16712 -6238 29141 32767
-7672 19025 -17044 -5835 30530 32767
-4350 17589 -17029 -5448 32222 32767
-1888 18502 -16460 -6293 32767 32767
-1252 19025 -16229 -7781 32767 32767
-874 17537 -14877 -10987 32767 32767
-456 15145 -13664 -14845 32767 32190
-686 12853 -13068 -18324 32767 30607
-761 10522 -12393 -20704 32767 29164
-462 7399 -11741 -20864 32767 27205
-46 5503 -11064 -18241 32767 25290
858 4070 -9824 -14553 32767 24053
1399 3051 -8603 -10345 32767 22950
1765 3516 -7069 -6437 32767 21453
1299 4224 -5928 -4452 32464 19242
828 4464 -4642 -4194 30120 16711
571 3063 -3040 -4533 27545 14365
169 996 -1037 -4389 25827 11551
107 -672 980 -3525 25854 8061
4 -1410 1885 -2484 27138 4804
-458 -1357 2756 -1675 27390 1408
-1458 -1150 3390 -1127 27099 -2456
-2426 -850 3924 -730 26354 -6707
-3446 -410 4036 -624 24976 -10688
-5121 468 4086 -764 23280 -14280
-6862 1386 4108 -1291 20959 -17627
-8022 1585 3509 -1690 18545 -20879
-9560 1816 3328 -1535 15678 -23745
-11328 3325 3281 -1349 12496 -25989
-13216 4224 2844 -1387 8828 -27778
-15196 4821 2257 -1264 5029 -29443
-16933 5421 1788 -518 2477 -30743
-18442 6320 1838 96 213 -31687
-19798 7224 1684 863 -1609 -32649
-21140 7924 1928 1613 -2709 -32768
-22318 9059 1872 2164 -3300 -32768
-23598 10333 1750 2449 -3700 -32768
-24588 11140 1288 2601 -3998 -32768
-26652 12160 424 3797 -3500 -32768
-28794 12920 -621 5749 -3260 -32768
-29934 13172 -1294 7209 -3407 -32768
-30530 13070 -2102 9655 -4600 -32768
-31193 13356 -3560 13593 -6487 -32768
-32214 14702 -5267 18867 -9258 -32768
-32768 17763 -7239 24455 -13030 -32768
-31973 21595 -7866 24610 -15763 -32326
-28973 26238 -6835 20999 -14050 -29850
-26096 28486 -6048 17913 -9811 -29135
-23993 28216 -5548 14620 -4375 -25857
-22370 27726 -5436 12300 -156 -21958
-22279 26523 -6652 10104 2900 -16971
-22676 22738 -7974 11441 3896 -10839
-22847 21467 -8511 18458 4810 -6522
-23616 23611 -8771 25939 4014 -1838
-23372 26088 -8880 28778 1334 577
-22275 28768 -8943 29142 67 1377
-20206 30839 -9349 24963 -1564 2098
-18264 32256 -9800 19031 -3035 3536
-16720 32577 -9637 14030 -4442 4520
-14428 31767 -9707 8612 -5415 4908
-12106 30427 -8831 6241 -5535 6103
-10285 29106 -7626 6673 -5997 7910
-8936 28184 -6580 7497 -6277 9641
-7307 27331 -5630 8285 -6006 11823
-5758 27093 -4878 8046 -4576 13601
-4532 26256 -4392 6359 -3447 14510
-2755 25755 -3871 3688 -2577 15138
-1229 26408 -3418 109 -1421 15451
-200 26208 -3129 -2826 -529 15159
784 25516 -2752 -4794 -124 15085
1804 24670 -2787 -7028 244 15936
2688 22816 -2500 -8815 830 17668
2880 22456 -2258 -9828 1313 18740
2858 21829 -1974 -12355 2022 19790
2642 20186 -1721 -14989 2252 20110
2160 19239 -1627 -16267 2340 20458
1680 18045 -1039 -17511 2597 21341
1568 15009 -736 -16921 3215 23856
1644 12500 -257 -15098 3950 26736
1308 11405 173 -12765 4311 27772
820 10328 714 -10839 4562 27566
960 8850 1126 -9093 4800 26535
674 7831 1797 -6321 5886 25006
-68 7981 2976 -3197 7750 22960
-1996 9029 4985 -3181 10242 18605
-3168 9305 6432 -6412 12831 13278
-2588 8505 7623 -11081 15579 9153
48 4782 8499 -14667 17841 5574
6 4450 8414 -11471 19946 2835
-398 5917 8713 -7612 21915 -214
-2778 9234 6561 -2825 21211 -2828
-4753 9473 9204 6188 13909 -5591
-3128 12396 4316 9012 13482 -8061
-2981 23708 6491 5467 12329 -7459
-5787 26252 3534 -6023 8172 -7336
-9235 20912 1112 -12917 5394 -8184
-11218 21761 -638 -12470 8525 -6532
-14717 19469 263 -7087 10211 -6331
-15820 17494 1522 1044 8147 -6045
-15030 22380 1525 5747 7914 -2657
-13091 22612 2044 5657 8418 -259
-10920 19173 1893 4461 7616 1032
-8860 16134 1698 4842 6125 1843
-7032 15191 1865 4946 4172 2133
-5314 14617 1636 4558 2213 1228
-5252 15944 1112 3440 949 248
-5676 18186 822 1856 -243 -1011
-5809 19935 448 -1510 -2365 -3912
-6315 21041 -179 -6076 -5785 -7380
-6320 20856 -923 -9265 -8152 -9127
-6564 19752 -1392 -9664 -8669 -8983
-6795 18828 -889 -8213 -8624 -8420
-7193 18246 45 -5821 -7909 -7240
-8180 19478 900 -3729 -6633 -6155
-9086 20488 2064 -3407 -5030 -5903
-9281 20065 2586 -4546 -4162 -6228
-9302 18802 3146 -5027 -4348 -6412
-8852 17802 3266 -4477 -4623 -5985
-8222 16761 3545 -2771 -4513 -4896
-7444 15369 4107 578 -3813 -3029
-6881 14572 4617 3439 -3087 -1392
-6490 14354 5068 5345 -2727 -398
-6328 14214 5300 6486 -3150 -171
-5861 14376 4890 7271 -4162 -398
-5484 15118 5254 6811 -5470 -1255
-4833 15532 4797 5891 -6066 -1860
-4650 15512 4630 4609 -6864 -2243
-4848 15861 4552 3123 -7770 -3091
-5010 16017 4425 1750 -8519 -3546
-5038 15750 4393 499 -9367 -3923
-4837 15388 4036 -116 -10127 -4261
-4514 15132 3684 59 -10631 -4394
-4549 14996 3325 843 -11048 -4355
-5302 15022 3097 1985 -11711 -4395
-5986 15538 2901 3152 -12513 -4729
-6401 16420 2900 3993 -12929 -5055
-6464 17293 2804 4458 -12953 -5239
-6668 17401 2596 5147 -12661 -5015
-7068 17378 2498 5849 -12943 -4727
-7177 17952 2234 6854 -12636 -4295
-7468 18109 2441 7494 -12544 -3601
-7326 18341 2437 7926 -12321 -3043
-7156 18424 2460 8328 -11996 -2602
-7242 18482 2562 8409 -12158 -2565
-6660 18318 2388 8345 -12667 -2601
-6479 17816 1802 9425 -13324 -2661