-11184 12866 1285 7370 -13742 -909
-11222 13057 573 7512 -14534 -1406
-11865 13850 -334 7624 -15699 -2113
-12641 14356 -996 7412 -17230 -2748
-12741 14356 -1692 7093 -18991 -3451
-12780 14552 -2276 7129 -20281 -3980
-12766 14704 -2485 7296 -21138 -4262
-12577 14762 -2462 7522 -21762 -4574
-12321 14836 -2369 7665 -21966 -4865
-12285 15026 -2321 7651 -21928 -5195
-12186 14942 -2340 7463 -21852 -5617
-12121 14964 -2500 7203 -21927 -6104
-12006 14838 -2736 7022 -22092 -6668
-11653 14370 -2956 7213 -22288 -7096
-11378 14078 -3169 7856 -22468 -7354
-11145 13876 -3394 8824 -22472 -7549
-11074 13874 -3508 9910 -22483 -7788
-11009 14125 -3700 10861 -22478 -8090
-11012 14456 -3952 11727 -22536 -8464
-10937 14229 -4380 12654 -22952 -8781
-10818 14046 -4898 13966 -23564 -9019
-10904 14161 -5413 15309 -24276 -9093
-10762 14262 -5760 16007 -25144 -8978
-10604 14214 -6104 16054 -26341 -8755
-10641 13957 -6572 15667 -27952 -8704
-10738 13806 -6985 15010 -29821 -8830
-10889 13898 -7438 14077 -31893 -9181
-11114 14174 -8053 12838 -32768 -9868
-10777 14298 -8610 12562 -32768 -11040
-11017 13450 -9440 13915 -32768 -11434
-10886 13082 -9890 17309 -32768 -11591
-10417 13122 -9565 21074 -32768 -11958
-9766 13297 -8815 23368 -32768 -11542
-8409 13565 -8388 25477 -32550 -11691
-8365 11964 -8494 28536 -30567 -10330
-8229 11432 -8672 30736 -29784 -8601
-8585 12958 -9338 31865 -30248 -9094
-9857 14998 -10060 32697 -30918 -10312
-10226 15378 -10920 32767 -31547 -10862
-9620 15885 -11377 32767 -31659 -11017
-8941 16605 -11744 32767 -30828 -10531
-8638 16750 -11820 32767 -29594 -9543
-8461 16722 -11490 32767 -28541 -8490
-8553 16201 -11122 32107 -28089 -7767
-8880 15829 -11038 29514 -28110 -7383
-9177 16161 -11373 27297 -28441 -7351
-9197 15874 -12034 26631 -28579 -7251
-8773 14916 -12296 27481 -27676 -6966
-8141 14676 -12122 28204 -26486 -6337
-8022 14198 -12001 28237 -24982 -5437
-8714 13817 -12097 28129 -23507 -5031
-10484 14816 -12014 27762 -22321 -5321
-12894 16634 -11964 26816 -21393 -6380
-15745 18529 -11826 26186 -20834 -7678
-18749 20414 -11852 27120 -20291 -8817
-20764 22680 -11260 28812 -18984 -9515
-21334 25662 -10609 29082 -17602 -9183
-21522 28001 -9560 27201 -16587 -7660
-21476 28876 -8314 24055 -15750 -5348
-20744 28077 -7640 21018 -15331 -2571
-19701 26966 -6998 19379 -14612 770
-18032 25524 -5901 18258 -13694 5170
-15844 23553 -4668 17241 -12537 10492
-14302 22166 -3520 16509 -10934 15593
-13456 21633 -2709 15576 -9292 19441
-13694 22333 -2325 14204 -8109 21234
-14541 24573 -2186 11878 -7036 21148
-14954 26234 -2542 8181 -6214 20587
-15248 27397 -3129 3347 -5959 19568
-14854 27860 -4046 -2137 -6241 18057
-13566 27712 -5388 -7214 -7134 16603
-12294 27010 -6842 -10691 -7657 15858
-11113 26525 -8182 -12052 -7125 15747
-10148 26716 -8589 -12208 -5808 15918
-8614 26996 -8817 -11584 -3613 16641
-6844 27996 -8786 -11429 -1359 18453
-5213 29298 -10700 -11068 2320 20710
-3548 29320 -13104 -10152 7903 22404
-1146 28018 -14734 -9331 13666 23716
1193 27026 -15685 -8394 19307 25550
2976 27489 -15094 -8466 24265 27528
4272 26484 -14333 -8982 27819 28621
5544 23902 -13570 -9800 28818 29585
6334 22417 -13330 -10817 29722 31904
6309 21142 -12489 -11883 30689 32767
5756 20880 -11277 -13041 31518 32767
5125 19562 -9216 -14477 31471 32767
4124 18342 -7477 -15948 31201 32767
2886 16710 -6313 -16835 30780 32767
1156 14757 -5016 -16723 30417 32596
404 12977 -3402 -16172 29114 31062
1278 11133 -1004 -15096 27316 29129
2650 10565 689 -13705 24818 27780
3204 9781 2410 -13040 22917 26275
4374 8586 2969 -11619 21288 24084
4542 7697 3968 -9473 19365 22312
4524 7860 4390 -7636 17504 21090
4156 8477 4860 -6532 15242 19451
3637 7213 5282 -5463 12682 17556
2612 5297 5448 -3731 9616 16603
1797 4256 5357 -1222 7477 15835
785 3197 5242 1690 6126 14392
-356 2424 5253 4671 4740 12312
-716 2212 5362 6785 4049 10455
-545 2506 5705 7832 4160 8023
244 2808 6000 7270 7108 5719
-320 2944 6298 5627 8596 3131
-1114 3184 6536 3023 6544 -352
-1685 2741 6277 377 4755 -4074
-2017 1977 5446 -1181 4461 -7632
-2858 1326 4637 -1627 4737 -11471
-4702 1228 3672 -1143 5185 -15712
-7385 1822 2504 101 6147 -19958
-9948 2452 1266 1652 7077 -23466
-12458 3460 -146 4021 6654 -26768
-15109 4941 -1397 6666 5169 -29488
-17522 6772 -1410 8560 3529 -30919
-19237 8930 -1124 8590 1713 -31234
-20305 10492 -714 6477 1054 -31550
-21764 11928 -476 3290 -1117 -32468
-22641 12664 -761 -314 -3709 -32768
-23481 13382 -1248 -2373 -6280 -32768
-24282 14313 -1754 -2299 -7554 -32768
-24776 15329 -2284 -600 -7904 -32768
-24462 16202 -2053 1773 -6916 -32768
-23584 16940 -1372 3915 -5102 -32603
-22512 17504 -508 3970 -2677 -30902
-22106 18141 -29 2302 -661 -28989
-22338 18373 -410 492 -70 -27944
-22781 18097 -1145 71 -801 -27109
-22681 17712 -2016 1699 -1125 -26328
-22044 18016 -2349 4648 -989 -25012
-21218 18498 -2472 7400 -1006 -23174
-20919 19635 -2790 9245 -1814 -20747
-20706 20831 -3464 9969 -3817 -18054
-20392 21875 -4116 11628 -4918 -15223
-18428 21657 -3577 14349 -3987 -11368
-16425 22412 -3075 16276 -1527 -7284
-16432 23700 -3300 17319 -608 -5115
-15987 24192 -4025 19252 -279 -4085
-15010 25233 -4801 22976 658 -2512
-13622 29873 -4858 25282 745 -581
-12813 32767 -4733 21520 -740 70
-12000 32767 -4521 15588 -2397 -284
-10826 32767 -4126 8834 -3903 -750
-9720 32767 -3913 2503 -4538 -828
-8877 32767 -4077 -1999 -4441 -187
-8557 32767 -3836 -4453 -4174 1258
-7981 32514 -3957 -5042 -4460 3295
-7546 30361 -4084 -2884 -4897 6414
-7208 29909 -3200 195 -4765 10139
-6614 31512 -2574 2334 -3592 11998
-6945 32545 -2321 2167 -3096 11344
-6814 32126 -2125 -313 -3029 10270
-7080 31965 -1474 -3241 -4006 10466
-6920 30468 -1546 -7272 -5318 11276
-6404 28517 -1222 -12088 -6351 12014
-6182 25541 -952 -17398 -7575 12067
-5806 21264 -757 -19230 -7847 12032
-4937 17578 -1308 -18098 -7799 12529
-3941 14770 -389 -14905 -7384 13804
-2560 12662 -620 -11101 -6262 15301
-2649 11556 -192 -8142 -4963 14642
-2329 11685 124 -5295 -2660 14020
-1944 11632 817 -5428 -742 15095
1033 14389 1222 -6463 4321 16490
-1634 13938 3850 -9628 4142 14228
-4926 11246 1564 -12796 3919 12005
-5320 12172 136 -16606 6676 8210
-2321 10380 3894 -19890 7967 7961
-4326 13324 2246 -17633 8516 408
-8641 12533 6085 -6153 17511 -3155
-9033 4082 2488 4991 -7644 18828
-8985 10701 -449 2809 -3507 22605
-4646 17673 301 -2173 7463 4537
-9148 12704 -801 -5539 12948 -358
-9926 12480 741 82 11499 7609
-11357 14737 1708 -3818 7886 7991
-8508 15560 1145 -6951 7229 5529
-11045 13350 1829 -6731 1135 6015
-8638 14418 1626 -7797 4999 6287
-7946 14045 2282 -7540 5656 5062
-7668 12246 1880 -7287 7802 5569
-7101 12418 2633 -6843 8628 4673
-7217 11804 3040 -6147 9329 4922
-6690 12006 3654 -5993 10008 4003
-6810 11694 3788 -6006 10181 3286
-6558 12082 4160 -5798 10435 2764
-6468 12096 4132 -5971 10746 2144
-6448 11758 3837 -5603 10670 1600
-6198 12278 4545 -4581 11226 1308
-5665 12545 4002 -2461 11934 2302
-5616 12714 4854 -3888 12207 2545
-5401 14172 5272 -6683 5880 -978
-4637 13986 5080 -8071 3505 -1861
-4326 14441 5049 -8359 3888 -1532
-3852 14901 5342 -8251 5167 -1308
-3490 15045 5501 -8216 6328 -1266
-3688 15149 5926 -8216 6707 -1572
-4106 15401 6290 -8052 6034 -2145