-5220 14393 -1200 -21882 14744 -3521
-6050 13141 -1564 -20754 16463 -2720
-6786 11652 -1674 -19283 17904 -2050
-7409 10032 -1528 -17559 18997 -1476
-7662 8360 -1400 -15310 19837 -1071
-8170 6533 -1312 -12319 20416 -771
-8908 5474 -1129 -8530 20811 -622
-10112 6060 -1237 -4332 21011 -1111
-11548 7508 -1440 -1172 19895 -2682
-12789 8993 -1674 390 18157 -5051
-13328 10110 -1924 581 15845 -8092
-13164 10274 -2184 25 13553 -11187
-12778 10429 -2406 -1195 11479 -14175
-12185 10454 -2450 -3228 9521 -16909
-11930 10650 -2608 -5757 8004 -19301
-12250 11138 -2596 -8593 6881 -21353
-12536 12077 -2712 -11865 6130 -23373
-12312 12258 -2889 -15478 5286 -25183
-11925 12277 -3357 -18276 5036 -26678
-12033 12566 -3646 -20574 5036 -28112
-11882 12468 -3978 -22245 5282 -29024
-11717 11753 -4320 -23295 6119 -29308
-11950 10739 -4495 -23853 7728 -28874
-12566 9358 -4758 -23028 9442 -27737
-13773 8125 -4937 -20523 10721 -26154
-15057 7089 -5045 -16289 11606 -24275
-16582 6631 -5100 -10417 12633 -22217
-19098 9056 -4457 -3958 14417 -20775
-21213 11935 -4260 -1111 15649 -21454
-21854 12940 -3986 -961 16151 -22284
-22465 13652 -4173 -1821 16550 -22618
-23124 13956 -4814 -3144 16500 -22473
-23496 13916 -5306 -4152 15657 -22049
-24185 14132 -5888 -4385 14530 -21191
-24960 15189 -6154 -3966 13831 -20247
-25110 16960 -6170 -4136 12992 -19440
-24198 18626 -6330 -5676 12181 -18512
-22837 19706 -6400 -8282 11664 -17099
-21754 19884 -6485 -11977 10590 -15233
-20164 19372 -6888 -16407 9084 -12694
-18916 17421 -7316 -20200 7224 -9174
-18316 14993 -7718 -22649 4922 -4777
-17818 12814 -8148 -23566 2154 197
-17606 11197 -8328 -23252 -962 5177
-17697 10414 -8381 -22168 -4268 9720
-18158 10212 -8322 -20881 -7644 13323
-18606 10397 -8092 -19905 -10581 15946
-19190 10554 -7914 -18669 -12915 18363
-20101 10692 -7325 -17001 -13889 20629
-20584 10838 -7261 -15942 -13599 22072
-20530 12192 -7977 -15839 -12263 22953
-20321 13801 -9049 -15291 -9926 23936
-20172 14320 -9574 -13981 -8127 25320
-20508 14937 -10764 -13030 -7484 26340
-21474 17109 -12229 -13219 -7198 27708
-22268 18378 -13282 -13738 -5276 30022
-21942 18395 -12822 -14903 -349 32660
-22773 17281 -12241 -13884 6212 32767
-22998 17204 -11304 -12561 10938 32767
-22466 16605 -10333 -10979 15576 32767
-22002 16702 -9356 -6511 19538 32767
-21348 18046 -8562 -3689 21523 32767
-21109 20529 -8820 -3424 22202 32391
-21384 22144 -9396 -4579 22004 30651
-20279 22928 -10153 -7546 20605 28961
-18338 24921 -11818 -12505 17950 28756
-17972 24876 -13626 -15565 15240 29467
-16188 26007 -13563 -18092 13700 30770
-13103 24605 -13297 -17692 15719 31640
-11448 21774 -12502 -17215 17785 32767
-9066 18468 -11400 -15777 20643 32767
-7146 14634 -9678 -13943 23053 32767
-5550 11021 -8145 -11846 24056 32767
-3759 7743 -6681 -9492 24180 32767
-2936 6984 -6160 -6472 23490 32767
-817 5553 -5143 -3265 23661 29721
1913 5699 -3505 -3072 24055 22162
3280 4962 -2690 -4705 25600 17065
3586 5220 -1627 -7051 26664 13260
3312 2813 -584 -7814 25162 8824
4338 4896 -990 -8535 24845 6450
5392 5748 -1217 -10069 23431 2906
6352 4422 -1937 -10567 22858 -693
7948 3706 -2410 -9538 24320 -4868
8094 3989 -2152 -8487 26439 -7401
7334 4410 -2350 -7634 26922 -9580
7230 4292 -2349 -6779 26642 -11425
7968 4702 -2241 -6671 25951 -12205
8546 4353 -2449 -6232 26415 -13287
7700 3149 -3217 -4219 26539 -13581
6498 2952 -3416 -816 26362 -13421
5228 3308 -3318 1848 25991 -13277
3091 3396 -2857 4277 24439 -14098
-10 3376 -2582 6883 21599 -15803
-3503 4545 -2100 7621 18233 -17731
-7374 6202 -1083 5457 13674 -21147
-10915 6570 25 1323 9176 -24834
-13073 5361 29 -1111 6066 -27408
-15037 3210 -565 -1866 3592 -28717
-17534 1096 -1564 -178 1470 -28369
-19754 136 -2366 2829 -296 -27278
-21590 -277 -2897 5841 -1079 -26083
-23913 481 -2866 8613 -2389 -25757
-25505 1492 -2468 10449 -3711 -25865
-26594 2781 -1786 11033 -4803 -26088
-27421 4214 -1150 10045 -5441 -26457
-27874 5221 -625 7502 -5356 -26927
-27604 4522 -712 4785 -5171 -27377
-27340 3870 -696 3464 -5098 -27255
-26957 3481 -1538 4460 -4985 -26428
-27242 3338 -2300 6788 -5037 -25591
-27071 4483 -3270 9839 -5103 -24615
-27225 6348 -4290 12651 -4690 -22866
-27181 8153 -4589 14163 -4354 -21569
-27260 10312 -4649 15777 -4206 -19770
-27477 13178 -4740 16174 -2281 -16805
-28622 15625 -5425 15195 5 -15026
-30680 18138 -5745 12865 -471 -15045
-30593 20214 -6814 9909 -1903 -15715
-30102 19910 -8052 7756 -1910 -14743
-31041 20341 -9029 6084 -2009 -12558
-31790 21068 -10000 5333 -2178 -11186
-31510 22404 -10060 5989 -3907 -11158
-29488 22994 -10937 7568 -3179 -9120
-27504 23033 -11162 10734 129 -4469
-26408 22844 -11596 13905 4862 -2057
-26679 23646 -11520 18356 10356 1429
-26189 27061 -11269 21708 16194 5907
-26233 29864 -12357 21284 20148 8534
-25020 31944 -13202 18437 21321 10240
-21674 32767 -13593 12943 19994 11598
-16362 32767 -12943 5578 12968 13958
-12230 32767 -12126 -28 5623 16416
-9280 32767 -10920 -3350 323 17890
-6428 30858 -8738 -5697 -5253 20887
-3333 27241 -5678 -7532 -8637 23444
-1353 24916 -3480 -9585 -9408 23265
94 22478 -1902 -12480 -9448 21549
1849 19190 -602 -17117 -8845 19276
3976 16229 -1842 -19370 -6768 18381
3542 15137 -542 -21170 -5331 17883
4300 14274 74 -22277 -4311 17144
4292 12868 1024 -22924 -3751 16555
3414 11332 1624 -22440 -3173 15970
2597 10544 2492 -21143 -2671 15543
1089 10199 3260 -19382 -2156 15180
54 10972 3310 -18204 -1236 14196
-715 10997 2920 -17977 168 12875
-2489 10105 3721 -17191 593 10930
-1868 10468 1893 -14364 2307 9842
-6049 9216 2581 -13828 2215 11289
-5516 10297 1445 -9289 5577 10061
-8174 9718 1858 -5331 4323 11066
-9472 10578 1134 -1606 5504 12256
-11136 14157 -97 -2651 7923 11120
-12436 15275 510 -3610 8666 8933
-12767 11957 1970 1994 -242 9953
-7474 12365 -3116 -661 5840 13199
-10328 11990 2738 -1746 9313 10505
-10530 9638 699 -1097 6811 9037
-8426 10008 350 1089 8959 8510
-9182 9952 1252 2873 11693 8239
-9904 13037 1833 4364 13182 6387
-9190 14671 1594 3540 11923 5260
-8418 15083 1284 -16 9987 3388
-6546 15457 1286 -4215 9539 -373
-6260 15325 1360 -5879 7982 -752
-6026 15053 1286 -7058 7339 -1096
-6077 15253 1805 -7037 6613 -2352
-6034 15249 1868 -6686 6131 -2764
-6161 15408 2253 -6002 5457 -3268
-6122 15698 2170 -5126 4417 -3481
-6284 16561 2064 -4716 3487 -3612
-6352 17332 1942 -4611 3179 -4232
-6997 17622 1823 -4563 3242 -5028
-7113 18230 1815 -4387 3499 -5654
-6993 18296 1513 -3896 4398 -4735
-6459 18600 2042 -2801 4319 -5218
-5456 17789 2081 -947 4759 -5324
-6300 18025 2254 1215 4969 -4806
-6308 18121 1746 3210 4914 -5364
-7161 19322 1433 4520 4819 -5965
-8584 21198 1201 4764 4256 -6501
-9349 22545 734 3818 4440 -6666
-10293 23062 396 2624 4119 -7206
-11258 23025 288 1256 2637 -7303
-11284 23282 -164 -438 1580 -6472
-11074 22516 -429 -2008 792 -5211
-11188 21224 -345 -2923 -139 -4000
-11153 20338 -16 -3892 -1334 -3145
-10105 19713 106 -4660 -1921 -2109
-9124 18928 630 -5723 -1373 -272
-8532 18042 1497 -6735 -1133 430
-7882 17046 2254 -7655 -318 510
-7486 15873 2956 -8191 191 335
-7020 15026 3105 -8420 632 126
-6976 14264 2918 -7958 1348 -82
-7129 13138 2632 -6629 1242 -386
-6950 12122 2026 -4371 8 -548
-6376 11265 1156 -1409 -1690 457