-14168 9518 -7690 19803 -14725 -957
-14605 9126 -7929 20328 -15066 -1162
-15209 8846 -8157 21185 -15592 -1252
-15798 8680 -8520 22612 -16084 -1207
-16281 8582 -8836 24488 -16591 -1121
-17125 8702 -9334 26670 -16862 -1071
-18433 8929 -9976 28931 -16941 -895
-19953 8953 -10568 31271 -16955 -551
-20828 9405 -11006 32767 -16872 -335
-20621 10578 -11076 32767 -16571 -480
-19721 11578 -10900 32767 -15718 -631
-18701 12346 -10636 32767 -14506 -579
-17454 12580 -10580 32767 -13119 15
-16501 12322 -10418 32767 -12170 735
-15333 11937 -10084 32767 -11521 1533
-14266 11816 -9438 32129 -10778 2390
-13494 11470 -8888 29575 -9868 3324
-13286 11429 -8290 26786 -9077 3786
-13166 10976 -7836 24120 -8480 3740
-12982 10746 -7294 21826 -8017 3067
-12945 10381 -6744 19866 -7605 2132
-12938 9972 -6354 18270 -7086 1287
-13142 9624 -6121 16815 -6700 446
-13389 9181 -6006 15727 -6449 -328
-13633 8880 -5844 15242 -6258 -1125
-13639 8471 -6219 15660 -5814 -1774
-13729 8351 -6639 16942 -5352 -2182
-14231 8651 -7021 18775 -5413 -2172
-14668 8556 -7286 20805 -5743 -1895
-15032 8835 -7668 22760 -6083 -1550
-15301 9198 -7753 24002 -6536 -1075
-15151 9654 -7969 24592 -7216 -726
-15010 9906 -8288 25132 -7689 -251
-14411 10029 -8588 25828 -8171 491
-13708 9952 -8973 25941 -9086 1367
-13053 9814 -9126 26063 -9987 2255
-12454 9878 -9330 26244 -10663 3202
-11916 9493 -9577 26587 -10891 4168
-11410 9041 -9888 26978 -11065 4951
-10992 8486 -9929 27504 -11001 5906
-10605 8630 -9489 27289 -11148 6825
-10634 8226 -9460 26851 -11612 7517
-10608 7688 -9564 26891 -12358 8165
-10872 7260 -9730 27353 -12912 8425
-10948 6712 -10305 28348 -13323 8432
-11366 6192 -10629 29703 -13870 8192
-11580 6249 -10950 30809 -14571 7814
-11710 6502 -10897 31420 -15557 7230
-11705 6724 -10917 31869 -16791 6499
-11676 6905 -10848 32423 -17802 5901
-11345 7305 -10645 32767 -18413 5450
-11118 7812 -10108 32767 -18354 5249
-10809 8444 -9376 32767 -17508 5108
-10612 8860 -8732 32767 -16396 5156
-10356 9194 -8222 32767 -15532 5370
-10012 9465 -8100 32767 -15211 5675
-9662 9605 -8313 32767 -15289 6070
-9682 9870 -8690 32767 -15603 6671
-9765 10576 -8857 32767 -15697 7527
-10102 11204 -8782 32767 -15800 8533
-11285 11864 -8548 32767 -16148 9748
-12609 13034 -8409 32767 -17089 11127
-14312 14745 -8629 32767 -18858 12355
-16012 17041 -8878 32767 -21125 13179
-17941 20541 -9069 32767 -23275 13699
-19177 24125 -8482 32767 -24613 14385
-19264 26353 -8292 32767 -25191 13607
-18738 27266 -8545 31546 -21481 13716
-17538 28661 -9730 28226 -14537 16379
-16832 29625 -9870 24799 -7496 20439
-16432 31169 -9630 21781 -2037 23839
-16608 31442 -10518 19022 2012 24936
-15920 32453 -12722 18994 6348 26447
-16148 32586 -14838 18657 9630 27505
-16058 32767 -16896 15028 12669 29894
-15592 32767 -17565 9424 14003 31202
-14148 32767 -18577 4812 13383 31127
-13724 32767 -20301 696 15976 32767
-12796 32767 -21524 -2430 17584 32400
-10035 32451 -23395 -4951 20864 31950
-8545 31060 -24016 -5432 26246 32767
-7640 28768 -23228 -5969 30568 32767
-6264 25889 -21906 -7159 32767 32767
-5357 21292 -19754 -8059 32767 32767
-4590 17770 -18230 -8451 32767 32101
-4092 14154 -16667 -8922 32767 29781
-3666 10545 -14884 -9797 32767 27812
-4320 9186 -14658 -11122 32767 25841
-4688 4300 -13965 -10353 32767 22446
-5308 1550 -13417 -8853 32767 20493
-5406 -276 -12654 -6190 32767 18804
-5395 -393 -10786 -3435 32767 16742
-5381 -38 -8806 -523 32767 13088
-4972 918 -6487 1715 32767 8996
-3797 2091 -4116 3355 32767 5134
-2162 3049 -2493 4106 32767 1638
-1101 4338 -1760 3675 32742 -1118
145 5314 -1706 2976 30556 -2764
1357 5884 -1876 2967 28202 -4053
2232 6370 -2148 3258 26606 -5313
2745 7158 -2626 3111 25618 -6570
2768 8174 -3104 2792 25386 -7566
2505 9011 -3301 2121 24847 -9114
1982 8712 -3636 1837 24515 -10331
969 8947 -3223 1259 23817 -10916
-158 9782 -2153 -690 22894 -11559
-846 10904 -518 -3826 22313 -12357
-1950 11948 1136 -8681 21158 -13443
-2988 12216 1726 -14996 21764 -14430
-3970 11346 1714 -21563 22984 -16114
-4428 8896 1210 -27774 20393 -18146
-4624 5576 616 -28692 17923 -20197
-5560 2882 124 -25692 16511 -21646
-7311 1252 304 -18429 16417 -21557
-9995 1488 800 -9677 15060 -20427
-12442 2894 1172 -4717 12665 -20556
-14020 2948 1586 -2128 10116 -21133
-16122 4779 1200 1447 4861 -21880
-17621 7578 1809 3767 1504 -21685
-18770 9682 2744 2376 1563 -22492
-20156 11665 3409 -1974 879 -24476
-21696 13288 3144 -7082 -765 -26942
-22445 13049 2889 -11049 -2655 -28896
-23477 10802 1396 -10443 -2797 -29650
-24608 9261 -81 -5537 -2006 -29065
-25517 9452 -374 -1115 -2044 -28910
-26123 10600 -1077 6005 -1876 -27366
-27557 12117 -1539 10866 -3228 -24955
-27512 13884 -1668 11906 -4765 -24792
-27798 15574 -2017 11704 -6631 -24420
-27402 17793 -2417 10759 -7598 -23687
-26232 18304 -3170 10512 -6685 -22676
-25078 18953 -4250 10705 -5081 -21543
-24084 20514 -4736 9306 -3609 -19896
-23401 21980 -4794 5800 -2711 -18360
-22094 22246 -4046 4656 225 -15411
-20872 25181 -3030 5411 4564 -13246
-20552 25850 -3444 5277 5644 -11213
-20128 25654 -3938 4463 4749 -9565
-19524 24456 -4459 4145 2809 -6943
-18630 23673 -4269 5334 1182 -3335
-17709 26375 -2977 5935 953 -1044
-17208 29478 -2369 3337 922 -635
-16878 31066 -2749 -82 -35 -1119
-15713 29587 -3543 -3608 -1682 -470
-14257 26980 -4064 -4431 -3037 2894
-13820 25549 -3890 -2426 -3634 6427
-13263 24922 -2788 380 -3695 9173
-12598 24369 -1557 2491 -3268 11117
-11997 23195 -409 3114 -2978 12582
-11974 22556 220 2741 -3258 13468
-11645 21606 867 1978 -3944 13837
-10593 20725 1558 1006 -4527 14061
-9562 19592 1708 811 -4660 14141
-8846 18410 1860 984 -4845 14147
-7208 17140 2337 1385 -4275 14331
-5960 15870 3105 1296 -3154 14328
-5322 14964 3854 978 -2182 14001
-4285 14032 3666 373 -1390 13153
-3177 12150 3621 1258 -749 11906
-2350 10926 3823 3333 99 10745
-1646 10954 4293 5331 2099 10172
-1689 11738 5085 5637 4220 9803
-1988 12108 5580 5029 5538 9540
-2970 12794 5673 2230 6145 8958
-3939 13157 5105 -3129 4585 7751
-4089 12601 4705 -6327 2674 7449
-4014 12196 4517 -7878 1331 7709
-4294 12116 4456 -8455 511 7823
-4739 12025 4566 -8042 193 7772
-5366 12133 4688 -6773 127 7330
-5989 12423 4655 -4671 546 6854
-6455 12991 4670 -3065 1429 6688
-7289 14157 4772 -2580 1578 6287
-8068 15713 4168 -2365 2196 6195
-8463 16496 4019 -4013 1634 5533
-7788 16132 3846 -5114 1185 5046
-8383 16049 3329 -4642 546 4779
-8545 15884 2218 -2088 356 4506
-8401 16601 1775 1039 869 4655
-8188 17690 1673 3417 1259 4389
-7930 18058 1536 4354 1614 3901
-8006 18154 1701 4964 1958 3784
-9045 19625 1296 4921 1575 3720
-8958 20214 568 4017 1163 3033
-8327 19487 103 2433 1134 2706
-7893 19012 -42 889 995 3014
-7822 18409 -121 -163 724 3655
-7236 17902 62 -1184 723 3892
-6426 16749 369 -1992 1721 4239
-6236 15842 660 -2605 2039 4640
-6214 15458 726 -2391 2248 4173
-5601 14916 -41 -1072 1564 3505
-5297 15865 -434 -134 1098 2291
-4990 16315 -723 -14 596 764
-5276 17021 -885 -213 -194 -929
-5889 17644 -1341 -243 -769 -2147
-6597 17873 -1916 -179 -1017 -2722
-7041 18281 -2405 786 -1191 -3115
-7002 18088 -2722 3190 -221 -3263