-2024 18486 4200 -332 455 -112
-2132 18350 4382 -390 422 -123
-2257 18317 4543 -324 386 -157
-2496 18492 4634 -281 335 -150
-2630 18586 4592 -347 291 -154
-2706 18580 4454 -202 369 -22
-2780 18712 4233 -125 449 82
-2706 18635 4088 -291 349 -34
-2676 18688 4060 -497 148 -131
-2647 18501 4086 -570 -14 -189
-2621 18401 4208 -531 -107 -191
-2612 18472 4206 -511 -50 -180
-2594 18478 4364 -533 -7 -188
-2590 18364 4308 -597 95 -233
-2501 18061 4318 -650 176 -306
-2475 17756 4324 -509 206 -315
-2587 17709 4290 -235 293 -250
-2768 17998 4330 -48 368 -223
-2909 18252 4257 -69 341 -201
-2846 18460 4276 -77 324 -132
-2906 18380 4263 -131 403 -79
-2877 18410 4285 -172 572 86
-2870 18505 4281 -279 660 114
-2786 18436 4289 -283 773 120
-2912 18465 4276 -255 838 124
-2948 18421 4238 -154 913 116
-3021 18606 4121 -163 888 113
-3066 18682 4034 -285 813 96
-3069 18828 3929 -410 666 126
-3033 18832 3828 -516 695 159
-2808 18845 3900 -620 730 317
-2750 18829 3932 -832 609 311
-2788 18817 3866 -1054 349 187
-2857 19244 3910 -1459 14 -37
-3193 19821 3864 -2098 -217 -274
-3440 20149 3872 -2834 -306 -401
-3552 19893 3948 -3597 -337 -415
-3468 19409 3970 -4064 -219 -391
-3428 18814 3997 -3957 -267 -228
-3562 17894 4114 -3189 -101 122
-4224 18373 4918 -2102 541 283
-5048 19629 5765 -1283 1640 77
-6162 20745 6368 -751 3194 122
-6918 22809 6828 -1216 4864 159
-7084 24952 7026 -3910 6519 1604
-7520 26220 6980 -7675 7720 4717
-8324 28062 6961 -11560 8564 7367
-8521 29262 6480 -11637 7101 9123
-8176 30920 6566 -7773 4798 10706
-6157 32767 6628 -3384 4265 12735
-2626 32767 6918 444 4996 14870
838 32767 9134 -1132 4148 17267
2070 32767 9797 -6677 1833 19311
3805 32767 9526 -12125 239 19395
4904 32767 9553 -16192 -1279 18606
6366 29473 9049 -19887 -2847 19088
7710 24424 7900 -21896 -3684 20105
8681 18514 6534 -22403 -4452 21432
9204 13686 5017 -20698 -4854 23244
10106 9621 4978 -17860 -4471 24907
11420 6830 5622 -14745 -4004 25814
12820 5025 6116 -11429 -3775 25697
13405 3972 6586 -9255 -3892 24738
14365 4476 6746 -9156 -4145 23260
14024 4961 6118 -10291 -5353 21829
13448 4477 5038 -11828 -7199 20262
13096 3518 3913 -12743 -9274 18825
11988 1778 2653 -11986 -11218 18290
12054 -406 1452 -8881 -11105 18254
10370 -1733 842 -4160 -8765 18254
10285 -2405 680 506 -5052 18221
9638 -1956 2438 3758 -3184 17803
9073 -913 2314 5825 1072 16617
7826 -169 3326 5736 5339 14689
6470 644 4833 4685 8718 11899
5094 1288 6185 3282 11686 8283
3540 1552 6885 1330 12093 4094
2468 1540 7356 524 13943 299
648 830 7513 581 12809 -3490
-840 346 7600 1630 12018 -6210
-2252 597 7862 3176 11194 -8398
-4225 1248 8165 4649 9981 -10512
-6012 2644 8982 5572 9196 -12411
-7580 3685 9718 5175 8232 -14128
-9169 4040 10102 4462 6579 -15975
-10534 3820 10404 4789 5183 -18130
-12318 4458 10457 6286 4068 -20325
-14538 5973 10517 7918 2951 -22504
-16850 8885 10186 9047 1668 -24821
-18297 11321 10225 9501 1562 -26808
-18844 12940 10427 7516 1524 -28407
-19518 13997 10772 4419 719 -29401
-20368 15307 10430 2355 -1457 -29864
-21438 17807 9370 2345 -3727 -30340
-21804 20577 8291 3228 -4511 -30381
-20520 22520 7948 2885 -3326 -29822
-18536 22446 7716 2166 -2370 -27795
-17680 22048 7464 2203 -2497 -26524
-17092 23864 6870 2130 -3408 -25032
-16289 25740 6504 2089 -4019 -24019
-15368 25961 6549 2595 -3104 -23221
-14157 26658 6878 2480 -1196 -22088
-13728 28688 7106 1090 825 -21290
-14030 30572 7105 -2027 2136 -20913
-14058 31289 7322 -5347 3098 -20626
-13744 31820 7521 -8852 3427 -19957
-12880 31628 7289 -11094 2618 -19625
-13334 29702 6946 -12264 1539 -18027
-12412 28314 6290 -10646 962 -16741
-11434 26457 6265 -5774 255 -15881
-10045 25220 6590 379 -618 -14756
-8340 25085 7278 6756 -1071 -13642
-7226 26921 8102 11815 -1169 -12584
-6141 29656 8842 14074 -1252 -11821
-5561 32063 9221 12825 -1169 -10963
-4384 32767 9165 9174 -1482 -9731
-2557 32098 8722 5959 -2275 -8478
-692 30625 8329 4551 -3263 -7354
1064 29872 8177 4522 -4043 -6553
3280 28812 8125 5325 -4665 -5844
5084 28860 8092 6627 -4701 -5055
5810 30941 8300 6872 -4177 -4377
5698 32643 8316 5044 -3777 -4100
5428 32767 7825 1636 -3925 -4064
5173 32767 6976 -1908 -4655 -3972
5546 31045 6626 -4791 -5569 -3471
6286 27785 5932 -6146 -3718 -2198
6422 24585 6190 -4297 -982 443
5826 22770 7297 -2114 2182 3052
5234 21732 8674 -2419 4665 6064
4381 19948 9584 -3251 6599 9615
2753 16512 10014 -2075 7731 11753
1428 12024 10949 -434 9409 12634
714 10452 12180 1007 11646 12504
-41 9334 12902 1239 13280 12470
-1214 8928 13972 227 14200 12413
-3100 8953 15296 -734 15831 12863
-3730 5800 16170 -4072 15443 11153
-4029 5172 14420 -7299 11240 9498
-2529 5958 11672 -9829 9312 8635
-2222 7309 10052 -10371 10074 8808
-2221 6236 8810 -9524 10686 9914
-3114 6138 7920 -7504 10824 10185
-4248 5914 7416 -5326 9332 9882
-4501 7258 6458 -3767 7654 9729
-5136 8146 5834 -2689 6281 9460
-5076 9504 5221 -2159 5130 8954
-5086 11276 4132 -1490 4834 8066
-6410 12254 3128 -341 4708 7081
-7929 13314 2698 894 4259 6451
-9518 15176 2304 1630 3806 5867
-10950 17010 2800 991 3197 4695
-11609 18137 3300 -969 2156 3017
-11730 18196 2873 -3342 1798 1526
-12544 17080 3306 -4710 2002 850
-12626 14189 3521 -4278 2785 1296
-12630 11360 5184 -1800 3685 2383
-11893 9413 6286 1367 4615 3970
-10440 10241 6854 4356 6190 4308
-11142 11462 7277 6524 7696 4230
-11626 13900 7364 6769 7787 3433
-11033 15241 7286 5118 7229 1766
-10670 15917 7044 2100 6533 259
-11030 16804 6764 -1375 5365 -1202
-10110 16690 6866 -5205 4767 -2010
-9214 16038 7054 -8695 4122 -2717
-8786 15452 6640 -10611 4178 -3592
-8136 13928 6540 -10713 4751 -4383
-8308 13398 6694 -9473 5248 -5035
-9192 13194 7206 -8276 5374 -5277
-8826 13189 7602 -6932 6787 -5520
-9017 13152 8538 -5718 8059 -5512
-8734 13312 8977 -4605 9100 -5468
-8674 13136 8861 -3614 9454 -5098
-8806 13618 8524 -2782 9469 -4885
-9601 14438 8786 -2418 9262 -4816
-9586 14706 8761 -2522 8830 -4767
-9689 14726 8662 -2815 8011 -4708
-9561 14750 8426 -3037 6751 -4591
-9525 15156 8116 -3137 5415 -4341
-9640 15385 7824 -3299 4069 -3834
-9529 15265 7776 -3491 2912 -3206
-9560 15172 7857 -3608 2033 -2464
-9381 15018 8204 -3709 1412 -1686
-9061 14925 8345 -3520 955 -1038
-8828 14750 8178 -2790 605 -554
-8500 14702 8000 -1785 452 -263
-8534 14493 7765 -471 543 180
-8432 14440 7754 543 684 574
-8170 14853 7774 1071 811 936
-8164 14892 7714 1311 749 1256
-8141 14756 7686 1485 563 1648
-8002 14618 7580 1719 271 2005
-8242 14897 7421 2080 5 2164
-8878 15350 7338 2334 -154 1915
-9144 15457 7573 2068 -429 1760
-9141 15493 7697 1500 -435 1625
-9121 15400 7898 999 -385 1471
-8802 14797 7929 861 -141 1713
-8393 14388 7865 1262 -35 2162