-9742 7173 -11660 10305 -5613 8329
-9828 6932 -11660 10173 -6069 7916
-10246 6557 -11610 10387 -6801 7644
-10622 6165 -11668 10935 -7461 7433
-10936 5985 -11648 11740 -8005 7256
-11292 5841 -11704 12690 -8551 7214
-11553 5014 -12030 14457 -9005 7482
-11913 4956 -12690 17197 -9463 9001
-12673 4646 -13318 20968 -9997 11267
-13546 5350 -13490 24877 -10712 14041
-15428 7858 -12602 27103 -11734 16489
-16993 8505 -11978 28739 -13212 16961
-17340 9412 -11181 28657 -14613 16045
-17718 11473 -10474 28453 -15739 15420
-17142 12872 -9584 29211 -15665 16707
-16654 13074 -8254 27387 -16151 16370
-16748 12376 -6066 21525 -17786 14080
-14260 11254 -7281 17770 -19282 13017
-12408 7988 -8518 17304 -19113 12008
-11073 7134 -9745 17924 -18162 11084
-10228 5869 -10177 18688 -16647 9628
-10144 6414 -9670 19359 -15231 8295
-10261 7270 -8902 18985 -13624 7340
-10497 6670 -9125 18621 -12296 6222
-10417 7712 -9094 18302 -11509 4878
-10992 7422 -9134 18255 -10942 4179
-10805 7905 -9236 18261 -11292 3265
-11140 7425 -9368 18538 -11090 3380
-11576 8073 -9853 19134 -10960 3336
-11378 8128 -10286 19896 -10229 3847
-11854 8692 -10725 20880 -9488 3905
-11604 9021 -11101 21670 -8643 4445
-11109 9841 -11676 22080 -8129 4722
-10561 10225 -12158 21846 -7489 5171
-10436 10864 -12198 20864 -6969 5163
-9992 11486 -12278 20154 -6308 5505
-9973 11546 -12094 19261 -5621 5974
-9989 11408 -11893 18081 -5289 6478
-10375 10903 -11321 16756 -5642 7049
-10877 10833 -10514 16456 -6199 8431
-11902 10410 -9538 17624 -6993 10332
-12556 9725 -8905 19188 -8059 11544
-13290 9661 -8103 20462 -9423 12328
-13408 9855 -7548 20507 -10832 12311
-12549 9934 -7814 19444 -11637 11480
-10884 9418 -8527 19059 -11834 11302
-10106 9640 -8654 20038 -11900 12013
-10257 10128 -8046 20707 -12148 12601
-10505 10342 -7398 20858 -12401 12808
-10886 10842 -6282 20780 -12536 13225
-11300 10974 -5256 20875 -12277 13795
-11702 11226 -4236 20673 -11898 14348
-12133 11617 -3425 19871 -12175 15075
-12781 11990 -3162 18904 -13254 15991
-13696 12197 -3189 18005 -14940 16959
-14440 12476 -3534 17006 -17394 17541
-15466 13092 -4102 16291 -20231 17766
-16708 14346 -4516 15642 -23232 17491
-17596 15557 -5184 15023 -26396 17442
-17937 16356 -5969 15461 -27986 17888
-17790 17861 -6673 16471 -27071 19086
-18017 19734 -6374 17186 -23871 21274
-17726 23108 -7049 16959 -18880 23592
-17124 25406 -7217 16460 -13733 25894
-16193 26402 -7006 15189 -10137 27667
-15314 26817 -6976 13560 -8097 28763
-14385 26896 -7941 11209 -7410 29687
-13008 25848 -9553 9905 -6479 30763
-12054 25825 -11542 9495 -4522 32057
-11425 26514 -12140 9355 -1657 32767
-10501 27780 -12752 9508 1596 32767
-10013 29798 -13593 8765 5372 32767
-9440 32323 -15180 6158 7782 31504
-7952 32767 -16396 2557 9643 29630
-6062 32533 -17268 -2249 11482 28919
-4169 31372 -17508 -6806 13614 28508
-2773 29401 -17861 -10069 15749 28137
-1973 26986 -17606 -11624 18370 28582
-1266 24457 -17021 -12438 20307 29924
-117 21353 -16509 -12120 22834 31387
661 18642 -15980 -10172 25371 31996
1672 16662 -14928 -8000 28084 32364
2138 17256 -13848 -7066 31167 32753
2570 16965 -13402 -7314 32767 32250
3005 15576 -12417 -7739 32767 30751
3254 14409 -11401 -8484 32767 29364
3474 13072 -9829 -9299 32767 28016
3589 12522 -8686 -10500 32767 26792
3753 10724 -7636 -10732 32767 24379
3522 8852 -6937 -9765 32308 22507
3490 6797 -5937 -8025 31020 21733
3528 5320 -5630 -5474 29838 22155
3649 4433 -5122 -2215 29058 22403
3990 3656 -4437 1155 28436 22146
3586 3660 -3856 4013 28031 21369
2873 4312 -3317 6125 26709 19646
2137 4554 -2893 7338 25273 17528
1961 4349 -1612 7980 24154 15228
1622 3656 -970 8260 23066 13104
1542 3130 -137 8573 22857 10773
1333 2840 821 8471 24766 8609
998 2628 1972 8057 30777 6101
-408 2062 2317 4666 30489 2275
-964 1586 2500 1620 29657 -1298
-1642 1216 2893 -358 27307 -5115
-2394 502 3204 -978 25435 -8159
-3050 442 3350 -964 23057 -10525
-4030 553 3526 -869 20205 -12477
-4966 1220 3780 -555 17338 -14160
-5881 1810 4241 -97 14742 -15852
-6576 2170 4724 419 12460 -17704
-7280 2582 5168 878 11317 -19775
-8474 2940 5440 452 9466 -21899
-9598 2589 4909 -117 6868 -24539
-10960 1908 4380 386 4712 -27326
-12516 2492 4077 2017 3539 -29698
-13886 3388 3926 3431 2923 -31395
-16140 5188 3928 4316 1909 -32680
-19139 7336 3774 3272 65 -32768
-21169 9105 3601 982 -1213 -32768
-23561 10272 3240 -1270 -2174 -32768
-25562 11598 2524 -2583 -2858 -32768
-28030 12693 1197 -2579 -3978 -32768
-29842 13461 248 -546 -4228 -32768
-30696 14209 -114 2649 -3075 -32768
-30656 14756 -444 6028 -1556 -32768
-31284 15087 -893 9740 -960 -32768
-31972 16160 -2552 14415 -1462 -32768
-32768 17349 -4858 17072 -4887 -32768
-32768 20025 -6846 17586 -9847 -32768
-32768 23374 -7918 17202 -12059 -32768
-31505 28010 -7873 14375 -12689 -32553
-27985 31302 -7306 11408 -9001 -30293
-26750 31034 -7839 8191 -2954 -25268
-27143 29404 -9353 5882 1890 -19245
-27373 26788 -10009 5752 2895 -14874
-27276 25484 -9386 9756 3334 -10452
-26610 26014 -7908 13589 3325 -7308
-26182 27428 -7164 15053 2156 -5610
-25104 29088 -6854 13784 1369 -4169
-23823 30917 -6726 8844 -1146 -3988
-21754 30354 -7257 3477 -4188 -2993
-19853 28950 -7776 986 -6246 -859
-17972 27064 -8128 1228 -7458 2035
-16076 25478 -8189 4209 -7973 5190
-14256 25469 -7617 7181 -8159 7891
-11197 26190 -5616 7619 -7250 9647
-8088 26709 -3407 3879 -5662 9385
-5797 25818 -2273 -368 -4260 8509
-3953 24562 -1569 -3938 -2956 8039
-1713 23145 -1024 -5859 -1954 7211
406 22280 -578 -6026 -1344 6680
1503 23690 972 -5850 -1246 6920
533 18388 3293 -2134 -5440 6040
4713 22328 2540 -2733 -6465 5763
4184 25844 5050 -9238 -1532 6652
1514 20761 5868 -13681 -733 8830
1633 20924 7412 -16672 -2398 9050
284 19664 7178 -19280 -4209 8134
-115 19130 7281 -22057 -3939 7693
1114 16159 7126 -21042 -2118 11115
-460 16152 7132 -19620 -2002 12737
-1633 13923 7124 -17962 -3454 12125
-1980 13294 7407 -14833 -4489 11958
-2462 13357 8042 -13840 -3920 12416
-3381 12909 8448 -14524 -3696 12514
-4438 12110 8454 -15613 -3732 12496
-5349 11098 7750 -15489 -3691 11595
-6285 9774 7672 -12868 -3085 10583
-7000 9690 7705 -10422 -2755 10478
-8199 10660 7783 -8476 -2594 10219
-8950 11524 7976 -7741 -2706 9984
-9228 12036 8024 -7827 -2885 9999
-9249 11443 7637 -8077 -3848 9723
-9661 11089 7724 -5690 -4293 8926
-10368 11832 7548 -2817 -3629 8171
-10520 12845 7335 1559 -2088 6860
-10584 14150 7128 5022 -620 5933
-10601 15141 6861 6509 145 5571
-10794 15918 6493 7474 880 5708
-11253 16968 6482 6897 1010 5911
-10676 17873 6454 5167 673 5881
-10460 18077 6294 1768 -23 6522
-9339 17456 5740 -3019 -1407 6570
-8165 16060 5086 -6311 -2423 6016
-7487 15158 4572 -6608 -2853 5105
-6683 14280 4389 -4768 -2212 3863
-6155 13984 4095 -2167 -922 2853
-5908 13996 3940 -271 -155 1996
-5686 14298 3938 1959 766 837
-5766 14669 3773 3978 1778 -110
-5998 15076 3692 4767 1870 -600
-6345 15614 3637 5355 1441 -1523
-6748 16370 3660 5498 1044 -2150
-6880 16846 3797 5130 1070 -2233
-6734 16748 3440 3779 1062 -1255
-6882 15880 3497 2284 1036 328
-5768 16130 3596 1516 549 418
-5682 15532 4042 695 496 621
-5254 14683 4285 44 812 194