-17210 10966 -2237 -23117 16397 -10309
-16837 10368 -2444 -22554 12281 -8166
-16654 9510 -2918 -21519 6682 -5265
-16914 8506 -3386 -20436 952 -2309
-17014 7720 -3585 -19353 -3248 82
-16786 7246 -3640 -18434 -5899 1770
-16017 6579 -3796 -16801 -9449 4116
-14921 5670 -4233 -14468 -13374 6779
-14348 5201 -4802 -12158 -15821 8631
-14024 4914 -5245 -9785 -17390 10312
-13817 4598 -5230 -7682 -18268 11966
-13604 4288 -4877 -6126 -17930 13524
-13156 4368 -4562 -4991 -17076 14399
-12755 4590 -4259 -4242 -14921 14658
-12584 5329 -4288 -3768 -9731 14036
-15021 6037 -5840 -3920 -3094 11505
-17649 7315 -6822 -5050 2026 7709
-18540 8457 -6736 -8132 4354 3929
-18549 10946 -6492 -14263 5581 381
-17290 8272 -7653 -20238 5777 -4776
-15826 8090 -8165 -24898 7250 -8101
-13890 8772 -9026 -28016 8685 -9221
-12648 7943 -9786 -31285 9435 -10168
-11190 7370 -10473 -32768 9511 -10701
-10712 6462 -11062 -32768 8628 -10638
-10188 5980 -11669 -32768 7667 -9429
-10014 5590 -12264 -32279 6536 -8217
-10057 5337 -12465 -29135 5397 -7104
-10768 6362 -12081 -24629 4285 -5643
-11612 7850 -11256 -20962 3905 -4412
-12661 10168 -10382 -19261 4039 -3463
-14138 12746 -9532 -19101 4271 -2828
-15157 14206 -8437 -19894 3976 -1961
-15802 15289 -7861 -20521 3716 -828
-16731 16415 -7470 -20364 3521 568
-17453 18343 -7024 -20728 3422 3175
-17881 19542 -6680 -21978 2410 5915
-18198 18637 -6737 -21591 1213 8100
-18608 18177 -6665 -19304 158 10846
-19097 18086 -5656 -16003 -220 14056
-18882 18585 -5172 -12540 312 16380
-18981 18901 -4746 -9258 724 18109
-18865 19365 -5009 -6469 1420 19653
-19028 20181 -5686 -4394 2809 21046
-19142 21210 -6474 -3656 4466 22766
-19218 23041 -7937 -4700 6749 24395
-19164 25001 -9801 -7328 9121 25949
-18756 25186 -11302 -10842 10925 27016
-19005 23893 -13510 -14625 11766 28837
-19170 22780 -15765 -17393 13190 31804
-19060 22020 -17480 -18299 16466 32767
-18613 21026 -17753 -16981 20189 32767
-18504 20999 -18429 -14932 24150 32767
-17501 21029 -19206 -13869 28206 32767
-16973 20290 -22030 -11979 31728 32767
-15096 18762 -23594 -7602 32767 32639
-12913 18322 -25436 -1406 32767 32077
-11130 18650 -26294 2527 32767 31790
-7754 21922 -25882 4125 32767 31392
-4733 19934 -24458 2216 32767 29996
-2938 18425 -22576 -1059 32767 31696
-1946 16848 -20266 -3868 32767 30863
-1724 14081 -17405 -7186 32767 29624
-1748 11256 -14934 -9611 32767 28394
-1981 9058 -13697 -10110 32767 27432
-1297 7209 -12298 -8483 32767 25843
85 5940 -10769 -5924 32767 23820
1002 5160 -9816 -2793 32767 22495
1926 4821 -9245 491 32767 21996
2457 5329 -8580 2916 32767 21682
2396 6310 -8121 3999 32767 20844
2486 6622 -7702 4025 32767 19506
2874 6952 -6985 3658 31901 18453
2720 7109 -6452 3377 28042 17680
2424 6897 -5878 3230 24431 16982
2496 5978 -4681 3395 21493 15725
3593 5258 -2912 4311 20649 13959
5466 4124 -884 5914 22177 12250
6217 2773 778 7500 25554 9825
5328 2250 1797 8071 31374 7128
3982 1432 2710 7403 32767 1987
1857 564 3517 6686 32767 -4813
170 500 4278 6702 32767 -10948
-2282 972 4988 6413 29642 -15410
-3572 876 3541 4906 24851 -17215
-5726 1188 3100 3612 19106 -17845
-7614 904 2253 3310 11888 -19317
-9853 740 1061 3863 5004 -21076
-11592 1072 788 4978 -1344 -23204
-12778 2004 488 6196 -7525 -25538
-13404 3138 526 7028 -10771 -27598
-14170 4965 1433 7577 -9817 -29938
-15133 6628 1988 5381 -10180 -32502
-15676 7784 2673 1646 -8390 -32768
-16266 8640 3358 -2843 -5914 -32768
-17352 9117 3550 -7123 -2342 -32768
-19364 8301 2877 -10154 537 -32768
-21997 7628 1658 -11304 1879 -32768
-25580 7644 444 -10186 2284 -32768
-28266 9080 -985 -7987 1434 -32768
-31865 10909 -1988 -6329 -879 -32768
-32768 12030 -2226 -5353 -5350 -32768
-32768 12697 -2694 -3663 -9583 -32768
-32768 14040 -3228 -517 -11160 -32768
-32768 14980 -3360 2771 -12790 -32768
-32768 15257 -3170 5588 -13709 -32768
-32768 16278 -3256 8425 -13747 -32768
-32768 18076 -3698 11069 -13016 -32768
-32768 19541 -4570 12363 -12590 -32768
-32670 21806 -5722 13257 -12279 -32768
-31256 23110 -6781 13736 -11740 -30950
-29254 23470 -7506 13870 -10324 -26827
-27213 24009 -8010 14628 -7744 -21837
-25812 23104 -8086 15547 -4728 -16748
-25300 22465 -8465 16970 -1999 -11702
-24962 21693 -8801 18842 -13 -7489
-24232 21626 -8342 20424 1112 -4601
-23533 21944 -7926 22152 1811 -2202
-22874 22609 -7661 22855 1788 264
-21896 24405 -7330 22775 1117 1439
-21264 25741 -7260 21771 -63 799
-20253 26018 -7542 19307 -1239 515
-19086 25693 -8229 16628 -2808 1352
-17906 24828 -8893 14353 -4620 2645
-16306 23997 -9489 13105 -6108 3729
-14377 22924 -10026 13795 -6800 5302
-12490 22364 -10013 15550 -7329 6740
-10554 23434 -9838 17600 -7776 7477
-9060 25034 -9497 19049 -8257 7889
-7252 26090 -9280 18657 -8769 7736
-5430 27180 -9133 16714 -9177 7114
-3498 27742 -9333 13702 -9875 6562
-1345 27880 -9625 10407 -10608 6490
485 28365 -9490 7500 -10542 6513
1710 28890 -9286 5130 -9463 6639
1644 28965 -8993 3436 -8107 6673
1941 28573 -8382 2367 -6282 7414
1794 28200 -7425 1978 -5000 8889
1468 27554 -6661 2542 -3758 11136
304 28722 -5402 2853 -2647 14178
1213 27966 -3746 2055 -446 16105
1149 27766 -2265 -409 2697 18002
294 29145 -550 -4956 5472 18734
-418 29172 358 -10967 6880 18575
-1080 27122 1264 -16302 6765 18156
-1465 25170 2260 -20371 6815 17917
-1809 23072 2845 -22677 6937 17780
-2140 20830 3293 -23438 7146 18004
-3180 19984 3832 -23562 7625 17659
-5309 19498 4329 -24023 5919 17725
-5001 17524 5332 -28209 1554 15600
-4502 16005 3932 -29511 2329 13470
-5558 13016 2753 -27613 3935 16141
-5572 11926 3356 -27197 4775 17117
-6337 12349 3249 -24570 2909 14211
-6289 14077 3809 -24854 2552 10952
-6956 17824 -2333 -17848 11119 7165
-16256 2264 5997 -29156 2408 16526
-5493 20928 2557 -30988 1367 3297
-10205 9870 4516 -29296 1426 661
-4228 16308 4454 -3927 17081 1850
-17461 1805 69 -16528 14842 18921
-9734 15154 3881 -18488 150 2632
-12913 9618 421 -21952 -10365 -422
-10816 11589 3400 -17250 -7141 150
-11098 13081 1233 -9942 3999 2039
-11462 13438 2073 -5561 10893 5385
-12112 13286 2358 -7812 7066 2656
-11958 13094 1908 -11520 1141 919
-10572 12685 2430 -12312 -494 1144
-9870 10021 2546 -9260 5569 2705
-10696 9146 2149 -3527 12732 5870
-11738 11412 3742 -1380 10923 5111
-10465 9582 2766 -3219 6204 3661
-8634 12270 3430 -4265 1229 321
-7705 11912 3894 -5108 -109 -709
-7021 11410 4273 -4870 3213 351
-6402 12489 4392 -4841 4344 672
-6450 12080 4502 -6256 3395 -164
-5994 12469 4793 -7626 2713 -682
-5261 12388 5074 -7319 3691 -510
-5102 12672 5240 -6960 4544 -747
-4308 13254 5384 -5755 6629 -548
-4241 13266 6230 -5168 8174 -514
-4394 13610 6832 -5125 8447 -1007
-4530 13158 7332 -4765 8713 -947
-5049 13424 7658 -4237 8847 -980
-5082 13430 7968 -3401 9250 -983
-5365 13749 8392 -2319 9948 -680
-5742 13762 8764 -1441 10389 -295
-6554 14545 9140 -1248 10034 -289
-7170 15074 9425 -1666 9352 -476
-7664 15288 9386 -2101 9029 -527
-8257 15216 9348 -2619 8716 -513
-9353 15109 9812 -3300 8178 -366
-9589 16144 10152 -3932 7123 -699
-9829 16609 10508 -5102 6155 -1445
-9920 16322 10334 -5901 5165 -1655
-9736 15679 9993 -5870 4106 -1446
-9198 15058 9892 -4799 3374 -406