-12810 15164 -14106 32767 -13023 -4061
-12652 15492 -13931 32379 -12350 -4273
-12893 15377 -14062 30393 -11890 -4235
-13548 15317 -14381 29436 -11469 -3929
-14504 14950 -14778 29172 -11001 -3305
-15542 14497 -14820 29599 -10391 -2381
-16320 14789 -14030 30383 -9427 -1399
-16354 15380 -12474 30974 -8313 -669
-16014 15778 -10857 31161 -7118 -327
-15281 15764 -9288 31378 -5801 175
-14442 15508 -8164 31842 -4483 996
-13552 15084 -7531 31693 -3503 1942
-12654 14826 -6976 30720 -2924 2998
-12222 14628 -6534 29294 -2698 4032
-12001 14381 -5992 27564 -2660 4927
-11826 13984 -5513 25882 -2816 5608
-11934 13844 -5260 24633 -3033 5929
-12254 13808 -4795 22980 -3342 5914
-12853 14476 -4612 21336 -3671 5600
-14217 15404 -2573 18899 -5671 5684
-14930 15368 1242 14465 -11044 4593
-15470 16630 -365 9661 -13667 2816
-15461 14861 -558 7057 -14071 1108
-15293 13503 -306 6066 -14031 33
-15009 12601 -794 6062 -12937 -311
-15440 11199 -1457 7997 -11854 -60
-15845 9426 -2062 13200 -11296 1250
-16228 10390 -3268 16344 -10596 2682
-16262 10284 -2487 15280 -11181 2495
-15806 11482 -2558 17196 -8104 2906
-15890 10505 -3552 18726 -6181 4917
-16356 10232 -4056 17729 -6084 4451
-15793 10604 -4437 15967 -6384 4547
-16075 10453 -3988 13665 -6566 3660
-15946 9833 -3653 12282 -5848 3812
-15956 9368 -2980 10895 -6254 3623
-15247 8503 -2401 10600 -6571 3608
-14631 8160 -1929 13274 -6606 5011
-14157 8276 -1402 16035 -7278 6224
-13741 8945 -1241 17526 -8074 7183
-13369 9709 -864 17411 -8941 7354
-14034 8980 -1676 17117 -9494 8203
-13089 9744 -1959 16665 -9491 7232
-12925 9488 -3072 17438 -9175 6786
-12836 9188 -3678 18975 -10203 6135
-12517 9452 -4464 20262 -10858 5553
-12195 9525 -4827 22067 -11819 5457
-12092 10630 -5374 23576 -12201 5114
-11529 10768 -5912 26032 -11964 4782
-10836 11464 -6241 28767 -11358 4994
-10456 12721 -6129 30970 -10637 5969
-10348 14476 -5977 30393 -10388 6898
-10144 14234 -6036 29085 -10914 7262
-10231 15023 -6581 28096 -10863 7952
-10225 16436 -5945 26506 -10413 8650
-10590 17792 -5706 24224 -10142 8906
-10818 17893 -5785 21823 -9461 8812
-10645 18449 -5262 18864 -8403 9010
-10944 18584 -4994 16851 -7672 9462
-11353 18383 -4569 15054 -6845 10226
-11721 18217 -3831 14019 -5686 11428
-11620 18200 -3209 13450 -4838 12326
-11691 18269 -2741 12691 -4478 13166
-11962 18185 -2477 12032 -4353 13969
-12319 18073 -2133 11662 -4248 14522
-13106 18879 -1828 10789 -4352 14915
-14065 20460 -1786 9304 -4931 14821
-15472 22738 -2272 7083 -6083 14217
-16510 25052 -3058 5092 -7088 13688
-17397 27471 -3799 2892 -7703 13323
-17770 29384 -4425 678 -7823 13371
-17585 29767 -4627 -825 -7125 14647
-16633 29510 -5180 -2507 -5616 17438
-15436 29262 -5561 -3841 -3525 20933
-13910 27866 -5510 -4476 -1963 23528
-12920 27438 -5620 -4661 -546 24963
-11732 26522 -6074 -5211 687 26060
-11145 26036 -7442 -5858 1896 27390
-10441 25669 -8652 -6480 3816 28759
-10236 26985 -9364 -8395 6673 29677
-8681 26116 -9260 -11164 8949 29712
-7404 23532 -9872 -12879 10589 29900
-5889 21657 -10352 -12950 12004 30459
-3830 20654 -11089 -11552 13755 31259
-2184 20957 -11648 -9886 15839 31977
-776 21505 -12385 -8748 18190 32133
421 21409 -12206 -8190 20292 32068
1836 19760 -11825 -8420 22081 32273
2569 18108 -11204 -8059 24013 32751
3224 16604 -10114 -7968 26342 32767
3576 14629 -9125 -7719 28237 32767
3362 12769 -8130 -6537 29976 32767
3928 11073 -6674 -5003 31616 32767
4484 9789 -5709 -3259 32639 31812
4932 9333 -4817 -2011 32767 29556
4996 9313 -4394 -2111 32767 27240
4605 8696 -4250 -3244 32767 25064
4478 7582 -4100 -5036 32767 23435
3830 6901 -3973 -6487 32767 22360
2982 6205 -3846 -7228 32767 21272
2344 5810 -3376 -7184 32767 19853
2332 4842 -2540 -6118 32767 18364
2414 3810 -1490 -4679 32767 16841
1818 3517 -720 -3053 32767 15653
1036 3200 346 -1672 32767 14337
200 3016 1270 -719 32767 12762
-690 2464 2118 -62 32767 10585
-1406 1789 2966 631 32154 8224
-1978 1726 3581 1307 30072 5914
-2552 1661 4066 1541 28110 3864
-3248 2088 4050 1725 26002 1459
-3856 1893 3924 1854 23606 -772
-4182 1848 3702 2493 21539 -2711
-4444 1440 3649 3225 19615 -4714
-4456 1341 3808 4545 17979 -6938
-4417 824 4069 5761 16600 -9395
-5181 1305 4214 6605 15090 -11860
-6046 2092 4073 6698 13261 -13822
-7402 2720 3888 7037 10851 -15828
-9296 4316 3101 7894 7897 -18288
-10873 5929 2282 9313 5050 -20944
-11654 6810 1765 11042 2902 -23214
-12426 7982 1189 12977 1735 -24762
-13217 9689 1105 14100 1405 -25994
-14205 11930 1053 13856 1067 -26933
-15500 13884 469 12227 -470 -27439
-17164 15409 -310 11162 -2322 -28215
-18457 17645 -948 11196 -2787 -28775
-19260 19302 -1238 11345 -2008 -28936
-19454 19966 -1393 11521 -587 -28667
-20044 20580 -1833 11833 807 -28854
-19946 20276 -2662 13018 1569 -29022
-20144 19364 -3861 16395 2865 -29150
-21913 20452 -5262 19617 3874 -28442
-22167 22447 -6790 22297 4170 -27068
-22342 25846 -7466 21161 4148 -25795
-21321 28336 -7609 17847 3268 -25261
-20057 30337 -7529 13955 2582 -24912
-19113 31773 -7574 9861 2409 -23880
-18438 31233 -7544 6825 2669 -21887
-18142 29965 -7610 5520 3019 -19237
-17544 28892 -7610 5737 3190 -16536
-17594 28100 -7529 6816 2567 -13870
-17369 28354 -7717 8221 1792 -11289
-16953 28985 -7470 8959 653 -8877
-16426 28222 -7256 9269 -802 -6648
-15410 28194 -6556 9428 -1777 -4876
-14633 28516 -5772 9084 -2385 -3710
-13666 28784 -5088 8105 -2755 -2945
-12356 28788 -4364 6384 -3179 -2175
-11110 28126 -3822 4665 -3815 -1315
-9974 27422 -3230 3183 -4428 -332
-9101 26912 -2705 2231 -5055 644
-8849 26968 -2174 979 -5544 1632
-8946 27214 -1704 -484 -6366 2158
-9018 27273 -1176 -2349 -7441 2334
-8749 26294 -977 -3980 -8415 3014
-8069 24604 -504 -4825 -9003 4042
-7020 22342 150 -4720 -8841 5374
-6084 20382 932 -3422 -7604 6817
-5497 19009 1586 -1552 -5418 8085
-5564 19297 2192 -339 -3157 8761
-5537 19249 2529 -141 -1319 8844
-5794 19540 2930 -899 135 8367
-6246 19941 3074 -2890 791 7598
-6362 19552 3273 -5672 543 6707
-6316 18337 3168 -8226 -316 6199
-6201 17178 2742 -9322 -1084 6248
-6288 16145 3173 -9448 -1353 6402
-6117 15596 3506 -9221 -1459 6648
-6180 14769 3941 -8725 -1301 6779
-5921 13581 4409 -7988 -1152 6881
-5965 12838 4717 -7112 -1117 6957
-5914 12714 4974 -6402 -1154 7028
-6422 12997 4908 -6324 -1190 6857
-7960 14032 6285 -6472 -2735 5093
-8013 9178 4097 -6033 -2901 8972
-7240 13497 4180 -7448 -5205 5039
-6126 14253 4314 -6465 -4573 4027
-7256 12236 4552 -4554 -5650 7181
-7060 13436 4358 -3784 -6095 7551
-6337 13732 4446 -4638 -5200 6702
-6049 13796 4610 -5254 -5195 5626
-5045 13509 4294 -5071 -4059 5073
-7128 12994 4126 -3986 -4425 5427
-3277 16932 4848 -4181 -2559 485
-8465 14916 3416 1391 -1114 2757
-6448 16982 3436 -774 -5 2977
-7694 22294 3633 -4264 -2559 -1963
-9296 21888 2530 -6748 -3002 -2694
-9448 21349 1922 -8773 -3152 -1821
-8229 20856 1829 -9311 -2530 -1603
-8202 18420 1312 -8030 -2114 8
-7233 16054 1010 -4799 -1774 2428
-6813 16088 1714 -1667 -1195 4055
-6929 16672 1425 850 -1030 4952
-6270 16464 2122 2290 -87 6456
-5481 16893 2497 2485 880 7230
-4593 16509 2720 965 1219 7620
-3993 15074 2861 -906 1377 7025