-11357 14177 1782 14892 -5174 -4011
-11244 14337 2244 12601 -6238 -5157
-11340 13073 1758 13127 -7648 -6024
-11813 13034 3605 12134 -10396 -5403
-11934 14332 2758 10696 -10838 -5162
-12108 13408 2218 10226 -10135 -5572
-12544 12026 2464 11443 -10688 -5700
-13428 11990 2353 13018 -11432 -5362
-13153 12257 1021 15260 -11233 -5313
-13301 11253 476 19703 -11311 -5848
-13821 12452 837 22559 -12429 -4939
-14620 15289 1044 21784 -11153 -4083
-14569 15520 -78 20254 -10629 -4924
-14517 14785 -1304 18303 -9946 -6564
-14413 14525 -1178 16696 -9633 -7037
-14993 14640 -957 14187 -9353 -6980
-14777 14757 -984 11415 -8854 -7102
-14553 14361 -1062 9114 -7513 -7252
-14546 13788 -1349 7605 -6132 -6764
-14945 12753 -1684 6751 -4827 -5962
-15442 12129 -1890 6107 -3919 -5012
-15876 11636 -2040 5500 -3454 -4124
-16285 11188 -2288 5196 -3206 -3441
-16642 10780 -2654 5629 -3566 -3067
-17037 10464 -2937 7164 -4111 -3095
-17136 10697 -2892 9387 -4356 -3072
-16738 11221 -2772 11433 -4357 -2978
-16306 11862 -2286 12424 -4205 -2479
-15868 12210 -1966 12352 -4172 -1836
-15412 12448 -1705 11474 -4004 -1150
-14660 12689 -1120 9928 -3577 8
-14120 12582 -533 8538 -3223 1093
-13798 12510 24 7615 -3151 1959
-13346 12257 313 6852 -2975 2545
-13185 11657 485 6326 -2541 2940
-13042 11458 461 5993 -2435 3089
-12824 11181 621 5511 -2414 3074
-12570 10920 582 5393 -2643 3010
-12297 10417 652 6485 -2890 3019
-12158 10576 452 8407 -2835 2919
-12064 11284 321 10373 -2220 2805
-11960 12052 533 11471 -1351 2787
-12276 12828 860 11284 -1125 2740
-12638 13208 952 10844 -1308 2938
-13157 13562 968 10538 -1433 3199
-13610 14114 905 9778 -1305 3281
-13834 14340 860 8645 -1094 3072
-13788 14438 202 7173 -440 2751
-13925 14409 -220 6050 366 2364
-13989 14497 -422 4477 1019 1914
-14212 14189 -338 2978 1590 1434
-14173 13626 -461 1497 1767 1247
-13905 12857 -872 461 2032 1536
-13732 12146 -1073 -359 2818 1933
-14142 11384 -1362 -964 3629 2096
-14896 10634 -1213 -1403 3906 2080
-15561 10321 -1118 -1359 4023 2082
-16369 10005 -1244 -950 4205 1920
-17157 9514 -1297 105 4047 1623
-17984 9440 -1284 1664 3487 1397
-18214 9604 -1505 3529 2874 1085
-18413 10218 -1878 5627 2080 622
-18466 10581 -2126 6965 1105 69
-17597 11696 -2185 7908 446 74
-16995 13757 -1544 6872 237 950
-16678 15349 -1176 4363 -545 2445
-16915 17090 -466 2416 -993 4663
-17557 19040 67 1475 -1616 7863
-18613 21742 212 2654 -2123 10857
-19538 23828 658 4137 -2185 13907
-19249 25421 1460 4795 -2344 17430
-18612 27145 1958 3947 -2552 20548
-18140 28402 2129 2359 -2869 22464
-17121 29217 1705 1137 -3402 23664
-15902 29602 717 510 -3455 24995
-14397 28906 -417 845 -3055 26841
-12481 28790 -2569 2412 -2396 29157
-11168 30252 -4766 4105 -533 31955
-9329 32616 -6698 4057 2736 32767
-7656 32767 -7513 1432 5719 32767
-6080 32767 -9376 -1784 7778 32767
-4620 32767 -12045 -4114 10966 32767
-2652 32767 -14426 -7250 14904 32767
176 32767 -18021 -10679 19088 32767
2536 29657 -20216 -13880 23593 32767
3662 25140 -20977 -14925 25239 32767
3433 20928 -20680 -15424 31016 32767
2981 20013 -19320 -16417 32767 32767
1218 19617 -18178 -18007 32767 32767
934 18658 -17081 -20042 32767 32767
1516 13845 -14708 -20369 32767 32767
1521 10369 -12814 -18723 32767 32767
1638 8150 -10260 -15874 32767 32767
930 6517 -8081 -12126 32767 32767
1145 5476 -5505 -8504 32767 32767
1766 5820 -2506 -6330 32767 30597
3588 6624 -1113 -6589 32767 26460
4340 6697 -168 -8262 32767 22669
5216 6049 289 -10898 32767 19656
5686 5858 84 -12632 32767 17490
5208 4970 289 -12969 32767 16339
4705 2586 853 -11596 32014 16106
4800 257 1746 -7987 27627 16096
4352 -1701 2125 -2648 23561 15679
3301 -3170 2372 3217 19832 14674
2470 -4000 2292 9189 16673 12937
1 -2810 2302 14220 14272 10420
-3262 -597 2474 17209 12215 7312
-4740 577 2010 18186 9808 3362
-5584 1882 1801 18475 10937 -1378
-7020 2808 1781 16394 13313 -6519
-8242 2962 1825 12138 14237 -11762
-10090 2776 1672 8166 11894 -16454
-11822 2960 1837 5333 9958 -19549
-14458 2852 1948 3968 9568 -22047
-17052 2170 2080 3823 9500 -24038
-19501 838 2101 4368 7933 -26798
-21765 1004 1073 6004 5559 -30186
-24386 1829 -436 8480 2172 -32553
-26714 1942 -1978 11834 -1487 -32768
-29033 4052 -3141 15836 -5872 -32768
-30809 6662 -3580 17884 -9378 -32768
-31490 10560 -2982 16652 -12805 -32768
-30793 14010 -1836 11808 -11742 -32768
-30628 16780 -1265 4614 -13439 -32768
-29920 15834 -2345 -1696 -16879 -32768
-28804 13976 -4169 -3483 -19558 -32768
-28824 13325 -6008 919 -18369 -32768
-28653 13282 -7560 8614 -15831 -32768
-28104 16634 -7622 15908 -13694 -32768
-27922 22756 -6186 19700 -11617 -32685
-25942 28246 -5500 24360 -8159 -31932
-26466 29500 -5634 22689 -5903 -28337
-25236 32379 -6196 16438 -2652 -26946
-24272 32767 -7520 7317 -6028 -28500
-23097 32710 -8514 575 -9361 -26982
-21129 31681 -9112 -1205 -8352 -24113
-20165 31793 -8746 757 -7763 -20585
-19252 32112 -7297 4422 -7015 -17208
-18326 31944 -6501 8755 -5509 -11987
-18002 32498 -5582 11655 -3317 -8307
-16936 32767 -4992 11640 -1051 -5775
-16164 32767 -4441 10137 -218 -3958
-14757 32767 -3670 8189 751 -1315
-13217 32767 -3252 6398 1932 990
-11696 32767 -2874 4860 2400 2198
-10452 32767 -2657 3811 2377 2968
-9584 32767 -2345 2366 2273 4098
-8450 32767 -1666 938 1996 5232
-7248 32767 -898 -221 1537 6155
-5692 32766 278 -1219 1324 7268
-4333 32402 1065 -2073 1474 8645
-3686 32201 1600 -3012 1875 9986
-2793 30346 2345 -4194 2127 10916
-2236 28798 2792 -4999 1958 11546
-2068 27038 3865 -5838 2456 12518
-2117 25545 4732 -6990 3127 13575
-1585 22340 5668 -8287 2788 14170
-1730 20604 6386 -8141 2642 14408
-2686 19857 6860 -7978 2601 14264
-3346 18634 6674 -7584 2414 13751
-4424 18485 6446 -7471 1867 13089
-4609 17320 6100 -7727 880 12591
-4728 15581 5717 -7537 -272 12666
-5240 14769 5556 -7224 -1297 12769
-5796 14110 5297 -7375 -2323 12895
-6344 12460 4914 -7433 -3246 13042
-6458 10664 4338 -7107 -3995 13376
-6369 9444 4125 -5643 -4058 13602
-6602 9289 4357 -4215 -3079 13607
-6697 10264 5117 -3240 -1308 12836
-7130 10990 5324 -3437 278 11545
-7117 11134 5568 -3611 2240 9859
-7606 11488 5453 -3875 3750 8627
-7748 11794 5166 -3571 5087 7583
-8229 11886 4513 -2813 5617 6956
-8581 11700 4034 -1684 5780 6604
-8429 12158 4148 -776 5692 6316
-8604 12773 4292 -392 5345 6022
-8780 13280 4292 -626 4887 5594
-8873 13494 4196 -1133 4163 4959
-9208 13912 3885 -1378 3191 4247
-9726 14598 3410 -1483 2097 3489
-10096 15458 2824 -1866 1003 2879
-9474 15245 2156 -1994 122 2593
-9754 14556 2225 -1818 -274 3119
-8724 13998 1840 -1766 -545 3268
-7426 13426 1776 -1253 -444 3845
-6233 13261 2246 -1300 -413 3672
-5084 13446 2230 -759 481 3229
-4776 13070 2433 -977 1538 3313
-4390 13244 3081 -1726 2065 2135
-4440 13916 3208 -2229 2467 926
-4580 14057 3300 -2704 2662 352
-4333 14397 3389 -2870 2948 -407
-4485 14580 3384 -3041 3057 -858
-4518 14622 3422 -3148 3164 -1012
-4446 14746 3518 -2873 3196 -1226
-3773 14590 3496 -2160 3149 -688
-3385 14385 3552 -975 4024 -25