-6146 15031 422 681 4838 -15751
-5473 14034 510 4372 5644 -9978
-5838 14769 -820 4154 5967 -5082
-6924 15108 -2221 3749 5565 -1815
-8396 14689 -804 942 3920 -1321
-7506 17092 -2718 -3057 1875 -1659
-10514 19228 -1880 -6937 -270 -2783
-11901 16654 -7021 -815 936 -4234
-14204 18198 -3705 3644 2933 -5746
-15031 21470 -3369 2212 4113 -4499
-14802 21865 -3814 -1223 7757 -3665
-15378 18909 -4045 -3608 9820 -3311
-14976 16925 -4741 -3998 11183 -1936
-14134 15636 -5428 -3046 12643 63
-13318 14456 -5706 -1944 13724 1719
-12664 13460 -5805 -1035 14159 3086
-12264 12732 -5764 -533 14089 3608
-11796 12104 -5588 -167 13535 3703
-11909 12293 -5324 -361 12581 3234
-12382 12873 -4928 -1391 12133 2580
-12562 13113 -4517 -3066 11819 1441
-12642 13126 -4129 -5170 11552 30
-12578 13022 -3848 -7066 11359 -1717
-12298 12758 -3657 -8423 11506 -3606
-12134 12418 -3542 -9334 11725 -5431
-11843 11830 -3582 -10041 11721 -7433
-11990 11438 -3828 -10620 11432 -9331
-12345 11205 -4217 -11103 10641 -11230
-12633 11054 -4685 -11320 9416 -12701
-12679 10865 -4994 -11318 8135 -13422
-12766 10673 -5312 -11040 6672 -13675
-12757 10412 -5422 -10609 5333 -13542
-12913 10360 -5588 -10090 4348 -13241
-13311 10378 -5563 -9082 3396 -12659
-13648 10354 -5460 -8110 3059 -11930
-13965 10245 -5467 -7206 3216 -11232
-14448 10628 -5430 -6316 3417 -10825
-15496 12111 -5769 -5227 3547 -10881
-16252 13256 -6054 -4524 3580 -11211
-16487 14053 -6397 -4514 3602 -11097
-16804 15728 -6689 -5614 3416 -10307
-17093 16454 -6914 -7013 2768 -9121
-17324 17066 -6898 -8219 1979 -8102
-18053 18636 -7316 -9351 1119 -6625
-18536 19633 -7008 -10991 210 -4476
-18131 19326 -6618 -12676 -484 -1978
-17614 18636 -5816 -14348 -778 2185
-17350 18033 -5036 -14587 -275 6163
-17385 18020 -4152 -13985 446 9162
-17319 18481 -3318 -13207 970 11690
-17945 19980 -3006 -13351 1238 13095
-17933 20345 -2890 -14236 1092 14398
-18053 20778 -3213 -14793 389 16095
-18058 20313 -3277 -14395 -342 18164
-18225 21782 -3238 -13947 -584 19957
-18758 23478 -3081 -14741 -876 21833
-18906 23842 -3324 -15951 -1329 23426
-19078 22840 -4046 -17155 -2304 26020
-18862 21597 -5151 -15198 -3447 29897
-17902 22960 -5142 -12507 -2863 32313
-16809 24856 -5045 -11839 -1622 32767
-16452 26460 -5180 -11616 -539 32767
-16547 28971 -5583 -12019 2304 32767
-15308 31768 -6372 -13442 6813 32767
-13385 30824 -7770 -14958 9955 32767
-10704 26972 -9433 -14157 12813 32767
-8361 25140 -11604 -11292 15977 32767
-5365 23150 -13376 -8662 18526 32767
-2569 21234 -15262 -6633 21081 32767
-501 19592 -16000 -5306 24309 32767
-121 19165 -15900 -4180 28167 32767
342 17038 -14785 -3559 31708 32767
397 15500 -13437 -3053 32767 32767
132 13333 -12094 -2104 32767 32767
-242 11102 -10273 285 32767 32767
236 10693 -8025 1439 32767 32767
1041 9477 -7150 1734 32767 32767
2161 8534 -6809 850 32767 30450
2532 7904 -5608 -1311 32767 25127
2862 6176 -5169 -3924 32767 20183
3242 5066 -4749 -6276 32767 16622
3656 3990 -3996 -8142 32767 13967
3912 1824 -3724 -8284 32767 11179
3937 -245 -3641 -6444 32767 9421
3554 -809 -1806 -4652 32767 8437
4289 -1354 -1288 -1892 32767 7377
3464 -1753 -628 1114 32767 5607
3653 -2432 -29 4173 32767 3399
3545 -2436 96 7390 32363 1284
2004 -1858 806 10151 30074 -825
45 -940 1068 12376 27813 -2798
-1837 672 1945 13633 26889 -5534
-3748 1837 2864 12128 26842 -8812
-6012 2788 3302 9156 25558 -13005
-8121 3465 3402 5896 22820 -16419
-9669 3148 2768 2943 20402 -19244
-11628 2197 1892 1479 18436 -21398
-14666 2142 1092 1782 16728 -22750
-17746 1804 112 2678 13893 -23689
-19878 1713 -1426 4562 10074 -24130
-22778 1710 -3788 8481 3159 -24457
-25488 2480 -5741 13880 -5365 -24505
-27161 4237 -6288 17205 -10285 -23727
-28324 6580 -5783 18828 -13165 -23163
-29327 9330 -4120 19077 -11301 -23799
-30640 11383 -3605 16733 -9679 -27080
-31049 12705 -3518 13579 -7849 -29828
-31124 12944 -3696 12168 -5838 -31890
-31908 14189 -4530 11256 -3188 -32581
-32378 16224 -5601 10980 -1146 -31659
-32760 17581 -6065 11403 -439 -30447
-32768 20729 -6794 12364 -1607 -30399
-32768 21725 -7433 12418 -1966 -28153
-32768 23036 -7706 12427 -2448 -25548
-32768 25541 -8148 11983 -2609 -22816
-32752 25934 -8094 12146 -2864 -20618
-31802 27720 -8794 12776 -3530 -18606
-30149 28781 -9894 13944 -4490 -15865
-27905 29066 -10093 15181 -5043 -12355
-25136 28196 -10548 18507 -4501 -8060
-23825 28453 -11260 22523 -3975 -2559
-23170 29177 -11990 26595 -3403 2724
-22468 31306 -12426 28852 -3802 6612
-20617 32767 -12720 28898 -4355 7922
-18408 32767 -11993 25885 -4846 7157
-15430 32767 -11453 20546 -5222 5590
-12274 32767 -10966 13753 -5402 4379
-9494 32767 -10617 7077 -5201 5093
-6632 32767 -10152 2583 -4728 6989
-4478 32767 -9569 45 -4037 8995
-2353 32767 -8460 -866 -3236 10468
-222 32767 -7824 -1367 -2482 12065
1734 32767 -7110 -2071 -2402 13533
3713 32767 -6086 -3654 -2559 15138
5293 32767 -5278 -6200 -2631 16461
6405 31240 -5006 -9454 -2780 17257
7244 27400 -5214 -12468 -2170 17980
7478 24286 -4946 -14987 -1137 19063
7373 21122 -4080 -16798 307 20098
7244 17622 -3160 -17977 1786 20654
7105 14353 -2662 -18189 3550 21030
6190 12548 -1928 -17935 5403 21289
5954 11101 -982 -17612 6805 20557
5388 9406 -366 -17053 7916 19162
4700 9129 -104 -16537 8722 17923
3884 8949 677 -16834 9300 16638
3178 9298 634 -18165 9617 15181
1664 9321 1514 -19764 9130 13377
3 9631 2415 -22679 8234 11482
-1356 9090 3193 -26957 8556 9616
-2416 8132 3956 -30853 7845 8111
-3794 7173 4393 -32689 6031 7028
-4914 5538 4638 -32466 5321 7018
-5042 4118 4872 -29261 5536 7111
-5014 3236 5322 -24081 6444 7240
-5638 3462 5693 -18060 7420 7232
-7102 4893 6356 -12572 8189 6861
-8034 7370 6734 -8954 8341 6057
-9968 10453 7432 -7258 7630 4738
-11793 13688 7378 -7267 6131 3589
-12504 15306 7221 -7899 5119 2810
-12844 16104 7038 -7902 5021 2795
-13066 16272 6840 -7188 5108 2915
-13228 15820 6830 -5475 5495 3077
-13504 15640 7272 -3364 6215 3263
-13988 16117 7886 -2303 6689 3279
-13152 15578 8512 -1958 6313 2747
-12682 15762 8670 -1321 5847 1850
-13114 16532 8528 -794 5047 708
-13378 17728 8253 -493 4313 -516
-13061 19102 7764 -687 3661 -1387
-12666 19629 7350 -965 3864 -1242
-12537 18221 7121 -1211 3260 -11
-11304 17544 6517 -630 2032 535
-9158 16360 6878 1033 2351 2481
-8397 16145 6714 2196 1763 2188
-7624 15150 6690 3504 1992 3014
-6853 15769 6596 3860 1986 3025
-6380 16532 6762 3467 2151 3188
-5804 16778 7042 1523 1458 2560
-4988 16372 7146 -886 997 1559
-4385 15498 7018 -2662 1079 1298
-4073 15096 6974 -3457 1267 648
-3968 14758 6892 -3356 1578 -155
-4248 14197 6866 -2637 2180 -845
-5157 13792 6898 -1479 2688 -1272
-5954 13860 6501 582 2786 -1364
-7112 14472 6433 2681 2074 -1714
-7653 15276 6218 3834 678 -2055
-8309 15666 5893 4654 -693 -1981
-8578 15717 5717 5294 -1962 -1599
-7900 15476 5550 6206 -2468 -980
-7636 15769 5468 7067 -2833 -317
-6981 15841 5285 8125 -2657 133
-6749 16013 5408 8645 -2503 537
-6192 16581 5496 8123 -2804 307
-5582 16949 5521 6971 -2896 121
-4880 16694 5550 5392 -2937 159
-4176 16509 5466 4069 -2867 -32
-3713 16128 5437 3170 -2562 -67