-11108 4338 10373 -509 390 -2378
-11282 4296 10124 185 914 -1213
-11670 4774 10393 1159 1359 -75
-12046 5486 11061 2074 1886 889
-12630 6490 11720 2671 2212 1551
-12817 7120 12045 2519 2212 1827
-12704 7013 11937 1959 1966 1919
-12338 6645 11422 1549 1560 1931
-11966 6473 10932 1129 1244 1748
-11800 6414 10582 604 815 1422
-11814 6428 10409 72 500 1141
-11822 6500 10554 -333 349 921
-11956 6734 10770 -805 455 710
-12114 6977 10992 -1344 675 600
-12126 7174 11304 -1840 931 539
-12218 7372 11416 -2170 1168 667
-12257 7196 11476 -2287 1261 821
-12338 7224 11290 -2179 1231 941
-12272 6921 11188 -2016 986 1171
-12025 6694 10957 -1620 684 1477
-11972 6592 10944 -1255 280 1733
-11937 6593 10974 -878 -46 1898
-11802 6545 11226 -457 -66 2003
-11809 6470 11397 -29 -35 2117
-11968 6606 11705 177 -81 2124
-11965 6546 11829 315 -56 2137
-11790 6286 11902 636 126 2103
-11798 6210 11948 1147 288 2060
-11829 6190 11956 1702 492 2117
-11794 6074 11968 2200 679 2320
-12408 6233 12094 2686 487 2994
-12496 6321 12241 3313 278 3814
-12809 6300 12604 4437 245 5221
-12664 6534 13100 6274 1331 6608
-13642 7000 14564 9037 2642 8457
-14250 7518 15477 12578 4639 11486
-14736 8109 16612 16889 7460 15028
-15800 9701 16897 21148 9240 18723
-16798 11713 16162 24997 10182 22641
-18661 14216 15386 27993 13596 23971
-21161 18045 14910 30284 17082 22884
-21850 23176 14196 28965 17249 23293
-22208 26110 13296 24615 14545 23987
-21472 26801 12102 19899 12346 24263
-20533 28161 11260 15703 9748 24231
-19152 28712 10374 11889 7357 24848
-17974 28277 9556 9135 5560 25646
-16718 27474 8129 7021 4256 26493
-14832 26302 6821 6231 3923 27115
-14610 26586 5637 5115 3767 27531
-13254 25249 4465 3477 3010 28306
-11974 24148 3357 1676 3030 29547
-10648 22869 2572 75 2889 30538
-9386 21326 1304 -724 2860 31192
-8990 20302 -312 -1973 3004 31771
-7296 17308 -1182 -2110 2450 32498
-5202 14618 -2322 -363 3242 32767
-3757 13281 -3132 637 4514 32646
-2445 10274 -3297 2732 5289 32145
-1944 10650 -4276 3804 6967 30392
-1352 9842 -4260 2707 7519 27760
-1221 8585 -4470 1883 9077 24705
-1060 8596 -4300 248 10683 22194
-668 9414 -3490 -2352 12625 20102
-1317 10553 -2301 -4781 13352 18642
-84 12501 -821 -7471 14345 17696
829 13602 920 -10071 15140 16998
1565 13774 2234 -11098 15439 16721
3237 13662 3777 -10792 15818 17008
3169 13940 5546 -9907 16308 17257
3598 14138 8013 -8838 17068 17203
4625 14406 10358 -7837 17368 16900
5822 15033 11824 -7485 17130 16211
6532 14822 12550 -7118 16101 15550
7726 13557 12950 -5995 15042 14668
8993 11857 13090 -4483 14008 13257
10322 9678 12876 -2211 13579 11398
9792 8049 12464 335 13552 8993
9581 6765 12060 2284 13626 6368
9585 5910 11436 3406 14347 3156
9224 4881 10556 4346 15172 -231
7886 3517 9145 5206 15381 -2914
6793 1697 7890 6645 14763 -4446
5361 909 6818 8248 13172 -5176
4157 450 5809 9820 10755 -5744
2681 -2 5014 10918 7775 -6879
1549 -704 4685 12089 5469 -8832
945 -1532 4270 13630 4488 -11437
-1010 -1461 3774 14524 3701 -14208
-2129 -1213 3252 14714 3751 -17007
-3750 -1012 2752 13092 4414 -19962
-5966 -1310 1522 11230 4768 -21942
-7721 -1002 581 8886 4076 -22644
-9682 -640 -240 6679 2107 -22217
-11193 -333 -168 4687 -315 -21626
-12574 0 -77 3787 -2495 -21876
-13186 270 316 3932 -3990 -22834
-14056 1126 901 4062 -4385 -24166
-15014 2669 1173 3567 -3587 -25055
-16118 4204 1053 2669 -2171 -25782
-17812 5541 201 2085 -897 -26280
-19645 6294 -928 1998 -765 -26055
-20428 6601 -2236 2635 -809 -24325
-21273 7562 -3070 4136 -1030 -21484
-21385 8648 -3609 6360 -1337 -19129
-21866 9966 -4238 8557 -1572 -17573
-23281 12839 -5021 9496 -1736 -16813
-23488 15090 -4401 8352 -1597 -16432
-23780 16390 -4078 6357 -684 -15459
-24433 18091 -3369 3795 -457 -13784
-24205 19036 -2470 3114 -11 -11999
-25203 20807 -1254 5116 502 -10150
-24633 24219 675 8813 1125 -8003
-24573 28173 1678 11788 2002 -6911
-25373 32121 1672 12748 1944 -5241
-25516 32767 1709 12367 844 -3518
-24250 32767 1590 12149 -200 -1587
-22213 32767 1413 13761 -510 551
-19093 32767 1069 16558 -241 3004
-16781 32767 154 18311 515 5206
-15409 32767 -468 16832 77 7278
-12745 32767 -377 13401 111 8752
-11529 32767 -105 8585 -64 10164
-9088 32767 1017 4360 -739 11628
-6481 32764 1926 2004 -1186 12585
-4093 29809 3200 793 -1356 12777
-1713 26402 4290 -336 -1357 12497
285 23352 5150 -2369 -1582 11700
1693 20548 5220 -5077 -2558 10847
2924 17321 4698 -7725 -4339 9653
3544 14730 3861 -9982 -6812 8403
4478 11516 3058 -10824 -8690 7048
4990 9394 2798 -9910 -9691 6153
5337 8889 2229 -8719 -8715 4738
4845 9110 1914 -8139 -7541 3198
3981 9978 1345 -8656 -6306 1479
2710 10984 1204 -10340 -5230 -229
1210 11829 1276 -12598 -4524 -1415
-149 12088 1846 -13839 -4122 -2027
-884 11829 2496 -13170 -3506 -2520
-1861 11856 3025 -10513 -2492 -2901
-3350 13001 3164 -7503 -1957 -3107
-4726 14118 2926 -4709 -1574 -2872
-6046 15250 3010 -2890 -1273 -2556
-7032 16136 2873 -1705 -1282 -2086
-8228 17578 2402 -1671 -1292 -2124
-8814 18300 2393 -2751 -1368 -2163
-9097 18746 2476 -4337 -1137 -2079
-9276 18248 2748 -5184 -809 -1949
-9177 17377 3004 -4661 -482 -1604
-9242 16996 3376 -3447 -363 -1089
-9141 16812 3518 -2251 -440 -645
-9250 16758 3509 -1441 -717 -291
-8868 16538 3585 -991 -826 -26
-9000 16657 3562 -1120 -678 215
-8940 16784 3662 -1703 -725 339
-8718 16712 3874 -2593 -719 116
-8374 16153 4110 -3284 -614 -247
-8532 15846 4222 -3594 -554 -431
-8337 15509 4608 -3448 -570 -584
-8305 15478 4678 -3027 -593 -716
-8328 15677 4774 -2683 -680 -870
-8296 15900 4802 -2517 -666 -885
-8141 15904 5001 -2318 -464 -868
-8037 15798 5110 -1923 13 -969
-8232 15942 5061 -1639 143 -955
-8372 16329 5084 -1677 -147 -828
-8381 16566 5261 -2053 -492 -878
-8265 16528 5285 -2580 -758 -990
-8198 16345 5369 -2843 -1025 -1054
-8013 16037 5545 -2771 -1080 -1256
-7732 15805 5729 -2408 -869 -1453
-7749 15752 5800 -1936 -588 -1569
-7698 15788 6112 -1490 -270 -1482
-7738 15888 6282 -1225 -67 -1416
-7800 16021 6229 -1206 -229 -1389
-7870 16104 6236 -1411 -365 -1435
-7913 15853 6065 -1395 -714 -1344
-8041 15625 5961 -1110 -918 -1057
-7854 15472 5985 -399 -1119 -896
-7917 15672 5826 244 -820 -897
-7902 15965 5722 651 -1112 -731
-7985 16137 5402 525 -1229 -669
-8078 16065 5386 114 -1243 -706
-7904 15974 5394 -170 -1201 -751
-7832 15826 5389 -380 -1106 -695
-7954 16040 5276 -815 -1154 -864
-7974 16050 5313 -1278 -1354 -1027
-7866 16049 5512 -1724 -1581 -1355
-7813 15962 5612 -2006 -1801 -1546
-7546 15497 5802 -1854 -1748 -1713
-7409 15322 5853 -1090 -1529 -1747
-7614 15637 5794 -467 -1222 -1772
-7652 15921 5693 -235 -1167 -1600
-7746 16258 5502 -559 -1123 -1363
-7638 16336 5574 -1040 -1204 -1048
-7249 16013 5692 -1122 -1140 -685
-6749 15433 5708 -541 -796 -499
-6532 15381 5786 448 -286 -366
-6593 15457 5777 1232 39 -300