-9065 6549 13992 358 1016 621
-9074 6349 13921 369 832 569
-9040 6364 13874 366 750 512
-8932 6302 13809 357 756 491
-8922 6265 13769 425 762 498
-8964 6341 13770 554 760 505
-8964 6478 13757 574 747 524
-8964 6616 13710 520 760 506
-8952 6717 13649 438 803 469
-8858 6790 13522 417 875 442
-8857 6790 13426 388 955 437
-8874 6766 13266 502 1107 443
-8853 6649 13310 648 1275 448
-8892 6656 13232 775 1384 421
-8866 6515 13173 1120 1679 500
-8977 6431 13212 1664 2006 652
-9050 6562 13162 1939 2143 741
-9158 6461 13194 2390 2317 740
-9323 6848 13379 2639 2364 731
-9609 7411 13706 2276 2255 562
-9878 7954 13940 1709 1999 268
-10196 8225 14174 1020 1520 205
-10442 8404 14119 185 850 62
-10217 8328 13865 -772 528 -227
-10082 7885 13468 -1386 311 -457
-9678 7414 13018 -1729 258 -537
-9346 6881 12717 -1665 256 -617
-9072 6648 12558 -1428 375 -595
-9092 6485 12562 -1059 419 -583
-8968 6469 12578 -647 489 -531
-8985 6760 12796 -326 536 -372
-9214 6846 12962 -95 485 -274
-9296 6918 12974 89 426 -236
-9257 7005 13053 197 473 -245
-9233 6997 12941 363 678 -228
-9272 6917 12877 697 945 -258
-9370 6922 12913 1107 1204 -268
-9493 7122 13002 1337 1339 -288
-9661 7266 13017 1372 1396 -283
-9734 7366 13073 1311 1333 -252
-9901 7504 13117 1226 1207 -239
-9964 7604 13150 1052 1052 -238
-10006 7682 13128 826 897 -264
-9984 7728 13250 528 738 -322
-9978 7646 13262 281 605 -370
-9940 7489 13232 91 465 -470
-9857 7406 13229 -116 325 -513
-9865 7314 13209 -271 184 -585
-9848 7202 13212 -310 82 -612
-10012 7186 13289 -385 50 -664
-10293 7276 13413 -495 113 -816
-10668 7164 13945 -809 317 -1064
-11132 7240 14670 -1662 310 -1434
-11396 7493 15845 -2815 -245 -1578
-12113 7674 17333 -4261 -1416 -1390
-12944 7756 18765 -5233 -2513 -1151
-13441 6934 19838 -4257 -3200 -1001
-14486 7486 20290 -1943 -3944 -1084
-14916 8997 20514 4 -4752 -613
-14440 11424 21046 291 -5194 478
-16472 12654 21240 -1411 -4879 8
-15858 10426 21296 -3878 -5380 -1137
-15026 8601 21054 -4237 -6282 -1209
-14868 7648 19881 -2946 -6822 -780
-14246 8485 19590 -382 -7001 206
-14606 8804 18962 2015 -7589 1308
-13552 9012 18005 3411 -8163 2107
-12725 10132 17072 3513 -9373 2977
-11160 10858 16018 2789 -11970 4354
-9234 11058 14554 2648 -12691 5845
-7912 10204 13740 1535 -13772 6033
-5774 9241 13013 88 -14662 6764
-5110 8937 13464 -3152 -15311 6428
-4444 9961 13696 -8703 -15687 6073
-4120 9233 14089 -13463 -16957 5098
-4384 5992 13314 -13710 -18682 3666
-2005 3001 11896 -9399 -20178 3322
566 3837 9902 -5487 -19485 4968
522 2561 8814 -349 -16292 5504
-260 4468 9681 2073 -14630 5420
-1361 5144 10020 2978 -14283 5524
-1938 4705 10966 3579 -14425 4324
-1364 6125 11617 890 -13989 2935
-1132 6473 11678 -3915 -13577 1138
73 6721 11320 -9005 -13114 612
1514 4829 9557 -11239 -10890 1070
2328 1813 8860 -8963 -7845 1430
2337 1476 7860 -4974 -3736 2842
1514 2401 6002 360 227 4693
681 4478 4657 8892 3472 6082
-666 4886 9098 10675 4666 5389
-2369 11214 12340 852 4081 4409
-1929 13400 13068 -12969 4319 2142
-753 7824 13694 -20088 3831 455
-430 3218 13741 -21991 4504 -145
-816 1414 14092 -20761 6106 -526
-1774 430 15522 -17192 6676 -914
-3381 -498 16129 -12059 7872 -1139
-3865 -1241 16841 -4579 8333 -1250
-3900 -1386 17552 3179 7577 -1312
-3700 1090 18361 7546 6650 -954
-4621 3078 18736 7544 4839 -798
-4429 2960 18245 6594 2769 -990
-4010 4021 17730 3661 -63 -1375
-3170 4857 16758 587 -1719 -2004
-2358 5038 15956 -1209 -1425 -1851
-2241 4393 14606 -724 984 -1029
-2081 3701 11944 3882 4969 420
-3316 4404 11464 9605 6597 1480
-4060 7325 13614 9389 5830 1538
-5778 10461 15432 1615 5069 -41
-5668 11612 16674 -9371 3697 -1596
-4713 9144 16800 -17624 976 -1416
-3368 5722 16401 -21114 -398 -1228
-2882 3254 16406 -21070 -120 -1871
-3038 -108 16972 -17071 574 -3348
-2902 -502 18036 -11372 368 -3800
-3673 -253 17634 -4972 1750 -3258
-3746 -1238 17752 2387 3235 -3057
-3588 -260 17886 7361 3675 -1728
-3412 229 17466 10369 2998 -713
-2749 350 17148 10341 1462 -732
-2316 1465 16125 8561 442 -872
-1400 2461 14644 7469 454 -571
-969 3664 13684 7610 1602 421
-1550 5142 13496 7559 3396 1450
-3240 6349 13598 7201 4059 1446
-3876 6476 14685 4891 3121 212
-4981 9556 14682 196 2498 258
-4858 9057 14938 -4452 1851 -303
-4308 7396 14936 -8134 1058 -482
-3656 5325 14948 -10079 312 -288
-3153 3605 14854 -10185 9 121
-2756 2408 14992 -8992 133 572
-2624 1446 15148 -6705 663 1025
-2868 950 15449 -3740 1498 1407
-3088 1149 15988 -982 2319 1611
-3548 1977 16410 839 3123 1452
-3940 2662 16768 1703 3698 1062
-4264 3164 16872 1881 4092 542
-4496 3242 16809 1980 4325 125
-4638 3196 16532 2179 4532 -126
-4769 3164 16392 2572 4749 -202
-4966 3457 16261 2753 4847 -173
-5334 3810 16394 2595 4936 -288
-5745 4309 16601 1999 4816 -492
-5977 4425 16742 1192 4457 -760
-6165 4409 16610 496 3846 -1070
-6137 4164 16524 97 3277 -1288
-6157 4014 16356 -7 2944 -1399
-6360 4040 16320 7 2779 -1457
-6461 4050 16394 -8 2655 -1537
-6472 4060 16321 0 2435 -1595
-6394 3986 16341 -8 2329 -1523
-6432 3976 16242 92 2258 -1307
-6346 3882 16130 407 2274 -1060
-6301 3933 16177 908 2477 -928
-6253 4174 16198 1072 2607 -747
-6040 4318 16169 989 2680 -723
-6042 4328 16240 864 2673 -785
-6061 4556 16229 557 2429 -839
-5945 4260 15805 180 2015 -731
-5488 3901 15620 554 2199 -120
-6045 4422 15986 770 2512 -92
-5917 4402 15897 544 2641 -93
-6017 4686 16064 236 2705 -227
-6165 4688 16139 -504 2424 -533
-6003 4682 16178 -991 2403 -668
-5946 4599 16247 -1305 2482 -725
-6081 4014 16344 -1046 2789 -374
-6115 3706 16229 -627 2781 -163
-6858 4217 16352 -28 2897 59
-6377 3958 16451 -100 2393 -1
-6346 3968 16438 -70 1681 -20
-6397 3710 15880 199 1138 142
-6941 3657 15702 722 564 470
-6448 3926 15677 886 231 350
-6382 4649 15805 370 -78 -30
-6348 4809 15841 -577 -275 -497
-6169 4134 15640 -1134 -355 -648
-6220 3877 15560 -982 65 -556
-6474 4141 15642 -583 839 -386
-6644 4446 15801 -476 1563 -342
-6708 4504 15874 -715 1816 -451
-6693 4229 15798 -857 1784 -629
-6502 3980 15632 -649 1747 -588
-6602 4030 15488 -249 1847 -414
-6794 4274 15534 10 2071 -173
-6781 4300 15665 -50 2068 31
-6622 4185 15706 -329 1851 127
-6672 4105 15732 -559 1580 260
-6626 3944 15725 -672 1354 474
-6716 3885 15714 -525 1294 620
-6820 3936 15777 -332 1313 710
-6576 3757 15385 -633 707 538
-6316 3927 15183 -704 215 368
-6674 4300 15249 -1003 53 324
-6144 3741 15193 -1479 -395 -163
-6588 4482 15308 -1799 -446 -276
-6558 3964 15254 -2286 -478 -454