-11761 6513 11762 -134 165 -1
-11632 6400 11665 -278 158 -23
-11534 6302 11566 -249 178 8
-11536 6253 11582 -216 178 57
-11465 6228 11548 -232 152 113
-11546 6244 11600 -269 169 122
-11604 6240 11636 -435 221 88
-11712 6185 11669 -571 272 20
-11745 6116 11644 -644 275 -53
-11720 6082 11637 -783 251 -43
-11660 5872 11512 -854 283 -32
-11666 5725 11530 -887 287 8
-11644 5600 11458 -894 315 28
-11756 5402 11566 -834 373 47
-11876 5268 11500 -684 409 55
-12017 5228 11596 -599 358 55
-12149 5194 11586 -496 306 126
-12268 5094 11714 -429 252 110
-12305 5050 11672 -433 252 108
-12270 4912 11597 -384 304 58
-12182 4876 11528 -265 346 26
-12104 4890 11488 -128 350 26
-11925 4893 11389 143 340 86
-11837 5030 11377 311 311 145
-11709 5142 11316 375 310 208
-11709 5353 11298 409 266 199
-11846 5580 11460 456 231 104
-11969 5788 11525 366 235 18
-12024 5877 11581 207 182 -37
-11959 5801 11462 69 108 -70
-11873 5532 11369 165 135 -71
-11856 5452 11370 263 151 0
-11856 5406 11337 409 146 92
-11852 5272 11273 612 87 202
-11826 5253 11137 825 45 327
-11756 5236 11174 985 -23 464
-11740 5498 11182 1034 -34 529
-11774 5557 11250 1136 -72 580
-11914 5790 11408 1141 -8 523
-11984 5918 11592 1024 2 435
-11938 5986 11733 980 6 382
-11921 6021 11758 1082 43 316
-11918 6190 11829 1097 103 290
-11878 6258 11930 1099 116 261
-11832 6340 11908 1147 151 193
-11667 6359 11792 1246 80 205
-11526 6390 11661 1262 25 227
-11442 6401 11553 1193 43 205
-11428 6374 11531 1184 173 242
-11621 6498 11565 1235 310 196
-11724 6530 11558 1216 371 158
-11868 6521 11724 1159 405 142
-11926 6424 11814 1146 427 193
-12108 6241 11927 1254 527 322
-12409 6078 12085 1267 863 591
-12514 5854 12312 1194 1112 802
-13012 5671 12630 998 1269 1182
-14234 6198 13593 253 840 1328
-15380 7162 14090 -1346 -304 1550
-16476 7930 14622 -2307 -1686 1495
-17195 7804 15359 -2724 -3704 1410
-17126 7640 15590 -2557 -5517 1970
-17720 9274 16031 -4430 -6484 1246
-17999 8778 16517 -6209 -8014 133
-17698 8452 17062 -6909 -10132 -16
-16802 7871 17073 -7408 -12023 -15
-17004 6917 17694 -5937 -13754 -264
-17568 8132 18497 -5156 -15806 -305
-18266 9208 19026 -5555 -18214 -887
-16638 8981 18974 -7843 -21823 -1700
-14857 8056 17472 -7971 -24739 -1041
-13331 7699 16275 -6251 -26291 250
-12200 7186 15736 -5299 -27206 1449
-11654 7181 14658 -4391 -27526 2542
-10844 7506 13226 -3410 -27671 2948
-7799 7182 11344 -666 -27772 4711
-5184 6276 11090 -1608 -25880 7262
-3818 6902 11037 -7131 -24309 8469
-1344 6288 10182 -13816 -22964 9021
-946 4342 11237 -16232 -21443 7845
-1579 2520 12292 -16776 -23279 6581
-1822 121 11792 -12190 -24885 5875
-589 133 11064 -6567 -24450 5750
1252 -428 10204 -2533 -24013 6047
2786 -78 9220 1500 -22700 6585
2701 46 8881 5136 -22902 6116
2381 464 9476 6199 -25358 5007
2517 1880 10421 4361 -26739 3725
3593 1242 11088 1982 -27496 2535
5697 -508 12152 593 -28152 1988
7328 -16 12130 -437 -26838 2414
9044 -1775 8542 3193 -21032 2403
11293 -2745 5316 10150 -14466 2641
7872 5040 9880 3374 -12766 801
4857 9975 11590 -13903 -12890 -1597
3941 3427 9114 -2882 -13402 -462
5600 3493 9594 -721 -7879 4539
9752 3367 11797 -4332 -166 4589
11309 1596 12826 -6939 4244 2950
11554 1826 13949 -8123 8892 3208
10630 1298 12772 -2974 14293 1353
9696 -1410 10040 4471 17616 -746
6740 6 16672 3149 18426 -2249
5814 5758 16891 -1797 21137 -1214
3902 749 18459 -8068 13817 -2091
3116 -880 17128 -4729 9438 -2823
3618 -1550 17038 -433 7802 -2235
3464 377 17068 5517 5470 -1577
2537 2389 19138 6201 3003 -1661
2351 2675 19159 5328 496 -1588
3395 2516 18410 5037 -1296 -521
4479 4365 17101 2283 -2740 -425
5340 4960 15796 725 -1146 -493
4892 5049 15132 -945 202 -1181
3036 6176 14324 -1636 636 -1155
2569 5854 13378 984 -13 -24
3577 6836 15029 -1448 105 1379
5430 3704 16297 -6628 1809 1205
6592 2403 18604 -7314 2395 1242
4670 870 17917 -3470 2638 -657
3720 -588 17129 644 2033 -905
3192 1312 17097 4129 1452 262
2581 1744 17060 5393 -418 85
2681 1604 16904 5493 -2797 -383
3953 1619 15627 5878 -3594 -15
4862 2852 14589 5639 -3026 650
5458 4165 14180 3401 -1838 538
5672 4040 14298 205 -1067 -602
5856 4082 13814 -2124 -358 -1253
5752 3262 12619 -2158 898 -1646
6094 2360 12006 -1231 2265 -1700
6677 1771 11107 -848 3347 -1469
6691 1452 10047 -1028 3839 -1155
6940 773 8797 -336 4156 -1139
6848 544 8101 1860 5528 -1308
6641 702 8212 3928 7427 -1938
6222 1939 8582 5045 10669 -2840
5626 2782 9082 4818 14735 -3918
5006 3098 9170 4266 18234 -4568
4208 2412 8780 4270 21085 -5078
3309 1913 8298 4664 23038 -5160
2134 2088 8272 5359 24412 -4763
361 2738 9249 6034 25913 -4454
-1746 4704 10534 5662 26557 -4826
-3646 6054 12321 3248 26790 -5457
-5098 5784 13804 911 26704 -5638
-5894 4877 14633 504 26321 -5098
-7513 4600 16050 1782 25858 -4067
-9174 5469 17578 3013 24573 -2397
-10445 7177 19657 2280 22912 85
-11597 8472 20773 679 21723 3019
-12000 7857 20781 1500 19969 5165
-11938 6708 20566 4694 18292 6373
-12224 6860 20808 8347 16100 6029
-11030 7752 21190 10101 14041 5920
-10715 10423 22436 9279 12941 5338
-10148 10863 23287 5959 10039 2798
-10060 10713 23368 3296 7383 666
-9932 10604 22450 1377 5388 -522
-9994 10136 21198 187 3882 -1039
-9655 8745 19727 -271 2545 -1088
-9176 7194 17974 651 1636 -783
-8766 6193 16782 2215 1534 -351
-8689 6193 15926 3531 2023 -154
-8921 6752 15449 3578 2603 -349
-9378 7418 15428 2187 3374 -1268
-9373 7690 15586 341 3939 -2027
-9569 7682 15457 -1440 4283 -2868
-9128 6629 14988 -2116 4258 -3323
-8878 5878 14624 -1692 4179 -3422
-8386 5798 14508 -1244 4046 -3222
-8153 5949 14445 -1105 3946 -3023
-7945 5928 14677 -924 3794 -2932
-7846 6338 14718 -762 3499 -2804
-8001 6750 14806 -454 3307 -2711
-8229 7177 15242 -355 2920 -2273
-8448 7230 15278 -403 2471 -1800
-8557 6992 15078 -242 2244 -1374
-8530 6625 14714 374 2083 -829
-8612 6638 14381 927 1873 -352
-8573 6762 14193 1242 1646 21
-8486 6813 14061 1304 1374 393
-8396 6832 13966 1206 1128 559
-8385 6874 13974 942 1031 554
-8433 7073 13920 394 963 464
-8490 6909 13913 -144 830 333
-8418 6566 13709 -524 726 276
-8553 6236 13669 -598 795 331
-8862 6192 13700 -648 1091 534
-8934 5918 13721 -731 1108 478
-8957 6018 13889 -774 984 479
-8998 6085 13993 -728 957 379
-8761 6398 13978 -902 817 142
-8645 6468 13882 -988 564 -1
-8629 6790 13696 -1159 279 -251
-8444 6978 13596 -1356 -100 -510
-8401 7240 13493 -1707 -397 -700
-8361 7370 13357 -2068 -661 -709
-8301 7082 13332 -2254 -808 -640
-8200 6685 13450 -2189 -641 -411