-18932 -942 6804 3817 -13795 11270
-18149 -388 6263 2711 -15376 11528
-17094 -340 6422 1894 -15784 11426
-16266 -389 6512 1417 -15629 11214
-15738 -230 6688 1076 -14731 10949
-15208 -102 7006 551 -13699 10721
-14772 -169 7280 122 -12242 10522
-14570 -170 7270 181 -10961 9802
-14317 14 7184 501 -10340 8861
-14214 544 7245 686 -9892 8134
-14057 1176 7278 278 -9940 7622
-13790 1812 7796 -358 -10078 7303
-13633 2356 8544 -1200 -10035 7316
-13416 2284 8833 -1919 -9785 7521
-13050 2037 8954 -2099 -9258 7884
-12909 1949 9025 -1761 -8686 8173
-12704 2120 9293 -1282 -7873 8505
-12720 2248 9748 -846 -6997 8763
-13020 2916 10285 -752 -6272 8720
-13545 4096 10732 -1114 -5936 8971
-13973 5174 11096 -2057 -6100 9030
-14233 5761 11373 -3470 -6974 9012
-14492 6505 11400 -5632 -8947 9354
-14664 7330 11384 -8242 -11306 9919
-14108 6550 11288 -9165 -13388 10543
-12780 5678 11062 -8561 -13934 11262
-12072 5744 11505 -7938 -13354 11894
-11993 6272 12198 -6884 -13177 12465
-11306 6126 12652 -6028 -12922 12334
-11120 6302 13498 -5260 -12472 12490
-11365 7930 13998 -6591 -12527 12766
-12072 8540 14506 -9378 -12853 12809
-11608 8282 14781 -10711 -12633 12675
-11293 7809 15116 -10672 -12159 12995
-11000 7705 15281 -10525 -11215 13855
-10590 6364 15661 -8683 -10377 14432
-10305 5746 15637 -5774 -9584 14955
-10204 5862 15478 -3412 -8834 15406
-10761 6266 15457 -1868 -8444 15407
-10824 6273 15724 -790 -8401 15040
-10250 6037 16020 283 -8152 14647
-9560 6681 16448 993 -7647 14384
-8886 7169 16652 897 -6966 14238
-8713 7078 16402 1025 -6548 14106
-8421 6920 15806 2168 -6524 14118
-7269 6198 14694 3971 -6080 14361
-6398 6340 13614 4356 -5340 15105
-5938 7540 12585 2982 -5542 16062
-5513 8165 12546 -698 -6487 16640
-5537 9058 13066 -5989 -9073 17227
-4808 8125 13272 -9090 -12116 17819
-2925 5954 13036 -9094 -13246 18028
-1764 5313 12992 -7411 -12674 18248
-1582 5148 12384 -5656 -11646 18414
-1465 5153 11852 -4093 -10222 17979
-1929 5638 11416 -3082 -8607 17154
-2390 6284 11325 -2949 -7426 16432
-2181 6853 11144 -3635 -6634 16042
-2242 7105 11362 -4460 -5863 15717
-2086 7138 11664 -4867 -4668 15604
-1965 7224 11937 -5103 -3480 15033
-1760 6896 11904 -4905 -2806 14433
-1368 6229 11632 -3859 -1938 14101
-617 5410 11566 -2157 -635 13809
-457 5612 11672 -221 202 13595
-948 6682 11974 513 222 13149
-1805 8160 12118 -454 -278 12782
-2334 8998 12132 -2619 -871 12264
-2621 9248 12580 -4942 -1228 11867
-2873 8841 12909 -6673 -1395 11648
-3196 8140 12894 -6827 -1305 11225
-3218 8021 12692 -6474 -652 11077
-3416 7601 12670 -5941 87 10845
-3404 7213 12776 -4816 372 10728
-3045 7365 13200 -4793 774 11367
-3392 7982 14532 -6204 324 12080
-3609 8209 15246 -7593 -919 12516
-2892 7353 15741 -8114 -1772 12896
-2230 6580 15849 -7613 -2161 13327
-1562 5832 15630 -6316 -2428 13577
-1276 5396 14970 -4289 -2534 13918
-1028 4941 13516 -2131 -1619 13932
-1341 4484 12261 -739 327 14309
-1429 4366 13602 1823 1022 15059
-449 3002 15722 6965 -299 15904
484 4424 16192 9679 -482 16570
-261 6700 16816 9872 -595 17066
-249 7750 17245 9649 -847 17052
298 8633 16202 8968 360 16083
194 9269 15402 6593 2792 15152
-705 10210 14688 2770 4456 13765
-905 10228 14282 -1309 5503 12653
-905 9414 14256 -4121 6637 12270
-1078 7769 15082 -4682 6998 11851
-814 6042 15576 -3430 6507 11393
-1092 6780 15134 -4010 6417 12319
-2200 7188 15634 -4725 4660 13489
-2656 6781 15520 -4560 2692 14111
-3365 6408 14896 -3573 1665 14247
-4060 6477 15217 -2791 1138 14052
-3722 6533 15686 -2940 657 13815
-3122 6589 16357 -4314 297 13654
-2581 6790 17136 -6043 -309 13437
-2286 6776 17312 -7677 -618 13351
-2221 6521 17253 -8751 -596 13317
-1966 5858 16798 -8542 -58 13199
-1474 4708 16068 -7002 1022 12789
-1652 3830 15554 -4051 2483 12205
-1881 3265 15225 -1213 3367 12037
-2294 3442 14953 1220 4052 11992
-2920 4150 15297 2125 4242 12262
-3604 4906 16125 1678 3068 12486
-3404 5141 17054 1232 1112 12546
-2793 5340 17330 871 266 12363
-2690 5056 17545 1013 454 11768
-2221 4156 17200 1922 2016 10956
-2137 4604 17368 2673 4053 10704
-2318 4610 17098 4156 6370 10076
-2128 3960 16328 6326 8981 9277
-2360 4476 15681 6786 11210 9089
-2949 5300 15576 5562 12120 9049
-3460 5625 15330 3667 12573 8646
-3949 5741 15568 1861 12369 8855
-4776 5632 16004 617 11026 9553
-5105 5573 16048 -764 9907 10316
-5564 6268 15789 -2124 8026 11367
-5501 6224 15725 -3758 6932 11991
-5444 5256 15896 -4826 6389 11917
-5816 4270 15729 -4634 6300 11087
-5921 4037 15298 -3161 6525 10012
-5537 3421 15102 -1896 7381 9153
-4841 3858 14974 -1146 8422 9068
-3889 3764 15120 -2166 9014 9191
-3180 4016 15410 -4715 9260 9544
-4073 4398 16354 -8565 8007 9945
-5509 4340 17457 -11453 4554 10240
-5677 3628 18196 -12070 947 10623
-5226 2236 18320 -10156 -1324 10675
-4256 1216 18157 -6676 -1873 10915
-3624 746 18014 -3180 -1243 11352
-3389 882 17976 31 -78 11402
-3169 1659 17827 2506 1265 11330
-3496 3239 17407 2820 2809 11178
-3873 4350 17180 1262 3694 10889
-4339 5282 16812 -1524 3873 10382
-4362 5152 16373 -4269 3786 9568
-4189 4784 15998 -6120 3684 9352
-4331 4237 15608 -7175 2760 9885
-4423 3538 15176 -7055 2281 10392
-4376 3068 15148 -6933 2195 10620
-4604 2790 15634 -7157 1828 10676
-4724 2285 16326 -7861 1134 10463
-4742 1989 16733 -8166 693 10174
-4952 1576 16728 -8113 478 9871
-4961 1161 16653 -7781 449 9660
-4960 802 16505 -7329 432 9568
-5042 562 16398 -6801 589 9630
-5224 308 16405 -6221 560 9792
-5377 301 16286 -5667 283 9855
-5608 212 16218 -5279 -143 10070
-5786 -48 16192 -4801 -746 10162
-5790 -142 16190 -4264 -1551 10287
-5804 -508 16352 -3627 -2587 10429
-5856 -600 16260 -2653 -3712 10629
-5761 -749 16209 -1759 -4549 10802
-5965 -669 16405 -1146 -5353 10966
-5641 -576 16502 -1122 -5724 10913
-5385 -402 17036 -1532 -5336 10726
-5333 -293 17257 -2231 -4672 10303
-5102 -450 17514 -2883 -4155 9760
-4750 -598 17573 -3427 -3129 9122
-4744 -710 17604 -3872 -1897 8565
-4612 -778 17545 -4081 -823 7947
-4513 -953 17258 -3990 -27 7532
-4393 -1076 16985 -3581 621 7215
-4481 -924 16557 -3203 817 7048
-4408 -818 16377 -3064 639 7047
-4349 -654 16454 -2997 342 7119
-4325 -637 16568 -3001 -17 7157
-4261 -668 16662 -3021 -216 7225
-4095 -794 16836 -2961 -534 7324
-4041 -981 16819 -2552 -680 7284
-3820 -1222 16801 -1936 -626 7199
-3662 -1384 16414 -1231 -538 7141
-3736 -1680 16034 -224 -700 7073
-3924 -1454 16105 259 -903 6726
-3237 -1916 15910 1048 -475 6578
-3250 -1169 15674 1636 -199 6320
-3784 -138 15601 1429 -466 6034
-3589 338 15558 729 -600 5838
-3189 313 15525 131 -307 5737
-3730 809 15577 -536 -136 5446
-4074 856 15698 -1226 -195 5291
-4140 1266 16140 -1853 163 5171
-4637 1626 16717 -2473 677 5022
-5010 1793 17530 -3143 1439 5014
-5317 1658 18177 -3612 2434 5259
-5241 1350 18537 -3629 3183 5605
-5256 1360 18569 -3353 3394 5826
-5152 1250 18354 -2857 3226 6074