-15128 2620 2678 -3436 5607 -2983
-17226 3709 2412 -4404 4183 -2917
-17208 4370 1616 -6126 3927 -2849
-18413 5598 1453 -8870 2320 -1752
-19257 6024 1501 -11918 78 -1751
-19492 5774 2248 -14414 -2154 -2130
-20060 5517 2988 -16262 -3603 -1836
-20634 5458 4034 -17287 -5682 -880
-22142 5020 4501 -17803 -9621 435
-22857 5658 5040 -16931 -11737 792
-24089 7185 4776 -15979 -8386 642
-26165 7593 5696 -16647 -10682 961
-25842 6865 6312 -17422 -14025 1800
-26102 6917 6857 -17158 -17227 2513
-26417 6489 7296 -16751 -19922 3249
-26540 6204 7645 -15563 -22153 4514
-26492 5862 8062 -14542 -23577 5960
-26670 5458 8278 -13273 -24522 7657
-27117 5106 8640 -11591 -24953 9211
-28065 5416 8824 -10951 -26003 10506
-28997 6364 8317 -11818 -28072 11048
-28440 5954 8058 -13008 -29807 11032
-27709 4960 8020 -12904 -30683 11074
-26609 4006 7820 -11854 -30952 11186
-25273 3152 7606 -10243 -30649 12001
-24318 2902 7174 -8429 -30423 12894
-23170 2888 6744 -6798 -30327 13600
-22694 3012 6389 -5613 -30293 14164
-21633 2668 5610 -4651 -30599 14528
-20076 2378 4718 -4743 -30496 14481
-18780 2618 4357 -4253 -30733 14990
-17218 1713 4225 -2323 -31612 15197
-15328 1580 4009 -360 -31571 15620
-15078 2853 4470 17 -30570 16201
-14624 3153 4985 -527 -29435 16254
-12852 2260 5589 -633 -27928 16062
-11536 2176 5705 -526 -26120 15323
-10549 2192 5764 -446 -24340 14313
-10126 2068 5702 -444 -22454 12875
-9296 1850 4985 -687 -20838 11276
-8266 1726 4149 -128 -18904 10023
-8457 1944 4141 637 -17424 9278
-7961 1662 4286 1656 -17024 9193
-7213 1308 4881 2967 -18471 9954
-6380 892 5420 4139 -20118 10687
-5358 837 5461 5517 -20875 10559
-4086 845 5466 7120 -20395 10554
-2880 1248 5576 8094 -18971 10369
-1162 1758 6130 8790 -16322 9709
-77 2270 6678 9311 -12736 8118
918 2896 6878 9438 -9409 6175
1642 4326 6860 8837 -6611 3936
2208 5393 6718 7215 -4032 1801
2957 6053 7104 4925 -1813 -251
3197 6686 7874 2324 170 -2066
3586 7000 8656 -190 1891 -2869
3894 7105 9700 -2405 3390 -3151
3984 7148 10830 -4201 4141 -3341
3622 7433 12049 -6090 3825 -3199
3074 7476 13294 -8453 2707 -3362
2857 7265 14738 -10066 1365 -3867
2700 6753 15457 -10313 971 -4308
2850 6310 15530 -9810 2577 -4406
1996 5614 15705 -9091 5428 -4949
704 5960 16002 -9197 8090 -5323
-1221 6574 16597 -10165 9902 -5926
-3348 6623 17542 -12080 10821 -6261
-5465 6534 17270 -14390 10325 -5745
-5659 5932 16568 -15268 9320 -5300
-4539 3907 16072 -14619 7856 -4970
-3828 3010 16411 -13264 5887 -4421
-4933 2174 17574 -11426 3627 -4354
-5442 1180 18460 -8060 2314 -4006
-5632 269 18780 -3781 2214 -3091
-5610 -25 18496 240 3131 -2187
-6136 1348 18377 2844 3570 -789
-6385 2687 18349 4386 2979 18
-6922 4197 18026 4325 1748 190
-7004 5103 17567 3120 328 23
-6605 4692 17112 1611 -904 -266
-6153 4714 16573 924 -1253 -488
-5124 3702 16344 1257 -1213 -926
-3937 3244 16085 2267 -793 -984
-4006 3672 15937 2230 -267 -1263
-3270 2965 16068 3214 379 -1254
-3510 4332 16068 3062 980 -893
-3761 4084 15892 2418 1550 -1874
-4344 4129 15689 1211 1977 -2823
-4856 4022 15436 -191 1953 -3244
-5008 3996 15200 -1786 1359 -3320
-4653 3618 15172 -1952 951 -2684
-5394 3777 14623 -580 1174 -1722
-5464 3634 14238 892 1510 -1163
-5315 3427 14172 1655 2199 -789
-6318 3510 14209 1821 2893 -714
-7293 3860 14474 1914 2779 -1097
-7892 4576 14657 1562 2073 -1466
-7874 4933 15146 881 900 -1548
-7566 4468 15729 648 -245 -1718
-6647 4441 15979 795 -893 -947
-5457 4084 15877 804 -403 -193
-4760 3770 15562 455 272 -389
-4533 4004 15831 -1098 877 -568
-5085 4313 15986 -2898 1006 -196
-5089 3641 16277 -2926 1235 1059
-4434 2662 16893 -1003 1235 2935
-4965 2688 17442 1411 468 3716
-5856 3685 17733 3216 -1851 4341
-5933 3665 17766 4268 -4206 4268
-5448 3434 17574 5028 -5613 3228
-4777 3986 17522 5398 -5924 2238
-3924 4156 17647 4918 -5241 985
-3114 4429 17768 4234 -3905 343
-2608 4698 17813 3462 -2528 -52
-2072 4770 17384 2875 -528 -323
-1561 4565 17020 1988 1683 -757
-1609 4810 16592 1050 3474 -999
-1970 4298 16410 546 4551 -1406
-2611 4181 16137 760 4738 -1834
-3277 4758 15848 666 3806 -1591
-3869 5061 15614 345 2330 -1088
-4341 5509 15518 -282 761 -734
-4457 5469 15544 -620 -469 -462
-4321 5405 15490 -933 -831 -319
-4185 5297 15438 -1250 -494 -304
-3996 5222 15481 -1278 26 -520
-3814 5132 15526 -1120 613 -710
-3665 4917 15509 -866 1141 -875
-3432 4606 15381 -582 1732 -939
-3740 4482 15469 -86 2075 -1056
-3949 4608 15506 494 1799 -1061
-3585 4833 15762 1355 1510 -1136
-4034 5214 16192 1648 556 -458
-4385 6226 15688 1055 -341 152
-4533 6696 15178 -95 -834 617
-4466 6696 14865 -2265 -1289 694
-4192 5872 14929 -5501 -1570 308
-3852 5064 15123 -7113 -1531 -425
-3299 4725 15478 -6428 -910 -868
-2532 3306 15464 -4589 -277 -1199
-2644 3044 15434 -2545 581 -838
-2764 3150 15397 -771 1033 -327
-2874 3959 15281 132 1291 -158
-2886 4605 15422 -164 866 -271
-2658 5188 15450 -1064 298 -374
-2421 5340 15416 -2263 -152 -600
-2401 5138 15448 -3305 -57 -905
-2389 4942 15269 -4178 350 -1234
-2185 4473 15188 -4709 1083 -1637
-2537 4410 15434 -5423 2121 -1840
-2853 4085 15793 -6061 3031 -1728
-3105 3762 16265 -6167 3871 -1354
-3521 3600 16880 -6101 4563 -960
-3884 3197 17030 -5479 5106 -822
-4193 3250 17018 -4814 5269 -790
-4470 3470 16989 -4695 4895 -644
-4529 3206 16886 -4498 4465 -627
-4845 3105 16905 -4206 4269 -620
-5069 2809 17041 -3997 4164 -523
-5489 2630 17130 -3867 4190 -386
-5734 2325 17180 -3726 4347 -354
-6110 2126 17225 -3649 4600 -360
-6570 2018 17353 -3610 4842 -286
-6858 1929 17217 -3579 4867 -264
-7029 1760 16913 -3330 4819 -297
-7042 1700 16649 -3078 4615 -330
-7109 1776 16286 -2923 4281 -294
-7253 1796 15886 -2678 3896 -453
-7356 1905 15725 -2624 3504 -502
-7220 1817 15600 -2821 3097 -355
-7116 1594 15546 -2822 2880 -247
-7221 1549 15550 -2804 2732 -139
-7290 1514 15416 -2851 2603 -67
-7436 1444 15462 -2888 2552 -17
-7640 1405 15505 -2959 2489 -17
-7744 1268 15592 -2990 2481 36
-7917 1140 15662 -2859 2440 194
-8008 1061 15661 -2611 2429 325
-8012 1008 15556 -2278 2337 453
-8062 1040 15477 -1941 2247 603
-8216 1050 15474 -1698 2175 754
-8238 1132 15489 -1580 1995 798
-8105 968 15564 -1510 1906 811
-8048 857 15621 -1475 1923 815
-8017 885 15621 -1483 1842 827
-8084 906 15522 -1519 1619 735
-8385 1006 15554 -1704 1332 627
-8206 856 15409 -1693 1110 526
-7852 688 15138 -1459 897 404
-7897 816 15048 -1207 670 315
-7894 820 15002 -996 549 341
-7730 952 15007 -740 310 204
-7848 1396 14972 -638 -29 -142
-7948 1538 15010 -862 -187 -416
-7828 1426 15230 -1001 -134 -617
-7964 1302 15358 -994 115 -692
-7984 1221 15489 -818 522 -690
-8004 1366 15578 -523 987 -665
-8050 1573 15612 -256 1284 -620
-8021 1821 15580 -58 1442 -585