-19394 2274 -1446 -26974 3535 -2233
-21073 3212 -1305 -24221 -919 -1859
-18837 3840 -933 -25026 -6306 -4585
-20070 3228 -1069 -27035 2695 -3118
-21372 4661 -2530 -27040 -1483 -2731
-20310 5909 -1341 -27017 -300 -1747
-19736 7292 -1214 -27690 -2856 -3225
-19528 6956 -401 -29529 -2088 -1244
-20904 8542 310 -30130 -2602 22
-20558 9144 1325 -31667 -4581 777
-20508 8730 2318 -32105 -5496 1974
-19990 8334 3100 -31446 -5850 3216
-21690 8254 3976 -31070 -9186 4297
-23350 9301 4056 -31948 -11819 6553
-23366 10698 4433 -32653 -14390 7287
-23004 13220 4170 -29425 -14808 6555
-24464 12714 3986 -28055 -10962 3410
-25797 10204 5873 -28175 -16424 4973
-30289 12052 6772 -28045 -28329 7721
-20944 9756 5372 -27197 -19301 8001
-27254 10878 8070 -24868 -23635 9009
-25797 9786 7250 -23102 -24263 11724
-24653 8794 8118 -21888 -23410 12618
-25338 8624 8062 -20834 -24403 14007
-23504 7576 8214 -19277 -25501 14634
-22025 6244 7925 -17116 -25449 15579
-21346 5716 7765 -14656 -25110 16651
-21317 6080 7564 -13078 -25154 17039
-20678 5717 7346 -11998 -24920 17334
-19486 4949 7302 -10736 -24435 17979
-18617 4422 7385 -9144 -23770 18683
-17810 4340 7546 -7667 -22881 19165
-17632 4778 7130 -6707 -22067 19314
-16545 4592 6778 -5749 -21509 18873
-16857 5474 6640 -5425 -21175 18118
-16029 5449 6168 -6604 -20911 17502
-14812 5318 5448 -8442 -19580 16895
-13670 5512 4218 -8807 -16609 16888
-12080 5020 4453 -7580 -14539 17578
-10944 4208 5165 -4132 -14053 18157
-9924 3984 6132 291 -15088 18409
-8756 4880 6064 4380 -16802 18606
-7817 6309 5392 6790 -17760 17658
-6908 8470 4653 6849 -17928 16237
-6434 10770 4166 4731 -18282 15080
-6617 11705 4698 2070 -18310 13990
-6400 11321 5410 -230 -17408 13064
-5872 10229 6620 -1429 -15368 12539
-5417 8876 7242 -1644 -12858 12350
-4670 7758 7154 -1047 -10219 12353
-3952 6992 7068 151 -8235 12338
-3414 6230 6740 1538 -6803 12506
-3965 6594 6614 1798 -6392 12486
-4478 6186 7260 1495 -6934 11829
-4566 5509 7849 1874 -8168 11325
-4552 5709 8180 1446 -9078 10918
-4942 6246 8797 -349 -9565 9861
-4617 6168 9586 -2495 -9510 8504
-3878 5162 10268 -3624 -8348 7303
-3364 4246 10761 -3655 -6364 6185
-3216 3628 11309 -2718 -4481 4944
-3289 3216 11481 -1215 -2870 3792
-3396 3153 11198 520 -905 2922
-3345 4080 11170 1042 562 2821
-3849 5020 11081 -272 1477 2654
-4248 6613 11382 -3619 1150 2521
-4529 6609 12270 -7392 -251 2116
-4472 6265 12952 -9562 -1619 1483
-3233 5532 13578 -9450 -1619 1104
-2153 5109 14482 -9390 -908 1250
-2097 5581 15346 -9971 -270 1534
-2117 4669 16408 -9468 289 2325
-2170 3992 16865 -6992 1346 3222
-2966 4004 16926 -4098 2978 3854
-3272 3233 16440 -1001 4542 3795
-2769 3965 16521 1418 5708 3620
-3013 6529 17017 1762 5104 3654
-3392 7444 17686 592 3657 2611
-3896 7452 18222 -461 2168 1827
-4070 7205 18497 -1276 912 1466
-3948 7060 18696 -1918 -126 1436
-3705 6613 18969 -2420 -962 1025
-3041 6586 19154 -2230 -1571 918
-2080 6177 18926 -1411 -965 909
-1534 6572 18634 -401 147 714
-2002 7254 18484 -254 748 298
-2266 7345 18040 -573 719 -60
-2466 7669 17617 -954 662 -469
-2484 7574 17342 -1455 590 -854
-2594 7673 17105 -1966 393 -1057
-2816 7264 17006 -1873 75 -1136
-3354 6621 16770 -1554 -863 -1022
-3425 6845 16402 -965 -1886 -440
-3694 6588 16286 -463 -3077 22
-3685 5642 16217 968 -3864 -199
-3252 5640 16162 3009 -4172 -349
-3013 6468 15937 4227 -4612 -190
-3073 7516 15788 3790 -4956 32
-3434 7446 15656 3259 -4973 236
-2945 8146 15361 2225 -4529 524
-2217 8704 15570 -1002 -4092 492
-2152 8641 15584 -4065 -3880 133
-1230 7552 15748 -6094 -3128 -537
-460 6102 16208 -6408 -2401 -745
-9 4356 16106 -3809 -1398 -325
-405 4193 15749 -447 -292 588
-821 4502 15564 1798 537 849
-729 5154 15403 2462 1487 1024
-929 6083 15484 1779 2166 1107
-1235 6312 15701 599 2109 977
-1257 6586 16010 -411 1798 583
-1147 6278 16546 -1335 1066 -176
-484 5426 16755 -556 611 -373
-222 5396 16584 245 1021 -638
-527 5628 16351 593 1376 -955
-874 5928 15906 108 1479 -1333
-873 5598 15720 -110 1272 -1746
-636 5189 15540 953 1394 -1731
-864 6070 15294 1451 1814 -1380
-1218 6910 15338 1390 1931 -989
-1689 7105 15429 1188 1790 -792
-1860 7536 15234 756 1560 -526
-1926 7889 15064 195 1396 -481
-1762 7728 15044 -316 1261 -606
-1757 6681 14701 553 1576 -1015
-932 7025 14620 2021 1996 -626
-386 7374 14414 1987 2632 -29
-978 8493 14421 273 2530 450
-1494 8956 14690 -2105 1740 325
-662 8220 14886 -3065 982 -176
844 7517 14701 -3665 1163 -381
1593 7362 14625 -4644 1461 -683
1805 7194 14365 -5119 1302 -886
2978 6756 14288 -4821 1895 -1174
3464 6357 13873 -3417 2892 -1000
3709 6770 13336 -1739 3953 -868
3520 7740 13108 -1308 4554 -777
2702 8593 13272 -2231 4646 -714
2092 9086 13514 -3645 4421 -994
2126 9024 13798 -5044 3966 -1146
2133 8713 14002 -5998 3586 -1119
2261 8230 13926 -6508 3518 -898
2405 7798 13952 -6902 3574 -695
1852 7442 14333 -7243 3879 -362
1408 6881 14537 -7374 4185 -93
1013 6386 14784 -7289 4665 36
442 6118 14926 -7217 5361 288
-310 6013 15286 -7351 6212 371
-1294 5929 15258 -7643 6819 145
-1646 5542 14974 -7852 7059 -209
-1808 5197 14564 -8218 6901 -455
-1790 4736 13860 -8578 6297 -511
-1368 3976 13000 -8332 5214 66
-949 3142 12265 -7490 3316 1967
-452 2268 11668 -6057 1255 3786
-862 1553 11720 -3761 -1112 6201
-2936 1360 13946 -1945 -2860 8762
-7345 2021 16122 -519 -3559 8975
-9032 2756 16780 782 -5276 8389
-8826 3812 16696 1626 -6223 8152
-8178 3985 16128 751 -6696 8085
-8101 3118 15284 718 -5275 7038
-6604 2964 14830 729 -2700 6944
-6264 3650 14285 414 692 6610
-6360 4157 14452 -724 4036 6485
-6702 5025 15024 -2597 7679 5566
-7121 5565 15050 -4904 11161 4165
-8042 5736 14964 -7458 13294 2126
-8945 5712 14601 -9788 13603 -177
-8705 4545 14036 -11483 13669 -2023
-8157 3050 13893 -12008 14407 -2988
-7956 2184 14094 -11871 15218 -2994
-8093 1756 14698 -11347 16208 -2454
-8922 1717 15182 -10928 16884 -1797
-9350 1484 15624 -10521 17206 -1373
-9785 1208 15770 -10087 17133 -1066
-10437 1116 15900 -9881 16591 -732
-10950 1073 16170 -10056 15308 -604
-11376 757 16574 -10162 13757 -594
-11576 265 17070 -9866 12553 -562
-11572 -412 17349 -8902 11506 -577
-11505 -924 17380 -7280 10602 -584
-11554 -1178 16922 -5430 9540 -739
-11648 -1198 16810 -3786 8707 -853
-11358 -661 16714 -2299 8612 -943
-11672 253 16252 -1733 8582 -1112
-12132 637 15853 -1794 8047 -1115
-12148 1132 15630 -2130 7676 -1124
-12393 1093 15524 -2874 7367 -1267
-12566 1065 15247 -3530 6485 -1475
-12302 901 15250 -3860 5837 -1518
-12193 606 15270 -3894 5559 -1675
-11825 94 15362 -3336 5763 -1698
-11620 156 15292 -2364 6096 -1664
-11591 554 15275 -1869 6173 -1527
-11662 888 15282 -2032 6069 -1337
-11667 1051 15207 -2610 5669 -1170
-11580 912 15261 -3548 5031 -844
-11650 828 15182 -3991 4472 -587
-11941 1007 15169 -4688 3137 -422