6650 412 17280 -7592 -9239 8155
6752 -1629 18576 -5252 -8694 8442
7236 -1782 18856 -3553 -8276 8246
6722 -253 18208 -1450 -8214 7974
6128 837 17749 759 -8328 7860
6240 1053 17426 2962 -8665 7765
7156 1090 17613 3863 -8629 7452
6744 2074 17457 2733 -8043 7134
6844 1817 16872 1730 -7023 7138
7225 1272 15934 677 -5378 6988
6714 1344 15321 -261 -4528 7000
6909 1289 15370 -1019 -4922 7231
7109 1064 15685 -1943 -5540 7323
7369 76 15430 -1976 -5651 6912
7146 -133 14929 -1596 -5056 6163
6916 -194 13884 -1058 -4187 5406
6664 -357 13801 -901 -3366 4809
6709 -228 14262 -677 -2549 4531
6426 356 14313 -1391 -1740 3955
6208 717 14376 -2336 -1240 3343
6244 654 14297 -3191 -662 2547
5840 598 14050 -4140 57 1692
5500 282 14066 -4679 507 1149
5430 -458 14440 -4644 577 1096
5448 -861 14674 -4096 881 1301
5481 -914 14693 -3171 1385 1603
5282 -893 14445 -2149 1730 1771
5020 -644 14133 -1572 1820 1581
4668 -414 13702 -1682 1795 563
4564 -280 13524 -2105 1448 -425
4506 -629 14208 -2777 891 -971
4512 -1262 14773 -3222 346 -1397
4609 -1106 15105 -3668 478 -1511
4609 -828 15332 -4337 1521 -1335
4425 -410 15701 -4720 2619 -1221
4054 -172 15806 -4838 3152 -1112
3976 -161 15961 -4590 3233 -1264
3913 -77 16114 -4571 2838 -1315
4016 -40 15868 -4587 2384 -1454
4281 -186 15554 -4683 2328 -1530
4438 -705 15224 -4495 2510 -1286
4417 -940 14760 -4402 2674 -896
4514 -1114 14366 -4389 2771 -622
4517 -1200 14320 -4404 2563 -449
4616 -1373 13956 -4286 2203 -523
4642 -1230 13457 -4592 2241 -1254
4620 -1034 13384 -5322 2483 -2458
4486 -941 13110 -6039 2808 -4434
4557 -2308 12657 -4840 3249 -6268
4337 -2584 13178 -3976 3697 -9147
3368 -628 15793 -4326 3039 -14621
3829 -2253 16701 -175 3901 -19834
4412 -2966 17926 3417 5592 -25765
2822 -634 18317 6202 4135 -28782
4912 -4788 14097 15706 5821 -28872
6838 -8972 11974 23927 12596 -28975
3096 3029 14408 20083 18842 -29250
-1105 6318 14844 19122 13929 -31581
5338 5598 15320 9144 18836 -26682
-849 9150 11925 -206 20628 -19078
-8504 7061 12548 -4218 13800 -14606
-5369 9833 15552 -7203 8546 -8656
-6102 8482 18576 -9486 2086 -4355
-3146 7382 15876 -3440 -2697 -1162
1696 5220 17060 708 -2116 352
2593 3465 19117 1770 732 578
2570 4610 18680 1486 3856 1521
1874 5328 18354 624 5998 3260
817 5482 17816 506 6028 5912
118 7265 18929 -978 3889 8790
2100 5633 14345 224 3112 11138
6288 1748 14508 40 8233 13642
8190 1522 11929 -2104 16804 15350
8953 -1852 17501 -8949 21395 19089
-4416 10061 23684 -24069 11178 22211
-4549 -3701 18098 -12140 543 19161
2766 -6740 19217 -9268 -587 20628
-792 517 18840 -9880 -5995 20158
-3030 446 19092 -10953 -13243 18862
148 -1140 16740 -9300 -16330 17334
2644 -3537 16290 -10078 -15892 15349
3468 -5460 16748 -7937 -14791 13226
4217 -6522 16417 -3384 -13086 11025
4054 -6498 16154 2425 -10993 10398
3498 -6058 15270 8408 -9666 9675
2609 -4797 14868 12241 -9058 6085
2522 -2505 15336 12846 -9983 1212
2289 -1848 16994 12308 -13849 -3057
4353 -1276 16484 10715 -14480 -6812
6974 -1698 14521 8130 -10323 -10766
8170 -849 16410 5688 -6742 -13452
7165 -1861 16864 6108 -2933 -15878
7497 -1746 15838 5373 987 -18726
10957 -8526 14257 3009 7588 -21234
2589 -2194 13461 380 14375 -23754
-6320 9282 8342 11248 15540 -28414
-4614 8120 13056 9136 16711 -27391
-3094 13081 16936 3254 16278 -18306
-4608 7214 20064 -5498 5784 -9474
-3900 4177 20788 -4980 -1612 -4173
-1634 5470 19492 -780 -6180 -2596
1222 5550 19245 726 -8388 -1910
1353 5554 18922 696 -8183 -1151
1461 5678 18016 -272 -7580 -1435
2800 5085 17144 -336 -5989 -168
5068 3842 16166 1059 -4442 2999
6314 2920 15116 627 -1518 6170
5512 2825 13057 -891 4178 8091
7013 2754 13508 1234 7317 10934
11013 -441 10670 949 13384 14568
6148 2821 18090 -8185 20859 17242
-1838 12358 10501 -13174 17156 14320
-485 -1084 16988 -7535 12119 13181
4846 -5860 19200 -7954 10305 12909
3299 -2863 18594 -10621 6135 12478
-285 2928 16488 -12849 1452 11071
2510 -937 15832 -11268 -537 10337
3805 -2353 15537 -9202 629 9871
3298 -2624 15974 -6114 1653 8499
2294 -2478 15774 -1761 3322 5417
2256 -3629 16122 3046 4809 2048
2008 -4372 16292 10453 5385 -447
1758 -3908 17305 15948 5037 -3680
1200 309 18692 15045 4176 -8020
2318 2761 18233 14429 2862 -9921
5780 -1045 15022 16677 7206 -11023
6718 -1101 13782 18603 14232 -13638
2817 2489 13184 16363 19942 -17396
-285 5569 11896 12549 20911 -21026
2424 2097 12090 4533 26010 -22577
-5153 5141 13393 -2312 30600 -22148
-11116 10616 12324 -5110 24934 -19008
-11234 10660 14252 -6875 14395 -11891
-11174 6304 15982 -9267 6244 -4632
-10510 4560 17282 -9399 -1297 -661
-7517 3028 17776 -8249 -6188 512
-5108 3033 17830 -4918 -10306 974
-3782 3020 17576 -2279 -13752 912
-3274 1794 17877 -491 -15596 85
-2593 2204 18169 376 -16309 -474
-1769 2473 18114 -915 -15214 -573
-1601 2944 17766 -2248 -14091 703
-357 2457 17109 -2558 -12687 2668
661 2040 17236 -1941 -11625 4822
560 1874 16756 -1203 -11118 6560
26 1120 16790 -1036 -10460 7341
-693 1932 16869 -1085 -10634 6986
-182 2508 17074 -1344 -10507 6239
724 1861 17684 -2148 -9330 5355
517 2234 17970 -3659 -7582 4382
857 1814 18073 -3734 -5958 3521
1184 996 18466 -2793 -4115 2808
1141 709 18618 -1585 -2288 2399
1085 562 18630 161 -1112 2090
992 708 18509 1806 41 1928
973 1074 18590 2514 813 1591
609 1662 18576 2341 1516 1223
500 1957 18757 1254 2206 734
400 1856 18813 -37 2989 529
293 1565 18614 -1116 3757 422
84 917 18622 -1201 4050 304
69 299 18532 -73 4160 292
-109 -9 18375 2145 4274 698
-498 569 18057 3719 4153 1115
-726 893 18300 4624 3719 1392
-1097 1298 18649 4684 3114 1651
-1094 2334 18378 3355 2400 1697
-1009 2400 18108 1557 1628 1642
-740 1628 18045 185 798 1550
-164 1027 17955 -656 139 1608
179 738 17669 -713 -180 1748
440 632 17610 111 -168 1603
417 1056 17422 822 9 984
624 1457 17106 626 283 134
626 1599 16710 -260 591 -356
693 920 16701 -672 567 -347
555 978 16503 -636 426 -163
427 1148 16297 13 190 -20
187 1445 16299 656 90 -103
-140 1954 16183 680 -227 -461
-184 2078 16355 343 -552 -742
-90 2125 16416 -357 -719 -738
-55 2010 16426 -923 -761 -672
116 1736 16409 -767 -648 -669
301 1878 16183 -316 -293 -659
369 1784 16109 43 130 -607
514 1715 16134 391 516 -632
408 2071 16464 53 970 -799
64 2245 16460 -285 1203 -997
90 2122 16453 -557 1331 -1109
20 2170 16349 -686 1453 -1170
30 2192 16417 -910 1473 -1267
136 1958 16702 -946 1411 -1275
140 1812 16876 -1063 1257 -1187
8 1861 16748 -1256 1209 -1064
74 1676 16692 -1246 1106 -1105
168 1194 16832 -861 1001 -1243
220 1121 16952 -352 739 -1395
90 1335 16873 27 586 -1415
-177 1444 16760 413 415 -1226