-1852 2012 18433 -2423 6147 -1537
-2673 1749 18374 -1901 5649 -811
-3242 896 18074 -1244 5031 -2
-3453 558 18140 -724 3979 256
-3716 1586 17581 549 3312 300
-4164 2017 17406 1409 2268 598
-4422 2370 17148 1444 1520 883
-4862 2776 16742 1088 1039 1098
-4920 2716 16613 637 535 1094
-4778 2654 16461 331 -9 1233
-4560 2321 16342 220 -553 1645
-4549 2298 16313 267 -1110 2260
-4861 2616 16273 226 -1691 2843
-4804 2969 16378 114 -2511 3154
-4689 3884 16660 -595 -3567 3423
-5144 5098 17120 -2347 -5535 3892
-5602 5554 17414 -4741 -8593 4864
-4977 5193 17422 -5308 -12301 5949
-4192 3217 18077 -4502 -15436 7660
-2834 1585 18010 -2214 -17851 9380
-1694 421 18330 -627 -19098 10694
-456 1226 17978 1611 -19169 11260
862 1409 17822 3337 -19224 10902
2325 1561 17581 4388 -18514 9905
3236 1864 17278 5412 -17040 8582
4264 1572 17376 6731 -15807 7294
4796 614 17274 6527 -14866 6041
4998 281 17240 7245 -15067 5463
4869 452 17864 6500 -15713 4749
4842 1058 18022 4425 -18567 4020
6664 1268 17066 2072 -18366 3710
7906 1625 16813 -94 -16903 3325
8770 981 16560 -2739 -15101 2694
9449 381 15840 -3644 -13045 2420
10050 -200 15184 -3939 -9959 2139
10198 430 14644 -3996 -6108 1601
10030 1585 13965 -4959 -2302 1466
9844 2462 14237 -6362 376 1838
9460 2165 14110 -6334 886 2584
9308 1054 14649 -6435 764 2433
10284 -5502 11664 -3385 3013 1764
9678 2606 18962 -12446 5686 2002
4477 7301 13860 -16261 564 1578
8904 -718 15574 -14461 -1109 237
11644 -1037 15158 -14626 20 -174
9401 -4918 15397 -10485 -1869 548
10593 -5741 15652 -5249 -863 1322
8730 -1725 14504 -1434 583 2842
7190 -89 13986 458 18 3333
6104 133 13894 940 -1019 1449
6950 770 13301 280 -2496 583
7344 -96 13118 -1116 -2957 -241
8090 -1461 12477 -1577 -2486 -726
8400 -2430 11896 -1080 -1411 -499
8381 -2861 11760 240 366 119
7746 -1985 11145 1650 2685 -560
7224 -1756 11849 1748 4095 -1911
7921 -3250 12126 3740 6160 -3192
8396 -3201 11594 5614 11686 -6161
7893 -857 12012 4779 17680 -10526
6702 -1144 12473 3870 23827 -14857
5782 -1069 13914 3362 28620 -20074
5164 -3465 14528 6209 32417 -24934
3465 -3436 12357 10991 32767 -28971
-2602 -60 11498 14976 32767 -31699
89 324 10322 15586 32767 -32768
217 3429 11122 10833 32767 -32768
209 2364 13292 4377 32767 -28703
-8690 6904 14833 -2649 29443 -22654
-10298 8964 15086 -4792 15205 -16472
-11065 6474 15952 -3608 1753 -12691
-9848 3841 16886 1210 -8277 -10536
-7242 4972 17386 5762 -14179 -7974
-4426 7608 16926 6182 -13475 -5459
-4237 8813 17432 2145 -8828 -3464
-4925 11369 17972 -2850 -6795 -1695
-3164 9661 18253 -3869 -7659 -1095
-637 6793 18545 -2872 -9401 -469
-281 5173 18437 -1913 -11268 3231
-1544 3549 17681 -459 -12903 8135
158 2572 17013 411 -11549 11997
3320 2614 17320 -2040 -7772 14840
3046 2126 19464 -6570 -5280 17351
2704 -96 16433 -5014 -3011 20369
3064 -4082 15004 -3061 -2070 20668
-1158 6201 16321 -8573 -5443 21871
-1004 2030 15924 -4886 -6244 15462
3144 513 17214 -6003 -5451 12639
2121 524 16821 -1692 -6512 10497
4749 -4404 18848 645 -4143 10577
6765 -2846 17560 3705 1304 12786
5638 -725 17601 5650 6971 12102
3236 1834 18196 4792 7564 8669
344 2720 17544 7148 5278 5619
-599 2210 18577 5519 -177 1730
111 617 19115 3257 -4852 -2217
865 102 19297 2547 -7433 -6079
2834 669 19978 3625 -7574 -9589
4410 1820 19198 4406 -5864 -13116
4047 2893 18783 4117 -1741 -18250
4422 755 17902 9629 2840 -21193
2870 537 15409 16993 6649 -21344
1757 1400 15617 18027 8015 -20040
-941 4828 16233 11307 6298 -15923
-1122 5910 17304 2193 3889 -10828
180 7148 15931 -5882 -1100 -3986
-1006 7506 16998 -11080 -6306 1966
-8672 8270 15617 -10032 -11194 498
-3933 11038 14464 -1699 -18732 1136
2228 5802 15780 -1336 -16567 2139
2744 7433 16965 -3541 -12379 3316
3428 5212 15852 -1673 -9468 3816
2928 3172 14640 391 -5497 7782
2504 2733 14345 2068 -4609 12816
6658 4746 14910 684 -4811 15469
5840 5441 16022 -6414 -1929 17377
5589 3141 14416 -7607 -3806 18777
3178 -523 15265 -7131 -4249 18354
2480 -464 14513 -6481 -7068 14601
4442 -92 15974 -4077 -5417 6442
5326 1992 14450 -3506 -4568 1184
8496 -1883 14358 -95 1413 -1509
9349 -2410 14044 3133 11687 -2390
7196 -598 13712 2938 15740 -2617
5397 -2128 14102 3244 16377 -6012
4777 -1709 15812 4753 14718 -10538
3418 1064 16362 4526 11404 -16438
3808 -1197 14273 9650 11435 -22703
2510 1124 15013 13215 13856 -30461
2234 3650 15784 13028 14868 -32768
2768 2834 14205 12236 17778 -31768
-16 154 13688 12789 21198 -25953
-1736 3170 12091 7754 22658 -20451
-1562 6841 13858 2680 19774 -13895
-7564 13982 13354 561 16441 -11205
-7574 12284 14653 1835 6778 -7333
-4443 9889 17829 -2744 2156 -4895
-3252 7181 18126 -5434 1786 -2547
-2870 4896 18058 -4180 2615 -1774
-2303 4483 18191 -648 5209 -629
-1970 5613 18005 719 8439 367
-3229 6733 17802 -1370 9502 829
-3862 7144 17530 -3313 9008 820
-3500 6887 17760 -5313 7474 1149
-3020 6101 17661 -5812 5045 1712
-1937 5224 16756 -4495 3936 1811
-1613 5133 16756 -4307 4271 3247
-2360 6038 16400 -4313 3650 4683
-3654 4991 16973 -4417 2608 5154
-4370 5032 17006 -4070 1314 4900
-3952 4219 16986 -3019 933 4569
-3340 4513 17087 -2654 871 4511
-2894 4438 17113 -2853 862 4458
-2938 4376 16896 -2602 967 4443
-2874 3983 17140 -2563 1056 4205
-3028 4153 17018 -2497 1130 3990
-3096 4294 16840 -2488 1363 4052
-3344 4186 16894 -2278 1362 4288
-3658 4057 17182 -1945 1155 4540
-3741 4104 17341 -1893 748 4526
-4044 4022 17276 -1791 97 4654
-4208 3925 17326 -1749 -574 4745
-4136 3956 17332 -1726 -1184 4767
-3876 3741 17382 -1870 -1374 4950
-3960 3068 17462 -1595 -1239 4839
-3653 2786 17360 -750 -1055 4779
-3392 2774 17247 -330 -597 5045
-3404 2618 17308 -388 -613 4831
-3261 2646 17206 -122 -877 4749
-3298 2592 17161 120 -975 4960
-3416 2628 17093 177 -1255 4950
-3076 2834 16914 -100 -1614 4786
-2814 2732 17037 -157 -1913 4932
-2681 2616 16752 0 -1687 5189
-2866 2594 16677 363 -1497 4435
-2107 2844 16730 -262 -967 3692
-2329 2975 16712 -832 -590 3383
-2505 3190 16694 -1258 -571 2977
-2257 3361 16614 -1421 -693 2826
-1966 3246 16732 -1536 -451 2831
-2074 3180 16832 -1453 -308 2997
-2092 2898 16819 -1105 4 3221
-2270 2566 16818 -472 283 3321
-2396 2842 16798 239 592 3280
-2720 3224 16788 396 474 2983
-2878 3490 16917 -78 35 2866
-2708 3306 16823 -819 -434 2633
-2661 3132 16654 -852 -705 2610
-2692 3211 16498 -579 -981 2643
-2713 3154 16537 -426 -823 2399
-2472 3248 16552 -394 -797 2255
-2469 3302 16582 -469 -692 1981
-2326 3286 16528 -524 -351 1736
-2268 3199 16559 -414 96 1611
-2280 3224 16716 -172 299 1507
-2282 3440 16760 17 311 1561
-2364 3584 16752 83 331 1526
-2506 3828 16710 22 203 1342
-2341 3901 16700 -283 45 1275
-2280 3795 16596 -528 -280 1423