3721 3051 16276 -357 1934 -59
3513 3134 16396 -771 2823 -37
3237 3282 16620 -1261 3411 -129
2985 3049 16876 -1703 3862 -39
2735 2656 17023 -2050 4182 49
2058 2480 16940 -1822 3929 131
1801 2046 16923 -1473 3186 266
1717 1846 16948 -1138 2725 271
1452 1946 16802 -762 2356 177
1326 2110 16598 -400 2027 -97
934 2410 16442 -145 1845 -331
620 2562 16257 97 1847 -324
309 2798 16024 367 1961 -290
-38 3006 15884 680 2037 -199
-536 3481 16026 1059 2272 93
-1226 4554 17033 748 3096 33
-1907 5226 17905 126 4150 -121
-2083 5031 18042 -202 4742 92
-2293 4694 17901 278 4398 763
-2189 4425 17905 1076 3513 1379
-1934 4437 18504 2076 2409 1999
-1836 4058 19229 2999 1528 2752
-1851 4142 19558 4641 1176 3169
-1414 4084 19871 6699 1034 3406
-589 4446 19524 8126 1145 3633
91 5182 18717 8491 984 3794
1433 5285 18362 8959 156 4591
2342 5433 17733 8267 -125 4826
2864 5736 17170 7265 -341 5133
2944 6557 16886 5443 -701 5373
3298 7386 16476 1238 -1623 5490
3932 6984 16877 -2228 -2753 4762
5152 5325 17105 -3753 -3333 3623
5816 4286 17168 -4101 -3768 2759
6146 3780 17635 -4510 -4481 867
5634 4007 18059 -5097 -6439 -2883
5556 4913 18614 -6624 -8751 -6429
5946 6108 18086 -9223 -10497 -8313
7865 5061 16986 -11692 -10319 -8652
9436 4020 15950 -13023 -7832 -8375
9401 5495 15178 -16779 -3660 -7644
10068 2467 14128 -18936 1985 -6787
11617 -1096 17341 -20350 11238 -7752
10834 -1906 19218 -18840 15207 -8293
8664 -3457 20092 -13207 13784 -5630
7494 -2918 19454 -7112 11749 -1982
4119 39 18701 -4008 8497 276
3699 -385 17631 -1740 3994 3649
4406 -1782 17053 -1314 2563 7311
1708 5492 16847 -3991 -2639 9801
-156 1664 16661 -4849 -12552 11946
2468 -668 15510 -2681 -15314 11682
2644 -1666 14430 152 -16914 12648
3440 -2968 13088 3168 -17035 13182
3592 -3252 12272 7921 -18065 12084
4053 -2832 11334 13128 -18996 7924
3780 -1898 11170 16144 -20359 3714
1655 -1126 11605 16570 -24473 -1097
630 -1060 13348 13971 -29350 -4316
2728 -2578 11957 15323 -30395 -5016
11184 -1513 10747 18802 -16929 -7276
8199 9228 10922 8894 3542 -13996
2875 5191 10918 8834 12580 -23350
5733 2223 10928 5357 25909 -32289
942 -389 12398 1201 31544 -32591
-665 1684 11955 -6534 32767 -28599
-6538 7082 12077 -3379 30513 -22337
-3838 9103 13912 754 26246 -14552
-5696 12554 15864 -1730 21617 -9450
-5791 10804 17503 -4551 15768 -6699
-5554 9916 17869 -3985 10621 -2853
-5784 9967 18928 -317 5981 1144
-3716 10384 20518 1210 676 4395
-2158 9190 20456 -1938 -2343 7427
-2017 7890 20481 -3755 -5722 9676
445 6745 20466 -4020 -9424 12875
1966 6456 19412 -2454 -11874 16415
3733 4692 17820 -1905 -10683 19227
5581 2217 14617 -1194 -4627 21451
8050 2398 14762 -932 4489 24040
5225 4520 15412 -11835 11368 22477
-2778 7633 12165 -15209 13134 16659
-2448 -5468 19864 -14232 6979 10989
4105 -5873 19623 -12574 283 8774
3688 -1834 19944 -7818 -6085 4218
1068 -578 18906 -3072 -11474 2842
1388 428 18808 -1617 -10799 3709
2529 3185 18068 -5201 -7410 3451
3625 1046 17312 -8570 -6083 -121
3996 -306 17458 -8530 -4638 -2420
2682 -631 17192 -6816 -4541 -5843
2325 -1426 18401 -1417 -6557 -10277
3028 -1940 19988 4204 -8251 -14980
2457 -980 19457 8715 -9364 -19169
2972 -978 18710 11770 -8554 -22257
3737 2103 16248 17655 -4874 -25393
4613 2302 14806 21669 2323 -28583
3657 5905 14634 18074 4500 -26155
1652 5333 14494 6793 11236 -21324
290 5774 12908 -1717 12917 -16200
-317 7437 13718 -4297 10220 -12542
-2521 7590 15984 -6262 1864 -6455
-4744 6414 15938 -6256 -5135 -2621
-5764 8556 15304 -3913 -8806 -2622
-2986 9344 15123 2404 -12948 -641
-306 9297 16589 4485 -15332 1754
509 9229 17694 558 -16954 2642
1936 7984 17385 -2136 -18652 5492
4988 6606 15862 -3645 -16225 9806
5278 6704 15121 -4245 -13619 13115
6062 4494 12700 -3300 -9151 15810
8073 421 11984 -3380 -1184 14780
9513 1406 13166 -4958 3543 10923
9688 1577 13775 -5875 7875 6905
4746 3819 16176 -9949 6113 3851
2454 3280 13820 -6706 3275 2403
7011 -2151 16142 -4818 3847 1139
8537 -1122 15876 -8254 6933 -1194
5890 504 15197 -7274 7103 -3120
5568 76 15085 -5299 7853 -4464
4988 786 14518 -5078 8680 -4894
4751 935 13800 -5405 9617 -4933
4516 592 13555 -4316 9936 -5416
3858 -72 14443 -1073 9131 -8440
3084 2084 15473 1608 8126 -13028
3390 1264 15729 4979 7831 -18786
4247 2355 16098 7234 11153 -23009
4616 969 15648 11584 13671 -24251
4482 881 15308 11727 19716 -23375
1588 2268 15518 9669 23342 -22673
989 2921 15170 3128 27809 -20322
1210 3296 14402 -4928 29607 -15382
-8250 9639 12585 -8657 27734 -14587
-8281 11008 14275 -9231 17687 -11246
-7378 6414 15830 -8998 12298 -6562
-7300 4594 17211 -7288 8585 -3670
-6724 5754 17177 -3656 6207 -1560
-5908 6275 18461 -2523 4746 334
-6078 4969 19118 -2307 2420 2040
-5973 3470 18973 -1472 1319 2515
-5142 3936 18920 -536 1354 3001
-5060 3968 19054 -161 1560 3068
-5122 4026 19126 -730 1079 2747
-4792 3303 19052 -1501 -1 2338
-4041 2286 18660 -1356 -898 2545
-3709 1872 18496 383 -1412 2754
-3287 2758 18168 1084 -1871 3007
-3404 2718 17794 887 -2035 3076
-2952 3152 17472 291 -2409 2902
-2782 3017 17272 -478 -2437 2917
-3022 2702 16929 -740 -1742 2812
-3261 2638 16876 -804 -1463 1977
-2653 2345 17200 -782 -935 1831
-2478 2502 17149 -768 -557 2216
-2909 2293 17040 -795 153 2378
-3061 2160 17045 -416 43 2237
-2782 2336 16981 -214 106 2120
-2676 2310 16917 -165 -126 2400
-2609 2520 16732 -441 -146 2800
-2918 2333 16586 -829 51 2665
-3148 2197 16673 -798 -170 2114
-3040 2048 16690 -782 -258 1536
-2784 2073 16713 -754 -6 1303
-2916 1905 16652 -665 462 1071
-3100 2184 16646 -797 581 744
-3232 2129 16696 -818 903 512
-3409 2049 16850 -444 865 545
-3370 2090 16777 -100 890 478
-3448 2192 16812 214 748 222
-3320 2308 16632 246 719 -95
-3189 2361 16752 201 585 -464
-3097 2409 16670 100 534 -580
-3037 2432 16574 94 466 -550
-2881 2461 16361 176 407 -404
-2857 2286 16252 557 203 -241
-2824 2314 16124 992 56 -364
-2916 2500 16104 1285 43 -890
-2788 2941 16134 1096 17 -1516
-2520 3349 16029 372 33 -2184
-2664 3065 16310 -508 186 -2575
-2837 3244 16365 -976 258 -2785
-2682 3308 16432 -1351 545 -2611
-2813 3202 16444 -1398 873 -2389
-2873 3248 16594 -1090 1173 -1965
-3054 3297 16808 -548 1524 -1547
-3224 3482 17061 -50 1785 -1127
-3425 3496 17038 102 1818 -705
-3401 3246 17214 84 1689 -439
-3378 3160 17238 102 1467 -290
-3329 3322 17272 39 1128 -204
-3353 3301 17285 -133 804 -237
-3062 3176 17389 -243 569 -110
-2960 2904 17368 -235 450 76
-3090 2917 17258 -143 283 94
-3189 2925 17258 -54 120 -132
-3173 2902 17248 310 -106 -346
-3174 3257 17108 351 -384 -489
-3352 3722 16928 -107 -545 -601
-3396 3818 16704 -549 -776 -615
-3444 3684 16598 -738 -877 -462