-2610 4208 13738 -2781 -5548 2890
-1158 3454 13812 -6170 -3868 3003
-1146 1844 14429 -8015 -1990 3604
-1096 2482 15061 -9692 -477 3811
-1950 2589 16141 -9223 645 4470
-2226 1864 16793 -7601 252 4447
-1641 1100 17114 -4197 -314 3899
-994 3524 17607 -2179 -384 4156
-2072 5666 18274 -2095 -460 5696
-1697 4757 19125 -2007 -338 6316
-1970 5574 19038 -1261 -459 7394
-1857 6382 19256 -1077 -693 7996
-2049 7385 19577 -1018 -1003 8568
-2566 8734 19958 -2152 -1496 8435
-2281 9144 20077 -3195 -2187 7970
-2142 8701 20652 -3891 -2521 7495
-1908 7712 20873 -3278 -3061 7978
-1418 6978 21412 -3286 -3272 8277
-1369 7538 22144 -3985 -3285 8460
-873 6780 22810 -3929 -4151 8384
560 5098 22856 -2988 -5204 8834
1230 2078 21478 16 -5608 10386
192 -200 19426 4962 -4750 10590
-1529 457 19030 7779 -3668 9254
-3536 3030 19565 10104 -5767 8844
-4101 5224 19634 11286 -9557 10327
-5288 6446 19989 10251 -14970 11606
-5174 8210 19748 6676 -20701 11503
-2308 7193 19513 1503 -24918 9780
725 3984 20320 -3365 -26869 8370
4105 441 20078 -5812 -27053 8576
6230 -2092 19402 -4832 -24196 8586
5498 -1146 17865 -1502 -21151 8374
6220 1106 16304 1581 -17478 8051
6575 2530 15154 1499 -13128 6634
6785 3928 14033 380 -9611 6170
7696 4957 14048 -1767 -8245 5571
7880 3784 13554 -3462 -6780 4769
8558 1702 13725 -6370 -5933 5597
10600 546 13770 -11124 -3885 7288
12056 -1768 13580 -14335 -3067 7233
11513 -3128 13138 -14102 -2204 6806
11616 -1988 13142 -11275 -1816 7014
10908 -1486 13084 -10033 -124 5678
8474 122 13194 -9104 854 3179
8801 -792 13664 -7362 1085 2470
9724 -2480 13668 -5234 1730 2238
8873 -2204 13274 -3744 2142 1943
8165 -1644 13990 -2785 1596 2444
7490 -2374 14181 -2828 1561 3301
6784 -1305 13520 -2345 2460 3088
5566 1342 13149 -2372 2336 2097
4345 1312 13434 -2393 370 873
4194 -140 13772 -1925 -1324 -89
4580 -834 13341 -937 -2057 -514
4358 -1845 13321 468 -1974 -453
4534 -1976 12884 1913 -1983 -802
4797 -1860 12320 2902 -1093 -1959
4862 -1197 12477 3073 755 -4856
4125 -165 12694 2627 2067 -10245
3668 -2908 13721 3812 1967 -13824
6537 -8992 13814 11050 5955 -14065
5794 601 14360 9036 11616 -18214
1094 -1662 14891 13319 8733 -18573
614 -3402 12561 18203 1087 -16845
2293 -518 12969 18416 -5703 -14210
2110 5237 13642 11391 -8421 -13188
3360 7680 13932 1380 -9397 -12487
3932 4789 15344 -11646 -4964 -13300
-892 5678 11078 -4957 -8435 -14823
6240 1684 12330 -870 -3729 -11348
1570 5895 12148 1712 2607 -10525
-1354 9202 12545 -598 8086 -8522
-188 10313 14766 -2466 11972 -6758
828 8552 16300 -4031 8996 -6196
4187 6110 15009 -5625 7778 -4998
1746 2780 14469 -4565 9478 -2101
793 5066 13914 -1757 12376 -9
2422 6126 13700 -909 17163 840
2700 6054 13888 -3105 21989 2067
2328 6170 16625 -7831 25027 4805
3587 1040 16693 -7270 24934 5900
2104 -1146 21668 -12419 23441 4519
-1726 1494 18602 -6994 18610 5854
3398 -836 19830 553 19648 4497
1312 4521 19617 -956 19146 2942
-808 2968 20460 -1056 17395 1348
-1694 2004 21050 -2857 14778 214
-3738 2390 21532 -3776 9646 -226
-3634 2226 22393 -2157 5624 577
-4154 3067 21868 -743 -786 1609
-2569 2441 20842 1850 -7672 696
-1208 997 21105 6178 -11220 798
-348 1835 20603 12582 -15458 2411
325 4061 18721 14622 -17669 4059
-895 4830 19217 13254 -21510 4965
768 5369 20040 10182 -28238 6306
696 5808 22059 1628 -29332 7038
-6909 8806 18168 -1543 -31059 2194
178 6712 15822 106 -29781 1074
4360 5738 15685 -4139 -22691 1402
5859 4468 15410 -4283 -16510 2591
7029 3130 15508 -3461 -9242 1652
5402 2177 14701 867 -7093 1905
6584 1504 14842 3057 -5957 2102
6550 3017 13817 3761 -3397 3365
8912 4886 12286 1381 1818 5978
8332 4898 11442 -2496 6702 7604
8288 4879 11171 -7710 13870 9134
6752 4888 13384 -11845 16569 9872
5410 24 14161 -10630 15657 10250
6142 -5846 14906 -6300 15456 10471
3862 1721 19718 -10453 11850 9883
2651 1138 15923 -7205 2616 9357
4086 -1046 14816 -3722 327 6489
4316 1664 14872 -4020 -516 4357
4380 -522 15583 -5173 -942 2713
5154 -1430 15706 -5282 566 2604
5280 -1064 14589 -3551 1866 2951
4542 -1071 13796 -740 3374 1909
4818 -585 13518 929 4500 977
4920 -1408 13402 2042 5565 83
4738 -941 13127 2553 6563 -1218
4234 656 12952 125 8344 -3906
2974 1282 13594 -4851 9909 -6910
2804 1354 14278 -7786 11254 -9132
2514 224 15995 -11109 13562 -12603
1473 -1501 17013 -10468 14860 -16199
1081 -2436 16792 -6154 15315 -16525
8 -3117 16217 1525 15086 -15011
-786 -1000 15482 4718 14376 -13654
-877 1613 15176 4695 12901 -12774
-1086 3242 15365 1127 10440 -11599
-385 1853 16106 -5307 8694 -10429
-3685 3145 16046 -5021 4824 -9534
-3972 3084 15514 -190 1626 -8870
-878 1368 15587 4604 1700 -7152
-616 3216 16001 5947 3772 -5136
-380 4452 16272 4632 5148 -4117
-507 4548 16380 2482 7340 -3247
-512 4216 16358 1320 9286 -2211
-264 3788 16440 1382 9505 -1810
-870 3279 16805 2474 8482 -1541
-1217 3237 17532 3465 6261 -676
-1370 3428 18022 3394 4765 82
-2123 3499 18347 3307 3254 469
-2322 3446 18556 3165 1737 537
-2009 3211 18948 2541 269 493
-1666 3030 19036 2079 -932 572
-1296 2817 18675 2176 -1494 1021
-950 2481 18532 2323 -1542 1523
-944 2498 18304 2728 -1356 1832
-927 2426 18293 2323 -1141 2136
-930 2654 18226 2018 -1173 2128
-980 2304 18093 1425 -1110 2233
-1069 1752 17915 1006 -1123 1692
-685 1384 17802 585 -848 1446
-726 1261 17726 561 -779 1464
-1009 1133 17762 370 -490 1179
-999 1148 17812 171 -564 656
-880 1009 17790 -330 -146 580
-1078 1180 17641 -776 183 570
-1270 1259 17483 -1188 366 593
-1469 1070 17428 -1433 343 332
-1460 794 17242 -1367 341 100
-1242 500 17174 -1076 391 56
-1281 320 16964 -519 512 -211
-1370 495 16922 -4 332 -522
-1315 570 16780 375 230 -520
-1238 848 16638 649 84 -465
-1381 1370 16471 733 53 -575
-1244 1662 16245 580 140 -726
-996 1541 16172 695 308 -978
-889 1590 16172 844 233 -1158
-794 1720 16164 1043 139 -1158
-644 2052 16156 1153 147 -1161
-712 2373 16264 1167 117 -1026
-640 2520 16414 1105 200 -858
-426 2633 16380 1014 269 -784
-278 2905 16416 719 320 -742
-65 2992 16389 302 407 -625
-2 3161 16478 -211 531 -550
72 3006 16803 -564 779 -416
118 2665 17223 -776 1285 -285
-75 2575 17663 -824 1823 -211
-376 2570 17760 -950 2095 -94
-528 2169 17967 -965 2259 -108
-897 2245 17984 -841 2042 -498
-948 2395 18000 -1034 1431 -753
-1058 2441 17985 -1205 856 -881
-1064 2516 17982 -1192 558 -969
-1109 2671 17851 -1230 219 -967
-1123 2594 17741 -1141 -15 -776
-1229 2738 17500 -856 -100 -710
-1178 2770 17444 -677 -157 -606
-1031 2692 17272 -444 -93 -397
-1178 3010 17040 -274 -163 -177
-1205 3154 16870 -503 -452 -251
-949 3023 16789 -714 -664 -250
-676 2657 16685 -735 -681 -187