-12572 7026 10462 -180 1307 159
-12650 6909 10473 46 832 192
-12668 6898 10312 223 568 156
-12746 6997 10277 120 421 83
-12664 6744 10260 75 288 -11
-12614 6692 10184 52 287 -15
-12544 6613 10209 -28 322 1
-12616 6473 10248 -106 316 90
-12670 6356 10306 -108 264 150
-12800 6265 10425 -51 178 251
-12889 6122 10480 20 113 387
-12914 5970 10597 197 61 499
-13081 5692 10577 607 -39 644
-13356 5760 10706 1167 -219 648
-13488 6465 10954 1313 -515 615
-13640 6944 11097 555 -1138 643
-13792 7554 11406 -1061 -2168 698
-14390 7994 12098 -3321 -3524 1094
-14888 8493 12833 -6041 -5644 1804
-15756 8060 13454 -7685 -8563 2122
-16152 7986 14114 -8392 -11278 1882
-16662 8460 14685 -8473 -13236 1509
-17370 8504 15969 -8883 -14942 562
-17117 8738 16174 -9639 -17096 -47
-16930 8585 16382 -9389 -18537 213
-16905 7982 16761 -8079 -19328 1040
-16838 7721 17145 -6315 -20079 1365
-16318 7376 17998 -5185 -20216 1185
-15606 7840 18057 -4737 -20661 -378
-15238 7834 18704 -6133 -21292 -404
-14294 7174 18412 -6877 -21887 -829
-13634 7246 17974 -5881 -21647 -504
-12993 6612 17761 -4252 -22160 -257
-12469 7336 17330 -2951 -22992 324
-11850 7888 17078 -1826 -23773 1063
-11178 8502 16684 -817 -24316 1952
-10498 9200 16200 -452 -25140 2708
-9580 9928 15401 -427 -25820 3512
-8444 9764 14740 -10 -25374 4874
-7060 9165 13277 -46 -24036 6373
-4690 7684 10854 -1910 -20385 6786
-3048 7451 10474 -6329 -15984 6337
-701 6242 7801 -9023 -8829 6612
644 4748 8102 -11127 -3263 7404
-118 5008 11004 -15765 -3751 8251
-2218 4998 12746 -19530 -8435 9267
-3760 3550 13377 -18725 -12622 11393
-1410 1245 11473 -14054 -14729 13515
364 -1477 10154 -5805 -15628 14521
516 165 10254 1375 -15858 14085
-405 2304 11254 4254 -16141 12782
-530 3773 11784 4477 -16815 10818
186 3329 12581 3543 -19784 9012
190 2765 13453 2415 -24447 7702
861 2762 13781 21 -29311 7058
1934 1829 13721 -1895 -31198 6663
5341 1260 13052 -3148 -27700 7501
7368 1477 12336 -1882 -21642 8456
7544 2328 11896 353 -14538 8612
5884 1845 12586 1642 -9958 6391
4184 5580 12157 -1211 -5806 5318
3437 4890 10666 -227 -4280 4596
4172 2236 10117 3894 -3197 5596
4933 2444 10882 1536 -169 6059
5778 4108 13764 -8667 2968 4863
7021 3196 15858 -15179 3703 2658
6909 -300 16944 -13782 3312 1655
6300 -2758 17896 -9012 2720 2318
4548 -504 17961 -5641 2124 3558
2593 -169 16822 -3045 1803 3340
2888 -1974 16705 200 672 2612
2957 -1616 17456 2461 -766 1768
3341 -1536 16821 4519 -2977 1006
4013 -1396 15860 5525 -4870 664
4816 182 15360 4187 -5293 1466
5554 2249 14280 1830 -4023 2307
6489 2468 13385 949 -1480 2227
6226 1870 13102 1202 223 977
4850 3144 12862 586 2549 34
4093 4618 12154 2271 4151 150
4502 3330 12334 4106 4323 -55
5109 4064 14238 -182 5630 71
5449 4713 16076 -9045 6297 -499
6317 3377 16574 -14013 7348 -1430
7257 -112 16912 -12002 7890 -1597
6510 -2205 17986 -6884 8808 -1077
4110 -158 17825 -2802 10706 -132
2349 369 17042 -391 10882 849
1625 148 16698 1065 8522 1834
1521 624 16816 1378 6129 2322
1460 1540 16665 751 3626 1606
1717 1920 16982 604 1560 654
1622 1904 17641 586 -900 71
1761 1846 17517 1175 -2659 -286
2454 1472 17092 2246 -3780 24
3270 1474 16816 2675 -3065 450
3929 1309 15950 3012 -1470 334
4421 1166 16256 3245 -190 381
4022 2820 16408 2408 662 1047
3310 3506 16646 1403 204 294
3202 3404 17068 -99 -285 -515
3022 3146 17116 -1157 -594 -748
2513 2597 16982 -1173 -1234 -546
2138 2384 16724 -468 -1610 -146
1898 2564 16540 459 -1193 328
2252 2625 16604 1297 -7 626
2805 2449 16273 2443 1954 1040
3424 1948 16002 4555 4157 1521
4325 1357 15053 5736 5582 1352
4382 1132 14776 2440 6778 142
3589 2669 15521 -2938 8823 -686
3636 3586 16768 -5129 7781 -1174
4417 -164 16685 -3840 6838 -2259
2036 -154 17676 -2488 4835 -1863
1154 1674 17256 -1327 3642 -831
1342 1106 16848 177 2450 -740
2157 -70 16232 1937 1912 -989
2520 -236 16022 3055 2156 -1533
2310 630 15433 3835 2217 -2129
2898 568 14776 5008 2276 -2298
3254 677 14262 5729 2403 -2515
3650 760 13765 5451 2486 -2790
4214 738 13212 5062 2511 -2964
4663 714 12666 4888 2865 -3162
4830 1141 12150 4328 3791 -3397
4526 1459 11663 3593 5308 -3723
4092 1298 11206 4066 6702 -4170
3950 1098 10993 4990 7255 -4612
3757 1764 10536 5387 7895 -4533
3887 1137 9688 6596 8541 -4726
3024 2078 9894 7649 9797 -5408
2160 3413 10632 7376 11744 -6673
1064 5262 11860 5776 15096 -8475
312 6266 12781 2524 18082 -9990
-333 6376 12596 -1117 19155 -10250
-1317 4762 12072 -2672 19137 -9833
-1654 3301 11084 -1486 18510 -8815
-1878 2013 10312 1196 18026 -7287
-3052 2416 10765 3928 18269 -6034
-5122 4726 12529 4674 18852 -5611
-7004 6622 14279 2604 18902 -5576
-8426 7465 15596 586 19092 -5705
-9201 7398 15796 -247 18731 -5502
-9128 6352 15682 -197 17847 -5010
-8850 5254 15226 260 16616 -3930
-8881 4376 14913 1037 15154 -2850
-9393 4270 15806 2023 14883 -1901
-11242 6632 17813 1957 16003 -1800
-13121 9088 19381 647 17130 -2510
-13088 8049 20393 -533 17553 -3282
-13633 7229 20904 -378 18433 -3292
-13422 7117 20325 749 18155 -3140
-12820 6138 19456 2021 17194 -2927
-12468 5829 18829 2881 15653 -2142
-11976 5384 18321 3605 14018 -1504
-11936 5493 17738 4463 12510 -792
-12448 6224 18146 5209 11676 -348
-14458 4021 20148 7937 11001 153
-15266 8242 19361 7626 9802 385
-16258 10033 20254 6679 9149 88
-17656 10670 20348 2006 6504 -892
-16396 9682 20574 -4988 3463 -1514
-14818 6161 16988 -4994 899 -1168
-12821 2482 14610 -1050 -731 -845
-11402 3118 13294 1078 -1685 -193
-10049 3606 11917 2136 -2102 242
-9192 3698 11260 2270 -1923 521
-8852 4004 10889 1796 -1285 401
-8774 4510 10909 1175 -271 -113
-9301 4933 11417 866 1173 -689
-9948 5208 12192 974 2398 -1079
-10461 5529 12942 1142 3467 -1334
-10858 6156 13468 1056 4113 -1505
-10997 6284 13789 875 4144 -1586
-10992 6465 13726 430 3551 -1255
-10838 6217 13694 42 2658 -717
-10506 5998 13484 -135 1773 -117
-10344 5804 13230 -187 974 343
-10262 5736 13070 -200 393 536
-10236 5616 12900 -221 95 589
-10321 5762 12789 -360 132 433
-10396 5704 12782 -642 253 251
-10465 5510 12693 -931 371 177
-10586 5386 12660 -1031 503 190
-10658 5257 12684 -1119 581 290
-10618 5089 12717 -1094 568 409
-10606 4878 12676 -984 466 476
-10658 4732 12572 -827 312 599
-10658 4752 12660 -526 193 625
-10597 4978 12606 -256 53 430
-10588 5372 12716 -306 2 156
-10563 5427 12717 -457 -13 -135
-10429 5468 12682 -402 50 -244
-10546 5688 12801 -467 188 -263
-10676 5833 12860 -690 212 -244
-10736 5618 12852 -840 184 -196
-10750 5509 12761 -852 159 -138
-10663 5215 12659 -898 -27 -82
-10533 4970 12449 -904 -415 -149
-10408 4880 12120 -917 -805 -220