6428 4297 17106 9 -4780 1299
6665 4058 17174 94 -4211 1591
6914 4048 17738 -16 -3512 1915
6824 4006 17936 -15 -3022 2383
6692 3862 18029 311 -2611 2597
6757 4136 18174 112 -1953 2349
6409 4468 18258 -516 -1298 2172
6081 4529 18321 -1220 -907 2253
5932 4316 18445 -2050 -949 2777
5529 4161 18670 -2846 -1349 3723
5312 3840 18866 -3367 -2197 4529
5402 3337 18878 -2938 -3393 4685
5512 2826 18182 -3071 -4174 5054
5510 2457 17245 -3396 -4485 5305
5561 2269 16370 -3697 -4392 4951
5724 3132 16456 -4289 -4644 4857
5526 2797 17166 -4463 -6538 5972
6469 1413 17353 -3626 -8566 6946
7368 916 16732 -3315 -9267 7954
7621 1564 15981 -3456 -8735 7922
7500 984 15722 -3231 -8522 7638
7801 765 14617 -3453 -8333 6502
7994 480 13737 -3620 -8051 5672
7760 -93 13676 -4018 -8081 4881
8565 -857 13618 -4706 -7051 4051
9214 -2145 13274 -4524 -5127 3728
9084 -1874 12398 -3934 -2993 3013
8410 -1365 11792 -3404 -2209 2252
7697 -1541 11177 -2400 -2287 982
7078 -1121 10722 -1820 -2813 -564
7249 -1193 10518 -1558 -3205 -1593
7688 -1758 10690 -1425 -2566 -2759
7845 -1301 10325 -1852 -707 -4703
7646 -577 10490 -3079 1440 -7719
6997 74 10892 -4423 3287 -12099
6313 268 11904 -5202 4587 -17259
5452 -417 13564 -5618 5013 -21232
6218 -441 15481 -5565 5826 -24762
7329 -2232 13488 3474 8524 -29876
8842 -1430 12658 14389 15271 -32623
4541 3612 13009 16948 17155 -32768
5816 5353 13122 5972 26147 -32768
1705 2545 14293 -3141 32033 -30225
-1685 1478 13338 -11651 31292 -21187
-8145 2577 13521 -9462 23571 -16035
-10538 8530 15114 -1786 9182 -11318
-8874 10389 17033 522 -792 -5488
-7405 12120 17449 -1774 -6174 -2002
-3921 11405 17802 -6703 -8098 -2388
156 10612 16769 -7055 -6168 -631
1717 5570 15061 -2424 -4372 2665
4474 2981 14002 -79 5381 6211
4845 4050 16052 -3897 15270 9009
1524 2757 19724 -7825 14407 9662
-888 753 21329 -8023 6353 10241
2225 308 17840 -5255 912 11610
4034 1378 17310 -5733 -313 13133
2062 1501 16597 -7423 -1662 13139
2137 2546 15797 -9449 -1929 12200
2845 1032 15278 -9437 355 9295
4705 -730 17788 -7313 3394 5919
6662 -689 17282 -4500 6466 4593
6532 -2794 17273 140 9544 4892
3924 -2426 17298 4490 10798 5744
1217 -728 17534 6523 8352 6660
284 14 17621 6211 6352 5120
-402 2012 17788 3833 4339 2503
-1378 1972 18913 2072 1727 -581
149 408 19337 3162 -1792 -3369
2062 457 19202 4043 -3133 -6042
1789 1148 18988 5531 -3274 -8805
2498 920 18265 8339 -2132 -10995
2673 1782 17566 11384 -1152 -12263
3334 797 17452 12282 896 -12546
2653 2433 16452 12172 3577 -10971
965 3677 16824 9615 5414 -9546
-106 5250 17145 4431 4651 -8654
-444 5729 16245 -567 3666 -7084
-813 5065 16006 -2907 1805 -4961
-848 4538 16033 -2792 78 -2349
-1114 4712 15896 -976 -1289 44
-1174 5652 16402 1127 -2475 2696
610 6450 16624 1318 -627 5376
2953 7368 16386 -1639 3278 7840
4976 8232 15549 -5863 6817 10887
456 6573 16142 -8991 8083 14276
-4761 6368 16769 -9965 4625 17208
-2892 1836 17278 -7870 682 19365
2510 -45 17662 -8111 -636 21666
4194 758 17301 -4866 -2187 26291
1170 -782 17849 -631 -3823 27477
-10 -2632 18330 3009 -4637 27613
2352 1262 15717 2942 -4121 27843
3296 1828 14509 2194 -2852 25502
1462 -826 14126 4290 -3564 21374
2106 -1092 15161 6306 -5831 17110
2858 1161 17580 -186 -10699 12261
3949 1280 15110 -8081 -15679 7690
4504 -2536 14641 -10890 -14146 4631
4880 -4100 15066 -9949 -12500 4567
5020 -3760 14677 -8525 -11280 4816
5034 -3462 14044 -7225 -9393 3529
4774 -1908 13460 -6756 -7672 143
4912 -1044 13777 -4724 -5453 -3526
5882 -974 14612 -2123 -1325 -7504
6104 -73 13520 1630 435 -10130
4269 1225 17386 -2203 733 -13194
6506 1682 18072 -4558 7871 -15786
5749 1777 16821 -2962 15156 -18560
5306 1522 14862 -1043 23281 -21903
4029 2046 13732 -442 31457 -23700
1248 4182 13308 -3082 32767 -23938
-1604 3816 13873 -5594 32767 -22843
-3568 2658 13846 -5344 32767 -18693
-4157 -801 16272 -818 28424 -12410
-2829 -2714 17912 3769 19801 -6915
-2714 -204 17860 6478 11761 -2789
-4497 2550 17666 5277 5100 -251
-8781 4805 18037 3070 -1458 -87
-11220 7078 17457 2309 -6681 -382
-8386 8388 16780 5436 -12595 1122
-4385 5182 17430 1821 -13579 1554
-2281 2589 18485 -1530 -12590 1470
-469 2008 19284 -3441 -11093 1165
1038 1300 19745 -4030 -9166 906
1586 965 19629 -3200 -7336 664
1220 1257 18886 -2254 -5710 777
838 1306 18594 -787 -4800 1452
790 1288 18298 155 -4289 2077
296 1772 17765 904 -4112 2720
117 2216 17432 1558 -4416 3418
-24 2369 17265 1212 -4717 3692
25 2701 17306 818 -5060 3339
364 2814 17240 -546 -4944 3006
554 2677 17184 -1249 -4581 2742
924 2333 17169 -1904 -3864 2706
1136 2048 17206 -2261 -2816 2726
1273 1818 17077 -1980 -1828 2916
1340 1432 17114 -1506 -629 3177
1053 977 17250 -867 435 2668
884 1204 17222 -601 646 1914
852 1513 17108 -579 717 1320
736 1397 16997 201 101 629
856 703 17199 -237 -257 342
329 345 16706 98 -490 1131
-289 -1153 16420 2500 -764 2163
1874 -1578 17177 -278 -1148 1222
689 622 16422 2388 163 1049
749 589 16591 2481 -118 683
827 1042 16554 762 611 -166
833 878 16351 -113 432 -695
973 728 16309 -988 580 -1217
789 873 16338 -1438 481 -1441
948 770 16524 -1967 528 -1463
1077 1032 16630 -2398 695 -1447
998 1317 16509 -2217 856 -1226
916 1377 16656 -1595 1050 -1019
682 1468 16645 -912 1235 -825
118 1595 16620 -150 894 -523
496 1194 16631 261 72 -581
1150 1744 16924 539 -716 -1245
1338 2337 17274 500 -1096 -1349
872 2097 17094 279 -1221 -719
1122 1736 17077 -896 -1294 -110
1238 1722 16914 -1191 -1055 262
1326 1992 16825 -566 -1003 512
1584 2193 16762 128 -445 553
1584 2397 16817 383 370 328
1697 2548 16965 316 1087 -48
1581 2501 17037 136 1473 -322
1556 2348 17136 -88 1501 -493
1386 2197 17273 -517 1354 -427
1234 2212 17372 -1003 1116 -251
1173 2229 17473 -1311 915 0
1136 2048 17488 -1258 840 170
1084 1858 17476 -879 906 266
982 1694 17525 -249 1032 285
888 1708 17502 325 1046 209
767 1807 17417 728 874 244
720 1911 17265 687 444 342
729 1824 17151 224 -5 493
737 1662 17159 -201 -449 627
803 1451 17012 -327 -827 651
937 1314 16927 -147 -962 590
901 1336 16805 146 -1035 600
977 1286 16785 379 -1013 700
1090 1309 16832 359 -882 743
1182 1198 16909 300 -753 898
1206 1185 16726 234 -712 1042
1252 882 16636 224 -778 1108
1453 912 16560 299 -788 1111
1592 1217 16609 273 -714 1020
1442 1398 16654 22 -492 853
1321 1461 16673 -593 -392 607
1512 1324 16633 -1199 -341 344
1597 958 16593 -1263 -355 270
1669 674 16522 -1128 -353 354
1693 694 16465 -969 -153 464
1729 942 16402 -796 69 541
1580 1181 16338 -525 488 465