-3008 1770 16577 87 1720 -329
-3330 1787 16876 -89 2163 -356
-3729 1785 17176 -391 2322 -431
-4157 1591 17385 -625 2138 -419
-4550 1588 17396 -757 1673 -333
-4949 1358 17349 -733 1093 -91
-5177 1006 17126 -600 383 207
-5228 489 16799 -66 -462 371
-5334 396 16536 772 -1119 433
-5496 608 16153 1614 -1773 450
-5780 976 15608 2224 -2290 488
-6054 1002 15310 2672 -2753 437
-6089 934 15053 3206 -3122 387
-5907 866 14888 3797 -3542 343
-5686 1154 14954 4425 -3874 298
-5666 1844 14748 5060 -4394 344
-5662 3040 14446 7072 -6029 318
-5007 2225 14842 6518 -6588 1032
-4034 2446 15124 6332 -7585 1732
-3019 2806 15652 5523 -8405 2105
-2522 3793 15982 4467 -9424 2204
-2001 4197 16191 3323 -10604 2213
-1349 4222 16056 2937 -11484 2807
-452 3932 16189 3081 -11563 3810
804 3838 16734 2668 -11073 6014
1822 4614 17128 1444 -10325 7722
1359 6472 17524 117 -11372 10821
1620 8360 18044 -2119 -12337 12223
2559 7893 19096 -5172 -14558 12036
3012 6050 19796 -7621 -16833 10623
3617 4085 20273 -7321 -18871 9954
4589 2300 20817 -5234 -20689 9683
5488 1830 20662 -2996 -20983 10088
6613 2524 20730 -1644 -20064 11169
6989 3608 20510 -1648 -18613 12020
7322 3534 19890 -2973 -17010 12035
7934 2424 18917 -4357 -13391 11153
7881 1136 18713 -4878 -10971 10279
8022 -286 18135 -4389 -9800 9606
7986 -1368 17672 -3667 -8622 9354
8255 -1415 17503 -2521 -7093 8939
8898 -1770 16466 -1488 -4893 7524
9221 -2902 14966 1322 -1626 5629
9292 -3272 14706 5452 1308 3781
9978 -3067 14708 10891 6162 522
9802 -1981 14299 15641 13584 -5060
6878 309 14212 14678 15952 -11922
3883 315 15287 12510 14314 -18435
1645 305 16590 6814 9785 -23740
1380 -1346 17260 5572 3857 -25662
4018 4194 14758 9546 9275 -30704
813 605 15920 13182 8027 -32768
3972 2374 15228 10950 6042 -30676
3023 -1047 13692 4650 7815 -21979
-576 3921 10973 -1303 9642 -12565
1552 3505 10431 -2479 7519 -8779
2193 4022 10181 -4132 5118 -8125
543 6252 9482 -7593 3175 -8378
-1436 8254 10477 -12869 3449 -8856
-3568 8896 8722 -10756 3395 -8142
79 7054 9218 -4974 6691 -5064
-630 8208 11300 -3178 9209 -3179
-2536 9655 12533 -2223 7262 -521
-2576 10152 13026 -2959 5522 1941
-1805 9772 14061 -5018 4668 5095
-1217 9581 14882 -3711 1325 10507
-555 8201 14578 -1801 1139 15456
2650 4926 13771 -4016 8029 20936
1896 6538 20340 -16067 10403 22961
-5066 4570 16481 -16055 6901 20786
-2306 -1888 18930 -9057 3471 16083
-2148 -472 18619 -3662 -2810 13939
1930 -2229 19601 2384 -6809 14121
4258 -2300 19225 5354 -4163 17018
3591 204 19930 6065 -2385 17046
1101 2057 19692 5343 -5414 14476
472 901 20485 4092 -8983 12319
875 382 20332 2743 -13630 9939
2172 -170 19760 747 -15407 5475
2659 800 19258 -528 -15582 300
3379 1848 18932 -2296 -13594 -7061
4664 992 18416 -2148 -12071 -11356
4779 1500 18246 1064 -10088 -17072
5716 546 17282 8702 -6701 -22344
5520 1165 17121 11975 -2143 -22030
3477 1942 15151 13110 3749 -18738
2634 5190 14794 9847 11290 -15536
1752 8978 14956 3942 14322 -11751
2533 10132 14034 -403 15666 -6088
2808 9208 13868 -4057 15756 -404
2310 9771 13462 -6630 14777 8213
-957 9941 13705 -7189 12652 16911
-4136 10656 14808 -5741 10443 19823
-4712 11352 15076 -280 5786 21738
-4522 10728 17367 3126 -2640 22167
-3115 8891 19966 3796 -10168 18949
-2012 7217 19726 3871 -15922 14550
-578 4058 20030 2283 -19144 12392
1561 1892 20485 -408 -20450 10887
3590 1438 18722 -3788 -18905 9276
6490 434 15912 -3944 -14350 7301
7681 1493 15273 -2122 -7575 5173
5909 3356 16558 -3919 -6055 3703
7264 1374 16422 -4648 -6495 2297
6991 626 15314 -4399 -4530 121
6401 -104 15112 -4537 -6533 -528
7340 732 12646 -5796 -7558 -1445
8858 1464 11171 -7421 -3941 -2769
8509 1565 13039 -8962 540 -4987
8086 2046 14140 -9214 2031 -8210
8232 1828 13197 -7439 5297 -12224
7962 3285 13645 -7480 8752 -19517
6782 1881 15214 -4677 12019 -24673
4910 1654 15140 -1785 14304 -28125
4788 1459 14765 -57 16412 -31306
4401 584 15412 4671 20384 -32768
-453 3072 16961 6869 23735 -32768
-1054 4329 17281 14119 23832 -32768
522 8401 17636 9408 24552 -32149
1353 8101 16004 -1421 29563 -26600
-1110 7212 14020 -8534 31135 -18862
-2217 7038 14169 -13508 31102 -11116
-2410 3738 15651 -13586 23867 -4388
-7013 6905 15069 -8302 17263 -2807
-10254 11836 15004 -22 8707 -1486
-7295 10698 15498 4289 940 1106
-7717 7881 17870 638 -2685 1226
-6572 7942 18876 -3101 -5274 2916
-3946 5897 19268 -3557 -6779 4646
-1884 4214 18756 -4387 -5863 5025
-237 2928 18147 -3416 -4096 6721
600 1665 18312 -1524 -2609 7947
-97 1556 18109 288 -2078 7288
-713 2773 17521 1252 -2618 6420
-1006 3945 16982 1217 -3520 5480
-944 4617 16734 10 -4038 5223
-984 4946 16620 -1472 -4392 5538
-918 4434 16508 -3017 -3697 5876
-857 4236 16514 -3289 -2799 5850
-793 3372 16604 -3080 -1206 5297
-567 3325 16459 -2228 -66 4618
-412 3056 16902 -1958 983 3942
-454 2937 17109 -1883 1680 3773
-602 3064 17009 -1883 2456 3899
-752 3068 16833 -2223 3189 4124
-964 2768 16886 -2219 3691 3962
-1352 2238 17201 -1398 3699 3179
-1644 2302 17602 -1418 3237 2264
-1772 2721 17541 -1559 2476 1374
-1866 2582 17661 -1542 1401 799
-1852 2026 17766 -1713 666 727
-1737 1829 17848 -1674 240 987
-1700 2093 17586 -1464 -103 1314
-1554 2138 17154 -1080 -130 1469
-1677 1768 17346 -205 -354 1248
-1754 1864 17410 539 -437 757
-1720 2506 17461 633 -665 341
-1450 2724 17361 171 -735 168
-1317 2536 17356 -342 -725 144
-1268 2465 17221 -645 -536 135
-1301 2497 17082 -558 -454 -30
-1110 2594 16998 -302 -411 -117
-1009 2572 17089 -117 -226 -13
-1096 2697 16883 7 55 106
-1059 2638 16943 86 165 71
-1004 2838 16804 -44 477 305
-938 3229 16597 -384 868 731
-1042 3454 16649 -670 1134 795
-1177 3358 16732 -807 1055 728
-1053 3481 16728 -799 822 627
-1144 3325 16705 -753 567 459
-932 3266 16674 -721 79 114
-804 3325 16597 -826 -265 -142
-654 3253 16610 -838 -425 -201
-598 3196 16569 -775 -418 -174
-588 3022 16626 -614 -265 -183
-532 2971 16726 -379 17 -308
-618 3347 16937 -342 392 -438
-972 3389 17022 -525 641 -418
-1120 3274 17268 -770 614 -508
-1242 3190 17206 -739 544 -552
-1266 3028 17320 -561 436 -520
-1258 3161 17309 -405 365 -362
-1330 3084 17196 -124 285 -198
-1311 3123 17234 132 125 -99
-1364 3301 17260 46 -103 -38
-1289 3332 17138 -147 -311 -1
-1243 3147 17098 -230 -510 -4
-1172 3161 17052 -275 -667 -102
-1141 3253 16940 -279 -708 -204
-994 3474 16860 -286 -698 -328
-876 3654 16861 -488 -624 -440
-769 3641 16873 -693 -510 -400
-760 3480 16901 -789 -375 -260
-761 3469 16848 -739 -421 -193
-721 3422 16793 -607 -532 -133
-741 3421 16768 -503 -672 -135
-725 3588 16680 -589 -783 -137
-624 3621 16612 -895 -770 -25
-544 3246 16582 -1060 -666 175