-4794 2042 16932 -363 3834 602
-5204 1794 17126 -756 4292 71
-5328 1542 16844 -835 4015 -240
-5202 1121 16890 -1061 3399 -442
-5957 1165 16710 -1145 2693 -359
-6547 1343 16171 -777 1120 -329
-7108 1608 15599 45 -1077 -107
-7245 1737 15157 565 -2782 343
-7173 2054 14530 1516 -4976 571
-7069 1866 14304 2209 -6487 1056
-6933 2520 13948 2990 -7570 1543
-7025 2568 13586 3417 -8074 2163
-7053 2554 13478 3722 -8479 2724
-6637 4174 13054 3831 -9238 3472
-5813 3849 14057 3200 -9841 4404
-5396 4240 14294 2153 -10936 4456
-4930 3946 12996 1233 -10761 2965
-3214 4271 12759 558 -7805 745
-4966 8843 15134 -8093 -4029 -1381
-3179 3968 16805 -7763 -3420 -3846
-665 3641 17949 -7167 -2861 -4194
-116 3872 18416 -6105 -2576 -4469
941 3165 19773 -5619 878 -4703
-294 3402 21101 -4105 3315 -3780
-908 2956 21012 -3022 3187 -3171
-1100 2769 20574 -363 2090 -2312
-576 2738 20043 2461 -304 -153
-986 3624 20419 3719 -4673 1245
-512 4110 20755 4421 -9647 2960
-76 4678 21280 3906 -12445 5309
-32 4976 21660 2659 -15366 9026
-606 5239 21913 13 -20480 13583
-1085 5306 22114 -3559 -25890 16043
-1814 4052 23122 -5533 -31363 16465
-1046 2710 24058 -4683 -32768 16187
608 -581 23254 -1173 -32768 16583
5216 -2752 19532 4649 -32768 13614
9381 -350 18124 7969 -32768 12359
7270 2301 16676 3823 -32768 8945
5201 773 14509 2851 -32768 628
10251 1280 13001 2671 -32768 -4940
14846 586 11223 -2007 -25977 -9762
11710 -2409 8741 -1057 -13508 -14613
12800 -3861 7254 3535 -4155 -18871
15586 -878 8306 3495 6290 -21715
8173 -3806 9606 9824 5908 -23693
12992 1121 3778 4904 13388 -23114
6492 7598 7859 -8505 26462 -24167
4876 11584 3632 -14595 30277 -20000
4203 4420 5586 -7463 25287 -19780
6555 -21 11114 -16193 22492 -20466
5710 273 10472 -11278 20536 -19725
5964 4737 8989 -8564 27145 -16872
2289 6047 9439 -6876 30474 -14671
245 8260 12297 -7303 30543 -15876
3028 6640 11158 -9131 32767 -16869
-1410 6944 11497 -12604 32767 -17844
-3465 5457 12498 -11731 32767 -16493
-5400 6546 13948 -10854 32013 -14037
-5662 6357 14304 -8911 28229 -10925
-5852 5008 16760 -5916 25600 -9163
-6557 5822 18194 -2776 23061 -5231
-6485 7302 18728 -1759 21756 -1295
-5390 6660 19504 -1363 21098 117
-3802 5779 18044 2073 21102 4095
-2161 3840 17147 5345 19214 10062
2221 1800 18830 5935 12272 15352
-9511 10447 15582 6816 9715 16476
-12552 23070 17066 15271 -4171 19033
-14766 11041 21933 8357 -11519 18626
-8413 6972 23944 1000 -20533 18455
-4030 6707 22626 -234 -24715 20381
296 5492 20054 -2255 -22231 25424
199 3535 17951 -837 -19086 28430
-814 1650 17116 4626 -17259 25931
226 1784 15644 8141 -15674 22489
377 4112 15833 6407 -15412 20613
188 6649 12972 4495 -15008 18666
930 6620 12474 2898 -13702 16253
5375 5247 9964 -2415 -6723 12596
10542 -625 9595 -9581 7131 10880
-621 9204 17022 -21164 5280 7252
2348 -1717 18102 -14096 -9632 -282
2840 2205 14468 -13919 -12242 -5789
4437 -1136 15809 -16351 -10691 -8810
4945 -942 17194 -21054 -4351 -9796
4121 868 17140 -21132 959 -10062
3808 833 17029 -18571 6881 -10772
3301 1929 17472 -15960 13065 -13458
724 4420 18657 -16017 17554 -17685
-12 4184 17949 -13499 20895 -22211
318 -140 17104 -5592 21858 -24026
1121 -2469 17756 5441 19795 -23925
1145 -1225 16897 13962 15819 -19049
532 20 15930 17710 14716 -15095
-1068 3412 16652 17233 14090 -12426
-4158 3193 19064 17520 2582 -8324
-497 5282 15660 14792 -3368 -1697
-6620 10826 14858 13985 -5984 1977
-11984 9413 15398 16872 -11382 5465
-8604 10361 14352 19821 -13051 8528
-734 8266 18375 17641 -12686 7799
2108 7742 19189 10886 -11632 8296
2055 6470 17749 5629 -10341 8711
2864 4528 17216 4234 -8917 8689
1961 4583 15228 5900 -7074 9660
2988 1974 13406 11380 -1897 8782
4146 2732 11980 13430 4501 7827
5236 5015 12118 11646 9411 5403
7664 8720 12310 6181 13449 2401
4994 8709 15918 -3616 13272 -2212
1673 8100 16013 -10221 5554 -5448
2546 4780 15181 -15881 -1247 -9377
4613 1936 13580 -17555 -3301 -10995
4942 1418 13924 -18338 -3787 -13775
3816 3788 13322 -16692 -3049 -16701
3224 3621 13555 -13810 -1733 -19509
2808 4965 13841 -12776 1451 -22931
2085 5461 14502 -12021 4509 -25924
1674 4836 16193 -11827 8443 -25590
729 1588 17113 -6184 13499 -23260
248 2032 17632 2763 16133 -18697
-1046 4185 18160 7305 18508 -13153
-2294 6720 16669 7440 20847 -8989
-4313 8886 15741 3745 23049 -5155
-6309 10981 15032 130 21928 -2170
-8028 11638 14633 -2657 18736 -452
-9390 10841 15806 -3941 12888 299
-8998 10473 16718 -5352 6507 1471
-8140 8148 17297 -5335 1803 2475
-7133 6713 17669 -4198 -1177 3906
-6280 5801 17936 -2776 -3055 4968
-5266 5446 18704 -2662 -4055 5723
-4494 5042 19353 -4134 -4563 5843
-4164 4236 19700 -5922 -4615 5139
-3301 3169 19589 -6561 -4232 3537
-2513 2730 19516 -6680 -4384 1834
-2084 2182 19138 -6368 -3401 766
-1790 2081 18600 -5579 -2723 343
-1724 1701 18256 -4481 -1690 385
-2192 1710 18048 -2801 -1339 572
-2279 2390 17936 -1488 -837 652
-2745 3171 17912 -1081 -117 1200
-3325 3532 17477 -1154 308 1535
-3218 3386 17334 -1175 646 1520
-3306 3510 17070 -1361 897 1493
-3313 3469 16968 -1599 1193 1626
-3541 3034 16941 -1047 1126 1442
-3660 2994 16882 -391 818 1099
-3192 3235 16597 -237 642 959
-3001 3412 16334 -616 681 1004
-2756 3374 16242 -970 621 936
-2541 3184 16128 -1175 658 771
-2472 3145 16022 -1417 909 586
-2657 3037 15821 -1471 1281 328
-2854 3209 15849 -1608 1446 31
-2939 3370 16025 -2110 1811 2
-3134 3052 16378 -2509 1988 71
-3178 2829 16593 -2320 1770 37
-2964 2836 16584 -2328 1664 71
-2845 2817 16566 -2491 1614 342
-2956 2549 16614 -2373 1541 596
-3045 2254 16692 -1792 1396 641
-2912 2320 16570 -1259 1308 636
-2940 2598 16516 -1049 1314 690
-2948 2548 16720 -828 1255 507
-2937 2658 16972 -674 1217 271
-2932 2729 16934 -674 1144 132
-3144 2977 16853 -775 1139 42
-3213 3116 16749 -1000 1107 104
-3350 3174 16648 -1205 1008 156
-3465 3081 16597 -1179 786 179
-3406 3302 16466 -1262 612 194
-3526 3405 16461 -1544 596 178
-3482 3301 16494 -1648 524 203
-3374 3178 16600 -1699 520 73
-3229 3073 16701 -1702 408 -17
-3257 3032 16657 -1670 320 -82
-3149 2982 16653 -1629 190 -177
-3061 2952 16812 -1640 205 -145
-2990 2732 16941 -1556 264 -88
-3026 2614 17082 -1402 377 8
-3116 2501 17229 -1259 556 98
-3224 2364 17278 -1179 569 180
-3253 2330 17090 -1003 366 281
-3309 2393 17052 -864 171 296
-3356 2354 17014 -561 -118 102
-3301 2757 16964 -465 -397 -114
-3369 2956 16984 -825 -457 -258
-3242 2872 17077 -1186 -501 -195
-3134 2670 16961 -1330 -456 -101
-3022 2678 16830 -1218 -468 -99
-2870 2476 16753 -882 -365 -40
-2718 2556 16622 -565 -231 -36
-2711 2787 16547 -518 -101 65
-2797 2870 16504 -512 -149 157
-2784 2853 16482 -490 -181 341
-2925 2696 16406 -313 -154 405
-3094 2833 16356 1 -219 364
-3268 3113 16386 -50 -387 245