862 1546 17261 -1325 3415 -96
441 1409 17173 -1425 3246 -109
-110 1133 17078 -1377 2952 67
-316 1120 16932 -1165 2610 84
-488 1169 16896 -629 2360 87
-599 1140 16725 80 2034 176
-995 1096 16599 718 1752 296
-1456 1138 16268 1654 1448 322
-1556 1522 16142 2614 780 582
-1746 1694 15933 2614 340 1026
-1682 1698 15929 2489 298 1393
-1832 2040 15866 1951 319 1697
-1722 1816 15906 1193 485 1875
-1877 1641 15982 564 372 2044
-2240 1393 15994 536 -159 2324
-2266 1462 16244 769 -381 2929
-2145 1667 16374 532 -787 4406
-1457 890 15924 878 -839 6691
-572 772 16165 783 -670 8875
-640 2762 16477 -1677 213 10520
-1146 3182 16589 -2765 36 10933
-406 2844 17008 -3684 48 10436
-69 2349 16881 -3934 -246 9785
815 465 16648 -3755 -527 7876
868 287 16770 -2901 -513 5697
1782 41 17734 -2827 -1359 2458
2121 471 17995 -2668 -2890 -405
2600 298 18414 -3192 -4238 -1783
3216 233 19159 -4225 -4766 -3107
4030 952 19434 -5772 -4021 -3819
4761 1418 20010 -6623 -2576 -3432
5363 1808 20440 -6715 -163 -3053
5314 2533 20480 -6475 2459 -2411
4852 2682 21117 -5719 3667 -1881
4460 2060 21224 -4190 3656 -1737
4329 3232 21329 -2769 3625 -1114
3669 4261 21762 -1605 2619 -343
3306 4268 21748 -668 1215 1128
3137 4216 21713 129 -450 2761
2897 4541 21337 665 -2473 4774
2910 4573 20973 1180 -4431 6831
3119 4382 20399 1469 -6286 7812
3549 3647 19504 2127 -7815 7297
4159 1900 19431 2876 -8353 5928
5656 168 19415 4617 -8920 3724
6879 -3053 17533 11539 -8299 3037
7381 -922 14670 16725 -6460 832
8133 -737 13005 19650 -4785 -1096
6870 446 10194 19540 -2323 -4375
7341 -1692 9694 16023 461 -6164
6616 -3998 11289 9747 3789 -9076
3142 -1306 12016 4254 4365 -12486
-788 565 8724 2227 -1761 -16493
1356 -5684 9236 2494 -4449 -18029
5846 -2360 8640 693 -4654 -16750
7078 -1406 7728 -3521 -3238 -17080
4806 192 7487 -2946 -936 -18946
4612 2556 7504 -3818 2015 -20263
3276 4343 7203 -7322 6068 -21174
2208 5420 8480 -10344 14010 -21342
696 6734 10050 -13570 22559 -22149
-1880 7592 10180 -15357 27702 -22743
-4511 8000 11330 -15752 31856 -21004
-8408 6841 14556 -19426 32767 -16302
-11246 8164 17009 -19734 32767 -8916
-10241 7210 18790 -18071 32767 -942
-7902 8044 19064 -20433 32240 6687
-7116 7758 18460 -22635 28754 13823
-9360 688 19508 -18193 21648 25619
-13805 -4493 22748 -4331 6048 32767
-11032 -3821 23368 7487 -5183 32767
-8376 -1996 22813 13252 -11720 32767
-9386 -336 24339 17859 -20951 32767
-9004 -1090 25306 22663 -28964 32767
-6770 -2108 23832 25199 -32625 32767
-3114 -557 20322 27040 -32768 32767
-432 1534 18177 24158 -32768 32598
-1690 5689 17085 19999 -32768 28816
-4210 7570 17364 12395 -32768 21061
-2574 8305 17134 -866 -32768 10083
824 7538 17250 -14914 -32768 2887
3583 2908 18971 -29214 -32768 -3777
3812 804 16544 -32768 -32768 -8019
5225 -2471 10541 -32768 -32768 -14184
12466 -6742 9739 -23361 -23339 -23912
12120 -4970 10918 -10116 -5441 -27672
7266 -1117 8878 -2814 6422 -28031
2697 3614 8566 2341 15933 -26475
2292 7436 10092 3502 19082 -25695
2556 11072 12851 585 22918 -26119
2456 7578 12981 -2682 28363 -23766
5058 7008 11674 -7561 31943 -22738
2160 8706 13812 -15323 32767 -23164
-1030 7614 15718 -20643 31547 -20180
-797 2090 16640 -15464 29682 -14707
-2036 4550 16688 -10360 27298 -11835
44 3962 17368 -7463 25101 -9619
-740 3442 17270 -5350 26754 -7214
-2518 4036 17954 -2697 26505 -4980
-3268 5021 18893 -3068 25830 -3533
-3873 5030 20221 -4375 23797 -1791
-3898 4142 19816 -4032 20795 2599
-4164 3749 19752 -2643 16952 8841
-4683 4115 20420 -670 10775 16632
-4556 1581 19309 3910 8260 20744
-1089 3525 18486 7768 7095 22471
-3679 5209 16940 10473 6437 24464
-7802 6602 17949 10445 2202 25030
-6424 10150 18658 5775 -2251 25888
-5764 8888 18278 -463 -8063 25503
-9586 6370 18748 -3236 -16567 22889
-5950 5174 19480 -6252 -24746 18872
-4136 4088 18872 -8198 -29517 14648
-2139 1483 18004 -7737 -31699 11407
-26 528 16800 -7240 -31495 9152
591 -755 16385 -6445 -29743 8130
290 49 15014 -3755 -27231 7779
1476 321 14016 -1494 -24558 6950
2158 1765 13510 -842 -24246 5618
2410 4388 13721 -2456 -22667 3290
3638 4937 13381 -6455 -19046 967
4988 4262 13189 -11510 -14664 -926
6148 2319 13532 -15156 -9023 -2144
6233 968 13966 -16723 -4742 -2906
6040 790 13608 -17028 -2207 -4507
5652 1128 13630 -16723 -378 -6510
6125 -158 14382 -14770 1695 -7961
6460 -1356 15077 -12065 4420 -9746
7512 -1326 15376 -7405 8090 -11866
6948 -838 15130 -4004 12470 -13300
6530 1302 14926 -2729 17660 -15088
4290 1503 15079 -2066 22702 -19342
3170 1424 16622 -3116 25390 -23622
362 199 16268 -2385 26657 -26239
127 312 15625 7584 24430 -24172
302 1627 15976 12251 19821 -16110
-555 5254 15599 12866 13023 -4704
-2505 6691 15439 11321 8433 -692
-2291 9180 15152 7021 4157 435
-956 8989 15861 -1770 -546 2139
-2043 7080 16335 -4991 -4792 1908
-1610 7444 15316 -3586 -6690 1140
-494 7372 15068 -2308 -7055 2317
708 5726 15905 -2519 -6080 4158
558 4173 16969 -2485 -5505 5546
-38 4190 17632 -2198 -5163 6331
78 4518 18166 -2498 -4587 6918
294 4565 18408 -3116 -2897 7085
-245 4418 19069 -3719 -1991 5915
-672 4225 18899 -4302 -2296 4671
-577 3170 19281 -3927 -3172 3839
-282 3005 19241 -3197 -3937 3965
-706 2818 19350 -2256 -4225 4098
-688 3102 19060 -1705 -4335 4193
-671 3698 18410 -1551 -3843 4696
-653 3404 17698 -2294 -3079 4112
-53 2500 17368 -3128 -2373 3448
399 1537 17075 -3390 -1688 3235
502 672 16664 -2902 -1068 3017
767 -102 16473 -1719 -743 2963
1188 -564 16628 -552 -423 3168
1183 -304 16564 668 448 2948
872 220 16496 1452 1245 2376
681 977 16600 964 1553 1590
737 1169 16713 -13 1785 1133
692 1340 16752 -705 1951 933
573 1402 16878 -1893 2219 668
574 1340 16874 -2603 2234 495
602 1124 16816 -2515 2083 666
716 964 16681 -2027 1931 897
852 823 16804 -1379 1863 977
812 986 16829 -847 1873 1057
848 1246 16773 -641 1897 853
793 1525 16768 -829 1924 643
752 1544 16764 -1013 1866 539
616 1609 16742 -1110 1765 549
699 1401 16727 -1027 1648 616
658 1264 16934 -839 1540 639
436 1381 17045 -675 1343 436
460 1406 17128 -439 1044 -5
600 1512 17292 -209 801 -373
392 1798 17351 -46 554 -564
287 1899 17411 -23 353 -462
270 1882 17383 102 50 -261
308 1935 17320 356 -201 -467
380 2406 17300 179 -413 -680
541 2459 17192 -192 -407 -644
680 2417 17220 -309 -246 -582
742 2344 17254 -290 -192 -404
794 2226 17297 -158 -113 -200
686 2250 17239 33 -98 -57
642 2225 17300 189 -70 120
538 2233 17301 217 -69 222
544 2291 17289 33 -149 294
538 2211 17292 -173 -348 380
498 2296 17205 -273 -589 339
424 2348 17097 -410 -1027 246
534 2316 17009 -487 -1392 82
637 2214 16901 -490 -1683 -55
848 2170 16760 -446 -1857 -47