424 4554 16046 -318 846 4247
518 4413 16077 -653 858 4004
608 4304 16124 -873 1047 3767
700 4089 16086 -819 1391 3690
850 3914 16154 -685 1887 3605
904 3850 16225 -389 2415 3444
849 3968 16230 -220 2895 3261
829 4114 16393 -251 3226 3010
776 4164 16422 -445 3448 2814
616 4288 16481 -813 3614 2617
474 4433 16566 -1225 3722 2493
408 4524 16810 -1800 3900 2414
290 4557 17169 -2132 3925 2457
409 5174 17204 -3012 3997 2482
292 4806 17421 -3498 3879 2426
114 4777 17570 -3776 3926 2419
-130 4696 17769 -3929 3901 2512
-161 4825 18240 -4043 4237 2480
-596 5446 18612 -4252 4338 2602
-566 5346 19029 -4339 4232 2516
-821 5262 19482 -4413 3902 2411
-1232 5276 20140 -4500 3430 2415
-1669 5430 20896 -4770 2848 2421
-2445 6061 21546 -5328 2152 2381
-3286 6780 22220 -6289 1121 2674
-4229 7258 22990 -7482 -672 3111
-5569 8190 23593 -9050 -3824 4005
-6189 7953 24354 -10023 -7978 5158
-6364 7532 24929 -10247 -12821 6242
-6361 6412 24548 -9257 -17808 7089
-5542 5150 24014 -6950 -22388 7622
-4542 4464 23086 -4448 -26209 8077
-3354 4186 21990 -1999 -29377 8614
-1930 4093 20945 -148 -31241 9124
-868 4524 19548 527 -31967 9581
478 4453 18101 464 -32142 9406
2086 3941 16698 -133 -31818 9043
3262 3092 15158 -777 -30875 8365
3666 2444 13654 -1152 -29703 7478
4226 1718 12272 -1330 -28814 6650
5400 750 10829 -1253 -27176 6971
6925 316 9288 -1304 -24067 7670
7917 554 7798 -2056 -20763 8371
9341 -744 6192 -2413 -16172 9870
10278 -868 5996 -3326 -10508 10596
8805 1898 6382 -5074 -6571 10305
8322 1085 6398 -4755 -6511 10163
10074 -2982 7392 -6598 -5000 10021
10096 -3700 8284 -8866 -3561 8001
10144 -3332 7809 -8995 -2882 5958
9896 -4969 7585 -7528 -1903 5421
10597 -4922 7476 -5790 487 4642
10677 -4904 6640 -3637 4865 2488
8805 -3753 6526 -1963 9395 -1810
7270 -2286 6833 -1146 12503 -5762
7194 -2316 7765 -1374 15811 -10149
7493 -3885 8872 -1552 21078 -13835
6816 -5862 10706 415 23504 -18294
5044 -6084 11940 4217 24513 -23684
2341 -2146 14080 4140 25325 -30171
1942 1528 16424 5032 26137 -32768
4156 82 14790 13381 26059 -32768
8113 2338 14325 15438 28525 -32768
1761 -204 14164 18641 31440 -31740
-4080 3093 17664 15413 28989 -26644
-4006 7262 17110 3738 24133 -19780
-3368 7390 17074 -4391 17950 -9287
-6985 6960 18033 -6354 7619 -2253
-19708 12297 15754 1655 -5236 399
-8022 17713 17040 4301 -15463 5773
-1177 11348 18372 -4077 -13967 6908
1696 7582 19694 -8296 -12221 8521
3526 2460 17598 -32 -12067 11686
6304 960 17438 9442 -11533 14842
7464 2777 17248 12976 -8952 17623
5122 7409 16280 14132 -9213 21109
4862 9112 15257 13398 -9266 23286
5758 8354 14497 9722 -7291 22894
7581 7098 14093 3857 -2535 23279
8353 1506 14333 -3479 3728 25276
8397 -1585 14193 -10376 8741 25264
96 8077 16262 -20513 5588 24102
1554 -6532 17349 -7795 -2485 21011
8080 -6702 19554 -8774 -614 16424
6949 632 17516 -7219 300 12012
7317 -1049 18286 -2415 928 8988
6814 -2241 17742 1732 3121 6165
5980 -2977 16761 6078 5166 3141
5013 -1286 18457 7636 5784 -1114
4909 -424 19088 6910 4085 -5963
4048 1454 18169 5804 703 -11172
5792 1209 17162 6361 -2374 -15672
7340 1085 17842 3008 -1577 -22106
4997 217 17529 1278 733 -27271
4496 44 15516 7133 1893 -29242
4914 -665 15182 12330 3396 -27981
5372 1457 15632 9048 4069 -24825
5356 4317 13818 3208 5663 -19930
4928 3540 14046 -2934 9109 -11283
2653 6530 13913 -7785 10632 -2574
-5744 10449 13978 -9040 5363 -1073
-6306 12445 14170 -2063 -6224 -186
-741 8845 15678 -2535 -8795 1327
1478 7220 17970 -5302 -9541 5792
2997 7566 17930 -7221 -6173 9780
3745 6880 17909 -5060 -4486 12318
5897 4460 17681 -1733 -4034 14507
6712 4097 16876 1636 -2865 15994
6566 3940 15828 2911 -1728 16843
5780 5072 15897 35 543 18636
4460 7182 16176 -3679 2754 21280
4878 2892 13560 -3291 4097 21701
5560 -3357 16297 -3118 7033 21545
2200 5870 17817 -11284 4560 19661
2188 -196 16672 -4291 -4233 14697
7006 -2405 18433 -3470 -6300 11230
6237 1132 15860 -6121 -8719 9418
6116 -1390 15854 -6721 -9543 8057
6376 -2714 14753 -5709 -9290 8082
6636 -3876 14346 -3561 -10278 7914
7678 -3605 15520 -2091 -9171 6842
7672 -3178 15352 427 -7096 5130
6977 -2284 14968 2397 -5213 2109
7300 -1538 15265 3548 -5026 -2708
7257 -1985 15532 4978 -5384 -6852
6976 -1772 14765 5760 -4373 -11048
6348 -1434 14294 4372 -2339 -14394
6248 -214 12857 2241 -643 -16860
6772 -1204 12262 212 1019 -18767
6620 -888 12774 -1775 2669 -20810
6564 -550 12602 -1519 3726 -22224
6281 -717 12134 314 6155 -24190
6522 1462 11760 2108 9808 -27158
7061 2076 11752 1839 15467 -30309
6805 1913 11269 1488 20280 -32570
3421 5545 11204 3338 22687 -32467
4377 7677 10213 1987 29100 -30631
3114 8857 12128 -4733 32767 -25744
-410 9460 13346 -10676 32767 -17539
-5394 9272 14833 -15389 31240 -10162
-8018 9444 15713 -15704 22741 -5598
-6730 8120 16280 -13231 14331 -3309
-4549 5400 17632 -10208 8392 -2464
-2940 3517 18340 -6033 4200 -1740
-1728 3270 19068 -2206 1602 -524
-1004 3728 19189 -262 -55 762
-814 3610 19225 466 -511 1945
-1022 3860 19476 422 -307 2604
-1753 4876 19900 -492 629 2946
-2050 5305 19793 -2093 1749 3258
-2393 4864 19708 -3523 2788 2833
-2548 3986 20196 -3950 3082 1757
-2052 3281 20200 -3851 2519 1127
-1662 3034 19713 -4055 2228 836
-1546 3065 19146 -4454 1964 931
-1562 2737 18796 -5102 1088 1419
-1033 2066 18161 -5332 336 2148
-549 1052 17860 -5134 -177 2772
-544 -236 17577 -4425 -220 2827
-220 -809 17686 -2998 -491 2712
45 -1374 17853 -1561 -787 2717
2 -1712 18021 157 -918 2625
-370 -1406 18272 1633 -939 2133
-848 -624 18401 2216 -1084 1633
-1042 240 18425 1921 -1246 1145
-1077 886 18305 1026 -1413 530
-878 1120 18072 -38 -1740 26
-534 938 17709 -701 -2048 -253
-62 742 17258 -937 -2250 -370
225 632 16886 -645 -2267 -225
330 596 16564 -18 -2311 -7
434 888 16409 683 -2033 146
473 1240 16298 1077 -1637 112
280 1466 16352 1066 -1239 184
265 1594 16290 721 -870 124
147 1674 16486 374 -585 -311
220 1866 16732 -141 -530 -823
218 1952 16745 -632 -527 -1013
282 1902 16809 -933 -535 -1012
388 1738 16733 -993 -483 -910
685 1710 16713 -645 -308 -779
541 1629 16697 -102 -95 -625
574 1461 16846 440 91 -607
545 1514 16957 872 342 -753
388 1897 17028 814 363 -1045
308 2204 17068 436 290 -1276
364 2178 17153 1 206 -1405
360 2108 17218 -202 200 -1459
452 1989 17226 -303 123 -1484
481 1991 17240 -243 131 -1382
431 2178 17261 -11 258 -1249
445 2236 17308 116 436 -1118
402 2358 17381 135 573 -1125
416 2292 17414 132 603 -1095
504 2273 17382 151 555 -1122
494 2265 17340 191 407 -1184
549 2442 17354 191 279 -1173
548 2448 17276 141 145 -1133
546 2375 17198 99 -50 -960
434 2390 17109 179 -403 -856