-16858 25564 22944 -2964 11661 -947
-18398 25810 24614 -3361 11226 2800
-21080 25418 25800 -2375 9312 6077
-22601 25210 25796 -879 5449 8358
-23058 24530 25310 68 2101 10721
-23149 22989 24576 1739 -2345 14429
-23001 21620 23522 3480 -6477 18842
-23080 20852 22860 4244 -8044 20966
-23309 19858 21869 5032 -9276 23403
-23146 17571 20094 6377 -10180 27186
-22333 14979 17721 8204 -10486 30938
-21605 13787 15782 9356 -10558 32767
-20310 12801 14166 10088 -10301 32767
-19056 11793 12672 11366 -10138 32767
-17393 10406 10841 13246 -9966 32767
-15788 7806 8864 16978 -9423 32767
-13524 4796 6340 23359 -8161 32767
-11238 2613 3980 30498 -6772 32767
-9465 1441 2490 32767 -4799 32767
-7720 772 238 32767 -1032 32767
-6912 709 -1445 32767 2163 32767
-6556 732 -2252 32767 4467 32767
-5256 762 -2571 32767 8441 32767
-5047 2874 -1771 32767 13183 32767
-6138 5422 -205 31308 14833 32767
-7048 6552 1096 26138 14635 32767
-5701 4870 3007 16908 15140 29775
-1801 966 4993 7868 17184 23964
822 -557 5292 4592 21464 20949
1286 -1590 5636 3018 23758 18862
1574 -2161 6005 2820 25740 16326
1828 -1754 7373 3127 27312 13343
1630 -353 8830 2433 27837 10313
1620 440 9964 1183 27637 8131
2396 953 12424 -1036 27815 5130
2739 4466 17653 -5892 27842 1165
3994 6762 22862 -11789 26970 -2425
5344 7121 27902 -14552 26242 -4771
5965 7020 30717 -14553 25623 -6082
5846 7582 32358 -14136 23896 -7301
6461 8325 32767 -13438 21365 -8410
6582 9376 32767 -12089 18001 -9638
5737 10454 32767 -9987 14175 -10388
4570 12113 32767 -9392 10464 -10200
4232 13473 32767 -9419 7577 -9974
3794 14830 32767 -9419 5369 -10335
2710 16198 32767 -9977 3281 -10763
1534 16898 32767 -10906 1078 -11168
961 16474 32767 -11749 -1015 -11562
451 15457 31951 -12068 -3820 -12348
399 13691 29369 -11034 -6039 -13337
120 12046 26264 -8940 -7715 -13772
-659 10548 23064 -5796 -10564 -13014
-1986 9903 19067 -1208 -15721 -10790
-3806 10656 15617 1299 -20826 -8535
-3781 10737 13574 1467 -23544 -7272
-3588 10498 12290 1080 -24786 -6576
-3208 10042 10584 243 -25564 -5941
-2714 9373 8989 -1081 -25716 -5491
-2490 8931 7324 -2847 -25573 -5488
-2101 7574 5623 -4361 -25383 -5898
-1720 6358 4381 -5102 -24597 -6077
-1274 5456 3746 -5246 -23280 -6127
-1364 5318 2617 -4675 -22171 -6492
-1457 5172 1267 -3098 -20521 -7121
-1154 5765 897 -1155 -18760 -8072
-1212 6772 368 169 -17020 -8668
-874 7684 142 354 -15477 -8971
440 8425 150 -358 -12738 -8869
1480 9075 236 -2538 -9363 -8561
2334 9498 -150 -4424 -7003 -8623
3417 9472 -426 -5409 -4403 -8837
4416 9804 -131 -5369 838 -9370
4339 10249 553 -5171 5753 -10163
4383 9424 581 -5645 8803 -11926
4418 9076 550 -5906 10724 -13062
4609 10295 1453 -7241 13310 -14179
4678 12915 4050 -10308 18641 -15753
4286 14310 7564 -12511 24400 -16837
2192 16304 12708 -15357 27748 -16062
-638 18300 18354 -17883 27870 -15050
-2154 19292 23633 -20964 25709 -13268
-2830 18416 27654 -21734 22621 -10998
-2929 16487 30301 -20537 19248 -8702
-2876 13808 32318 -14605 14606 -6130
-2504 13138 32684 -9004 11866 -5160
-1898 12191 32181 -1367 9312 -4990
-982 14077 30081 4356 10039 -4940
-1480 16340 28248 4128 11473 -4428
-2451 17314 26012 701 11508 -4413
-3854 16577 22797 -5520 9099 -4839
-4165 14464 20517 -9408 6276 -4980
-4952 13677 18926 -11583 4239 -4538
-4746 12424 18201 -12862 2242 -4022
-4430 12034 17042 -13423 1475 -3027
-4677 11782 16485 -13531 1790 -2320
-5248 10325 16310 -12363 2107 -1805
-5442 9845 15829 -11308 3464 -1046
-5640 10116 15081 -11658 4770 -695
-5810 9424 14913 -12476 5660 -893
-5045 8692 14561 -13103 6258 -1477
-4320 7733 14440 -12835 6247 -1814
-3976 7756 14029 -12450 5482 -1272
-4465 7128 14257 -11697 4073 87
-4798 6484 14460 -11044 2555 853
-4929 5421 14549 -11003 1326 1792
-4998 4545 14774 -10658 516 2207
-4550 3942 15622 -10079 -271 2628
-3401 2979 16277 -7999 -1225 2763
-2658 2418 16312 -5205 -1431 2302
-2542 2460 15614 -3114 -1276 1934
-2864 3000 15340 -1845 -1150 1723
-2861 3501 15489 -952 -1798 1486
-2554 3784 15950 -251 -2594 1220
-1833 3418 16155 757 -2775 1543
-1788 3612 15970 1604 -1972 1797
-2136 3553 16285 2458 -1255 2044
-2100 4065 16393 2896 -558 2015
-2453 4449 16417 2314 -1130 1944
-2644 4860 16164 1398 -1527 2031
-2772 4908 16166 384 -2061 2138
-2706 4638 16234 -468 -2402 1661
-2625 4750 16181 -1167 -1246 763
-2665 4239 16643 -1672 840 19
-3247 4287 16549 -1016 1649 -240
-3421 4395 16194 -219 1507 58
-3564 4344 15990 510 813 423
-3537 5041 15958 798 77 941
-4205 6012 15904 -178 -971 1397
-4272 6684 16289 -2333 -1892 1679
-4102 5970 16570 -4413 -2504 1843
-4119 4985 16597 -5112 -2740 1999
-3980 4108 16884 -4517 -2770 2022
-3516 3650 17445 -3502 -2972 2069
-3370 3820 17646 -2492 -3087 2213
-3346 3336 17564 -1130 -2840 1699
-2946 3853 17266 364 -2158 1350
-2250 4324 17513 -38 -2139 1575
-1436 4111 17815 -1116 -2299 1190
-1138 4645 17302 -2470 -1375 740
-1088 4660 16798 -3328 -655 529
-742 3497 16406 -4109 -248 342
-824 2946 16406 -4463 42 46
-1794 2808 16005 -3233 28 -300
-1862 2120 16038 -1326 -47 -207
-1974 2284 16137 -268 22 129
-2646 2380 16148 761 -376 -41
-2542 2422 15940 1620 -576 -154
-1855 3358 15996 1540 41 106
-1809 4769 16285 -80 182 175
-1642 4664 16173 -1163 713 -245
-1316 3688 15925 -1237 2008 -743
-1641 3459 15745 -773 3152 -688
-2142 3505 15630 -740 3757 -907
-2094 3074 15992 -641 3735 -1282
-2054 2916 16202 -203 3420 -1447
-1842 2845 16073 374 2856 -1479
-1919 3226 15832 926 2180 -1237
-2241 3569 15736 1092 1948 -926
-2490 3576 15740 1306 2407 -783
-2652 3833 15676 1781 3608 -676
-2963 4383 15696 1957 4303 -841
-3336 5168 15912 1197 3552 -984
-3504 5464 16412 -285 1831 -1217
-3610 5654 16804 -1851 18 -1384
-3506 5384 17030 -2549 -928 -1308
-3519 5155 17136 -3011 -1621 -1294
-3337 4906 17266 -3080 -1807 -1152
-3248 4610 17252 -2874 -1341 -1046
-3273 4284 17354 -2545 -522 -969
-3600 4084 17412 -2025 345 -995
-4014 3950 17568 -1661 1115 -889
-4459 4014 17672 -1786 1315 -681
-4540 3924 17750 -1938 1096 -591
-4892 3925 17940 -2264 693 -485
-4781 3704 18134 -2629 495 -395
-4708 3377 18137 -2759 385 -440
-4512 3138 17948 -2654 307 -422
-4330 3094 17644 -2479 214 -415
-4242 2940 17402 -2330 221 -375
-3954 2864 17174 -2118 59 -103
-3555 2690 17014 -1829 -34 220
-3290 2362 16891 -1287 -213 439
-3016 2102 16989 -841 -485 608
-2618 1797 17006 -364 -745 690
-2377 1745 16905 63 -901 625
-2225 1865 16793 185 -1024 469
-2198 2020 16630 137 -1153 282
-2170 2160 16666 -136 -1184 -59
-2167 2419 16484 -550 -1152 -413
-2140 2517 16277 -742 -1111 -604
-2094 2589 16110 -767 -1176 -616
-2043 2695 16074 -452 -1261 -618
-2033 2782 15905 -113 -1228 -609
-2079 2899 15837 182 -1248 -666
-1934 2906 15686 419 -928 -695
-2280 3046 15472 576 -829 -573
-2589 3213 15333 469 -742 -619
-2613 3179 15004 497 -623 -415
-2858 3937 14656 282 -1012 -225