-692 878 16240 -398 861 -108
-917 1155 16324 -376 886 -188
-932 1054 16624 -520 932 -194
-1050 909 16907 -641 799 -234
-1260 916 17010 -732 676 -334
-1384 908 16901 -753 672 -357
-1421 874 16868 -547 798 -284
-1467 911 16959 -180 869 -20
-1548 869 16972 37 788 81
-1626 890 16986 150 633 130
-1658 931 16944 118 424 183
-1676 973 16945 -15 151 282
-1607 713 16985 -55 14 398
-1660 533 16876 16 16 371
-1748 622 16890 97 123 340
-1938 597 16929 197 150 406
-2034 502 17028 268 73 494
-2191 435 16965 268 -109 618
-2524 634 17114 120 -433 728
-2901 834 17310 -103 -904 1023
-3476 953 17556 -405 -2074 1872
-4298 1041 17909 -374 -3818 3025
-5103 1370 18267 256 -6288 4387
-5333 1804 18217 788 -9466 6310
-5484 2234 17953 1237 -12100 7751
-5596 2676 18008 735 -14092 9197
-5043 2810 18070 1101 -17623 11368
-4434 2782 17980 -323 -20817 13047
-3067 2441 18279 -530 -23964 13714
-3313 2450 18312 -435 -28451 14442
-4058 2873 17763 -369 -32314 14785
-3126 2663 17847 -242 -32768 13869
-526 1761 17873 -1157 -32768 13245
2206 869 17373 -2813 -32768 12342
5476 -744 15122 -3736 -32768 10238
9609 -2065 13904 -3467 -32575 8120
12118 -2346 13071 -1870 -26699 5817
13877 -1869 12345 955 -18225 3795
14957 -1492 10893 3290 -10606 1633
15045 -1707 10254 5200 -2365 -343
15020 -1246 9762 6324 4084 -2203
14324 -1067 9605 7871 9464 -4723
14055 -702 10666 7280 18797 -6882
14162 -854 12936 6089 26804 -6228
13809 -897 15164 6204 28901 -5102
14281 -3164 16504 8997 28790 -4239
13949 -2852 16720 11237 28226 -1477
12266 -1458 15898 12366 26683 3435
14569 -3857 13773 15819 28983 8586
5910 2430 14950 10953 29607 2913
7324 -3094 15100 13477 22497 4462
5997 -5057 17044 16455 16052 3733
4973 -3281 15833 22140 9299 6396
4950 1192 13806 23165 6498 5033
4954 3208 13922 17712 6293 1149
2849 4139 14234 6501 3386 -2950
1880 4420 13733 -3598 -619 -7211
2762 3258 12542 -10287 -2686 -11046
2538 2022 11622 -13973 -4467 -16174
2214 1270 9561 -14303 -7026 -22376
1833 302 9436 -11514 -9432 -30570
2062 1925 9814 -5420 -10145 -32766
2490 4105 11269 -6492 -9790 -31918
5838 2330 13724 -15843 -5127 -25640
-1990 7552 13936 -22566 1268 -19772
-4174 8560 10040 -11667 -1084 -19636
-351 5451 12744 -4711 3026 -16647
-846 6241 14998 -641 5964 -13251
-1170 8128 16686 -370 6726 -10060
-1465 8281 16292 -3371 9759 -6580
-2677 8094 16520 -5123 12066 -2442
-2770 7553 16585 -3418 11823 2764
-806 6137 18306 -123 10356 8459
698 5309 19001 2359 10002 13310
1422 5070 20368 517 10513 15546
331 6244 22497 -3289 6952 19095
-139 3507 20051 -1062 -956 24116
732 3440 19397 -6169 -2978 25747
-3922 10684 17560 -11371 -10616 29549
421 -4188 17721 -5497 -13999 26877
3112 -4308 19028 -4761 -11855 20849
3540 -662 17819 -5508 -11943 15355
3892 -4120 18851 -611 -9947 11082
2972 -3634 18256 5730 -7987 7857
5644 -4085 18809 13509 -6880 3357
4402 -1583 20411 15467 -5786 -2311
4294 354 19233 16941 -4725 -8592
4347 2868 17486 17369 -3663 -16094
3866 2896 16217 15959 -1035 -21612
2150 3941 15044 14345 -584 -23106
1860 3964 14528 13899 -579 -23421
2767 3895 14179 12250 -832 -21667
2007 6518 13844 8251 -1797 -17609
1913 9410 13205 5825 -2467 -14431
2224 11220 13655 424 -3701 -10790
2360 11932 14519 -6656 -4112 -7243
1480 12391 14707 -10025 -3031 -4295
1940 11380 14852 -10579 -1843 -2364
3207 9600 15502 -11463 561 1
3470 8781 15813 -11660 3303 2099
4106 8642 15364 -11575 6302 3845
4480 7649 15194 -10138 9599 5097
5166 6535 15066 -9299 14312 6146
5416 7259 16700 -10553 16553 9994
3732 7136 14660 -10843 15771 13969
-1704 6654 18052 -15283 12832 11731
-1596 1706 18380 -12649 6172 12719
837 61 18142 -9565 3168 12090
188 1818 19059 -6557 -2949 10298
678 1905 19122 -4079 -7452 8224
1552 2343 18653 -1950 -6710 6990
2982 1718 17048 2079 -5693 6061
3666 499 17169 5122 -7401 6108
4568 -1390 18288 5880 -8192 4203
5440 -2435 18032 9396 -7616 692
5013 -317 17814 15734 -8340 -4544
5509 2164 16870 17318 -8937 -7621
6588 3434 15038 15643 -6935 -11537
5758 3540 13575 12979 -4680 -15029
5377 4154 13512 9353 -2325 -17344
5138 4314 12765 4574 414 -17709
5310 5184 11906 -789 3882 -17594
4364 5786 12672 -4435 4557 -15358
4628 4973 13114 -7221 2758 -11176
3916 4560 13896 -9925 2227 -7463
814 6676 13392 -8899 742 -4586
1255 6456 13493 -4272 -2370 -2261
3606 5712 14133 -6499 -64 -2359
3016 6140 14766 -8527 1516 -2072
2716 6798 15462 -10684 2035 -1890
3036 6534 15536 -12230 2238 -1745
3543 6226 15675 -11618 1818 -1722
4162 5848 15865 -10380 922 -833
3438 4274 16274 -8887 653 891
1227 3386 16502 -6559 772 3083
161 3730 16996 -4795 692 5740
1196 3845 17944 -3446 969 7327
2106 3690 18892 -4269 2115 7846
1800 3793 19181 -4478 3510 7737
1610 3536 19420 -4511 4484 6689
1523 3436 19762 -3352 6351 5111
1061 3926 19596 -2558 8407 3015
902 3884 19069 -2167 9497 2271
1016 2990 18420 -1246 10032 2412
622 2078 17952 -2067 7546 2740
994 1175 17515 -2921 5709 2627
1157 -208 17412 -2583 3635 2490
1219 -1207 17365 -1111 1594 1964
1129 -980 17236 796 -65 1630
1062 -249 16967 2430 -1052 1522
1102 594 16888 3421 -1268 1335
996 1653 16815 3478 -1168 1111
1089 2344 16869 1879 -729 813
994 2666 16838 -167 -442 364
932 2554 16754 -1745 -413 35
986 1862 16794 -2866 -379 -182
1104 1200 16724 -3207 -249 -543
982 1178 16728 -2804 -450 -887
1126 937 16618 -1642 -911 -931
1350 940 16601 -273 -1162 -880
1336 1297 16616 634 -1274 -693
1398 1610 16594 996 -1302 -594
1586 1797 16642 871 -1270 -520
1549 2042 16497 567 -1221 -386
1723 2211 16404 130 -998 -348
1660 2445 16349 -314 -836 -602
1720 2268 16288 -446 -694 -772
1997 1709 16069 -51 -411 -716
2003 2100 15879 178 -337 -855
1971 2425 16028 92 -273 -930
2158 2086 16230 -398 285 -805
2276 2164 16244 -504 716 -697
2185 2406 16485 -459 1220 -632
1860 2812 16816 -429 1564 -549
1599 2900 16985 -591 1391 -485
1327 2799 17219 -976 751 -457
1257 2372 17509 -1148 53 -607
1333 2229 17532 -1119 -266 -764
1424 2222 17558 -849 -371 -810
1528 2090 17506 -428 -362 -827
1770 2224 17474 158 -80 -748
1746 2499 17600 440 318 -608
1604 2575 17524 334 518 -578
1442 2723 17417 -107 226 -877
1618 2626 17424 -452 -119 -905
1679 2504 17403 -706 -465 -773
1758 2389 17408 -697 -578 -556
1833 2382 17362 -550 -604 -452
1984 2398 17259 -324 -549 -413
2079 2651 17179 -301 -491 -390
2052 2728 17154 -496 -485 -357
2072 2620 17064 -672 -579 -247
2124 2482 16978 -797 -679 -203
2174 2384 16915 -813 -813 -156
2373 2291 16901 -769 -860 -156
2446 2269 16808 -662 -799 -190
2404 2374 16787 -645 -614 -189
2262 2508 16712 -648 -471 -222
2206 2568 16633 -741 -541 -241
2347 2654 16672 -780 -668 -174