1501 2517 15886 242 0 176
1614 2632 15950 244 843 334
1464 2825 16240 -66 1599 517
1349 2825 16394 -632 2303 729
1276 2504 16882 -1592 3122 1038
1032 1972 17433 -2396 3699 1212
961 1646 18032 -2943 4041 1208
903 873 18466 -3146 4482 1055
910 393 18814 -3027 4907 879
644 104 19082 -2797 5096 739
296 -55 19310 -2277 5079 662
-948 -838 19231 -1748 5036 1149
-1333 -1381 18894 -1515 4345 1113
-1474 -794 18540 -478 3337 166
-1670 -292 18352 282 2564 -443
-1963 513 17672 441 1514 -714
-2355 1011 16868 -18 230 -552
-2642 990 16260 -58 -647 -623
-2757 916 15508 718 -1819 -996
-2750 912 14523 2822 -3198 -1728
-2122 1170 14488 4826 -3653 -1959
-2102 2410 15772 3834 -3237 -1738
-2620 4341 17360 625 -3910 -1034
-2570 4346 16360 -1035 -4088 -856
-1652 1173 15749 -129 -3604 -1033
-1145 1773 16837 -1764 -2232 -278
-1374 2680 16880 -922 -2617 -336
-724 1809 17184 381 -3099 -760
-469 2292 17386 1668 -3937 -733
110 3471 17785 2096 -3731 -4
314 4052 18097 2185 -3065 770
733 4322 18783 2084 -2182 1299
561 4972 18743 1363 -889 1897
318 5701 18840 509 -406 2346
336 5481 19062 40 -652 2461
558 5232 19336 428 -1224 2432
375 4951 20184 592 -1965 2952
60 4757 20612 1291 -3667 4426
322 5092 20996 2154 -5348 5749
365 5771 20556 3384 -7542 6846
462 6043 19561 4487 -11081 8265
871 5145 18396 6504 -15369 9547
2182 4829 17421 7385 -17925 9930
3190 4950 16562 7794 -19699 9877
4213 4407 15514 8529 -20721 9696
6576 3360 14156 8185 -20616 9214
6803 2750 13438 8468 -19750 9396
8570 2370 12645 8463 -18345 10484
9834 2130 12333 7378 -16288 11299
10876 1796 11721 6042 -13390 11549
11564 1588 11790 3456 -10471 11653
11332 1172 11996 173 -8944 11654
11252 16 11841 -1725 -8031 10889
11345 245 11629 -3492 -6754 8239
10976 -666 11660 -3068 -6655 5448
10869 -2188 11921 -3202 -6426 4926
10196 -2125 11697 -3409 -7165 4677
9688 -2150 11346 -4011 -9070 3317
10737 -1910 11055 -4280 -11288 455
12396 -2488 10374 -4508 -11468 -3248
14371 -2602 8661 -2989 -6154 -5625
17114 336 7364 -3577 5255 -6985
16502 3273 10198 -10544 18011 -7248
12328 -4476 9995 -2297 31099 -9253
13858 2422 22546 -10506 32767 -14306
3884 6750 14827 -5904 28066 -9600
7028 -201 15764 -6225 22089 -8489
7288 -833 13376 -6016 20997 -4226
4409 -2214 13968 -5361 21482 -6250
2297 1112 15069 -6117 17000 -7065
1222 1269 14792 -5539 16435 -8678
1518 1794 15581 -5333 18266 -9908
948 1456 15968 -4962 19067 -9259
-1282 1377 15855 -3016 18321 -7912
-3494 4086 16264 -1608 14807 -6795
-4764 3836 18094 -2463 9550 -6767
-4017 2566 18469 146 4813 -5950
-2330 1981 18405 4080 557 -4661
-888 1698 17845 4880 -2008 -4898
-968 3174 16845 5145 -4515 -4300
-1480 4014 16710 3339 -6425 -3892
-1714 3913 17388 -949 -11063 -3710
1692 2372 16469 -6076 -14887 -3298
3397 -326 16449 -10583 -13314 -1794
-1549 2500 14609 -9528 -8866 -638
-2192 5230 12526 -2009 -5677 -2366
-2723 5361 14682 -4638 1768 -2635
-1844 4881 16783 -6639 2296 -2303
2872 648 17510 -5146 964 -2493
3258 -2117 18212 -2117 1212 -2083
1700 -618 17698 1355 675 -2084
1641 -368 15989 5732 1668 -1741
3592 821 15202 7242 6172 -1055
4497 3059 15225 4097 12808 222
4123 363 13663 -211 21045 -1128
3432 6501 15917 -10416 22943 -786
1461 678 14562 -10684 25082 -2372
1206 -3940 19544 -12880 21321 -3588
854 -1726 18444 -12385 16206 -2446
-370 -3590 18814 -8527 9910 257
-992 -3600 18478 -2288 6195 2635
-1925 -2865 17954 4117 2911 3383
-2634 -270 18490 6120 638 2543
-3539 1895 18760 6359 -3161 1401
-2340 1452 18938 6276 -7932 106
-834 1550 19621 5364 -10943 -376
902 890 19048 6287 -11982 236
2518 348 17730 9014 -12068 983
1684 2129 17048 9464 -11921 222
704 1760 17154 8889 -13612 -1266
2683 756 16421 4104 -12875 -5022
2748 1268 16548 -2421 -10343 -6354
-2750 3478 15214 -3482 -9923 -8478
-4188 9605 13042 1310 -10334 -9427
-297 7289 14438 1132 -7823 -8641
1638 4239 15455 -2363 -5136 -3517
5985 -65 16213 -995 -2154 -1588
5200 856 16868 1415 206 -3078
2220 2907 15589 3323 2003 -5074
2021 3726 15726 2385 2927 -3905
3278 4231 16099 1 2608 -2663
4366 3614 15680 -1602 4380 -1980
5356 2418 15456 -1226 6877 -1515
5500 2326 15012 -1462 10573 -1151
3798 2654 15584 -2647 11767 -696
2784 2202 15858 -2725 11259 -160
2172 2480 16453 -3077 9738 386
1880 2562 16968 -3191 7643 1139
1760 2048 17391 -2504 5500 1456
1941 1992 17773 -1501 3451 1895
1653 2016 17536 -447 2945 1610
1270 2260 17128 188 3142 1220
1254 2522 16792 712 3209 938
1209 2808 16934 1074 3350 915
568 3317 17039 1462 3280 1416
-142 3716 17606 1747 2520 1817
-320 3699 17794 2831 1091 2768
-685 4486 18065 3203 -112 3695
-718 4822 18162 2904 -1036 4297
-380 4444 18401 2246 -2044 5020
147 3760 18627 2006 -3105 5458
658 2985 18456 2047 -3764 5458
1037 2682 18241 2163 -3996 4991
1333 2324 17946 2053 -4092 4591
1405 2413 17769 1404 -4085 4143
1444 2349 17562 519 -4062 3791
1396 2322 17314 -428 -4104 3691
1276 2006 17176 -1163 -4334 3595
1220 1312 17056 -1817 -4814 3591
1540 560 16944 -1909 -5232 3574
1760 234 16764 -1342 -5051 3258
1705 414 16504 -672 -4270 2606
1670 894 16636 -790 -3331 2261
1554 1236 16808 -1425 -2268 1941
1533 1273 16862 -2134 -1214 1671
1318 1033 16857 -2463 -368 1307
1424 729 16874 -2545 222 1040
1153 582 16866 -2336 593 773
980 640 16746 -2067 622 681
880 729 16737 -1786 409 803
732 616 16714 -1413 -248 1043
1135 542 16802 -886 -769 898
1266 805 16634 -601 -800 646
1420 1058 16564 -843 -588 526
1453 1138 16383 -1142 -323 378
2001 895 16486 -993 268 146
1797 1425 16202 -932 771 -129
1924 1392 16216 -1111 789 -166
1972 1505 16137 -988 673 7
1982 1546 16064 -828 637 121
2184 1601 16226 -761 674 92
2044 2022 16324 -1052 899 -148
2106 2002 16293 -1296 1132 -247
2106 1802 16358 -1326 1410 -145
2103 1709 16467 -1057 1596 -11
1711 1555 16516 -522 1441 125
1608 1116 16580 -71 1119 183
1806 988 16725 163 1025 30
1782 1315 16834 351 1079 -294
1832 1556 16961 71 1166 -433
1722 1660 16960 -237 1230 -555
1485 1881 16956 -579 1078 -637
1505 1772 16897 -840 882 -744
1620 1747 16903 -814 888 -821
1720 1975 16944 -611 966 -870
1863 2138 16867 -340 1018 -904
1739 2102 16756 -281 881 -693
1825 1980 16734 -226 733 -334
1980 1920 16714 -146 784 -213
2003 1951 16917 -83 966 -183
1924 2045 17147 -182 1154 -192
1705 1759 17183 -327 1151 -117
1577 1702 17206 -426 829 -150
1842 1297 17337 -330 694 -207
1676 1330 17254 -159 609 -269
1566 1338 17185 -24 514 -298
1619 1532 17153 -9 335 -337
1549 1716 17099 -103 144 -317
1405 1959 16948 -290 -32 -196
1464 1882 16879 -239 -346 -2