1647 1067 16908 -1966 3638 -11
1054 662 17225 -2141 3329 66
661 560 17369 -2097 2943 -164
333 424 17281 -1668 2334 -453
210 340 17201 -1134 1665 -546
-20 442 17008 -530 1080 -577
-138 654 16994 -11 524 -742
-308 912 16876 256 215 -878
-495 984 16709 606 103 -1081
-780 1140 16372 1109 269 -1176
-984 1294 16069 1497 644 -1184
-1296 1688 15721 1629 1040 -1114
-1510 2132 15530 1463 1252 -1047
-1758 1910 15292 1502 982 -605
-1690 1918 15186 1530 727 -238
-1525 1685 15277 1534 759 -86
-1353 1542 15518 1431 1073 -91
-1362 1665 15673 1352 1355 -91
-1504 1914 15930 1119 1188 -161
-1582 2313 16629 617 380 -184
-1638 2437 17274 -3 -793 -102
-1418 2457 17810 -758 -1765 7
-1345 2541 18325 -1369 -2987 178
-1270 2756 18818 -2010 -4220 280
-1540 2882 18868 -2169 -6321 185
-656 3649 19305 -2297 -7613 253
-208 3397 19816 -1751 -9425 550
713 3425 20449 -1955 -9700 866
705 4366 20605 -3082 -8826 781
1081 5132 20250 -3492 -7084 1111
2113 5732 19910 -3583 -3800 1067
4240 6314 20684 -4331 444 1329
5938 6321 20828 -3172 4619 3079
7441 197 18574 3310 10509 3720
7494 7457 24280 -2803 14868 3220
2472 10824 22320 -4657 10601 3493
3453 2156 25188 806 2394 3511
8746 1717 23489 2000 948 3931
7226 1954 21737 1610 1540 4226
6570 758 20900 4454 1333 6297
6756 1766 19882 5702 1221 7257
5558 3368 19880 3858 -300 5978
5010 4080 19557 1188 -3924 5344
5792 1857 18798 -741 -6055 5664
5988 600 18050 -1207 -7137 6403
6594 -90 16914 -1217 -7729 7753
6557 50 16028 -1711 -7876 8112
6261 -848 14880 -1558 -8436 8124
6821 -2621 13550 -154 -8610 7675
6981 -2962 12738 981 -8764 6366
6936 -3168 12400 1435 -10346 4049
8149 -4461 12074 2329 -11060 1476
7828 -5121 12345 3616 -10638 -611
8446 -5525 12876 3746 -10396 -2261
9008 -7152 11030 6592 -8488 -4853
9785 -7378 8870 11311 -6741 -7414
7129 -4481 8472 10893 -6228 -9677
4169 -1248 8424 7105 -7843 -13088
6376 -1592 8645 1041 -5596 -15497
8088 -2133 9040 -4656 822 -16000
2690 3272 8018 -5826 6403 -17480
-2218 8460 7528 -2486 7280 -21550
-1754 1692 11494 2626 7528 -24923
774 -1044 14928 2562 8875 -25797
2744 3390 14645 -3817 11534 -22793
-922 4833 13650 -10313 13681 -17742
-3802 2926 13849 -11936 11409 -14064
-2682 2585 14570 -6678 8431 -10613
166 4973 14069 -3097 8622 -7788
2006 7729 12140 -2624 11728 -5889
2284 8201 12345 -6526 15045 -5709
-970 7652 13888 -13645 16766 -4417
-5557 5062 13569 -14392 16266 -879
-4505 1794 15590 -10685 13413 2354
-3660 3241 16824 -10003 9343 5773
-1353 2302 18352 -8008 3244 9958
-1437 1133 18008 -5697 413 13653
-2862 1421 17853 -3871 -1909 14767
-2864 3312 17816 -1991 -2705 14822
-1552 1793 18304 -790 -1830 13849
30 1190 19597 -372 -1153 14565
-196 650 19566 2257 -1817 15536
-589 -81 19980 5348 -3397 15123
-982 2329 20294 7163 -5566 13789
-1252 2621 22242 6177 -9417 10376
-345 1802 22841 7920 -12342 7125
3070 705 23556 9888 -13867 5090
5081 1232 22400 9975 -14590 2929
6884 -584 18265 11159 -11360 222
6488 -1 17158 10434 -6864 -4051
3677 3564 15480 9558 -5806 -9054
2965 1350 16557 8549 -6485 -15502
3860 3432 16373 2618 -5803 -20176
3174 2998 17994 -6069 -5183 -22694
-2769 5305 15218 -5908 -7522 -23647
-2218 5805 12768 4004 -5185 -24262
1861 6157 15544 6093 -1561 -19990
3580 6461 15940 917 3862 -14246
3252 5185 17321 -2992 8068 -9724
4238 4994 15249 -2674 11596 -6471
3082 6122 14192 -920 13115 -5735
2288 6477 12042 111 14261 -3825
2525 6453 12728 -5713 17974 -1289
1552 8913 15166 -12207 18793 3129
589 3132 14250 -11875 18637 4619
1400 -2449 18177 -14612 18330 1795
-5777 2020 20376 -15614 10016 1223
-685 -1174 18145 -7805 3161 -22
1537 -2030 17646 -3395 2577 -409
1193 2174 16961 -2886 3121 -1014
1124 3070 16918 -5373 3806 -996
2210 2298 16169 -7164 4136 -1083
1805 1654 15984 -8587 5300 -2006
1612 730 16832 -7731 5391 -3312
834 196 17570 -6122 5133 -3490
446 257 17278 -2870 5287 -3448
-273 -628 17133 1803 5616 -4165
64 -861 17721 5670 5642 -4836
194 942 17748 8275 6694 -5096
944 1242 17334 10650 8859 -5631
1480 2286 17342 10940 10839 -5356
1108 3962 16705 8211 11855 -3663
-212 5192 16366 3089 12762 -3236
-2070 5412 16202 -854 11723 -3952
-3542 4534 16145 -2396 8898 -4293
-4165 5432 16234 -4304 5568 -3578
-6514 5105 16718 -5969 1373 -3005
-8808 6673 15942 -5657 -3309 -3506
-6713 6417 15810 -5216 -5369 -2039
-4638 4633 17394 -5513 -6296 449
-3528 1690 18657 -7129 -7667 1795
-1254 -1958 18909 -6156 -6857 2019
38 -850 18837 -427 -5369 2623
-240 418 17930 1844 -3023 3225
-1646 1757 17425 1799 -1096 2801
-2842 3142 17197 460 -143 2432
-2860 3446 17189 -878 284 2535
-2989 3272 17236 -1225 7 2816
-3132 2892 17110 -1913 -677 3047
-3252 2002 16769 -2086 -1422 3174
-2844 1805 16876 -1938 -2118 3603
-2396 929 16968 -1442 -2291 3433
-1610 433 16948 -474 -2066 3242
-1432 484 17069 36 -1449 2975
-1557 924 17013 83 -690 2685
-1433 1113 17012 -140 157 2587
-1357 1029 16924 -427 1015 2592
-1202 872 17009 -745 1743 2509
-1085 592 16982 -987 2331 2309
-1182 356 17084 -1117 2746 2169
-1457 94 17085 -998 3089 2018
-1765 -21 16993 -770 3095 1675
-1929 285 16978 -780 2813 1376
-1962 222 16976 -794 2414 1263
-2230 -22 17112 -477 1887 1018
-2193 69 16924 -251 1454 748
-1916 90 17018 -167 1077 621
-1916 16 17052 44 759 541
-1918 41 16906 251 496 430
-1958 147 16722 417 292 30
-1857 490 16599 250 53 -431
-1743 799 16467 107 -421 -475
-1489 841 16442 -273 -565 -589
-1476 918 16472 -331 -553 -748
-1372 948 16445 -353 -325 -796
-1530 1192 16333 -547 96 -817
-1586 1237 16412 -703 509 -796
-1661 1322 16397 -708 933 -750
-1842 1269 16433 -550 1275 -758
-1969 1388 16490 -450 1425 -806
-2025 1489 16568 -481 1408 -841
-2070 1610 16680 -428 1247 -650
-2313 1581 16728 -394 1015 -628
-2245 1576 16846 -466 638 -692
-2118 1649 16873 -564 389 -653
-2098 1434 16874 -522 236 -588
-2080 1404 16868 -410 187 -499
-1905 1376 16741 -314 216 -338
-1681 1162 16562 -186 423 -401
-1798 1366 16716 -117 607 -578
-1961 1537 16701 -46 656 -644
-1932 1490 16756 -201 729 -660
-1973 1310 16725 -255 734 -634
-2041 1170 16720 -89 711 -681
-2112 1306 16752 -39 671 -700
-2155 1332 16763 7 681 -722
-2197 1371 16889 -2 694 -778
-2212 1546 16913 -141 600 -812
-2104 1596 16798 -303 651 -889
-2008 1682 16826 -430 751 -970
-1894 1858 16812 -611 946 -1011
-1974 1797 16808 -803 1251 -995
-1990 1662 16817 -783 1520 -858
-1936 1594 16650 -703 1848 -760
-1882 1634 16901 -660 2372 -763
-2188 1657 15421 562 1375 -650
-2164 1548 17865 71 585 -484
-2241 2040 16878 -612 722 -596
-2385 1840 16981 -741 412 -593
-2397 1817 16953 -752 202 -560