1849 3330 16770 -457 4205 268
1646 3461 17173 -701 3968 269
1478 3481 17513 -1016 3712 193
1340 3552 17860 -1283 3456 114
1020 3542 17982 -1311 3005 70
876 3621 18010 -1248 2425 -114
936 3524 18052 -860 1854 -275
993 3768 18156 -729 1345 -490
989 3872 18045 -765 953 -586
1076 3881 17862 -908 732 -497
1205 3722 17874 -1194 628 -313
1142 3757 17748 -1334 608 -73
1126 3684 17750 -1461 569 62
1029 3474 17716 -1389 424 264
1142 3642 17724 -1470 165 419
1281 3733 17749 -1679 -106 457
1422 3594 17609 -1891 -462 565
1696 3460 17429 -1995 -646 528
1942 3486 17433 -2166 -713 489
2157 3537 17508 -2454 -825 492
1956 3534 17238 -2412 -1189 441
1841 3778 17206 -2389 -1807 455
2002 3957 17349 -2548 -2556 669
2340 4074 17688 -2898 -3139 1004
2412 4176 17692 -2964 -3674 953
2654 4142 17472 -3060 -3957 827
2676 4324 17276 -2679 -4088 761
2726 4786 17242 -2546 -4112 849
2892 5024 17208 -2715 -3517 634
2804 5348 16744 -2440 -2753 803
2660 5869 17404 -2390 -2762 1647
2906 5685 18288 -3957 -2420 1838
3060 4494 19446 -4195 -3052 1448
4026 2246 19058 -2218 -3574 1003
4024 1808 18040 857 -3540 1253
3489 3213 17372 2500 -3565 1534
3501 3614 16833 3201 -3638 1285
4053 2806 16913 2972 -3147 167
4249 1312 16536 3298 -1787 -2034
4274 605 16514 4557 -610 -4150
3728 1229 17592 4944 -595 -6820
4964 -246 16925 9075 764 -8867
8604 -1985 16356 15359 4471 -8735
9357 -182 16082 17229 10327 -7754
4877 2698 12496 19492 10385 -6947
8437 2212 11766 11826 11831 -9783
5841 4740 10260 2477 18067 -10080
-7497 7870 11418 -2654 17300 -5194
-16378 10288 11977 -9082 9617 -3703
-15076 16637 11337 -9137 -592 -4591
-4653 12142 13905 -15118 -6045 -1213
992 3641 16976 -17958 -9204 -264
2616 -241 17777 -11057 -9196 -1099
238 489 16161 -1609 -7369 -2450
1248 2316 15458 3722 -3620 -1008
3313 5232 16228 4339 407 2283
3261 6716 15906 5691 3142 7298
5633 5326 13169 8658 5597 11843
7657 5352 11117 7799 15654 13155
2554 2796 9077 2745 26800 9910
-2165 8705 20186 -12723 28190 4234
-2572 12996 14041 -16775 20459 3760
-2401 -5408 22038 -13984 15637 1208
1781 -3448 19889 -12511 10179 3542
-2486 3057 18936 -12994 5877 4855
-5372 -2232 20601 -9512 973 5978
-2478 -3232 21920 -1823 -2723 7348
-1937 -2228 22529 5722 -6293 6071
-3564 -932 20786 12785 -12609 3467
-3478 -1242 20273 17766 -18032 706
-4100 1100 19284 20274 -24335 -166
-2760 -560 19050 19789 -31118 -113
-2204 2344 16409 17769 -32768 -466
-1790 8366 16710 10705 -32768 -532
2254 9698 15712 -71 -32768 470
7796 6317 17096 -8645 -26939 4484
-1574 12805 9892 -5142 -21378 1266
4086 3922 9022 716 -17010 -2163
9603 3668 11050 4097 -5766 -3565
7595 4830 9302 8720 4142 -2804
8141 5385 7642 15935 15389 -1788
6213 8174 14437 12449 20227 -682
6524 10281 16506 731 20864 -540
8789 5828 14376 -3642 24167 -2120
5494 2662 13394 -2525 27988 -5039
4149 4832 15418 -4455 26597 -6976
933 2674 17184 -3071 21387 -8151
-628 3568 18548 -2550 13820 -6458
-562 3701 19133 -2169 6159 -1775
-741 5724 19394 -2909 -495 3144
-1325 6810 20353 -5259 -5784 5954
-1060 7241 21485 -6025 -9356 7554
-1118 7129 21384 -5504 -12497 8121
-1160 6753 20506 -5258 -14992 7236
992 5054 20057 -5603 -18338 5157
1588 3462 18566 -3926 -22427 3438
1405 2944 16488 -655 -25326 2388
1669 2292 16392 1239 -27206 741
9178 1689 19381 -1434 -24614 1683
-432 8006 13206 1373 -17968 -3803
9518 3900 11890 4496 -8485 -4726
9437 5793 11205 3475 955 -5250
7757 5768 10448 3789 9112 -7425
7778 4582 11697 4428 14924 -9124
7773 3708 11957 5159 19038 -9679
6730 6049 12526 4190 22909 -11031
5288 6526 11817 2853 26652 -11776
4858 7293 12077 613 30277 -12380
3193 7189 13884 -2785 31685 -12691
2440 6292 15110 -5885 31088 -12169
1466 4881 14998 -5923 29880 -11138
598 4493 15164 -3679 27945 -8552
516 5189 15645 -1992 25180 -4691
-188 5449 14662 -458 23460 -1420
-5178 9373 17222 -6056 20493 -2902
-4804 7157 17496 -9811 14649 -1892
-4060 6424 15862 -8301 11079 595
-4322 6594 16094 -8918 7678 1015
-4740 5548 16405 -9438 4093 851
-4668 5010 16718 -9199 1391 757
-4318 4708 17269 -8882 -78 716
-3942 4178 17800 -8335 -250 510
-3653 3948 17949 -7224 630 665
-3525 4062 17992 -6608 1933 880
-4110 3504 17702 -6011 2657 1017
-4400 3616 17600 -5244 2920 1180
-4458 3960 17888 -5564 2534 1023
-4709 3745 17932 -5405 1704 802
-4624 2913 17018 -4293 845 344
-4422 3050 17041 -4034 853 48
-4620 3470 17656 -4197 151 -675
-4134 2928 18010 -4127 -250 -918
-4008 2462 17796 -3353 -202 -795
-3660 2301 17498 -2899 464 -289
-3713 2629 17601 -2580 756 329
-3722 2600 17685 -2105 473 624
-3838 2516 17146 -2459 874 764
-3822 3249 16890 -3159 1008 776
-4268 3474 17036 -3585 -161 697
-3853 2732 17109 -4772 -975 290
-3726 2318 17237 -6087 -1413 -77
-3652 1356 17437 -5817 -2071 169
-3064 841 17382 -5373 -1962 576
-3018 524 17449 -4164 -1485 849
-2778 522 17266 -2327 -864 1044
-2464 602 17194 -483 16 1085
-2528 1002 16884 1142 888 869
-2636 1353 16694 2111 1643 653
-2794 1637 16501 2333 2058 345
-2950 2166 16309 1804 2072 -17
-3224 2636 16477 532 1604 -268
-3288 2436 16514 -404 838 -403
-3246 2173 16473 -852 234 -487
-3145 2222 16562 -1151 -104 -448
-2976 2146 16578 -1230 -113 -280
-2932 2064 16437 -1066 268 -17
-2992 2192 16210 -659 905 99
-3117 2593 16294 -394 1244 123
-3194 2618 16565 -262 1448 90
-3233 2556 16518 -231 1526 35
-3300 2617 16366 -266 1605 2
-3317 2536 16362 -548 1540 -65
-3528 2405 16548 -635 1277 -42
-3678 2160 16507 -278 682 -39
-3602 2506 16525 -533 336 -133
-3630 2500 16682 -840 26 -153
-3457 2094 16785 -943 -207 -163
-3473 1762 16718 -727 -262 -67
-3340 1620 16657 -493 -156 -26
-3367 1831 16726 -149 7 78
-3320 1765 16480 321 68 139
-3242 1908 16332 752 148 -16
-3113 2160 16381 606 120 -194
-2969 2146 16356 429 43 -286
-2836 2256 16130 228 269 -273
-2965 2305 16094 121 471 -175
-2821 2442 16131 -46 622 -2
-2772 2445 16109 -65 815 119
-2839 2481 15875 62 1055 25
-3016 2613 16155 -20 754 -139
-2938 2497 16450 -184 371 -170
-2874 2404 16492 -335 370 -112
-3019 2377 16408 -311 672 -47
-3162 2540 16480 -329 939 -170
-3230 2421 16669 -342 916 -278
-3204 2305 16768 -185 904 -187
-3272 2236 16688 -37 1087 -17
-3348 2346 16660 46 1259 158
-3588 2346 16697 245 1106 234
-3652 2402 16929 434 767 288
-3662 2422 16964 379 428 264
-3616 2621 16881 116 174 182
-3519 2484 16881 -69 78 249
-3408 2422 17048 -73 96 389
-3362 2428 16902 -51 295 469
-3464 2388 16850 -118 527 587
-3478 2233 16709 15 542 662
-3521 2248 16621 193 499 697
-3516 2358 16692 236 298 650
-3456 2375 16699 259 197 456