-2630 3796 16400 1333 -530 -258
-2602 4016 16353 1114 -308 -395
-2588 4148 16397 738 -145 -472
-2505 4047 16347 303 0 -398
-2453 3892 16197 150 318 -319
-2414 3844 16289 50 708 -214
-2378 3774 16450 -138 1143 -137
-2350 3781 16726 -480 1630 -176
-2496 3720 17028 -949 2011 -335
-2633 3470 17276 -1383 2190 -522
-2752 3189 17525 -1657 2208 -582
-3038 3004 17796 -1943 1899 -634
-3498 2622 17824 -1959 1157 -503
-3488 2333 17870 -1828 391 -409
-3718 2218 17848 -1485 -402 -459
-3657 2189 17753 -1098 -1189 -681
-3686 2246 17580 -610 -1906 -898
-3825 2284 17329 -214 -2606 -1059
-3790 2473 17228 44 -3173 -1258
-3873 2694 17264 274 -3941 -1438
-3938 3097 17186 240 -4906 -1679
-4004 3493 17262 -122 -5964 -2059
-4162 3670 17236 -333 -7404 -2200
-4284 3898 17424 82 -9668 -2229
-4382 3818 17544 566 -12488 -2276
-4366 4161 17586 613 -15599 -1584
-3797 3862 17646 85 -17981 -453
-3136 4054 17593 386 -19952 555
-2312 4789 17513 -32 -20657 1874
-442 4808 17798 -2395 -21184 3101
688 4557 17028 -2984 -20324 4366
1748 3738 16673 -2859 -19097 5919
2292 3812 15748 -2088 -17499 6959
2922 3306 15570 -1299 -15599 7854
3117 3994 15185 -832 -14261 8187
3441 5220 15172 -598 -13529 8011
3426 5524 15200 -488 -13985 7271
4074 5446 15377 -624 -14249 6764
5282 4365 15144 -1636 -13838 6964
6402 2914 14605 -2392 -11634 7395
6576 1905 14742 -2946 -9835 8016
6944 1680 15044 -2237 -7319 8260
8256 1530 15233 288 -3714 6606
8205 1469 15157 3447 277 4409
7780 1222 14649 6984 4205 2410
6972 1384 14637 8702 8477 -209
4908 2597 14008 9331 10522 -3595
3888 2988 14702 12169 9251 -5975
4738 1368 16948 15266 7883 -6787
6293 2781 18960 15747 8277 -6292
8650 5992 17610 15181 11064 -5157
10685 3480 15136 16356 17245 -5136
7025 6685 13446 14010 22192 -6880
3258 8122 12465 12733 20259 -10165
3597 7925 13220 3023 22410 -14258
1068 6924 13700 -2042 20773 -15517
-176 4152 13665 -4038 17119 -10992
-7796 5154 13992 -4144 10577 -5677
-11034 12134 12178 1500 -584 -3963
-3576 10584 15200 -492 -4776 -303
-117 9544 17957 -6657 -4005 2217
-626 9418 18178 -10587 -2917 2869
-981 8100 16692 -11425 -2055 2416
218 6121 15570 -8760 -206 2240
1938 5214 13966 -2459 4727 2720
4406 5217 11344 1758 14832 3668
7697 2618 10797 2365 24668 7555
2132 11554 18592 -18967 31896 4640
-9365 18858 14722 -24858 17841 4720
-1756 -4233 17220 -19537 15493 5140
-678 581 16938 -24507 15105 3117
-4004 -350 17098 -22874 6184 818
-2284 -4676 18674 -18268 3408 820
-2336 -4061 19052 -9407 3111 3151
-4305 -1760 18665 -154 2418 4065
-4800 -1172 18914 6721 2201 1832
-4321 -413 19429 11818 2733 -828
-5064 218 19222 16840 2408 -4053
-4854 3664 20676 16785 326 -7122
-5293 3316 22513 12877 -5324 -8911
-4144 148 19089 16163 -9209 -9156
-324 -4534 16278 22648 -9265 -10784
-782 1988 17845 19924 -10969 -9305
-3766 6633 17548 12433 -13457 -8985
-3558 9777 16504 4923 -13654 -7862
-3944 10841 14305 220 -11888 -6856
-3398 9506 13462 -2540 -9895 -5021
-1869 6230 13378 -3245 -5497 -1901
-198 5606 14181 -2288 -1025 -323
462 5638 14644 -1590 2103 332
648 5682 13926 -43 4450 1802
980 6798 13234 164 7198 4341
424 9350 15376 -5816 9009 6438
-2200 11120 15048 -12554 8030 7176
-2816 6150 15516 -15339 5014 7887
-1318 3292 17913 -18786 2854 9500
-1106 3186 18120 -20204 171 9680
-1844 1237 17873 -18403 -2467 8191
-898 -653 18329 -14269 -3243 7928
-117 -201 18290 -10747 -1969 8259
-924 -189 17882 -2148 -1343 8967
-654 316 18128 4258 -630 8115
-985 398 18310 7701 -181 5871
-1553 382 17998 11169 -987 3812
-1969 2153 17824 12437 -3921 1755
-3292 1662 19757 11968 -9313 -1138
-2149 1128 20594 11370 -14163 -4402
-1581 1492 21102 10769 -17409 -9157
1990 -1026 18864 13832 -17214 -12833
3281 -1290 16532 16782 -12386 -15031
-384 2886 16148 14210 -9120 -17167
-266 6337 15141 7989 -6977 -17307
1997 6882 15088 473 -3388 -14593
1160 7330 16521 -6600 -2339 -7995
-7781 11041 13401 -2438 -5655 -6627
-3249 7774 13413 3594 -6861 -4314
3278 8190 15140 1010 -2895 -3574
893 7850 15189 -1731 703 -4936
744 7258 12909 630 3808 -4215
2824 7392 11594 4603 9983 -2051
2876 8402 12842 6142 16071 -635
4145 10032 15446 863 19269 3031
4792 7569 14793 -6061 19559 8801
-2609 8557 15632 -16053 22101 4622
-4266 5985 17512 -21874 13981 1734
354 -1025 15910 -13452 10055 3363
-1513 3905 17324 -11149 7061 4141
-2841 -437 17841 -5381 2585 5412
-1574 620 18524 -1320 -435 7178
-1492 3682 18129 -759 -2343 9606
-1153 3366 17458 973 -2590 9971
-2674 3881 18032 1635 -4408 9001
-3142 2353 17932 4028 -7028 7322
-1502 1136 19140 8527 -9058 5181
-140 304 18726 13388 -9335 1310
3081 -216 15921 19249 -7189 -656
3206 2665 13536 22125 -3280 -2343
178 6689 14392 15680 -1128 -7102
3033 7294 17556 766 -479 -8343
-7156 15684 15861 -3092 -5532 -6118
-5198 6589 13006 1613 -7495 -6908
-1558 7344 14128 3434 -5719 -6843
997 9093 15346 857 -1418 -5880
2606 7633 16588 -4128 3173 -6002
1752 5633 15968 -5646 7124 -6704
1149 5205 15428 -3802 11067 -7477
533 6316 15514 -2054 13935 -7155
-226 6454 15830 -2024 14768 -5598
-1622 6446 16065 -2432 14041 -3852
-3469 7393 16349 -3078 11996 -2305
-4188 7968 16506 -4038 9447 -1288
-4660 8033 16125 -5571 7046 -702
-3868 6457 17460 -8377 4579 -316
-3742 5810 17645 -9610 2259 10
-3286 4382 17658 -9252 1040 281
-2816 3406 17838 -7946 445 644
-2878 3348 17858 -6287 84 897
-2441 3566 18277 -4934 -279 1105
-2197 3630 18362 -4052 -122 1417
-2152 3502 18300 -2894 396 1442
-2220 3646 17674 -1515 1284 1173
-2002 3378 16794 -55 2375 790
-2493 4594 16784 -619 3447 -339
-3542 5561 17749 -3055 2744 -1338
-3798 4042 17572 -2886 1080 -1309
-3092 2865 17110 -2302 552 -723
-2864 3540 16893 -1979 87 -350
-3012 3290 17190 -1706 -803 -108
-3005 3262 16790 -1171 -1596 -161
-2864 3425 16489 -380 -2018 -208
-2622 4158 16660 -558 -2259 -216
-2654 4257 17012 -392 -3019 -521
-2238 4192 17026 -939 -3262 -662
-2185 3654 16402 -1032 -2915 -720
-1718 3606 16605 -1064 -2390 -512
-1426 3597 16896 -1156 -1937 -454
-1508 3548 16964 -925 -1500 -139
-1396 3562 16781 -634 -1275 -92
-1550 3617 16486 132 -858 -39
-1681 3778 16264 859 -476 -58
-1808 4353 16368 848 -434 -149
-1965 4648 16505 174 -483 -343
-1937 4532 16488 -498 -716 -577
-1960 4417 16502 -514 -1361 -853
-1738 4017 16796 -783 -2140 -884
-1501 3838 16901 -1242 -2260 -547
-1484 3766 16781 -942 -2371 -285
-1466 3730 16760 -408 -2287 -73
-1288 4297 16601 -245 -2119 88
-1413 4225 16537 -135 -1853 156
-1558 4288 16221 238 -1525 147
-1313 4197 16316 586 -1412 194
-1434 4564 16442 971 -1806 47
-1453 4420 16597 691 -1990 162
-1485 4665 16617 554 -2218 164
-1329 4662 16773 434 -2409 333
-1240 4690 16749 204 -2442 463
-1114 4630 16680 -19 -2347 661
-1148 4877 16256 -296 -2048 797
-1149 4581 16296 -240 -1806 803