-2254 2598 17621 -567 -1273 683
-2156 2882 17489 -280 -1750 594
-2124 3012 17472 -96 -2115 615
-1973 2957 17438 281 -2541 517
-1756 3092 17272 403 -2626 458
-1924 3427 17212 434 -3180 474
-2539 3539 17483 957 -5652 1108
-3526 3777 18048 2570 -10829 2133
-3798 3134 18460 3371 -15933 3554
-2906 3582 18732 3519 -20128 4342
-2300 4593 18784 3026 -22419 4702
-1418 5892 18834 1878 -23501 4467
-38 6452 18424 725 -23388 4273
626 5201 18809 -323 -24031 4363
1485 3586 18116 1246 -24414 4622
2478 3138 17816 3337 -24635 4269
2752 3977 17188 5069 -24871 4200
3654 5224 16177 5505 -24475 3824
4765 6116 15096 4578 -23195 2681
5733 6700 13745 3432 -20726 1132
6480 6800 13053 1542 -18761 -236
7762 6561 12208 -744 -16098 -882
8041 5580 11681 -1832 -13985 -1156
9128 4705 11252 -2918 -10871 -1051
9462 5261 11334 -3870 -7417 -909
10030 6398 11390 -5121 -3943 -910
10144 5962 11064 -5925 -597 -1247
11525 5557 10597 -6080 3893 -1741
11570 6292 10648 -7449 8882 -2406
10558 6122 11485 -8698 11536 -2562
10178 4513 13849 -10510 12373 -2000
9625 3054 14120 -10459 12504 -541
8020 3590 13766 -9489 10997 1451
7230 3942 14382 -8666 9282 2778
6726 3918 14236 -7761 8018 3206
7016 3162 14273 -6233 6413 4115
7361 2780 15124 -6269 5131 5553
6548 2382 14738 -6167 4069 6789
6217 1944 14633 -5229 3404 7597
6012 2965 14981 -4541 3387 7319
5818 2050 15492 -3287 3118 6340
6288 366 15509 -1403 3497 4648
5734 812 16100 95 3616 2500
4500 942 16925 1352 2661 -199
4504 161 18645 3062 1413 -3398
5980 -914 19938 4830 1554 -5645
8842 -3196 19225 9244 3941 -6165
11104 -3812 15970 17200 9843 -7153
12498 -4169 11804 23393 18935 -9637
7660 85 12805 18280 25946 -13703
6453 6105 11158 12105 29065 -12631
2534 7120 10320 10011 30938 -11932
-4986 12468 11609 3073 31975 -11423
-11657 16814 10546 -1860 30110 -13300
-9952 15918 14784 -9674 23478 -10902
-5878 10008 16641 -14977 14544 -5425
-1254 2826 18314 -16881 11215 -2293
-4818 3117 17304 -11158 7536 -612
-2565 5040 16274 -6646 6190 1552
-952 7121 14752 -5100 8719 5221
113 8457 13490 -4937 14285 8347
1393 7912 10293 -6192 23036 10269
2538 5641 13532 -13476 31019 12736
-478 3934 15845 -18705 24052 19354
-10308 7836 18101 -26206 16713 10198
-5206 -456 17574 -23020 1004 15499
-3725 -8814 16926 -15787 -2827 14576
-5408 -1496 18865 -14859 -7988 13600
-4932 -1496 19158 -12419 -13966 12073
-4070 -4580 18462 -6713 -15348 9342
-4337 -6622 20046 2151 -13488 4202
-3292 -7497 21722 11656 -9599 -917
-2312 -7137 20121 21006 -5560 -3929
-2716 -4430 19094 25330 -2904 -7077
-5170 98 19093 22920 -4031 -10752
-1784 -932 16949 22985 -4005 -10586
1116 -694 14733 19501 -2271 -9031
-2725 2678 15098 11891 -1189 -8387
-5022 10148 14984 5223 -2875 -7120
-5988 10992 14934 -93 -3498 -6286
-5484 8513 14824 -3802 -4327 -5349
-2036 5961 15352 -6726 -2410 -4121
-1198 5452 15149 -6566 2027 -3006
-1484 4558 14226 -3858 5083 -1681
874 4186 12881 -2000 11359 163
1564 5677 14228 -3291 17925 2438
626 8805 17032 -9174 19831 6313
-441 5774 13362 -8502 18430 6645
-3256 8517 19472 -17201 12987 5839
-3297 3505 15126 -18702 6317 11102
-3478 -3360 17112 -19000 4064 14526
-5614 270 17492 -17263 -2187 15268
-4697 -437 17414 -12600 -8304 15083
-6126 661 18404 -10534 -11974 13264
-5490 1772 20050 -6809 -15020 12042
-3744 -1077 19725 -2929 -17048 8163
-1876 -2053 19404 -17 -15831 4831
-1917 -1889 18553 2505 -14006 3730
-770 -2394 18872 5249 -10800 2852
-1225 -1077 18149 6975 -7803 1170
-1842 518 17738 8257 -7435 -3956
-3290 948 18004 7752 -12773 -9784
-2202 -2590 20108 8928 -17896 -14961
1409 -3866 21225 12198 -16824 -17510
5424 -5554 16448 21434 -10137 -16069
7213 -2761 12389 24881 -1304 -14302
2268 4828 13484 15510 6797 -16073
909 9378 12036 4880 12560 -16587
3860 5042 13953 -4686 16060 -15385
-3232 5608 14474 -10130 19703 -14666
-11172 8781 10222 659 11832 -15426
-4204 5182 13742 754 8732 -12415
-1670 7480 15792 -3947 7015 -7695
-3382 6216 17366 -6799 4784 -4716
-4021 4049 17120 -4546 3279 -2178
-2276 5758 16444 -3792 4044 -857
-2101 6441 15616 -3793 5607 769
-784 5324 15362 -2381 7218 3337
-169 4309 15044 -518 10326 5491
-346 3648 15898 766 12140 7164
-192 4016 17949 -707 11995 8815
-970 5860 18998 -6238 9638 11187
-2966 4793 15944 -6511 7794 10709
-4646 3648 17041 -8287 5265 9817
-4790 94 16960 -6344 2333 10522
-4266 0 16928 -2337 -279 9398
-4041 3829 16736 -3228 -1728 6214
-4572 3674 17086 -4771 -3577 3050
-3690 2510 17448 -4880 -4231 1122
-3658 1581 18292 -5961 -3698 623
-2750 1368 18309 -5538 -3001 1340
-2413 293 17705 -3537 -2055 1841
-2534 636 16930 -1124 -528 1712
-2560 2040 15850 826 1085 1534
-3004 3013 15538 1885 2565 1104
-3388 3352 15669 4408 2696 684
-3434 2537 16118 4929 2709 675
-3680 1992 16549 4141 1933 774
-3564 1921 16406 1632 1436 1164
-3520 2578 16357 506 937 1309
-3652 2758 16465 -449 397 1438
-3801 2609 16708 -1190 3 1508
-3873 2238 16889 -1291 -391 1510
-3813 2284 16737 -985 -196 1588
-4038 2322 16888 -261 -69 1455
-4064 2418 17074 209 -238 1007
-3997 2369 17464 167 -343 568
-3853 2226 17582 -273 -515 311
-3584 2101 17677 -697 -554 4
-3476 2082 17433 -1117 -531 -74
-3500 1828 17202 -1090 -325 -192
-3129 1716 16992 -762 17 -219
-3126 2165 16826 -693 451 -109
-3166 2344 16845 -624 639 -229
-3181 2152 16718 -499 626 -778
-3177 2130 16497 -198 506 -1155
-3048 1982 16614 -257 437 -1179
-3124 2213 16694 -512 146 -1081
-3228 2093 16774 -782 -324 -1049
-3136 1957 16680 -810 -593 -1000
-3012 1996 16572 -680 -576 -964
-2816 2028 16621 -452 -482 -883
-2741 2009 16733 -282 -611 -868
-2690 2037 16678 -175 -547 -875
-2713 2150 16564 -161 -419 -1005
-2868 2338 16262 -114 -286 -1146
-2804 2434 16425 -202 -327 -1188
-2665 2620 16662 -597 -462 -1090
-2692 2745 16732 -985 -808 -994
-2518 2596 16714 -1212 -1083 -1016
-2433 2493 16596 -1200 -1159 -1065
-2397 2385 16558 -873 -1098 -1170
-2329 2572 16648 -697 -842 -1212
-2217 2660 16828 -616 -478 -1144
-2325 2616 16789 -445 -55 -1082
-2525 2650 16694 -134 161 -910
-2570 2931 16655 -41 306 -619
-2680 3058 16660 -219 201 -401
-2720 3133 16709 -181 -90 -467
-2640 3073 16668 -263 -466 -539
-2573 3126 16984 -574 -781 -479
-2590 3064 16957 -645 -896 -498
-2453 2894 16954 -438 -772 -443
-2413 2710 16929 77 -500 -381
-2268 2700 16766 513 -100 -324
-2085 2944 16761 765 420 -200
-2090 3173 16729 698 847 28
-2152 3238 16744 308 1052 302
-2289 3241 16576 -278 934 435
-2474 2984 16522 -724 577 339
-2478 2904 16534 -1248 76 313
-2464 2504 16617 -1512 -482 329
-2301 1965 16746 -1368 -934 216
-2220 1682 16778 -852 -981 116
-2172 1713 16818 -283 -803 -42
-2346 1790 16788 274 -693 -29
-2509 1942 16709 542 -531 -10
-2678 2146 16708 644 -542 -60
-2786 2166 16673 595 -710 -195
-2765 2220 16613 537 -1029 -369