-2645 2149 16590 562 -1412 -568
-2506 2385 16602 492 -1706 -733
-2561 2401 16494 521 -2004 -828
-2326 2400 16462 629 -2273 -853
-2302 2392 16378 910 -2422 -887
-2084 2281 16386 1250 -2468 -907
-2110 2440 16264 1390 -2395 -924
-2157 2898 16445 1229 -2394 -915
-1985 3232 16505 863 -2162 -940
-1866 3173 16477 585 -1955 -948
-1510 3217 16753 242 -1400 -928
-1469 3196 16865 -152 -554 -810
-1514 2914 17129 -425 519 -574
-1494 2760 17558 -849 1624 -385
-1901 2406 17910 -968 2523 -360
-2069 2118 18184 -991 3074 -400
-2445 2005 18166 -940 3197 -513
-2821 1754 18333 -876 2930 -494
-3242 1446 18328 -1008 2266 -339
-4091 745 18043 -490 921 -45
-3664 337 18077 -391 -499 -513
-3958 948 17790 255 -1463 -1366
-3868 2090 17593 105 -2645 -2327
-4189 2934 17318 -1566 -3768 -3133
-4256 2628 16824 -2777 -4691 -3580
-3856 1645 17105 -3124 -5619 -3711
-3189 1130 16914 -2541 -6251 -3228
-2374 872 17310 -1651 -5795 -1848
-2274 1914 17434 -1356 -4547 -553
-3089 3588 16629 -1742 -5124 -225
-2332 2702 17602 -982 -7377 -118
-1236 2562 18177 -1211 -8176 -54
-1112 1737 17585 208 -9661 -368
-248 2146 16928 1137 -9394 12
329 3168 16445 969 -8233 338
556 3278 16597 478 -7265 1164
1096 3353 17130 -270 -6796 2225
1344 4202 16926 -1252 -7196 3013
1538 4073 16193 -2244 -7451 3353
1821 3224 15665 -2296 -7742 3334
2174 2125 15676 -974 -7935 3206
2968 1214 15706 1606 -7659 2821
1826 1429 15758 3962 -7517 1458
1904 2149 16532 3812 -7993 -936
785 3296 17566 3266 -10632 -3608
1950 1808 18973 5309 -14833 -4363
5725 -844 17477 10677 -14373 -5521
5025 2658 16298 11500 -13662 -5911
6929 1512 13365 11198 -9873 -6134
5922 2793 13156 9148 -6829 -5575
3554 5625 13816 4956 -5086 -4579
3086 7104 13500 884 -3717 -2703
3602 5129 14493 -3587 -2653 76
3386 4129 16768 -7470 -4593 4375
-777 4353 15504 -6360 -7189 5067
-2101 6692 12713 -101 -8390 1025
-96 7356 12705 2082 -7304 -579
1592 8077 13134 404 -4855 1311
5326 6821 14658 -1904 -653 2470
5420 4360 15281 -1940 2549 1341
4714 2201 15752 1385 3415 155
4929 2638 14818 5437 4507 -496
6089 3062 14429 7157 8434 -219
6538 3701 15200 4871 15000 -163
5313 6718 18924 -1091 18331 -177
4304 7225 19414 -4282 18070 -100
6813 -1350 16813 2886 18464 1481
9722 5 17342 -2851 28637 492
-1512 10297 18789 -11853 21450 599
609 -1713 16444 -2702 15871 6043
-788 3992 17913 -4214 12509 5915
-6213 2186 19113 -2270 1073 6412
-2760 793 19701 -587 -6323 6643
-2629 1321 19996 612 -11511 5865
-1806 1604 19618 1835 -14089 4744
657 1973 18724 4543 -13557 3749
1469 2840 18564 5396 -10888 2503
1737 3493 19028 5052 -8916 1960
2094 1752 17813 6550 -7497 921
1690 621 16604 9086 -6456 -56
1110 1797 15140 12136 -7720 -127
1844 4177 15084 10902 -7966 -670
3080 5730 15660 4374 -5966 -541
5014 2790 15966 338 -5029 973
7101 1961 15988 -2428 733 2944
-810 10782 12734 -292 3289 -1374
1609 6760 13424 2562 3964 -3934
3128 6262 14065 951 7912 -3830
2602 4945 15070 166 9834 -3671
3041 5248 16402 -1700 11016 -4470
3381 4560 16480 -2094 12062 -5208
2308 4478 15878 -3248 13397 -6280
1025 4133 15461 -3894 13990 -6150
440 3961 16001 -3467 13593 -5463
-896 4628 16576 -3169 11679 -3959
-497 5630 16704 -3779 9718 -1635
-650 5501 16105 -4023 8244 581
-1226 5020 15464 -4280 7350 2714
-1241 5237 15285 -5575 7761 3460
-837 7468 16374 -9024 7452 2213
644 6981 18102 -12823 5024 1586
2704 3697 15952 -11319 2392 3231
1969 2070 16701 -13603 3604 421
-1504 5181 18410 -18163 -600 2503
-3082 -3062 17860 -12359 -5370 4313
-60 -3686 17449 -10460 -2563 4578
-1726 134 17765 -9145 -3394 2614
-830 -144 18937 -6419 -4606 1182
406 14 18418 -2717 -3108 531
-72 528 17800 1559 -808 -352
-600 534 17373 5514 1453 -1783
-620 586 17246 8864 3091 -3365
-500 -117 17057 11703 4594 -5347
-388 570 17422 11893 5222 -7362
-610 2521 18162 9784 4752 -8825
586 2604 17890 8822 2752 -8881
2990 -1200 16406 11479 2736 -7704
3980 1268 16513 10515 6017 -6749
588 5509 15838 8711 7011 -5325
-1078 6360 16490 5266 5858 -4418
-1100 6736 16289 442 4276 -4107
-1168 5096 16241 -2479 1724 -3804
-373 1877 16433 -3705 -101 -1567
-2789 2902 16216 -3814 195 -260
-6929 8136 13940 -8 -1704 -1290
-4462 7641 14453 1477 -2202 -1511
-1158 5670 15749 -1596 -97 -663
-1180 4944 16397 -4210 2109 137
-1397 5341 16636 -5826 3007 546
-393 4772 16562 -6289 3016 1074
-678 3781 16832 -5925 2469 1104
-1281 3617 16622 -5231 1058 1332
-1118 3978 16316 -4556 -55 1541
-524 3926 16101 -4192 -261 1678
0 3726 16105 -3173 -101 1699
372 3250 16064 -3346 1087 2142
416 2924 16192 -5239 3446 3058
-777 2981 16737 -5371 4450 4021
-1590 2946 17244 -5569 4952 4277
-1984 2274 17852 -4808 4860 3432
-2081 1594 17853 -3552 4025 1934
-1985 710 18040 -3026 3475 873
-2181 1373 18128 -3061 2776 702
-2782 1032 17960 -1986 2154 1189
-2525 405 18090 -785 1519 1652
-2541 1088 18080 -387 819 2061
-2716 1758 17826 -49 196 2696
-2620 1849 17702 -34 -108 2686
-2552 2154 17940 -136 -262 1991
-2265 2246 17618 -454 -266 1282
-2093 1825 17494 -638 -275 547
-2094 1708 17094 -765 -128 157
-2225 1570 16873 -728 97 -100
-2062 1658 16842 -795 516 -113
-2159 1705 16854 -908 784 38
-2138 1436 16765 -884 936 213
-2208 1208 16657 -748 990 56
-2204 1321 16693 -571 933 -282
-2268 1505 16810 -781 624 -631
-2297 1270 16806 -783 172 -864
-2230 1149 16724 -721 -195 -1072
-2172 1244 16833 -670 -397 -1066
-2092 1266 16936 -583 -542 -1006
-1996 1321 16922 -517 -566 -935
-2017 1385 16749 -443 -506 -972
-1920 1500 16605 -394 -387 -1066
-1852 1741 16545 -467 -235 -1067
-1814 1857 16557 -532 -98 -1102
-1848 1808 16537 -591 -82 -1185
-1853 1776 16474 -559 -51 -1243
-1874 2042 16520 -643 -36 -1161
-1880 2168 16564 -713 -135 -928
-1873 1973 16557 -743 -294 -792
-1964 1850 16477 -526 -470 -806
-1846 2026 16462 -411 -541 -863
-1806 2149 16566 -507 -519 -873
-1693 2029 16713 -502 -591 -845
-1537 1820 16726 -513 -529 -845
-1552 1786 16594 -277 -521 -793
-1394 1918 16468 -31 -460 -701
-1368 1924 16504 99 -439 -619
-1374 2029 16453 218 -522 -568
-1246 2152 16482 166 -646 -557
-1052 2140 16529 33 -648 -655
-989 2069 16454 164 -392 -691
-912 2063 16445 229 111 -589
-1105 2074 16586 386 536 -407
-1234 2333 16634 508 760 -354
-1389 2548 16718 531 806 -340
-1570 2679 16849 427 609 -322
-1586 2560 16874 263 271 -228
-1654 2322 16807 296 21 -68
-1490 2142 16781 256 -208 87
-1384 2212 16776 273 -255 231
-1373 2242 16756 384 -238 269
-1405 2277 16752 450 -184 249
-1425 2400 16660 406 -104 143
-1349 2472 16613 245 -320 40
-1266 2269 16721 270 -725 -28
-1185 2265 16626 143 -990 -173