-2561 10981 11224 -1985 32223 -8249
-9082 15076 12230 -6747 24343 -5114
-7086 13806 12246 -10742 15252 -3021
-4070 8753 13610 -14257 9278 -1967
-4873 4569 15514 -14044 3778 -1801
-4776 3781 16516 -8943 -62 -651
-3561 4546 17205 -5403 -1452 1132
-3016 6664 16761 -3078 -2752 3249
-2858 7542 16425 -1191 -4119 5564
-566 7609 15572 -1100 -2230 8059
1534 6469 12900 -1150 3893 9409
6644 1282 5389 2697 14471 10367
3902 6420 20441 -15880 24522 12655
-6500 23496 12864 -29948 18703 14695
-7962 -2916 19502 -14223 5658 6803
-782 -4708 21481 -11455 -1865 227
-1462 146 18797 -12382 -4656 -2018
-852 -2554 19780 -14969 -1986 72
-1442 -2950 20668 -9391 890 2761
-1377 -2472 20349 257 1711 3722
-826 -1558 20498 8627 2887 1682
-1416 66 20673 10416 4253 -1569
-1745 -20 17749 15044 4900 -3610
-1265 1726 17834 18336 4174 -4694
-1942 992 16621 23657 1456 -4520
2 1421 16638 23503 -1143 -3837
-240 5496 14408 19598 -3803 -1264
-2750 8610 15476 10493 -7444 -586
-3672 9826 14962 2330 -11828 -2298
-3869 8161 16073 -3634 -16700 -2900
-6089 9084 17509 -8633 -18009 -758
-7217 11581 13018 -6028 -16348 -1335
-1354 7660 11968 -5037 -12207 -2790
1177 4348 13565 -6486 -6447 -1767
2473 3222 14810 -5024 -2472 381
1561 4464 15402 -3086 -243 -34
639 4594 14858 489 -429 -544
202 5321 13518 3455 -568 -495
-580 6188 12345 4191 380 333
1109 7801 10676 1989 5648 1864
3224 7534 12681 -5696 13558 1929
2378 7044 16217 -12685 17444 2928
3388 742 11540 -9471 21648 3776
540 2646 20545 -19655 23368 1554
-644 7634 17953 -18311 15802 3672
-504 -116 18073 -12667 11986 2164
-1062 1836 17769 -10498 9005 558
-2801 328 18014 -4870 4097 433
-2565 -2236 19030 -965 1966 2583
-2806 -364 19126 4276 -1286 4377
-3393 2284 19765 6612 -5460 4198
-3752 3210 20977 7433 -10787 3125
-3313 2744 22157 8256 -16054 2167
-2644 1674 22988 9450 -20928 -189
-2057 2894 23016 10367 -24771 -3408
-365 2032 20344 14862 -26181 -7183
3050 -966 21084 17069 -25433 -9728
5505 -614 18666 18105 -21466 -9602
5349 3321 17917 13488 -16144 -8761
5341 6630 15596 7672 -9893 -8077
5769 6524 15833 4858 -4780 -3745
-854 12905 14118 3609 -966 -1615
-4442 11660 11809 4708 -1456 -4341
-906 10305 13818 -1336 1934 -6086
3052 7480 14614 -3637 2892 -5484
5092 5977 15549 -4833 4384 -5086
3596 5632 15314 -2752 5116 -5351
3114 5709 15254 -761 5407 -5827
3476 6088 14900 89 7817 -4606
1990 6397 14706 341 10261 -3221
3256 5949 14456 308 12387 -2339
3468 6081 12842 524 15883 -2089
613 6213 12250 2197 19691 -2037
742 6885 14672 1284 22028 -990
-198 8350 19960 -5193 18869 243
158 5850 19384 -6295 11613 3136
-1309 5358 17261 -6870 9896 1563
-3794 7180 18669 -11338 5409 2406
-2454 1904 18077 -7474 604 6027
-1349 3273 17518 -3231 -1660 8433
-2390 6560 17818 -3132 -4294 8508
-3037 5293 17988 -2088 -7396 8618
-2410 4949 17909 -903 -8996 8744
-2337 6053 18654 -2005 -11909 9831
-2422 4633 18889 -980 -16070 11283
-1540 2858 18832 777 -20117 11499
-632 2689 19342 3320 -24048 10928
2562 2862 17861 7408 -25470 10649
4902 5193 15544 8808 -21923 10155
4621 6804 16764 4984 -17667 6807
6518 4966 15578 1721 -13461 2980
7221 1542 14141 425 -6768 -58
5124 2642 13273 1014 -988 -1358
468 10684 12676 -802 1810 -3178
-377 9800 10524 102 421 -6978
3101 2544 11621 817 2681 -9145
4482 2493 12974 -13 5919 -10038
3204 3832 12802 -265 8607 -10293
4032 4006 12276 78 11780 -10953
4230 5366 12161 -275 15755 -11871
2668 7238 12409 -1308 18131 -11557
1225 8114 13388 -3595 18125 -9416
534 7557 14256 -4705 15831 -7347
664 7230 14797 -3947 13967 -5396
946 7304 15445 -3263 12941 -3808
914 7768 15774 -3315 12235 -2825
1326 7672 15817 -3725 12086 -2076
2182 7064 15902 -4428 12330 -1474
2721 6833 16525 -5780 12818 -1045
2281 6992 16794 -7194 11864 -315
1440 5854 16830 -7597 10441 393
1220 3986 16254 -6536 9219 1152
2058 1780 15584 -5211 9331 1624
2214 3037 17361 -8210 11065 2812
-113 4818 17386 -9783 9993 3535
-1166 2800 17833 -9040 7898 2638
-988 2333 18494 -9209 6588 1042
-2084 2508 19037 -10294 5115 -148
-3378 1793 19430 -10617 3528 -907
-3776 973 19912 -10193 2882 -1245
-4102 1206 20537 -9723 2598 -1172
-4641 1005 20913 -8922 2114 -976
-5409 972 20700 -7429 1680 -800
-5833 922 20469 -5571 1478 -1002
-6096 1253 20228 -4385 1274 -1090
-6417 1926 20080 -3766 592 -1387
-6680 1961 19873 -3166 -348 -1730
-6473 1806 19566 -2689 -888 -1970
-6489 1736 18996 -2465 -1083 -2088
-6580 1736 18289 -1933 -1243 -2320
-6376 1888 17769 -1627 -1440 -2363
-6205 2044 17412 -1504 -1421 -2391
-5999 1712 17151 -898 -1369 -2485
-5962 1371 16380 281 -1202 -2754
-5683 1941 15914 1227 -1251 -2954
-5248 2476 15954 1494 -1216 -3089
-4880 2466 15874 1659 -1153 -3182
-4628 2344 15457 2086 -1186 -3021
-4193 2364 15378 2392 -1059 -2758
-3992 2928 15170 2254 -841 -2523
-3773 3314 15178 2116 -712 -2308
-3346 3368 15441 1826 -510 -2192
-3078 3166 15457 1654 -175 -2032
-2749 2901 15566 1382 444 -1744
-2690 3130 15529 1084 1235 -1455
-2749 3469 15738 585 1960 -1370
-3056 3749 15897 109 2324 -1356
-3188 3645 16120 -453 2231 -1406
-3128 3170 16376 -787 1695 -1309
-2930 2518 16761 -879 865 -1056
-2696 2276 16905 -857 -14 -748
-2486 2138 16948 -655 -822 -520
-2256 1932 16982 -670 -1137 -393
-2044 1822 16960 -485 -1222 -287
-1866 1888 17096 -190 -814 -148
-1888 1950 17106 20 -321 -170
-1962 1981 16970 263 33 -270
-1968 2250 17209 281 283 -372
-2074 2249 17346 167 321 -430
-2076 2084 17464 20 217 -434
-2097 1772 17354 -42 113 -321
-2318 2048 17264 -43 -33 -354
-2277 2565 17389 -232 -182 -412
-2214 2560 17386 -306 -193 -388
-2157 2489 17430 -282 -97 -326
-2298 2602 17337 -249 81 -259
-2498 2676 17202 -221 81 -228
-2597 2806 17226 -294 -93 -240
-2572 2876 17285 -482 -436 -279
-2505 2782 17322 -536 -854 -278
-2473 2534 17278 -580 -1103 -185
-2394 2438 17261 -447 -1093 8
-2325 2516 17209 -355 -918 152
-2284 2822 17013 -238 -809 197
-2212 2904 16920 -146 -783 221
-2142 2880 16865 -85 -817 294
-2170 2857 16716 -138 -863 341
-2150 2934 16862 -426 -960 375
-2141 2942 16837 -708 -1149 340
-2077 2834 16936 -1006 -1288 311
-2041 2598 16978 -1066 -1340 334
-1888 2434 16921 -877 -1279 353
-1888 2414 16777 -645 -1132 381
-1936 2457 16765 -421 -954 425
-1956 2529 16688 -353 -876 464
-1961 2364 16528 -188 -887 623
-1865 2178 16560 -229 -870 663
-2146 2336 16580 -277 -872 731
-2229 2276 16442 -360 -1106 756
-1990 1990 16442 -519 -1137 656
-1992 1857 16332 -363 -1063 624
-2058 1790 16348 -308 -964 571
-2030 2168 16521 -532 -867 471
-2094 2084 16437 -729 -870 380
-2120 1922 16414 -858 -862 293
-2112 1846 16522 -816 -917 362
-2072 1706 16562 -680 -976 446
-2122 1702 16408 -491 -1090 439
-2168 2060 16526 -426 -1281 270
-2168 2346 16637 -623 -1446 107