1280 3104 19868 2364 -6607 -1122
1728 3101 19198 2947 -6960 -1176
2426 3014 18520 2857 -7442 -965
3120 2730 17984 2726 -8291 -297
3402 2537 17102 2616 -9718 692
3706 2854 16184 2632 -11536 1619
4192 3008 15296 2697 -13209 2148
5058 3014 14301 2481 -13890 2527
5854 3084 13702 2353 -13475 3229
6938 3349 13682 1269 -12135 3826
7058 3313 13522 384 -10492 4309
7025 3309 13790 227 -9165 4633
6792 3344 13850 76 -8391 4434
6390 3514 13842 278 -8246 3815
6404 3646 13348 349 -8342 2976
6916 3524 13521 179 -8535 2523
7556 2922 13472 136 -8527 2369
7845 2573 13308 43 -7982 2255
8110 2529 13093 -346 -6788 2222
8101 2350 12668 -776 -5609 2334
7889 2094 12120 -935 -4894 2145
7714 2146 11830 -1238 -4251 1709
7378 2308 11814 -1609 -3936 1209
7581 2084 12192 -2020 -3505 909
8021 1710 12480 -2511 -2323 771
7873 1674 12601 -2777 -680 759
7666 1693 12698 -2965 833 613
7324 1736 12869 -3254 2107 219
7010 1814 13238 -3491 2864 -208
6594 1498 13612 -3297 3099 -534
6034 1250 13890 -2865 2622 -555
5692 1104 14248 -2060 1735 -318
5653 1472 14962 -1589 801 22
5924 1928 15258 -1541 380 180
6396 2177 15720 -1793 664 472
6597 2214 15906 -2189 1324 774
6422 2076 15993 -2295 2036 1019
6205 1945 16056 -2265 2380 1171
6034 1686 16118 -2000 2319 1156
5817 1356 16057 -1485 1803 1077
5797 1289 15932 -1062 1147 928
5854 1284 15808 -896 683 832
6064 1349 15936 -1159 599 838
6324 1130 16026 -1420 964 972
6166 1001 16153 -1646 1398 1448
5901 610 16084 -1672 1630 1913
5493 692 15946 -1611 1488 2122
5248 824 15881 -1518 800 2093
5180 594 15826 -1441 -172 1853
5400 80 15612 -1096 -941 1595
5528 73 15206 -868 -1307 1427
5914 150 14716 -995 -1327 1279
5866 -82 14533 -962 -1084 1178
5921 -218 14253 -978 -1033 1282
5706 -377 13976 -801 -1221 1231
5858 -668 13768 -584 -1800 1033
6010 -1576 13656 739 -2421 313
5608 -2285 14501 2205 -3043 -2546
5730 -3494 15894 4823 -3612 -6798
7557 -4568 17486 8783 -2093 -9636
10336 -5154 16829 15447 3702 -11132
15193 -8166 12368 29055 14986 -13002
16553 -3654 9538 32468 29291 -15208
6922 4254 10337 29018 32767 -22877
3988 7274 9338 22816 32767 -28588
9942 6444 10034 3980 32767 -25396
-6805 17545 6946 -7177 32767 -22295
-9657 15180 9474 -8121 32767 -20089
-10338 7357 15988 -6702 30216 -15878
-9497 1021 21641 -751 16416 -9493
-9242 5933 21041 2603 5514 -3525
-7080 8517 19318 909 -29 -312
-7120 9481 19972 -1432 -3335 739
-5360 9746 20177 -3802 -5162 841
-3448 7584 20214 -4888 -6561 388
-1504 5001 19836 -4452 -7134 931
-790 3822 19565 -2203 -7342 3215
2125 4874 18261 -502 -5714 7696
1920 6188 15473 204 -1286 10454
-3317 7633 15596 -747 -1120 9565
2917 5798 14213 -1091 1000 12695
4030 3906 16402 -6755 4634 14977
1473 5312 19306 -17415 798 16185
-4552 12540 18532 -30178 -6721 14780
-3148 3025 15260 -32412 -12089 12583
834 -4358 14434 -23908 -14972 12254
3470 -6405 15349 -16442 -17959 10163
2577 -7273 18592 -12064 -19681 7959
2253 -6592 18509 -1606 -19985 4893
3073 -9478 17902 13350 -15545 -1399
3400 -6833 17488 25909 -9935 -11136
5141 -6200 15396 32767 -2708 -18994
7337 -582 15192 32767 7109 -24676
5710 3045 12493 28998 18281 -29360
4058 7113 13732 13112 27829 -31445
5921 9465 12020 -1899 32139 -25056
4610 3001 11404 -13105 32767 -16431
-4620 5398 10946 -12854 30574 -8709
-12976 10426 9310 -4754 19239 -5264
-11309 8793 13148 -2390 7293 -4075
-10694 9192 15453 -2989 -3836 -3317
-9640 8945 16909 -959 -11045 -1405
-7500 10094 18748 -241 -16104 213
-5868 7390 20120 510 -19751 1944
-3476 7988 20504 -244 -22185 3448
-1130 9612 19441 -3118 -22092 7090
2257 8072 16766 -7484 -17159 11002
2788 3484 15114 -5799 -11200 13697
4814 -2 13550 1265 -2353 14639
6806 -254 22220 -582 1039 17646
2848 4305 24224 -7903 -5102 20233
-5678 17032 24110 -25105 -17249 15296
-1616 2269 17757 -24413 -27848 13427
2610 -3393 15500 -16467 -28436 10693
6718 -3929 16957 -11200 -28768 9905
9893 -3780 16794 -11408 -22959 10227
10104 -2553 14822 -8388 -14763 12031
9457 -1805 12705 188 -5285 10473
7914 -616 12488 5072 491 6309
7244 -1573 12401 7151 3699 1510
6838 -3864 11608 11324 7169 -2365
6022 -3192 12696 14474 9995 -6871
5453 -1718 14432 14997 10903 -10852
8630 -2221 15072 15466 13687 -13510
9577 -1441 13994 13953 19876 -14577
7602 -853 12896 15248 25631 -15841
4130 -44 12622 12034 30939 -18294
1738 2433 12086 10818 29585 -18197
3352 4634 14056 3912 26938 -13527
-9836 16426 13065 -1377 23863 -9815
-13290 15122 15792 -439 13112 -7401
-11552 13204 18870 -4469 5536 -6386
-7612 7966 20920 -6183 -3583 -3128
-4453 5833 19721 -8073 -6929 329
-801 4454 18682 -5950 -7692 3067
-1 4342 17984 -3395 -3816 3700
484 4185 18938 -1200 -1205 3467
-210 4345 18998 -604 162 3407
-649 4593 18993 -731 990 3596
-808 4538 19312 -1378 -40 3999
-516 4225 19361 -2269 -1016 4268
-614 3530 19161 -3002 -1553 4249
-713 3129 18968 -2495 -1838 3735
-662 2894 18553 -1902 -2119 2931
-628 2936 18360 -1315 -2222 2485
-512 2989 18205 -1244 -2323 2492
-469 3273 17861 -1680 -2360 2453
-402 2858 17624 -2243 -2337 2459
98 2441 17282 -2383 -2167 2554
-52 2345 17208 -2171 -2264 2604
-4 2121 16954 -2293 -2071 2657
-77 1916 16485 -1953 -2106 2493
244 1193 16558 -1266 -1804 2209
573 817 16793 -646 -1363 2021
705 1124 16732 -481 -837 1690
498 1516 16690 -734 -370 1318
526 1834 16634 -1085 153 912
445 1989 16786 -1611 716 557
182 2085 16744 -2107 1017 427
-58 2033 16526 -2597 1035 382
-289 2152 16022 -2346 339 249
-176 1509 16014 -2363 134 283
-179 212 16584 -1108 -725 -5
38 96 16919 295 -1288 -164
-9 1578 16724 1072 -1212 -380
216 2504 16589 926 -1017 -469
555 2749 16364 136 -396 -394
676 2069 16293 -524 78 -489
853 1546 16277 -343 219 -586
972 1702 16271 33 276 -485
774 2378 16127 78 419 -481
622 2952 16057 -486 301 -735
786 2824 16136 -945 261 -874
962 2476 16341 -1064 359 -879
1030 2460 16485 -1011 484 -673
1042 2446 16609 -890 684 -543
945 2578 16764 -840 814 -512
816 2757 16742 -815 982 -510
765 2761 16780 -792 1145 -511
716 2708 16965 -817 1205 -581
632 2673 17090 -841 1114 -606
569 2564 17050 -869 743 -534
603 2375 16981 -758 326 -432
656 2426 17069 -360 -48 -469
658 2595 17026 -94 -108 -420
656 2667 16988 51 26 -371
672 2669 16999 197 18 -403
789 2763 17019 177 -54 -523
758 2798 16986 116 -3 -645
764 2823 17098 1 157 -609
718 2950 17127 -26 264 -621
699 2956 16959 76 383 -570
845 2867 16764 286 370 -454
767 2794 16842 487 162 -381
786 2880 16899 368 -181 -254
813 2757 17026 273 -447 -211
821 2823 17087 113 -610 -209
796 2911 17011 132 -553 -233
924 2732 17041 419 -442 -210
918 2652 17099 619 -240 -198