-4903 18975 5699 2056 9731 3150
-5876 20234 5780 1572 9294 4426
-5349 20596 5957 126 8506 5371
-4644 20738 6413 -835 8148 6458
-4406 20831 6617 -1150 8500 7020
-4324 20908 6622 -335 9348 6927
-4846 21110 6896 1766 10429 7050
-4988 22754 7486 4817 11499 6961
-5176 23221 7470 6632 11982 7959
-5152 25093 7244 7854 12948 8916
-5477 26103 6933 7410 11733 10918
-5166 27489 6928 6876 11817 12168
-5568 28553 6944 6397 11981 13065
-4566 28300 6809 6592 12491 13365
-4397 28032 6556 6156 12471 13911
-4374 26928 6469 7071 12984 17561
-3272 27202 5977 7609 14128 20565
-2972 27593 5467 8458 15155 19937
-2629 24054 5575 6550 13838 20880
36 22541 5782 8383 14001 20523
-585 23128 5326 9853 14967 18442
-1636 22670 5386 8562 12582 18332
227 21202 4912 6076 11515 19307
805 20188 5152 4440 10479 21226
1684 19754 5082 3789 9848 22141
2433 19069 5078 3689 9478 22147
3818 16938 5406 5963 10342 21306
4292 15989 5148 10445 11914 19858
3356 16317 4208 14954 13124 17989
3149 16757 3126 16478 13062 16854
3102 17630 2378 15406 12346 16851
3296 17641 1804 12596 10804 16891
4797 16075 2152 10274 9707 16225
5392 14196 2881 10621 9475 14969
6260 13382 2818 11631 10140 13862
6864 12012 3125 13471 11092 12116
7125 11172 3316 15219 11442 10988
7565 10800 3340 16013 11326 10492
6894 10930 3398 15753 10618 10492
5788 11663 4935 13515 7569 10801
6217 10964 6913 11581 3541 9950
6325 9384 7393 11935 330 7668
5718 8588 6925 13225 -3497 5526
5197 8997 6080 13174 -6926 4441
4910 8682 5284 12808 -9590 3683
4708 8464 4876 12711 -13115 2691
5104 9392 4584 12084 -15364 1415
4710 9844 3892 10160 -17107 489
3838 10256 2906 7746 -19154 -157
3278 10360 1893 5312 -21294 -676
3153 9538 870 2684 -23477 -2103
3034 8588 -24 1653 -24532 -4229
2881 7781 -1214 1560 -24799 -6657
2435 6389 -2691 1747 -24866 -9345
1326 6380 -3900 377 -25396 -11445
115 7776 -4641 -4999 -26446 -13388
-1390 10005 -4958 -13946 -27202 -15550
-3935 14640 -6185 -28797 -27945 -16076
-3069 14268 -6746 -32768 -27523 -17334
-1375 10327 -6299 -32768 -26286 -18587
-3225 8442 -5634 -32768 -20661 -19818
-7762 13234 -5980 -32768 -17609 -18684
-9872 17026 -6218 -32768 -18646 -17182
-10080 18941 -6062 -32768 -17298 -16988
-9368 18482 -3577 -32768 -13199 -18614
-8876 17476 -938 -32768 -7520 -20423
-7961 15096 2820 -32768 728 -21704
-9234 15350 4574 -32768 5888 -21389
-8673 14673 7352 -32768 7867 -20950
-9520 16374 9920 -32768 7059 -19209
-9054 14684 12898 -32768 5832 -17388
-8712 13094 15576 -32768 5711 -15543
-8193 11676 18228 -32768 5751 -13090
-7637 9759 21008 -32768 6828 -9891
-7501 8554 23037 -29585 8831 -7600
-7696 7854 23676 -25500 10012 -6787
-8544 8061 24839 -22446 10856 -6092
-9787 8195 25540 -19977 11189 -5296
-10737 7374 25533 -17416 8823 -4268
-10284 6401 24888 -14371 5842 -3153
-10086 5926 24116 -11754 3603 -2323
-9308 5371 23244 -7544 1269 -1042
-8952 5776 22225 -2774 -1364 370
-8733 6558 21484 -917 -2900 1243
-7965 6578 21090 -416 -3544 1467
-7125 6446 20441 -361 -3421 1350
-6580 6284 19858 -494 -3094 1221
-6120 6313 19059 -798 -2791 855
-5779 6164 17976 -1324 -2641 441
-5682 5972 17346 -1334 -2590 411
-5480 5577 16616 -868 -2570 582
-5914 5632 15894 -393 -2851 831
-5928 5669 15409 -191 -3447 823
-5958 5708 15018 -369 -3943 919
-5779 5562 14654 -506 -4370 963
-5338 5332 14133 -715 -4526 1005
-4934 5153 13868 -965 -4351 1114
-4523 4794 13751 -828 -3715 1322
-4058 4696 13383 -379 -2677 1539
-4064 4764 13268 -278 -2047 1753
-4140 4968 13342 -322 -1826 1807
-4624 5374 13810 -1853 -2355 500
-4745 5832 14748 -3814 -3200 -834
-4402 5148 15680 -5288 -3588 -2066
-3297 4597 15970 -4819 -2637 -2082
-2946 3856 16169 -3475 -616 -1724
-2988 3576 16012 -2193 1371 -1519
-3015 3163 15900 -481 4469 -1285
-3518 3678 15814 928 8078 -1310
-4524 4129 16015 1751 11213 -1510
-6628 3981 16470 2591 12388 -2208
-8050 4086 16397 3825 12184 -2276
-8766 5234 16320 3421 9757 -1240
-8854 5993 16940 1778 5529 -694
-9456 6496 17372 -90 2370 -262
-9568 7207 17513 -2680 -2635 634
-7149 6065 16918 -5689 -6457 705
-5470 4101 16214 -5897 -5236 460
-5528 2926 15734 -4198 -3065 455
-4689 2288 15429 -1801 -512 807
-5088 2905 15445 758 1284 1298
-5882 3650 15820 1361 789 1340
-6517 4672 16330 446 -922 1091
-6296 5238 16354 -798 -1955 1158
-5757 4910 16435 -1571 -1804 926
-5438 4633 16706 -1536 -1131 200
-4741 4330 16736 -798 -495 -152
-4566 3740 16594 464 -39 -629
-3808 3117 16258 1947 1077 -474
-3702 3254 15906 3136 2733 -283
-4141 3405 15789 4759 4142 364
-4004 3168 15808 6211 5340 881
-4373 3969 15352 7893 7127 1423
-5774 4896 14799 9251 9327 1902
-7768 6265 14353 8771 9304 1941
-8828 7160 14089 7473 8072 1611
-9319 7362 13871 5787 6339 1210
-9578 7365 13566 3997 4356 1046
-10224 6828 13468 3267 2343 322
-9776 7873 13734 1166 -545 -418
-8688 8048 14112 -2069 -4150 -735
-7684 7829 14655 -4795 -7802 -864
-5544 7144 14689 -7554 -9814 -523
-4552 5572 14621 -9751 -9449 -850
-4178 4772 15437 -9921 -9162 -1569
-3838 3900 15808 -8999 -8242 -1906
-3527 2905 15970 -5809 -5088 -1456
-3668 2519 15673 -797 -557 -855
-4330 3313 15229 1711 2302 -507
-5187 4225 14962 2458 3263 -484
-5460 5306 14899 2109 3271 -540
-5621 6202 14897 984 2784 -669
-5650 6409 14756 99 2196 -814
-5842 6549 14441 -388 1804 -945
-5929 6421 14341 -737 1480 -1109
-5956 6374 14245 -991 1246 -1262
-6078 6370 14370 -1233 1094 -1307
-6227 6292 14792 -1603 650 -1239
-6609 6271 15366 -2189 -195 -1188
-6921 6230 15686 -2787 -1025 -1249
-7096 6058 15936 -3148 -1540 -1258
-7072 5870 15976 -3417 -1933 -1242
-6985 5524 16008 -3650 -2208 -1121
-6842 5240 15897 -3730 -2230 -980
-6689 4980 15932 -3728 -2093 -875
-6402 4756 15878 -3668 -1838 -793
-6178 4508 15790 -3598 -1552 -727
-5775 4196 15595 -3312 -1121 -569
-5470 3936 15528 -2968 -573 -376
-5621 3980 15718 -2981 -222 -263
-5737 3902 16061 -3240 -68 -172
-5709 3621 16330 -3485 187 -250
-5830 3344 16550 -3653 301 -315
-5840 3230 16569 -3887 343 -440
-5766 3056 16574 -4089 234 -609
-5686 2831 16488 -3943 40 -796
-5723 2666 16518 -3678 -281 -910
-5840 2531 16448 -3363 -605 -941
-5876 2500 16292 -3102 -817 -914
-5965 2626 16212 -2870 -1060 -777
-5835 2620 16091 -2603 -1276 -585
-5755 2463 16212 -2372 -1162 -374
-5745 2328 16276 -1998 -889 -444
-5810 2318 16266 -1703 -737 -549
-5745 2289 16134 -1312 -609 -641
-5448 2463 16036 -1093 -590 -762
-5409 2490 15874 -840 -397 -491
-5221 2626 15761 -625 -275 -292
-5261 2794 15821 -449 -39 -185
-5286 2959 15842 -284 197 -43
-5188 3128 15716 -178 252 127
-5429 3518 15709 -401 -16 149
-5602 3549 15937 -864 -563 102
-5540 3458 16064 -1143 -1088 -35
-5754 3589 16222 -1505 -1683 -159
-5741 3617 16450 -1943 -2311 -286
-5482 3448 16602 -2240 -2682 -355
-5188 3212 16716 -2227 -2730 -377
-4999 3142 16735 -1969 -2797 -237
-4601 2782 16878 -1303 -2276 -2