-1438 2509 18888 -2736 948 -1734
-1178 2550 18842 -2757 660 -1669
-1385 1822 18664 -2566 958 -2011
-1660 3652 19677 -5274 1600 -1771
-2969 4090 20000 -7143 139 -754
-2860 2286 20956 -7054 -2651 62
-3330 1450 21384 -5633 -6066 913
-2194 1278 21617 -4889 -9455 1173
-1757 605 21729 -3879 -11607 1521
-2066 1614 21328 -2323 -12263 2847
-1816 1866 20209 -626 -13038 4725
-1012 2052 19034 1303 -13247 6306
-800 3121 18972 1848 -14065 7654
-897 4138 18620 1738 -16583 8353
-48 3194 18072 2135 -18868 8308
1164 2017 17486 3017 -20468 8225
1036 1477 16606 3565 -21740 9348
1464 -302 15802 5468 -22309 10968
1457 -1166 14821 8078 -22836 13041
2806 353 14349 10220 -23421 14792
3561 1602 14245 11228 -25556 15995
4001 2833 14630 12631 -28654 16633
5305 4576 13126 11826 -31216 15450
6852 6392 10156 7275 -29459 13571
8826 4154 9169 3637 -26691 11793
11190 297 8445 1792 -22866 10404
12358 -1260 7457 1121 -19093 9060
12396 -1466 6204 1633 -16029 6920
12469 -1504 5153 2239 -13148 4018
13277 -2556 4361 2990 -10384 1468
14054 -3301 4101 3778 -7748 -285
14445 -2734 3748 3502 -4831 -1658
13929 -2041 3348 2213 -1796 -3085
13638 -2164 3598 302 861 -4641
13696 -2441 4141 -1057 3235 -5991
13714 -2170 4584 -2699 5346 -6913
13721 -2536 5698 -3558 7370 -7924
13925 -2489 7286 -3188 10803 -8844
14368 -1764 8444 -913 15099 -9731
14033 -768 9040 1980 18289 -11791
13478 -976 9296 4503 21081 -15708
12722 -2837 9252 6746 25069 -21482
9561 -680 8016 6815 30673 -25965
7249 878 9516 7370 32767 -29629
3608 3105 9974 2828 32767 -30279
-1604 7026 9730 963 32767 -29721
-4297 12321 11764 -2725 32767 -28120
-6018 12910 14678 -7622 32767 -24760
-6828 11441 16802 -12859 28913 -20457
-5509 9317 17281 -14579 22272 -17261
-4502 7069 17181 -9194 19176 -15298
-3305 5614 17830 -3561 18904 -14394
-1280 5988 17073 511 22990 -11902
-362 7653 16000 -2064 30712 -9033
-2529 8745 18189 -8329 32767 -7110
-6728 11046 24398 -18611 31471 -4567
-7078 5793 20708 -16922 23366 -1728
-4409 1094 18461 -11944 18977 975
-7221 2716 20574 -13166 13287 3330
-6158 3808 18821 -10674 7681 7652
-3193 370 18086 -5244 7131 11363
-2329 1342 17118 -2195 5855 14422
-2776 3113 16862 -2344 3722 14683
-5100 5066 17193 -6562 -436 12910
-5480 4286 17061 -10081 -7445 11448
-3834 -189 15906 -8006 -14776 10451
-2497 -2584 16314 -4212 -19433 10037
-3133 -3072 17364 -349 -21702 10140
-2606 -2778 18654 3593 -22085 10448
-2185 -1629 20013 8301 -23165 11061
-2788 53 20466 11395 -24512 9962
-4090 2066 21022 12136 -27415 6122
-3740 3664 21248 10734 -32526 2040
-2540 3298 24009 8361 -32768 -2134
345 1370 20649 9754 -32768 -7972
6669 -1324 15274 16884 -32427 -13028
10216 3930 15428 16925 -20952 -15416
9502 6732 15129 9265 -4625 -16802
9696 5105 15912 7183 7144 -16522
8284 6233 16820 2595 15171 -13028
1442 12874 12465 -511 19105 -11668
544 10417 11753 -1469 20467 -12834
253 9118 12642 -5555 23273 -15021
-260 9150 13114 -6399 22043 -13931
728 7866 14166 -6068 21651 -12023
-64 6108 15741 -5843 21691 -10169
-694 6289 15804 -3844 22503 -8593
201 7142 15246 -3532 26253 -7306
-130 6744 15517 -5284 31893 -6847
-737 7730 18238 -10721 32767 -5491
-2685 9664 19384 -16186 32767 -1883
-6381 4801 17808 -16607 31753 1131
-10609 8805 22169 -22553 20786 6254
-11020 5796 19250 -20712 4830 11345
-9077 -2989 20108 -12491 -6448 14641
-10490 1234 20858 -9726 -18942 13261
-8374 3328 21188 -13062 -27960 12882
-7224 3224 20289 -15063 -32018 13184
-5132 2296 20204 -14418 -32768 13183
-4384 1208 20540 -10982 -32768 12728
-1622 -2733 19836 -5685 -32768 10406
162 -2682 18566 -780 -30928 8121
293 -766 17466 2761 -27080 7068
2097 212 16421 4505 -22799 6803
2412 380 15404 4671 -20287 6250
3704 120 14674 3270 -18405 5133
3784 -234 13644 2011 -17308 4237
3458 -1100 13005 512 -17112 2981
3117 -1052 12753 -411 -17651 1519
2990 -2922 11834 1326 -19140 -751
3705 -3173 11785 5038 -18464 -4448
6233 -2854 12685 9401 -14851 -7969
8166 -3890 11916 14421 -7293 -12572
10397 -1361 10497 18001 3300 -18116
11356 -932 9909 19140 15118 -23167
9846 221 9698 20536 26006 -27485
7596 74 9789 17783 32767 -32129
4782 4614 8685 10773 32767 -32768
4977 4700 8668 2685 32767 -32768
-721 5009 7981 -2217 32767 -30433
-9837 10897 7113 416 32767 -27161
-10512 11049 9466 -2626 32767 -24855
-7789 11154 10669 -8447 32767 -21114
-9834 11437 13418 -15728 32767 -15728
-12528 9177 14324 -18885 32767 -10632
-13249 7821 15137 -16880 29263 -7481
-12193 6992 16037 -12794 22455 -5035
-11220 5614 16908 -7996 16206 -2628
-10790 5405 17340 -3697 11349 82
-10852 6256 17482 -1504 7471 2941
-10905 6934 17402 -1455 4675 5166
-10838 6536 17418 -1923 2702 6510
-10468 5953 17320 -2469 1758 6861
-9881 5466 17441 -2795 608 6271
-9082 5330 17385 -3237 -394 5581
-8633 4946 17377 -3949 -1319 4795
-8468 4746 17202 -4861 -2134 4358
-8148 4184 16869 -5630 -2242 4243
-8092 3381 16758 -5966 -2176 4229
-7852 2686 16689 -5569 -2007 4334
-7714 2060 16865 -4596 -1981 4470
-7760 2150 16874 -3640 -2252 4552
-7741 2548 16534 -3205 -2594 4516
-7588 2565 16417 -3595 -2704 4263
-7676 2630 16558 -4372 -3152 4090
-7773 2580 16516 -5050 -3417 3983
-7926 2377 16373 -5436 -3971 3789
-7582 2085 15984 -5568 -4584 3606
-7432 1850 15882 -5643 -4653 3308
-7602 1480 16037 -5414 -4970 3095
-7664 1405 16073 -4890 -5421 2925
-7850 1604 16032 -4631 -5836 2788
-7446 1440 15965 -4674 -5745 2764
-7248 1198 16058 -4520 -5756 3000
-7440 992 15908 -4165 -5697 2937
-7346 1098 15900 -4071 -6041 2450
-6885 1017 15662 -3864 -6425 2038
-6425 900 15572 -3763 -6357 1750
-5972 493 15730 -3691 -6018 1311
-6205 548 15689 -3363 -5979 831
-5996 485 15653 -2898 -5700 496
-5550 413 15560 -2369 -5328 418
-5308 222 15477 -1707 -4630 348
-5198 497 15460 -1057 -4298 267
-5001 574 15397 -705 -3932 228
-5016 838 15356 -520 -3744 206
-4784 977 15289 -428 -3598 146
-4821 1173 15406 -410 -3392 -33
-4902 1324 15405 -586 -3216 -245
-4820 1445 15440 -751 -3242 -363
-4485 1408 15504 -895 -3096 -510
-4385 1541 15424 -984 -2916 -763
-4284 1792 15381 -1133 -2727 -880
-4222 1764 15289 -1249 -2456 -882
-4137 1520 15436 -1018 -2123 -695
-4053 1469 15502 -620 -1870 -417
-4065 1456 15534 -130 -1644 -176
-4018 1524 15717 273 -1575 -33
-3969 1690 15858 462 -1461 -54
-3929 1829 15977 496 -1350 -101
-3922 2040 16073 287 -1117 -209
-3949 2152 16160 -30 -847 -366
-3908 2212 16222 -251 -488 -453
-3798 2040 16360 -481 -99 -494
-3733 1989 16322 -510 166 -508
-3873 1936 16200 -341 226 -438
-3933 1996 16094 -292 169 -413
-4040 1733 15997 -170 -53 -441
-3848 1518 15994 54 -295 -509
-3756 1494 16018 294 -367 -535
-3777 1600 16142 459 -424 -486
-3769 1792 16304 427 -489 -529
-3806 1941 16370 370 -458 -587
-3873 2158 16528 207 -269 -676
-3988 2268 16580 38 -238 -730
-3926 2228 16590 -128 -201 -723
-4002 2108 16460 -146 -293 -705
-3984 1880 16517 53 -404 -708
-3994 1900 16646 322 -415 -841
-4056 1956 16609 599 -359 -863