-4804 1860 15689 3638 -3339 -259
-5216 2053 15744 3230 -3145 -739
-5858 2730 16077 3111 -3908 -1070
-6338 2946 16282 3115 -4760 -978
-6288 3421 16660 3175 -5835 -471
-5710 3889 17281 3012 -6907 265
-5730 4705 18097 3150 -8123 977
-4588 5086 18765 1076 -9652 1102
-3848 3952 18352 727 -11673 1924
-2913 3213 18620 2333 -14120 4463
-1912 6784 19937 -1383 -17037 7940
-2741 8505 21052 -4570 -22814 10651
-1641 5410 22017 -4056 -30425 12580
949 3669 22581 -3778 -32768 13524
3516 3502 23422 -4857 -32768 13999
5109 3113 22398 -5693 -32768 15052
8949 2504 21410 -6615 -32768 16641
13702 2814 20269 -8745 -32768 17136
17624 3678 18126 -10928 -31930 15283
18709 4612 16166 -10230 -26070 12551
18912 3508 14588 -9504 -21121 9546
17852 -74 12685 -6008 -16370 5805
16382 -1958 11978 -1580 -11937 2883
14433 -1308 10914 2458 -8583 85
13348 -1209 9558 3885 -6452 -2057
12837 -1112 8878 3613 -4419 -3043
12480 -602 8914 2191 -3347 -3811
12292 -436 8910 526 -1747 -3467
11536 -690 7530 200 202 -4283
10256 -665 6994 775 2211 -5435
9554 -554 6953 2347 3680 -6950
9236 -741 7346 4068 5474 -8385
8777 -466 8474 5129 6651 -9365
8818 -338 9342 5688 8192 -9586
9910 -766 10077 8051 11807 -9596
10997 -1390 10377 11164 17072 -10619
9834 826 8601 13215 21771 -12498
6834 2245 6401 12735 28248 -17782
1750 2857 6289 13046 31526 -24901
837 5496 7817 5837 32767 -30148
2508 7476 8676 973 32767 -28469
-2540 9145 8934 -7475 32767 -26116
-8172 11542 8125 -8716 32767 -22609
-5021 6633 8893 -9584 32767 -19472
-3228 3937 9644 -12816 32767 -18683
-3306 4561 12800 -14683 32767 -16729
-8174 4298 13392 -12429 32767 -12750
-11644 4432 16266 -5407 27900 -6750
-10392 4818 17494 521 17230 -2474
-11062 5900 19473 4095 7813 -540
-11128 8208 20094 4553 151 260
-9922 9572 20198 2245 -3528 1410
-7734 9608 20122 -2093 -4091 3495
-4722 8944 19241 -6750 -1065 6316
-1776 6677 18261 -9969 4369 9892
2342 2393 15845 -13147 12315 12744
2850 -2157 17316 -16799 20691 16041
-8348 5461 24426 -22790 12396 21773
-10390 -1580 19254 -10837 2684 17971
-1589 -6274 20945 -3056 -3155 18339
942 -2708 18340 3418 -3698 18465
-7233 1674 23749 -675 -10808 13781
-9478 5677 20904 -4138 -22630 11190
-5158 3157 18748 -6508 -24324 7962
-3309 1149 17990 -7877 -24234 5400
-336 -1668 18456 -7940 -21304 3900
1941 -1680 17526 -3527 -21582 2650
2548 -5554 18986 1022 -14499 1076
1445 -1937 18794 6348 -12533 -2306
-221 -777 19281 12920 -14864 -5744
281 -2812 17905 20230 -17519 -7790
1993 -1401 15224 27891 -16784 -13495
3425 657 14860 27925 -14144 -16981
3004 1624 14438 23223 -10919 -19104
2645 6830 14028 16068 -7045 -18612
3262 14490 12906 7050 -2526 -12804
3413 13778 13940 -2735 1289 -8114
929 7109 14232 -7390 4093 -4887
-498 4509 13641 -6396 5451 -2429
296 6102 14106 -5246 4985 -1190
-292 7822 12793 -1344 4051 -457
578 8102 13733 827 3132 -379
1134 8464 14692 1079 2197 1023
1640 7478 15216 567 1338 1939
1799 7305 15839 -1437 1130 2200
1732 7146 15493 -5097 3415 2982
3198 6594 15124 -9039 8026 5019
3668 5869 14105 -11937 13214 7837
2558 5913 13577 -12702 17499 9569
-80 9184 15017 -17668 21493 9356
-1913 5304 17469 -16749 19983 9042
-1093 -1865 20204 -9330 12998 7633
545 -2037 20702 -6191 5909 4309
-1590 2677 18728 -5795 687 1539
-2716 4656 18124 -7921 -2930 1062
-2710 2774 18157 -8492 -5148 1082
-1345 -136 18794 -6601 -7469 1331
-148 -482 18490 -3569 -9254 1540
190 40 17682 -732 -9831 1289
665 365 17434 1417 -9206 244
1033 1729 17950 1444 -8559 -1060
1144 1500 18225 1848 -7988 -2901
1828 546 18560 3296 -7571 -5648
1916 1510 18937 3459 -6154 -9929
2421 942 18605 5210 -3901 -14732
5138 -1673 17229 10021 1127 -17929
5749 -1850 15326 15870 7609 -18798
4193 56 14244 17942 13494 -19228
2594 4050 13292 15625 17110 -19608
2689 5124 13461 8490 20697 -17600
365 5082 13754 2986 21462 -13246
-5404 10016 12758 2257 19266 -9109
-8065 12050 12816 2368 13359 -7560
-6688 9306 13368 -1624 10768 -6465
-4946 8546 14494 -5549 8545 -4426
-4464 7373 15381 -7967 6719 -2660
-4066 4866 16166 -6852 5738 -1704
-3057 4301 16320 -3686 5538 -982
-2421 4816 16737 -1432 5945 -242
-2234 5692 17089 -362 5865 673
-2321 6340 16978 -731 5843 1324
-2830 6337 16956 -1699 5611 1924
-3205 6385 16914 -2618 5119 2448
-3524 6489 16784 -3768 4455 2783
-3593 6396 16666 -4928 3471 3040
-3474 5761 16208 -5528 2638 3151
-3029 5010 16004 -5109 1825 3035
-2464 4800 15873 -4374 1308 2985
-2256 4696 15800 -4126 972 3087
-1964 4708 15473 -4150 976 3487
-1810 4469 15448 -4364 1069 3933
-1936 4138 15389 -4477 1078 4436
-1909 3998 15332 -4861 742 4906
-2349 3994 15524 -5299 625 5269
-2974 3665 15564 -5879 572 5266
-3108 3436 15569 -5719 123 4907
-2874 2993 15920 -6049 -102 4647
-3066 2705 16122 -6030 -451 4486
-3341 2304 16260 -5876 -855 4280
-3445 1998 16765 -5670 -887 4184
-3610 2141 16884 -5444 -962 4254
-3905 1921 17022 -5146 -655 4328
-4144 1848 17176 -4638 -589 4136
-4221 1858 17301 -4520 -458 3845
-4074 2088 17376 -4547 -185 3854
-4348 2008 17558 -4673 62 3949
-4562 1286 17756 -4750 73 3727
-4606 1250 17781 -4546 -88 3188
-4137 1084 17528 -4140 -341 2805
-4025 868 17620 -3811 -328 2556
-4650 1008 17568 -2541 -531 2384
-4205 533 17766 -3484 -519 1797
-4065 608 17709 -3452 -734 1635
-4068 470 17597 -3085 -307 1672
-4105 382 17744 -2696 -238 1429
-4285 433 17750 -2277 -330 1186
-4088 657 17630 -1969 -290 835
-3988 758 17530 -1780 -367 453
-3868 934 17362 -1806 -321 220
-3729 910 17244 -1884 -261 47
-3613 672 17220 -1879 -375 -70
-3585 465 17068 -1727 -678 -166
-3484 406 17013 -1393 -1060 -304
-3456 593 17032 -647 -1297 -396
-3220 557 16945 21 -1536 -400
-3064 820 16937 443 -1516 -397
-3076 1184 16896 666 -1502 -359
-3010 1342 16938 635 -1421 -370
-2856 1517 16788 319 -1171 -422
-2724 1562 16638 87 -868 -327
-2593 1465 16570 10 -523 -257
-2505 1502 16569 -83 -127 -262
-2538 1277 16526 -68 181 -273
-2603 979 16608 143 426 -427
-2599 917 16917 590 564 -680
-2730 1246 17064 699 467 -811
-2674 1524 17126 450 269 -918
-2621 1621 17201 238 135 -980
-2564 1502 17162 130 -41 -1017
-2461 1363 17050 128 -71 -851
-2414 1445 16864 373 -16 -681
-2372 1698 16776 711 119 -802
-2460 1862 16756 933 195 -1010
-2448 1962 16761 806 189 -1217
-2401 2038 16641 447 169 -1182
-2398 1944 16701 96 8 -1067
-2410 1930 16714 -184 -176 -848
-2365 1977 16640 -311 -341 -667
-2334 1941 16613 -268 -386 -564
-2376 1938 16665 -85 -337 -523
-2404 1848 16749 234 -247 -515
-2428 1990 16788 436 -172 -472
-2544 2216 16786 489 -101 -399
-2473 2341 16801 452 -116 -357
-2502 2248 16800 403 -188 -236
-2532 2150 16897 440 -367 -177
-2565 2169 16892 461 -521 -151
-2685 2248 16861 443 -649 -262
-2660 2422 16812 498 -784 -399
-2552 2396 16585 710 -877 -489