-2446 2528 16206 1013 -692 -332
-2340 2449 16209 1004 -657 -328
-2298 2369 16169 1021 -388 -252
-2448 2336 16202 1079 -116 -171
-2406 2321 16190 1014 -11 -37
-2397 2290 16338 897 144 82
-2418 2317 16345 842 295 186
-2370 2238 16272 832 391 228
-2432 2161 16413 734 510 174
-2490 2275 16460 664 711 45
-2446 2324 16569 440 969 -173
-2388 2408 16782 76 1320 -356
-2525 2260 16965 -243 1735 -567
-2618 2120 17080 -553 2143 -630
-2864 1969 17230 -763 2597 -585
-3141 1904 17350 -877 2899 -416
-3542 1713 17312 -842 2914 -216
-4141 1338 16960 -473 2562 111
-4221 762 16966 -263 2057 222
-4649 457 16745 411 1852 63
-5206 521 16676 1238 1255 -290
-5504 664 16538 1740 873 -639
-6016 989 16481 1964 401 -911
-6444 857 16552 2180 -72 -1186
-6412 904 16449 2470 -319 -1259
-6281 657 16520 2979 -422 -1133
-6214 358 16732 3600 -96 -1019
-6878 146 16724 4918 -86 -1063
-7202 325 16630 7610 -764 -1751
-7010 842 16854 7135 217 -1522
-7878 2192 16905 6959 647 -1920
-8178 3572 17621 5923 4 -1874
-7876 4016 17340 4466 -758 -1684
-6824 2318 16457 4448 -1881 -1736
-5002 2210 16756 2688 -527 -1738
-5076 5038 16106 -2886 3728 -1509
-6357 6172 19350 -8246 4241 -1377
-5452 4862 21165 -8902 506 -317
-4798 6577 21025 -10516 -594 -517
-6140 7672 21929 -14485 -2122 -2288
-5214 6401 22169 -14179 -4337 -2508
-1916 4766 22428 -10809 -6354 -1853
-837 5330 21250 -7073 -9236 -1743
-34 3872 19433 -2920 -11058 -1162
2282 2901 18762 1929 -12591 725
3426 3573 18021 5341 -14289 2668
3852 3692 17114 7369 -16008 4799
4522 3925 16290 7729 -17761 6974
5533 3993 14950 6299 -19433 9007
6082 2585 13998 4426 -21005 10873
6061 688 13310 3800 -23619 12138
5857 -685 13054 4237 -26309 12451
5464 -1852 12716 6203 -29934 13472
4954 -2548 12345 8708 -32768 13435
4313 -2869 13490 10736 -32768 13198
5412 -4701 12733 14266 -32768 12390
7334 -4298 10361 18152 -32768 9375
10640 -2681 8660 19760 -32768 8096
10872 1901 7532 16978 -32768 6577
10124 4406 6712 11736 -32052 2283
14758 2488 7810 6549 -23213 238
14430 4037 10922 2633 -14478 4668
6813 12296 4238 1577 -4905 -437
15561 6878 8124 1674 5198 -3121
15614 6210 10642 -1809 15284 -6187
14025 5232 10882 -5512 21996 -10090
11624 5168 10268 -6294 27593 -14742
8942 4121 9878 -5296 32300 -17995
5414 5712 9677 -6143 32767 -19284
3293 6680 9420 -7419 32767 -21008
2014 5281 10194 -6423 32767 -22136
333 5100 12110 -3709 32767 -21607
-1869 6858 13236 -300 32767 -21011
-1228 8326 13029 -73 32767 -21021
-2050 10144 14434 -4618 32767 -21063
-3302 11344 14526 -10359 32767 -19502
-5405 8196 14181 -11518 32767 -17225
-7898 4076 15150 -11863 32767 -17923
-12473 7886 18214 -11394 32097 -13458
-10401 3916 18426 -7403 24101 -9078
-8534 6836 19950 -5164 15139 -3257
-6750 6013 20341 -2833 8391 2193
-11677 7676 22352 -5210 1873 3186
-12862 10425 22908 -9700 -6724 5786
-11770 10630 21846 -13523 -10812 8516
-9898 8473 20905 -14104 -12753 9693
-7262 5276 20481 -10738 -12979 11247
-5257 4353 19404 -7271 -15027 13211
-2112 3880 17961 -4516 -17503 14998
-3034 1008 17742 -1366 -21065 15883
-3954 298 18209 3009 -25205 16476
-3388 1272 18258 5147 -28058 15081
-2740 712 18818 6018 -30521 10696
-3009 2269 19866 4994 -32677 4329
-2472 820 20522 6228 -32768 -1198
-824 -1633 18516 15249 -32768 -4884
2630 -5796 16500 22573 -32768 -6740
4849 -3557 14653 26834 -30390 -6162
4066 1445 14948 20186 -23157 -8815
7100 1845 14380 15279 -16233 -10010
7056 9242 14930 11704 -7799 -4952
260 13068 9150 13191 -4121 -4364
3938 4286 10750 10673 5153 -7210
4137 5008 11322 7688 11870 -9126
2621 5885 11730 7850 15009 -7478
-17 5348 12344 9006 13322 -6319
241 6957 13420 10624 11540 -5631
-250 11238 13642 8048 9964 -4875
-869 13621 13568 1984 9040 -3490
-1033 12550 13829 -3224 7789 -2641
549 9637 14504 -4265 6788 -2631
2097 8832 13733 -3268 8159 -1896
3754 8462 11830 -5478 13785 -1473
4126 7141 11761 -8078 21052 46
1796 8361 17342 -15805 23605 1910
-2296 10838 20890 -23303 15497 5462
-37 5096 14294 -18658 9524 8176
-4922 7738 18360 -25566 8100 6977
-5852 6621 17050 -25669 1513 7317
-2404 1125 16608 -19643 -1287 7550
384 5080 15857 -19520 -2592 8084
-998 4096 16890 -20149 -6368 7752
-1457 274 17194 -18426 -9755 8055
433 -676 15966 -14530 -11388 10422
1690 -1461 15713 -9647 -12936 13867
898 -2132 15925 -3917 -15202 17281
233 -2814 17120 2524 -15555 17481
157 -1426 18437 7506 -15044 14346
2314 2010 18782 8479 -11865 9224
5128 4160 18682 7115 -4270 4264
6181 3185 18200 5847 4008 147
6912 -954 16446 8270 11256 -2120
6072 -754 15704 11335 16526 -4253
2736 2041 15236 11403 17393 -5276
1942 2808 14980 8448 17069 -8100
4510 1549 16040 2030 17091 -8914
-3740 10217 13870 1613 16053 -9157
-5564 10314 12209 6456 13255 -9070
-3968 8320 13713 3999 11315 -7224
-2158 7144 14841 542 10529 -5281
-2564 8686 16430 -3139 9182 -3774
-1473 8078 17718 -5192 7110 -2019
-864 6960 18397 -5565 6123 -771
-592 6252 18562 -4599 5942 20
-636 6198 18520 -4072 5986 588
-289 6322 18233 -4449 6036 971
-856 6384 17801 -4932 6146 1247
-1316 6249 17266 -4988 5951 1663
-1850 6360 17101 -5027 5825 1901
-2445 6065 17346 -5206 4873 2169
-2738 5778 17441 -5680 3384 2759
-3017 5421 17405 -5892 1520 3644
-3032 5342 17260 -6201 305 4608
-3394 4914 17202 -6464 -568 5043
-3004 4014 17316 -6390 -1013 5149
-2486 3406 17262 -6139 -707 5262
-2586 2954 17257 -5739 -243 5359
-2877 2773 17014 -5299 60 5014
-2889 2460 16796 -5010 290 4831
-2848 2202 16762 -4988 487 4871
-3220 1929 16662 -5132 472 4794
-3470 1622 16650 -5494 134 4617
-3620 1226 16684 -5845 -278 4611
-3564 777 16574 -6154 -425 4845
-3864 -148 16460 -6154 -445 4796
-4212 -642 16642 -5870 -618 4194
-4338 -1116 16825 -5381 -883 3659
-4132 -1365 16948 -4671 -1119 3326
-4116 -1320 17028 -4004 -1245 3009
-4164 -1290 17109 -3429 -1354 2619
-4030 -1498 17032 -2616 -1414 2524
-3930 -1641 17132 -1600 -1322 2479
-3766 -1500 17150 -822 -1190 2431
-3936 -1185 17132 -719 -752 2157
-4028 -826 16990 -1071 -537 1642
-3730 -918 16866 -1439 -413 1174
-3646 -1030 16878 -1439 -454 816
-3393 -746 16746 -1334 -608 583
-3102 -392 16541 -1326 -839 528
-2913 -81 16561 -1324 -960 384
-2610 42 16369 -1142 -1055 313
-2290 12 16210 -945 -1057 333
-2318 -17 16018 -706 -1055 306
-2122 17 16004 -219 -1008 157
-1824 293 16138 230 -905 -140
-1679 554 16268 191 -639 -264
-1842 405 16383 106 -360 -270
-2020 172 16665 239 -192 -182
-2228 313 16794 301 -125 -230
-2378 565 16907 309 -95 -538
-2261 695 16938 45 -186 -698
-2164 632 16829 -224 -411 -733
-2022 481 16825 -288 -646 -796
-1941 322 16889 -137 -795 -811
-2147 460 16826 110 -888 -636
-1933 678 16770 181 -1003 -672
-1876 795 16748 481 -943 -814
-1813 997 16670 549 -872 -1113
-1794 1014 16609 538 -865 -1180
-1534 1173 16573 486 -919 -1050