1717 1302 15689 7692 -32768 48
3508 2805 14841 6405 -32129 -636
4673 3918 14420 4824 -28673 -1131
5793 4920 14185 3443 -25528 -2012
6388 4886 14336 2883 -21835 -2842
5893 5132 13949 3421 -19244 -3049
7284 5309 13829 4325 -16784 -3486
8405 6198 14149 4644 -14596 -3679
9565 7566 14042 4139 -12749 -3472
10029 8677 13949 2776 -10985 -3093
10246 8796 13630 1400 -8381 -2711
10094 8828 13400 100 -5984 -2049
9680 8912 13137 -542 -3823 -1341
9153 8496 12457 -281 -2095 -859
8730 8178 11948 1223 -832 -531
8472 8950 11914 1766 184 -72
7910 10086 11893 854 795 405
7874 10336 12013 -1399 1259 1049
7948 9509 12250 -3681 1532 1879
8112 8006 12198 -4653 1159 2555
8486 6806 12401 -4863 958 3391
8860 6857 12708 -5043 1250 4488
8906 6521 12697 -5844 2154 5377
8636 5913 12390 -5782 3416 6090
8762 5178 12584 -5433 4388 6516
8905 4320 12981 -4571 5687 6474
8394 3780 13612 -3247 6552 6303
8168 3424 13832 -1796 6842 6490
8005 2866 13706 -383 7076 6440
7472 2898 13677 308 7225 6143
6506 3785 13937 452 6833 6204
6122 4142 14120 -187 5880 6037
6081 4126 14426 -1152 5124 5895
6132 3544 14285 -1973 4788 5805
5906 3689 14352 -2927 5191 5283
5330 3853 14926 -3655 5229 5000
5009 3582 15316 -3856 5087 4583
4676 3358 15766 -3531 4772 4344
4476 2974 16386 -2695 3930 4469
4493 3086 16689 -1764 3147 4517
4324 3614 16898 -1638 2440 4338
4525 3825 16889 -1600 1513 4699
4792 3690 17042 -1884 908 4897
5190 3702 17102 -2603 835 4961
5365 3576 16958 -3013 816 5421
5328 3209 16898 -3483 747 5592
5036 2896 16634 -3621 136 5650
4740 2710 16566 -3610 -1085 5603
4616 2324 16606 -3542 -2783 5459
4854 2013 16426 -3430 -4597 5177
5424 1706 16236 -3573 -6058 4912
5977 1058 15820 -3826 -7090 4563
6386 482 15166 -3715 -7157 4123
7145 -18 14654 -3004 -6442 4009
7336 -237 14242 -2654 -5098 3648
7165 -618 13630 -1780 -3989 2819
6721 -273 13724 -1398 -3270 345
6660 -369 14462 -550 -3275 -3482
7761 -2361 15573 3419 -2755 -7477
8592 -2376 16797 7128 -547 -12254
8864 -2364 17481 10069 5099 -15052
9657 -3241 15017 18460 13529 -20337
14349 -4576 14466 24842 26374 -25032
11736 1676 11540 27110 32767 -28945
6069 5876 9833 20237 32767 -32768
8517 11233 8089 3490 32767 -32768
2590 3434 9834 -10011 32767 -32768
-12929 3505 11005 1527 32767 -29995
-7385 5038 13826 5566 32767 -20211
-10369 11421 14341 -2486 29558 -13845
-10596 10689 15817 -8590 18764 -8157
-12321 10570 16873 -10157 6855 -2792
-11653 7270 17705 -5293 -4975 -161
-9130 5902 17340 1349 -11876 1040
-6588 6725 17286 3825 -12754 1566
-4744 9206 17529 718 -10531 2329
-4029 8921 17612 -3967 -8420 3433
-3726 6285 17474 -5412 -7353 4862
-2394 5126 16549 -2902 -7009 7293
38 6046 14728 -1322 -6042 10761
1122 6536 13138 -2635 -2613 13572
532 7749 12593 -3773 -92 15483
1870 7342 13808 -7788 2908 17386
1853 4525 15840 -14973 -4 19042
-3905 7464 19448 -24644 -4429 16852
-7605 1669 18510 -25491 -10065 15741
-2364 -3372 18100 -18446 -12749 15324
1816 3406 16081 -17151 -14739 15979
2729 2250 16040 -16646 -16732 15247
-1109 -6386 19366 -8812 -17716 11184
-1824 -8304 21373 5654 -20553 7801
101 -7604 21485 18851 -21730 3690
1992 -5685 19817 29508 -20775 -1829
1720 -597 19324 32767 -18432 -8102
3040 4824 18288 32266 -15589 -13050
2868 6501 18093 24552 -12948 -17113
4313 7473 18977 8688 -13000 -17643
9670 1892 20253 -3845 -17250 -10975
-1466 12152 14412 -1141 -16978 -6439
790 6242 10033 11356 -15645 -5567
4030 9060 12949 7662 -6319 -5300
2081 13225 14536 -163 -2563 -5984
2673 12426 13978 -9396 1787 -5814
4300 8946 13896 -9300 4199 -3420
3808 8357 13654 -5790 3283 -1156
1892 8140 14386 -4470 -1144 751
2022 7538 15237 -5132 -6388 2716
4526 8650 14156 -5083 -8209 6537
8200 8738 12402 -7089 -5144 10934
6088 6564 11222 -9850 1313 11093
2773 6274 10778 -4650 3186 10921
8638 1816 13084 478 7497 13843
11836 -721 17193 -1914 11493 16474
1929 13857 23036 -26567 8294 8902
-434 5430 15204 -25124 -998 6087
3968 -5556 14860 -17613 -195 6773
4862 -530 16554 -14373 -2554 5502
2966 -2128 18400 -11311 -8147 4749
4089 -5138 17716 -5442 -11191 5490
6188 -2760 17090 1687 -11190 6881
7664 -882 15598 8546 -8310 5840
7844 -1142 15465 11036 -2973 370
7569 189 15344 11460 1427 -6588
6749 -1210 14848 13195 5833 -14107
7180 -32 15417 12664 10623 -22368
8189 -365 15130 12646 16751 -28041
8224 -993 13498 15592 23812 -29632
8001 749 13872 12924 30124 -28485
5241 3670 13552 5906 32198 -24794
544 2834 12989 4559 28498 -21488
-650 3425 13405 5855 21981 -17996
-4944 8501 13848 5157 17728 -14236
-9800 14197 12534 5912 10249 -11572
-7629 11898 15880 3376 5106 -9271
-5293 11474 17273 -489 2537 -5595
-4461 10578 16990 -3584 1628 -2279
-2949 9293 16605 -4694 2300 -427
-1658 8440 16494 -3519 2654 495
-96 7468 16536 -1850 2984 1289
557 6968 16760 -315 3116 2219
528 7581 16452 -544 3275 2967
-330 7860 15906 -1966 3134 3162
-390 7514 15840 -3391 2494 3288
32 6630 15832 -4154 1786 3478
92 5854 15966 -4310 1202 3587
304 5780 15945 -4222 944 3405
330 5818 15669 -4851 1145 2978
240 5702 15549 -5528 689 2741
536 5609 15408 -6046 47 2820
1034 5316 15252 -7182 -158 3415
1257 4965 15076 -7906 -194 4278
1262 4309 14762 -8387 162 5315
769 3641 14605 -8417 595 5771
512 3780 14854 -8592 715 5689
277 3478 15437 -9259 1554 5053
-845 3320 16057 -8841 1650 4128
-1486 2893 16717 -8477 1586 2767
-1682 2677 17029 -7550 1746 1768
-1449 2378 17389 -6467 1540 1528
-1772 2017 17449 -4710 1135 1947
-1446 1652 17874 -4174 560 2129
-1513 2044 17794 -3316 244 2602
-1713 1964 17889 -2496 -4 2771
-1780 2352 18269 -1828 -41 2558
-2190 2738 18673 -2553 767 2056
-2490 3118 18601 -2755 1011 1233
-2025 2954 18556 -3226 1375 597
-1766 2497 18454 -3324 1737 93
-1845 1921 18386 -2232 1621 -360
-1396 1613 18356 -1881 1843 -355
-1405 2017 18124 -1385 2038 -257
-1328 2010 17949 -923 1900 9
-1201 1832 17629 -591 1778 289
-1452 1802 17570 -61 1400 239
-1434 2165 17637 85 1168 -312
-1288 2305 17601 -642 996 -520
-1052 2352 17648 -1152 902 -810
-1124 2433 17808 -1614 867 -1060
-1134 2466 17513 -1801 861 -1198
-946 2186 17705 -1723 715 -1237
-973 2208 17706 -1395 865 -1233
-945 2225 17780 -994 815 -1050
-1077 2405 17605 -673 799 -841
-1041 2766 17332 -548 637 -530
-1214 2818 17364 -584 460 -472
-1189 2304 17686 -343 -71 -521
-1030 2133 17681 438 -656 -849
-768 2217 17462 102 -945 -574
-612 2534 17201 -54 -1151 -376
-504 2464 17041 -97 -1117 -189
-398 2482 16973 -135 -1056 -223
-213 2577 17024 -348 -682 -265
-268 2608 16997 -646 -388 -262
-438 2402 17054 -745 -217 -411
-456 2432 16949 -737 -211 -471
-517 2592 16962 -738 -287 -464
-617 2588 16877 -824 -310 -421
-736 2304 16885 -652 -431 -412
-721 2378 16911 -238 -478 -545
-794 2543 16795 38 -303 -597