-4820 1845 17292 6623 3138 1773
-4904 2258 16837 7125 2191 1657
-5225 1709 16666 6717 1061 1828
-5148 1573 16276 6313 93 2078
-5217 1581 15781 6428 -653 2354
-5330 2178 15745 6763 -1227 2594
-5244 2758 15556 6932 -1483 3033
-5542 2969 15480 7192 -1642 3457
-5544 3320 14941 8143 -2184 3622
-4990 3445 14546 9422 -2318 4160
-5140 5840 15756 6620 -2364 5397
-6192 7997 16200 3138 -3326 5609
-5612 5964 16596 773 -4314 4924
-3068 5090 17101 -1771 -4866 4740
-1921 4705 18009 -4580 -4905 4970
-1373 4612 18964 -6536 -5743 5057
-968 5622 18984 -7369 -6421 5258
-208 6313 18274 -6585 -6838 5686
1213 5865 18105 -6200 -7379 6034
2130 5246 18802 -4240 -8783 6399
2908 4889 18865 -2439 -10130 6508
3908 5892 18702 -1538 -10556 6195
5193 6609 18896 -2592 -10255 5245
5304 6797 19153 -3867 -10349 4635
6100 6310 19293 -4987 -10688 4382
7268 5206 18872 -5842 -10320 4221
7613 4124 18133 -5316 -10101 4093
8430 4113 17828 -5376 -9640 4124
8781 4453 18009 -5490 -9741 4410
8912 4282 17826 -5342 -9887 4184
8929 4442 17354 -4980 -9748 3879
9105 4421 16901 -4803 -9666 3898
9241 3950 16430 -4895 -9042 3959
9196 3174 16178 -4324 -8355 4305
9008 2608 15966 -3356 -7789 4353
8674 2570 15668 -1946 -7310 4278
8230 3137 15405 -1017 -6919 3886
7736 2837 15098 -488 -6536 2537
7704 1650 14969 192 -6760 505
7542 1229 15213 937 -7317 -2213
7573 -232 15065 3507 -8199 -5195
7836 -2146 15008 7365 -8641 -8089
7962 -2658 14253 11481 -8008 -9657
7017 -1572 13734 14560 -6192 -12460
9873 -2010 10764 20283 -2066 -14192
12634 1354 9160 21662 7520 -15366
9082 3205 8068 15388 18595 -20377
4997 7134 7841 5915 23373 -24596
4956 7684 6825 -1385 25354 -26212
4846 3046 8433 -4925 26622 -24096
-1470 2852 8420 -5311 28248 -21320
-6233 5117 7696 -2998 21397 -19037
-4289 5308 9709 -1559 15626 -14713
-4060 6653 10926 -2556 11241 -9444
-5212 7882 11376 -5820 7214 -5709
-4992 8194 11785 -8162 4205 -3743
-4049 8156 13061 -8472 2637 -2910
-2873 7988 13777 -8644 2814 -2356
-2246 7849 14421 -9094 5410 -1403
-3270 7713 14962 -8545 9438 329
-2921 7553 14661 -7137 14620 2816
-1732 7116 13841 -7517 20934 6150
-1246 7086 15689 -11180 26427 10465
-2393 6708 15848 -12708 26375 16028
-4005 2448 16656 -11128 25420 16874
-8198 2750 21137 -12605 17099 18233
-6516 66 19814 -6517 10053 17267
118 3576 18205 -6130 9670 13749
-926 6229 16556 -11400 12972 9059
-5704 5310 18006 -16045 11370 3800
-7881 1477 19218 -15785 8181 -382
-7749 -176 19581 -12550 4785 -1087
-7158 -993 18800 -6716 975 296
-6854 -1485 18078 -76 -2941 2725
-6916 -85 17840 6069 -7797 4272
-6408 -1342 17357 14349 -12516 5039
-4502 110 16970 19872 -12824 3953
-5536 4661 19713 19169 -12648 -1482
-4309 3628 19137 20338 -11664 -7487
-58 -1201 14526 25306 -6686 -10948
70 1220 14178 24355 -1962 -11040
-2874 6114 16729 12550 -1491 -9462
-4126 7606 17014 2914 -3234 -8549
-1845 5472 20154 -4932 -4923 -5066
-7402 10260 19126 -6058 -6891 -5403
-5922 6582 16165 447 -9793 -5876
38 3289 16486 728 -5052 -6378
-840 4893 17157 861 55 -5489
-1221 6670 17622 3984 2894 -3543
-513 7625 18312 4162 4584 -3627
-1078 8393 18870 2512 5099 -4798
-2538 5573 20036 4534 4037 -7030
-1914 1490 22946 10681 481 -7593
-1956 4126 21201 12304 397 -5389
-1864 10329 18105 6944 3146 -1673
-3833 13538 16845 -391 5464 1302
-4938 11329 16324 -4689 6453 2659
-1688 10257 16088 -9135 8501 3307
168 10641 16142 -15933 11703 4789
-1408 7270 16938 -19833 12941 5963
-5664 8861 19590 -25446 8823 7539
-7154 5725 18222 -19780 1366 9697
-6749 90 19762 -11118 -4723 10564
-7350 3194 20813 -9568 -11702 10974
-8613 6882 19366 -10400 -21356 10736
-4176 9712 15125 -17029 -25714 8119
873 8532 12245 -22427 -24525 5921
1048 -3192 14880 -21078 -22792 4396
2025 -8189 17162 -10826 -22294 6311
3834 -4290 15166 -5518 -19432 8462
2112 -1392 13484 -952 -16493 8597
1533 269 13060 2842 -13763 6189
2441 1033 13497 4787 -11200 2328
3890 542 13090 5536 -7840 -1547
4354 -990 12592 5186 -3594 -5265
3342 -1425 14158 2775 -1714 -10140
3458 -2542 14777 1618 -1340 -15453
5380 -5241 14510 5776 2321 -19359
3290 -2629 16177 11070 7249 -25613
4860 -4101 14168 20887 13784 -28650
7660 -1526 12294 24665 23492 -25501
5824 2130 10390 18951 31642 -22489
976 7361 9482 6924 32767 -21707
-2421 10000 8725 716 32767 -20101
-6177 10321 10669 -1338 32767 -18087
-11342 8197 13504 813 31160 -15230
-12754 9685 14880 3974 21168 -14057
-9825 10144 15274 3856 12005 -10809
-9377 11110 15600 -1130 5953 -6638
-11536 8670 16593 -5041 -296 -2321
-10064 8770 16694 -6965 -5182 1364
-7302 8205 16712 -7120 -7526 4137
-5294 5732 16484 -6254 -8028 5533
-4100 3861 16040 -4448 -6699 5733
-3930 4082 15842 -2450 -3720 4950
-4117 5169 15585 -1101 -156 4243
-4505 5904 15514 -875 3126 3921
-4776 6472 15592 -1679 5390 3955
-5358 6494 15945 -3477 6530 3863
-5749 6533 16249 -5543 6515 3741
-5813 6154 16222 -7415 5739 3629
-5804 5380 15974 -8546 4889 3743
-6032 4153 15813 -8435 3849 3812
-5404 2970 15704 -7565 3544 3840
-5365 2376 16209 -6103 3195 4004
-5526 2278 16785 -4885 3131 4276
-6161 2349 16877 -4202 2908 4341
-6593 2414 17137 -4148 2626 4046
-6456 2749 17004 -4826 2169 3772
-6444 2713 17054 -5923 1500 3641
-6570 2224 17198 -6285 478 3469
-6701 1753 17266 -6850 -186 3521
-6770 1426 17137 -6704 -884 3583
-6474 1144 16796 -6020 -1316 3313
-6082 488 16552 -5397 -900 2930
-5940 408 16492 -4770 -161 2794
-6040 348 16698 -3938 -248 2396
-6157 925 16681 -2924 -478 1967
-6224 1008 16721 -2403 -392 1678
-6197 1162 16681 -1474 -216 1601
-6100 1070 16554 -836 -96 1680
-6346 697 16086 -71 306 1996
-5481 378 16338 320 88 1835
-5761 1080 15746 1052 1080 1938
-6448 690 15749 1505 895 2098
-5505 688 15770 779 1000 1343
-5928 1532 15592 611 1470 665
-6106 2030 15668 -164 1548 -145
-6040 2326 15770 -1347 1419 -888
-6021 2154 15776 -2268 1290 -1262
-5846 1470 15718 -2342 1147 -1253
-5642 1338 15618 -1507 1163 -900
-5645 1574 15561 -642 1411 -496
-5722 1772 15712 0 1542 -260
-5784 2177 15929 246 1585 -133
-5834 2405 16105 113 1386 -72
-5913 2650 16021 -332 1179 -36
-5998 2732 16100 -797 829 2
-5874 2496 16104 -956 502 55
-5749 2236 16121 -764 236 76
-5605 2182 16045 -621 100 85
-5496 1997 16194 -563 143 128
-5536 1865 16361 -431 135 65
-5520 1892 16345 -382 154 -23
-5636 2088 16304 -467 160 -54
-5754 2081 16361 -678 187 15
-5824 1690 16345 -492 61 135
-5763 1562 16262 -95 -107 189
-5803 1854 16106 79 -324 152
-5939 2038 16127 66 -551 31
-5977 1913 16108 52 -771 -9
-5805 1807 16035 72 -789 4
-5777 1879 15991 191 -725 17
-5765 1888 15909 241 -660 37
-5682 2084 15858 244 -728 26
-5537 2288 15757 122 -726 -81
-5674 2569 15788 -149 -776 -281
-5790 2778 15900 -683 -836 -495
-5768 2370 15924 -997 -842 -667
-5688 1854 16085 -747 -1092 -606