-8724 9129 15924 7132 -20548 8560
-7032 8569 15236 6706 -23594 9633
-4801 7495 14491 7257 -25645 10914
-2870 6543 13672 8667 -25774 11286
-2330 6092 12136 10719 -25798 11389
-1958 5762 10780 12099 -26139 11270
-1482 6425 9554 12838 -27131 11900
-506 7322 9104 11170 -28320 12732
732 7949 10080 8512 -28583 13413
3150 7550 10896 6352 -27631 12918
4298 7146 10740 6714 -26185 12363
5136 6888 9718 7996 -23710 11580
4826 7606 8089 8823 -21469 11117
5304 8376 7666 7866 -21116 10748
6076 8897 7997 7035 -20687 10459
6822 9048 8082 6011 -20123 9856
9142 9542 8831 4189 -18328 9312
11722 10641 10926 3021 -14803 9056
13057 10826 11506 2519 -13370 8685
14515 10942 12110 1932 -11525 7892
14651 10840 11378 2240 -9272 6168
14584 10890 10874 2399 -7950 4914
14289 10689 10465 1868 -7201 3982
14548 10254 10115 1991 -5797 3081
14657 10041 10052 2320 -5418 2340
14426 10410 10174 2682 -4841 2052
14296 10680 9712 2653 -4222 2089
14162 10901 9356 2480 -3668 1812
14022 10761 9044 1989 -2355 1611
13620 10680 8320 512 -919 1074
13242 10330 8028 -671 442 374
12819 9902 7531 -1688 1805 -544
12200 9260 6554 -1815 3669 -1461
11884 8868 6330 -1614 5092 -2343
11650 8189 5917 -1649 6596 -3569
11656 7603 5731 -1103 8711 -4689
11262 7180 5255 -870 11458 -5451
10538 6846 5066 -1409 13643 -6053
9669 6316 4881 -2672 15368 -7145
8406 6278 4590 -4157 16426 -7984
7400 6412 4422 -4662 17515 -8483
6185 6256 4430 -5998 18416 -9527
4656 6233 4677 -6826 19491 -10026
3780 6614 5610 -7984 20219 -9768
3274 7245 6338 -9769 21035 -9292
2538 7785 7589 -11576 21923 -8570
2033 8320 9004 -12998 23163 -7948
1237 8582 9577 -14353 25041 -7527
382 8688 10288 -15155 26446 -7781
-1064 8904 10481 -17649 28351 -9137
-2603 8123 11628 -20963 30555 -12057
-4209 7716 12438 -19959 32751 -13718
-4588 7430 13680 -19161 32767 -14562
-5253 6800 15416 -18162 32767 -14358
-6354 6628 17529 -17289 32767 -12437
-7496 7093 19018 -15850 31434 -10093
-8670 7220 21148 -15034 26138 -7641
-9098 7162 22626 -13178 21853 -6112
-9133 7008 23703 -11286 17761 -5467
-8473 6084 24253 -8376 14553 -4712
-8104 5837 23730 -6301 13474 -4549
-7896 5788 23464 -5091 12728 -4392
-7461 5654 22057 -3124 11204 -3540
-7429 4986 20397 1057 8830 -1856
-7831 5833 18998 5409 5189 932
-7862 7596 18528 7776 -1311 3772
-7793 8188 18736 8138 -7484 5432
-7980 8494 19288 8190 -12666 6555
-7450 8641 20043 7978 -18113 7714
-6183 8678 20265 7630 -21966 9027
-4776 8445 19176 7499 -21904 10100
-2798 8284 17633 7366 -19066 10255
-1502 7944 16048 7420 -15565 9875
-652 8171 14558 6595 -9267 8355
-1390 9244 13613 4301 -2755 5916
-2185 10013 13372 946 -147 3922
-2341 9521 13530 -1836 1129 2899
-2041 8649 13484 -3723 2222 2131
-2141 8712 13593 -5330 2799 2168
-2196 7933 13596 -7538 2016 2575
-1709 7443 14247 -8941 617 3107
-1326 7206 14684 -8396 149 3270
-453 5173 14805 -6156 1469 2394
-192 3299 14780 -2361 5440 222
-1541 5622 15222 -1431 8178 -643
-2628 7179 15893 -4862 7045 -795
-3036 6710 16266 -6979 5706 -1160
-4314 6034 16424 -7140 4768 -1628
-4969 5406 17044 -7229 2223 -1525
-3746 5185 17605 -7577 -304 -1539
-2830 5109 17865 -7815 -1627 -1336
-2306 5006 18341 -7106 -2155 -583
-1351 4350 18558 -5477 -1835 265
-886 4354 18269 -4612 -370 652
-1333 4060 17886 -4438 827 611
-1620 4024 17258 -4459 1527 193
-1179 3770 17105 -3984 2836 327
-1820 4258 17584 -2950 3362 935
-3062 3821 17838 -1567 1734 1433
-3824 3102 17592 -236 -733 1636
-2983 3117 16734 1813 -3263 1700
-2186 3398 16821 5235 -4798 1530
-2156 4989 17159 7900 -5543 1366
-2045 5534 17471 8285 -5241 1228
-2186 6198 16549 6300 -3900 1365
-2609 6954 16176 3083 -3426 1346
-2012 6422 15720 1074 -3018 1006
-1752 6368 15186 -767 -1699 774
-2610 6609 15203 -2418 -1256 535
-2754 6608 15501 -3061 -1683 484
-2897 6268 15740 -3758 -2520 187
-2676 5810 15856 -3892 -2998 -345
-2129 5314 16156 -4014 -2890 -732
-1612 4684 16748 -2626 -2034 -995
-1290 4148 17106 -1185 -1529 -833
-984 3552 17129 709 -913 -954
-1530 4685 16574 1674 -202 -421
-2386 5433 16431 1424 -1162 145
-2816 5364 16613 1253 -2459 -143
-2676 5244 16564 1456 -3270 -235
-2490 5122 16317 2303 -4327 -536
-2414 4998 15821 3843 -5538 -434
-1775 5192 15326 5588 -5619 -293
-990 6214 15318 4740 -4974 405
-483 6386 15248 3188 -4048 499
-134 6834 15078 1871 -3666 822
269 6990 15239 -1805 -3365 765
-761 7868 15458 -6585 -3886 30
-202 5980 15880 -7655 -4708 1011
2134 3710 15950 -4284 -3539 1489
1674 3624 15342 -501 -1871 2398
333 3144 14711 3307 -712 2361
231 3974 14556 6891 1087 1400
413 5341 15575 8344 2570 342
532 5492 16152 8430 3020 -255
206 7078 16552 5352 2588 -1228
774 6508 16768 973 2408 -2469
1389 6206 16728 1005 3380 -2637
1680 6800 16638 1045 4153 -2197
1208 7269 16332 755 4592 -1937
846 7110 15954 -51 5409 -2365
5 7356 16817 -1212 4977 -2109
-774 7556 17149 -3154 4921 -1976
-1693 7412 17261 -4889 4797 -2399
-1891 6926 16963 -5584 4436 -3109
-1662 6882 16721 -5564 3826 -3391
-1301 7034 16865 -6067 3705 -3554
-1290 6925 16930 -6455 2903 -2930
-1227 6404 16543 -6689 2255 -2310
-1369 5752 16492 -6794 2344 -1835
-2130 5432 16312 -6355 2551 -1342
-2650 5209 16272 -5655 2866 -522
-3118 5260 16445 -5090 3134 333
-3266 5408 16664 -4534 3100 635
-3384 4954 17105 -3492 2490 168
-3390 4644 17216 -2233 1936 -355
-3037 4516 17321 -1180 1546 -302
-2857 4805 17225 -316 1244 55
-2766 5012 17361 -160 1127 304
-2901 5217 17136 -460 1037 320
-2896 5078 17009 -1305 803 195
-2654 4753 17038 -2103 798 42
-2687 4462 16928 -2455 900 -31
-2593 4224 16793 -2638 806 -128
-2590 3968 16874 -2650 861 -141
-2679 3579 17052 -2366 1130 -155
-2686 3461 17144 -2002 1413 -230
-2620 3426 17114 -1630 1566 -280
-2738 3420 17078 -1411 1515 -380
-2632 3305 17082 -1393 1427 -320
-2564 3309 17029 -1310 1425 -270
-2749 3315 16999 -1174 1500 -269
-2961 3348 16742 -1204 1221 -459
-3074 3330 16634 -1413 898 -531
-2772 3568 16750 -1839 769 -611
-2670 3954 17349 -2672 1067 -625
-2604 4096 17893 -3447 1484 -685
-2365 3914 18245 -4103 1970 -606
-2296 3836 18333 -4398 2374 -595
-2600 3456 18240 -4256 2155 -639
-2276 2969 18047 -3228 1862 -675
-2314 3121 17765 -2081 1362 -628
-2388 3224 17742 -1458 822 -371
-2478 3838 17636 -999 241 -134
-2647 4280 17517 -851 -378 174
-2614 4568 17588 -1045 -715 350
-2814 4565 17413 -1187 -1084 464
-2878 4426 17137 -1182 -1372 566
-3232 4364 17118 -1069 -1771 514
-3509 3957 16884 -673 -2119 411
-3382 3568 16562 99 -2269 327
-3192 3420 16408 1095 -2098 432
-3064 3506 16062 1988 -1869 542
-2967 3715 15799 2971 -1522 721
-2680 4220 15472 3830 -1086 1058
-2741 4544 15433 3916 -715 1311
-2769 4557 15564 3720 -386 1450
-2810 4493 15688 3384 -116 1538
-2797 4224 15671 3048 264 1454
-2833 3786 15594 2907 554 1355