-4756 3046 16769 2733 -1196 -204
-5282 3180 17257 2961 -2115 -92
-5506 3578 17688 3470 -3302 257
-5730 3957 18018 4549 -4551 798
-5286 4426 18246 5208 -5792 1281
-4790 5284 18649 5026 -6244 1689
-4260 5901 18805 4273 -6664 1986
-3538 6533 19049 2865 -7041 2301
-3208 7220 19724 951 -7738 2953
-3052 7564 20304 -871 -9028 3759
-2521 7672 20326 -2056 -10305 4459
-2104 6824 19706 -2431 -10692 4432
-77 7158 19723 -2434 -10429 4868
928 9733 20261 -5793 -9941 5078
1085 10900 20078 -8294 -10974 4902
2524 9526 19698 -9669 -12552 3899
4502 7809 19972 -12091 -12623 3337
4761 7424 19668 -14887 -12686 3649
4782 5742 19982 -14891 -12871 4742
5492 4753 20304 -14344 -11236 6419
5876 5030 20048 -12863 -9859 7559
6177 5356 20088 -10714 -8796 8668
6425 5574 19822 -8947 -7763 9105
5769 5729 19177 -7411 -7047 9492
5729 4082 18722 -5605 -6539 9118
5637 2461 18037 -4025 -6044 8311
5369 2158 17577 -2608 -6398 7874
4945 2304 16790 -1926 -6831 7335
4621 1920 16104 -1372 -7335 6893
4842 1457 15274 -835 -7777 6458
4622 580 14460 -138 -8731 6294
4737 -42 13750 492 -10488 6010
4674 -1284 13606 1682 -12872 5117
4153 -842 13072 2348 -15811 3132
4013 -1269 11921 3291 -18891 220
3525 -2660 12620 4818 -23133 -3412
3580 -3792 13004 6980 -27602 -7400
5956 -6837 10106 15369 -28550 -11322
10052 -7217 9101 22644 -20645 -14618
13892 -1958 7193 27791 -3531 -20917
10818 3393 5310 21407 14439 -30808
9250 8798 3976 13383 20528 -32768
9060 6145 5289 -1538 31890 -32545
-9157 5924 2585 2118 32767 -30718
-6798 7806 5910 1849 32767 -29929
-2981 13097 7370 -9598 32767 -27657
-304 9209 9832 -18566 32767 -22948
-5280 5882 9500 -19797 31691 -17266
-6232 3078 10450 -13963 30748 -12049
-7282 5681 12306 -8320 29244 -9019
-8518 7364 13564 -4864 26785 -6864
-9401 8262 15236 -4168 24536 -6397
-10514 9926 16558 -5450 20307 -4671
-10653 10656 17584 -7240 14870 -1193
-10606 8536 19300 -8417 9558 3008
-9724 6614 19846 -8254 6070 7040
-8838 5558 20442 -6457 4208 10609
-7686 5981 20593 -6086 4071 15185
-8212 5834 20300 -4740 1649 18370
-6460 4456 20905 -5668 417 22531
-5470 4821 19593 -7961 1005 24968
-3820 5533 20825 -12064 2987 26832
-2141 78 15212 -8745 4762 27047
-4224 3961 21274 -14536 7540 25694
-11128 3710 21673 -12339 -350 22477
-8004 -5253 24660 -1781 -12970 18336
-2849 2153 21652 -2292 -21171 16103
-5040 6830 18690 -7759 -26745 12606
-2162 289 19274 -10734 -27335 8124
64 -4510 19681 -9892 -25242 4914
1272 -6460 20189 -5582 -22819 3286
2802 -4800 17508 -1759 -18573 1804
1685 -2468 18188 3865 -16288 2246
1910 -1720 16705 8119 -12035 845
2293 1237 16320 10113 -10621 -3403
2892 222 15896 11150 -9532 -9254
4424 -457 14602 12329 -6808 -14824
3801 -70 14528 11543 -2709 -19970
2166 993 14306 7609 1566 -25440
1721 -314 11557 10138 7309 -30476
2721 598 10372 14667 14503 -32768
3589 6622 8486 10719 20650 -31103
1986 8426 8416 3405 23669 -25484
-3980 6546 10764 1731 21860 -18131
-7021 4390 15432 4275 14378 -11316
-4278 6120 15700 3790 8009 -5405
-5744 9593 15041 -1302 5735 -1162
-13326 14728 13760 -2243 -78 -852
-11646 14741 14121 -3169 -3503 -727
-7045 13249 15354 -6886 -3605 477
-2032 10746 18088 -9424 -2417 2525
1262 8436 19966 -7619 -2402 5137
-1966 5432 18674 -4691 -921 7362
-3388 4928 19234 -1120 631 11519
-3045 6072 19129 2557 1651 16174
-48 6522 18753 1059 2690 20459
-322 6705 20473 -1117 3274 23383
-2170 8082 20212 -2612 -2434 25671
-4753 5464 15922 -841 -8164 26184
-4948 7242 19154 -9268 -9545 25225
-2976 3198 16270 -8584 -10681 21120
-722 -4749 18757 -7573 -10278 14652
-461 -1104 15988 -5948 -10595 8280
1416 3094 14254 -5260 -10340 4562
4165 3753 15006 -6951 -7025 3374
4882 2950 15644 -8162 -3140 2824
3597 -980 16776 -5291 -5259 1164
3334 -1796 19036 -2483 -3419 -317
2821 -894 17466 26 -1924 -508
1278 30 17086 2185 -3486 349
1298 1566 17345 4462 -6097 406
2134 2680 16758 5492 -8643 -1515
1934 2038 17002 5301 -10098 -4877
2070 786 16570 4909 -9545 -8290
2085 1769 15369 5148 -8581 -12014
2037 2542 14261 3947 -6308 -16905
2914 3012 14236 2851 -1966 -20928
2988 1214 15013 2736 4746 -24215
2641 1729 13393 3902 12072 -27621
1794 3380 12105 8819 18032 -30887
1868 6448 12178 7224 21485 -32190
1257 8745 12673 1152 23165 -31043
-1054 4830 12837 -1185 26492 -27508
-2841 3558 13780 554 26689 -22094
-2330 4964 13028 323 25865 -17114
-4062 8872 12120 -2366 26556 -13709
-7494 11901 12056 -4886 23194 -10274
-8400 10333 12806 -5531 18403 -7390
-8184 8514 14114 -5700 13882 -5191
-7501 7905 15200 -5243 9244 -3291
-6536 6893 15826 -4729 6553 -2547
-5886 6936 15796 -3942 5708 -1821
-6338 6753 16366 -2357 5521 -1021
-6054 6156 16700 -835 5706 -168
-6020 7601 17122 -1647 6275 901
-6372 8048 17362 -4576 7173 2234
-6942 7522 17254 -6407 7544 3712
-7616 6184 17313 -6112 7019 4414
-7826 5508 17364 -4649 5606 4199
-7830 5313 17404 -3146 3933 3998
-7602 5269 17385 -1864 2071 4012
-7370 5404 17128 -1339 282 4422
-7142 5710 17038 -1668 -951 4969
-7125 5318 17254 -2274 -1390 5407
-7281 4632 17482 -2718 -1448 5419
-7129 4520 17640 -3048 -1507 5084
-6980 4093 17833 -3308 -1418 4757
-7044 3681 18090 -3073 -1973 4716
-6560 3385 18073 -2812 -2488 4919
-6588 3057 18053 -2251 -3233 5074
-6664 2724 18029 -1495 -3926 5080
-6358 2530 17706 -1029 -4260 4762
-6089 2420 17594 -649 -3873 3981
-5908 2632 17565 -556 -3883 3584
-5794 2676 17421 -358 -3958 3278
-5790 2648 17132 -89 -3936 3091
-5653 2630 17134 -148 -3989 2581
-5508 2529 16965 -141 -4252 2526
-5113 2469 16808 -316 -4071 2409
-5198 2388 16673 9 -4233 2073
-5110 2312 16666 -221 -4145 1853
-4668 2370 16252 -109 -4000 1369
-4280 2257 16372 -510 -3468 1200
-4225 2364 16069 -775 -2984 960
-4345 2588 16078 -727 -2659 419
-4152 2557 16038 -653 -2431 -85
-3830 2357 15904 -257 -1797 -453
-3652 2496 15994 186 -1316 -688
-3764 3032 15989 456 -803 -833
-3928 3473 16028 494 -553 -870
-3997 3864 15846 272 -469 -799
-4038 4030 15720 48 -328 -847
-4142 4078 15912 -95 -314 -979
-4060 4180 15938 -252 -326 -917
-4057 4241 16045 -267 -388 -770
-3992 4390 16052 -357 -466 -538
-4022 4489 15928 -467 -601 -338
-3908 4352 15961 -499 -617 -297
-3957 4422 15856 -105 -704 -477
-3708 4124 15960 211 -782 -651
-3401 3934 15957 -24 -285 -640
-3478 3904 16173 183 38 -587
-3441 3696 16266 436 245 -511
-3312 3705 16417 590 394 -423
-3438 3937 16437 630 482 -426
-3442 4078 16480 559 472 -601
-3568 4228 16414 451 265 -927
-3490 4374 16413 321 -34 -1226
-3474 4489 16337 303 -340 -1278
-3524 4672 16338 398 -526 -1233
-3614 4940 16304 483 -484 -1021
-3562 4892 16301 600 -230 -920
-3541 5069 16430 626 5 -879
-3598 5470 16426 410 139 -839
-3689 5566 16416 70 86 -812
-3738 5492 16428 -171 76 -807
-3854 5393 16684 -356 41 -679
-4013 5300 16654 -492 52 -537
-4098 4910 16798 -268 -124 -371
-4230 4829 16640 55 -354 -249