-4924 3872 15445 3917 -4709 3383
-5080 4176 15434 4852 -5081 3667
-4576 4334 15737 5370 -5393 3867
-4429 4926 15964 5575 -5758 4261
-4442 5514 16406 5111 -5970 4487
-4532 5937 16784 4911 -6576 4824
-4314 6180 17052 4552 -6888 5266
-4097 6097 17476 4045 -7202 5963
-3718 6626 17514 3156 -7518 6696
-3634 7758 17896 2159 -8124 7133
-3432 8505 18064 1214 -8837 7679
-2857 8073 18417 608 -9268 7795
-1992 7702 18289 396 -9380 7729
-882 7482 18290 446 -9202 8782
-341 9417 19052 -2277 -9017 10210
-734 10990 19052 -4171 -9884 11105
-209 11478 19496 -6576 -11975 10723
1184 11342 18942 -8355 -13784 9206
2494 10714 18820 -10946 -16476 7124
3884 8454 18792 -11938 -18901 6525
5738 6424 18778 -11681 -20022 7038
7612 4894 19482 -9493 -19795 7873
8389 4706 19430 -6474 -19431 8898
9522 5568 18841 -4732 -17960 9832
9620 6989 17582 -4636 -16315 10308
9608 7253 16496 -4204 -15674 10125
10058 6446 16301 -3541 -14765 9573
10374 5449 15664 -3925 -13873 8781
10504 4093 14850 -4145 -12770 8347
10884 2714 14206 -4285 -11050 8585
10805 2598 13494 -4704 -9351 9020
10542 2537 13436 -5125 -8073 9315
10448 1730 13217 -5502 -7437 8896
10136 609 12526 -4673 -6066 8142
9906 -621 11870 -3382 -5765 7720
9897 -1378 11461 -397 -6420 7012
9638 -2153 11818 3713 -7640 6000
9866 -1377 11832 6486 -9181 5340
11557 173 10608 7036 -8120 2447
11673 1137 9893 6471 -5184 -1792
11328 710 8856 6830 -2345 -6634
10294 -1026 8433 7479 621 -9951
8788 298 7729 7672 4960 -13336
8748 18 7210 3414 7763 -16754
7185 -4040 11829 2590 11515 -21448
3777 -4842 11485 7270 16226 -26713
2777 1738 6822 8078 22498 -31143
1952 5181 7193 3165 25158 -32627
828 4438 8172 -1166 25647 -30338
-1012 5486 8918 -5280 25280 -26190
-1968 5656 10336 -11335 25645 -23295
-2225 5020 11458 -13670 25011 -21836
-2572 1388 12616 -9129 24306 -20466
-4761 3162 13612 -1874 24610 -19794
-4252 5745 14810 375 24989 -19033
-3704 5138 14686 -770 29030 -17135
-5966 5664 14696 -2270 32616 -14377
-11760 10822 15084 -3723 32272 -11439
-13178 12073 16458 -3702 25337 -7841
-11582 10354 16940 -4449 19523 -4752
-10900 10092 17848 -4220 15291 -1570
-11745 8522 18550 -1340 9942 1330
-10802 9180 19129 2717 5804 4387
-10817 10170 20170 5913 1765 6897
-8665 10480 21453 6565 -2120 9373
-6300 10832 22284 4957 -5508 12684
-4544 8802 22556 5151 -9077 15444
-3489 7245 22614 5816 -11627 16574
-3398 6208 22428 4530 -12466 18580
-3094 7342 21513 4727 -14825 19839
-3161 7058 20525 1338 -16872 20344
-2682 6598 18396 369 -18824 19550
-614 4761 16274 1024 -18248 19148
2786 3561 13786 369 -12477 19801
6598 2336 12322 -2588 -4364 20244
7713 -105 15446 -3937 1380 21377
-242 12032 14802 -17309 1302 19724
-3944 3720 13025 -5434 -5674 15431
1130 -5790 18537 -3105 -8454 11525
4118 2666 14597 -7036 -7099 6766
4681 5422 13368 -11010 -5238 3161
3756 3929 13736 -14903 -2168 62
2805 1817 13201 -16347 -43 -3006
4394 437 13762 -15209 1943 -5802
4254 -577 14264 -12504 5077 -9540
2872 -1176 14926 -8513 8826 -14052
2106 -684 15184 -3232 13439 -18494
1169 372 15565 1866 17856 -23169
-1246 1633 15236 9197 20886 -27420
-2217 3708 15814 12769 22024 -30966
-2560 7566 16024 9506 21154 -32193
-3253 5285 15902 8870 21059 -28413
-5633 2925 17113 12354 19197 -20730
-7496 5550 17985 15400 15582 -12157
-6776 9200 18404 10952 13247 -6624
-7362 10498 18060 2241 10422 -2299
-6549 10941 16697 -2700 7219 1677
-7634 10492 16901 -4100 2854 4990
-8126 9822 18354 -3516 -2864 7610
-8890 10402 19245 -2619 -8445 9969
-7738 12318 18724 -1397 -13530 14456
-7722 11725 19880 -144 -18991 19514
-6332 10836 19986 -643 -23263 24677
-4702 7550 19898 -1538 -24394 28480
-2516 4237 18969 -664 -23103 28970
57 4352 17848 -1007 -20929 27011
-169 5489 16508 -2034 -18335 23662
-94 5266 15006 -1960 -18974 19727
2189 4038 12966 -239 -15728 15428
4868 2076 13249 -800 -9549 11439
6432 1148 14186 -5430 -1881 7728
5934 2601 15949 -9666 2527 5234
5620 -1360 12678 -11074 5732 3435
4949 -794 16302 -11326 6047 2046
1098 5393 14924 -15863 -355 -2799
1148 -1516 14825 -12905 -4095 -8095
2845 806 15982 -13018 -5809 -10459
3393 596 15493 -15284 -6487 -11268
4332 -3682 14378 -11162 -5155 -9736
4534 -3500 13609 -5528 -1953 -7572
4298 -1057 13213 -2308 934 -5962
3674 138 12617 260 3836 -5384
2806 2252 11713 1236 6675 -6100
2494 3248 11314 554 9299 -8214
2025 3064 12236 -1788 12283 -11670
1644 3038 13786 -5104 15648 -16000
532 2242 15128 -6016 18467 -20983
-306 2581 15366 -2174 20244 -26223
-1596 1169 16794 1766 22101 -29315
-2466 2325 18182 5253 19705 -27777
140 -752 16441 11587 17655 -22423
252 1066 13970 16988 17929 -16896
-1804 4806 13232 17785 20385 -13125
-5020 6806 14357 12026 22288 -12789
-7405 9569 14889 5878 20751 -12588
-5785 9773 15750 1999 17173 -10314
-8098 8382 16041 790 13365 -7505
-11158 11606 15916 -189 8840 -5045
-10961 11068 16972 -2882 4374 -2389
-9158 8069 18582 -5217 2041 -160
-7541 5989 19804 -6694 730 702
-6454 4744 20089 -5307 -341 1854
-5317 4217 19557 -2243 -554 2592
-4632 4550 19042 -138 435 2843
-4506 5080 18597 805 1560 3123
-4562 5520 17930 855 2657 3391
-4974 5797 17284 601 3621 3439
-5604 6042 17136 -118 3727 3225
-5577 6053 17182 -1230 2940 3192
-5549 5624 17188 -2329 2038 3289
-5534 5054 17046 -2941 706 3449
-5236 4738 16736 -3359 -657 3782
-4901 4277 16432 -3650 -1453 4173
-4892 3481 16250 -3637 -1497 4155
-4589 2745 16465 -3329 -1132 3479
-4426 2628 16812 -2903 -760 3044
-4418 2309 16906 -2012 62 2941
-4516 2092 16877 -1065 602 2642
-4550 2390 16950 -893 1060 2237
-4649 2637 17006 -1267 1003 2039
-4921 2584 17067 -1695 646 1874
-5040 2412 17109 -1947 -137 1635
-4805 2249 17077 -2202 -444 1496
-4849 1978 17198 -2121 -680 1520
-5261 1641 17241 -1356 -877 1078
-5058 1938 17197 -735 -1670 506
-4804 2360 16954 -678 -1775 154
-4534 2332 16929 -725 -1750 -23
-4589 2076 17120 -422 -2011 -102
-4360 2210 16905 61 -2152 -257
-4073 2405 16605 585 -1984 -301
-3941 2521 16560 1012 -1580 -504
-4181 3197 16593 1075 -1433 -810
-4220 3705 16526 790 -1436 -1036
-4066 3824 16321 453 -1474 -1012
-3910 3846 16225 373 -1532 -857
-3686 3846 16180 455 -1454 -666
-3630 4165 16118 452 -1340 -519
-3597 4272 16084 287 -1138 -508
-3510 4493 15982 -1 -925 -511
-3273 4169 15916 -190 -429 -651
-3430 3812 16168 -363 -146 -659
-3497 3710 15982 -245 -60 -563
-3311 3485 15943 60 -59 -369
-3459 3713 15911 251 29 -232
-3897 3863 16172 243 -36 -239
-3812 4054 16274 -179 -199 -353
-3674 4161 16321 -567 -331 -509
-3546 4174 16430 -1029 -461 -540
-3410 4069 16274 -1440 -696 -520
-3306 3642 16369 -1459 -922 -351
-3284 3650 16417 -1308 -781 -276
-3330 3486 16597 -815 -587 -378
-3317 3612 16726 -254 -392 -538
-3286 3904 16873 34 -296 -484
-3548 3834 17025 255 -359 -430
-3681 3977 17096 459 -572 -354
-3636 4178 16930 532 -754 -308
-3753 4180 17040 587 -785 -213
-3906 4132 17044 659 -837 -176