-12804 1637 10959 -267 296 -43
-12789 1615 10966 -237 288 -58
-12768 1583 10967 -227 280 -66
-12739 1500 10917 -226 280 -52
-12708 1496 10930 -206 267 -31
-12726 1489 10865 -181 270 -36
-12754 1492 10929 -204 259 -5
-12737 1538 11010 -164 239 7
-12745 1578 10924 -179 252 4
-12744 1644 10948 -222 286 -4
-12728 1677 10973 -261 286 -27
-12720 1693 10884 -288 314 -40
-12676 1670 10932 -336 345 -50
-12737 1654 10896 -351 329 -67
-12748 1574 10901 -331 328 -67
-12778 1518 10920 -276 311 -69
-12828 1480 10909 -244 274 -87
-12829 1510 10920 -264 285 -53
-12789 1486 10945 -248 261 -27
-12752 1524 10882 -208 261 -19
-12693 1553 10896 -241 249 27
-12674 1605 10808 -253 213 42
-12686 1700 10876 -285 227 46
-12713 1773 10925 -303 254 54
-12713 1830 10894 -379 266 43
-12720 1888 10972 -488 297 26
-12788 1813 10950 -640 271 -14
-12810 1668 11001 -802 267 -42
-12804 1537 10998 -938 242 -35
-12740 1442 10941 -1141 249 -31
-12685 1336 10832 -1326 294 -34
-12504 1393 10641 -1532 277 112
-12542 1417 10924 -2243 326 123
-12644 1510 10625 -2493 574 154
-12505 1273 10928 -2800 431 287
-12621 1533 10760 -3106 572 511
-12773 1618 11118 -3411 88 618
-12866 1429 10948 -3444 78 710
-12674 1214 10948 -3309 -133 957
-12662 1202 10922 -3273 -369 1037
-12764 1176 10968 -3165 -438 1128
-12826 945 10760 -2749 -506 1093
-12538 856 10550 -2373 -226 1118
-12686 1189 10764 -2228 -213 1287
-12828 1016 10802 -1854 -354 1144
-13084 874 10860 -1487 -468 1052
-12877 744 10896 -1189 -601 1100
-12845 617 10698 -884 -661 1146
-12922 358 10898 -552 -785 1243
-12872 -202 10953 -249 -670 1455
-12933 -809 11190 207 -532 1770
-13595 -1770 11538 1003 -830 2080
-13583 -2487 11674 3041 -1434 2453
-14014 -1793 12025 6482 -785 1462
-14082 -688 12982 8006 549 1220
-14172 -341 13125 10216 1463 1149
-15716 -945 14486 11903 2899 2231
-18225 -534 15643 13166 4168 3031
-20101 442 17070 14561 2475 3510
-20666 613 17888 16177 -1173 4066
-21015 2826 18921 17328 -7916 6151
-22261 8033 19589 14953 -15858 9987
-21281 8295 18534 12970 -19905 9116
-21100 10235 18139 10023 -23812 8110
-19894 12709 17393 6257 -25450 7677
-18953 12890 16303 3034 -24511 7322
-19300 13781 16360 -1155 -24181 6709
-18724 14812 15629 -5228 -23836 6979
-17221 14518 14743 -9197 -23567 7981
-15836 13360 13004 -11133 -22435 9108
-14506 11399 12176 -13179 -20300 9429
-11656 10564 8860 -16307 -19018 10167
-8535 8082 6666 -13481 -18180 11495
-6322 8946 6560 -12685 -18769 12450
-5643 8076 7572 -17158 -20741 12715
-5234 5902 8488 -21255 -25015 11479
-4633 3747 7771 -20384 -26966 11962
-445 481 6557 -16585 -26473 15260
2685 -495 5471 -12444 -23005 18241
3837 -490 5410 -8093 -19014 20257
3272 112 5353 -5478 -15380 21202
3672 -1489 6073 -2844 -12423 21558
3246 -2153 7805 -953 -11398 19749
2001 -1257 9704 -1682 -13281 15412
2541 -686 11440 -5082 -19251 11231
3524 -2748 11964 -6680 -26538 9248
5365 -3135 10821 -6690 -28128 9873
7436 -5298 9571 -1602 -18296 11744
8394 -2068 9037 2864 -7747 8788
1117 -2966 12414 3596 2197 1258
1701 226 13868 -6937 8372 1333
4217 -2175 16485 -14852 7387 -746
3597 -3438 16680 -12158 5914 -128
3696 -5082 16617 -7169 5818 973
2654 -3182 17036 -4395 7757 241
1370 -2625 18396 -4139 10537 -1561
481 -3694 18344 -1448 12248 -3617
12 -3640 18380 811 12655 -3966
-508 -3643 18587 3993 10980 -2625
-933 -1755 17516 5554 8212 -796
-404 -232 17744 2635 5114 -406
-1504 477 18392 1651 1786 -1064
-1116 429 18198 2233 -568 -1063
-837 892 19113 3082 -1844 -1201
81 1373 18641 2118 -1480 -1097
372 368 17984 1872 -1129 -2241
2307 210 15851 3154 -75 -1090
416 4454 14962 2989 988 1146
-229 7236 15169 -1361 2148 -246
-493 3472 15409 -2615 3111 -1859
106 1529 16036 -222 2016 -1547
162 3416 18151 -157 663 -399
262 3498 18324 -2502 715 -765
390 757 18041 -3298 1804 -1272
437 -541 17776 -1576 2651 -1082
590 -952 17929 1379 3246 -661
289 -77 17769 2743 3690 107
271 601 17057 1189 3756 -332
693 1204 16865 -2095 4511 -1312
1088 929 16766 -3651 4766 -1915
716 33 17442 -3465 4494 -2230
-37 130 17864 -2649 3003 -2047
-488 728 17581 -1814 1457 -1470
-569 136 16900 -522 823 -867
-211 -462 16483 1020 909 -411
117 498 16533 1383 1111 36
283 943 16097 1353 907 309
612 854 15552 1490 1094 433
732 973 15005 1536 1619 356
694 949 14626 1557 2293 300
460 1060 14576 1589 2800 116
266 1072 14686 1458 2998 -250
62 1105 14660 1288 3240 -489
-16 725 14815 1485 3141 -759
-216 1004 15210 1195 3171 -692
-202 1190 15380 841 3388 -581
-170 781 15529 625 3442 -702
-267 745 15772 486 3612 -592
-427 553 15907 752 3664 -456
-470 502 15950 1186 3404 -356
-594 392 15921 1596 3137 -309
-894 512 15976 2017 2996 -278
-1170 772 16098 2225 3002 -381
-1541 1298 16453 2200 3194 -660
-1750 1549 16617 1989 3520 -1000
-1856 1537 16664 1836 3936 -1227
-1868 1344 16498 1850 4315 -1334
-2006 1286 16444 2096 4774 -1354
-2316 1794 16652 2306 5312 -1584
-2333 1941 16714 2225 5747 -1886
-2418 1805 16745 2088 6210 -1975
-2682 1569 16821 2107 6638 -1839
-2808 1670 16756 2144 6731 -1637
-2710 1502 16430 2059 6267 -1363
-2460 1157 15752 2167 5538 -782
-2214 782 15200 2681 4587 -114
-2033 590 14812 3518 3803 587
-2341 990 14817 4306 3444 861
-2554 2049 15276 4480 3571 664
-2873 2988 16002 3878 4100 115
-3060 3425 16604 2881 4863 -457
-3073 3210 16728 2022 5700 -893
-2974 2782 16529 1605 6082 -1107
-2941 2350 16037 1599 6041 -967
-3000 2030 15582 2082 5649 -609
-3276 1800 15394 2987 5265 -295
-3749 2496 15766 3687 5211 -277
-4486 3888 16768 3417 5695 -726
-5261 5538 17718 2056 6215 -1714
-5288 5278 17976 525 6589 -2687
-5329 4362 17758 -171 6821 -3107
-5002 3525 17258 -2 6761 -2906
-4681 2824 16488 691 6231 -2520
-4324 2132 15730 1749 5333 -1981
-3949 1665 14902 2873 4233 -1247
-3668 1156 14142 4122 3226 -451
-3524 901 13612 5318 2475 134
-3861 1308 13494 6253 2199 454
-4364 2278 13666 6339 2398 235
-5008 3121 14060 5639 3167 -416
-5952 4578 14933 4165 4685 -1551
-6705 5812 15634 1892 6333 -3094
-7013 5705 15760 -400 7612 -4614
-7006 4393 15626 -1241 8588 -5464
-6854 3134 15242 -384 9548 -5503
-6592 2497 14670 1368 10353 -5140
-6856 3350 14798 3280 11374 -5026
-7520 5237 15345 3779 12400 -5434
-7941 5640 15858 3240 13262 -5698
-8500 5573 16460 2412 13844 -5276
-9102 5768 16898 1549 13539 -4314
-9356 5533 17021 1231 12290 -3276
-9554 5400 16966 1383 10347 -2297
-10018 5720 17142 1683 8495 -1507
-10237 6106 17318 1316 6643 -963
-10298 5918 17425 805 4721 -742
-10380 5748 17640 487 2991 -567
-10218 5673 17758 289 1810 -408
-10161 5641 17764 -25 960 -354
-10374 5933 17885 -464 403 -407