-1109 2557 17269 -2523 1592 280
-1209 2589 17108 -2157 1444 93
-1250 2706 16929 -1846 1285 71
-1189 2721 16914 -1565 1240 121
-1318 2840 16956 -1396 1152 -38
-1640 3030 16988 -1226 858 -180
-1756 3008 17082 -1237 254 -320
-1664 2946 17086 -1129 -339 -610
-1606 2749 17140 -891 -903 -829
-1694 2762 16888 -733 -1238 -1092
-2065 2961 16565 -43 -1715 -1600
-1884 3417 16322 329 -1877 -1943
-1346 3888 16661 587 -2187 -2249
-602 3478 17074 -18 -1906 -2359
-737 2142 15308 1779 -1498 -3154
-1104 1420 14130 4873 -152 -4986
-1080 6600 18634 -1390 1034 -5670
-2348 10326 21689 -8520 -4372 -3515
-1949 2918 22600 -8196 -11410 -3283
210 496 20793 -7181 -12345 -3936
936 1969 20602 -6677 -12894 -3391
2134 970 19732 -3901 -12816 -2303
3685 436 18824 1036 -11218 -1723
3226 3094 18070 3500 -9184 -1903
2970 4309 16842 5059 -8656 -1886
3653 4357 15993 5319 -7496 -1555
3684 5014 15358 3781 -5838 303
4209 4922 14794 2718 -6528 1177
4521 4666 14250 1445 -6997 1302
4688 4445 14322 677 -7644 2103
5184 4165 14404 -68 -7473 3093
5272 4472 14857 -95 -6917 4075
5826 3938 15164 343 -5527 4392
5681 3837 15161 1379 -3526 4134
5881 3229 15252 3047 -1231 3256
5568 3670 15773 3833 693 2428
5094 3961 16592 3522 1680 1135
5884 2546 17258 3460 2681 863
6957 292 16778 5791 4520 1345
6612 497 16701 8633 6297 903
7662 1336 16120 8642 8039 710
7798 2117 14953 8512 9900 662
5701 3992 14182 6749 11567 -67
3461 4996 13474 4090 11792 -1009
4569 2806 14530 -72 12260 -918
-233 4504 14758 -2334 9764 -322
-6141 9176 11713 326 7956 -2440
-4736 9722 12524 377 5436 -2594
-3526 9010 14901 -4125 2706 -3158
-2598 4793 16176 -5564 668 -2960
-841 3322 16973 -4168 -286 -1656
-434 4540 17952 -2408 -1249 -1533
-133 5589 18133 -1418 -3155 -1852
170 5506 17252 -1003 -3832 -2219
1298 5685 16660 417 -2546 -1719
2530 6134 14302 2062 845 -1168
5162 5793 12240 2582 7998 -1384
7312 6821 12534 -2378 16923 335
4530 5470 12298 -9009 27381 -1235
-949 10296 18636 -16206 21069 -3512
-3442 -5512 19612 -7670 11635 -1984
2916 -6553 18704 -7109 10566 833
-1116 3321 17277 -5560 9800 2817
-1866 1190 18686 -2356 5733 3520
-2373 1126 19085 1009 3233 2586
-4137 4694 19677 2175 180 1184
-3338 4605 20713 2524 -2447 -213
-2310 2089 21146 4455 -2958 -1307
-1720 1341 20649 6065 -3922 -1768
-877 3986 19377 7140 -5725 -1794
312 2581 17882 11197 -7127 -1290
1546 1665 17670 13398 -6990 -1601
1288 4398 16684 11332 -7643 -1601
946 5658 16661 7098 -7669 -2160
742 7824 15470 2399 -6636 -1884
-24 7854 14196 -525 -5328 -2410
-229 5821 13746 -3206 -2982 -2058
-3320 6081 12444 -4393 -831 -1949
-4186 7416 12404 -3215 -91 -2245
-1700 6912 13716 -3189 1097 -2193
-930 7684 14426 -5424 1773 -1814
54 7353 13800 -6308 3415 -460
2632 5518 13528 -5718 7417 1433
3812 1666 13145 -6083 14617 1597
424 8185 18684 -16511 18531 -303
-2500 5208 16937 -15064 11884 676
1581 -5470 20413 -8365 8387 2541
3278 237 17776 -6424 7423 4360
-137 3220 17350 -5911 4922 4894
-2625 -196 18242 -3701 1330 4776
-2898 730 18596 -900 -2021 4863
-2552 2325 18562 488 -4358 5477
-2454 3002 19218 723 -5768 5627
-1856 2821 19585 1612 -6407 5058
-1000 1426 18834 4091 -5861 3495
-186 1581 17846 6292 -4777 2127
-744 3133 18202 6584 -4386 144
-402 2625 18321 8690 -5048 -708
2065 1226 16544 13760 -3958 135
3506 52 15010 15677 -1296 591
2090 4436 14561 12716 -73 300
-388 7224 15162 6775 -188 -889
-1936 8109 14776 1292 -1174 -3032
-2689 7005 14297 -1430 -1694 -5681
-2326 5730 14545 -2964 -2287 -6543
-2357 4804 15054 -4809 -1746 -5331
-4436 6050 15096 -3776 -2153 -4483
-3878 7273 14444 -582 -2396 -4742
-753 6370 15677 -2185 -678 -4931
741 6196 15890 -4778 2018 -4653
1353 4585 14901 -4965 7491 -4263
1709 2988 16017 -4838 13569 -4396
1172 2934 20826 -8560 13715 -3584
3444 2410 17948 -4783 11464 822
-150 1201 17670 -5472 15594 -1170
-3758 6952 19809 -10345 9493 -891
-852 -228 17166 -4602 7125 900
-1098 1608 17214 -417 5832 724
-3617 4096 17940 -673 2554 -848
-3852 1878 18565 1350 -1920 -1107
-2937 2548 18308 2644 -4754 -617
-2020 3714 18137 2796 -5612 -22
-1074 4533 17733 2394 -5034 271
-292 5178 16940 695 -3121 569
266 4589 16446 -601 -413 880
544 4006 15930 -832 1860 1102
272 3662 15656 -311 3480 1092
-568 3493 15488 673 4058 1305
-1013 3824 15642 1405 4076 1618
-1593 4456 15662 1410 3800 1588
-2072 4934 15864 708 3222 1321
-2341 5052 15900 -505 2672 1127
-2681 4894 15974 -1627 1870 1050
-2737 4793 16317 -2850 957 1054
-2825 4432 16774 -3782 14 1113
-2606 3934 16913 -4094 -633 1245
-2288 3484 16990 -4241 -755 1344
-2088 3205 17090 -4157 -468 1466
-2058 3158 17144 -4015 82 1570
-2066 3108 16978 -3973 633 1598
-2178 2905 16944 -3616 1066 1643
-2425 2457 16966 -2878 1161 1487
-2396 2152 16950 -1296 607 1350
-2284 2026 17194 -1395 912 1309
-2462 2072 17293 -1552 1033 1116
-2694 2138 17302 -1479 1256 788
-2820 2138 17228 -1381 1284 412
-2780 2010 17272 -1111 1109 100
-2764 1750 17337 -1047 1126 -52
-2786 1673 17392 -614 981 -159
-2714 1700 17476 217 768 -354
-2577 1482 17440 1324 689 -724
-2373 1992 17266 1695 765 -810
-2449 1780 17269 1959 875 -889
-2506 2261 17074 2030 1013 -1049
-2802 2502 16902 2180 1024 -1456
-2530 2941 16934 1704 829 -1555
-2449 2716 17092 1337 550 -1426
-2380 2836 16829 1068 310 -1187
-2516 2921 16438 1039 256 -1132
-2410 3154 16420 829 140 -998
-2316 3312 16462 386 -146 -837
-2118 3285 16550 55 -355 -589
-1994 3122 16477 -64 -266 -430
-2010 3053 16425 189 21 -370
-2080 3400 16406 139 235 -393
-2153 3484 16736 -65 309 -431
-2109 3417 16848 -316 270 -438
-1970 3194 16840 -338 244 -399
-1894 3158 16766 -242 229 -331
-1918 3358 16780 -306 219 -316
-1873 3453 16902 -428 203 -310
-1973 3434 16930 -473 149 -229
-2045 3370 16874 -295 73 -228
-2029 3569 16924 -149 76 -215
-2039 3464 16899 -64 -68 -187
-2015 3572 16937 -21 -192 -173
-2020 3562 16782 -122 -376 -195
-1774 3589 16913 -221 -406 -166
-1908 3558 16884 -205 -398 -152
-1841 3641 16928 -107 -329 -66
-1917 3620 17058 -129 -262 -3
-2047 3550 16921 -12 -274 47
-2075 3664 16836 99 -510 42
-1897 3394 16954 212 -618 141
-1716 3096 17044 376 -453 322
-1749 3033 16968 691 -92 454
-1954 3158 16792 857 94 408
-2049 3369 16709 893 -34 275
-2132 3456 16665 876 -331 153
-2074 3309 16532 833 -639 143
-1813 3328 16516 930 -835 166
-1793 3249 16366 1144 -1029 120
-1744 3526 16405 1230 -1194 102
-1633 3781 16460 1055 -1230 46
-1684 3812 16626 861 -1143 -9
-1692 3965 16582 754 -979 -54
-1785 3994 16672 667 -917 -62
-1898 3923 16699 700 -884 -8
-2096 3844 16760 859 -1001 107