-2094 3442 18286 -1869 895 -610
-2512 3676 18186 -2567 296 -864
-2677 3685 18241 -3243 -226 -1313
-2517 3232 17957 -3257 -811 -1564
-2344 2645 17922 -3382 -1210 -1798
-2368 2288 17441 -2687 -1608 -1934
-2285 2144 17228 -1494 -1701 -2091
-2154 2533 16996 -533 -1647 -2169
-2334 3026 16936 -19 -1525 -2021
-2404 3333 16953 55 -1655 -1777
-2456 3332 17048 -355 -2036 -1473
-2710 3294 16772 -312 -2657 -1376
-2950 3524 16926 -181 -3817 -1336
-2884 3481 17130 -244 -5327 -1523
-2950 3404 17186 130 -6629 -1924
-2941 3946 17664 375 -7810 -2091
-2817 4600 18528 28 -8953 -2069
-2518 4400 19038 -329 -9818 -2125
-2016 3736 18661 303 -10276 -1694
-1322 4112 17945 1144 -10501 -1694
-892 4608 17688 845 -10245 -1213
-577 5314 17308 174 -10117 -735
-181 5636 16718 -187 -9780 -120
581 5288 16044 -444 -9303 702
1465 5941 15458 -2053 -7744 1598
1904 5221 15962 -3417 -6650 2840
2378 4465 16566 -4217 -6087 3835
3452 3652 16421 -4058 -5486 5120
4721 2241 15585 -1530 -4497 6198
4365 2416 15129 1156 -3121 7419
3412 3878 14733 2189 -2040 6624
3534 4522 13846 2231 -1627 5798
4429 3984 13597 1861 -599 5072
4237 4013 13430 1006 426 4422
4634 2136 13245 641 1257 4146
4154 1405 13474 572 1616 3236
3294 1981 14725 577 1192 1757
3529 2490 16077 1309 109 218
4392 1488 17101 3100 -227 -859
6588 -856 15984 6702 599 -1041
8590 -2058 15032 10482 3583 -715
7965 1806 13820 10111 7210 930
3956 4082 14026 6329 8211 587
2438 3838 14252 2048 7267 -559
1372 3436 14224 -415 6247 -1399
-1196 5729 15688 -2338 3744 491
-10904 13301 15188 -4004 -1160 313
-10348 13461 14677 -4827 -3744 -2259
-2586 8228 14896 -7393 -2550 -716
1842 4316 17218 -9873 -442 537
1194 2893 17917 -6560 29 426
833 2232 15696 2190 1429 -683
3121 1428 14674 8680 7811 -1097
4970 5560 18398 2336 13292 890
2634 10276 17930 -979 11711 4822
2185 716 18630 307 10371 1178
3389 6364 20489 -10525 11270 2661
1654 -4321 18128 -5711 10205 1292
4924 -1920 17925 -3338 14442 1733
686 1161 17457 -1643 13604 2327
-1582 1665 18204 48 11394 1823
-5292 2150 18796 1376 5807 1556
-4190 2949 20202 1922 1495 933
-3648 2550 20649 2521 -1970 -756
-2330 -160 19132 7643 -3666 -1637
-608 1484 18832 9861 -3170 -1762
-1228 4012 18004 10291 -3747 -836
-494 4644 16693 9116 -4610 2
-517 6166 16020 6209 -6071 920
-1448 7269 15130 3332 -7077 1590
-1834 7242 15473 724 -7429 926
-1305 7414 15765 -3167 -7414 -289
-354 4985 15754 -5378 -6890 -2117
833 2680 15693 -4274 -5087 -2943
992 2898 15578 -2828 -2542 -3192
-592 4296 14765 -956 245 -3752
-738 5706 14574 197 3285 -4111
353 6754 15256 -1747 7254 -4153
766 5803 16150 -4891 10368 -4221
1158 7124 16310 -8600 11634 -3709
980 5248 16210 -12039 12770 -4114
-284 4841 18174 -15542 11783 -3924
553 761 17297 -12514 9406 -1352
2670 -4429 16920 -5379 9950 996
-9 -392 16570 -1925 9049 3326
-4220 1420 16433 2000 5565 4757
-4722 2552 17582 4275 1709 4837
-4572 3988 18445 4558 -2877 4164
-3820 4301 18742 3505 -6986 3173
-3309 3630 18589 2330 -10175 2362
-2802 3161 18789 1403 -12742 1554
-2377 2634 18352 2597 -12674 381
-1493 2012 17818 6579 -11247 -1205
38 1324 17416 11167 -9321 -1886
2174 2620 16530 12829 -6666 -1993
2856 4061 16046 12003 -3858 -1453
1644 5854 15746 8323 -1265 -313
625 7858 15985 3189 -272 -317
52 6877 15650 -1023 661 -1654
438 4405 16072 -3291 1154 -2289
202 3121 16194 -3741 1269 -1745
-3009 5597 15070 -579 302 -2835
-3742 8358 14420 796 1126 -3679
-1253 6865 15177 -653 2900 -2858
460 4112 15593 -1944 5610 -2396
197 3850 15814 -2859 7612 -1696
-392 5082 15674 -3141 8905 -1515
-481 5245 15068 -3683 10547 -783
-248 4318 14913 -4585 12705 639
-169 3510 15873 -6375 14389 1543
436 5370 16605 -8460 12670 2882
885 5654 15613 -9727 9625 4122
-2454 5474 18276 -14133 5581 2488
-2781 4342 17585 -11950 -2745 3198
-2244 -3204 18392 -8896 -5382 4592
-2718 -2641 17666 -7382 -4776 4407
-5141 545 16681 -3215 -4277 3982
-2866 1974 17381 624 -4874 3953
-658 2657 17337 2041 -3949 3529
-541 2996 17010 3104 -2414 2915
-530 3101 16458 4333 -864 2014
-566 3000 16152 4729 1105 1173
-650 3940 16134 4319 2721 105
-650 4284 16344 3507 3932 -881
-689 4160 16489 2766 4734 -1742
-456 3886 16677 2806 5002 -1830
-470 3542 16422 2915 5002 -1224
-698 3286 16089 3667 5164 -147
-1249 3257 15725 4685 5390 487
-2156 4489 15348 5038 5039 297
-2990 6460 15497 3539 4064 66
-3746 7698 16365 -188 2505 56
-3674 7185 16882 -3926 823 200
-3288 5530 17362 -6116 -741 200
-2708 4113 17836 -6919 -1632 533
-2680 3068 17750 -6586 -1906 749
-2769 2198 17754 -5001 -1535 652
-2384 2088 18045 -3317 -542 596
-2488 2125 18229 -1814 481 635
-2794 2237 18240 -302 995 390
-2900 2473 18236 483 1343 202
-2888 2792 18645 9 1336 125
-3025 2972 18816 -1118 604 137
-3222 2708 18896 -1978 -290 117
-3098 2069 18604 -2084 -1245 -117
-2866 1768 18056 -1801 -1842 -201
-2746 1754 17770 -1584 -1975 -167
-2574 1706 17756 -995 -2228 -128
-2448 1402 17516 -123 -2288 -66
-2338 1242 17006 1069 -2300 -251
-2225 1744 16868 1494 -2166 -420
-2261 2597 16878 848 -2190 -494
-2268 2782 16817 -14 -2333 -792
-2076 2390 16732 -531 -2451 -1056
-1933 2204 16385 -305 -2471 -1397
-1904 2220 16042 -72 -2301 -1734
-1825 2568 16164 64 -2083 -1833
-1653 2708 16245 168 -1832 -1770
-1610 2585 16156 358 -1509 -1690
-1589 2682 16116 675 -1169 -1581
-1616 3008 16014 781 -955 -1508
-1632 3425 15990 515 -865 -1388
-1440 3405 16088 173 -836 -1187
-1250 3366 16162 -99 -864 -1010
-1182 3462 16221 -382 -744 -834
-1133 3218 16269 -441 -605 -793
-1245 3238 16245 -325 -416 -1074
-1205 3412 16438 -453 -388 -1546
-1045 3316 16696 -468 -433 -1865
-921 3000 16781 -451 -354 -2110
-792 2812 16792 -126 -204 -2153
-896 2964 16820 -100 -11 -2063
-790 3252 16820 4 -156 -2139
-857 3150 16936 86 -194 -2075
-752 3200 16960 114 -126 -1946
-687 3407 16995 0 -32 -1681
-734 3297 16960 -3 42 -1376
-809 3349 16870 98 124 -1197
-1018 3480 16776 170 33 -1081
-982 3378 16833 219 5 -870
-983 3307 16713 398 -28 -674
-1081 3453 16910 252 -101 -506
-1114 3528 17008 79 -116 -367
-1133 3306 17057 48 -66 -232
-1224 3066 16986 322 18 -81
-1418 3024 16941 712 -69 -123
-1474 3066 16900 998 -432 -261
-1257 3164 16857 1053 -806 -446
-1085 3124 16788 925 -1022 -546
-1077 3297 16761 674 -1122 -613
-1012 3020 16678 705 -1169 -588
-796 3085 16528 741 -908 -483
-795 3156 16329 818 -600 -455
-678 3277 16354 1077 -267 -529
-514 3489 16334 1135 41 -486
-616 3621 16200 1081 288 -467
-592 3550 16221 1009 361 -393
-521 3675 16314 560 430 -157
-655 3628 16435 465 38 -348
-649 3448 16583 343 -178 -463