-374 2744 17262 292 3380 -620
-716 2476 17496 88 4129 -533
-870 2074 17817 -137 4541 -403
-1241 1853 17693 -9 4705 -54
-1269 1850 17709 -22 4655 -103
-1633 2076 17632 170 4590 39
-1940 2265 17261 312 4173 120
-2118 2270 17101 371 3851 402
-2345 2370 16957 452 3579 736
-2252 2249 16446 741 3571 1000
-2332 2274 16098 1278 3708 1106
-2410 2626 16118 1694 3844 1133
-2386 2992 16181 1614 4148 1082
-2708 3404 16152 1162 4224 1178
-2957 3565 16281 657 3869 1130
-3056 3653 16352 360 3167 844
-3234 3617 16406 257 2337 373
-3290 3785 16345 278 1432 -335
-3280 4117 16173 -120 725 -1129
-3277 4940 16400 -1350 91 -1533
-3253 4893 16762 -2859 -385 -1656
-3176 4608 17206 -4230 -831 -1513
-3228 4154 17455 -4953 -1734 -1405
-2663 2773 17742 -3815 -2774 -1508
-2532 2468 18026 -2375 -3371 -1562
-2184 2364 17781 -919 -3916 -1765
-1812 2684 17605 353 -4485 -1856
-1690 3181 17196 1156 -5301 -1667
-1561 3653 17122 399 -6048 -2020
-1301 3810 17414 -1165 -7044 -2192
-933 3188 17860 -2627 -8462 -2153
-370 2561 17542 -3037 -9616 -1719
480 2752 17069 -3249 -9839 -827
1093 2748 17190 -3503 -8974 81
1053 3098 17361 -3668 -8096 694
845 2862 17598 -3200 -8348 971
1305 2024 17666 -2309 -8929 967
2185 2076 17457 -1417 -8203 670
2372 3093 17621 -615 -6717 1099
2876 3592 17421 -476 -4983 1816
2754 2672 16929 456 -3497 2498
2768 2773 16656 1627 -2671 2689
2678 2926 16254 2581 -2472 2916
2356 2888 15782 2750 -2309 3201
2070 2292 15197 3213 -2326 4250
1837 2386 15429 3608 -3016 4609
1326 2961 15682 3046 -4156 4963
1368 3445 16417 275 -4716 3856
1510 3232 17261 -2296 -5337 3033
2592 1213 17546 -881 -5669 3421
2620 113 18109 2407 -4410 2975
2805 1210 17622 7652 -3814 2528
4908 -881 15560 12287 -3792 1331
6444 792 13937 14681 -1182 1152
3581 4404 13866 11315 1346 -3
3544 5330 14280 7651 4045 367
2341 3353 15309 1387 8542 -703
-2409 6441 15536 -741 7663 -1299
-5762 9766 14413 -654 3778 -2279
-5897 8825 14504 -1254 1448 -3644
-2657 6060 15365 -4235 1277 -4087
34 4468 17124 -5342 2477 -2807
321 3988 17601 -4116 3214 -2513
833 3646 16013 550 4722 -2911
2608 3932 13641 6133 9748 -2948
4361 5461 14620 3308 18055 -4272
4129 5542 14702 -523 22664 -2982
2406 3006 15813 -3784 27551 -5256
-2092 9136 20621 -11234 20421 -4058
81 -1280 18737 -6302 12275 986
3002 -1922 18805 -10322 11563 5210
-3590 1786 17465 -10550 6711 8366
-5128 -1662 18561 -4770 1032 9866
-3013 1050 18077 -83 -1110 11294
-4138 3305 18820 2614 -3914 11052
-4425 3609 18942 4756 -6824 10266
-3718 1814 18997 7125 -6942 8811
-3092 1930 19537 9631 -6465 7338
-3384 2874 19857 10727 -10294 5972
-1620 3564 20057 10962 -15052 4455
561 3526 17932 9930 -14742 2252
2384 2798 15008 10766 -11916 -49
3360 3926 15284 7828 -8816 -1378
1498 6433 15452 4056 -6237 -2419
-314 7886 14781 303 -3705 -3164
-1070 7332 13602 -2078 -1748 -4419
-1590 6013 13364 -2399 -1140 -5056
-1418 4346 13408 -2053 -142 -4783
270 3817 13612 -1266 2804 -4832
1657 4588 14305 -1667 7006 -4894
982 6374 14469 -2592 10640 -4814
392 7633 15526 -5320 12377 -4559
490 7565 16916 -9245 13633 -4473
720 5050 17161 -11258 13723 -4166
742 4270 17038 -11473 13279 -2901
-542 4886 17458 -13968 11704 -1976
-2421 2289 18837 -14215 6793 -1133
-2329 229 20686 -11382 921 1243
-2573 1353 19618 -8158 -2529 4193
-3341 1814 18720 -3060 -4937 6234
-2953 1680 18892 1547 -5714 5899
-1841 1982 19094 5545 -5309 5128
-1094 2344 18276 8020 -3158 3905
-1402 4412 17750 8029 -1124 3001
-2773 5878 17764 6528 -2852 2834
-3589 3504 18520 5439 -9810 2260
-764 784 19269 6256 -12699 941
1954 644 17620 8061 -11185 -29
1804 2390 16813 8999 -9111 -715
1094 5700 16182 7202 -7043 -1146
1405 6880 15685 4793 -5166 -1302
1397 4818 15318 2707 -2641 -2558
1949 2497 15432 2734 693 -4990
1436 2462 15510 1822 3216 -5892
1000 3333 15640 -210 3600 -3739
230 4652 16317 -2264 2770 -923
-4376 7664 16058 -1815 709 -1260
-4774 7734 15485 -12 -1585 -2634
-1812 6116 15594 16 -2109 -2800
82 4826 15768 -987 -680 -2530
577 4380 16337 -2297 1640 -3123
-40 4470 16665 -2393 2966 -3820
-196 4320 16438 -1085 3568 -4554
76 4296 16126 100 4495 -5019
201 5077 15214 1502 6339 -4907
718 5834 14134 2234 9517 -4697
1092 5976 13365 2213 14215 -5115
1045 6384 13886 662 18731 -5878
322 7964 16085 -4061 20065 -5167
89 9113 17840 -10907 16599 -2078
580 5045 13817 -12276 14628 781
-1488 2316 14733 -12863 15720 -2657
-2300 4130 16237 -14314 12775 -2122
-1773 -801 15893 -9718 9709 -544
-1520 -602 15592 -3728 8695 -407
-3284 2148 15925 -677 7040 -762
-4272 3440 16232 657 4806 -968
-4164 4236 16465 661 3380 -894
-4229 4718 16945 -326 2437 -657
-4013 4958 17348 -1926 1920 -231
-3901 4908 17584 -3535 1749 216
-4030 4150 17464 -4421 1945 555
-4002 3318 17109 -3534 2136 804
-4165 3766 17354 -3128 2264 1073
-4865 4174 17618 -3170 1891 1319
-4869 3670 17789 -3038 1538 1649
-5009 3430 17568 -2028 1150 1718
-4762 2593 17338 -1347 1171 1805
-4900 2794 17428 -1178 1391 2021
-5001 2781 17568 -1177 1565 2250
-4992 2808 17592 -1093 1847 2458
-5060 2496 17004 -713 2056 2403
-5104 2490 16749 -613 2243 2226
-5296 2904 16940 -1270 2332 2105
-5373 2549 17249 -1867 2232 2074
-5332 2012 17105 -1751 1626 1794
-5317 1186 16826 -1836 1555 1810
-5353 1185 16833 -1387 1110 1557
-5385 1586 16933 -1327 536 1317
-5288 1334 16898 -1178 -137 970
-5026 982 16368 -836 -671 623
-4960 969 16549 -515 -882 437
-4832 1225 16585 -392 -1140 341
-4673 1240 16517 -340 -1296 267
-4576 1368 16358 -163 -1406 155
-4564 1138 16284 -213 -1322 149
-4486 1354 16225 -207 -1046 51
-4540 1624 16246 -188 -924 -152
-4502 1805 16209 -191 -838 -381
-4362 1925 16202 -358 -779 -546
-4336 1862 16188 -546 -732 -593
-4306 1712 15985 -531 -601 -662
-4274 1706 15789 -199 -442 -760
-4274 2194 16036 -237 -393 -820
-4354 2224 16022 -334 -510 -839
-4166 2304 16084 -378 -590 -732
-4068 2281 15912 -207 -562 -727
-4013 2410 15784 -68 -548 -685
-3988 2624 15938 -207 -572 -594
-3764 2613 16038 -420 -519 -448
-3728 2560 16061 -570 -224 -365
-3786 2582 16096 -599 88 -305
-3753 2672 16149 -668 312 -264
-3741 2617 16300 -685 408 -287
-3681 2596 16405 -576 491 -270
-3750 2577 16381 -413 407 -233
-3761 2421 16346 -43 396 -257
-3405 2502 16478 173 694 -403
-3717 2797 16469 411 954 -455
-3621 2746 16466 605 1062 -520
-3794 2925 16608 482 1101 -527
-3865 3088 16672 184 1140 -441
-3962 3156 16612 -66 1121 -461
-4134 3177 16688 -214 975 -484
-4176 3170 16746 -638 762 -480
-4333 3070 16732 -776 256 -333
-4226 2486 16744 -496 -259 -120
-4172 2584 16697 -124 -801 120
-4084 2568 16614 262 -1170 260
-4076 2949 16540 409 -1432 213