-3569 2065 17564 -737 2611 819
-3720 2368 17702 -949 2589 787
-4002 2461 17765 -1320 2007 851
-4106 2077 18030 -1758 1348 812
-4513 1809 18165 -2081 593 860
-4581 1585 18130 -2251 -180 698
-4562 1516 18220 -1996 -909 287
-4486 1512 18008 -1448 -1488 -112
-4466 1564 17634 -942 -1756 -683
-4661 1784 17432 -347 -2284 -1242
-4633 1894 17664 -58 -2929 -1543
-4705 1825 17780 60 -3893 -1810
-4718 1874 17728 131 -4903 -1777
-4634 1989 17474 357 -5851 -1733
-4474 1985 17404 689 -6654 -1854
-4260 1920 17357 1180 -7415 -1991
-3981 2001 17518 1707 -8183 -2186
-4024 2317 17870 2030 -9253 -2284
-3949 2352 17800 2530 -10608 -2603
-3736 2669 17782 2848 -11951 -3148
-3496 3076 17768 2920 -13517 -3515
-2726 3210 17670 2791 -14803 -3591
-1901 2860 17370 3029 -15469 -3446
-1137 2608 17428 3611 -15739 -3310
-204 2526 16961 4400 -15309 -2916
546 2936 16309 5139 -14135 -2345
804 4141 15682 5318 -12401 -1677
870 4629 14893 5259 -10415 -1687
904 5041 14693 4107 -8766 -2259
797 6805 14581 1150 -7486 -2690
1024 6781 14918 -2476 -7102 -2959
1618 5521 15238 -4709 -6678 -2836
2181 4901 15953 -5820 -6308 -2004
2005 3870 15756 -4719 -6192 -302
2985 3800 15925 -4047 -4916 1780
3029 3885 16425 -3785 -3667 3731
3366 3289 16814 -3234 -3360 5889
4417 2361 16156 -2533 -2621 6733
3014 1701 16628 -933 -3641 6746
2805 2940 16398 391 -4637 5743
3868 3397 16484 38 -3760 3516
5210 1422 15057 107 -760 1731
4170 705 14738 1046 1462 -427
3205 2477 15996 1304 2419 -1820
2569 1246 17241 1107 2441 -2665
2206 754 17276 2144 3082 -3610
2666 -832 13925 7348 4781 -3955
4434 -2698 12360 12420 7876 -4743
3506 998 12260 12333 11196 -5840
-701 7909 14400 4301 10294 -5349
-2318 5545 14640 -394 7959 -5632
-633 3512 15121 -769 6905 -4303
-1374 4746 15821 -1177 6214 -3880
-2540 5841 16061 -1020 5607 -4246
-869 5678 16336 246 6414 -4183
534 6364 16314 2193 9315 -4402
316 5677 17144 2078 12454 -4679
-329 6522 16254 1801 14122 -3808
-266 6044 16161 2226 15278 -2695
-294 5328 16008 3711 15175 -56
628 4409 14664 6738 15825 4299
2240 4777 13668 7894 18671 8807
-3013 12026 17708 -6104 16809 8475
-6630 9510 16969 -15253 9448 7682
-3908 1681 17528 -13359 3404 7720
-4849 4920 17748 -14336 -3189 7866
-5014 2432 18316 -12742 -10472 7654
-3700 -352 19694 -9786 -16085 7965
-2252 -1322 21030 -7913 -19302 8034
-42 -1886 19966 -2900 -17829 6485
-41 -2880 18485 5002 -13022 2532
-669 -1477 16469 13782 -7860 -1583
45 2290 17312 16143 -3973 -5105
-20 3773 17464 14336 -2575 -6780
-100 4733 16853 11439 -2455 -6411
-17 5625 16126 8249 -2868 -4735
-530 7137 15882 3470 -4009 -3539
-820 7929 15262 -1208 -4429 -3184
164 5946 15822 -3624 -3834 -2913
217 4929 15503 -4152 -2748 -2925
-472 4588 15100 -2269 -394 -3368
388 4688 15700 -706 2402 -3406
1137 4914 16057 -200 5228 -2744
980 4798 14820 467 8777 -2624
1280 5253 13605 2382 13298 -2146
1844 5662 15365 533 16974 -1111
821 9402 17377 -7815 16593 -883
-1638 9334 17797 -15554 11720 -521
-1668 4642 17560 -17697 6128 2838
-1945 56 16764 -15030 1983 6722
-2244 -1341 18008 -11706 -959 10355
-2464 397 20133 -7885 -5219 11583
-2228 933 20262 -3972 -8587 10704
-3141 2636 19537 -1020 -10026 7955
-3338 3574 19796 850 -11797 5392
-2478 2164 20333 2819 -13040 3169
-957 236 19218 6300 -12720 1290
-197 1212 19026 9136 -12003 -113
-516 3294 18122 10036 -12866 -880
301 2110 16096 11825 -13429 -1239
2778 2590 15670 11481 -11384 -1549
2758 4765 14621 9000 -9318 -768
2778 6342 13313 5564 -6143 -482
1692 6524 14242 962 -4003 -1551
1245 5620 14440 -2496 -2301 -2573
1320 4212 14446 -2983 -1085 -3977
1610 3542 14938 -2310 317 -4811
2324 3632 15472 -2316 2033 -4515
2309 3673 16042 -2016 3837 -4296
1672 3794 15758 -702 5385 -4654
1753 3861 15210 837 7687 -5233
2133 4734 14670 1536 11474 -5794
2656 5240 14661 1089 16275 -5663
2462 5224 16900 -623 18037 -4479
3646 3809 16464 553 16095 85
809 3292 12556 769 18944 -623
-5650 10153 18200 -8180 13584 -649
-2013 4793 17978 -9448 7198 3561
-3640 4568 18464 -9933 1848 3690
-4521 3756 19616 -10535 -4935 4534
-1592 813 20426 -9418 -10573 5436
-178 854 20161 -8562 -11855 7312
-182 2614 19924 -6561 -11360 8302
-68 2386 20073 -3945 -10139 7461
1306 321 18920 1002 -7431 5820
1197 -1262 17329 8048 -3967 2722
-732 2140 18474 10655 -3059 -356
-74 1958 17684 12386 -4928 -2870
1489 -1002 15908 15009 -4856 -5809
1896 1826 15640 14687 -3799 -7579
1857 5926 15437 10178 -2123 -6445
933 6054 15032 4097 -295 -8003
2532 1941 14976 -1583 2381 -9979
3676 2778 17846 -8024 4131 -6477
-8758 10097 12280 4569 -1139 -7612
-245 2062 13884 11202 -63 -7725
2058 6633 14746 10910 3112 -7616
2405 8837 14858 5930 7288 -7998
2188 7609 14790 1054 10470 -8369
505 6977 15073 -1095 11595 -7159
-1674 7174 15668 -2366 9266 -5616
-1990 7285 15890 -3537 5788 -3311
-1061 7104 16034 -4784 3295 -827
-621 6341 16108 -5722 1719 1189
-66 6060 16156 -6311 1007 2688
253 6512 15622 -6815 1421 3742
246 6205 14845 -7138 3012 4208
54 5404 15637 -7481 4741 3898
252 5181 16477 -7609 5452 3437
8 4677 16718 -7135 5691 2834
-657 4172 17214 -5857 5483 2477
-1346 4022 17537 -4830 4703 2222
-1849 4024 17845 -4001 3555 1923
-1924 4481 17985 -3798 2240 1823
-1708 4369 18014 -3812 1156 1817
-1758 3794 18034 -3884 768 1846
-1862 3232 17442 -3137 824 1535
-2116 3066 17345 -2605 1013 1503
-2034 3529 17856 -3414 1427 2120
-2426 3540 17832 -3439 1251 2513
-2745 2382 17642 -2288 995 2230
-2400 2472 17702 -1199 502 1627
-2242 2952 17684 -1443 119 1212
-2276 3034 17705 -1751 -301 863
-2053 2402 17601 -1743 -394 689
-2124 1914 17214 -1246 -114 621
-1894 1989 17182 -905 276 772
-1946 2272 17302 -1020 465 847
-1946 2101 17305 -1012 532 855
-1725 2065 17089 -992 712 677
-1778 1981 16789 -703 921 450
-1781 1683 16692 22 909 157
-1770 2434 16973 369 441 -120
-1860 2465 17078 -566 437 67
-1896 2325 16846 -744 245 31
-1991 2014 16638 -310 73 -37
-1951 2478 16813 -283 -36 -163
-1961 2857 17052 -715 -309 -540
-1778 2689 16914 -865 -442 -742
-1756 2276 16705 -574 -479 -970
-1710 2456 16388 -188 -443 -1149
-1620 2850 16492 -191 -349 -1174
-1541 3032 16621 -417 -253 -1061
-1262 2968 16642 -591 -84 -851
-1316 2704 16541 -479 74 -701
-1302 2661 16326 -21 236 -632
-1454 2890 16397 238 286 -675
-1479 3181 16603 -64 41 -741
-1312 3136 16764 -546 -182 -829
-1266 2894 16812 -569 -300 -866
-1085 2800 16796 -542 -213 -871
-1026 2768 17020 -577 25 -671
-1206 2880 16808 -459 53 -539
-1172 2823 16857 -283 36 -574
-1100 3002 16864 -251 -31 -741
-800 3128 17046 -450 -156 -984
-950 3038 17173 -559 -146 -1038
-1029 2825 17021 2 -193 -945
-1121 3162 17149 502 -368 -851
-1401 3294 16917 839 -587 -759