-14888 6401 14861 -589 -9460 -1800
-15261 6570 14952 -2556 -9612 -1767
-15157 6082 15488 -4701 -9971 -1767
-15062 5358 15946 -6375 -10704 -1631
-14730 4313 16285 -7205 -11871 -1497
-14592 3980 16409 -6951 -13424 -1391
-14270 3110 16762 -5366 -14706 -1088
-13960 2454 16524 -2928 -15650 -793
-13877 2333 15944 -380 -16346 -626
-13810 2637 15345 1865 -16754 -524
-13476 2801 15041 3735 -16703 -434
-13664 3013 14590 5128 -16163 -195
-13724 3152 14082 6008 -15893 298
-13513 3566 13845 6252 -15918 811
-13248 3953 13613 5881 -16073 1278
-12949 4069 13370 5658 -16145 1404
-12554 4188 13504 5656 -15913 1390
-12320 4134 13573 5910 -15448 1497
-12073 4344 13486 6598 -14712 1777
-11996 4613 13284 7656 -13835 2319
-12057 4874 13253 8480 -13384 3332
-11706 5126 13682 9321 -13610 4341
-11341 5296 14172 9946 -14331 5389
-10686 5852 14278 9754 -15164 6547
-10194 6445 14532 8949 -16153 7276
-9886 6866 14785 8105 -16698 7870
-9309 7637 14477 6438 -16389 8135
-9097 7969 14782 4844 -16211 8470
-8586 7352 14820 3934 -16166 8581
-7512 7310 14840 3291 -16083 7950
-6761 7794 15017 2425 -16260 6998
-6220 7940 15561 1289 -17030 6681
-5450 7178 16281 606 -18024 6700
-4458 6536 16550 751 -18560 6695
-4074 6902 16490 1164 -18734 6670
-3558 7062 15866 1526 -19040 6392
-2662 7117 15436 1823 -19005 6163
-1985 7432 15137 1787 -19041 6096
-1282 7830 14784 1141 -18792 5829
-642 8314 14837 -221 -18606 5631
-82 8269 15036 -1947 -18410 5540
368 7972 15126 -2910 -18301 5790
1449 7670 14956 -3485 -17439 6770
2733 7286 14706 -3729 -16158 7625
3680 6916 14962 -4315 -15570 8177
4564 7156 15756 -5609 -15210 8400
4445 7504 16404 -6427 -15405 8231
5765 6180 16077 -7736 -15476 7740
5504 5152 15574 -6477 -15909 7479
6684 4966 14678 -5667 -16376 7906
7421 4569 14310 -6293 -16438 8716
7554 4033 14128 -6299 -16685 9147
7866 3065 13558 -6601 -16771 9407
7874 2864 13128 -7124 -16713 9279
7884 2341 12614 -7330 -16564 9119
8334 2428 12216 -7297 -15596 8628
8660 1650 11808 -6333 -14338 7583
9004 1149 11065 -4838 -12325 6536
8865 1654 10226 -2663 -9786 5614
8717 1626 9846 -421 -7032 4548
8725 2772 9358 1115 -5249 2266
8293 2298 8440 1737 -5107 -15
8054 2386 8877 1963 -6041 -2088
8764 2980 10862 1381 -6990 -3385
9545 2812 11885 1517 -8117 -3338
12037 2130 9372 3034 -4713 -4667
14400 1462 7176 4726 2002 -5861
10818 2953 6669 4103 8722 -7035
6050 3653 6629 3690 10546 -8787
3774 5852 6572 2509 8853 -8789
4782 6037 7444 -1110 7134 -8400
4933 3864 9021 -4227 5184 -7229
5684 3246 9605 -7830 4284 -4848
2322 5866 9676 -10001 3207 -2699
-838 9213 8141 -8848 1856 -3348
221 8702 8172 -8415 1570 -4409
2836 6114 8765 -10314 3216 -4723
4464 3908 9864 -10568 6230 -4503
4692 4161 10886 -8075 9614 -4140
5030 4568 10517 -4804 13930 -4378
5242 4124 12104 -2479 17421 -5639
5185 6641 16797 -6023 16664 -6283
5133 6873 15380 -7068 11409 -5366
2882 304 16585 -9077 9453 -5652
-806 1400 17040 -12335 6264 -1783
1870 -4661 17904 -11704 5545 -992
2800 -1734 17906 -10180 9255 -1909
2049 1425 19188 -8169 11197 -2003
2538 532 19537 -5211 12941 -1453
1625 1210 19181 -3248 15074 -922
-368 2649 18989 -3208 13344 -1701
-410 2180 18613 -3231 10583 -2728
28 1524 18382 -2433 8429 -3155
612 -601 18125 427 6963 -3434
1808 -872 18898 4169 6665 -4195
2674 -974 20110 6057 2563 -4284
4596 -852 19562 10056 3796 -3852
4593 1381 17681 11988 7229 -3807
2028 3966 16722 11204 9429 -4030
-537 5976 16477 7896 8811 -5325
-1226 6328 16808 3562 5800 -6158
-540 4457 16902 -283 3034 -5393
448 2962 16668 -2352 1446 -3357
1165 2022 16209 -4114 271 -1532
-142 3476 15472 -5165 -999 -1189
-1072 4069 14270 -3075 -3055 -2147
288 4473 13442 -1076 -3648 -2916
1409 3662 14193 -2079 -2374 -3088
1888 3453 15138 -3711 -607 -2983
2101 3117 14682 -3667 1004 -2333
2476 2905 13354 -2346 4667 -2495
4125 2181 13480 -1330 8487 -2501
4926 2193 14509 -4068 11329 -2046
3180 3509 17169 -9306 9716 -1056
1546 5396 17806 -12052 3477 477
1581 73 17369 -11972 -2108 1984
2126 -3589 17437 -9957 -4882 2832
1517 -3325 17117 -6710 -6092 3176
1397 -2292 17016 -3525 -6275 3151
2278 -413 17260 -80 -5493 3421
2454 1730 17789 1857 -4104 3936
3317 2868 18385 2398 -2517 3694
3573 3214 18582 2805 -543 3657
3708 2628 18690 2834 1310 3958
4288 1966 18588 2694 2551 4157
4230 1552 19154 3120 3081 4052
4180 894 20221 4805 2914 3797
3849 1942 20456 6101 3026 3928
3552 2440 20189 7442 2755 4781
3665 2310 19965 9837 2981 5380
4194 3568 19306 11588 3489 5824
3090 7530 18193 9407 2839 6175
1288 7680 17948 6033 -146 5644
1325 4765 17982 4242 -1795 3654
801 4809 18425 3154 -2702 2985
-152 6278 17642 1381 -3547 3855
44 6265 17392 -351 -2962 4659
-334 7362 17702 -2250 -1154 5171
-729 7626 17646 -2589 -251 5426
-512 6712 17702 -2805 550 5866
-736 5837 17948 -2898 1086 6387
-1409 5316 17601 -2723 1486 6395
-1460 5412 16917 -2919 1341 6136
-1457 5522 16169 -3534 668 5940
-1596 5172 15658 -4140 -115 5671
-1678 4608 15838 -4240 -1043 5419
-1704 4428 16364 -4428 -1642 5248
-1904 4400 16894 -4781 -1889 5013
-2046 4124 17290 -5018 -1756 4652
-2149 3853 17517 -4987 -1333 4217
-2444 3652 17462 -4427 -667 3706
-2512 3450 17349 -3643 -119 3239
-2154 2606 17333 -2802 409 3034
-2674 2454 16962 -1800 938 2716
-2405 2017 16932 -682 1159 2574
-2229 1493 17068 -103 1091 2520
-2250 1310 17074 98 851 2494
-2257 1128 16956 -45 531 2272
-2214 1149 16766 -546 233 1952
-2089 930 16693 -1141 77 1721
-1936 406 16437 -1428 95 1456
-1866 28 16188 -1370 170 1086
-1836 30 15964 -1242 274 639
-1778 206 16032 -1114 517 126
-1715 254 16182 -1107 782 -267
-1732 333 16206 -1127 871 -631
-1828 353 16293 -1275 675 -1033
-1494 178 16252 -1385 343 -1440
-1221 52 16240 -1336 33 -1919
-750 24 16237 -1189 -211 -2469
-557 126 16293 -1030 -197 -2954
-282 6 16493 -947 140 -3174
-308 -43 16294 -899 691 -3221
-193 168 16222 -785 1024 -3311
-78 236 16017 -733 1286 -3469
-80 364 15997 -668 1573 -3615
94 593 16166 -641 1770 -3635
141 850 16376 -767 2075 -3733
72 1300 16645 -1099 2348 -3990
81 1770 16982 -1549 2567 -4177
306 1885 17184 -1937 2663 -4258
550 1748 17474 -2166 2738 -4134
589 1625 17624 -2392 2615 -3855
594 1308 17653 -2371 2344 -3598
542 1152 17728 -2109 1966 -3419
558 966 17670 -1733 1480 -3387
682 1020 17681 -1563 1059 -3530
760 1172 17561 -1602 915 -3671
982 1250 17666 -1788 1050 -3700
1029 1213 17668 -1984 1318 -3704
909 1056 17689 -1996 1681 -3682
1108 1041 17832 -1897 2049 -3722
1065 1038 17952 -1660 2260 -3622
1146 1042 18130 -1434 2285 -3322
1132 964 18217 -1198 2173 -2901
880 726 18080 -1179 1860 -2603
224 594 18013 -1156 1258 -2769
-210 805 18364 -1029 667 -3199
-37 1026 18594 -1020 257 -3490
325 1177 18542 -1095 57 -3609