9273 -765 9713 -2945 25463 -16717
5598 1480 13309 2085 32450 -25834
4836 2954 16693 7428 32767 -31767
3984 3390 14474 10675 32767 -32768
2512 -3166 13717 12903 32767 -32768
606 2308 11770 6464 32767 -32768
-7133 5262 11144 2467 32767 -32451
-12578 2657 13679 5103 32767 -25872
-12618 6504 16720 6543 32767 -18225
-12420 9272 16575 717 31313 -11266
-16014 8987 16086 -3294 17095 -3523
-14968 5990 17544 -518 2762 3053
-11284 6637 17276 841 -4736 6264
-7918 7029 16958 -854 -5268 7821
-6982 6870 16604 -2086 -4397 8588
-4565 6833 15850 -4490 -3058 9244
-3516 5901 15236 -9564 -1780 11657
-5992 3779 14408 -8354 -3284 16531
-4394 1502 14374 -5407 -4231 17832
-5311 2752 16997 -6538 -5997 18190
-6006 1396 19100 -6937 -13249 18055
-2331 438 18752 -6567 -15427 16731
446 93 17537 -6818 -14555 16190
2513 -1096 16208 -6232 -10679 17168
3053 945 15422 -9446 -4622 19521
1650 669 17136 -10226 -3097 22410
-958 -3900 18153 -2368 -4312 22753
-3078 -2362 18213 7391 -6041 21130
-2646 800 18303 14689 -8301 19533
-899 3446 18660 17961 -8573 16939
-675 7224 17944 14211 -7157 12201
-745 6903 19776 8092 -7267 8610
165 5608 20256 4959 -4925 7009
702 4186 20502 3293 -2947 6664
40 3040 21112 2502 -3353 7620
154 1657 19625 7861 -4550 9318
597 3098 18710 11940 -3814 8668
872 4530 18506 14579 -3060 6936
1357 6550 18405 15231 -862 3656
813 8246 17681 13488 1181 -20
-322 8138 17910 11863 613 -1952
-419 7180 18204 11404 -1476 -3208
-842 7328 18564 10874 -4949 -3697
-1885 10289 16932 6646 -7104 -3767
-2661 11049 15950 3744 -7802 -3367
-1473 12326 15029 541 -6381 -2154
-714 12710 14348 -606 -5625 -1339
821 12060 13503 -135 -5335 -407
1690 11232 13030 459 -5477 -214
1757 11122 12877 2128 -6549 -478
1786 11268 12440 2523 -6833 -271
2470 11520 11012 2970 -4862 97
3438 12516 10799 -275 1133 1620
3726 13694 11133 -3336 6517 2725
3012 14769 12517 -7164 10469 3474
1185 14956 13980 -8954 12348 4613
-32 13546 13826 -9373 12558 4995
440 11218 13890 -9130 13360 5521
-324 15136 17057 -16911 9690 8398
-604 7336 15970 -14165 3065 9560
1138 2398 16585 -5127 93 9776
68 5998 17156 -751 -2886 10136
-378 7188 17988 1838 -5858 10389
-312 8698 16770 3861 -7843 11163
66 9614 15380 5010 -8645 11157
874 9342 15150 4551 -9766 10837
1344 9000 15552 2168 -12266 10363
2177 6802 16784 -613 -16179 10569
3576 5124 17856 -443 -19291 10827
5069 4700 17524 719 -20307 10548
6454 4660 15496 2433 -18356 8087
6562 2569 13424 3820 -15610 3157
7852 3296 14348 2781 -13631 -1541
9164 6184 12214 1216 -10766 -1671
6665 7577 11420 -486 -7218 -1072
3642 9597 11885 -3142 -3775 1678
686 12256 10016 -1616 -2733 1264
1198 8994 12372 66 -2017 -2619
6813 6220 13293 103 -725 -3543
9230 5519 16271 -2009 1418 -2858
6880 7334 15928 -1729 1910 -2731
5934 7089 16254 -874 1667 -3117
4601 7789 16348 -501 471 -4937
4565 8726 16238 -605 -712 -6074
4816 9061 15314 -1687 -1084 -6649
5554 8516 14592 -1789 52 -6713
6456 8921 13540 -1255 3797 -6106
7013 8104 12200 -487 9966 -6142
6384 7982 11816 -1105 17676 -7407
5014 8834 12354 -3748 24026 -9175
3974 9705 15549 -7251 25709 -10394
3116 6904 15426 -6077 24470 -11831
2330 2450 17445 -6240 22028 -13227
922 5234 18088 -8570 18954 -12826
-1036 5513 17410 -6814 14674 -10772
-1880 4666 17800 -3742 11874 -7707
-3004 6718 17792 -1454 9633 -6350
-4262 8300 17945 -125 7927 -6258
-4737 9554 18376 507 7120 -7253
-3923 9065 19211 563 5709 -9332
-1894 5511 17771 2426 5265 -12252
-820 5462 17968 1591 5241 -11871
-1873 4517 17165 997 4233 -8619
-2092 2391 16246 2997 2494 -5029
-2231 1756 13632 7303 -224 -3110
-2240 4973 12492 7476 -2284 -3870
-3124 7906 13385 4206 -3853 -4310
-7561 11626 13194 -1379 -3213 -5979
-9235 15003 11822 -1409 -5667 -8306
-3953 11105 13335 -5906 -3561 -7510
-994 9028 14440 -7805 1180 -6181
-106 7453 15116 -5747 5289 -4768
888 8790 14733 -3081 7859 -4122
-887 9548 12240 -1846 12416 -3379
-1634 10824 11926 -2594 16451 -322
-3468 10746 13092 -7052 16759 5717
-4584 7852 14368 -10424 16414 9960
-4134 10296 16568 -13920 14399 12602
-4573 7349 17109 -13621 11794 13420
-3843 5182 16868 -10962 10606 12822
-3318 6496 15933 -9304 10873 11239
-3461 6088 15961 -7613 11605 9854
-3796 5746 16904 -5619 10019 9235
-4277 5410 17644 -2737 5405 8655
-3762 5841 17689 -730 -322 9070
-3552 6954 17013 -1626 -5800 10454
-2792 4879 17904 -2920 -12382 10340
-469 4796 19372 -4952 -12144 8163
-853 5952 20518 -6274 -11544 8470
-1611 5514 20476 -6337 -11561 10013
-960 4472 19938 -4349 -11901 11821
-290 4121 20816 -219 -12407 13351
912 3828 19316 6439 -17411 14777
1073 4414 22124 4550 -20938 16048
3394 5001 20537 3237 -16937 15277
4933 4024 19746 2428 -15447 15272
6864 3793 18113 2429 -13648 13732
5498 4725 16558 1096 -11559 10959
4232 5060 15901 -638 -9441 8775
3650 6587 15207 -5167 -7158 5081
2899 7770 14505 -11034 -5507 -445
2596 5910 17247 -20446 -3365 -4518
1321 4623 15668 -22713 -4223 -9365
2298 456 15100 -18435 -4766 -12320
3519 -1918 17794 -15109 -5746 -14097
1634 460 18090 -11622 -5737 -15272
2826 1622 15702 -4469 -4700 -16146
5366 1958 13624 -863 454 -16583
4915 4833 12067 930 5665 -17158
5151 4947 11431 -2245 15431 -20745
4346 672 13606 -2836 22105 -25220
3592 -1790 15480 -6719 28367 -27905
964 -1270 14381 -3820 30384 -28540
-4116 4015 12718 -4582 29944 -23525
-4494 1629 13889 1769 26449 -17916
-6164 4024 13304 2415 24118 -13408
-5301 4011 12878 1058 20972 -10073
-5409 3927 11320 2373 18337 -7916
-6193 4236 11118 1575 16018 -7048
-6849 4385 10944 -219 14407 -6231
-7319 3577 10876 -681 13934 -5821
-8538 3388 11559 -1826 14090 -5489
-10888 2292 12680 -2492 14535 -5210
-12372 2293 13858 -2046 14269 -5355
-13350 1553 14440 -898 14114 -4900
-13706 1234 14842 246 13697 -4190
-14363 1208 15022 1137 12451 -2796
-14770 1410 15501 1517 9824 -918
-14353 1550 15543 1646 5892 -615
-13425 1573 15263 516 3293 -1421
-12927 1377 15324 -1015 776 -2018
-12170 858 15269 -2127 -1049 -1981
-11361 504 15306 -2836 -1983 -1687
-10900 -8 15004 -2602 -2821 -1616
-10248 -760 14724 -1571 -3370 -1467
-9448 -828 15223 -1219 -3099 -1424
-9076 -549 14933 -56 -2064 -2257
-8979 -51 15003 317 -1385 -3154
-9386 246 14820 677 -100 -4359
-9606 818 14836 985 950 -5548
-9474 1498 14768 486 1771 -6053
-9478 1629 14804 -324 2076 -6273
-9433 1297 14568 -545 1912 -6179
-9112 1160 14596 -696 1595 -6172
-8920 984 14742 93 1521 -6137
-8730 541 14840 1579 1240 -5972
-8472 144 14666 2793 1267 -6016
-8220 842 14482 4116 1238 -6176
-8120 1720 14173 4300 1535 -6431
-8551 2127 14441 3347 1797 -6753
-8883 1870 14692 2295 1729 -7148
-8854 1585 14614 2049 1766 -7291
-8972 1066 14724 2724 1726 -7159
-8937 1068 14788 3587 1667 -6996
-9090 1505 14870 4267 1474 -6921
-9175 1759 14825 4837 1273 -6989
-8912 1952 14553 5166 684 -7150
-9008 2592 14139 5207 307 -7366
-9101 3150 14011 5257 -84 -7617
-9252 3517 13989 5139 -14 -7605