-6301 8368 16028 1495 -27776 -4776
-5158 7496 15250 1171 -26921 -4069
-3988 6612 14673 685 -25613 -2631
-3120 6118 13494 409 -24116 -622
-1961 5681 12198 1731 -22372 1184
-704 5140 10565 5139 -19976 2512
-202 4858 9520 8368 -17870 2941
-921 5490 8664 13061 -15342 2631
-520 6672 7953 15263 -13431 1950
340 6914 8158 15312 -12334 2648
1341 7886 8712 13444 -12921 3971
2241 7596 7809 10981 -14668 4706
3404 7916 7907 6606 -16263 5373
3789 8523 8574 -2291 -17527 5262
3676 8313 9834 -9451 -16583 3884
3953 9201 11201 -15504 -13876 1594
3714 9360 11696 -19992 -10900 -393
3059 7633 13188 -21708 -7308 -2455
2979 5191 14348 -17811 -4384 -4983
2546 5390 14404 -13391 -3543 -6852
2150 6020 15029 -10844 -4274 -8244
2446 5176 15206 -8883 -4392 -9567
2146 6614 14501 -9005 -3310 -13033
2364 7918 14334 -11000 -1731 -19576
2954 6178 13677 -9923 2192 -26077
3595 3920 12657 -7720 9791 -30665
2961 4278 11660 -6159 17299 -32768
2553 3682 8976 1975 22944 -32768
-1036 5260 10308 3139 29076 -32768
-4342 4798 11506 3246 29788 -32768
-6325 4481 12414 1455 30439 -32768
-5230 6690 12204 -3282 30955 -32768
-6624 7248 11496 -9828 32404 -32226
-10462 8957 10707 -12263 31534 -27841
-11768 8829 12823 -7008 25474 -19616
-10940 7465 13982 -1406 17918 -13536
-10736 7154 14825 2056 11417 -9868
-10550 8312 15292 3748 5555 -7091
-9898 9126 15729 4034 207 -4364
-8980 9360 15881 3659 -3848 -1485
-8062 8730 15833 3320 -6552 874
-6504 8314 15940 2856 -7828 2735
-4752 8611 15507 1171 -5864 5228
-3038 8538 14852 -2409 -1498 7269
-2097 9416 16310 -10588 1650 10165
-2978 9764 17584 -20365 -202 15465
-5686 5877 16569 -18714 -5106 16636
-6822 1660 19195 -10675 -14048 16613
-2174 893 21169 -2202 -22653 16340
-1696 5781 18588 -1822 -25286 16380
-2034 7648 17510 -1846 -24239 14581
-1570 5149 20196 -3365 -28905 12016
2756 2088 19711 -3427 -28551 9387
3756 829 20682 -1432 -24129 6041
3476 3530 20524 253 -21027 2624
3957 3210 19008 1797 -18124 -631
4269 2495 18954 3159 -16312 -4449
5033 2084 18783 6321 -15140 -8371
5397 2497 18166 6497 -11800 -13039
4302 2647 17328 4803 -8625 -16734
3456 2664 15692 2104 -5221 -21412
3272 1786 14892 17 -2149 -25169
2601 2068 15752 -1823 4581 -29045
-1005 6520 13844 37 11743 -31951
-710 9425 13890 3538 11224 -29821
-216 8784 15638 1999 11842 -24749
-1165 6121 15884 2370 9765 -20489
-2214 5310 16674 3405 6439 -17451
-2166 5906 16978 4426 3071 -15138
-1281 7993 16357 5030 1916 -12602
-277 10360 14940 2277 3096 -9329
-970 11060 13999 -1517 4476 -6586
-1753 10627 12916 -4851 5199 -3785
-917 8973 11874 -8632 5480 -668
-1129 7197 11937 -10786 5712 1594
-1198 5116 11584 -9978 5388 2823
-698 4234 12664 -9821 6077 3909
-1867 4679 13988 -9609 6109 5428
-2882 3062 15323 -6116 4241 5234
-2510 3555 14547 -1325 3132 3622
-2178 5287 13020 1420 4493 430
-2236 6612 13029 700 6617 -2242
-2230 6302 13614 -836 7417 -3180
-2297 4818 14960 -2584 7228 -3068
-2952 3548 16560 -2950 6840 -3315
-3413 2877 17458 -418 5340 -4297
-2974 1618 18461 6087 2059 -5308
-930 1314 17442 12432 1060 -4910
-248 1604 16172 15138 1851 -4999
298 3096 15245 15355 2370 -5742
832 5262 13788 12834 3688 -6561
715 5616 13634 9376 5246 -5819
-4427 9536 13190 5017 6524 -4736
-5932 12449 13485 3548 4696 -3508
-3557 10005 14796 -2556 4371 -1069
-2296 6552 15877 -4241 3511 295
-1037 5820 16301 -1879 3718 1634
-1502 6568 16588 1262 4612 3235
-2423 8133 16737 1334 6144 5778
-4100 8845 15591 -263 7056 8658
-4044 8164 14761 -1605 8999 10809
-2595 9646 14379 -7332 13805 13652
-2155 9230 14027 -14573 19539 15962
-4018 5416 14732 -14619 23796 15175
-5408 7156 17612 -17814 25980 14710
-7601 2632 20883 -12636 19165 14242
-4852 380 21286 -2702 9131 14486
-3766 6253 19802 -2787 2806 13076
-5336 8992 17924 -9447 -1670 10341
-6094 5281 18872 -11646 -5484 8867
-4973 2302 20119 -8955 -10560 7789
-4352 1258 21058 -5135 -14110 7797
-4480 1298 21554 -1018 -16393 8755
-4318 3281 21028 3504 -17317 11089
-4060 4262 21200 6998 -17444 13453
-3022 4661 20656 8499 -18018 14078
-2622 5606 20152 8797 -16925 13341
-1733 7720 19254 6459 -12313 11343
-936 9076 18096 3530 -5962 8963
-437 8554 17458 2134 -618 7156
-574 6717 17681 2338 3589 5659
-910 6176 17752 2924 6374 4544
-1630 6168 17496 4310 8692 3462
-2634 6802 17837 6537 8662 1342
-3176 7014 17337 7310 7090 -1368
-3838 7254 17558 6585 4859 -3649
-4112 8108 17342 3483 1431 -4262
-5400 7454 16444 -2668 -4085 -3672
-5052 7185 15001 -7011 -6937 -4825
-5057 7598 14618 -9808 -8173 -5501
-4618 7492 15332 -12492 -8046 -6599
-4012 8269 15223 -11291 -3967 -9157
-3141 8595 14842 -5079 1059 -11139
-2161 8645 13454 -2406 5941 -11095
-3176 8244 12094 -1728 10809 -10286
-2995 7057 11532 -3734 18704 -9463
-2579 9360 13762 -9534 23686 -7042
-4557 4876 17012 -11336 19356 -5767
-6475 7486 18963 -14490 6980 -3160
-5637 3061 16582 -9521 -3428 -1934
-4648 6232 14348 -10288 -6186 -1130
-4992 7700 13618 -12871 -6249 -177
-5741 6183 14265 -14792 -7401 502
-4532 5160 13783 -15254 -8011 1054
-3970 2677 14233 -13776 -9409 2467
-3486 1529 15017 -10789 -10121 3676
-3950 774 16960 -7479 -11314 4325
-4056 431 17501 301 -14875 5807
-3349 1818 15180 6492 -15689 6119
-2202 3223 13317 8675 -11832 5146
-2998 4489 15376 4883 -8147 2704
-2492 6662 14898 331 -7065 2946
-2892 5496 13749 -3868 -4660 2600
-3728 4385 14534 -8069 -2854 1941
-4385 4344 15998 -9729 -3304 3091
-7155 7778 15241 -10747 -3161 1322
-6428 3348 14682 -7760 -3204 -637
-3998 1431 16651 -7020 -1304 -91
-2595 1235 17659 -5184 -5 1204
-2390 2180 17803 -3421 2724 -218
-2913 1249 18475 -3221 5081 -983
-3256 1006 18714 -4523 5703 -931
-3284 633 18892 -5401 5785 -1083
-3626 246 18580 -5984 5173 -955
-4165 -445 17697 -6207 3644 -792
-4576 -1619 17175 -5514 1546 -1028
-4048 -2502 17610 -4256 682 -1544
-3588 -2368 17868 -3025 718 -2187
-3454 -1917 17714 -2397 1447 -3078
-3748 -1466 17314 -2094 1508 -3910
-3994 -1074 17376 -1603 1362 -4540
-3888 -754 17478 -1152 1313 -4735
-3737 -424 17527 -775 1688 -4374
-3571 -540 17368 -478 2269 -3564
-3413 -617 17097 -255 2200 -2863
-3705 -101 16676 -203 1711 -2630
-4063 -285 16160 -73 696 -2717
-4038 -741 15729 -287 -288 -2971
-3942 -808 15713 -641 -790 -3116
-3688 -620 15769 -927 -749 -3561
-3522 -374 15802 -1123 -502 -4037
-3517 -177 15731 -1232 33 -4356
-3557 -54 15407 -987 885 -4272
-3788 209 15312 -353 1386 -3850
-4046 497 15193 474 1368 -3545
-3948 1120 15256 1170 1134 -3298
-3645 1512 15344 1347 1017 -3227
-3112 1954 15384 1101 1050 -3271
-2530 2193 15484 774 1258 -3176
-2222 2313 15606 386 1556 -2930
-2274 2444 15781 -90 1896 -2684
-2360 2456 15954 -547 2047 -2263
-2592 2202 16022 -877 1864 -1583
-2740 1905 16105 -915 1562 -946
-2594 1748 16212 -660 1310 -495
-2659 1938 16481 -66 1152 -275
-2864 2392 16621 376 1070 -296
-2952 2674 16642 237 987 -279
-3141 2647 16476 -179 764 -108
-3207 2410 16503 -519 538 661