-2135 5903 19560 164 4489 1221
-905 5542 17049 144 6448 3317
1125 5818 13778 820 13745 5484
2721 6330 11588 -4179 25823 5310
-2177 8345 16762 -16781 31025 5240
-3950 1593 14122 -18660 32767 3019
866 -1869 13441 -20413 32767 -1308
-2056 -4162 18946 -19614 32767 -4737
-6152 -5868 23046 -17549 27572 -4801
-7316 -3176 20248 -11046 18782 -2954
-6494 -4513 19000 -517 15816 -407
-6870 -2326 19899 6167 13757 1539
-9090 377 20874 5020 8429 1927
-10192 320 21420 2505 2434 1784
-10077 0 22082 3288 -2692 1620
-10701 -1116 23432 6110 -9983 2877
-9680 -926 21676 10165 -17092 4267
-6662 -1141 18864 17055 -20182 6640
-7144 2681 18724 16155 -21084 7421
-7757 3750 18065 10603 -22741 5470
-9056 3500 18181 5265 -24865 1424
-9657 5169 17453 3312 -27826 774
-10004 4590 16046 3252 -29019 1153
-10584 5974 15666 6617 -30544 1175
-6789 8191 15317 7560 -30255 2434
-1928 6914 14846 5713 -28067 4573
-76 6322 15369 1452 -23308 5254
1442 5860 14570 -383 -17593 4926
2648 5758 13246 352 -10172 3148
4254 5060 12826 2092 -3350 2998
5449 3858 12573 3709 3752 2907
6869 3077 14075 3955 13056 4922
-1186 15194 17008 -8087 10866 6440
-2340 9390 12470 4597 3908 6988
1496 -2526 20260 -609 3157 7075
1404 6268 18295 -9739 3290 4063
1252 3851 17761 -10713 839 2369
1854 2144 17249 -8471 1006 1584
1124 3373 15814 -3646 -79 2502
1069 4155 15481 1706 -2496 4283
1120 3400 14180 7601 -3629 3718
2193 6517 13315 11230 -2801 1223
4239 7384 11625 12666 1315 -2241
4114 7708 11146 9253 5789 -4737
1615 9077 10397 6875 8185 -5456
-2272 10408 9560 2456 9490 -4154
-8865 12492 11288 1050 8301 -1725
-7958 13180 13600 3091 2808 1284
-7032 11080 14474 2362 1084 1330
-6752 10318 14568 1205 1176 1031
-4114 9598 14432 2467 1492 1482
-1832 8918 15313 2960 3767 2729
-1046 8907 15833 1043 7099 3469
-1328 8213 15410 -1060 10260 4273
-2238 6930 15039 -2434 11786 4493
-3125 6372 15336 -3140 11644 4506
-2613 6021 15325 -4453 11094 4855
-2224 6352 14781 -6190 11144 4998
-921 6027 13860 -7244 13294 5616
-176 5244 12736 -7661 15788 5943
684 4380 12156 -9148 22733 6139
-2110 5128 16681 -14651 29261 4519
-5364 6812 18572 -17765 26951 3337
-6952 3930 20212 -14764 15654 2875
-5553 1788 19930 -10508 -224 4604
-5666 1180 18393 -8017 -6722 6238
-5768 1372 18128 -7092 -8236 7336
-6876 1830 19831 -3829 -10612 8089
-6590 2192 21725 2341 -13572 8185
-4996 2299 21962 7221 -14619 8681
-2350 1844 19748 11750 -13895 8123
-2526 3250 18761 12217 -12018 5001
-3678 5584 18034 11437 -9818 2941
-6262 7440 17306 9897 -9752 1550
-7024 6666 17701 6674 -13289 998
-6867 5731 17506 2745 -12749 306
-7334 8466 18403 -2414 -12364 -1479
-5356 8064 18594 -3282 -13293 -1680
886 2841 18242 -2743 -8952 -1856
421 2050 19985 -1364 -2764 -2318
-508 1654 19094 1022 4110 -4640
-3252 3834 17837 1735 8638 -6441
-4194 5044 17296 990 10892 -8378
-4864 5469 16861 -732 12223 -9841
-5378 5235 16653 -3800 12799 -10204
-5376 4896 16088 -7937 13063 -9813
-3982 3547 15620 -10430 14529 -7571
-3304 1566 13238 -9164 18282 -4070
-2197 -1138 8644 -5626 26009 203
-4789 2006 10120 -4985 32495 1468
-10147 6172 13040 -7352 28721 1446
-11409 2465 16356 -6971 19561 1170
-10268 880 18932 -8805 12340 1727
-10674 3067 18482 -8792 -1533 2051
-12435 3498 17378 -8444 -18592 543
-12216 3209 17768 -7658 -28284 110
-11005 2498 18066 -6779 -32381 444
-9697 1621 18635 -4885 -32768 3215
-8872 1048 18573 -882 -32768 7594
-6208 2492 18040 3565 -32768 10327
-4049 4726 17177 7368 -32768 11914
-2077 6056 16529 9190 -32768 12073
-41 5754 15559 9275 -32138 10571
2983 3348 14611 6937 -29170 9491
5234 1781 13556 5317 -26541 8153
6144 1184 13320 5475 -25356 7396
7627 -165 10581 6851 -19794 4007
6944 -1122 9304 8766 -12830 -1743
5634 1971 9002 8497 -9202 -5736
2300 3781 8121 7232 -5804 -9729
744 4144 8312 5495 -3360 -11454
1674 4289 10009 1141 -304 -13093
2449 4172 11592 -2863 3314 -15915
2982 5425 11820 -4435 6442 -21091
3864 5635 14157 -7283 9576 -24219
3344 5844 14950 -8101 12879 -24616
2334 6002 13900 -3374 18495 -22755
1312 6474 13704 -809 21862 -19480
342 7470 15724 -1576 26446 -14876
-2899 6771 20181 -8061 25434 -10346
-1241 5934 17734 -5790 19663 -4396
-2276 3074 16372 -4839 23018 -2816
-5742 9844 19588 -11785 19174 -1796
-4968 5625 17922 -11300 16221 889
-4988 3444 17892 -9048 11520 2777
-5510 2285 18761 -5781 5436 4615
-7498 3251 18678 -4231 649 3878
-6775 2761 18759 -2203 -5175 3140
-5565 1677 18284 -449 -8798 1555
-4781 725 17940 888 -9819 763
-3343 -67 17471 2728 -9045 370
-2478 92 16101 6864 -6005 -2209
-1589 1709 15245 10188 -2705 -4845
-1496 4182 15038 10567 -826 -6710
-986 4428 12830 10656 1774 -9744
-32 2021 12088 10008 5362 -12760
-1736 3170 11805 7853 6517 -12970
-4320 3330 13544 3734 5818 -13116
-6142 4285 13014 -684 4106 -13982
-6920 4012 14184 -5500 3142 -13528
-9943 4710 14980 -7764 1993 -12536
-12848 6066 15058 -4992 883 -14413
-11526 6369 16236 -3390 1506 -15009
-10014 4845 18001 -3113 2386 -12986
-8868 3706 19821 -2918 3479 -10983
-9228 3090 20725 -1797 4636 -11063
-9126 3002 20738 -424 5061 -11449
-8854 2152 20232 429 5576 -11529
-9701 2009 19668 53 5261 -11609
-9538 1602 19009 -325 4690 -11327
-9226 588 18670 52 4437 -10897
-9218 68 18077 586 4477 -10450
-9580 -164 17680 963 4919 -10100
-10445 -257 17362 1239 5631 -10266
-11160 -601 17186 1654 6254 -11115
-11632 -645 16982 2100 6583 -12251
-11996 -476 16676 2380 6647 -12929
-12059 85 15986 2937 5862 -13664
-11136 530 15062 3789 4310 -14570
-11201 1690 14629 4599 2868 -15581
-11021 3462 14029 5080 1289 -16565
-9766 4624 13540 4593 -60 -17274
-8711 5600 13293 4002 -1127 -17883
-7432 6049 13108 3437 -1378 -18273
-6548 6416 13242 2869 -853 -18354
-5924 6899 13416 2515 388 -18148
-5186 6932 13659 2890 2117 -17753
-4881 7032 13908 3369 3482 -17571
-4929 7264 14257 3608 4339 -17532
-4894 7401 14624 3701 4805 -17314
-5184 7376 14868 3311 4847 -17077
-5513 7106 15258 2874 4695 -16859
-5758 6730 15670 2455 4258 -16542
-6384 6322 16090 2143 3772 -16298
-6998 5990 16320 2216 3270 -16004
-7380 5700 16328 2488 2710 -15696
-8043 4618 16040 3254 1740 -15000
-9317 5111 16107 3763 464 -14696
-8929 4634 16180 3651 -156 -14572
-8257 3730 16250 3562 -325 -14162
-8017 3222 15993 3972 -436 -13551
-7877 3040 15694 4501 -604 -12992
-7842 3025 15562 4727 -507 -12678
-7858 2824 15754 4711 -315 -12598
-7968 2822 15617 4804 -279 -12662
-8094 2737 15308 4985 -434 -12940
-8086 3028 15065 4910 -662 -13035
-7898 3066 14944 4879 -822 -12986
-7502 3305 15111 4865 -586 -12844
-7215 3837 15191 4757 -232 -12207
-6632 4128 15032 4419 131 -11392
-6445 4293 14824 4021 66 -10830
-6351 4208 14803 3246 -247 -10236
-6590 4296 14876 2183 -284 -9659
-6773 4118 15194 970 -92 -8984
-6599 3541 15319 638 340 -8304
-6474 3194 15293 1180 501 -7865
-6357 3297 15169 1600 530 -7565
-6450 3494 15094 1788 529 -7344
-6147 3520 15112 1632 316 -7152