-1028 7452 17649 -8749 1987 14431
-1843 6851 18010 -8176 2525 13067
-2476 6329 18548 -7558 2342 11735
-2999 5991 19101 -6895 1417 11388
-3053 5856 19336 -6695 71 11685
-2992 5572 19160 -6695 -955 11882
-2664 4953 18647 -6722 -1599 11753
-2694 3877 17046 -6335 -2259 11215
-2618 3731 15667 -5546 -2886 9826
-2314 3982 15685 -5134 -2418 7086
-1960 4186 15686 -4570 -1435 4913
-1369 4086 15334 -3818 -392 3682
-1212 4136 14822 -2867 129 3389
-1541 4141 14377 -1734 -515 4000
-1453 4840 14055 -747 -2124 5031
-1072 6277 14217 -2384 -4502 5148
-646 5192 14134 -4324 -7055 4760
-1092 4081 13649 -3954 -9180 5090
-540 3034 14025 -2534 -11455 6250
416 2522 13609 -759 -13830 7351
1975 2527 12654 178 -15115 7178
1830 3801 10900 -1106 -13732 5339
2093 3918 11474 -2750 -12552 4365
3563 2980 12632 -4553 -10256 5683
4406 2449 13877 -4623 -8410 7681
3758 3382 13918 -4363 -6989 8269
3810 3812 13794 -4416 -6120 7385
4097 3360 14171 -3834 -5430 5836
4952 2448 14006 -1658 -4518 4910
6010 2661 12989 41 -2588 5701
5376 3365 11569 506 -82 5304
4696 2865 10201 1263 3238 3292
6177 1429 9625 2507 8209 623
7135 877 9447 3816 16205 -1321
6831 2240 10310 5525 27313 -2415
8063 -341 8742 18152 32767 -430
6397 10160 13978 7403 32767 -7346
-3229 6532 16395 5293 32767 -8403
2014 8856 13506 -3627 32767 -8405
-2982 14970 13282 -22740 32767 -16322
-14042 488 15898 -23519 32767 -13869
-16215 48 14891 -14009 31828 -7520
-16513 -1478 17725 -4545 16483 -1138
-14136 332 16499 6684 2208 7615
-14666 4654 16141 8931 -5420 8589
-13280 4832 16518 6010 -7822 6450
-12471 4534 17134 3669 -8434 4931
-10661 3742 17832 2016 -9228 3474
-9046 1318 18580 1532 -13173 3222
-6034 -508 18580 3816 -15701 3386
-4378 -1258 18067 7149 -16236 3793
-4588 1124 18729 6608 -17540 3587
-5273 2006 19152 3729 -19821 3342
-4082 1556 18850 255 -21182 2296
-2281 -257 19324 -4276 -20553 2151
-8706 4255 17908 1805 -21971 2915
-5930 7320 16440 7515 -22827 5059
-3294 6946 17553 6246 -19541 7844
554 5852 18318 2569 -15873 10266
890 4616 19218 1059 -13341 10214
1500 4100 19571 2284 -11761 9861
3866 3657 19537 2910 -7404 10183
996 5484 20192 1048 -84 11868
922 1530 17141 8331 6629 13633
2932 6126 21438 3367 15409 12504
-2548 13192 19446 -1006 13644 11467
-1482 6668 20970 -666 11696 9335
338 7600 20190 -6461 12912 9583
1710 2584 19070 -8579 17936 8662
-1817 6612 18473 -11288 18675 4028
-2434 2016 17837 -7933 12978 2949
-4986 2416 17041 -3307 5225 1499
-6077 4097 16345 1054 -6235 2971
-5303 4034 15662 5472 -15079 4571
-5298 5096 15896 6926 -19809 4828
-5350 5425 15989 7403 -23551 3284
-4700 6980 16648 6835 -26420 -526
-3819 6892 16118 7991 -28380 -3657
-954 4914 14417 11102 -27123 -4886
101 4814 12832 12352 -23160 -4295
338 4726 11506 11364 -18578 -2813
-86 5476 12136 7421 -15853 -1320
-770 8243 11008 4776 -14023 994
-381 9376 10385 1418 -12276 3448
-1010 10188 10366 -3756 -11052 4188
-2510 11646 8576 -9312 -9842 3106
-250 9018 6211 -8577 -8845 1116
3998 5856 6633 -5374 -2468 2133
7132 7605 9121 -6888 4484 3552
7795 8342 9614 -8990 12741 3658
4225 3053 7577 -2972 21751 5420
4113 2276 11877 -1980 29483 3697
2389 12242 15138 -12274 31941 3935
-489 1047 15174 -8518 31470 1555
3105 3528 16158 -9721 32482 168
153 3942 16998 -12879 28613 769
-1909 1845 18192 -10517 22626 2224
-3192 1366 19558 -7120 16491 3581
-4501 1680 20113 -1890 9778 3530
-4752 3302 20326 3748 3238 2712
-5350 5298 21961 4973 -3691 2434
-4641 4972 22429 5644 -8508 2896
-3292 3990 22520 6658 -11594 3084
-2472 3953 21609 7632 -13162 3158
-2548 4285 20494 7395 -13914 3335
-3130 4022 20229 5233 -14506 1776
-2075 3664 18981 1518 -14258 -1592
-445 2206 19148 -1188 -12450 -2674
-2653 3844 18178 326 -11069 -1464
-4576 7588 15313 5349 -11573 -1697
-2580 6693 15730 4121 -8713 -2252
-2538 5445 16718 1181 -5652 -1805
-798 4944 16992 -870 -3330 -2722
-254 4210 17266 -3604 -396 -4741
-230 3510 17632 -4378 1506 -5759
-353 3659 16202 -3562 5423 -6381
-611 4307 14313 -635 12061 -5636
473 5325 13978 -541 19093 -4079
1004 6134 14506 -1663 24351 -3273
-170 6317 15728 -5452 30446 -3073
-1366 4017 16250 -11239 32767 -3794
-2690 1566 17164 -14956 31298 -6076
-4728 -120 16701 -15128 22568 -4977
-6397 -2229 15566 -7890 12453 -1839
-7382 -580 15092 -4090 6912 -98
-9283 609 15564 -1068 121 538
-9611 1445 16550 3353 -9097 541
-8541 3292 17033 5975 -14348 -505
-7905 5169 17369 4837 -15262 -1770
-7136 5510 17660 3285 -14802 -2404
-5216 4285 17406 2456 -13167 -2777
-3505 2918 16589 3001 -10830 -2496
-2725 2212 15553 4787 -8967 -2352
-1913 3260 14437 6549 -6303 -2484
-1370 5550 12827 7134 -3233 -2033
-940 6066 12276 5388 -865 -2383
-832 6903 12186 1743 998 -2927
-1589 7236 11997 -2303 2086 -3645
-1352 6900 11824 -3706 2627 -4103
-1244 6528 11917 -4016 3442 -4390
-570 5550 12794 -3609 3773 -3912
351 4571 13775 -2997 3823 -3015
1091 4104 14812 -2646 3605 -1605
1337 3928 15614 -2908 3582 -286
622 3934 16144 -3310 3450 220
-94 4114 16585 -3359 3092 84
-390 4300 16917 -3796 2703 64
-894 4400 17268 -4342 2379 -75
-1466 4630 17721 -4729 1823 122
-2116 4568 18104 -5126 944 705
-2198 4104 18481 -5323 -244 1355
-2068 3452 18514 -5269 -973 1766
-1950 2890 18629 -4831 -1841 2599
-2556 2365 18864 -3903 -2363 3306
-3057 2598 19317 -3213 -2626 2688
-3334 2942 19604 -3002 -2470 2072
-3741 3074 19942 -3060 -2043 1180
-4200 2897 20186 -3244 -1358 617
-4436 2866 20376 -3363 -235 443
-4717 2621 20565 -3358 863 557
-5370 2135 19804 -3008 1311 912
-5884 1426 19297 -1789 1235 872
-6590 1441 19260 -191 1676 443
-6928 2185 19152 792 1944 -187
-6880 2901 18806 1076 1882 -436
-6630 3457 18089 963 948 -540
-6448 3297 17416 888 -286 -319
-5973 2844 16950 887 -1011 71
-5496 2796 16363 732 -1237 406
-5032 3385 15911 452 -877 497
-4762 3768 15214 235 -819 417
-4734 3673 14476 -63 -921 266
-5122 3524 14260 -230 -953 27
-5406 3364 14440 -362 -767 -227
-5456 3585 14916 -1084 -195 -563
-5758 3557 15328 -1794 749 -836
-6011 3490 15606 -1733 1463 -989
-6261 3230 15872 -1151 1838 -1164
-6413 2863 16056 -621 1707 -1176
-6651 2237 16013 -11 1309 -897
-6624 2068 16046 186 1087 -689
-6242 1952 16098 339 971 -557
-5557 1456 16029 286 848 -448
-5286 1582 15710 404 599 -953
-5089 1593 15306 106 257 -1637
-4644 1488 15262 -615 140 -2399
-4547 1302 15282 -984 -86 -3025
-4441 960 15221 -653 -76 -3247
-4606 984 15233 224 177 -3349
-4676 1187 15329 1613 716 -3586
-4873 1367 15404 2531 1047 -3993
-5052 1326 15438 2633 1026 -4341
-5022 1150 15516 2465 1059 -4586
-5087 738 15658 2340 1305 -4992
-4993 569 15741 2555 1658 -5615
-4896 545 15849 3222 2075 -6146
-4866 617 15945 4269 2542 -6613
-4784 838 16102 5125 2871 -6908
-4946 1563 16422 5968 3389 -7279
-5458 2965 16808 5322 3545 -7765