589 7492 16104 -6397 -26497 -5080
2390 6650 16193 -7517 -24474 -5517
2814 6607 16102 -6896 -20769 -5722
2673 6704 15756 -5829 -18212 -5425
2486 6172 15404 -4378 -17417 -4775
2661 6282 15609 -3676 -17684 -3804
3977 6337 15449 -4377 -17483 -2165
5493 5146 14569 -5868 -15992 -837
5782 3917 13462 -6575 -13783 258
6416 3896 12352 -7598 -12606 252
5945 3629 12498 -7703 -10587 18
6068 2133 11909 -5983 -7575 -1130
5447 1548 11484 -3276 -4592 -2797
5206 1549 12229 -1262 -1744 -4703
4352 1326 12659 -1056 99 -6329
3741 654 13608 326 364 -6393
3496 750 15246 2177 -1474 -5652
4452 561 14086 4226 -3132 -4475
6772 -509 11256 8009 -1384 -3943
6760 -73 11013 6186 1408 -5543
4762 2727 8659 5270 4780 -6824
3008 5769 7196 3619 4877 -7451
2006 5078 7728 276 9987 -9228
105 5365 7261 -2291 15763 -9707
-1433 6917 8529 -6108 17685 -8167
-750 6806 10186 -8899 14464 -6218
2281 4138 10417 -7676 15728 -5476
1261 3307 11685 -4369 17363 -4932
976 3762 12599 -975 17460 -4487
2434 6561 12247 -1428 20493 -1755
-310 9108 15899 -6962 21712 4880
-338 2722 18029 -9194 19448 8664
2764 1678 18423 -13533 21063 11552
-942 -4764 20265 -5866 19670 13914
2142 -4573 20260 -1011 19514 16028
-9727 10544 22897 -8879 3667 15114
-3873 -630 21766 3209 -9010 10795
-2792 -500 21757 9391 -13207 7981
-2953 1006 23097 9718 -14337 7740
-1726 2056 23274 9437 -14398 7123
-1139 3733 25244 6455 -14627 3554
1010 2893 24702 4821 -15152 -1640
1561 1405 23691 6518 -14978 -4645
889 -848 23378 8351 -17617 -5500
789 -4489 19936 13086 -20841 -4175
3477 -3720 16664 21390 -18060 -4002
4694 4758 17636 16306 -15249 -2902
1530 8163 17122 8389 -13184 -3763
156 8855 14047 4475 -8578 -5256
2498 10133 15292 -1533 -4610 -5864
3326 9209 16592 -7725 -1817 -5725
4537 6871 16614 -10512 1617 -4269
4321 5153 15654 -8514 5297 -2342
5028 6830 16545 -8256 7416 -1989
4828 7029 16636 -7865 7535 -1969
5752 4115 16192 -4340 7077 3470
1627 4377 15197 -3613 8696 7399
1447 6205 14008 -3680 9663 9383
1120 6572 14250 -4173 10027 9326
-868 5346 15293 -2892 7253 9752
-1414 4515 16043 -792 2333 10519
-1828 3969 15320 2626 -1028 9568
-2233 4252 15922 7276 -1475 8068
-680 2929 16911 14154 -2066 9968
48 9254 17479 14108 -1736 10213
1082 9206 15716 12153 1012 8577
2861 6829 13013 12376 6508 5119
3404 7216 10944 12306 9840 2949
675 9812 12347 8097 9525 347
-1169 8698 12201 438 6490 -5308
-828 7342 11716 -4416 5708 -7665
-1484 6057 13572 -11370 5452 -5256
-5150 7066 11465 -11608 2744 -4374
-1203 3633 13462 -9309 5229 -2899
-1298 4996 14978 -7265 6116 -3141
-1342 5267 15163 -5877 6523 -3568
-840 6481 14640 -4225 8074 -3482
448 6379 12155 -1462 12234 -3107
3512 4856 15149 -4093 16233 542
3478 3784 12944 -9461 24316 277
-2862 12704 20345 -20565 19818 -2095
-6176 4821 19014 -16799 6924 1169
-4045 -3438 20176 -13190 -345 720
-6953 285 19009 -11720 -5743 -419
-5820 570 20348 -8055 -8567 477
-4942 78 21210 -4074 -11029 787
-3681 104 20688 -809 -11134 718
-3294 576 20105 1358 -9418 808
-2896 628 19808 2457 -7040 877
-2704 534 19897 3923 -3217 1135
-3098 166 20224 7842 -2398 -111
-1739 -8 20000 11621 -4490 -1412
-1036 848 20324 11719 -5934 -2685
-550 1122 19095 12241 -6345 -2510
197 2365 17816 13166 -4967 -2255
-984 5726 16891 11369 -3201 -2494
-3341 7710 17729 7920 -3133 -3536
-4268 5916 17397 4700 -1928 -4632
-2972 6077 16552 1665 403 -2088
-4560 6478 16958 -1738 1750 656
-7649 9367 15379 -1895 -8 343
-4974 7449 15975 -1838 -1813 638
-4136 7205 16065 -4086 -2066 837
-3780 7048 15368 -5880 -408 -105
-3304 5648 15514 -7047 1534 -1158
-3045 4721 14678 -6762 4318 -2410
-3047 4353 14405 -6623 7422 -4129
-2792 5098 14633 -6353 6393 -3133
-704 3870 13678 -5387 6362 -76
-2348 5187 14017 -7287 9745 -2348
-4369 9512 16561 -14017 8031 -4157
-3269 4289 15453 -11624 4437 -2905
-1653 276 15525 -7673 2313 -3305
-766 3080 15454 -6808 400 -3240
-2008 3470 15702 -6159 -2455 -3268
-3025 1386 16099 -4985 -4642 -2695
-2655 980 15249 -2316 -4971 -1854
-1827 2041 14682 507 -3493 -962
-942 2616 15057 3550 -1259 21
-92 2952 15299 6397 1460 671
-57 3145 14718 8899 2245 1100
-457 3569 14993 9645 850 740
-300 2872 16449 9803 -1610 212
2380 742 16561 13137 -1687 1335
2896 1120 14502 14854 2241 1510
1066 5993 14042 14501 4103 2282
-200 9660 14276 11402 3775 1959
-1061 9829 14498 7640 2614 -490
-1496 8345 14388 4320 1493 -2506
-890 5556 15617 253 1708 -2206
-6186 10013 16335 -4923 2075 -3946
-6264 8864 14110 -1085 -809 -5798
-2665 6229 15901 -876 -890 -5514
-1826 7098 16617 -1874 -623 -5298
-1752 8409 17128 -3281 313 -5185
-1088 7346 17870 -5293 2883 -5123
-1361 6564 18436 -6356 5081 -4027
-1177 5474 18292 -7660 8363 -1643
-1176 4440 17361 -6623 11739 556
-2786 5096 15313 -4727 16386 1929
-3565 4655 17425 -5535 19965 2762
-3408 4847 18844 -9681 18482 6038
-7988 4885 21890 -11028 12381 4565
-7122 1553 21148 -10618 3878 6588
-6620 -2124 19178 -7079 -11 6112
-6760 390 18370 -5322 -2311 5325
-8169 2529 17990 -4460 -4290 4842
-8005 2886 17865 -1529 -5336 5765
-7649 3392 17604 1930 -4636 6902
-6728 3508 17476 5124 -4264 7356
-5554 3427 17782 8710 -2962 9269
-4937 4407 17328 11287 -556 12723
-5525 7277 16078 10497 1123 14573
-6776 10178 15888 6702 310 14952
-6776 10902 15758 3151 -2158 14689
-5791 8534 15169 16 -4975 12996
-4954 5700 14748 -3630 -7144 8662
-5082 5118 14534 -6131 -8368 6051
-5241 5616 14441 -7552 -8336 4101
-5390 5645 14541 -8159 -7117 2713
-5058 5126 14889 -7665 -5390 1568
-4704 4758 15002 -6223 -4148 908
-4634 4473 15360 -4213 -2701 524
-4705 4446 15508 -2004 -1416 215
-4264 4784 15376 -773 -671 -110
-4169 5252 15204 -110 -308 -352
-3829 5736 15140 232 -132 -721
-3684 5885 14932 189 78 -1007
-3604 5700 14888 -263 345 -978
-3535 5656 14641 -627 797 -811
-3548 4950 14624 -537 1750 -357
-3758 4717 14504 24 2455 123
-3897 4685 14574 615 2785 374
-4134 4776 14822 958 2810 444
-4445 4788 14964 788 2602 690
-4927 4649 15203 525 2127 863
-5149 4270 15414 20 1551 809
-5293 4406 15602 -572 1157 711
-5552 4353 15558 -879 704 396
-5680 4040 15616 -931 589 134
-5552 4031 15597 -685 677 -198
-5468 4329 15928 -7 908 -689
-5490 4619 16083 89 1232 -906
-5522 4902 16134 -167 1424 -1132
-5370 4902 16172 -563 1305 -1424
-5193 5128 16077 -517 701 -1761
-4968 5029 16130 -756 525 -1643
-4821 5322 16157 -724 410 -1577
-4626 5603 16217 -598 459 -1536
-4716 6104 16256 -736 489 -1528
-4630 5986 16153 -976 491 -1493
-4506 5668 16178 -1117 433 -1381
-4501 5601 16093 -1112 403 -1142
-4602 5524 16161 -1070 315 -880
-4606 5326 16338 -950 171 -631
-4628 5253 16488 -622 29 -322
-4522 5248 16646 -85 3 -173
-4388 5709 16773 440 46 -31
-4044 5792 16819 -24 273 -1
-3980 5948 16808 -441 418 462