6734 -2192 9448 -1062 -12800 -3039
8662 -5461 9069 1172 -12128 -6204
11120 -5726 8124 7134 -8754 -8324
15236 -7269 6214 14936 1943 -11049
15995 -2738 4453 15239 25960 -13852
10816 3727 6403 6151 32767 -16750
8721 238 5598 1604 32767 -18549
-1058 3853 4001 -7200 32767 -18306
-13191 12257 4921 -7517 32767 -18440
-6130 4029 12278 -7822 32767 -13733
-4744 -736 17408 -5036 32767 -9238
-5471 3464 16385 7174 32767 -5423
-3802 8254 15072 7666 32767 -3645
-3490 9628 14876 6684 32767 -3
2133 6278 9949 3439 32767 1598
-6156 12562 20228 -21504 32767 -2515
-19225 11905 24228 -32768 31160 -3726
-15921 -1080 20835 -26434 15550 -258
-14424 -2613 23020 -11692 -3887 7399
-12062 380 22934 -5095 -15733 14307
-10192 2882 20181 -4578 -24412 18950
-9094 2002 19528 -6072 -30489 21131
-7223 985 19983 -7594 -32768 20806
-6092 1943 21652 -8910 -32768 17242
-5458 536 23366 -8508 -32768 12848
-3790 -2847 24891 -4111 -32768 8275
1596 -5714 21665 7923 -30284 2054
2281 -6166 21370 16403 -25709 -2769
420 -4959 19956 21433 -24802 -7239
-1260 -742 18590 20787 -21673 -11140
-1486 7462 17782 13781 -17855 -9375
-1018 11312 17218 3673 -14570 -5362
4372 6897 15404 -2329 -3596 -6890
7921 2262 16088 575 9641 -6157
6310 4662 15896 372 16182 -4755
5617 5422 16156 -1556 24433 -5424
5101 101 19309 2840 28131 -5793
276 10736 26754 -7270 19268 -4120
3048 1952 20535 -6198 11393 -939
3400 232 17878 -6773 11242 5033
-1201 1797 17851 -7016 8432 7787
-5227 3552 19938 -8605 604 8093
-2265 5261 18514 -8470 -4071 9157
-2453 4716 18809 -8282 -6371 9101
-2408 3606 19606 -7167 -10239 11228
-2824 -680 19171 -1718 -16995 14075
-2168 -3553 17954 8873 -21581 12485
510 -416 19044 14449 -21132 6426
3730 1250 17176 20855 -17804 872
6348 -422 13898 26797 -13142 -1928
5312 1196 12383 27225 -7388 -4197
2545 7705 12217 19830 -4608 -3738
5492 9004 12276 9269 -3817 -2477
-1755 12298 10889 -454 2278 335
-16100 23088 9304 6586 -3060 -3249
-4961 19018 12231 4807 -7773 -8271
8017 8142 18217 -10863 6885 -9904
1257 8732 13573 -8669 17877 -6304
-512 9131 14114 -2731 21350 -3991
-351 8632 11950 2606 24302 -272
-4914 12334 12222 1810 23800 1343
-945 11454 10883 3038 23531 4517
-5011 9196 21512 -13523 22719 7664
-9882 8360 18349 -24702 5631 5696
-6005 -277 17348 -13855 1857 6254
-3804 5702 17025 -10959 -2124 5640
-3485 2794 17766 -8938 -6725 6641
-3340 2820 17168 -8021 -9081 9200
-2784 4772 15886 -10924 -9074 11178
-45 -588 15977 -8417 -10545 11444
-358 -5424 17416 788 -8824 7902
1008 -2507 17834 12908 -7790 2321
2753 -741 15264 19292 -5340 -1804
4068 -1397 14043 22791 -753 -3731
2248 3704 13718 16060 5537 -6610
1342 5501 13080 9343 7161 -7925
3806 3936 13722 -354 9737 -5867
-9072 11078 13724 -7781 12838 -5484
-13397 18508 10864 1793 5342 -9687
-4840 11806 14985 -4985 6037 -12651
-1653 422 21483 -985 2284 -13714
274 -374 21118 4180 1903 -10784
-224 6267 17662 1185 6609 -8976
-4242 5293 18194 -488 8112 -7675
-3297 5756 17857 2201 5687 -5956
-1466 6100 17217 3592 6066 -4247
-756 6684 15838 4253 8551 -2790
-1026 7077 16281 1264 12843 -2543
-1740 7930 17652 -3539 13688 -1509
-4729 9062 19371 -10415 10550 -647
-7148 9529 20138 -17398 3417 1641
-5309 5726 17034 -17782 -345 6235
-5467 2442 16096 -15282 -750 9422
-9770 4416 18865 -13877 -8184 11817
-9484 -440 19558 -8811 -14054 12022
-4903 4678 18670 -7402 -19203 8550
-2781 4763 17825 -12666 -20694 3420
-2776 -3441 21333 -11435 -21604 650
1874 -7227 22124 -1007 -18339 -3270
3282 -6388 17093 12455 -10096 -7784
1632 -4232 15456 20616 -4631 -12501
160 -234 13230 23511 -667 -16072
-262 4409 14090 19106 1606 -18148
-2025 10940 14438 7788 1999 -16665
-3656 9423 13627 -4873 2794 -16982
-5473 8940 12896 -9824 2829 -18500
-6300 10288 12916 -8705 575 -20615
-5071 9040 12811 -7364 749 -22243
-3110 8993 10988 -331 5748 -22892
-632 8940 12810 1741 13504 -22060
88 8510 13348 582 20797 -18741
-1484 8516 13958 1834 25859 -17065
-2380 7281 13702 124 28347 -15421
-7188 10498 18024 -14704 25678 -14485
-11750 12858 19124 -23872 12537 -11588
-5367 3608 16648 -19023 4905 -7842
-3924 4837 14943 -16916 1203 -2348
-5234 2082 15557 -14577 -2709 3446
-4710 2010 14805 -11338 -5822 7827
-3458 2116 14314 -9341 -7536 10371
-3219 2402 14674 -7823 -8927 12437
-3517 2390 15058 -6041 -12744 16137
-2836 2289 14420 -5503 -16787 20375
-2539 1408 14549 -6005 -20890 24044
-1345 -1945 14869 -2021 -25370 26086
1148 -3909 16313 3920 -27275 25494
554 -3312 17752 7113 -26849 23232
-91 -3456 18698 10991 -27730 18263
3996 -4104 15098 21396 -25011 10368
7341 -7026 15148 27634 -17029 297
4996 2468 15450 22781 -14430 -3285
6178 4315 15124 14330 -9125 -6450
2878 7620 17192 4811 -377 -7367
-7163 14168 12024 6664 1731 -12649
-4117 10910 15273 6141 2296 -15855
3074 11972 14944 -4509 5821 -14743
3789 2981 16636 -10044 13464 -14409
2881 -1209 18580 -970 16679 -12547
2696 3762 15565 853 20799 -10538
1074 5866 13865 1946 23577 -6734
813 6756 12682 1713 30764 -5570
1105 5269 15779 -2962 32767 -2504
-9435 14722 22797 -25066 23952 304
-12325 1271 17635 -26265 8009 4375
-8678 -132 18387 -16963 671 9253
-6132 3622 16854 -13540 -8889 11071
-4258 2389 15726 -12263 -14935 13571
-5673 84 15785 -10399 -19695 15707
-4982 -882 17137 -4422 -25601 18189
-3568 -1041 18676 107 -31146 19084
-2815 -845 19531 3922 -32688 18214
-2862 -545 20565 8605 -32677 15824
-1121 1190 19598 14390 -32549 13551
2231 -633 17177 20307 -28060 10968
4712 3499 15996 20669 -17232 8317
2283 12860 15264 12384 -9927 -1160
4719 8652 16720 3617 -6513 -2127
-2061 10588 18804 -5767 -1189 323
-5822 14661 13416 -4622 -2536 -5634
688 6304 16540 -5812 2132 -8679
3329 4404 17413 -7440 5996 -8411
4637 4145 16999 -5958 12089 -7676
3812 4642 15688 -4727 18170 -7835
2950 3862 15333 -4139 22862 -7917
456 4233 15684 -4378 24959 -7187
-2725 4765 15646 -7023 22750 -4186
-4066 4182 15617 -8771 16839 -933
-4332 2068 15636 -9707 11491 1541
-4798 470 15237 -10238 6599 2373
-4193 -718 15330 -9839 2028 1860
-3193 -1707 15276 -8109 -2114 582
-2151 -2181 15556 -5592 -4213 -1440
-1300 -1710 15786 -3158 -3636 -2780
-1045 -508 15880 -1412 -1988 -3338
-1044 351 15992 -849 -296 -3354
-1008 504 16314 -1064 1246 -3324
-1358 304 16692 -1649 2040 -3775
-1600 399 17084 -2737 2132 -5487
-1332 13 17459 -3779 1391 -7331
-1445 -803 17140 -3710 941 -8014
-1736 -838 17047 -2745 639 -8427
-1364 -920 17450 -1359 945 -8664
-1182 -1006 17854 -344 1948 -8836
-1172 -781 18094 431 3007 -9186
-1068 -269 18302 811 3749 -9887
-1168 324 18400 779 4175 -10467
-1424 850 18401 203 4197 -10746
-1688 1169 18274 -589 3567 -10888
-2026 958 18056 -930 2383 -10998
-3357 490 17821 -786 685 -11378
-3925 -138 18316 2 -216 -11728
-3661 74 18628 823 7 -12045
-3701 593 18633 1519 515 -12436
-3512 700 18488 1961 1014 -12707
-3752 1039 18243 2471 1561 -13596
-4432 1493 18009 3251 1973 -14674
-4366 1534 17917 2754 1952 -14642
-4160 1244 17596 1791 1620 -14126
-3937 1374 17297 1299 894 -13927
-4130 1770 17098 1225 260 -13846