-2316 2763 8476 6699 19804 -20195
-2784 5824 8193 4473 19379 -19874
-3578 6445 9428 2242 18708 -15289
-5646 7140 10406 914 15235 -7613
-6544 10540 11274 -3997 10851 -1813
-7433 12584 10938 -12103 6167 319
-6700 10348 11316 -16473 3781 101
-4576 5582 12771 -16837 2417 -1815
-1525 3038 12656 -12139 2587 -3084
1454 2210 11365 -6675 8131 -3659
3936 4405 11945 -7176 15860 -3984
1200 8268 14212 -13581 19761 -2244
-2960 5596 13970 -11646 19367 -1611
-1924 -2244 16286 -7972 20978 -2635
-2977 -2375 20406 -8909 17372 -435
-4944 -1578 21833 -6428 7783 566
-5172 2429 21681 -2607 4218 1593
-4674 3533 22621 1126 1513 2219
-3462 3006 21965 3925 173 992
-1901 2678 20565 4367 -51 -1167
448 188 20176 5747 -575 -2519
2032 -2286 20920 8328 -1562 -3700
1077 -3889 21795 14045 -5091 -4071
1788 -1341 22253 20250 -9666 -4390
1690 1738 21010 21738 -11210 -4476
4006 3403 19433 21662 -10566 -5621
4314 5948 17061 20248 -9823 -6797
1581 7569 16750 14701 -10758 -7413
1293 6289 15246 10984 -11408 -6081
5105 4981 16095 3232 -9284 -1639
-554 8209 14686 -1463 -6321 1850
-1225 10684 11410 5056 -10479 2595
2578 8094 13477 4029 -9086 3513
3430 8661 14204 -171 -7615 4966
3241 8484 14154 -3048 -6045 7022
4466 6054 14448 -2475 -6271 8915
5680 4562 13185 -732 -3846 10350
6048 3406 12621 -1921 6154 8766
8634 4755 15069 -5764 13354 9246
4515 6628 19000 -9859 17725 5969
934 14014 20022 -14890 7312 7321
-233 -528 21561 -9245 2653 6710
3028 -282 21279 -12314 -1295 3662
1044 651 20930 -10325 -6158 1925
2677 -634 21100 -5349 -6679 3144
2001 1852 20573 -766 -6433 3552
1940 2680 19648 3666 -6665 3240
2819 3715 20168 7922 -6975 3314
3442 3077 20678 11454 -7976 3795
4044 2022 20860 13792 -9722 2978
4984 2194 20542 16084 -10856 1592
7388 5081 17234 17788 -7933 -1969
10573 3057 15917 17509 -314 -7425
8826 2078 15833 18792 7547 -10282
3598 3534 15248 20732 11496 -12292
-504 5434 12177 23544 12882 -14558
2598 12923 11306 6668 16982 -11412
-6989 15146 10331 4290 12586 -10878
-1113 9350 12256 4835 14118 -11216
766 12137 14066 -52 16272 -12717
-1291 10699 14188 -1119 17076 -12674
120 10165 12936 -2758 19610 -10272
-1572 10073 12908 -6293 21359 -7482
-3026 10484 12501 -10412 21084 -5346
-4240 10393 12476 -12586 17048 -3221
-4903 9772 12529 -13328 11613 -1687
-5532 9608 13124 -12920 8113 -987
-5828 10399 13864 -13052 5050 -2
-6575 11357 13448 -12483 4382 465
-6421 11724 12970 -12261 7468 -365
-4138 11405 12762 -13664 11165 1754
-5392 10080 12048 -16483 13287 3522
-11466 11713 18932 -26759 9056 4876
-11590 -1041 21481 -20067 -3340 5265
-8018 -1626 20467 -9909 -11520 6481
-7525 3670 18236 -2615 -19275 9294
-5022 5205 17020 -703 -21044 11009
-2630 4474 16800 -733 -19740 11527
-1365 3450 15888 289 -17052 11605
181 2453 15786 -316 -13378 10468
1614 2480 15114 -5197 -10551 9149
1432 2920 14724 -7740 -6746 8304
968 2262 15496 -7653 -5197 6479
1065 195 18294 -3536 -7698 4225
1960 258 16232 2124 -8635 3120
1401 1220 15685 5696 -5493 541
533 3378 17054 6135 -4251 -3163
632 1028 17134 9337 -6182 -3903
236 -2856 14892 14425 -7703 -3737
594 5900 14545 7663 -5357 -2955
-3249 10273 14728 -3372 -5963 -4546
-1586 7154 16354 -5898 -4541 -3282
-158 5614 17256 -9222 -2052 -1233
-60 2951 17417 -10729 92 1171
-518 2957 17056 -10503 1405 3851
-1066 3865 16740 -10529 2405 5297
-1573 4794 16130 -9275 3080 5623
-1336 4838 15460 -8492 4897 5202
-1592 3402 16350 -6943 5696 5235
-664 1759 17935 -7037 4503 5059
-323 952 17667 -9618 3567 4270
-1841 -173 17582 -9278 3130 3494
-2214 -948 17858 -6053 4895 3501
-3482 3024 18624 -4707 6790 4441
-4982 826 18785 -86 6305 4483
-4158 -632 18434 3808 6415 3355
-3524 1183 18377 7207 6177 2659
-3554 2789 18617 9525 6555 2610
-3846 2905 18000 10055 5132 2947
-4857 3097 18664 8329 204 2608
-4334 2341 20478 5566 -6843 1290
-2656 348 20742 5240 -10651 5
1341 -1248 16618 10421 -8602 -4158
519 4718 16506 8078 -5188 -5764
-1034 4710 16628 4984 -3037 -7302
-1561 5400 14591 2660 121 -9843
-1161 4760 14405 197 2775 -8201
-4352 7644 17216 -2897 4499 -6532
-10576 11783 13968 -1463 1239 -8924
-3610 4124 15066 -1334 -419 -7308
-1393 4785 15653 -3408 469 -5594
-2460 6113 15560 -3566 1310 -5252
-1853 7077 15481 -3347 767 -4185
-965 7985 14976 -3708 450 -3440
-317 7508 14275 -3693 391 -2298
1159 6435 12533 -2904 2924 385
1144 5336 10230 -1947 8825 1904
1560 3066 11320 -743 14265 2192
2255 3424 13479 -7105 24032 5113
-6564 15528 19260 -16963 12932 2837
-5604 5416 17980 -10522 4372 3424
-1545 -2782 17751 -6941 -1090 675
-3024 632 17626 -5364 -6990 382
-3102 -882 18604 -4210 -11136 2631
-1366 -284 18092 -1305 -11497 4931
-981 2125 17329 1269 -9781 6324
-934 2834 17321 4075 -8249 8467
-417 1608 18161 6436 -9119 9851
-617 522 18846 9819 -11096 9191
-210 630 20916 10819 -13518 7904
2500 -1140 20162 15442 -15486 5840
6092 2092 16745 16853 -10274 3235
3208 7592 15464 9532 -7956 673
4357 5416 13514 4597 -7269 -1912
8682 -1154 19184 -908 -3411 3487
-7727 12296 13844 1029 -4828 -2379
587 6196 15506 2589 -151 -4816
3404 5056 17122 825 1282 -3136
3710 5655 16640 -225 4283 -3153
3408 6016 16090 448 9353 -5049
2077 7608 16020 722 15358 -7497
619 8494 16359 -1021 18732 -8023
-444 8800 16632 -2704 19886 -7182
-1742 8478 17085 -3715 19025 -4925
-3265 7710 17336 -3732 15533 -1203
-3816 7464 17180 -3964 12649 1547
-4392 6890 17200 -3995 10045 3507
-4543 6346 17190 -3369 7992 4120
-4250 6662 17121 -3058 7027 4174
-4076 7160 16876 -3443 6470 4171
-4028 6723 16368 -4391 5053 4448
-4199 5350 15616 -3979 2134 4194
-4586 4630 15213 -2967 810 3909
-5210 4137 15551 -2866 321 3844
-5896 4170 16247 -4489 1142 3822
-6681 4408 16794 -4922 1831 3364
-6949 4485 17117 -5302 2590 3046
-7181 4500 17121 -4610 2955 2306
-7517 4112 16869 -2644 2967 1356
-7586 3702 16682 -1058 2687 441
-7376 3659 16503 800 1882 -476
-6853 3151 16038 2735 842 -1078
-6505 2953 15870 3120 348 -1142
-6169 3381 15536 2742 186 -1061
-5997 3485 15433 2245 12 -902
-5752 3578 15281 1722 -179 -803
-5362 3732 15149 1137 -323 -861
-5132 3892 15093 607 -93 -1077
-5016 3583 15284 154 227 -1391
-5131 3029 15276 29 11 -1671
-5284 2674 15288 -44 -489 -2043
-5302 2686 15405 -262 -1195 -2434
-5264 2768 15658 -105 -1606 -2995
-5240 2468 15736 -45 -1733 -3327
-5138 2324 15946 4 -1476 -3694
-5104 2418 16246 369 -842 -4295
-4975 2838 16489 502 80 -4990
-5021 3092 16648 629 963 -5669
-5060 3036 16744 844 1423 -6119
-5070 2708 16860 1142 1576 -6496
-5130 2732 16929 1319 1166 -6586
-4889 2875 17076 1361 463 -6829
-4865 3027 17077 1077 -285 -7239
-4728 3011 17065 621 -735 -7647
-4600 2962 16921 286 -640 -8039
-4889 3086 16749 279 -185 -8443
-4952 3096 16836 295 58 -8692
-5072 3180 17031 367 234 -8839
-5088 3138 17270 581 109 -8953
-5214 3152 17378 736 -188 -9023