2984 -1332 11296 8979 -8055 -11873
5806 -963 8972 19161 -104 -14944
4437 3801 7177 22912 11338 -18538
1048 7023 7122 17138 20396 -22312
-1656 10036 8610 5055 24736 -24338
-3018 8828 10191 -2908 24246 -22790
-4722 7748 11578 -6426 20839 -17939
-6574 8682 11496 -9149 16281 -14182
-7828 7462 11916 -9766 10619 -11581
-7482 7120 12221 -6499 7019 -9712
-5159 6974 13061 -3437 6197 -6316
-2840 8428 14330 -5721 7600 -1040
-2157 9568 14541 -13295 8929 2081
-5336 8154 17044 -23981 6428 1981
-3901 -1702 17860 -21495 421 2405
-2998 -3612 21133 -15960 -5565 4253
-3500 -2534 20097 -11228 -10846 5744
-1832 -1461 16897 -4398 -13088 6359
604 -924 15365 591 -10214 5996
1016 -772 17418 1207 -8129 5518
993 438 18176 -2474 -7884 4645
348 -23 18121 -5616 -7604 3288
452 -1277 17845 -5120 -8954 3813
401 -2553 17674 -2540 -8620 3584
-956 -2724 18464 4641 -7448 1677
-710 -664 20236 9956 -5941 -2037
-1357 1346 21868 13193 -6334 -6268
-1067 2441 22732 15081 -12716 -9027
3357 -2136 18528 22188 -12107 -10237
5606 3528 17165 19343 -6914 -8063
2904 8216 17815 10994 -5795 -5399
620 7830 16094 7754 -6254 -4595
222 7292 15132 5373 -5372 -4959
-476 10031 14899 891 -5973 -4868
-653 9870 13694 -2757 -7091 -3557
1301 7117 14129 -5364 -5326 -2955
3924 5239 14075 -7526 -1689 -1720
5567 3420 13693 -8903 4543 44
5465 2970 14372 -9329 9436 2421
2524 7652 15248 -15584 13278 4707
510 1988 18677 -16200 10981 5913
2162 -173 18793 -13479 6727 5915
1502 1996 18474 -14439 5048 4151
-988 2563 17394 -14411 2284 2724
-440 9 16502 -10431 2295 2854
733 -1775 18419 -4304 3084 5542
108 -1107 19046 4511 2060 8634
-493 866 18977 10341 416 10667
-1508 813 18656 14958 962 8904
-1029 2492 18749 16835 1202 5644
-2273 3958 19986 15739 12 1709
-1785 3364 22265 13777 -4226 -1054
274 925 17846 17320 -6214 -1796
5676 -2376 15226 22042 -3789 -1755
5590 3388 14616 18581 -1219 1300
76 9680 14152 10173 -2968 2698
-2029 7738 11548 6793 -4361 -954
-666 9844 12906 1367 -2676 -2282
-8740 13344 14140 -2203 -3099 -4012
-10530 10841 11792 -506 -4844 -8617
-6269 9226 14885 -3041 -1937 -7427
-4044 9376 16261 -7694 193 -6011
-3176 7408 16860 -10064 2711 -5069
-3380 5661 17262 -8081 3881 -4211
-3888 5510 16181 -3828 5547 -5259
-4293 7277 14233 -1173 7159 -5650
-1700 6812 12634 -853 12884 -5314
-44 6066 12301 -4790 20568 -4266
-2382 4805 13373 -10373 23399 -4236
-5268 8306 16312 -19270 20788 -3738
-5111 4344 15010 -22956 15593 -2742
-2380 -686 14824 -19513 12652 -1184
-3128 -801 15069 -17291 10687 -335
-5646 -2092 16218 -13736 6961 812
-6630 -3565 17384 -8581 2278 2799
-6169 -2700 17558 -3075 -1237 4168
-6048 -1318 17641 1122 -3395 4455
-6019 486 17901 3147 -4575 3682
-5556 1024 18566 3957 -5251 1123
-4477 470 19262 4399 -5646 -1670
-3945 -320 19497 5637 -5968 -4428
-3444 -96 19906 5811 -6780 -6402
-2743 -3030 17174 11834 -7236 -8232
-270 -4884 16024 18661 -5675 -8972
-1788 952 16514 18427 -6716 -5259
-3636 6220 16924 12953 -9026 -3037
-3582 7428 17241 7142 -9666 -3695
-3206 7950 18448 224 -10412 -3109
-7736 9382 18138 -2449 -9748 -3997
-9013 11264 15392 3764 -12024 -5855
-3298 8368 16374 2248 -8844 -5480
-1796 6544 16346 915 -6731 -3844
-462 4986 17317 602 -4001 -3374
389 4233 17622 2559 -1677 -2419
505 5362 16641 1533 3056 -2790
-794 5596 16384 1238 7174 -3321
-89 6336 16101 -1143 11460 -4014
-2368 6748 18472 -6548 12185 -3691
-4063 3707 19271 -9262 7499 -885
-6218 3234 19838 -12951 5503 2740
-7588 969 18691 -8203 683 8973
-4578 2518 17420 -2811 -1263 11654
-4446 6965 16947 -3786 -4499 12760
-4522 7355 15559 -6838 -9204 14181
-3985 3610 15856 -6588 -12580 14278
-2574 -118 16480 -4471 -16233 13841
-1958 -2337 17236 -2369 -19198 13134
-889 -3768 17782 2503 -18409 11244
-109 -386 16926 6798 -17323 7104
-1252 1500 15308 8775 -12781 -185
206 2092 14185 8271 -10322 -7184
3578 813 13329 9173 -6355 -9439
3861 1336 13188 8416 -799 -10232
2203 5136 14125 4469 2906 -9069
180 7769 13558 -2539 5859 -9735
-1348 6836 12232 -4830 8014 -12743
260 4748 12909 -5579 12088 -14772
1605 4850 15863 -11440 18648 -14406
225 6684 15630 -14006 19414 -14014
19 3056 15331 -9883 18705 -13643
-608 3806 15156 -6697 17913 -11224
-664 5520 15300 -6206 15420 -6535
287 4534 14664 -5458 13930 -673
664 3930 13996 -4059 13223 9415
-2486 3278 14498 -6769 15203 13098
-600 1176 13822 -7025 16513 16024
-3371 8006 15964 -12534 15266 17809
-7965 3996 15846 -13563 5685 14353
-5652 -173 16310 -6181 -4217 13731
-5604 361 16070 -542 -10537 13288
-6356 174 16110 1724 -13753 12600
-6088 1094 16230 2557 -14614 13031
-4764 2580 16506 891 -15223 12856
-4037 2825 16791 -1092 -15964 13555
-3548 2826 17236 -2982 -16232 13163
-2924 2024 18514 -2572 -17656 14787
-2376 1354 19172 -656 -17748 15260
-2072 1862 19641 2051 -15007 15224
-3097 1332 19212 3859 -15149 14423
-222 3313 19748 3829 -13292 10839
1693 4500 20852 3384 -9915 5529
1246 4100 21572 3339 -9523 -1293
341 3933 22361 3729 -12593 -5920
3025 345 20296 6679 -14163 -7841
6896 -10632 15726 18055 -9540 -12648
6123 -4784 17811 23461 -111 -13027
-1288 4997 17462 22006 3899 -15121
-629 4692 15426 21818 12505 -21872
-1052 9273 14885 18204 18835 -23241
-3115 11325 14771 11876 19646 -21247
-5312 9890 15590 7031 20012 -19919
-8270 13076 15476 2825 17583 -15876
-7449 12614 15124 1141 15124 -10595
-6731 10811 15260 -1437 15168 -6871
-6131 9781 14415 -4780 15077 -2804
-7203 8466 14207 -6370 12953 -334
-7021 8300 13358 -6800 10922 1502
-7616 7997 13725 -6764 9645 2788
-8656 6996 14573 -6106 7685 3822
-8936 6957 14992 -5769 5568 5069
-9189 7016 14546 -5412 4530 6171
-9646 6233 14306 -4917 3304 6331
-9304 5724 14544 -4053 1646 5973
-8514 4731 14827 -3676 -309 5431
-8098 4265 15129 -3946 -1660 4878
-8102 4721 15360 -4721 -1007 4329
-8512 4660 15586 -5180 986 3271
-9038 5009 15609 -5638 2724 2527
-9069 4494 15427 -6617 4562 1552
-9112 3898 15414 -6821 5148 691
-8424 3125 15229 -6507 4959 177
-7712 2538 15033 -5598 4226 206
-7269 2363 14867 -3994 2909 423
-7213 2068 14739 -2310 1916 864
-7220 2114 14845 -1196 888 1067
-6828 2316 14658 -630 -254 1122
-6554 2577 14650 -600 -983 928
-6725 2720 14804 -687 -1100 274
-6581 3349 15053 -1238 -1136 -664
-6399 3440 15051 -2171 -526 -1414
-6154 3150 14786 -2416 96 -1906
-6011 3092 14489 -2157 300 -2191
-5878 3550 14330 -2194 92 -2417
-6268 3286 14359 -1908 -135 -2391
-5981 2723 14476 -1443 -81 -2260
-5698 2837 14645 -700 174 -1989
-5724 3135 14867 -33 817 -1812
-5935 3731 15145 -37 1681 -1781
-6194 3689 15269 -362 2307 -1806
-6142 3536 15424 -735 2515 -1782
-6272 3413 15568 -1152 2357 -1549
-6563 2948 15695 -1435 1702 -1574
-6430 3117 15809 -1452 625 -2055
-6353 3298 15790 -1281 -99 -2546
-6122 3284 15922 -1405 -407 -2939
-6092 3193 16330 -1577 -527 -3144
-6039 3026 16429 -1550 -420 -3154
-6068 3132 16481 -1472 64 -3052
-6119 3478 16738 -1260 703 -2932
-6125 3888 16856 -1111 1122 -2964