2092 15869 14250 7832 -541 -5863
92 11093 17845 2296 -3657 -6506
-161 13378 15146 -3328 -2614 -7099
-442 10076 14673 -7422 -108 -6050
580 8146 15028 -10326 2010 -2859
522 9449 15317 -11744 4212 1457
481 9002 16457 -11110 4615 4907
1202 9370 16599 -11608 5740 6292
682 10756 16813 -15397 8478 6695
-1731 7947 17273 -16756 8013 7569
-497 4625 18238 -12992 6187 8516
-43 5404 19557 -10954 5169 8247
-3614 8006 19613 -9594 2803 8180
-5078 4140 18997 -3988 1661 7751
-4097 2265 18092 5904 2400 5773
-2090 3112 17179 14005 3581 1560
-2441 4084 17284 18350 3650 -1960
-2612 4164 17750 19030 3829 -4190
-2892 6092 18522 15866 2678 -6320
-2237 6500 19906 9715 -1328 -7744
-1989 832 16380 14826 -1081 -7320
-116 692 15964 20487 889 -5827
1346 11262 14536 15249 4265 -3256
-5204 14392 14797 7850 4160 -4994
-8741 10177 16546 6614 -462 -7138
-6842 9558 16782 3685 -2502 -5940
-5962 9628 16830 -210 -4462 -2349
-6216 8723 16243 -2666 -4928 873
-7634 9912 15738 -2021 -6458 2193
-4932 10691 13996 -586 -7316 3653
-2381 10661 13146 -4272 -3661 6184
-2099 11181 11900 -8134 1049 7675
-350 10590 10109 -9730 5936 9332
1796 8473 7882 -10731 12399 9442
2998 8040 7752 -13679 16918 9204
518 12859 14139 -27842 19031 9517
-5619 8461 14642 -28723 10429 6909
-1054 -216 16921 -20827 -3125 3698
-651 723 14264 -18408 -5533 1325
-1972 493 13758 -14339 -5420 228
-1336 346 15708 -11737 -4129 430
-809 1202 17846 -7603 -3098 959
-849 2122 17976 -1508 -1671 1066
-1168 3422 17441 2552 247 914
-841 5045 17508 4266 2776 -292
-829 6004 18594 4623 4598 -1415
-2336 4381 19468 5910 2778 -3976
-2970 4021 20880 6742 -2928 -4225
-1522 4644 19754 6000 -3863 -3509
371 527 18778 10861 -1658 -3288
2428 3804 18901 14871 4439 254
232 6366 17261 13605 11117 1669
434 4388 14320 14569 15595 -139
3966 4832 12758 7037 25414 -731
-10313 13266 10072 -603 25105 -3215
-19339 19109 13606 -5206 10143 -7239
-13120 14789 14405 -9501 -1063 -5888
-7126 6842 14574 -11708 -2485 -5166
-6326 1748 18195 -13616 -879 -6547
-8441 781 18604 -4022 -2161 -5825
-6970 5277 16242 2349 -749 -4516
-6750 7140 14316 4298 -1170 -3011
-6427 8357 14126 3669 1462 -2148
-6481 7680 11784 2829 4022 -1359
-3754 11039 11699 -6802 9478 -2340
-5711 8122 15901 -20274 11724 -2529
-5198 1534 16789 -21505 7661 -3674
-2241 -2626 18601 -18683 -1250 -3479
-4640 -2162 17642 -15747 -6121 -3888
-6240 -1915 17184 -10760 -9169 -1575
-5783 -694 17537 -3393 -7742 1723
-5560 2919 16869 3135 -4409 2445
-5960 4422 17374 6144 -2586 1380
-5296 4520 17288 8220 -1110 -647
-4734 2000 16729 13475 1762 -4316
-3776 2528 14827 18315 4033 -7048
-4443 -156 10840 25596 1813 -4511
-4024 -4600 8660 32767 2166 -3550
-4637 7702 10819 30444 -2907 2209
-8628 14750 11817 19377 -15311 4351
-7972 12313 11178 12634 -18186 527
-5839 13227 11592 6694 -20653 -3500
-5286 12152 12545 5143 -21703 -6944
-2720 12854 13850 4182 -17863 -8699
-1668 10920 14908 3614 -13407 -6872
-536 7877 15029 -281 -7601 -4017
-2169 8482 13597 -1244 -3428 1272
-1285 9604 12704 -667 -1151 5312
718 9514 13102 -698 29 7748
-564 9564 15287 -5388 -192 7354
-1993 7877 17171 -15528 -3097 5379
-585 5377 17209 -19716 -2398 7058
-1382 6586 17480 -18991 -2222 8880
-1304 7385 18453 -19773 -2489 8362
-1446 7028 18500 -19146 -3473 8494
-850 6332 17872 -18261 -3832 8788
1259 6733 16789 -18637 -3107 9233
1544 4161 17438 -16122 -5910 8944
776 -685 19816 -11261 -9856 9235
1641 -3071 21351 -5304 -11590 6474
1964 -3158 20838 4218 -13527 4073
1320 -416 20991 10853 -11729 1520
220 3328 21320 14479 -10780 -1287
-401 3327 18363 19249 -8660 -3604
361 7256 14497 20095 -2489 -3323
942 12374 15006 15656 -56 -684
1396 13589 15321 8844 1700 -954
952 12584 15748 4615 2052 -2770
742 9152 16552 2881 1108 -6581
1770 4436 18072 373 254 -10049
1362 4937 15048 -1426 2901 -11665
448 8457 12754 115 10617 -11864
-1210 10174 11817 4141 15096 -11851
-2230 10594 12964 3599 18810 -10378
-1990 11976 13950 1397 20776 -8375
-2792 11803 16652 -2079 20119 -4809
-3702 9148 17792 -3000 14447 -2282
-3069 7046 17148 -3037 9537 -1341
-3558 8145 16317 -6530 5668 130
-3868 8986 15954 -9489 5258 2533
-5300 9273 16472 -11105 5655 5074
-7183 9949 17246 -11664 3028 9002
-7686 8837 17816 -10518 -1090 12891
-7120 9080 17332 -10119 -1761 14276
-7986 9284 18062 -9096 -3054 14048
-6157 7386 18633 -9289 -7556 9647
-3946 4462 16545 -5828 -9269 7849
-3266 1052 16114 -1750 -8893 7076
-2777 -2127 15862 6865 -7982 4972
-1495 -784 14518 18226 -6210 260
-1888 1953 12289 23315 -4177 -2544
-3981 7330 10385 18233 -1808 -3534
-8120 11725 12350 11067 -2843 -2119
-12397 17334 10562 8363 -6085 -3352
-2719 12644 8761 4048 -5244 -5067
5998 7408 12401 -7025 2289 -5679
4562 2393 14517 -9560 10175 -7776
1489 3516 13565 -124 16061 -9152
2313 9968 11208 -1454 26337 -9127
-1644 9818 13347 -5317 28633 -9168
-2680 9140 15520 -12697 22050 -9833
-3936 8572 15856 -14553 16647 -7896
-3547 6735 15689 -14991 13033 -4645
-2661 5583 14537 -13193 11026 539
-4092 5646 14658 -11003 9000 2160
-5383 8707 15553 -8410 3605 3881
-4973 6562 15262 -4634 -82 3622
-3977 8132 15362 -4599 -1684 2548
-4992 6636 17135 -7112 -4125 1933
-6082 5562 18010 -9854 -6089 2076
-6079 5606 18098 -10617 -7375 2411
-6066 5417 18259 -8806 -8170 2679
-6278 5482 18112 -6587 -7180 3084
-6131 5333 18190 -4634 -5011 3487
-6248 5781 18570 -4134 -2103 3479
-6604 5998 18632 -4093 -745 3576
-6597 5307 18097 -4551 1160 3260
-7407 4113 17413 -6160 1787 1663
-8166 3974 17782 -7032 1902 161
-8805 3394 18561 -6469 1755 -548
-8738 2398 18596 -5037 1953 -644
-8501 1569 18213 -1896 2564 -453
-8364 1556 17444 2309 2966 -132
-8101 2676 16683 5265 3380 89
-7836 3839 16356 6816 4057 625
-7410 3836 16266 6440 4408 992
-7508 2729 15453 5389 3688 2982
-5167 3143 15272 1248 1708 1510
-7459 3320 14616 1450 -946 1905
-4581 1757 15418 -2980 -1762 1069
-5392 1752 15904 -3317 -1800 113
-5141 1752 15982 -2952 -1219 -1300
-5616 2508 15938 -2310 -30 -1387
-5969 2847 15879 -776 1158 -1407
-6524 3278 15485 1886 1593 -1875
-6969 4154 15289 2669 804 -2399
-6990 4658 15208 2015 136 -2412
-6907 4710 15292 1262 -657 -2182
-6636 4749 15302 738 -1179 -1950
-6456 4902 15250 674 -1110 -1726
-6015 5262 15211 797 -167 -1210
-5628 5760 15264 773 1152 -394
-5516 5933 15320 674 1693 43
-5629 5890 15381 422 1563 391
-5642 5825 15602 -497 926 775
-5797 5608 15842 -1707 -74 1130
-5772 5213 15914 -2327 -931 1258
-5628 5034 15868 -2580 -1338 1390
-5392 4822 15881 -2288 -1469 1682
-5320 4704 15764 -1202 -1205 1914
-5476 5012 15692 -676 -860 2136
-5466 5347 15586 -647 -611 2292
-5273 5443 15485 -1017 -588 2400
-4869 5419 15380 -1442 -478 2703
-4664 5339 15099 -1494 11 3072
-4484 5138 15040 -1521 297 3510
-4074 5037 15134 -1515 491 3940
-3990 4571 15256 -1221 635 4409
-4294 4706 15338 -1183 447 4840
-3900 5216 15508 -1851 138 4698