-8798 12636 16561 -11206 -842 18075
-9377 13668 17725 -10281 -872 17234
-9338 13393 18648 -10394 -288 16729
-9281 12774 19948 -10206 -474 15843
-9233 12118 21600 -10310 -59 15974
-9184 11073 22774 -10138 534 16873
-9676 10021 23238 -9612 328 18115
-10245 10206 22812 -9174 -381 18675
-10826 11081 22578 -9568 -1943 18053
-10651 11375 21960 -12143 -4666 16625
-9275 9856 20756 -13356 -8459 16082
-8564 8365 19478 -12521 -11620 16489
-7962 7862 18441 -11835 -14021 16649
-7449 8173 17238 -11154 -15136 16869
-7405 8538 16466 -10911 -16235 17312
-7206 7685 15486 -10361 -17935 17505
-5944 7376 15108 -10023 -19207 17641
-5092 7010 14988 -9676 -20872 17777
-3848 5076 14788 -8577 -23109 18507
-2866 4308 14078 -7186 -24010 19347
-2502 4528 13552 -5792 -25386 19915
-2920 3859 12942 -3449 -28179 20689
-2278 2396 12748 791 -31118 21656
-2025 3226 12257 3673 -32463 21637
-1264 3446 11625 6638 -32768 21037
1636 3625 11801 8713 -32768 19369
4286 6934 12231 6290 -30537 17886
5443 8553 11648 1657 -24476 16546
5434 8030 12266 -3578 -19040 15658
4764 6620 12418 -5704 -16270 14960
4612 4619 12810 -5109 -14315 13934
4024 3945 11784 -2962 -11897 12801
4828 3757 10802 -355 -8188 11453
5000 4897 9932 209 -5117 9991
4150 5438 8688 -609 -4209 8648
4382 4740 8488 -1668 -3000 6499
5130 4452 8852 -3041 -1854 5439
6533 4170 10723 -5386 1304 2887
8465 2869 11889 -3866 7589 -770
8740 3602 12054 -2924 17271 -7191
6293 4786 11467 -3479 22576 -15621
3739 -298 11927 967 24171 -22275
761 518 10720 2994 24420 -24241
1484 2952 9652 2445 26344 -23744
1404 5702 9669 997 29077 -23277
-984 5108 13807 842 31333 -24148
-3342 6647 15915 -109 27852 -24481
-2411 9770 13244 -4050 24733 -20872
-3686 8114 14218 -12270 22305 -13919
-6556 7133 15102 -13935 14975 -7090
-5481 6790 14773 -9077 6388 -2949
-3584 5900 15032 -4641 1257 -1569
-989 6055 15829 -5130 -2906 -112
-97 8195 15057 -12495 -1498 2296
-422 7945 16413 -15180 -714 4792
166 4420 15105 -13980 3314 4894
403 -250 17757 -10023 6722 6369
-836 -1798 19741 -3623 3150 9196
181 628 18364 1259 2939 8580
-522 3309 16935 3471 2653 7156
427 1048 15702 4782 2835 5343
941 -809 16799 5426 2079 3229
426 -870 17678 4233 -98 2403
438 -1580 16559 5698 -803 2037
-506 -320 16716 8465 -1965 271
1917 2139 16903 10775 -4410 -1568
4341 2853 16922 10907 -3945 -3473
5116 3041 16627 11208 -3724 -6489
2095 2376 17290 12115 -5258 -9519
923 2741 16144 11591 -7411 -9757
672 4186 15193 7669 -4642 -8437
-1326 8185 14712 2272 -170 -4055
-1054 8923 15912 -5384 1598 -1360
370 5518 18078 -10740 533 -1732
2019 3970 19037 -11863 -730 -2597
1342 3700 18444 -8946 -1956 -3182
2500 1302 17410 -3164 70 -2764
3752 3897 18949 -3159 3804 -1361
2126 5424 21093 -6009 3111 871
1894 4908 20584 -7930 2234 3183
422 3508 19039 -7679 2141 4239
-1161 4228 18388 -5135 2202 4267
806 3933 17209 -3125 1887 4584
370 2740 18126 -521 1480 4275
433 2664 18928 1797 414 4621
388 3329 18744 3791 643 4969
181 4009 19234 4910 1245 4465
-24 4388 18704 5854 2580 3563
-634 4950 18153 6777 3469 2560
-606 5474 18446 5045 3986 1745
-298 6300 18774 3474 3072 1843
1326 5294 18489 5032 1956 2047
2530 3040 18308 8959 1416 2854
2528 2228 17904 13454 1594 4535
1558 5021 16784 16366 908 5735
1709 7213 16718 13427 1384 5173
798 8569 15992 8188 2059 4398
-233 8102 14549 3806 1122 2522
826 6502 14546 -638 -4 2302
-697 4373 13216 -1333 -407 1697
-8598 10772 12008 -711 -873 -1577
-7694 17649 11846 274 -3747 -1728
-3238 13169 13269 -5237 -2779 -126
-3106 6918 16244 -11332 -2109 -496
-2470 3266 18254 -11249 -1771 210
-2305 2906 17589 -4970 -539 298
-2101 6990 15177 -1900 2781 61
-2933 7946 15566 -236 4384 1026
-2817 9110 15458 192 5815 957
-2438 9318 15006 -737 8150 1006
-2615 8608 13013 -1482 11856 1597
174 4526 11265 -3502 20328 2486
-2201 2789 16992 -8548 23298 1686
-7740 7666 16426 -11524 14485 1211
-4392 1842 16080 -7382 7743 2607
-4021 2630 16310 -1586 3003 6041
-1225 4305 15036 197 3677 9247
-1436 4628 14326 -1304 6748 9990
-6982 6556 15684 -5202 3138 5202
-4935 4832 15725 -5590 -2150 1402
-3597 2660 16160 -4742 -4888 741
-3076 1986 16392 -2666 -6335 666
-3216 2408 16436 219 -8286 421
-2454 3104 16801 4657 -9737 -1636
-1509 4885 16826 7273 -9546 -5212
506 3558 16913 9321 -8977 -8213
2805 1617 17521 12836 -6998 -9867
3438 2148 16558 15712 -5309 -9132
3706 3440 15940 16673 -4216 -7047
1513 7971 15216 9446 -2450 -4882
-720 9390 15074 -2388 -1553 -4663
40 7548 15096 -7448 -1855 -5311
-1935 9224 13935 -6109 -887 -5354
-2469 14476 14244 -1642 -1926 -3044
-1181 8348 17548 -3534 -1087 -2107
-170 7514 17734 -4582 133 -1686
52 6622 17512 -3774 174 -708
-20 6833 17210 -2634 719 237
145 7230 17229 -2731 2100 1691
373 7033 17108 -3168 4231 3388
828 6842 16054 -3382 8390 3895
1460 7469 16740 -6467 14188 2854
1474 8169 18176 -14484 17898 4473
-3294 6434 19900 -22046 15927 3434
-5462 5032 20240 -23230 11134 3782
-5124 -865 18952 -15563 9779 4857
-4256 768 18388 -6120 10422 3581
-3628 5648 17606 -3699 10054 1493
-3873 5931 16518 -7662 11703 -1133
-4452 3268 16157 -10036 10905 -2663
-4746 1989 16369 -10179 9077 -2520
-5536 594 16789 -8861 6838 -1147
-6172 481 17224 -7177 5286 1259
-6876 849 17248 -5139 4190 4037
-7549 1070 16422 -1685 3518 5722
-7564 1212 15496 1409 3247 5932
-7258 2600 14268 3451 2582 6074
-7186 4328 14157 2355 1315 6328
-7783 4919 14957 -982 -2739 6135
-7559 4167 15562 -4788 -8643 5651
-6795 3303 15806 -7205 -10733 6210
-6207 2766 15938 -7762 -9734 7010
-6072 2644 15632 -5390 -6191 7640
-6241 3556 15608 -2385 -2627 9297
-5921 3852 15684 -575 -1160 10253
-5897 3549 16192 94 -413 11377
-5658 3253 16508 781 -145 12999
-5420 2890 15968 103 -107 14594
-5662 2866 15722 -285 410 14884
-5999 3702 15700 365 636 13571
-5765 5077 14926 -377 570 11746
-5883 5026 14682 -964 831 10737
-5630 3350 15418 -462 919 10251
-5340 2290 15830 -419 175 9608
-5533 1135 15940 -713 -1010 8640
-5498 1141 15670 -521 -2927 7131
-5564 1517 15602 -785 -4058 6488
-5408 1397 15694 -790 -4880 6149
-4922 764 15772 -1212 -5249 5215
-4669 625 15698 -993 -5249 4500
-4445 1104 15749 -1170 -4717 3886
-4356 1397 15836 -1211 -3879 3620
-4031 1244 16081 -1058 -2809 3474
-3732 966 16163 -695 -1797 3189
-3682 1144 15944 -387 -1281 2978
-3644 1408 16111 -577 -1076 2743
-3441 1038 16157 -922 -1024 2501
-3328 514 16054 -1092 -1105 2388
-3380 485 16010 -1057 -1235 2287
-3697 724 16009 -1199 -1328 2267
-3732 870 16402 -1538 -1119 2097
-3230 829 16841 -1907 -454 1554
-3095 1350 17079 -1663 808 900
-2986 1697 17326 -1028 1902 474
-3101 1953 17472 -1012 2786 340
-3368 1985 17564 -875 2608 629
-3564 2024 17732 -1102 873 1319
-3577 1981 17846 -1636 -968 1726
-3328 2030 17777 -1921 -1804 1731
-3220 1684 17618 -1606 -2233 1421