-444 6836 10680 -1217 -32462 6715
1111 4973 10185 242 -32768 6137
3218 4570 9802 4941 -32768 3885
3565 5355 9111 6977 -30744 -582
3823 4759 9171 7408 -29727 -3747
10297 -2265 6654 14623 -23605 -30
12354 10588 8060 5710 -10771 -1776
7906 6704 8743 3145 -4840 -3952
8128 7029 8940 1040 1443 -5136
7232 5597 8546 1898 6122 -5884
7330 4768 8332 2977 9406 -7500
6264 5418 8809 1869 11335 -9388
5655 5211 10124 810 14318 -11629
4518 7411 9035 1417 12390 -12397
3234 10530 11550 -1673 11795 -10676
-636 12049 13197 -4922 13643 -7871
-353 11332 15570 -7850 14942 -5583
-677 10764 17388 -8693 13777 -3649
-6 9332 19128 -7930 10624 -2457
990 8449 19864 -5668 7431 -1698
1642 8192 20421 -3402 4344 -1546
1180 8032 21136 -2815 2350 -1842
2136 8462 20860 -3791 1923 -2231
3004 8350 20332 -6604 3672 -1181
3298 7185 20602 -9390 5185 621
3369 5144 20384 -9061 4903 1821
4009 3657 18432 -7066 6672 1971
3844 3496 16948 -6485 10395 1779
1048 3961 20252 -7444 12030 1586
-1692 4590 21388 -5427 9159 1115
-1493 3904 21430 -3612 6649 1340
-1304 3940 20256 -2006 5216 2603
-832 3966 19218 -235 3460 3285
525 4114 17253 -422 2836 2874
548 4496 17198 -908 3998 2063
-424 3986 17381 -86 5067 1762
-1180 3944 17376 2007 5573 1477
-1934 2778 17282 5106 5874 1087
-1775 3107 18165 8220 5172 782
-2273 4078 19833 8574 2197 721
-1658 3696 19450 8721 492 1552
-1128 3246 17086 11590 955 2329
178 3650 15720 10924 2855 2247
-670 5862 14560 8888 3591 2441
-1314 6334 13582 6802 4004 2991
-2823 6397 12670 4006 4298 2477
-4501 6664 12201 3111 4571 934
-5559 7920 12760 962 3452 -115
-5196 7120 13747 -1101 1335 -506
-4126 6781 14781 -2921 228 -452
-3789 5816 15438 -3549 -211 -982
-2544 5496 15012 -2794 -136 -1746
-1292 4805 14756 -2374 1180 -2149
-966 5049 14897 -3886 2633 -2826
-2024 5834 14814 -5992 3140 -3294
-2786 7375 15225 -6409 2297 -2882
-2195 5337 15331 -5817 269 489
-2340 3473 16084 -4241 -2705 1934
-2150 4012 16016 -3216 -3645 2933
-925 3516 15770 -844 -4621 3788
-57 3836 15962 1422 -4741 4027
-425 5765 15653 1431 -4375 4278
-304 6136 15380 655 -3560 4164
-380 6030 15224 -337 -1865 3533
-625 5802 15150 -1136 -106 2818
-520 5928 15392 -1777 1042 2611
-929 5162 15664 -1711 2220 3128
-924 3945 15282 746 3766 3358
-1401 4476 14842 3715 4981 2797
-1800 4721 15714 6222 5753 1321
-1693 5637 16221 6043 5967 -882
-1345 4480 16066 6010 6490 -2837
-1206 4457 15944 6128 6406 -4499
-1938 5308 16258 5835 4475 -5115
-966 7153 17092 3406 1811 -4114
-1416 7065 17155 2520 -1071 -2815
-1353 6430 17045 2561 -1883 -2979
-1376 6244 17475 1682 -1487 -3560
-2608 7246 18105 363 -971 -3947
-5429 9297 17485 853 -2082 -4438
-4175 9637 17562 522 -3654 -4732
-2815 7834 18964 -3216 -4026 -4538
-3237 7640 19550 -4757 -4178 -4694
-1435 6736 18236 -4726 -2483 -4150
492 5514 17328 -5495 1262 -2906
98 6708 19112 -9101 3241 -988
-2914 8925 17617 -11544 3634 -205
-3922 6493 16882 -10706 2420 382
-3775 1257 18569 -8798 1095 2027
-3432 1828 17754 -6849 983 2765
-4170 3421 17071 -4108 178 2522
-3622 3517 17350 -1927 257 2804
-3716 4333 17576 -2646 1026 4156
-4590 4064 16912 -4708 1679 4786
-4672 4110 16716 -5488 737 5011
-4822 3100 16417 -4908 -369 4769
-5058 2160 15898 -2739 -1106 3196
-5255 1352 15712 1261 -1481 -289
-5048 1534 16616 4781 -1484 -3444
-4922 1813 17489 7589 -1863 -6467
-3257 1678 17148 15654 -1959 -6672
-1294 2616 15502 19467 945 -5467
-2336 5836 15052 18715 2391 -4443
-4198 9183 15295 15175 2133 -3981
-5372 8842 15449 9879 467 -5073
-5000 8542 15206 7544 -639 -5594
-4682 7071 14515 5557 -1347 -5984
-4172 6874 13300 4404 -2148 -5219
-4353 7785 13479 3148 -3404 -4393
-4737 9540 14584 1702 -5160 -3934
-3334 9533 14700 -201 -5709 -3620
-2140 8548 14741 -2735 -4504 -3223
-2265 7504 15221 -4728 -4069 -2537
-1296 6748 14726 -5022 -4033 -1654
835 6290 13657 -4717 -1365 -391
2389 6039 12403 -5325 4493 935
1813 7704 14196 -9405 9308 1691
-1751 10968 15664 -14362 8642 3321
-3046 3713 16363 -11842 4528 3441
-2218 -709 17960 -10146 1973 2558
-1800 2089 17097 -7978 21 1631
-2862 4592 16930 -5952 -1305 1362
-3828 5201 17320 -4339 -2375 1195
-3801 5376 17622 -3664 -2799 1494
-2944 4682 17693 -3045 -3093 2360
-1942 4618 17880 -3502 -3330 2957
-1287 4700 17589 -4915 -2428 3603
-529 3529 16528 -5748 -1706 3733
-294 3137 17244 -6074 -1552 3687
-102 1670 17842 -3649 -2164 3808
-234 -718 19081 1562 -3084 4066
390 -20 19517 7799 -3890 4528
1624 -838 17214 14420 -2419 5928
3236 1153 16038 18527 821 6926
1398 5540 15410 19383 3385 8012
2 6745 15333 15314 5666 4807
-1384 8684 15894 10343 6213 2127
-1406 8014 16180 4327 5708 1520
-4413 9052 15818 375 6137 1172
-7848 11870 13836 609 1453 -404
-3572 7481 14480 722 -473 -386
-2257 7437 15274 838 1281 -403
-2846 8388 15804 -202 3813 -1182
-3129 8731 16298 -1360 6956 -2623
-3067 8928 16350 -1562 9475 -3847
-3585 9362 15225 -2571 10686 -3516
-4273 8537 14933 -2941 10969 -2458
-5125 7996 15162 -2023 9451 -879
-5502 8162 15488 -1557 7313 757
-5281 8680 15202 -2548 5354 2245
-5316 8569 14736 -3472 4006 3237
-5308 7530 14629 -3697 3307 3413
-5312 7132 14752 -3501 2279 3408
-5486 7074 14697 -3709 2029 3228
-5992 7112 14873 -3945 2188 3098
-6272 7330 14969 -4314 2868 2879
-7014 7240 15236 -4378 3756 2597
-7669 6806 15900 -3893 4422 2260
-7926 6729 16261 -3342 4839 2094
-8188 6565 16604 -2957 4692 2040
-8495 6602 16680 -2825 4246 2040
-8761 6579 16970 -2936 3665 2034
-8706 5984 16997 -3399 3498 2140
-8612 5688 16705 -3701 3143 2203
-8458 5164 16102 -3692 2928 2083
-8126 4990 15700 -3458 2516 2038
-7841 4808 15424 -3357 2117 1833
-7506 4429 15087 -3442 1436 1449
-6853 3786 14782 -3859 529 1103
-6480 2981 14708 -3566 -238 867
-6530 2492 14782 -2800 -459 619
-6400 2332 14892 -1583 -723 452
-6511 2919 14891 -480 -573 -208
-6908 4088 15084 -522 -138 -1079
-6739 4489 15303 -1455 415 -2059
-6697 4217 15422 -2123 690 -2641
-6304 3606 15456 -2188 516 -2971
-5904 3274 15289 -1563 94 -2988
-5826 3532 15126 -995 -299 -2962
-5697 3235 15188 -378 -641 -2713
-5461 3029 15146 21 -973 -2496
-5533 3221 15028 477 -1104 -2425
-5093 3634 15039 991 -1167 -2692
-4958 4026 15164 849 -804 -3063
-5082 4438 15354 85 -183 -3343
-5238 4420 15602 -1034 490 -3731
-5272 4406 15808 -1526 804 -4022
-5358 4480 15953 -1894 973 -4135
-5341 4317 16076 -2117 985 -4164
-5229 4060 16093 -1891 775 -4068
-5090 3986 15986 -1437 515 -3943
-4972 4077 15938 -1084 352 -3716
-4944 4258 16161 -819 457 -3577
-5148 4142 16254 -598 540 -3325
-5187 4656 16638 -718 911 -3371
-5096 4929 16993 -1075 1213 -3267
-5059 4786 17068 -1331 1298 -3142
-5056 4638 16916 -1315 995 -3024
-4876 4205 16729 -1011 510 -2879
-4990 3969 16456 -363 -165 -2794