1580 7966 19790 6121 -71 -1361
1774 7112 18834 5698 780 -1899
2701 5970 17741 5802 3075 -1878
1626 5406 16621 7545 6080 -1138
-1070 5962 15985 10711 7520 12
-2897 8186 15972 11433 6872 204
-3425 11216 15880 8959 4727 -677
-3390 12397 16117 4740 1727 -1263
-2912 11666 16493 -234 -1677 -1392
-2558 10546 17169 -5951 -3254 -1721
-4833 11078 17002 -8524 -4863 -2585
-4001 9914 17005 -7208 -5310 -3475
-1904 8110 17796 -5804 -3577 -3796
-633 7636 18337 -4792 -1514 -3621
-433 7785 18429 -4280 -125 -3308
-1386 8296 18584 -2992 80 -2870
-2284 8230 18361 -1659 -837 -2836
-3524 8812 18048 -1125 -2825 -3670
-3489 9242 17497 -1575 -5868 -4572
-3320 8536 16820 -1813 -9772 -4855
-2504 7106 16605 -3949 -11457 -4512
-1058 7993 16357 -6755 -11561 -3522
-1298 8896 14018 -7936 -10206 -2807
-261 6445 13257 -6746 -8141 -2326
-648 7584 12286 -7580 -3955 -1667
-1058 8169 11793 -7465 -486 -934
-970 8774 13440 -7122 1222 -496
-1805 6285 13064 -6194 2479 -790
-1276 2492 12949 -4025 4543 -2759
-2272 5649 17596 -8677 5535 -3283
-5001 8838 16830 -9962 1728 -2674
-3869 3780 17494 -4717 -1980 -2765
-2117 4389 16668 -3687 -1400 -3601
-3236 6505 14885 -2144 647 -3949
-3510 5345 14500 891 2694 -3117
-3398 4844 14645 4778 3888 -2092
-3676 4761 15986 7781 2917 -2437
-3005 4221 16725 8715 1407 -3781
-1136 3373 15600 9197 1112 -5284
165 3569 15660 8154 1820 -6286
644 5525 15470 6959 2040 -5926
884 4550 14521 7737 1479 -5837
757 3734 14470 7458 2231 -6344
-150 4157 13949 8177 1371 -6932
44 4148 13389 8660 484 -6724
350 5058 13273 6476 867 -6127
-441 6820 13870 1951 2169 -5288
-5341 10178 14382 -2869 2180 -6684
-6352 13204 13526 -3053 -2110 -6849
-3573 10680 14774 -4033 -6178 -5467
-966 8724 14769 -7660 -6943 -4033
126 7121 14934 -9056 -5211 -3080
1078 5404 16402 -7851 -3860 -2341
1837 5337 16942 -4974 -3699 -2151
1266 6377 16437 -1778 -4016 -2584
721 7348 16012 1306 -5196 -3027
1021 7864 15940 3734 -6291 -2727
2093 8486 15806 4320 -6056 -1658
2541 8934 15302 2149 -3642 149
3206 9633 13852 -886 813 2743
4405 8920 12766 -4320 7911 4030
6360 6024 12670 -4695 14627 6485
3977 10065 18884 -11657 22026 8311
-2097 16786 17852 -18567 18301 7282
-3642 2848 21366 -7332 9653 4565
232 -630 23093 -3136 4000 1109
-829 4600 20972 -3183 -780 -784
-1694 6304 19464 -1676 -2382 -234
-1325 6740 18781 -933 -824 752
-1274 6712 18842 -284 363 1195
-1162 6541 19053 274 175 1457
-1120 6572 19188 -155 595 1898
-1488 7377 18964 -1277 2019 2544
-1638 7432 18769 -1263 3376 2901
-1601 6844 19244 -284 4184 3432
-2300 6537 19800 1412 3854 4035
-3020 6208 20441 2730 2628 5448
-3236 5101 20621 5122 1637 6307
-3392 4945 19032 9291 802 5180
-3401 6154 18328 11257 -254 2904
-2876 7508 17788 11497 -1513 1804
-3529 8106 17133 10258 -2261 1061
-3394 7664 16797 7618 -2828 -46
-3272 6528 16410 5448 -4142 -936
-2744 6610 16145 2480 -4985 -1635
-2601 7493 15942 -29 -5558 -2191
-2414 5948 16210 -1240 -5057 -2373
-4020 7812 15866 -4171 -2241 -3238
-7138 10832 15085 -5294 -400 -3932
-7558 12280 14372 -4243 -1385 -2813
-6913 10653 15030 -4695 -1491 -1972
-6697 9386 15972 -5505 -842 -1107
-6606 8382 16757 -5966 -880 -415
-6725 7121 17749 -5633 -2421 -502
-5956 7072 17913 -4574 -5224 -978
-4634 6701 16810 -3774 -6380 -649
-4285 6421 16696 -3574 -6762 -131
-4908 6476 15898 -3665 -7169 483
-4000 7402 14470 -3695 -6526 1395
-2237 7776 13546 -4317 -3976 2423
-557 7610 13648 -6418 32 3571
621 7116 13872 -8488 3680 5180
1116 3466 13369 -7838 6880 6513
800 3981 17308 -10050 9724 8134
-2678 10898 15732 -16719 9040 8145
-4290 6812 15548 -14431 6370 7207
-1741 3933 17018 -14685 2304 5560
216 6701 14900 -18344 1728 4257
-405 6069 14269 -20263 1826 4268
217 3770 14946 -18819 964 5755
-650 2437 16338 -17482 -946 7077
-1962 761 16936 -13049 -5818 8620
-1189 733 16154 -9553 -9779 11868
-1236 561 15029 -5369 -13125 14695
-730 2349 15252 -3935 -14432 14370
-1328 6196 15941 -4029 -18201 13846
-502 3152 15604 -4414 -21087 12638
1982 948 15102 -3779 -20888 11243
3662 197 14450 -3325 -18674 10636
4792 -366 13644 -1825 -14337 10124
4882 -492 13264 -517 -10058 8770
5073 -612 13128 1389 -6582 5917
5269 -70 14097 2716 -3010 1791
4380 458 15456 4277 -197 -2504
4297 1353 16269 6952 1649 -6716
3662 1665 16961 8445 3475 -9772
3141 2701 18402 6962 3815 -10162
3150 -866 15785 10116 4933 -10436
5350 -3936 13046 15108 9147 -12374
3000 4554 13320 11247 11664 -11396
-530 6125 13377 7966 12219 -12520
-1538 5009 14913 6675 13815 -12777
-1808 5900 14856 7143 14321 -11643
-1848 7441 15425 4462 14222 -9885
-1956 7478 16206 981 13471 -7383
-3601 6497 16260 -1111 11442 -4802
-4656 7666 15916 -3036 10530 -4286
-6716 10962 15038 -3248 7331 -4245
-5880 12509 14449 -3148 2655 -2644
-3624 10253 14085 -5429 1988 -553
-2061 6522 14916 -6866 2507 1348
-1284 4090 15468 -6657 2966 3065
-1528 2944 15880 -5212 3375 3907
-2232 3554 16080 -3693 3367 4167
-2698 4257 16100 -2268 4178 4357
-3050 4382 16776 -1440 4960 4140
-3640 4494 17521 -1537 5587 3362
-3584 4737 17770 -1990 5704 2618
-3277 4708 17870 -2613 5765 2363
-3348 4581 17909 -2862 5687 2584
-3513 4294 17840 -2543 5425 2952
-3818 3837 17846 -1904 5111 3301
-4029 4038 17742 -1356 4658 3539
-4000 4222 17534 -1008 4133 3711
-3842 4374 17290 -832 3683 4074
-3369 4084 17384 -713 3647 4443
-3236 3970 17548 -925 3583 4792
-3022 3956 17600 -1124 3467 5190
-2806 3976 17534 -1358 3516 5445
-2708 4053 17374 -1675 3549 5424
-2502 4365 17185 -2274 3502 5338
-2638 4220 17042 -2752 3587 5409
-2712 3757 17042 -2927 3240 5554
-2736 3308 17160 -2859 2749 5740
-2812 3116 17238 -2741 2159 5938
-2969 3316 16985 -2314 1770 6150
-2966 3584 16910 -2009 1778 6280
-3268 4030 17082 -1877 1714 6451
-3596 4116 17096 -1680 1751 6498
-3996 4148 17346 -1589 1641 6235
-4192 4513 17458 -1774 1471 6176
-4460 4608 17488 -1948 1366 6424
-4682 4474 17438 -1931 1231 6603
-4902 4604 17386 -1872 800 6763
-4612 4581 17249 -1743 290 7087
-4473 4560 17257 -1714 -154 7424
-4332 4420 16946 -1636 -601 7802
-4128 4098 16866 -1582 -1003 8093
-3881 3852 16678 -1537 -1129 8318
-3921 3625 16494 -1495 -1034 8320
-3920 3752 16464 -1630 -809 8339
-4058 4144 16489 -1961 -428 8345
-4206 3844 16549 -2080 -148 8561
-4188 3290 16702 -2150 192 8950
-4361 2840 16713 -1800 345 9290
-4428 2616 16620 -1214 259 9372
-4604 2758 16620 -868 150 9099
-4748 2748 16698 -735 53 8859
-4692 2652 16736 -782 -37 8670
-4842 2508 16782 -885 -115 8504
-4961 2361 16724 -891 -10 8331
-5069 2192 16742 -693 338 8073
-5092 2380 16721 -415 761 7651
-5154 2673 16722 -6 1142 7129
-5333 3058 16661 470 1323 6726
-5352 3346 16482 660 1310 6495
-5428 3400 16413 700 1150 6392
-5285 3496 16117 761 734 6293
-5096 3678 15890 780 329 6283
-5029 4045 15629 729 5 6274