4369 2458 12352 -11879 -15088 8994
4794 2612 12968 -12156 -14886 9208
5770 893 12089 -9258 -15101 8534
7167 -191 10958 -3708 -14036 7889
7660 -57 9994 -618 -11302 7752
8230 1490 9590 -235 -8131 6994
7966 2596 9588 -909 -5496 5925
8024 2140 10096 -1388 -1675 4808
7074 1679 10577 -949 4251 2961
5830 2114 11232 -1061 7139 523
5001 2258 12875 -1212 8661 -2969
4558 1684 15547 865 10790 -8074
4421 1209 16327 4505 13311 -10472
5418 -1293 13005 13479 16272 -11895
5520 1097 11566 14841 20608 -12648
852 6309 11415 11354 22574 -15107
276 7192 9620 7496 23224 -16360
-232 6471 10527 2289 26654 -17895
-5250 7230 11760 -5832 28626 -18411
-8088 10430 10796 -8098 24772 -17419
-5710 9147 12172 -10587 20409 -15813
-3440 6328 14012 -13070 20591 -14384
-2450 5116 14517 -11581 22227 -12389
-2845 4664 15062 -6027 26295 -9935
-3713 5224 16536 -1162 25826 -8519
-4296 5249 17261 -597 23792 -5336
-5698 6590 17445 -1245 20680 -1699
-6045 6593 16929 -1456 18525 2267
-5565 5841 16210 -2718 17098 5905
-3514 5743 16621 -8653 16916 10734
-3686 5212 17385 -16575 15174 14379
-5729 3398 18764 -23389 13527 14645
-8278 -1277 20932 -23071 8956 15099
-10845 -5633 22910 -16462 -1368 18895
-9440 -3262 21010 -7121 -9769 20698
-8345 96 19337 -96 -16874 20843
-6917 1070 17833 6219 -18893 18549
-6280 1773 18434 8873 -17494 15275
-6464 2048 19828 8968 -17478 12241
-5636 1979 21548 5328 -20516 8135
-2569 698 21242 3667 -19795 4908
211 -483 18023 6111 -15600 4419
701 460 17099 9489 -12022 4080
-309 1601 15477 12954 -11657 2851
-764 3286 15214 13526 -11978 1311
-130 4669 14613 12229 -12651 -1273
849 4677 14713 7601 -12742 -2543
-369 4477 16184 1962 -11390 -1876
-4998 7608 14709 1548 -9392 -2650
-1678 8824 15291 2543 -6938 -2683
834 7292 16266 2657 -4811 -1120
416 5283 16978 1790 173 -1301
-86 6742 16734 4164 2853 500
1796 7312 16820 5411 5989 2456
646 8933 16688 1173 9023 4303
-340 9270 17720 -3334 8894 7474
-1461 9545 19624 -8582 5364 9797
-1716 4725 17152 -7826 -476 9686
-938 1631 16656 -5546 -3462 11189
-2000 8912 15854 -9288 -3473 14148
-3448 8258 15534 -7054 -5165 14466
-2168 4743 16854 -5899 -7183 12087
-2144 6672 17417 -5963 -7333 9136
-2340 5400 18668 -6004 -4458 7453
-1739 4320 18969 -3919 -61 5714
-2224 4200 17273 1500 2744 5039
-3141 3476 16553 8201 4162 4478
-2833 4085 17173 10761 1316 2523
-1970 4426 17459 10337 -1867 -1359
-1158 4210 16701 9131 -4200 -4188
-256 4040 16468 8214 -4494 -4996
914 3308 15216 7796 -3441 -6253
2722 1685 13161 8783 1583 -7122
1933 2174 11206 10115 6224 -7650
-228 3757 10869 9988 9725 -9054
-1363 6526 10000 9127 12507 -10661
-1381 8593 10781 4400 17209 -10424
-3006 9002 12260 -353 18721 -8525
-3728 7708 13018 -3225 18271 -7185
-5339 7731 13832 -3991 16363 -5146
-5846 8850 15451 -4923 13450 -3149
-6082 9626 16162 -4971 10061 -1855
-4733 9672 16584 -4359 7465 -892
-3689 9038 16798 -3927 5987 26
-3130 8251 17564 -4614 5014 901
-4260 7866 19509 -5832 2597 1722
-4576 8045 19738 -6752 -773 2706
-3981 5948 18582 -7885 -2405 3964
-3980 4636 18923 -8781 -3456 5768
-3510 3843 19284 -8184 -4112 5914
-2892 2730 18625 -7124 -3444 5409
-2597 2601 18397 -6281 -2651 4790
-3122 3086 18135 -4522 -2762 3888
-3626 1898 19270 -231 -5976 3199
-2973 1346 20600 3633 -9263 2617
-4284 1232 21384 6139 -10956 596
-5127 1693 21977 8608 -12066 -1702
-3776 1764 19770 10843 -10047 -3603
-1769 2816 17846 11506 -3055 -5767
-2584 3916 16238 10959 2969 -7942
-4062 6827 14480 9096 5646 -8889
-4401 8627 14185 2980 8351 -10961
-3057 9545 15560 -7726 9073 -10781
-5346 8778 17216 -14415 7202 -9500
-8913 10226 15961 -13381 1514 -9589
-5856 7173 13978 -9347 -4540 -7929
-2132 3188 13240 -5886 -7208 -5299
-2699 3384 13637 -2201 -8793 -4367
-2460 4814 14194 727 -9456 -5082
-1870 8332 13591 -127 -8985 -5498
-1574 9096 13241 -5612 -6329 -5033
-1409 7718 13723 -9320 -3233 -4509
-1688 5915 14419 -10342 -490 -2804
-2378 4541 15090 -9013 446 -681
-2840 4134 16248 -7574 236 1797
-2664 3538 15889 -5254 -284 4811
-2669 2284 15278 -2886 144 7219
-3556 4366 16541 -2382 464 7590
-3918 5768 17397 -3429 -855 7197
-2672 5376 16792 -3741 -807 6654
-1168 4366 16626 -4698 -774 5634
-856 3678 17224 -7338 -1208 4308
-240 1776 16928 -6452 -2648 4562
-144 -844 16161 -1273 -3708 5766
-97 -978 15874 2641 -5497 6849
73 -317 16376 3797 -7638 7971
776 -646 16481 6018 -10584 9240
1846 -2294 16734 10231 -13179 9907
3580 -2093 16288 15103 -13116 9751
5616 -268 14453 20305 -8997 8740
4362 4835 10481 22707 -3436 7991
846 11150 12742 7783 -2297 1259
4098 6737 20045 -15691 -805 225
-9180 15026 13210 -13959 -5326 -3341
3601 3853 15138 -8155 -2301 -5792
3570 6162 17753 -8785 2193 -6975
4964 4553 17442 -4671 6440 -8949
4658 3896 17472 829 14416 -10784
1549 8489 18003 2224 20850 -11709
-2111 11264 18741 -4367 20592 -10613
-4092 10898 19036 -9638 17416 -8475
-4482 9738 18897 -11912 12858 -6096
-3742 7163 19300 -11210 6873 -3444
-3116 5738 18545 -9719 3591 -1961
-2368 4665 15770 -7266 4668 -1748
-2522 3885 17158 -7602 5166 -1132
-3353 4198 18899 -8713 3084 602
-2880 1620 16426 -5660 3632 2723
-4646 2034 18922 -7605 5934 1534
-5382 2573 19467 -6621 3641 3567
-5096 1236 18330 -1676 2714 4963
-5505 3678 17858 982 1293 5280
-6248 4464 17628 2340 149 4950
-6392 4797 17505 3881 -608 4283
-5696 4746 17718 3112 626 4482
-5358 4814 17834 2260 1914 4860
-5052 4278 16900 1029 3532 5427
-4974 3511 15178 -162 5078 5954
-5450 3196 14582 -544 4971 6128
-6181 3113 14413 -236 4329 5667
-6714 3840 14737 27 3024 4246
-7484 4638 15590 -2098 2026 3491
-8032 4466 16166 -4618 56 2312
-8010 2759 16491 -5589 -692 1194
-8216 2093 16769 -4723 -693 862
-8194 1854 16804 -3066 -653 915
-8166 1568 16496 -1175 -488 1030
-7854 1432 16020 1648 -66 1044
-7345 2070 15552 3770 378 753
-7001 3031 15200 3341 221 -122
-6500 3502 14928 1506 -231 -967
-5951 2921 14801 -149 -735 -1509
-5262 1823 14345 -811 -1472 -2370
-4966 1096 14052 -1362 -813 -2381
-4884 937 13760 -809 -144 -2407
-4835 956 13476 64 794 -2573
-5138 1188 13249 588 1442 -3260
-5472 1180 13484 943 1876 -3836
-5641 1113 14157 294 1896 -4230
-5952 864 14553 -182 1531 -4931
-5818 549 14833 201 1207 -5966
-5702 806 15026 584 1252 -6809
-5937 1045 15106 710 1254 -7208
-5870 757 15372 1210 1284 -7451
-5713 685 15204 1919 1307 -7749
-5610 1190 15185 2432 1276 -8059
-5741 1729 15512 2456 1174 -8181
-5712 2114 15898 2118 1170 -8408
-5788 1946 16097 1969 1247 -8928
-5553 2225 16489 1672 1167 -9529
-5330 2309 16941 1265 1049 -9882
-5297 2101 17202 1006 1042 -10028
-5448 1952 17120 885 1043 -10270
-5570 1916 17105 1132 875 -10494
-5557 1941 17306 1267 413 -10607
-5517 2004 17454 1301 -171 -10716
-5534 1930 17517 1636 -607 -10951
-5450 2248 17332 2100 -929 -11200
-5406 2799 17167 2209 -945 -11385
-5349 2721 17090 2368 -731 -11543