576 2530 14190 16614 23833 -27898
342 6759 14526 11401 21176 -30298
-1691 4728 16497 3642 16830 -28613
-6202 3862 17718 1465 12644 -23566
-8492 6847 18083 5039 4076 -17338
-6317 10649 18161 8540 -3539 -11589
-4146 11524 19363 4310 -2045 -7394
-1541 8460 18328 561 561 -4025
382 4738 18302 2688 2105 -1959
1426 5872 17764 5656 1806 306
2232 6800 16700 6154 2580 2622
1361 7850 15937 6550 3766 5110
913 8972 13828 4903 5505 8542
6 9716 13342 1586 9286 10235
1248 10002 13670 -3591 12153 11464
-355 9378 16516 -10236 12854 13411
-6403 6511 20942 -16136 7454 13008
-6560 -277 22002 -12433 -2249 11010
-2222 -1892 21078 -6576 -5780 10115
-366 2969 17231 -3322 -5409 8433
-952 5925 15050 -2966 -1704 5809
-2291 2990 15233 -1504 1748 3108
-1514 1930 15040 913 3442 1777
-1576 825 15377 4092 3360 1345
-2533 509 15902 8066 2063 1555
-3572 2785 16933 11652 -1581 1930
-3996 4312 16341 13909 -5167 1653
-2878 3962 15848 16526 -8145 521
-1877 3944 14969 18105 -8817 -1232
-1389 4696 13838 18943 -8806 -1226
-1230 6006 13444 19234 -8472 103
-1909 7347 13981 17631 -8545 2013
-2686 7538 14076 15576 -9571 4024
-1912 7209 14168 14333 -10596 5961
-523 6709 14504 13862 -12804 10758
1043 6769 14243 13576 -14016 17550
212 10725 14964 8363 -10403 21329
-1518 13564 12480 3938 -9123 20640
-1461 12121 12274 -3376 -13672 16394
1430 9990 13905 -9460 -10966 7781
3581 7293 15182 -11822 -9004 1287
4590 3588 16925 -9726 -7450 -1352
4322 4590 17135 -6301 -5839 -3382
3001 8131 15683 -2684 -3611 -6189
4008 8858 15550 -236 -1304 -8036
4206 9942 14858 -489 -268 -8588
4684 11400 15426 464 -728 -9406
5884 9897 17811 -4005 490 -9062
7365 9181 17024 -8527 908 -7390
8458 6756 14952 -8373 3530 -6512
6019 9700 18353 -17495 8368 -8139
3574 12124 17025 -19235 4751 -5625
7321 4462 18745 -14908 6718 -3829
6829 5990 19413 -17121 11160 -4796
3894 7032 18146 -15974 11228 -3514
4369 4077 18473 -13906 15045 -2552
2745 4350 19010 -13036 17432 -2030
759 4437 18550 -12394 18665 -2729
-1041 3309 19096 -11216 16622 -3148
-1246 2344 19188 -9115 14248 -2537
-1855 762 20381 -6191 10586 -2769
-2347 414 20973 -313 6488 -2428
-2885 897 20272 2975 4136 -3461
-2948 3470 19876 3596 1112 -5173
-2256 1953 18550 7247 1609 -6992
-1145 1432 16205 10479 5123 -8504
-2997 2792 15233 12594 7790 -9241
-5368 2456 13758 14815 8498 -10814
-6464 3378 13036 15488 8330 -13757
-6408 5601 12655 12780 8194 -16810
-5268 7942 13338 2276 7899 -16559
-7846 10132 13541 -6082 7841 -12783
-9505 10312 13144 -7472 2869 -9381
-8208 7230 13296 -9380 -577 -5889
-7558 4904 13938 -10006 -3031 -3669
-7694 4159 14586 -7248 -5871 -2776
-6602 5927 14541 -2617 -8321 -3358
-6445 7133 14534 590 -8745 -3372
-5058 8216 14063 369 -7668 -1699
-2766 8838 12589 -1439 -3943 735
-2236 8260 11898 -4302 834 3342
-2016 7945 13414 -8416 4261 6430
-1734 6916 13065 -10068 6487 9627
-2424 1098 13812 -7227 8449 9692
-2978 3452 18280 -8982 4542 10552
-2691 2968 15414 -5499 475 8732
-83 4722 13405 -6439 9 6468
-877 2421 13621 -7068 -827 4030
-1435 -2291 17985 -2293 -4205 3366
-730 -2850 18249 5021 -7138 3853
-1366 168 18518 8660 -8630 4050
-2185 1490 19640 11489 -11111 4271
-2245 3332 20426 12729 -12897 2962
-70 4065 19360 12845 -12325 819
992 5062 17828 12417 -11469 -1631
-580 4709 17645 9847 -12387 -4334
-836 4632 17754 8288 -16460 -6093
1264 3002 16433 6561 -20638 -3996
-5433 6974 19353 4246 -23931 -181
-10176 17252 15306 2629 -27655 -1377
-5397 7344 9424 6432 -24746 -4915
9455 5361 16454 -1062 -18350 1246
8089 6324 13477 -907 -8533 -2682
6108 3700 13236 -675 -670 -4370
160 6754 11752 -2580 74 -4579
3760 7808 14166 -310 -634 -1742
5352 8536 15832 -1254 -2549 -1747
5060 8585 15364 -2672 -2895 -1376
7836 6888 15368 -2872 -1741 609
8738 6693 15235 -4176 5172 2233
7729 6004 13861 -7319 18585 2265
6397 5248 16281 -10989 28648 2225
5117 -1169 15493 -5181 32036 4929
-1119 8854 18763 -8580 27043 3375
-2578 1069 20342 -4282 17524 1335
-772 4540 20247 -3957 10641 1147
-1708 2760 19740 -6042 8437 2726
-2172 3898 20144 -5858 7775 3967
-3665 4297 20241 -2542 5385 6202
-5055 4906 20020 1377 782 8460
-5989 4390 20556 5053 -6662 12313
-5449 3458 21577 8980 -14642 15155
-3701 2409 22952 11905 -21846 16206
-1092 1862 21124 15477 -23232 16055
2712 3042 17264 17147 -20749 15125
5050 4690 14861 18027 -16066 13728
4006 5749 13328 15550 -12197 9637
2117 6953 11034 14433 -9522 2684
2302 7374 9532 13846 -6757 -1322
2556 6212 12056 10258 -2984 -2771
-4039 11669 14780 2114 -2147 -4396
-6070 11492 11016 811 -3727 -8562
-2789 9157 14564 -2239 -1504 -11548
2722 6770 12575 -3888 2501 -9682
721 7693 14900 -1632 6337 -10701
-3290 10904 13040 -2131 7122 -13256
-3769 11485 13466 -807 4767 -13188
-2820 11438 12400 531 4878 -12598
-944 9794 12794 5663 6259 -12068
1378 5420 10080 13577 14608 -12082
-490 9889 11489 10491 22262 -11523
2940 11961 10493 5132 30523 -5581
-2324 11170 20736 -9583 32767 -6405
-8217 21336 17288 -20619 16018 -5378
-4822 6370 15554 -13593 6998 -7778
-5564 1764 18604 -18995 3858 -9886
-3288 5088 17321 -23421 663 -9061
-3978 5298 16869 -24912 -2123 -6079
-2540 5993 14654 -23195 -323 -3641
-2436 5481 14738 -20774 1776 -418
-3330 3620 15532 -17438 1362 2122
-3364 1590 16763 -9749 -1364 7091
-2716 969 17845 733 -4774 11697
-2148 1822 18701 5714 -6857 11938
-2224 4028 19410 6620 -8379 10598
-2293 4896 19912 6008 -9268 9158
-1684 4601 18902 5847 -6579 6721
-289 2556 18385 7759 -3540 4053
2513 1882 17522 9626 39 730
1444 2013 16472 10017 5347 -2288
704 4652 14637 8920 8312 -5353
553 7493 14251 4759 11355 -7260
-3968 7550 17660 207 12055 -9263
-9561 8837 14988 1554 12381 -10268
-8404 8728 16368 3707 9243 -9541
-5358 8166 16884 -2243 5771 -7378
-6081 7512 15983 -6382 9838 -7416
-6759 4843 17766 -5704 8478 -6170
-7557 3267 18103 -4189 5001 -5216
-8246 2590 18296 -2191 432 -3725
-9385 3564 18877 -1807 -2562 -3542
-9104 4549 18629 -2431 -3818 -3491
-7912 4713 18160 -3577 -3353 -3137
-6998 4249 17456 -3391 -2264 -2737
-6426 4092 16776 -2169 -1356 -2642
-5821 3976 16210 121 495 -2631
-5618 4694 16685 1747 2342 -2493
-5766 4835 16811 2167 2863 -2356
-5674 5260 16305 761 3531 -1955
-5745 5070 15760 -111 3488 -1619
-5957 4598 14737 -588 2487 -1697
-5944 4225 14328 -111 -227 -2634
-6306 4328 14386 -998 -1409 -3059
-6719 4622 14263 -1380 -2688 -3507
-6105 4122 14269 -3168 -3370 -3635
-5401 3792 14305 -3974 -3023 -3602
-5162 3947 14453 -2780 -2522 -3723
-4666 4619 14022 -1201 -1512 -3612
-4629 5128 13904 -77 -461 -3180
-4688 4964 14208 540 -153 -3021
-4940 5264 14438 1075 169 -2616
-5033 5976 14668 649 315 -1690
-4720 6296 14789 -468 417 -1114
-4558 5970 15258 -808 305 -939
-4369 6258 15308 -1287 289 -803
-4391 5852 15370 -1688 386 -335
-4440 5301 15609 -1557 590 144
-4646 5354 15820 -1140 569 626
-4730 5549 15769 -803 347 1116
-4646 5650 15718 -569 -4 1461