1917 10070 16132 974 -11213 6225
2137 9994 15848 1625 -11075 6467
2520 10122 15633 1673 -11129 6828
2650 10416 15613 790 -11488 7270
3062 9808 15145 -112 -12005 7460
3796 9872 14429 -378 -12057 7702
3840 9885 14325 -1376 -11818 7927
4088 9572 14088 -2329 -11715 7907
4144 9894 13742 -3169 -11173 7789
4088 10073 13501 -4269 -10592 7490
4272 9642 13382 -5132 -10272 7099
4526 9328 13009 -5131 -10035 6774
4422 9132 12688 -5025 -9905 6472
4446 8429 12253 -4579 -10001 6189
4806 7770 11529 -4037 -10308 6081
5234 6822 10789 -3122 -10773 6137
5316 6973 10009 -2652 -10559 6360
5501 6738 9693 -2818 -9638 6229
5552 6661 9637 -3607 -8469 5852
5464 6713 9808 -4587 -7294 5228
5268 6558 10094 -5221 -6104 4744
5094 6081 9905 -5424 -4775 4197
4937 5726 9886 -5215 -3617 3577
4756 5297 9926 -4367 -2993 3103
4657 5269 9936 -3817 -2529 2374
4606 5096 10313 -3658 -2319 1623
4866 5154 10600 -3897 -2502 1071
5208 4960 11332 -4194 -2514 529
5569 4972 11800 -4413 -2279 -17
5820 4613 12402 -5452 -1126 -719
6012 4646 13048 -5767 685 -1053
6042 3134 13948 -4072 2991 -1307
4312 4536 14054 -3494 4620 -3509
3097 7588 13494 -3621 6355 -4100
5465 4292 13990 2716 7837 61
3690 8160 12934 8823 8373 2300
2512 9266 12249 7210 9153 1676
2692 9273 12589 1145 8085 740
1192 9862 12521 -5574 5309 201
-422 8321 12792 -7946 1770 -2256
-504 7054 10738 -5282 2743 -6173
1557 7866 10765 -2975 5733 -7770
3132 8244 12778 -4015 7715 -6525
4016 7542 16093 -7966 6645 -5141
5480 6974 15053 -8559 7141 -4320
7930 5180 12069 -5157 12314 -3684
5384 9044 12588 -7356 17118 -4517
3137 7196 16177 -14989 16912 -4929
5800 4926 17852 -12866 14929 -1859
3666 4313 19466 -9311 11641 -94
-458 897 20461 -9671 5117 -2127
1952 772 20573 -6713 -1777 -2783
4808 2801 19234 26 -1624 -1472
4714 3726 17969 6782 1939 53
2897 4708 17774 8849 2913 119
2554 4209 18052 9055 1591 -504
3204 4417 18409 9330 66 -997
3666 5198 18269 7680 -605 -976
3154 5730 18669 3951 -1595 -1668
3332 7242 17757 1233 -3437 -1564
5688 5582 15613 6386 -1877 1150
4596 8310 14100 11881 672 3652
2534 9266 12877 10979 2055 3244
2032 8710 11485 6975 4305 837
1373 9200 12894 1877 4521 -1623
1034 9936 12773 -2234 2671 -3183
1629 8912 12416 -4970 3366 -4163
2170 8049 14062 -6362 4381 -4392
2376 7461 15164 -6768 4188 -4087
2316 7429 15980 -6566 4030 -3321
2633 7026 16218 -7370 5017 -3018
2264 7097 17660 -8411 5153 -2933
2606 6121 18092 -7820 4907 -2336
3392 6054 18078 -4638 5688 -1436
2749 6402 18364 -3479 6235 -337
1088 4314 18646 -4372 6704 142
-170 2580 19202 -3242 4701 -441
893 3314 19093 558 2607 -260
2349 4838 18830 5261 3258 912
1901 5253 18502 8544 4339 1669
973 5333 17953 8673 4211 1001
561 5689 18396 7430 1707 8
584 6004 18508 4924 -1753 -586
1869 4781 18158 2751 -3526 -914
3162 5124 16490 3309 -3081 -454
2321 7356 14377 6191 -1622 612
1882 8658 12805 6902 1922 1151
774 9104 12677 4793 4901 -12
-54 9365 13485 1618 6353 -1585
-440 9528 14438 -1589 5640 -2600
-160 9128 14370 -3294 4210 -3182
344 8002 14074 -3623 3711 -3745
1274 7098 14162 -3502 3664 -3781
1289 7661 14124 -4745 3727 -3543
1750 6849 14557 -5769 6130 -3689
1462 7164 15686 -6324 7175 -3429
588 7321 16001 -7752 7520 -2762
126 6493 17464 -7886 6236 -1951
249 5693 17701 -5922 5294 -753
324 6120 18900 -4052 5341 544
298 6182 19305 -1978 4444 1303
688 4668 18757 -102 3394 1715
654 3116 17085 3161 3119 2379
594 3930 16677 7071 3419 3520
-513 5446 17316 9063 2289 4399
-616 5990 17646 9235 850 4121
-449 5969 17468 8201 -666 2845
-572 5968 17381 5801 -2236 1077
-656 5721 17738 2743 -3736 -828
-273 6896 18157 -132 -5655 -681
645 5988 17249 903 -6042 361
646 7977 15705 4938 -4435 1014
60 9961 14922 6206 -3346 2617
374 9017 13330 6552 -1839 3070
-956 8834 13569 4811 368 824
-1949 9678 13368 1241 -803 -1962
-697 11150 12001 -2997 230 -3410
-500 10754 13264 -7475 1102 -3754
-1017 9949 15173 -12718 -413 -4370
44 6632 16204 -12983 -1450 -4467
846 5952 16654 -10173 -763 -4150
284 6556 17336 -9484 -168 -2825
-484 6988 18125 -10239 173 -2188
50 5173 18522 -10280 433 -1945
1098 3873 18821 -8111 1237 -1400
57 3832 18776 -5219 1256 -90
-549 3173 18282 -2002 496 1129
-405 3144 17374 2002 -246 1733
17 4198 16610 5980 -296 2209
140 4774 16728 8377 464 2168
268 5125 16670 9661 751 1815
370 5862 17076 7372 -161 1015
804 4718 17872 3607 -1790 -72
2610 2984 18026 1725 -3600 -1183
2668 6161 15497 2754 -3597 -574
4556 4380 13698 9669 814 4442
1017 8173 13138 13087 4415 4829
-2366 11000 11694 10882 5246 2378
-2052 11146 10733 4619 5609 -1514
-2144 12853 12457 -3812 4254 -3322
-1504 11858 13413 -11504 593 -3869
-269 9149 15709 -17453 -2485 -4498
480 5014 16637 -14782 -5278 -5902
2228 4212 16360 -11284 -3448 -6219
1462 4421 16420 -8392 -621 -5805
2561 4150 15908 -5786 3283 -4162
2282 5044 16389 -4320 8041 -2593
708 6518 17546 -4366 9823 -2301
-352 6513 18741 -4887 8663 -872
-500 4874 19402 -4841 6588 674
-1833 4081 19506 -3251 3589 1452
-2498 5352 18940 -1276 330 1655
-1224 5037 18524 2799 -619 2118
-726 3637 17922 7655 29 1902
173 2682 17490 11189 1182 1205
-629 5170 17888 9770 1255 1021
-1972 7780 18920 4772 -973 1285
-1388 6841 17805 467 -4332 1198
76 6656 15501 2661 -4211 1463
-218 7508 13073 5919 -984 2366
-950 8246 12990 4839 2568 1915
-584 7713 13580 1194 2258 1513
-1605 7749 13832 -1651 3517 192
-2672 7973 15168 -2480 2143 -800
-2576 8329 15228 -4231 377 -1210
-2297 7818 15882 -6098 -659 -1507
-1729 6753 16965 -7223 -1994 -2092
-1218 5833 17377 -7388 -2662 -2427
-593 4896 17466 -6844 -2244 -2516
-214 4290 17396 -5719 -1149 -2327
0 4145 17193 -4132 137 -1838
-134 4302 16957 -2533 1376 -1338
-449 4845 16838 -1515 2142 -1008
-641 5436 16633 -1484 2382 -903
-780 5820 16705 -2207 2281 -982
-816 5965 16818 -3155 1925 -1149
-718 5692 16964 -3945 1572 -1295
-580 5154 17050 -4271 1243 -1271
-449 4776 17166 -4077 1035 -1267
-418 4514 17126 -3743 970 -1257
-377 4512 17140 -3449 1080 -1222
-362 4329 17246 -3069 1074 -1196
-208 4412 17225 -2633 986 -1114
-434 4494 17092 -2421 1016 -981
-112 4410 16885 -2386 727 -772
-221 4262 16636 -2065 573 -529
-300 4602 16500 -1881 534 -398
-194 4674 16528 -1772 747 -287
-382 4602 16770 -1642 1057 -163
-608 4710 17133 -1524 1318 -60
-814 4728 17298 -1572 1261 -78
-1038 4852 17257 -1893 1012 -204
-1202 4842 17169 -2424 484 -297
-1116 4500 17028 -2615 -298 -312
-1069 4177 16640 -2355 -1073 -283
-858 3969 16366 -1819 -1632 -351
-642 3904 16132 -1114 -1944 -458
-461 4178 15868 -576 -2028 -613
-334 4753 15696 -651 -1882 -935
-426 5416 15598 -1412 -1625 -1241