5108 6525 14582 187 1628 -1495
5110 6552 14664 592 2080 -1531
5016 6437 14750 1212 2138 -1488
5090 6412 14824 1723 2214 -1604
4930 6232 15032 2301 2130 -1772
5084 5956 15046 3227 2072 -2042
5453 5689 15274 4384 2274 -2409
5506 5736 16024 5912 2183 -2722
5393 5997 16194 7490 2106 -3254
4658 7498 16233 6854 1495 -3791
5029 7788 16078 5113 551 -3441
6004 7406 15265 5749 1162 -2738
5397 8790 14916 6678 2312 -2292
4246 10710 14518 6575 2975 -1899
4494 11405 14045 5321 3287 -1433
4945 10372 13589 3422 4520 -1178
5221 9133 13829 1147 5913 -2045
4741 9438 13760 -742 6550 -2898
4340 9661 13890 -1915 7022 -3557
3544 9290 14218 -2837 6268 -3994
3333 8776 13188 -3077 6717 -4477
3256 8646 13312 -2872 8629 -4782
3349 9061 14272 -3615 9378 -4426
3668 8712 15192 -4860 8468 -4172
3788 8501 15858 -6705 7632 -4045
3209 8654 15742 -8901 7272 -4269
3753 7502 15793 -10137 8453 -4643
4314 6050 15292 -8632 10133 -5055
4377 6420 15206 -7176 11281 -5080
3510 7264 15169 -6687 11635 -4093
2145 7054 15734 -6197 10882 -2443
-430 6653 16736 -6845 8982 -1584
-1621 5762 17524 -7351 5755 -1781
-705 6173 18188 -6300 2320 -1445
552 7125 17904 -3467 2053 -1085
544 7378 17334 343 3441 -1121
-477 7756 17758 2056 4293 -1339
-1728 7804 18066 2692 4269 -1997
-857 7513 17673 3978 4568 -2232
-1082 8445 17878 3436 4324 -1640
-1224 8670 18322 1951 3346 -304
-1296 8565 18973 513 1605 792
-1818 8626 19788 -1408 -1402 1158
-898 7816 17725 -721 -2232 585
-213 8002 17060 1752 -1342 1074
-561 8457 16765 4852 -177 2566
-626 9862 16445 6613 991 2961
-104 9332 16065 4442 2328 2390
389 8036 16121 2500 2436 1955
417 7644 15201 1722 793 1487
-570 7948 14900 1378 491 699
-970 8942 14097 935 1675 74
-1138 9341 14792 -237 2435 49
-869 8521 15774 -1333 749 -47
-540 7704 17085 -1795 -2063 -296
-16 7726 16641 -2137 -3963 -567
217 7118 16082 -1554 -3813 -793
1005 6924 15577 -664 -2231 -740
1369 7433 15370 -600 -433 -195
1528 7118 15117 -634 791 52
1932 7317 15149 -361 2303 246
1969 7298 15536 -87 2882 837
1764 7294 16030 63 2224 1587
1056 7836 15860 -1200 1613 2096
489 7602 15842 -3494 1523 2094
412 6418 16298 -4246 846 2090
802 6614 16342 -3042 448 2073
1025 7460 16200 -1450 812 2234
1029 7274 16184 381 1315 2094
637 7364 16076 2259 1521 1791
269 7365 16276 3391 1372 1199
160 7289 16549 4200 725 575
385 7301 17198 4895 -248 439
348 7653 17856 4706 -1702 561
454 8217 17800 3796 -3001 962
1321 8520 16805 4138 -3310 2100
1945 8320 15958 5870 -1988 3738
1585 9354 14974 6743 701 4434
1236 10270 14789 4787 3272 4431
900 10102 14901 2474 5193 4052
464 8949 15154 922 5844 3059
588 8729 14157 220 7932 1800
-93 9286 13962 -152 10875 864
-586 9380 15064 -32 11766 539
-757 9361 16202 -402 10419 819
-1122 9141 17100 -1593 7810 1081
-1433 9229 16953 -3715 5643 879
-1664 8694 17478 -5403 3634 641
-1204 7512 17601 -5932 1828 434
-790 6973 17192 -5682 1294 348
-1072 7097 16718 -5617 1633 184
-1349 7204 16813 -6095 1632 76
-1252 6620 16830 -5837 1192 267
-1793 5970 16868 -4742 33 445
-2294 5754 16696 -3456 -1622 358
-2064 6201 16045 -2216 -3579 250
-1677 6154 15426 17 -4469 304
-1594 6141 15452 2133 -4641 -188
-1437 6133 15310 3512 -4352 -861
-598 5133 15520 4762 -3913 -1489
-256 5904 15892 4731 -4173 -1317
-565 6652 16010 3644 -5413 -830
-364 7406 15336 3153 -6344 -762
441 8292 13633 3998 -5878 45
1512 7538 12193 5210 -3049 992
1126 8668 10864 6242 1523 1381
297 10601 10752 3776 4704 1524
-126 9870 11098 876 7373 1107
-418 9089 11562 -1061 9901 276
-489 8425 11761 -2444 12321 -314
-594 7432 12385 -3082 13501 -646
-833 7238 12481 -2476 13760 -387
-1121 6934 12465 -1579 13504 289
-1574 6658 12429 -830 13037 945
-1794 6493 12378 -279 12704 1587
-2365 6277 12334 440 13424 1579
-2200 6560 12721 913 14629 1231
-2386 7196 12786 850 16443 674
-2617 7524 12948 151 17878 -15
-3196 7933 13190 -797 18860 -396
-4078 8174 13214 -1744 19531 -748
-4554 8568 13436 -2588 19514 -962
-4936 8538 13632 -3243 18671 -999
-5056 8104 14008 -3015 17491 -985
-5596 7949 14046 -1857 16391 -929
-6084 8184 14038 -703 15533 -837
-6678 8205 14238 161 14830 -749
-7058 8476 14440 817 14076 -757
-7408 8797 14470 936 13251 -907
-7628 9082 14484 757 12333 -1312
-7749 9008 14645 675 11520 -1644
-7897 9032 14300 713 11498 -1829
-7912 9253 14070 784 11700 -1669
-7493 9420 13898 965 11699 -1315
-7282 9438 13712 1227 11498 -954
-7265 9496 13749 1529 10895 -729
-7420 9565 13765 1929 10061 -547
-7774 9690 13689 2207 9217 -409
-8471 9935 13951 2137 8513 -378
-8865 10025 13994 1862 8031 -517
-9156 9914 14122 1461 7757 -711
-9315 9681 14183 688 7342 -1165
-9466 9328 14446 -161 6586 -1408
-9936 9073 14674 -486 6318 -1476
-10040 8796 14792 -501 6073 -1468
-10411 8857 14724 -447 5876 -1383
-10562 8740 14750 -350 5765 -1255
-10549 8392 14717 -99 5654 -1165
-10782 8510 14702 212 5349 -1036
-11066 8648 14646 170 4768 -997
-11202 8646 14622 -24 4116 -1072
-11286 8702 14518 -289 3488 -1234
-11286 8418 14411 -692 2748 -1366
-11524 7995 14350 -871 1915 -1704
-11700 7941 14255 -1089 1021 -2106
-11532 7672 14102 -1349 389 -2391
-11350 7293 13969 -1395 40 -2542
-11192 7077 13657 -1217 -250 -2627
-11121 6985 13464 -896 -444 -2675
-11129 7248 13140 -633 -563 -2872
-11634 7314 13050 -762 -681 -2509
-10998 7273 12943 -752 -955 -3146
-11061 7417 12798 -869 -1056 -3056
-10882 7117 12742 -912 -883 -2813
-10647 6903 12680 -648 -684 -2686
-10488 6804 12468 108 -394 -2351
-10536 6929 12454 651 -82 -2202
-10745 7381 12332 804 20 -2183
-10876 7608 12324 580 -2 -2144
-10854 7587 12300 100 118 -2017
-10810 7021 12231 -96 323 -1461
-10340 6520 12144 535 543 -998
-10440 6613 12224 1585 741 -830
-10312 7117 12188 2197 814 -882
-10326 7548 12254 1916 633 -939
-10353 7855 12089 1061 598 -1245
-10190 7901 12053 -211 741 -1566
-10258 7614 12129 -990 1055 -1649
-10264 7421 12216 -1185 1392 -1759
-10402 7342 12290 -1113 1617 -1768
-10481 7216 12412 -1028 1809 -1743
-10624 7144 12490 -827 1895 -1673
-10849 7165 12601 -634 1862 -1506
-11016 7106 12648 -384 1753 -1289
-11016 7058 12741 -145 1703 -1066
-11090 6994 12788 176 1569 -850
-11050 6942 12797 547 1381 -628
-11070 6836 12666 930 1107 -360
-11182 6780 12532 1186 1012 -93
-11117 6880 12538 1366 966 1
-11000 6953 12428 1430 872 -68
-10953 7054 12406 1335 773 -158
-10758 7040 12333 1101 619 -304
-10574 7126 12161 826 479 -485
-10490 7078 12062 598 405 -687
-10560 7156 12061 172 381 -975
-10748 7272 12172 -433 485 -1247
-10754 7208 12158 -795 520 -1450
-10776 7453 12171 -1248 370 -1689
-10770 7532 12153 -1598 46 -1948