1673 6713 12417 -5666 -6090 2518
1469 6504 12758 -5205 -4802 1409
1140 6454 12820 -4377 -4198 716
898 6246 12709 -3896 -3939 137
640 6543 13000 -3804 -4614 -104
838 6350 13408 -3607 -4970 -119
726 6818 14176 -2707 -4792 -239
497 7528 14558 -2206 -4438 -380
621 7493 14534 -2183 -3952 -499
828 7241 14732 -2303 -3773 -240
1138 6835 15128 -2238 -4168 162
1454 6106 15348 -1835 -5561 663
1703 5858 14633 796 -5542 449
1709 6673 14050 3294 -3987 612
1941 6932 13268 4737 -714 588
985 8222 12936 3555 2564 -1081
301 8100 12798 931 3219 -2337
420 7556 12733 98 4006 -3172
-21 8236 13414 148 3917 -2788
275 8789 14518 -784 3123 -1612
705 8557 15706 -2824 1511 -1255
1530 7167 15673 -3073 2512 -2125
2440 6968 15032 -2935 4928 -2785
2304 7604 14949 -5506 6431 -3027
2242 7074 15572 -6423 7685 -3402
3536 6451 17432 -5069 6437 -2295
1765 6689 17696 -5734 4123 -273
76 5382 18076 -5966 2024 307
320 4688 18720 -4717 -695 -377
1204 5656 18536 -1847 -1961 -778
1585 5396 18384 1704 -1389 -667
1527 4792 18011 5338 -613 -871
1816 4764 18521 5940 -619 -757
1916 6448 18537 4437 -1774 268
2330 7432 17294 3920 -2792 1744
2726 7746 15546 6315 -2241 3757
2661 8945 13800 8101 382 4421
2412 8701 13398 6170 2005 3268
2446 8671 13389 2233 2803 1394
1710 8178 13608 -897 1277 -488
1410 8046 12493 -905 2252 -1753
773 8141 12513 -293 4337 -1763
656 8623 14192 -667 4322 -1517
980 8622 15212 -2099 1917 -1690
1447 8101 15894 -3345 934 -2192
1724 7778 15873 -4568 1961 -2319
1530 7528 16489 -5343 4528 -2199
1430 6575 17272 -5554 5259 -2052
1588 6080 17612 -3018 5151 -1150
1025 6408 17702 -1930 3987 -39
596 5918 17724 -809 2608 729
323 5529 17441 1452 1576 535
33 5481 17948 2888 726 -313
682 5066 17724 4709 -136 -747
897 6338 17278 4787 -670 -236
1326 7403 16618 4396 -544 1213
1019 8761 15737 5484 -119 2993
872 8972 14464 4031 652 2827
1177 8454 14090 1716 1098 1513
542 8464 14499 340 681 417
214 8497 13884 83 511 -349
262 9087 13975 -662 1355 -183
634 8346 14612 -1463 334 338
1045 7892 14993 -1426 -182 548
1216 8020 16079 -2148 -1694 604
1628 7649 15752 -2844 -2347 237
2068 7453 15616 -2345 -1036 -200
2032 7693 15459 -1759 543 -809
1960 7920 15484 -1480 1704 -1040
1598 8129 16150 -1022 2631 -900
642 8497 16915 -1757 1383 -577
710 7608 16706 -1659 -108 -577
832 7252 16492 -1268 -726 -674
828 7076 15860 -12 -886 -881
460 7133 16322 1104 -1671 -1174
226 7330 16654 1731 -2246 -1361
-17 7770 17132 1912 -3221 -1434
98 7470 17444 2476 -4286 -1449
640 7464 17062 3041 -4912 -1263
1473 7605 15958 4342 -3780 -944
2076 7914 15177 5104 -2183 -983
2105 8588 14796 4382 -1262 -1048
2321 9088 14598 3102 -584 -676
2332 9205 14312 1930 526 -385
2101 9390 14366 244 1411 -301
1786 9378 14208 -943 1549 -610
1448 9192 14216 -1491 2190 -1073
1147 9337 14446 -1920 3744 -1658
1002 8858 15416 -2192 3263 -1761
1684 8787 15996 -1599 2390 -1567
1620 9020 17204 -2388 976 -943
1359 8729 17736 -3030 -494 -870
1303 8290 17917 -3468 -1408 -904
1456 8064 17498 -2854 -1009 -614
1245 8094 17570 -2416 -915 -244
1196 8293 17310 -1091 -219 623
683 8267 17779 -137 -1564 1756
586 8144 17738 644 -4088 2637
758 7674 16856 1496 -6085 3021
1552 8281 15643 2528 -7053 3344
1960 8588 15280 2752 -7321 3307
2182 8430 15094 2579 -7281 2965
2624 8020 14534 2353 -6637 2464
2748 7782 14156 2119 -5620 2106
2866 7469 13867 2513 -3992 1676
3109 7588 13545 2345 -1779 1350
2945 7337 13800 1809 -521 1139
2774 6841 13840 1594 -156 1031
2636 6790 13877 1371 -18 943
2503 7003 14219 769 -55 630
2749 7137 14369 683 360 437
2994 6688 14102 1742 1591 243
2577 7065 13297 2678 3660 -376
2657 7357 12594 2097 6188 -1010
2670 6926 12424 1053 8662 -1741
2467 7210 12478 -130 11141 -2157
1692 8038 12697 -1345 13122 -2247
892 8204 12960 -2170 13807 -2233
624 7916 13394 -2851 13840 -1865
-569 7949 13530 -2600 14020 -1297
-1452 8072 13576 -2167 14097 -1093
-1905 8091 13606 -2118 13881 -769
-2740 7893 13966 -1977 13242 -432
-2698 7138 14078 -644 13301 -679
-2621 6874 14159 1244 13772 -1074
-2094 7153 14337 2954 14540 -1116
-2360 7476 14266 3179 15174 -1188
-3084 8217 14201 2380 15229 -1601
-3932 8989 13878 651 14591 -2242
-4203 8859 13880 -1122 13434 -2604
-4224 8568 13848 -1988 12550 -2660
-4082 8388 13896 -2202 12115 -2466
-3893 8156 13785 -1942 11964 -2170
-4005 8020 13683 -694 12197 -1970
-4410 8124 13874 217 12543 -2021
-4900 7989 14491 813 13115 -1889
-5500 7969 14972 1410 13687 -1750
-5804 8176 15032 1607 13703 -1675
-5926 8194 14905 1883 13167 -1701
-5854 8145 14453 2361 12101 -1723
-5776 8066 14130 2929 10827 -1721
-5494 7634 14208 3498 10076 -1584
-5440 7367 14508 4571 9810 -1403
-5946 8041 14465 5069 9650 -1684
-6892 9176 14372 4245 8999 -2368
-7529 10057 14106 2622 7746 -3125
-7998 10726 14053 532 5918 -3406
-7850 9897 14210 -783 4238 -3290
-7577 8904 14422 -866 3059 -3120
-7468 8284 14702 -180 2728 -2909
-8016 8240 15112 511 2874 -2969
-9024 8957 15650 397 3152 -3331
-9841 9688 16094 -771 3355 -3797
-10270 10177 16402 -2428 3307 -4157
-10216 10101 16474 -3851 3137 -4350
-10070 9709 16390 -4452 3052 -4067
-9864 9086 16292 -4139 3075 -3515
-9600 8273 16177 -3002 3056 -2902
-9620 8057 16010 -1480 2898 -2363
-9842 8365 15777 -290 2530 -1942
-9994 8768 15497 224 1934 -1768
-10057 8978 15488 60 1343 -1748
-10045 9228 15418 -541 900 -1652
-9972 9186 15277 -1289 693 -1596
-9658 8936 15146 -1744 716 -1541
-9537 8713 14976 -1871 818 -1468
-9422 8660 14854 -1823 985 -1348
-9252 8465 14744 -1736 1152 -1167
-9426 8393 14752 -1633 1212 -1059
-9305 8129 14818 -1404 1364 -856
-9152 7916 14913 -982 1390 -625
-9073 7652 15048 -510 1190 -360
-9110 7569 14926 -1 679 -261
-8930 7646 14764 464 288 -254
-8762 7765 14742 603 -238 -281
-8754 7756 14672 459 -731 -333
-8645 7588 14670 403 -941 -376
-8566 7508 14658 500 -911 -572
-8702 7729 14612 390 -526 -814
-8870 7670 14678 151 -218 -930
-8821 6776 14778 453 98 -688
-8721 6609 14890 1385 240 -421
-8629 6965 14806 2381 177 -320
-8558 7610 14744 2852 -191 -548
-8584 8188 14646 2524 -844 -657
-8676 8693 14402 1534 -1540 -561
-8440 8564 14237 354 -1965 -527
-8161 8142 14188 -283 -1983 -568
-8036 7758 14212 -518 -1668 -557
-8032 7556 14218 -436 -1077 -547
-7973 7660 14182 -293 -554 -536
-7852 7721 14226 -274 -252 -607
-7884 7784 14181 -270 -64 -608
-8084 7862 14121 -290 -23 -551
-8177 7977 13990 -274 -67 -399
-8333 8116 13858 -368 -207 -307
-8396 8153 13753 -493 -506 -197
-8454 8081 13612 -549 -885 2
-8460 8018 13508 -455 -1216 189
-8348 7873 13337 -311 -1524 403