2048 7829 15317 387 4543 -409
1622 8314 15760 312 4254 -763
1192 8440 16124 310 3686 -878
1010 8416 16362 329 2684 -883
1126 8468 16412 307 1896 -788
813 8584 16549 306 1201 -917
661 8673 17098 188 -69 -1134
729 9124 17464 -109 -1520 -1144
464 9432 17550 -685 -2513 -1285
734 9048 17582 -1170 -2962 -1531
1008 8816 17433 -828 -2545 -1665
882 8644 16728 -560 -2128 -1598
1478 8850 15574 371 -97 -1754
1420 9250 14869 822 2241 -1860
1805 9009 15097 782 3734 -1642
1485 9174 15676 482 4240 -980
1109 9364 16013 -229 3837 124
1014 8713 16670 -1221 2994 782
789 8126 16888 -2317 1598 1027
530 7548 16513 -2618 14 951
346 6718 15670 -1831 -1017 802
460 6813 14893 -883 -1323 812
778 7338 14641 -152 -917 976
1009 7565 14665 623 -153 1206
785 7405 14914 1221 55 1130
830 6901 14842 1627 308 791
872 7110 14904 2190 62 439
1113 7653 15093 2176 -697 264
1246 7694 15476 2154 -1474 11
1784 7005 15796 2224 -2010 -305
1714 7153 16494 2208 -2594 -224
1786 7661 16892 2801 -3354 33
2449 8172 16401 4282 -3212 332
3032 8700 15642 6494 -2261 1352
2634 9597 14714 7989 -380 1878
2152 11156 14169 6683 1506 1788
1502 10888 14062 3872 2370 893
954 9652 13592 2195 2229 -812
1065 9822 12536 1930 3914 -2798
212 11377 13016 850 5404 -3515
220 11770 14277 509 5226 -3185
477 12010 16342 -1848 3061 -2522
-473 11510 18126 -4764 -1431 -2671
733 10034 17137 -5136 -3101 -3069
1285 9861 17046 -5808 -2939 -3364
1269 9168 16725 -6409 -2482 -3361
1901 8710 17058 -5528 -1574 -2658
1194 8825 17274 -4757 -1282 -2338
1042 8229 16780 -4128 -1336 -1646
1428 7562 16380 -3233 -873 -570
1246 7678 16568 -2000 -886 611
1057 7808 15966 -715 -832 1232
1298 8433 15193 121 -29 1525
1433 8680 14436 -92 770 1368
1446 8805 13810 -791 2169 1006
1436 8119 13394 -788 3730 791
-316 6592 13586 -554 3880 670
-1137 6782 14454 66 1934 875
-80 7968 15233 1002 695 1291
625 8486 15440 839 651 1261
310 8094 15385 179 773 630
369 8177 15917 302 609 685
896 8618 16368 754 647 1464
1328 8526 16134 713 950 1833
1413 8326 16325 874 683 2067
1684 8096 16037 1883 418 2420
2486 8221 15668 3480 786 3029
2388 9090 16148 3738 651 3211
1804 10030 16702 1424 -1235 2412
2160 9564 16941 -1957 -2866 1316
2180 9889 17128 -4594 -2833 375
2381 9533 17130 -4323 -2378 359
2196 9278 17142 -2685 -1324 569
1822 9400 17396 -1262 -368 357
1603 9345 17740 -225 -716 -20
1554 9410 17764 862 -1107 94
1586 9393 17236 986 -1262 508
1893 8866 16024 917 -204 638
1880 8744 15140 880 1182 493
1657 8868 14480 816 2280 487
807 9124 13857 363 3029 126
504 9138 13454 108 3702 -899
156 9344 13597 -1132 3278 -1352
-16 9649 13698 -2670 3119 -1576
-108 9784 14604 -4549 2582 -1546
22 8581 14776 -5121 1276 -1738
493 7541 14640 -4009 1411 -2176
663 7868 14296 -2747 893 -2305
364 9391 14748 -4372 1792 -2814
390 8964 16210 -6598 1109 -3083
516 8302 17043 -7351 -777 -3017
944 8024 17864 -7230 -1924 -2412
868 7828 18632 -6953 -3328 -1666
598 7858 19190 -6933 -5299 -873
1570 5945 18097 -6117 -6216 -421
1304 4722 17285 -4978 -7470 -128
2248 4713 15664 -2404 -6708 909
2517 6211 14728 1976 -2874 3009
1463 7147 15035 2496 -1576 3731
1385 7062 14950 1606 -1183 3112
1073 7494 15262 75 -1393 2800
942 7229 15366 -1317 -2309 2258
1101 6506 15446 -1685 -3295 1335
1589 6040 15912 -1521 -4727 658
1994 5432 16150 -667 -5500 408
2819 5190 16564 1629 -5451 496
3631 5572 17123 4494 -4489 667
3461 6429 17850 4230 -3677 2
2730 8895 16740 3340 -2215 -1010
3653 8444 15833 9519 -78 44
4559 8356 14815 9903 2011 -325
4555 9035 14116 4149 4450 -1457
3650 9678 14442 1365 4916 -1440
2006 9578 14771 209 2688 -1242
324 9424 14036 189 1186 -1651
-420 9813 13576 2200 2513 -1851
-289 10408 15235 4126 1273 -1609
1884 11454 16469 235 -1499 -1352
2253 9641 15858 -3188 -2295 -2078
4087 8500 14655 -3100 1645 -2311
3234 8878 15669 -5928 3786 -1541
2300 8041 16592 -7464 3295 119
3101 6041 16416 -728 3774 1610
645 7327 16101 -1156 2606 2881
453 4843 16128 -2289 1032 2578
1638 5274 15702 482 -386 1617
2206 6248 14781 3470 311 488
1633 6028 15229 4609 890 -1368
1642 4632 14776 6836 1564 -3573
2060 4119 15546 9535 1893 -5355
162 7951 16831 5495 -2085 -5708
2641 5734 12560 9311 -3681 -3550
1626 8324 9384 12738 1010 -2940
349 11153 9337 7261 3767 -3403
1239 12215 10447 -1503 5343 -3226
1218 11053 12208 -6643 4798 -2119
44 10077 13141 -7057 3594 -2355
-610 9341 13202 -5602 3917 -3457
-291 8753 14179 -4448 4795 -3726
165 8881 14948 -2812 5435 -3648
240 9274 15208 -1993 5805 -3619
-28 9481 15366 -1782 5980 -3605
-172 9586 15384 -1625 6262 -3479
-165 9294 15208 -1316 6960 -3278
-419 8914 15024 -913 7847 -3073
-805 8688 14624 -808 8444 -2738
-909 8409 14446 -808 8654 -2819
-1060 8428 14514 -968 8596 -3032
-1293 8563 14550 -1645 8633 -3449
-1546 8590 14814 -2610 9061 -3850
-1892 8370 15017 -3460 9698 -4218
-2502 8452 15303 -4750 10519 -4431
-3024 8472 15349 -5525 10334 -4158
-3409 8368 15334 -5508 9671 -3726
-3646 8229 15260 -4986 8899 -3163
-3686 8025 15346 -4121 8130 -2590
-3820 7729 15593 -3184 7308 -1986
-4242 7820 16032 -2684 6650 -1640
-4747 7964 16485 -2643 5566 -1353
-5108 7899 16558 -3005 3785 -1286
-4992 7804 16421 -3314 2323 -1256
-4536 7612 16284 -3267 1126 -1097
-4048 7544 16280 -3188 925 -831
-4084 7782 16776 -3001 1524 -927
-4257 8133 16989 -3205 2425 -1088
-4481 8384 17054 -3465 3793 -1110
-4481 7877 16882 -2949 4770 -651
-4189 7100 17114 -1259 5482 92
-4316 7058 17506 877 5829 602
-4520 7192 17774 1763 5583 640
-4806 7468 17894 1647 5142 453
-4776 7464 17942 890 4267 165
-4747 7275 17859 51 3581 -229
-4476 6855 17816 56 3299 -471
-4208 6434 17669 727 3060 -554
-4295 6609 17649 1479 2808 -532
-4435 6946 17558 1810 2374 -546
-4537 7078 17482 1767 1872 -613
-4518 7008 17356 1688 1638 -719
-4519 7136 17335 1608 1574 -876
-4700 7541 17326 1383 1593 -978
-4787 7427 17210 1109 1465 -881
-4905 7381 17022 1257 1315 -720
-4914 7284 16918 1669 1179 -520
-4981 7097 16853 2188 1013 -431
-5010 6898 16736 2551 955 -398
-5103 6966 16582 2865 931 -501
-5042 7308 16363 2941 749 -734
-4930 7740 16036 2664 526 -836
-4890 7929 15881 2239 274 -889
-4867 7647 15626 1989 61 -941
-4699 7338 15626 2344 148 -971
-4674 7562 15569 2790 260 -983
-4716 7981 15452 2849 308 -1006
-4800 8566 15390 2419 190 -947
-4812 8884 15410 1785 43 -815
-4650 8643 15617 839 73 -384
-4195 7485 16103 870 385 49
-4180 7196 16544 1472 620 119
-4399 7528 16943 1465 576 -149