1838 8784 15837 -1111 2716 -1108
3419 8878 17505 -3587 1356 -974
3616 8144 17499 -6138 2386 -1538
3518 8094 17481 -6837 3753 -1775
3625 7132 17308 -5886 4684 -1471
3735 6826 17218 -4168 5436 -1434
3360 7236 17665 -2991 4603 -415
2532 7032 17992 -2631 3321 186
1313 6325 18056 -2988 625 778
1410 5978 17446 -2943 -1558 674
2134 5948 16742 -919 -1119 158
2297 6134 16826 1495 -846 -472
1935 5841 16660 2920 -476 -1571
2401 5642 16660 4538 -706 -1893
2293 6748 17073 3758 -1496 -1349
2090 7288 17348 2247 -3385 -297
3095 7205 15748 2623 -3745 981
3411 6659 13996 5401 -435 1944
2600 9114 13336 5094 2798 1327
609 8707 13012 1857 1241 -605
768 8672 11515 804 4624 -3180
433 9799 13290 -1627 4574 -2965
1629 8474 15428 -3766 2490 -2728
2040 7746 16486 -4918 814 -2768
2420 7340 16927 -5178 329 -2595
2427 6476 17159 -3962 1390 -2470
2118 6703 17308 -2541 2470 -2511
1442 7460 16940 -2685 2938 -2877
1372 7456 16760 -3268 3154 -3182
1369 7197 17058 -3597 2702 -2709
1389 6554 17006 -2628 2034 -1728
1268 6613 16668 -1143 1694 -1067
938 6749 16637 -689 1824 -1497
722 6133 16812 -681 1711 -2083
717 5440 16913 -232 1458 -2599
902 5997 17061 498 1226 -2009
830 6814 17848 601 -92 -942
1198 6854 17570 1224 -1623 82
2426 6842 15949 3344 -1325 406
2465 7429 14229 4727 161 476
2014 8352 13136 4435 2086 243
944 8719 13251 3483 3949 -773
278 9312 14132 2235 4979 -1373
15 9166 15930 988 2805 -533
225 8397 16906 239 -373 -348
665 8028 16924 417 -2482 -236
873 8130 16446 1402 -3009 89
1211 8308 15904 2520 -1408 -124
1754 8250 15458 3618 962 -662
1803 8654 15791 4427 3236 -190
1542 9026 16657 3903 3511 890
800 9034 17151 1687 1369 1128
1056 8158 16919 593 -955 1060
1146 7990 16556 300 -2155 1311
1361 8004 15394 680 -1956 1347
1566 8554 14940 1014 -769 1630
911 8704 15291 290 -790 1876
789 8154 15684 -230 -1508 1777
921 7769 15938 49 -1673 1265
858 7758 16560 417 -2004 826
980 7932 16788 798 -2231 227
1455 7586 16728 1950 -2075 -222
1746 8565 16724 2294 -2221 203
1746 8837 16146 2079 -2195 324
2048 9706 15274 1295 -1329 445
2498 9789 14449 310 439 743
2546 9362 14346 -323 2203 771
2192 9258 14462 -1301 2716 573
1389 8855 14044 -1939 1851 129
1233 8701 13629 -996 3193 -747
176 9715 14952 -1260 3045 -1542
711 10002 15866 -3231 997 -1952
1407 9544 16462 -6239 -271 -1944
1631 8581 16809 -8255 -936 -2059
1708 7869 16370 -8583 -1379 -2379
1990 6480 15301 -6066 7 -2453
2221 7519 15518 -3521 1334 -1953
1104 8876 16053 -3877 917 -1114
1380 8425 17169 -4589 78 -490
1137 8216 17351 -6995 -1303 -201
1540 6689 16805 -7295 -577 -648
1918 5876 16584 -5609 603 -618
1636 5848 16389 -2833 1895 -435
1336 5712 16710 -83 2201 -204
1077 5550 16984 1737 1836 -263
985 5493 17325 2687 509 -352
1098 5946 17576 1956 -1227 -263
1383 6470 17031 1011 -2326 -272
2457 6564 15461 2224 -323 616
1718 8145 14866 2895 2483 1363
1241 9377 14785 1470 3515 1398
1152 9078 14648 -399 4084 1155
1282 7885 14548 -2313 4736 206
736 7411 15067 -3222 4291 -1129
680 7988 14934 -3237 3832 -1872
334 7997 15166 -4019 3861 -2127
93 7145 15476 -3608 3805 -2687
328 7402 16096 -3902 2895 -2985
609 7492 16136 -5633 2463 -2876
469 7036 16861 -7068 2902 -3142
1114 6141 17549 -5534 4690 -3182
16 6615 18408 -5019 4361 -2868
300 7100 18204 -4677 4857 -2559
591 6989 18696 -5405 5868 -1557
-1420 3594 19226 -5936 7178 -2298
-2406 1754 17912 -2793 3501 -1687
-584 4147 16912 -490 992 -174
206 5150 16620 2600 2266 1527
-960 4687 16493 2937 1223 1576
-997 4684 16396 2297 -340 1444
-715 4607 16043 2855 -348 1022
-1058 5076 16070 2335 -506 350
-740 4569 16032 1850 -1273 -724
200 4436 15754 2906 -2783 -934
-138 5100 16400 2922 -3504 -805
-374 5572 17634 1001 -4756 -849
-8 6080 16735 1208 -8465 -764
1658 6090 14970 4343 -8874 472
2008 6301 13448 6133 -5464 1757
854 8853 12917 3905 -471 1284
63 9160 13573 -367 2896 -278
-66 8084 14450 -2700 4713 -1404
-540 7384 14684 -3306 4230 -1803
-368 7072 14817 -2606 3963 -2025
-568 6794 16034 -1980 1339 -1782
132 6741 15500 -1694 188 -1517
-246 7002 15932 -1988 769 -1816
246 7120 17210 -3264 1257 -2242
525 6856 16853 -4817 2564 -2771
694 6348 17766 -5163 3304 -2997
418 5957 17547 -4448 3051 -2736
495 6447 17143 -3583 4491 -1858
394 6590 17265 -3185 4991 -1211
458 6662 17532 -3101 4471 -711
-369 5662 17173 -4298 4109 -590
-1930 4119 16836 -4620 2739 -461
-1292 4005 16223 -1477 1655 -53
-800 4657 16091 1816 2497 783
-1688 5365 16850 1871 1358 810
-1407 5065 16393 1727 324 429
-896 5213 15425 1842 686 333
-766 5774 14554 1522 1768 213
-920 6328 14342 769 2836 -16
-1108 6482 14198 -50 3797 -304
-1180 6348 14348 -895 4409 -468
-1230 6159 14758 -1728 4757 -486
-1552 5705 15104 -2241 4901 -473
-1989 5174 15657 -1866 4886 -487
-2313 4896 16182 -1344 4566 -508
-2488 4689 16575 -869 4059 -632
-2532 4744 16770 -532 3406 -835
-2470 4962 16624 -464 2947 -987
-2489 5218 16452 -535 2846 -1122
-2522 5304 16372 -720 2897 -1174
-2551 5185 16404 -853 3191 -1181
-2791 4978 16547 -698 3717 -1109
-3135 4936 16832 -516 3968 -1117
-3479 5101 16785 -477 3655 -1219
-3602 5220 16553 -523 3179 -1291
-3649 5199 16363 -307 2814 -1282
-3688 5289 16282 14 2702 -1168
-3658 5380 16109 266 2690 -1055
-3409 5388 15928 440 2755 -935
-3141 5286 15737 828 2902 -780
-3152 5268 15632 1030 2939 -701
-3172 5448 15536 1142 3033 -766
-3365 5492 15476 1165 3103 -931
-3630 5406 15343 1307 3035 -988
-3856 5236 15077 1808 2848 -1036
-3996 5321 14745 2401 2588 -1095
-3946 5565 14410 2660 2371 -1127
-3942 5774 14132 2704 2291 -1143
-3863 5891 13952 2692 2362 -1231
-3885 6172 13741 2462 2692 -1317
-3904 6249 13858 2116 3389 -1281
-3907 6169 14081 1920 4446 -1075
-3962 6212 14436 1875 5288 -925
-3974 6164 14547 1880 6105 -852
-4153 6321 15087 1916 7038 -842
-4308 6288 15646 2447 7418 -943
-4650 6648 15932 2855 7751 -915
-5018 6666 16958 2724 8072 -817
-5374 6807 17933 1920 7913 -754
-5557 6748 18631 952 7205 -976
-5784 6742 18877 169 6199 -1271
-5823 6637 18784 -239 5112 -1378
-5881 6534 18545 -152 4283 -1177
-5862 6452 18400 203 3783 -954
-5977 6529 18198 500 3388 -771
-6177 6665 18092 548 3047 -632
-6162 6490 18029 606 2742 -519
-6308 6561 17844 620 2445 -495
-6389 6601 17533 482 2145 -536
-6384 6537 17441 386 1787 -677
-6550 6444 17270 374 1460 -805
-6664 6417 17106 391 1110 -846
-6681 6377 16864 439 770 -856
-6644 6380 16840 439 481 -834
-6553 6386 16598 451 258 -852
-6497 6456 16410 391 78 -852