-1275 9857 16281 -1094 -10743 3821
-1240 10200 16284 -1180 -10888 4202
-729 10069 16079 -1830 -11087 4325
-158 10158 15734 -2431 -10585 4394
135 10433 15631 -3423 -9875 4371
181 10464 15623 -4789 -9449 4302
209 10060 15720 -5398 -9748 4463
365 9851 15647 -5249 -10436 4995
710 9446 15490 -4667 -11277 5418
1186 9425 15114 -4083 -11852 5553
1296 9698 14960 -4263 -12073 5625
1702 9355 14676 -5193 -11880 5426
2308 8560 14305 -5886 -10674 5049
2651 8339 13872 -6122 -9435 4985
2972 7674 13378 -6119 -8558 4873
3290 7112 13174 -5604 -8095 4977
3455 6541 12982 -5123 -8383 5225
3794 6102 12458 -4583 -8926 5293
4137 5664 11997 -4234 -9294 5114
4673 5200 11500 -3604 -8960 4449
5005 4992 11411 -3256 -8003 3326
5176 4614 11486 -2884 -6520 1936
5100 4796 11834 -2871 -4992 962
4800 4902 12196 -2797 -4003 503
4712 4720 12446 -2282 -2752 281
3950 5195 13050 -2119 -1609 -19
3620 5390 13850 -2846 -1821 -638
3757 5119 14273 -2632 -2657 -699
4361 4766 14588 -544 -3044 184
4815 4693 14441 1915 -2415 802
4652 5707 14077 3030 -457 -293
4314 7473 13721 3827 1219 -291
4878 7733 13138 4688 2888 59
5216 7512 12803 2896 5103 -1151
5334 7628 13086 -271 6688 -2573
5336 7404 13445 -2108 7035 -2829
4909 7167 13547 -2978 6886 -3024
4341 6649 13107 -2862 6766 -3811
4190 6802 13418 -1186 9048 -4487
4082 7628 15126 -1833 9266 -4282
3750 7954 16130 -3904 8436 -4451
4631 6714 15942 -4908 9660 -5462
4936 6744 16439 -5782 12562 -6329
5332 5891 16358 -5133 14921 -6176
4940 4380 16593 -2482 15347 -4904
970 3737 18610 -168 11196 -4680
480 5698 19491 2843 5048 -4199
1007 6442 18097 5674 4050 -3342
260 6517 17968 6935 3498 -2799
-382 6728 17764 7608 2280 -2569
-392 7391 17506 8076 432 -2350
-124 7878 17221 6676 -1667 -2175
130 7678 17253 5376 -3170 -1710
273 7893 16701 4321 -3510 -1118
730 8417 15780 3091 -2456 -653
1153 8869 15657 1367 -770 -190
1317 8884 15533 691 476 833
1588 8730 15026 1340 1550 1933
1767 8267 14420 1438 3389 2724
1380 7840 14458 355 4310 2675
857 7622 14906 -1422 3574 1953
4 7492 14804 -2734 2676 416
40 6872 13974 -2545 3194 -1633
538 7312 14175 -3134 4876 -3011
557 7155 15805 -3998 4006 -3047
1077 6701 16328 -3417 2822 -2415
1712 6642 16044 -2138 3327 -1441
1924 7412 16362 -2492 4240 -326
1072 8092 17698 -5232 4206 -142
1220 6866 18724 -6696 1994 -351
2552 6212 18067 -1636 2066 -14
1104 8176 18554 -1164 888 1021
551 7197 18451 -1138 -1010 1636
416 6175 17400 338 -2989 1233
778 6705 17648 2499 -4398 824
1209 6684 17409 4842 -5764 233
1530 6379 17033 5565 -7198 -257
1785 6724 16806 5838 -8364 674
2376 7092 15702 7294 -8781 2154
2449 7540 13759 8878 -7379 3648
2136 7504 12200 9590 -3913 3290
1177 9781 11997 7003 -1437 2006
942 10258 11672 2444 783 613
1075 9258 11592 -469 2313 -727
1067 8622 11337 -1583 2989 -1564
709 8330 11950 -1800 3214 -1790
608 8715 11895 -2216 3471 -1513
1432 8176 12439 -1970 6357 -2251
1901 9382 14138 -2996 8713 -2832
1654 9838 15213 -5923 9964 -2696
1604 8960 16308 -7320 10127 -2728
1640 8048 16930 -6858 10964 -2277
-137 6439 18629 -5684 9448 -472
-1797 5236 19585 -4235 6120 -486
-1630 5110 19968 -2025 2369 -813
-421 6183 19875 435 -251 -576
-586 6657 20158 2083 -2246 -112
-575 6247 20767 4387 -6155 -88
631 6208 19369 8878 -10674 338
841 6680 16184 12757 -12671 420
1233 8461 14421 11884 -10825 1110
1570 9273 13134 9254 -8271 1368
1456 10421 12490 5595 -5272 1456
1814 11327 12605 518 -1897 1859
1512 10068 13108 -3321 -16 1550
1285 9078 12654 -3959 1677 319
1705 8808 13042 -3727 2763 -505
2204 8505 13298 -3006 3284 -610
2328 8398 13232 -2397 3702 -400
1807 8398 12908 -1903 4498 -79
840 8550 12714 -1964 5166 -108
221 8846 12505 -2078 5300 -441
-412 9091 11952 -2582 5610 -759
-656 8752 11638 -3143 5965 -938
-889 8413 11428 -3158 6240 -1003
-1161 8098 11401 -2922 6707 -1121
-1425 7928 11473 -2343 7288 -1175
-1595 7586 11636 -1293 8573 -829
-1560 7232 12145 -127 10229 -209
-1793 7198 12490 710 11568 674
-1801 7005 12834 1636 12196 1153
-1670 6718 13117 2349 12508 1130
-1684 6756 13660 2862 12727 845
-1820 7022 14192 3099 13253 489
-1930 7299 15123 2536 14366 -147
-2747 7676 16348 753 15528 -1041
-3492 7910 17044 -824 15962 -1380
-3989 8093 17648 -1406 15673 -1295
-4536 8210 18206 -1484 15183 -1133
-4828 7934 18461 -982 14536 -1066
-5234 7689 18549 60 13608 -1066
-5706 8096 18574 783 12659 -1053
-6119 8460 18446 812 11511 -1108
-6525 8853 18531 20 10057 -1157
-6723 8851 18485 -1055 8885 -1349
-6698 8673 18284 -1850 7905 -1603
-6230 8217 18045 -1682 7164 -1734
-6628 7988 17544 -1519 6686 -1027
-6863 7775 17234 -1261 6096 -1592
-6423 7494 17113 -840 5677 -1302
-7080 7923 17095 -1032 4926 -2037
-8160 8589 16672 -3005 4223 -2406
-6688 9661 16906 -1802 4209 -819
-7649 7561 16876 -3462 4612 -276
-5498 7256 16938 -2845 4276 -1787
-6739 6824 16481 -1524 3583 -1567
-6717 6864 16089 -88 3686 -896
-6753 7177 15930 333 3558 -577
-6732 7617 15649 1012 3085 -806
-7044 8193 15510 514 2582 -1157
-7174 8350 15376 -373 2302 -995
-7040 8384 15161 -908 2029 -998
-6938 8158 15038 -1032 1840 -1077
-6928 8053 14784 -862 1697 -1156
-7061 8096 14588 -670 1577 -1060
-7016 7974 14546 -413 1495 -904
-7132 8053 14474 -292 1463 -850
-7212 8277 14348 -369 1526 -791
-7433 8370 14280 -605 1520 -616
-7613 8576 14214 -896 1474 -539
-7536 8282 14149 -983 1453 -467
-7437 8001 14009 -780 1456 -282
-7382 7758 13968 -420 1481 -32
-7390 7706 13972 -140 1544 124
-7388 7682 13989 -44 1655 203
-7525 7814 14014 -190 1810 207
-7433 7708 14094 -459 1911 47
-7426 7614 14016 -728 2111 -65
-7401 7446 14021 -845 2422 -63
-7405 7308 14118 -852 2806 9
-7446 7113 14316 -812 3113 76
-7458 6969 14594 -742 3243 95
-7642 6884 14716 -682 3220 38
-7892 6898 14832 -658 3153 -57
-8069 6966 14936 -767 2934 -192
-8128 7038 15052 -990 2668 -375
-8252 7013 15118 -1105 2483 -506
-8278 6825 15222 -957 2386 -611
-8318 6697 15206 -590 2326 -602
-8273 6646 15156 -204 2159 -588
-8326 6737 15152 61 1930 -661
-8409 6833 15050 201 1660 -798
-8490 6713 14994 414 1390 -1135
-8313 6777 14945 629 1198 -1437
-8169 6945 14840 616 994 -1517
-8221 6833 14893 755 755 -1464
-8392 6853 14818 1070 556 -1266
-8498 7132 14610 1284 503 -1145
-8482 7293 14462 1297 388 -1122
-8534 7378 14340 1151 209 -1154
-8502 7584 14290 842 147 -1229
-8350 7544 14277 491 126 -1271
-8244 7308 14378 306 118 -1304
-8106 6989 14556 293 194 -1258
-7974 6464 14857 606 389 -1188
-7978 6226 15168 1309 538 -1109
-8142 6288 15350 1938 625 -1024
-8372 6550 15382 2236 477 -1099
-8666 7036 15304 2078 41 -1254
-8858 7354 15121 1612 -659 -1437