-10478 4398 13148 -195 -67 -168
-10562 4525 13230 -156 -32 -172
-10610 4710 13149 -266 75 -205
-10638 4582 13073 -402 205 -242
-10622 4526 12956 -547 261 -244
-10565 4414 12878 -647 308 -266
-10552 4304 12776 -752 322 -272
-10568 4144 12782 -910 252 -276
-10524 4000 12750 -1010 201 -314
-10633 3900 12722 -940 126 -408
-10580 3900 12838 -805 90 -498
-10742 4045 12897 -770 119 -598
-10789 3969 13006 -817 153 -623
-10848 4010 13081 -822 256 -597
-10828 3961 13074 -833 370 -564
-10873 3876 13085 -812 468 -484
-10848 3809 13034 -727 574 -398
-10972 3782 13097 -548 650 -323
-10882 3652 13009 -357 686 -255
-10840 3636 12984 -189 683 -176
-10830 3674 12965 -165 701 -133
-10801 3617 12912 -202 612 -91
-10726 3624 12874 -244 499 -39
-10744 3705 12880 -302 398 43
-10753 3652 12897 -294 345 74
-10716 3676 12888 -310 280 86
-10717 3741 12960 -335 285 111
-10828 3804 13048 -348 287 115
-10742 3790 12988 -332 286 83
-10748 3844 12924 -308 319 69
-10710 3817 13028 -230 278 65
-10744 3758 12995 -36 294 28
-10721 3722 13012 119 305 57
-11018 3784 13046 272 391 33
-11214 3821 13093 443 565 56
-11456 3704 13242 630 876 168
-11897 3585 13438 1048 1257 387
-12232 3046 13401 2126 1411 504
-12416 2565 13760 3972 1537 526
-12841 2117 14157 5860 1308 799
-13705 1984 14764 7724 372 1262
-14969 3496 15341 9382 -949 2457
-15768 3314 16185 11496 -1755 2954
-16805 6352 17680 10912 -3601 3118
-17480 8933 19338 7245 -7514 3658
-17288 10340 19854 3384 -12371 2972
-17444 10064 20749 -1316 -17309 1400
-16305 10244 20136 -5016 -21746 390
-15530 9217 19784 -6114 -25641 -115
-14484 7825 19900 -7019 -29791 -612
-12930 7778 19329 -7691 -32390 384
-12197 6874 18337 -6667 -32768 1206
-11718 6292 17584 -4920 -32768 1668
-10230 6277 17309 -3573 -32768 2942
-9020 6444 17177 -3250 -32768 4218
-7350 6020 16492 -3010 -32768 5080
-5860 5420 15548 -1956 -32741 6022
-4190 5733 15182 -1745 -31559 6594
-3184 5932 14390 -3013 -28686 7843
-901 5866 12830 -3103 -22562 9756
461 4228 10530 -2906 -15862 12350
1598 2744 9842 -6348 -10077 13845
1184 3182 9730 -10671 -5528 14676
286 3452 9050 -12254 -3462 14613
-511 3666 10493 -11735 -5455 11687
-374 1735 10784 -7445 -11143 7034
1270 1993 9325 -2101 -13264 4486
2570 708 8142 2005 -12255 3308
3349 20 8249 4698 -12676 2697
2374 61 10641 5440 -15105 2293
2274 1552 11473 3740 -17114 1949
3706 1412 11402 2236 -15195 1841
5617 94 11318 3668 -10726 1463
5892 78 11688 5041 -6299 1907
6102 1096 11725 5793 -4657 2004
5845 2714 11866 7224 -4974 1758
3768 5684 13018 4518 -5557 1311
4072 6513 13905 -2478 -5714 -47
5793 6320 13849 -9449 -5751 -858
4181 6038 12845 -10056 -4993 -1610
1988 4501 12184 -3545 -3520 -1444
3509 3301 12893 1259 -979 927
4462 4820 13712 244 1540 2409
5042 5034 13689 -884 6434 2937
5066 2990 12237 1001 12714 3469
5234 -522 13592 361 17702 -150
4058 4894 20469 -12918 19724 -1365
3670 7322 19990 -14780 18797 -207
2249 -4057 18866 -5861 13749 -2558
216 -2189 18514 3107 10335 -1331
-1737 1800 19018 6708 10076 -60
-1290 3877 19157 6250 9375 -828
-814 2968 19709 5409 7165 -1823
-986 945 20500 6630 2856 -2166
-593 2278 20058 8101 78 -1630
-874 3222 19936 8673 -2624 -1565
-101 4250 20532 7221 -5819 -1012
516 4101 19248 5835 -6420 -1225
1602 3084 17692 6301 -6647 -1167
2097 4202 16682 7654 -7091 -595
1686 6030 17188 5534 -7637 -131
1958 7238 17758 108 -9147 -379
1992 7844 17878 -5167 -10654 -398
-262 7094 16533 -5548 -11934 -1254
30 7042 15348 -3731 -11380 -212
1126 6417 14420 -805 -9741 1451
2721 5808 13949 927 -6765 3326
3553 5441 13714 -1100 -1842 3993
4253 4744 14225 -4624 3479 4414
5542 3878 14296 -5187 6636 4126
5542 2449 16037 -4311 8012 2342
4120 2465 19162 -6784 7162 -500
4686 6284 19452 -9458 5973 788
3233 528 16968 -4340 2605 -2801
2764 -418 15196 412 820 -3448
2522 174 14270 5179 2306 -2377
1825 533 14713 6464 2832 -2762
1713 1040 14376 6530 2689 -3712
2450 794 13984 6098 2998 -3037
2721 1858 13648 6496 2868 -1503
2816 2964 14020 6878 2652 -840
2439 5081 14858 5385 2930 -1042
2472 6154 15087 497 3250 -2362
2856 6210 14838 -3846 3189 -3050
3153 5380 14374 -6669 3368 -3399
3194 4041 13267 -6798 3846 -3486
3073 2944 12401 -4801 4856 -3086
3149 2145 11982 -1706 6384 -2779
3044 1872 12030 640 8442 -2720
2532 2925 12572 1748 11308 -3178
2037 3675 12642 2457 15871 -4954
1108 4344 12613 2747 22591 -7325
392 4517 12242 3543 28268 -9075
-544 4477 11672 3865 31486 -9609
-1276 4621 11617 3398 32767 -9207
-2352 4421 11342 3144 32767 -8094
-3906 3884 12081 3630 32767 -7432
-5125 3981 12934 3877 31607 -7192
-6108 3913 13200 3689 29635 -7054
-7084 3985 13478 3566 27554 -6974
-7596 4798 13781 2939 25212 -6696
-8738 5172 14253 1966 22697 -5984
-10118 4984 14421 2336 20027 -4781
-10546 5113 14826 3562 17201 -3332
-10936 5353 15354 4478 14468 -1569
-11112 5592 15790 4719 12120 334
-11161 5714 16273 5208 10491 1797
-11430 6500 16445 5541 9423 2560
-12714 8413 17402 5051 9486 2548
-13933 10482 18160 2875 9925 1412
-14609 10857 18633 217 10290 -155
-15094 10793 18538 -2102 10184 -1418
-14774 9274 18076 -2906 10262 -1970
-15830 9848 18224 -3894 10419 -2050
-19078 13213 20929 -10653 5632 -3407
-15497 6618 18620 -10706 674 -2442
-13046 1336 18000 -5559 -1738 -1137
-12816 1282 16234 -1596 -1588 168
-11120 1312 15222 668 -993 844
-10898 821 13928 2078 -159 996
-10594 965 13212 3612 513 849
-10537 1960 12845 3978 1353 483
-10517 3081 12713 3337 1816 142
-10533 3561 12686 2205 1725 -98
-10405 3646 12629 1214 1329 -359
-10229 4092 12700 488 1095 -636
-10256 4553 12841 -23 1267 -850
-10178 4953 13029 -376 1368 -908
-10208 5190 13309 -535 1351 -784
-10378 5525 13681 -371 1161 -436
-10570 5694 13832 219 861 -120
-10556 5976 13934 819 698 107
-10558 6297 13865 1218 551 337
-10528 6476 13572 1490 412 608
-10472 6556 13173 1490 347 853
-10425 6469 12852 1496 287 928
-10216 6406 12525 1295 295 847
-10114 6292 12322 925 349 745
-10069 6100 12121 543 373 608
-10133 6052 12169 242 471 400
-10164 6133 12217 -184 563 270
-10124 5829 12345 -458 656 153
-10221 5509 12601 -334 708 241
-10536 5509 12918 -443 830 323
-10644 5237 13120 -622 778 297
-10708 5190 13230 -625 646 161
-10734 5232 13236 -601 528 47
-10608 5116 13112 -459 483 29
-10453 5177 13005 -327 422 81
-10385 5222 12884 -142 327 40
-10380 5537 12736 -271 322 -7
-10468 5506 12761 -491 351 -49
-10502 5401 12565 -757 254 -93
-10498 5450 12450 -865 100 -185
-10445 5556 12394 -1126 -49 -190
-10396 5477 12405 -1311 -229 -225
-10345 5666 12417 -1605 -417 -332
-10230 5842 12460 -2024 -622 -504
-10180 5850 12520 -2418 -853 -597
-10138 5805 12461 -2547 -1015 -693