277 6526 15736 1948 2598 1638
104 6872 16152 1778 -78 427
425 6395 16754 1796 -2544 -423
1197 5621 17103 1768 -3795 -1418
1394 6263 17303 852 -3733 -1670
2444 6264 15420 3759 -2951 -261
2532 7708 14294 6023 -1138 1226
855 10303 13835 4682 -810 1203
620 9808 13432 834 85 -526
98 10028 14703 -2862 732 -2009
4 9098 15672 -5022 292 -2885
92 8326 15980 -5243 155 -3225
156 7647 16729 -4278 -1113 -3132
358 7328 16465 -2246 -1478 -2670
737 7456 16032 -707 531 -2353
969 7828 15888 -202 2341 -2056
1180 8024 15784 -82 3579 -1743
610 8802 16844 -449 2933 -1034
4 8712 17254 -1011 1336 -483
792 8202 17236 -778 642 43
902 7872 17166 -969 864 552
488 7246 17250 -1486 951 656
53 6689 16990 -1580 1092 467
-13 6576 17115 -790 636 415
361 6975 17069 267 -133 758
352 6814 16862 807 -1167 838
466 6701 16329 1554 -2029 598
984 6574 16321 2232 -3030 544
961 6558 16104 1876 -3406 92
1608 6508 15962 1416 -3056 -221
1738 7301 15801 970 -2386 -49
1753 8328 15212 1025 -1513 630
1392 8664 14408 1008 -303 986
1064 7657 13078 1905 1454 -590
664 7938 13138 1323 3486 -2604
54 9536 14250 -661 3311 -3377
264 9937 14482 -2942 2964 -3701
-45 10161 16105 -6898 2007 -4548
1044 7429 15930 -7469 2206 -5463
2088 6888 15792 -7083 3196 -5927
1301 6928 16228 -8148 4188 -5628
156 6888 17881 -7284 3226 -3869
-374 6288 18116 -6175 1471 -2415
65 5201 18117 -5020 749 -968
310 5110 18265 -3661 189 170
141 5466 17595 -174 291 1518
-567 6381 16617 2287 792 1904
-84 5981 16493 3077 130 603
34 6312 17476 1660 -1771 -13
1464 5208 17549 1099 -3273 -36
2080 4688 16518 1627 -3016 19
2134 5439 14228 5039 -297 905
576 8174 13450 5404 1837 1328
-1221 10433 13298 2124 1271 -19
-1185 10520 14008 -2868 540 -1901
-1102 9364 15740 -7526 -967 -3295
-294 7116 16584 -8604 -2357 -4053
457 6291 16602 -7779 -3033 -4591
596 5176 16357 -5842 -3556 -4313
1052 4768 15788 -3106 -2062 -3579
872 5452 15616 -1184 -373 -2831
748 6950 15960 -581 1769 -1787
990 7298 15824 -1351 3462 -1121
930 7092 16879 -1437 2894 -1093
384 7654 17193 -2450 1919 -716
717 6716 17766 -1907 1696 -355
898 6482 18166 -678 1433 349
-170 5577 17860 -197 375 1186
-836 4810 17422 891 -480 1259
-134 6068 17345 2081 -699 1408
177 6274 17288 2310 -698 1229
287 6012 17039 2616 -540 616
322 6010 17594 3019 -1707 414
668 5984 16909 2359 -2590 -36
1238 6221 16185 1740 -2088 130
703 7153 15243 2117 -2238 1087
641 8388 13946 2620 -656 1496
424 8306 14126 1598 490 1345
213 7564 14570 922 1007 755
95 7661 15238 1085 1278 175
-282 8086 16246 914 296 76
206 7662 16047 608 931 -362
605 7450 15778 589 2241 -787
640 7208 15750 878 2908 -813
964 6985 15376 1507 4413 -523
708 7380 15624 1921 5348 16
234 7742 16293 2078 4953 733
-72 8026 16873 1616 3630 1289
-92 8010 17025 620 2280 1356
290 7904 17030 -643 1491 1177
-54 7881 17185 -2705 922 973
76 7100 16990 -3935 1431 926
-285 6461 17046 -4596 2219 972
-782 6429 17329 -4267 2257 938
-909 6204 17524 -3292 2341 635
-1045 6284 17372 -2267 2198 298
-1042 6284 17732 -1260 1655 79
-873 5895 18280 -709 484 69
-517 6317 18722 -715 -1367 393
2 6002 18525 -600 -2733 618
337 5792 17872 -154 -3655 873
561 5449 16964 2054 -3950 1432
560 6260 15944 4506 -3459 1960
-177 6378 15296 5808 -4198 2053
-460 7018 14052 6782 -4642 1816
-1245 8424 14288 5487 -6453 1749
-1557 8461 15194 2741 -10464 910
-550 7797 15225 1845 -12839 353
194 7076 15610 664 -14813 53
813 6746 14680 -632 -15000 -330
1065 6165 13922 -1823 -13845 -334
1712 5698 12437 -1133 -10342 -337
2792 5681 12233 -23 -6074 132
3176 6150 12408 878 -2208 472
3289 6388 12654 1074 898 564
3254 6513 12926 927 3696 283
2840 6465 13402 780 5879 -127
2678 6496 13794 334 7520 -570
2501 6485 14222 -76 8630 -866
2598 6550 14944 -366 9291 -774
2797 6560 15353 -681 9365 -329
3072 6697 15504 -1046 10087 40
2969 6658 15970 -1600 10872 185
2802 6196 16688 -1571 10700 217
2886 5926 17112 -820 9878 356
2666 5789 17058 386 8733 576
2861 5692 16252 2007 8062 372
2834 5721 15190 3544 8392 -236
2516 6380 14090 4519 9631 -1122
1753 7798 13692 3973 10972 -1910
697 9308 14053 1816 11346 -2269
0 10045 14594 -687 10771 -2398
-208 10066 15178 -2516 9497 -2432
324 9121 15684 -2956 7469 -2238
1068 8049 15696 -2020 5358 -1861
1496 7369 15012 -383 3811 -1208
1384 7062 14581 1204 2759 -848
-221 8168 14757 2185 2407 -966
-1512 9442 15377 1862 2168 -1404
-2070 10193 15985 340 1765 -1849
-2416 10176 16364 -1551 1563 -2195
-2566 9693 16778 -3106 1379 -2513
-2878 9548 16917 -4188 1224 -2705
-3080 9272 17038 -4904 1064 -2663
-2836 8613 16902 -4924 811 -2429
-2769 8080 16704 -4336 518 -2023
-2566 7598 16606 -3440 236 -1509
-2701 7448 16700 -2488 48 -1209
-2809 7540 16696 -1968 -138 -1030
-2817 7465 16718 -1870 -170 -1105
-2882 7338 16717 -1866 60 -1253
-2745 7032 16720 -1706 497 -1391
-2918 6799 16767 -1231 1150 -1460
-3025 6965 16661 -792 1725 -1470
-3114 7098 16604 -624 1973 -1483
-3110 7317 16497 -741 2056 -1415
-2988 7202 16464 -1003 2232 -1333
-2914 6937 16629 -1228 2644 -1264
-2894 6573 16729 -1198 3208 -1182
-3033 6341 16928 -979 3853 -1124
-3185 6353 17102 -775 4491 -1058
-3146 6349 17193 -615 4874 -914
-3213 6520 17220 -544 4945 -772
-3205 6725 17117 -706 4756 -602
-3144 6929 17118 -986 4370 -469
-3156 7065 17085 -1381 3891 -326
-3064 6986 17078 -1690 3538 -177
-2894 6716 17054 -1724 3406 -145
-2774 6518 17121 -1488 3505 -100
-2684 6392 17128 -1154 3740 -67
-2592 6313 17176 -857 3959 -134
-2616 6529 17101 -772 3931 -223
-2717 6764 17082 -943 3833 -355
-2794 6866 17086 -1165 3582 -531
-2860 6761 17021 -1360 3364 -597
-2964 6858 17057 -1424 3261 -671
-3186 7046 17125 -1499 3210 -773
-3294 7125 17074 -1663 3099 -848
-3474 6829 16980 -1714 2865 -711
-3688 6208 16728 -1407 2602 -347
-3689 6057 16601 -629 2434 -68
-3729 6113 16548 28 2302 61
-3740 6237 16553 450 2264 -55
-3809 6464 16525 585 2098 -83
-3797 6510 16456 473 1754 -69
-3729 6532 16380 177 1322 -103
-3685 6557 16261 -230 930 -308
-3717 6701 16052 -687 679 -483
-3777 6757 16022 -1232 585 -588
-3650 6426 16014 -1495 565 -617
-3665 6330 16012 -1446 540 -578
-3768 6384 15981 -1234 460 -508
-3858 6449 16010 -1056 263 -427
-3974 6497 16044 -992 153 -373
-4026 6385 16086 -938 95 -305
-4073 6400 16122 -901 108 -250
-4082 6374 16128 -922 131 -140
-4118 6333 16132 -875 172 32
-4109 6170 16180 -667 300 212
-4117 6070 16165 -414 383 338