2778 6556 13240 -366 -4185 1231
2837 6838 12961 -296 -3207 230
3262 7323 13509 -899 -2193 -165
3252 7386 14236 -1758 -1994 -257
3513 7278 14880 -2693 -2220 -294
3676 7184 15220 -3351 -2589 -344
4122 6798 15403 -3220 -2908 -457
4462 6681 15133 -2509 -3291 -566
4658 7031 14821 -1839 -3175 -523
4659 7514 14822 -2369 -3358 -384
5030 7524 14602 -3121 -3304 -249
5420 7314 14608 -3721 -3031 -129
5596 7018 14597 -3967 -2399 -95
5730 6781 14418 -3883 -1788 -37
5727 6798 14421 -3288 -805 88
5476 6778 14698 -2667 -275 128
5334 6752 14888 -2496 -384 104
4952 6954 14969 -2810 -447 -16
5060 6745 14841 -2799 -276 -80
4996 6645 14831 -2537 22 68
4898 6329 14933 -1980 -186 85
5231 5990 14583 -833 271 94
5143 6123 14674 73 825 238
4845 6249 14537 642 1323 180
4912 6149 14632 1252 2223 -87
4753 5876 14789 2198 3244 -788
4451 5874 15189 2608 3392 -1317
4276 6208 15424 2447 3276 -1425
4274 6796 16344 1940 2589 -1285
4794 7004 16432 1208 1850 -819
5187 6968 15623 2547 2901 -104
4648 8557 14897 6085 4421 1090
4518 8654 14566 7142 6174 1162
4678 7812 14527 4770 7719 647
4297 7950 14186 1184 8111 -391
3496 8384 14560 -1414 7382 -1352
2617 7660 14477 -2604 5060 -2414
2329 7454 13118 -1974 6203 -3636
1462 8314 12984 -1871 8043 -3847
1596 8549 14145 -2126 8771 -2869
1820 8184 16888 -4688 6117 -1756
2816 7072 17037 -5513 4184 -2158
3144 7158 17464 -6119 3169 -2548
3420 7195 16430 -6440 4567 -2586
3348 7489 16712 -6626 7174 -2504
3729 6063 17030 -5042 8240 -1804
3600 6722 17280 -3020 8331 -823
2195 7284 17852 -3188 6597 379
1428 6226 17798 -3433 4846 998
841 5188 17577 -2891 3650 965
642 5538 17800 -1338 2522 840
911 6096 17771 1350 1880 871
916 5945 17372 4588 1328 505
928 5913 17045 6201 827 -9
837 6276 16918 6819 11 -165
720 6732 16994 5832 -1928 -341
1118 6657 17253 5151 -3654 -1061
1786 6850 16632 6561 -3493 -1235
1496 9537 15838 6261 -1490 -143
1658 9676 15379 5120 -343 1220
2465 8769 14292 3780 1020 1675
2357 9247 15039 1680 1207 2685
1242 9708 15818 272 -232 3427
101 9528 15671 -401 -1381 2426
516 8973 15611 -805 -1569 672
1607 8068 15970 -117 -1115 235
1696 8267 16493 -440 -1477 -143
1944 7944 16012 -546 -1873 -991
2060 8396 15750 -651 -1469 -1575
2048 8671 16008 -1268 -1113 -1793
2680 8384 15917 -1740 -700 -1448
2986 8781 16052 -1361 115 -485
3012 8638 15486 -1175 1105 265
2879 9179 15522 -3441 2919 452
2724 8662 16448 -5722 3333 419
2888 7278 17328 -5842 2078 1185
2430 5777 17209 -3258 1573 1229
1382 6866 16640 -3142 748 895
1088 7235 16428 -4485 198 310
1887 6292 16926 -3950 -1053 -129
2090 6137 16562 -2039 -2193 272
1934 6569 15852 -847 -2183 618
1960 6377 15269 426 -1956 555
2233 5904 14904 1604 -1704 199
2368 5366 14741 2475 -1237 -301
2364 5261 14790 3114 -1017 -745
2380 5461 15017 3425 -522 -1052
2158 5666 15384 3023 -161 -1960
2050 6576 15772 1596 -266 -2554
2777 6051 15890 254 -669 -2173
4211 4976 13521 4932 2030 -465
3185 7512 11702 8266 6939 303
2966 7753 11614 6283 10309 -23
2352 8556 11766 2474 11524 -611
1781 9446 12790 -1831 11440 -772
1798 9433 13741 -4985 10178 -608
292 9093 14467 -6113 9150 -849
-1089 8237 15749 -4927 8350 -1595
-1794 8228 16198 -3883 7123 -1872
-1982 8527 16906 -2846 6100 -1688
-1977 8461 17677 -1013 4055 -1247
-664 8329 17431 1048 3665 -1013
-76 7884 18826 2696 3078 -1028
888 7970 19798 3240 1033 -1402
1009 8834 19617 2144 -581 -1794
1334 8736 19032 576 -1495 -2346
1732 8540 17892 367 -864 -2034
2052 8221 16236 599 1415 -1290
1395 9167 16859 -838 2718 -358
126 8790 17926 -3172 550 -45
659 6814 18197 -1748 -2166 253
-359 7115 17996 -1747 -4941 447
605 6998 17141 -1946 -5203 1114
1308 6636 16405 -599 -3990 1557
1344 6466 15930 577 -3132 1461
1159 6709 15137 1796 -2336 1153
1208 6953 14462 3079 -1061 837
1172 6541 13972 3430 -236 543
1102 6294 13832 3438 -70 390
989 5708 15020 2904 -1068 93
944 6836 15536 2437 -2226 -489
1103 6871 17033 1394 -4116 -1364
1072 7532 17146 535 -6248 -977
2627 6653 14977 6212 -4781 1121
2044 7004 13398 13515 -2732 3552
1075 9321 12168 12144 82 4070
754 12461 12620 5234 2464 3842
-1402 12682 13468 1100 1564 1501
-3370 12086 13492 -3011 851 -830
-2166 11104 13760 -5682 1290 -1869
-475 7882 16455 -7863 -955 -2339
1408 8014 15961 -6801 -1996 -2712
1146 8290 16617 -5972 -2700 -3443
1455 8304 16047 -5059 -3071 -4314
1854 9141 15777 -6011 -1428 -4279
1922 9240 13758 -7996 679 -4226
2044 8817 13330 -10976 3937 -4465
2398 8101 13792 -12019 6052 -4168
2536 6314 14549 -10775 7601 -3448
2010 5088 15330 -8461 8465 -3858
1368 5309 15401 -7435 8943 -4126
360 5528 15162 -7326 10064 -4688
82 4878 15493 -7665 11242 -5392
-504 5032 15776 -7516 11364 -5648
-512 4668 15941 -5992 11051 -5035
-648 4216 15725 -2179 10457 -3766
-1361 4193 15201 1156 9650 -3232
-1070 4669 14621 3664 9849 -2770
-2445 6445 16096 2610 9003 -2559
-3522 7274 18089 -292 6317 -2625
-2581 6577 18754 -848 3694 -2404
-1413 5426 17342 3017 3495 -2072
-1361 5964 15797 7186 5192 -1785
-1348 7357 14328 6469 7964 -1730
-1881 7706 14316 3579 9575 -1530
-1689 7990 14698 598 9798 -1106
-1986 8389 15310 -2307 8915 -320
-2210 7178 15734 -2993 7306 282
-4029 6714 15728 -1785 6505 -610
-5086 7196 15797 -1132 6223 -1807
-4925 7088 16190 -1378 5990 -2291
-4358 6532 16662 -1215 5558 -2279
-4012 6356 16944 -643 5230 -2074
-3920 6433 17080 136 4871 -1869
-4122 6848 16925 635 4424 -1846
-4229 7114 16845 656 3893 -1841
-4566 7473 16701 358 3341 -1829
-4676 7409 16372 311 3200 -1760
-4777 7225 16076 563 3610 -1423
-4885 7314 15910 795 4242 -969
-4877 7233 15860 854 4598 -654
-4996 7142 15784 774 4549 -497
-5017 7012 15836 506 4321 -451
-5108 7016 15849 30 3792 -510
-5206 6982 15821 -445 3272 -579
-5224 6858 15836 -734 3046 -579
-5217 6621 15677 -676 3158 -404
-5152 6481 15525 -300 3543 -226
-5004 6325 15506 145 3923 18
-4688 6010 15534 699 4173 201
-4524 6109 15466 1084 4159 239
-4465 6162 15478 1257 4054 105
-4533 6469 15497 1185 4030 -140
-4678 6961 15574 672 3975 -457
-4672 7296 15644 -222 3825 -794
-4652 7226 15738 -1039 3680 -1063
-4720 7064 15864 -1386 3567 -1115
-4764 6844 15984 -1283 3502 -916
-4873 6472 16280 -699 3537 -759
-5065 6349 16425 114 3663 -666
-5262 6426 16660 780 3698 -481
-5298 6222 16882 1356 3757 -363
-5354 6216 17072 1861 3765 -306
-5656 6665 17124 1964 3627 -288
-5761 6858 17093 1663 3303 -368
-5744 6753 17146 1426 2860 -552
-5834 6754 17150 1143 2418 -753
-5984 6769 17153 1026 1903 -938
-6132 6821 16992 930 1336 -975
-6146 6836 16722 838 768 -974