-6434 10720 17533 -6054 -6818 2472
-6198 10242 17576 -5560 -7913 2803
-5874 9820 17470 -4889 -8965 3162
-5782 9776 17344 -4340 -9633 3515
-5663 9684 17309 -3736 -10284 3773
-5172 9467 17232 -3070 -11086 3891
-4808 9406 17135 -2883 -11903 3912
-4408 9334 17115 -3273 -12655 3889
-4116 9265 16778 -4038 -13611 3580
-3462 9174 16334 -4326 -13316 3347
-2920 8920 16270 -4536 -13577 3178
-2690 9016 16014 -5019 -13919 3073
-1732 8718 15698 -6316 -13980 2942
-1054 8673 15574 -8186 -13643 2268
-912 9017 15554 -10109 -13803 1903
-916 8972 15849 -11978 -13882 1357
-858 8141 15951 -13250 -14194 372
-283 6662 15786 -11960 -14043 -557
69 6469 15274 -8686 -13809 -773
-129 6904 14985 -6994 -14029 -51
114 6605 14823 -6570 -14698 1117
648 6110 14557 -6378 -14675 2202
1334 5422 13941 -5731 -14241 2735
2028 5248 13117 -4050 -12757 3042
2549 5110 12516 -2016 -11041 3196
2727 5332 12114 -929 -8776 3208
2836 5424 11921 -921 -7022 3148
2992 5236 11908 -2036 -6195 2610
3092 5289 11861 -3879 -5276 1763
3067 4986 12077 -4413 -4166 1130
2905 5066 12476 -3616 -3234 824
2652 4872 12879 -2199 -2903 509
2918 4482 13080 -567 -2448 441
2815 4683 13171 1306 -1399 536
2572 5414 13444 2603 -275 532
2461 5940 14009 2479 221 493
2360 6037 14298 2078 266 593
2444 6045 14133 1804 533 794
2434 5840 14362 1551 586 1086
2296 5758 14697 1368 40 1028
2564 5108 15012 2002 -1085 819
2821 4918 15100 2973 -1714 711
2921 5109 15278 3763 -1837 558
3249 5050 15408 4246 -1754 381
3616 4617 15552 4640 -1328 -74
3496 5124 15751 4661 -344 -930
3153 6253 16156 2910 -224 -1167
3823 5736 15747 2041 -1180 -607
4377 6087 14508 3570 210 -586
3446 7848 13864 4806 1919 -534
3077 9036 13770 3955 3364 -914
3400 8808 14347 1596 4917 -1358
3942 8317 15130 503 6027 -1404
3922 7948 15738 -83 6267 -1020
4097 7389 16053 -257 6346 -383
4017 6895 16530 2215 6135 913
3542 7537 16508 4613 5562 2195
2708 8422 16260 4738 5120 1958
2213 9108 15892 3565 5179 364
2593 9396 16284 1069 4725 -529
2727 8612 16512 -976 3705 -693
2809 8096 16544 -1952 3014 -966
2733 7511 16274 -1944 2609 -1240
2848 6778 15549 -280 2871 -1817
3014 7442 14793 -28 5120 -2243
2477 8084 15179 -1433 6098 -2593
2392 8584 15417 -3662 6893 -2845
2416 8436 15776 -5952 6886 -2865
2189 7157 15648 -7420 7434 -3327
2428 5849 15750 -5289 9061 -5037
2546 7117 16235 -3134 10017 -4319
1166 7580 16320 -3895 10158 -3453
662 7482 17232 -5263 9336 -1734
-302 6410 17882 -5762 7374 -1041
-834 5278 18320 -6142 5179 -1011
-933 4404 18643 -5001 1581 -1260
394 5258 17849 -341 -29 -663
445 5464 17820 3980 -417 262
17 5385 17817 5167 -1988 -117
-217 5449 18200 5673 -3633 -739
-81 5951 18844 5244 -4974 -1881
180 5909 19260 3801 -6613 -2738
802 5884 18185 2049 -8224 -2672
1986 6345 16269 4225 -7139 -833
1160 8040 15478 7526 -5592 1208
937 9396 14528 7786 -3248 1405
1017 9001 14305 5027 250 475
1205 8468 14590 1703 2569 -521
1339 8407 14574 -1172 3766 -1122
1106 8299 14836 -3386 4949 -1746
1013 7788 15148 -4202 4769 -1876
768 7089 15412 -3704 3723 -1417
480 6728 15564 -2754 2644 -875
-433 6954 16086 -1514 591 -638
-232 7277 15817 0 -852 -629
-96 8083 16214 169 -1595 -462
431 7633 16316 -479 -2292 -559
1332 7314 16106 -410 -1140 -996
1401 6984 16239 -485 -630 -1342
1760 6780 15568 132 951 -1597
2130 6934 15260 1675 3172 -1228
1572 7837 15380 1234 3657 -562
1277 8247 15708 -1188 3301 -653
1114 7880 16045 -3308 2229 -1471
1533 7163 16217 -4154 1541 -1840
1592 6812 16324 -3669 1530 -1968
1172 6811 16161 -3933 2200 -1866
1262 6428 16217 -4517 3995 -1056
438 5826 16430 -4512 4199 -564
128 5411 16235 -3225 4312 -151
426 5551 15801 -1253 4124 372
523 6135 16110 861 3835 768
13 6491 16624 1359 2209 814
-160 6436 16720 1177 815 544
-194 6469 17218 382 -575 -23
514 5400 16881 1541 -1025 -1201
175 5818 17885 2330 -2561 -1809
392 5898 18556 1729 -5173 -1972
1174 5612 18110 1976 -6041 -1952
1973 6078 16848 3569 -5425 -735
1477 6608 15932 6258 -3596 1155
782 8954 15288 6911 -1031 2166
315 9357 15265 4233 1370 1685
512 8910 15453 1136 2372 792
-368 8923 15634 -1455 1790 92
-1188 8278 14763 -1164 902 -1306
-1417 8292 14689 -475 841 -2410
-36 8207 15288 -627 148 -2291
1093 8596 15918 -2643 -629 -1477
1112 8009 15748 -4402 -60 -1617
1530 7546 15700 -5745 1643 -1985
1425 7035 16593 -7143 2325 -2414
2132 5664 16072 -5483 2846 -2450
2148 6482 16348 -4002 4458 -2108
642 6997 16804 -4719 4363 -2067
844 6656 16744 -5576 4246 -2314
348 5968 17628 -6898 3202 -2219
10 5055 17831 -6615 592 -1494
-104 5296 17345 -3844 -17 -285
-402 5725 17281 -1502 -388 543
-529 5150 16862 804 -153 510
11 4443 16724 3836 584 454
-440 4942 18022 4936 29 506
-788 5146 19186 3376 -2931 23
-68 5390 17997 3744 -6210 -557
1252 5222 15764 6687 -6773 482
2001 2984 13047 11838 -2552 1347
1746 7788 11797 9493 -25 1009
2320 12532 10370 3462 2710 2355
220 7696 12966 -747 3789 470
245 7295 13226 -2847 3807 -804
-997 8064 12940 -3861 4493 -1498
-1254 7792 13620 -3947 4629 -1869
-1276 7420 13984 -4295 4539 -2075
-824 6856 14621 -4108 4188 -2269
-180 6247 15538 -2802 3443 -2346
-113 6361 15609 -2003 3332 -2352
-281 6363 15732 -1715 3874 -2432
-552 6568 15708 -1511 4403 -2473
-792 6816 15659 -1424 5006 -2530
-1090 7014 15604 -1592 5494 -2510
-1348 6966 15680 -1855 5628 -2480
-1563 6765 15779 -1858 5503 -2483
-1880 6658 15924 -1929 5055 -2540
-2250 6600 16166 -2032 4884 -2542
-2491 6406 16241 -2112 4977 -2494
-2768 6205 16258 -2021 5091 -2344
-3069 6164 16261 -1782 5190 -2187
-3264 6245 16284 -1588 5092 -2010
-3288 5989 16198 -1413 4893 -1715
-3378 5854 16135 -966 4689 -1457
-3474 5894 16169 -808 4418 -1387
-3479 5776 15966 -838 4324 -1376
-3455 5716 15856 -757 4502 -1427
-3426 5600 15830 -557 4733 -1409
-3510 5652 15710 -231 4961 -1371
-3944 5542 15610 160 4960 -1287
-3814 5194 15582 533 4707 -1299
-4171 5400 15564 805 4614 -1492
-4766 5628 15468 712 4483 -1498
-4828 5132 15160 765 4271 -1158
-4651 5017 14924 1343 4144 -1110
-4364 5377 14630 2156 3953 -1296
-4181 5905 14432 2585 3939 -1517
-4264 6348 14452 2419 3985 -1574
-4268 6448 14329 1890 4211 -1605
-4222 6607 14363 1346 4574 -1819
-4379 6700 14494 861 5045 -1951
-4486 6625 14758 836 5594 -1910
-4664 6472 15116 1318 5968 -1880
-4996 6442 15438 1854 6222 -1880
-5342 6528 15721 1979 6185 -1879
-5650 6651 15832 2130 5759 -1926
-5929 7010 15807 2098 5133 -1979
-6165 7264 15861 1961 4658 -1948
-6257 7216 16053 1898 4560 -1825
-6318 7001 16212 2023 4699 -1604
-6322 6368 16772 2375 4973 -1309
-6428 6045 16914 2893 5076 -1249
-6568 6388 16893 2942 4816 -1352