-13280 9957 16646 2351 2742 -1036
-13950 11076 17494 1176 3197 -1380
-14781 11620 18513 -864 2697 -1473
-15254 11448 20106 -2015 589 -884
-15912 11729 22004 -2589 -3915 -161
-16232 11581 22161 -1683 -8975 765
-15718 11410 21914 320 -14184 1604
-14748 12706 21201 2364 -18497 2961
-14098 12938 21001 2950 -22624 3740
-13485 13321 20416 2370 -26206 4081
-12332 13398 19113 1550 -27524 4312
-11105 13573 18074 422 -27331 4556
-10404 13761 17308 -1727 -27400 4816
-9482 13049 16400 -3279 -27342 4872
-8626 13172 15553 -3833 -26903 5106
-8393 13446 14730 -5053 -26871 5351
-7729 13353 14636 -6149 -26433 5762
-7596 13273 14434 -7277 -25974 6087
-7208 12865 14261 -8705 -25463 6163
-6705 12294 14034 -9411 -24502 6573
-6453 11910 13945 -10270 -23667 7325
-6130 11165 13645 -10036 -22962 7901
-5530 10081 12609 -8814 -22677 7974
-4610 10049 11484 -6575 -21578 8377
-4089 9640 10621 -4300 -20795 8715
-2954 9049 9521 -1825 -20105 9220
-2056 8052 8841 156 -19892 9651
-1320 8074 7958 919 -19338 10026
-632 7896 7256 405 -17674 9608
166 7848 7220 -884 -15403 8591
346 7752 7276 -2758 -12522 7378
345 7356 7422 -4396 -9726 6113
210 6925 7485 -5414 -7629 4868
56 6517 7752 -5405 -5835 3944
136 5740 7666 -4836 -4381 3239
294 5342 8142 -3943 -3589 2874
264 5128 8941 -2672 -3924 2974
290 5256 9566 -1618 -4596 3102
-372 5645 10521 -1449 -5186 2624
-400 5824 11648 -1453 -5482 1818
-158 5826 12241 -1864 -4880 702
-9 5945 12789 -2305 -3189 -168
416 6108 13309 -2467 -1670 -352
938 5972 13657 -2338 -745 -214
1080 5921 13996 -1206 -809 62
1338 5928 13734 1529 -521 149
1784 6266 13933 5718 59 499
1817 6676 14592 8181 428 692
1978 7176 14629 8363 980 374
2229 7977 14217 5971 1973 -609
2232 8288 13536 2993 4419 -1942
2082 8701 13294 907 7944 -2945
1874 9236 13381 -247 10673 -3153
785 9222 13706 -595 11841 -2315
21 9002 14318 -196 11174 -1386
-1044 9073 15358 432 8225 -1035
-1433 9301 15592 1523 4540 -1211
-577 9428 15345 2650 2047 -1632
296 10382 15296 1772 1913 -1815
32 10577 16408 -789 1910 -2039
1516 9554 16998 -3352 2194 -2881
2466 8196 15800 -4626 6055 -4047
2518 7682 15392 -5916 9852 -4201
1625 7716 15590 -7513 11952 -4557
1728 7124 15856 -7636 11719 -4105
1856 7581 16612 -6948 10249 -3896
12 9558 18829 -9753 6031 -2871
-2361 5497 21217 -13969 -517 -3229
-1161 116 21962 -11784 -10053 -4428
1597 2720 19409 -7093 -14055 -2843
2804 5736 15789 -2716 -8453 -369
2348 5325 15577 201 -2416 1176
1456 5834 15897 1782 487 1144
1358 6074 16169 3421 1616 648
1204 5654 15822 4914 2122 -195
1690 6526 15964 5111 2378 37
993 8012 16192 2575 2334 747
1002 7580 16526 20 1730 1202
1453 6513 17085 -1009 1098 1019
1752 6146 17897 -1276 -223 985
1746 5905 19278 -1878 -3764 1861
2333 5406 17890 288 -6907 2424
2876 5632 14808 6149 -4284 2258
3552 5638 13776 8858 -192 4317
2188 7506 13909 7356 1865 4390
1133 8920 13214 3597 3044 2918
973 7992 13386 347 4552 815
688 7342 13338 -369 5262 -639
218 7728 13681 -42 6127 -911
-324 8668 14380 -727 5652 -579
254 7897 15523 -2574 4434 -516
886 6530 17477 -3518 1297 -1509
1236 6381 17119 -4302 -300 -1887
1760 6206 16534 -3886 1976 -2188
1594 6182 16837 -3094 3410 -1587
1345 6717 17232 -2732 3571 -572
1869 6225 17229 -1303 3956 509
1339 6395 17935 -371 3072 1656
64 5585 17750 -1011 1718 1625
-371 5065 17836 0 159 1034
488 5570 17514 2607 -151 769
439 5366 17216 6360 659 525
36 5896 16304 8697 1451 -147
-180 6961 16665 8466 901 -485
-377 8326 16590 6232 144 -864
270 8637 16394 3737 -585 -524
664 8396 16300 1811 -947 91
600 9428 16012 1122 -1663 920
1672 10354 16319 -2059 -3780 4528
-864 8103 15170 -1715 -5060 4844
-1676 7808 13904 -276 -3135 759
-239 7924 13345 -585 -218 -2036
318 9287 14239 -3183 1754 -3347
62 9144 15220 -6489 1513 -4186
-156 8606 16062 -8195 246 -5172
336 7703 16353 -8760 -1862 -5957
1392 6569 16454 -7548 -2730 -5668
1181 6116 16302 -5289 -2709 -5241
2041 6300 15466 -3474 -558 -4356
2158 7192 15294 -2376 2019 -2715
1791 8218 15040 -2573 4172 -798
352 8413 15464 -7110 6119 -861
-770 7402 18407 -13333 1939 -1093
1635 2488 17307 -6655 -14 20
-80 5001 17237 -3650 -1583 63
-16 4572 16641 -2842 -1333 37
803 4272 16550 -46 -1012 613
1006 4848 16460 1540 -1170 998
1019 5344 16118 2198 -813 1133
948 5076 16276 2843 -600 621
1280 5004 16304 3547 -348 -170
1163 5218 17160 3848 -1127 -1073
2089 4194 16769 6334 -1345 -369
1946 6239 14932 8821 -1036 803
2302 6669 12626 9755 1298 1604
2346 6986 11430 8630 3461 2083
1806 9387 11550 3726 4815 3530
332 9846 13224 -1181 3964 4396
-1854 9370 13140 -1231 3806 1667
-1347 8325 13829 -1941 3882 -549
-322 7223 14610 -2046 3836 -635
-169 6512 14795 -998 4814 -500
-656 6492 14764 -393 6004 -868
-661 6712 14808 74 6605 -1184
-238 6650 14706 750 6715 -1033
-141 6822 14433 1079 6748 -845
-596 7194 14326 572 6785 -1001
-980 7442 14137 -295 6747 -1296
-1156 7437 14006 -852 6808 -1428
-1409 7092 13704 -1098 7034 -1457
-1700 6790 13682 -1242 7092 -1473
-1942 6810 13575 -1274 6941 -1510
-2058 6774 13432 -1235 7023 -1419
-2060 6335 13701 -979 7569 -1303
-2030 6132 14022 -560 8617 -1144
-2265 6122 14334 -356 9695 -1221
-2648 6208 14676 -494 10341 -1381
-3301 6394 14863 -1118 10460 -1801
-4110 6476 15149 -1993 10043 -2364
-4354 6580 15443 -2705 9607 -2654
-4663 6348 15638 -3178 9331 -2683
-4737 5986 15758 -2971 9435 -2596
-4994 5997 15881 -2694 9525 -2568
-5440 6408 15768 -2576 9455 -2545
-5805 6928 15654 -2696 8940 -2306
-5902 7093 15773 -2936 8513 -1958
-6126 6944 16034 -2876 8370 -1588
-6468 6936 16104 -2702 8404 -1334
-6443 6229 16380 -2305 8583 -1122
-6399 5675 16671 -1534 8599 -831
-6608 5958 16453 -1299 8177 -710
-6292 5932 16372 -1253 7806 -571
-5817 5299 16526 -754 7906 -399
-5894 5196 16544 -294 8129 -389
-6311 5325 16764 -41 8198 -534
-6862 5549 17085 -269 7937 -807
-7129 5540 17437 -486 7677 -944
-7276 5478 17672 -474 7542 -950
-7425 5484 17774 -343 7268 -912
-7736 5574 17918 -237 6799 -929
-7830 5666 17888 -88 6350 -931
-8096 5809 17828 96 5610 -958
-8156 5884 17743 125 4678 -901
-8122 5666 17821 245 4174 -811
-8160 5630 17750 419 3859 -753
-8112 5634 17515 677 3469 -682
-8149 5715 17285 805 2841 -600
-8132 5667 17048 878 2342 -579
-8217 5837 16849 914 2058 -562
-8259 5850 16536 857 1690 -564
-8552 5605 16253 808 1264 -491
-8644 5500 15953 991 907 -427
-8633 5354 15641 1379 519 -416
-8341 5518 15257 1754 73 -451
-8140 5760 14903 1962 -347 -453
-7920 6117 14567 1880 -419 -420
-7997 6264 14444 1379 -248 -471
-8133 6185 14310 822 -56 -535
-8170 5732 14200 752 152 -556
-8233 5777 14185 887 130 -623