-8198 6166 16118 1848 -723 2413
-8084 5708 16054 2396 -834 2981
-8690 5512 15913 3055 -1136 3715
-8381 4830 15490 4116 -1702 4428
-8526 4958 15170 5250 -2507 4921
-8441 5217 14816 6318 -3335 4837
-8208 5594 14400 7242 -4252 4622
-7827 6343 13906 7300 -5447 4631
-7064 7048 13439 6136 -6571 4226
-6501 7438 13276 4932 -6830 3645
-6356 7660 13277 4200 -6567 3361
-6305 7552 13418 3851 -6126 3091
-6284 7494 13258 4016 -5718 2625
-6068 7914 13233 4608 -5074 2489
-5800 8473 13748 5031 -4962 2849
-5781 8961 14304 5083 -5341 3469
-5636 9717 14926 5008 -5942 3990
-5637 10640 15756 4482 -6532 4071
-5416 11445 16624 2964 -7203 3791
-5074 11988 17297 416 -7749 3246
-4750 11714 17746 -2310 -7891 2868
-3790 10694 18168 -3353 -7214 2857
-3154 10000 18906 -2743 -6229 3410
-3258 10548 19986 -1944 -5355 4114
-3098 10901 21186 -1481 -5384 4716
-2932 11094 22069 -1686 -6164 5029
-2893 11186 22340 -2380 -7323 5216
-2580 10796 22334 -3185 -8712 5385
-2286 10413 21897 -3293 -9970 5553
-2229 10014 21628 -3265 -11436 5619
-2081 10045 20782 -3007 -12470 5587
-1933 9917 20066 -2684 -13040 5655
-1737 9974 19540 -2853 -13273 5797
-1678 10102 18569 -3628 -13268 5767
-1496 10085 17741 -4301 -12671 5684
-1244 9804 17302 -4704 -12135 5685
-1150 9364 17033 -4906 -12099 5791
-902 8649 16362 -4461 -12074 5781
-548 8257 15837 -3345 -11972 5920
-336 8349 15274 -2638 -11963 6070
-161 8232 14890 -2433 -11774 5909
245 7960 14349 -1910 -11210 5679
504 7822 14033 -1714 -10585 5412
677 7904 13501 -1836 -10115 5285
858 7830 13260 -2350 -9671 5276
1222 7312 13008 -2655 -9451 5331
1802 6625 12621 -2573 -9192 5458
2293 5936 12152 -1956 -8935 5490
2709 5585 11694 -1160 -8652 5369
2882 5749 11097 -716 -8219 4959
3086 5697 11029 -840 -7680 4270
3408 5646 10790 -1154 -7011 3698
3532 5700 10830 -1544 -6182 3119
3421 5713 11028 -1937 -5044 2534
3282 5574 11268 -2075 -4029 1888
3091 5504 11896 -1882 -3125 1122
2961 5273 12502 -1522 -2479 327
2994 5397 13262 -994 -2276 -247
3258 5270 13782 -515 -2364 -820
3306 5909 14348 -607 -2810 -1216
3631 5432 15396 -254 -3285 -1370
4138 5123 16116 714 -4097 -802
5182 4368 15237 3818 -3115 -929
5146 6206 14587 6456 -416 -1501
4943 7603 13774 7650 2544 -905
4121 9164 13424 6433 5208 -1369
3107 10301 12955 1877 7001 -2791
2413 10213 13716 -2496 8290 -3819
2222 9670 14628 -5052 7683 -3919
1845 8553 14945 -6282 5785 -3682
1696 7876 14764 -6034 4588 -3434
1742 7468 14824 -4242 4038 -2975
2226 7664 15582 -2645 3354 -2156
2800 7324 15796 -2530 2393 -1810
3189 6902 15683 -2286 2481 -2038
3150 7316 16018 -2995 4342 -2991
3470 7396 15450 -4469 6213 -3430
3870 7129 15586 -5496 8666 -3716
3824 6689 16101 -6639 10828 -3883
3188 6421 16563 -6969 11037 -3580
2202 5117 16818 -6360 9549 -3009
1294 4528 17057 -5119 7202 -2643
414 5005 17460 -3141 2703 -2354
761 5605 17050 -668 416 -2181
727 6050 17334 315 22 -2484
1014 5428 17490 1588 -844 -3249
1317 5265 17925 2744 -1838 -3798
1644 6142 17768 2412 -2948 -3477
2199 6532 16586 3380 -2567 -2491
2237 7234 15728 4795 -1368 -639
1762 8320 14693 5522 719 -107
1376 9500 14616 4256 2021 -442
1138 9476 14638 2054 3235 -1025
1228 9164 14886 -181 3706 -1471
1172 8543 15214 -1560 2883 -1659
684 7988 15325 -1888 982 -1679
873 7622 14767 -617 59 -1516
537 7808 15127 645 -1149 -1226
1373 8000 15185 1254 -1232 -942
1593 8992 16214 -239 -1577 -587
1343 9373 16239 -3746 -1598 -939
2409 7429 15877 -5837 7 -1723
3292 5905 16656 -3929 1509 -1339
2682 6522 16156 -1884 2139 -779
2414 6870 16077 -1145 2726 -398
2081 7030 16285 -1194 2466 -282
1344 6606 16332 -2179 1677 -323
703 5870 16317 -2131 1575 -685
443 5602 16679 -821 926 -1290
502 4894 16714 858 565 -2153
945 4960 17438 2354 -554 -2313
1206 5631 17591 3171 -2023 -1637
2480 5036 16119 5737 -324 -366
2540 5645 14614 9383 3663 1022
1657 8077 13813 9672 6297 867
1373 9378 13617 7734 7854 275
1010 9265 13893 5013 7798 -120
776 9528 13892 3679 7803 -234
-672 9854 14679 1901 5184 -235
-1510 9913 14609 1661 2354 -604
-1342 10093 15749 1244 627 -1274
-568 9544 16364 -631 -2192 -2357
622 9322 16612 -2395 -2076 -3070
1720 8930 15940 -4501 -554 -2410
1467 8016 15936 -7250 2803 -1774
652 7336 16936 -8016 4220 -1365
1214 5965 17018 -5224 4766 -544
658 6290 17718 -3600 4389 8
-409 6868 18281 -4219 2711 343
-681 6290 18391 -5305 899 109
-468 5639 18071 -5427 -200 -586
-637 5957 17802 -4839 -499 -906
-560 5984 17572 -3360 -343 -804
-166 5625 17518 -1219 -670 -357
138 4603 17086 1349 -906 -250
160 4932 17082 3571 -630 -387
-260 5793 17584 3595 -1418 -762
356 5526 16836 4244 -1645 -1123
768 6033 15906 5174 -590 -691
1074 6633 14824 6625 1183 130
671 7747 14054 6907 2811 208
366 8688 13888 5240 3515 43
49 8842 13913 2941 3654 -395
-690 8173 14025 772 2590 -1116
-966 7922 13262 861 2141 -1801
-1188 8916 13104 2022 2383 -1932
-301 9353 14422 760 -147 -1785
-48 9449 15816 -2881 -3668 -1866
529 8334 15862 -4459 -5122 -2462
1468 6908 15749 -4247 -5055 -2605
1903 6672 15263 -817 -1904 -2200
965 8097 16070 469 839 -1206
-73 8466 17200 -936 1116 -391
-103 7663 17252 -2219 131 -96
-57 7168 16798 -2152 -236 -178
288 6806 16166 -1056 193 -306
532 6745 15680 669 1442 -264
145 7273 15741 1596 2608 -106
-104 7098 15892 1416 3138 -179
-376 6788 15786 1101 3462 -474
-780 7025 16017 563 3598 -882
-1176 7192 16512 -277 3056 -1341
-1072 6488 16788 -588 2732 -1945
-936 6420 16333 -583 2701 -2607
-938 6797 15429 -734 3301 -2665
-1040 6952 14666 -71 4174 -2350
-1346 7508 14080 -203 5513 -2141
-1891 7801 13669 -2291 6041 -2261
-2262 7784 13541 -3134 6854 -2607
-2873 7986 14132 -3596 6843 -2403
-2982 7834 14666 -3743 6564 -1964
-3069 7360 15625 -3570 6541 -1437
-2812 6476 16673 -3045 6404 -1180
-2862 5908 17238 -2408 6118 -1019
-2463 5501 17457 -1313 5490 -1215
-2609 6226 17156 -654 4707 -1612
-2586 6648 16716 -518 4211 -2000
-2737 7064 16268 -451 3974 -1911
-2696 7286 15991 -369 3857 -1645
-2732 7516 15788 -322 3719 -1549
-2651 7780 15840 -508 3576 -1487
-2677 7818 16090 -802 3579 -1503
-2721 7574 16462 -969 3850 -1520
-2884 7584 16628 -1063 4072 -1547
-3051 7434 16662 -1039 4165 -1464
-3196 7352 16661 -940 4125 -1322
-3373 7235 16566 -753 3892 -1079
-3588 6749 16534 -170 3664 -685
-3796 6708 16560 562 3422 -521
-3868 6828 16477 834 3162 -609
-3991 7302 16233 535 2568 -839
-3831 7408 15710 -490 1872 -1008
-3718 7230 15406 -1188 1546 -911
-3614 6892 15371 -1301 1367 -815
-3628 6976 15561 -1062 1320 -784
-3797 7358 15875 -1700 1281 -908
-3900 7294 16274 -2566 1103 -1137
-3971 6707 16658 -3234 1036 -1294
-3968 6028 16896 -3131 1079 -1314
-4055 5499 16792 -2172 1235 -1277