-10472 5065 12957 -2062 135 97
-10596 5001 13030 -1888 133 214
-10881 4922 13053 -1438 168 215
-11092 5029 13114 -1127 257 125
-11001 5038 13012 -1057 289 61
-10920 4928 12932 -1095 355 52
-10818 4808 12764 -1084 425 88
-10725 4728 12662 -1198 488 150
-10632 4522 12578 -1404 471 218
-10550 4430 12413 -1709 388 292
-10516 4246 12410 -1982 252 460
-10390 3953 12405 -1898 257 534
-10421 3905 12590 -1600 316 488
-10649 3773 12710 -1061 362 144
-10685 3890 13100 -377 320 -218
-10885 4108 13290 92 288 -437
-11089 4240 13396 409 281 -672
-11070 4434 13349 693 286 -774
-11029 4728 13329 666 276 -794
-10856 4950 13086 495 212 -763
-10830 4996 12828 338 214 -638
-10580 4925 12438 279 181 -469
-10422 4990 12469 -11 -103 -255
-10238 5086 12333 -594 -551 -219
-10072 5018 12460 -1345 -870 -359
-9808 4870 12718 -1881 -921 -651
-9800 4865 12924 -2267 -669 -929
-9973 4928 13190 -2446 -120 -1061
-10308 4728 13201 -2381 362 -1154
-10719 4689 13311 -2310 611 -1166
-11031 4697 13233 -2380 648 -1253
-11148 4517 13125 -2280 611 -1221
-11098 4133 13041 -1928 690 -1006
-11101 3705 12955 -1263 899 -731
-11077 3587 12925 -765 1009 -434
-11169 3427 13052 -478 977 -242
-11155 3132 13248 18 861 -110
-10968 3211 13369 467 643 -42
-10834 3362 13349 613 505 41
-10813 3521 13405 722 474 78
-10890 3620 13366 798 478 159
-10888 3674 13361 882 534 253
-10917 3796 13324 951 621 483
-10966 3897 13300 860 735 858
-11001 4026 13412 417 795 1587
-11436 3873 13610 -87 505 2727
-11850 3394 14088 -507 48 4049
-12337 3332 14512 -1484 -363 5830
-13140 2666 14492 -1521 -707 7208
-14026 1488 14469 867 -760 7351
-14938 1558 14894 5101 -208 5962
-15318 3093 15648 8158 208 4391
-15394 5084 16058 9623 -57 3664
-14992 5732 16870 9985 -1625 3115
-14509 8790 18157 6942 -4678 3901
-15784 10697 18838 2039 -8402 3076
-15410 10572 18937 -2204 -12242 1412
-15137 10065 18770 -4731 -15405 148
-14406 9308 18553 -6457 -18359 -717
-13004 8506 17989 -6996 -20776 -432
-11996 7485 16698 -6282 -21931 473
-11529 6481 15648 -3771 -22320 1081
-10904 6477 14993 -1328 -22196 2005
-10009 6786 15360 -576 -22675 3080
-9265 7288 15485 -917 -23268 3748
-8278 7250 15102 -1904 -23318 4054
-7082 6869 15396 -3632 -22940 3881
-5984 7072 14416 -5720 -21944 4037
-4680 6020 13886 -6049 -20684 4254
-4305 4623 13653 -5404 -19623 4547
-3808 4150 13898 -3191 -20723 5494
-3701 4025 14364 -702 -21961 6302
-3717 3989 12682 2420 -20311 6787
-2110 1050 13125 7452 -22152 7851
-836 1772 12703 10512 -22658 8557
-420 1742 11520 13013 -22407 7538
608 4897 10814 12073 -20637 8811
1471 4160 10365 11220 -17687 7819
2293 6774 10302 6276 -13867 6075
2708 8322 11158 -57 -12439 4277
3448 7692 12068 -5169 -12569 2605
5140 6287 12261 -10631 -13075 1819
4806 6028 11566 -12898 -12884 1145
2644 6276 11297 -11670 -11118 1274
3557 4957 10980 -8756 -9033 1623
3162 4616 11084 -6016 -7569 2511
3046 5695 11417 -4457 -4078 4247
4944 4981 12997 -6188 175 4368
5201 5118 13288 -9301 1433 3773
6094 4940 12276 -8288 5186 3870
5814 2916 12096 -3532 9771 3598
6425 -2113 11282 4262 14784 699
5081 1170 18938 -4390 15207 -1475
2640 11949 19460 -12081 14981 -246
1516 173 17750 -7793 9418 -2990
312 -1079 17311 2265 4771 -1940
196 2020 17042 6885 3838 -241
449 3532 17469 5379 2794 -1289
490 2996 18168 3795 1043 -1337
875 3693 18368 3541 -511 -686
1316 4572 18096 4064 -1282 -456
1569 6000 18119 1590 -1045 -348
1496 7082 17908 -2939 -1456 -983
844 6907 17074 -5408 -2000 -1437
126 6278 15704 -2932 -2167 -1142
230 6026 15780 -575 -1991 -165
1364 6481 16093 -667 -516 1707
2065 4985 15241 1558 2074 3281
3994 1668 13576 6764 5783 2667
3686 3449 18408 -4756 9340 37
2436 11371 18174 -17069 11341 978
3070 -1084 15904 -9397 11339 -2068
1576 -752 16434 842 11378 -2185
-607 3069 16860 4658 11109 -1854
-1332 3160 16126 6193 10097 -1804
-845 1720 15932 8966 7536 -1085
-380 2492 15666 9829 4332 -710
-64 3883 15242 7770 3360 -1126
687 3779 15098 5120 2769 -1522
1141 3780 14741 3366 2489 -1710
1906 3878 13564 2871 2783 -1744
1980 4594 12754 2781 4339 -1470
1265 5439 12327 2775 6345 -1454
442 5887 12332 1962 8576 -2705
172 5428 12012 1713 10153 -3740
-53 4910 12004 2055 11516 -4347
-58 4464 12453 2828 13700 -5367
-544 4660 13381 3093 16125 -6837
-925 5686 14212 1348 16838 -7573
-2144 5273 14211 205 17657 -8243
-3290 5305 13846 1082 18965 -8814
-3932 5054 13274 1945 19891 -9300
-4224 4326 12630 3343 21122 -9336
-5317 4313 12093 5000 22494 -9022
-5838 4036 12085 6905 23738 -8684
-6857 5364 12268 7699 24748 -8151
-8965 7030 13254 7006 24948 -7954
-10392 8405 13952 5444 24373 -8068
-11386 8408 14604 4034 23075 -8148
-11808 8206 14798 2812 21549 -7985
-11964 7269 14664 2727 19981 -7547
-11500 6620 14653 2564 18419 -6580
-11410 6401 14402 2323 16912 -5176
-11874 6184 14318 2665 15718 -4104
-12851 6582 14479 3179 14539 -2967
-13197 6672 14469 3668 13206 -1832
-13828 7193 14373 3996 12370 -1096
-14524 7902 14354 3779 11704 -584
-19114 10153 18769 3446 9067 1183
-25528 12100 20196 800 -1236 951
-20016 12064 21232 -6503 -8183 572
-16681 8261 18096 -9221 -10022 950
-13149 4012 15193 -4356 -8784 770
-11677 4561 13606 -1190 -6072 1526
-11046 4277 12178 33 -3503 717
-9962 4069 11478 590 -1289 273
-10060 3672 11166 1575 626 309
-10193 4056 10709 2367 2300 273
-10894 4840 10988 2394 3005 -168
-11488 5733 11252 1804 2821 -336
-11980 6170 11422 1057 2327 -579
-11664 5838 11656 904 1637 -758
-11024 5762 12178 1115 910 -558
-10469 6122 12417 1195 412 -79
-10140 6545 12609 800 194 363
-10076 6436 12849 427 136 509
-10441 6518 13062 284 247 463
-10582 6708 13089 169 370 222
-10636 6736 13036 132 501 45
-10878 6704 12926 45 621 59
-11044 6441 12656 -8 598 71
-11079 6316 12294 -159 460 56
-10953 6037 12076 -318 271 121
-10831 5959 11946 -517 70 318
-10926 5940 11890 -601 -17 520
-10937 5866 12013 -458 -118 607
-10982 6076 12195 -227 -77 502
-11066 6362 12288 -246 10 421
-11017 6409 12414 -396 63 351
-11068 6404 12479 -492 159 258
-11052 6454 12345 -478 329 243
-11016 6456 12300 -521 418 377
-11026 6481 12302 -663 457 448
-10954 6488 12268 -883 452 521
-10812 6394 12150 -1118 341 649
-10700 6341 12196 -1268 251 732
-10624 6033 12110 -1040 -56 678
-10661 5937 12066 -518 -299 756
-10936 5997 12337 -218 -169 823
-11016 6146 12440 -152 -179 552
-11078 6181 12506 -158 -174 386
-11125 6249 12509 -162 -89 230
-11008 6202 12353 57 -33 120
-10898 6334 12201 231 -82 61
-10810 6546 12032 190 -326 -84
-10670 6769 11993 -89 -624 -237
-10462 6989 12028 -572 -989 -373
-10332 7157 11997 -1246 -1456 -481
-10152 7317 11973 -2045 -1900 -591
-10184 7361 11846 -2723 -2314 -749