2389 10494 13918 986 -5203 6141
2153 10469 13909 708 -5488 6549
1958 10378 14013 134 -5619 6737
1872 10221 13989 -453 -5574 6740
1863 10062 14269 -1121 -5125 6527
1598 9998 14734 -1625 -4434 6018
1483 9874 15184 -2118 -3920 5438
1217 9876 15506 -2577 -3564 4992
1204 9622 15702 -2553 -3594 4853
1260 9613 15800 -2051 -3724 4847
1234 9604 15874 -1829 -4430 5064
1679 9225 15684 -1936 -5450 5203
2298 9065 15426 -2336 -6029 5173
2867 8633 15269 -2742 -6194 4935
3257 8386 15116 -3225 -6295 4803
3610 7958 14865 -3531 -6349 4742
4100 7684 14399 -3270 -6246 4457
4709 7485 13724 -2178 -5414 4231
4904 7842 13414 -1543 -4680 4149
4977 8341 13204 -1964 -3920 3964
4986 8519 12987 -3400 -3188 3432
5174 8257 12927 -5048 -2562 2888
5240 8120 13022 -5808 -2215 2597
5220 8078 13010 -6141 -1831 2386
5312 7946 13140 -5356 -1007 2283
5196 8233 13688 -4635 -447 2636
4977 8145 14389 -4831 -98 2888
4760 7973 14973 -5432 187 2951
4517 7466 15436 -6025 339 2721
4518 6788 15471 -5526 1513 2032
4149 6984 16044 -4223 2562 1646
3438 6677 16213 -3311 2164 1509
3446 6058 16022 -2287 1586 1327
3557 5623 16033 -970 555 1185
3748 5350 15410 369 -386 1295
3921 5448 14772 1214 -519 1537
3755 5972 14396 1880 -843 1673
3805 6116 14220 1565 -955 895
3996 6076 14368 813 -1345 31
4323 5949 14347 168 -663 -863
4434 5567 14005 0 389 -1519
4441 5526 14114 640 590 -1865
4233 5844 14376 1003 134 -1825
4020 6064 14648 770 -192 -1924
3964 6086 15061 409 -280 -2337
4133 6256 15065 -276 -131 -2689
4213 6720 15254 -1026 219 -2513
4021 7130 15718 -1135 349 -2122
3964 7358 15796 -1190 177 -1736
4238 7350 15546 -765 651 -1664
4493 7518 15132 1305 1334 -1228
4502 7719 14392 4197 2482 -850
5005 7651 14165 2787 3736 -1339
5314 7417 14253 388 4271 -1756
5002 7913 13882 -1408 4385 -1763
4435 7283 13698 -2765 3762 -2183
3887 7343 12690 -1737 4786 -2755
3157 8474 13426 -1651 6201 -2448
3280 8767 15532 -4146 4822 -1721
3653 7771 16864 -6199 2338 -1639
3900 6881 17080 -6366 2247 -1957
4208 6602 16633 -5864 3798 -2263
4324 6420 15918 -4428 6777 -2874
4767 6217 15940 -3312 9831 -3482
4365 6000 16301 -2802 10279 -3560
3185 6181 17226 -2420 9200 -3193
1868 6353 18189 -2751 6157 -2532
1851 5118 18853 -1618 2179 -2074
2220 5266 18569 539 -758 -1659
2393 5516 18184 2007 -1391 -1605
2409 5532 17752 3349 -849 -1779
2623 5887 16681 4490 588 -1891
1823 7351 16927 1981 458 -1866
2056 7098 17184 190 -384 -1451
2616 6798 16238 1187 -283 -558
2708 7090 15328 2438 652 330
2758 7418 14778 2591 1665 494
2804 7321 14420 1869 2795 166
2604 7254 14234 820 2906 -316
2292 7267 13801 26 1558 -929
2217 7356 12997 -543 1794 -1897
1834 7762 13194 -768 2564 -2189
1880 8029 14049 -1223 2608 -1965
1918 7736 15498 -2034 1389 -1836
2406 7842 15781 -3124 1149 -2003
2412 7730 16378 -4190 1126 -2217
2545 7402 16541 -4573 1774 -2483
2884 6864 16619 -4658 2912 -2458
2952 6120 15996 -3279 4829 -1899
2400 6412 15988 -1367 6239 -521
1766 6816 16234 -134 6726 678
1284 6984 16608 185 6304 1195
551 7376 16952 -66 4801 1088
260 7685 17222 -634 2690 444
452 7256 17383 -86 1173 -200
647 6657 17175 920 110 -908
1134 5992 17074 2184 -484 -1139
1498 6168 17029 3005 -1244 -884
1605 6713 16908 3080 -1707 -274
1930 7086 16604 3276 -1669 422
2104 7570 15997 3508 -936 1134
1946 8101 15652 3115 -76 1454
1838 8253 15182 2244 641 1311
1766 8222 14929 1354 1124 897
1348 7717 14598 848 265 158
1296 7446 13026 1168 560 -1062
1556 8388 12553 1442 2908 -1681
850 9481 13772 -844 2850 -1403
842 9630 15152 -3710 1518 -1266
616 8874 16420 -6333 -319 -1688
461 8232 17330 -8946 -2487 -2041
854 6742 17606 -10235 -4188 -2276
1694 5837 17326 -9767 -4467 -2351
2097 5341 17108 -8538 -3909 -2186
2298 5046 16798 -6413 -2596 -1614
2408 4926 16664 -3998 -1421 -893
2444 4981 16470 -1752 -517 -221
2384 5356 16337 -260 -59 204
2364 5576 16050 573 230 270
2196 5757 15697 1007 469 -54
2154 6166 15417 922 677 -612
2006 6598 15125 258 1636 -1159
1926 6760 15401 -895 2421 -1377
1889 6386 15582 -1693 2769 -1197
1981 5969 15285 -1510 3199 -868
2042 5609 14910 -890 3661 -472
1858 5614 14416 -198 4500 -252
1653 5740 14068 69 5520 -297
1100 6232 14054 -387 6621 -536
646 6478 14296 -1398 7637 -915
166 6653 14477 -2509 8822 -1402
-245 6862 14906 -3759 9533 -1536
-528 6629 15322 -4463 9595 -1481
-752 6286 15754 -4545 8990 -1327
-944 5781 16033 -3978 8033 -1057
-953 5486 16244 -3122 6930 -833
-972 5300 16224 -2116 5842 -658
-810 5121 16217 -1098 4868 -597
-684 5152 16030 -336 4140 -553
-652 5448 15710 -16 3622 -488
-779 5586 15760 -32 3465 -553
-970 5704 15878 -193 3699 -683
-1288 5929 16082 -559 4117 -807
-1585 6030 16209 -1114 4608 -1006
-1878 5876 16396 -1561 4963 -1183
-2049 5728 16528 -1766 5160 -1254
-2112 5532 16568 -1704 5245 -1079
-2136 5277 16530 -1330 5194 -847
-2120 5021 16510 -675 5109 -549
-2240 5100 16420 -179 5081 -314
-2317 5141 16528 121 5039 -170
-2380 5336 16556 161 4903 -144
-2430 5522 16493 -91 4624 -203
-2392 5397 16477 -365 4506 -295
-2516 5394 16586 -495 4613 -376
-2550 5309 16829 -554 4864 -489
-2690 5312 16973 -580 5041 -558
-2892 5136 17205 -553 5076 -637
-3113 5182 17326 -454 5071 -664
-3286 5158 17342 -276 4964 -672
-3360 5308 17253 -232 4683 -658
-3433 5438 17220 -271 4419 -593
-3550 5553 17206 -381 4234 -600
-3765 5720 17180 -571 4196 -544
-3884 5653 17365 -840 4194 -474
-3966 5610 17438 -1098 4413 -330
-3901 5261 17516 -1160 4892 -201
-3865 5076 17698 -1027 5133 -54
-4020 5054 17786 -952 5185 2
-4120 5102 17880 -916 4911 23
-4144 5053 17778 -835 4292 3
-4073 5026 17637 -688 3724 -3
-4052 5013 17481 -492 3130 -35
-3960 4968 17505 -256 2568 -38
-3878 4913 17470 0 2094 -132
-3936 5038 17372 210 1677 -226
-3986 5178 17256 138 1440 -362
-3908 5127 17220 61 1331 -474
-3963 5098 17104 44 1247 -542
-3954 5138 16994 88 1204 -597
-4001 5131 16959 166 1166 -600
-4026 5288 16780 236 936 -625
-4008 5401 16645 239 741 -595
-3961 5418 16622 252 659 -561
-4017 5307 16477 248 728 -530
-4010 5230 16428 378 800 -561
-4032 5373 16401 450 797 -600
-4056 5388 16296 397 777 -687
-4152 5471 16472 327 794 -675
-4296 5314 16621 331 811 -686
-4502 5175 16703 390 721 -659
-4547 4975 16853 710 577 -651
-4498 5167 16812 803 320 -687
-4454 5414 16678 579 5 -848
-4424 5452 16590 351 -201 -915
-4384 5290 16592 154 -349 -916
-4330 5013 16596 164 -373 -796
-4292 4876 16613 366 -280 -715
-4294 4930 16577 626 -239 -645
-4354 5124 16460 681 -335 -673