572 11544 18645 -1291 -5937 5453
541 11456 18390 -1542 -6194 5761
560 11065 18209 -1849 -6258 6036
696 10860 18032 -2181 -6367 6484
616 10664 17817 -2690 -6564 6880
692 10326 17456 -3185 -6635 7129
761 9721 16977 -3599 -6601 7049
926 9272 16608 -3568 -6636 6977
832 8927 16327 -3399 -6740 6896
842 8738 16166 -2956 -6970 6736
625 8784 15949 -2767 -7411 6540
606 8444 15758 -2832 -7984 6463
1090 8265 15004 -2829 -8250 6514
1657 8156 14196 -3014 -8058 6481
2193 7826 13610 -3050 -7523 6302
2863 7285 12813 -2523 -6194 5840
3190 7262 12532 -2683 -5180 5453
3725 6646 12163 -3111 -4449 4900
4318 5988 11676 -3362 -2891 4033
4400 5669 11432 -3453 -1158 3180
4237 5937 11369 -4066 229 2405
3685 5841 11910 -4988 804 1515
3284 5876 12356 -5847 1256 512
3070 5750 12930 -5984 1476 -65
2761 5602 13644 -4953 1566 -437
2044 5815 14504 -3607 675 -156
1709 5988 14819 -3501 -723 177
1868 5621 15342 -2730 -2400 339
2458 5050 14913 -1491 -3515 407
2734 4918 14278 -508 -2943 1
2981 5072 14020 419 -1577 -287
3282 5334 13615 1923 235 -226
2948 6177 13344 2882 2041 -523
2825 6570 13352 2649 2572 -1076
2889 6505 12989 2527 3077 -1850
2841 6641 12834 2142 3857 -2519
2593 7157 13054 1012 4272 -2892
2441 7381 13424 -282 4236 -2935
2362 7396 13558 -1047 4178 -2882
2230 7048 13884 -1361 3656 -2728
2064 6898 14406 -902 2678 -2469
1723 7428 14771 -52 1872 -2002
1597 8178 15193 -178 2163 -1937
2549 8068 15150 -321 3134 -2429
2974 7808 15193 -1660 5249 -3123
3265 7154 15105 -4164 7427 -3750
3094 6830 15514 -4178 9336 -3787
2021 6578 16428 -3699 9506 -2498
1193 6207 17248 -3029 8585 -1713
597 6753 18582 -3124 6555 -1113
2 6486 19090 -3169 3658 -1051
104 5765 18870 -1968 1421 -1283
396 5856 18740 -915 561 -1154
747 5574 18222 1948 -414 -1010
1049 5929 17960 4974 -1687 -1316
1318 5824 17900 5489 -3098 -1765
1859 6436 17557 5213 -3938 -1350
2020 7423 17170 4180 -4071 -638
2428 7562 16497 3558 -3440 -277
2500 7968 15720 4050 -1746 -173
2160 8900 15452 4112 304 -206
1776 9716 15438 2305 2031 -183
1720 9484 15586 917 2934 -199
1754 9060 15352 249 3265 -340
1341 8656 14846 -962 2827 -595
1110 8265 13950 -1083 3011 -1024
513 8264 13895 -378 3779 -1484
654 8786 14722 368 3749 -1536
441 9397 15545 -1135 2387 -1125
542 9180 16329 -3984 875 -1048
930 8302 16890 -5213 535 -1404
1216 7554 17161 -5536 566 -1648
1538 6840 17176 -5135 987 -1568
1954 6448 16583 -2771 2445 -699
862 6390 16670 -1843 2432 203
538 6306 16727 -1399 1337 426
956 6502 16994 -1009 -165 632
1047 6794 17116 -540 -1230 947
1054 6770 17110 252 -1601 1075
854 6894 16998 736 -1618 1050
791 6789 16780 1396 -1638 646
1212 7362 16870 2031 -1302 399
1242 7670 16880 1149 -1149 508
1677 7231 16627 1201 -678 766
2036 7000 16188 2403 252 1180
2041 7391 15478 3732 2090 1461
1758 8044 15013 3421 3420 1636
1718 8138 14848 2561 3486 1493
1369 8219 14588 802 3179 806
934 8201 14154 -628 2828 -209
532 8159 14032 -688 3669 -1034
254 8334 14374 -349 3773 -1234
88 8372 15656 -982 2308 -1388
512 8264 15918 -2231 396 -1767
385 7873 16542 -3785 -1061 -2181
966 7404 16081 -3599 -811 -2453
1190 7384 16248 -3064 32 -2257
1030 7096 16533 -2414 -402 -1925
1526 7271 16080 -528 896 -1092
857 7928 16774 -121 1173 -291
505 7786 17097 -829 248 -28
745 7616 17004 -1492 -297 -32
517 7325 17030 -2186 -742 -228
810 6988 16458 -1798 -272 -560
980 6976 16348 -1252 415 -595
758 7267 16318 -815 999 -448
648 7293 16366 -603 1029 -259
420 7132 16500 -500 731 -179
253 6646 16897 -67 380 -481
329 6614 17142 87 10 -903
267 6074 17430 683 -586 -1675
678 6241 17708 965 -1403 -2222
597 6431 17775 720 -2145 -2101
957 6851 17300 1401 -2824 -1177
1213 7252 16513 2818 -2470 269
1202 7250 15526 4415 -1062 876
1167 8521 14730 3620 1599 873
1208 8565 14370 920 3467 65
1112 8490 14310 -662 4050 -751
581 8510 14484 -2198 3905 -1588
-84 8266 14775 -3190 3699 -2022
-878 7704 14907 -2682 2622 -1929
-788 7734 14962 -1477 1897 -1668
-916 7952 15744 -1480 260 -1643
-112 7928 16525 -2346 -1396 -1682
157 7443 16749 -3437 -2287 -1675
848 6165 16526 -2541 -2373 -1705
1748 5821 16460 -623 -1385 -1067
1186 6095 16774 198 -862 -607
952 6345 16544 452 -730 -364
537 6675 16264 11 -406 -183
415 6766 16141 -626 163 -229
386 6542 15772 -435 852 -376
314 6646 15754 75 1062 -175
443 6369 15988 707 333 325
408 6150 15924 1580 -576 402
681 6153 15588 2667 -586 137
844 6693 14952 2567 496 -121
1126 6716 13990 2726 2323 -189
989 7594 13380 2033 4968 -324
662 8184 13732 -219 6633 -920
778 7601 14079 -1883 7361 -1436
362 7466 14029 -2624 8180 -1347
-138 7482 14381 -2648 8755 -1125
-720 7468 14556 -2690 8698 -884
-1192 7481 15254 -2597 7907 -741
-1656 7638 15629 -2619 6343 -794
-1684 7734 16052 -3428 4612 -849
-1738 7558 16346 -4224 3083 -888
-1660 6828 16341 -4726 2568 -1090
-1937 6366 15666 -4172 3969 -1315
-2189 6341 15264 -3521 5541 -1248
-2314 6248 15328 -2856 6572 -1166
-2617 6197 15681 -2231 7366 -1154
-2905 6119 16392 -2223 6882 -1400
-2986 6025 16678 -2358 6087 -1671
-2986 5920 16776 -2468 5568 -1871
-3144 5864 16750 -2435 5108 -2091
-3391 5944 16408 -2198 4869 -2156
-3488 6076 16153 -2021 4704 -2101
-3437 5941 16097 -1834 4563 -2068
-3514 5893 16037 -1507 4438 -1950
-3596 5824 15896 -1186 4381 -1872
-3786 6014 15927 -911 4285 -1753
-3971 6195 15832 -874 4107 -1674
-4140 6132 15848 -965 3989 -1604
-4122 6104 15824 -988 3827 -1523
-4049 5971 15816 -817 3325 -1179
-3999 5681 15640 -121 2517 -589
-3992 5432 15494 731 1839 -292
-3888 5406 15600 1491 1304 -191
-3613 5473 15618 1649 949 -138
-3608 5692 15680 1378 822 -199
-3721 6022 15769 728 837 -368
-3982 6540 15936 -570 1113 -777
-3997 6709 16041 -1915 1446 -1043
-3922 6284 16222 -2410 1878 -955
-4068 6037 16413 -2175 2370 -702
-4058 5906 16566 -1602 2634 -687
-4327 6194 16676 -1095 2747 -536
-4544 6621 16733 -865 2640 -380
-4535 6825 16613 -1031 2252 -227
-4600 6752 16537 -1130 1895 54
-4650 6576 16544 -983 1932 282
-4574 6426 16730 -756 2072 371
-4537 6143 16993 -405 2548 427
-4602 6101 17260 -28 3139 329
-4654 6212 17308 -9 3177 244
-4675 6347 17144 -187 2934 167
-4685 6354 17146 -429 2512 80
-4645 6322 17020 -557 2205 77
-4480 6127 17061 -552 1943 91
-4507 6049 17010 -280 1740 85
-4818 6197 17137 -99 1593 -40
-4958 6394 17138 -170 1418 -161
-5093 6318 17188 -303 1007 -49
-5125 5815 17184 150 492 228
-4932 5426 16990 1214 114 435
-4800 5300 16917 2053 -180 531
-4825 5424 16814 2487 -539 561