2005 6464 11201 -2403 -10216 4297
2314 6352 10765 -2424 -9688 3742
2517 6676 10620 -2950 -8856 3066
2684 6830 10521 -3505 -7958 2397
2840 6861 10585 -4139 -6849 1892
2906 6905 11044 -4728 -5644 1528
2785 6754 11581 -5295 -4785 1124
2730 6470 11926 -5444 -4186 656
2713 6269 12084 -5072 -3571 183
2444 6489 12432 -4632 -3080 -295
2398 6573 12478 -4043 -2796 -712
2402 6801 12722 -3344 -2343 -918
2290 7256 12965 -2817 -1569 -1062
2338 7530 13425 -2813 -991 -1073
2370 7714 13937 -3101 -724 -1031
2574 7568 14100 -3260 -538 -805
2697 7350 14108 -3056 -348 -626
2958 7174 14018 -2386 -5 -547
3036 7337 14052 -1702 308 -540
2982 7376 14169 -969 364 -560
3077 7445 14177 -372 468 -624
2953 7532 14488 -88 255 -590
3026 7691 14692 -57 129 -524
3142 7762 14837 -341 35 -289
3278 7644 14684 -458 53 -189
3438 7554 14633 -219 357 -139
3441 7357 14650 173 408 -153
3368 7460 14646 588 376 -185
3314 7494 14257 893 473 -257
3307 7831 14461 1202 918 -202
3200 7810 14956 1098 343 -197
3352 7765 15274 599 -454 -468
3789 7934 15348 90 -443 -642
4106 7886 15205 -254 314 -705
4240 7846 15452 -232 1066 -579
4205 7581 15574 248 1320 -420
4157 7542 15553 791 1372 -247
4232 7481 15477 1436 1501 -21
4341 7366 15530 1997 1774 207
4361 7272 15688 2363 1930 146
4282 7445 15468 2647 2081 -162
4085 7440 15725 1956 1440 -597
4126 7242 16204 1257 1105 -968
4551 7313 16763 1614 1213 -1358
4988 7364 17084 2737 1777 -1547
4765 7332 17252 2969 2441 -1583
4269 8732 17279 -446 2338 -1453
3977 9437 16031 1636 1665 313
4582 9100 14793 8923 1774 2474
4516 9432 13840 11587 3458 2068
4876 8707 13609 8265 5813 452
3852 10104 13280 983 6678 -673
2325 10047 14004 -2126 3818 -849
1463 9169 12648 -1307 3003 -1332
726 9878 13497 -759 4709 -563
752 10083 15900 -1371 2012 -11
2629 10144 17625 -3083 -735 -463
3347 9311 16784 -4597 -593 -1485
4391 8402 15767 -4094 3562 -2383
4530 8217 15094 -3300 6569 -2917
4223 8370 14532 -3257 9467 -3089
3645 9051 15704 -4146 10108 -1726
1767 7853 17515 -4925 7316 14
1334 6106 18228 -4415 3836 243
1361 6353 18074 -2899 894 -297
1658 7241 17558 -1661 -606 -484
2062 7222 17058 -46 -569 -540
2179 7113 17143 1708 -241 -500
1944 6720 17296 3096 -1273 -756
2364 6507 17266 3675 -2874 -1002
3068 7281 16480 3850 -3543 -656
3460 7467 14969 4776 -2017 166
2972 9414 13389 5351 1986 880
2380 10053 13765 3159 4414 867
2028 9794 14273 953 4442 484
1184 9249 14469 -641 2772 -123
760 9037 13696 -1180 2009 -1436
480 9390 13460 -1433 2527 -2438
1250 8734 14586 -2065 1529 -2651
2001 8792 15061 -2685 1767 -2968
1857 9162 15697 -3897 2325 -3054
2024 8902 15954 -4804 3063 -3171
2085 8726 16353 -6083 4279 -3105
1753 7907 17158 -5889 4479 -2857
1998 7266 17098 -3479 4330 -1800
1157 7234 16753 -2453 3703 -1056
248 6814 16729 -2563 2894 -884
92 6646 16771 -1872 2182 -860
385 7287 17034 250 1408 -457
674 7543 16796 2053 1158 -574
661 7044 16369 3475 1287 -1199
914 6966 16494 4510 791 -1394
871 7538 16321 4746 535 -1371
846 8162 16214 4211 681 -1129
896 8661 16150 3684 1339 -601
499 9793 15716 4004 2368 211
66 10258 15740 3201 3114 431
-94 10370 15876 2079 3500 388
0 10221 15933 1341 3319 348
-92 9757 15546 850 2461 354
-125 9740 14988 401 2229 374
-349 9640 14956 233 1803 539
-542 9632 15013 169 945 653
-830 9551 15099 -318 -74 499
-500 9656 14816 -400 -112 229
-399 9872 15495 -1465 -432 -65
-24 9757 15691 -3245 9 -847
325 9441 15766 -4204 826 -1313
494 9008 16234 -4982 755 -1440
820 8280 16230 -4654 1210 -1432
1130 8344 16224 -3210 1871 -1096
1705 8456 16966 -2963 2164 -459
1269 7848 17094 -3662 2133 -29
-505 6692 17224 -5447 1805 -64
-1009 6260 17408 -4669 -825 39
467 7391 17291 -3148 -1942 1011
618 7673 16754 -1032 -1338 1431
292 6804 16685 1083 -1501 957
475 6372 16889 2792 -2226 202
761 7197 17242 2171 -2707 668
973 7530 16914 1914 -2954 1366
1050 8005 16240 2429 -2658 1979
865 8393 15538 3543 -2140 2817
854 8857 14719 3587 -1065 2445
596 8326 14028 1661 -556 1374
448 7919 13695 -345 -724 51
232 7954 12227 -9 1649 -2327
-187 9501 12769 -1272 3076 -2571
156 9050 14340 -3601 1895 -2149
162 9478 15495 -6898 46 -2358
438 8149 16196 -9773 -1268 -2878
1028 7154 17286 -11495 -1387 -3324
1449 5175 17636 -9871 -1531 -3276
2017 5023 16989 -4974 295 -2686
920 6161 17045 -2174 1230 -1664
988 6300 16776 -786 1572 -737
1180 5780 16300 -170 957 -86
1098 6113 15790 55 898 206
570 6730 16053 -321 1042 334
294 6638 16226 -713 647 70
422 6346 15980 -310 619 -289
533 6359 16363 461 1022 -176
288 6353 17107 1359 437 487
340 6544 17172 1849 -991 981
748 7029 14950 3289 -590 517
1241 7080 13006 3570 2675 -287
1330 8496 12470 1914 4693 -638
770 8668 12611 -654 6160 -1107
182 8833 12742 -3249 7526 -1560
-705 8538 13487 -4129 7310 -1593
-1536 7877 14262 -3692 5854 -1308
-1676 7298 14891 -3089 4363 -1110
-1334 6764 15480 -2641 3227 -881
-1000 6430 15581 -1937 2531 -651
-942 6443 15376 -1231 2143 -463
-1072 6592 14809 -658 2373 -472
-1670 7316 14784 -996 3185 -616
-2392 7502 15226 -2160 4232 -655
-2706 7309 15606 -2880 4853 -504
-2888 7033 15749 -3242 5141 -213
-2865 6661 15760 -3125 5010 156
-2918 6546 15688 -2832 4789 461
-2750 6230 15713 -2547 4694 940
-2514 5785 15940 -2021 4668 1503
-2408 5424 16092 -1551 4818 1842
-2412 5292 16198 -896 5047 1981
-2624 5251 16221 -326 5337 1626
-2885 5430 16229 -500 5332 966
-3088 5594 16223 -1160 5212 308
-3185 5501 16241 -1723 5086 -64
-3061 5041 16233 -1776 5050 -247
-2990 4778 16196 -1489 5006 -352
-2777 4600 16133 -872 4897 -447
-2763 4619 15869 12 4664 -854
-2838 4848 15600 521 4382 -1284
-2687 5364 15409 896 4016 -2015
-2741 6346 15563 545 4068 -2771
-2738 6669 15766 137 4356 -3002
-2775 6452 16002 66 4901 -2663
-2849 6130 16108 618 5307 -2260
-3103 6167 16251 1317 5491 -2028
-3300 6369 16473 1605 5640 -1936
-3368 6356 16640 1630 5733 -1914
-3603 6397 16980 1594 6081 -1833
-3942 6590 17364 1315 6423 -1715
-4180 6593 17565 1065 6314 -1832
-4522 6740 17581 797 5817 -1980
-4688 6944 17615 336 5176 -1978
-4698 6809 17769 82 4546 -1897
-4733 6581 17905 307 4069 -1741
-4734 6456 17788 623 3772 -1546
-4869 6434 17828 963 3437 -1426
-4977 6526 17665 1109 3125 -1394
-5169 6809 17470 985 2759 -1403
-5248 7173 17328 604 2366 -1430
-5162 7142 17190 58 1833 -1422
-4887 6802 16901 -46 1407 -1189
-4849 6612 16668 276 1294 -839
-5106 6685 16557 403 1210 -654
-5312 6876 16540 266 1002 -800