-3010 18375 9375 5125 1036 -585
-4083 18356 9344 3490 301 -4
-4337 18276 9809 2365 -382 893
-4209 17910 10273 2118 -1009 1899
-4432 17641 10506 2386 -2304 3459
-4761 17453 10488 3002 -4193 5271
-5396 17588 10656 3767 -6784 7041
-5942 17850 11074 5037 -10620 9298
-6129 18433 11117 6357 -14313 11665
-4384 18829 11476 7060 -17425 14531
-1346 18594 11745 8506 -18963 15807
-832 17612 11526 10075 -19977 16485
396 16570 10973 12076 -21589 16725
868 15840 9948 13953 -23223 16608
1942 15556 8325 14917 -23930 15244
4117 14844 6345 14113 -22039 11387
5728 13408 5268 12653 -19372 8460
6844 12027 4660 11574 -15640 5020
6476 9970 3002 11487 -11687 887
5621 10405 2532 11003 -10179 -3018
4534 9375 850 10236 -7326 -7000
3688 10043 268 9989 -4107 -11773
2616 10246 774 10561 -1357 -14892
2158 11054 1542 11044 339 -16278
1654 12446 2161 10496 1702 -16649
596 13902 2462 8797 2530 -16552
-208 15310 2698 6942 2908 -16085
-448 16664 2753 5689 3479 -15608
-762 18341 2497 4444 4563 -15524
-952 20009 2424 2772 5885 -15678
-820 21145 2190 972 7966 -15886
-858 21798 2844 125 9867 -15474
-944 22662 3602 -181 10770 -14227
-1230 24124 4469 -344 11022 -12209
-1768 25980 5749 -501 10192 -9384
-531 31444 6870 -1445 8563 -5475
-570 32767 6948 -3922 6755 -1997
-9 32767 6600 -5424 5139 1272
-193 32767 5850 -6839 3573 4349
457 32724 5666 -7172 2742 6794
1444 32767 5906 -6374 3536 7461
2476 32767 6064 -5572 5240 7730
2257 32767 5697 -5489 6697 8502
2229 32750 5676 -5888 7815 9918
2002 32767 5648 -7500 8080 11426
1827 32451 5521 -9423 8468 12737
1576 31241 5324 -12074 8244 14053
2124 29280 5292 -13896 7983 15376
2932 26928 5486 -15557 7609 17001
3222 24464 5346 -17302 6918 18128
3184 22488 5110 -18676 6437 18700
3530 20566 4946 -19712 5635 18771
3683 18583 4812 -20205 4806 18157
3796 17496 4704 -20805 4073 17175
3844 16301 4832 -20649 3056 16253
3879 14495 4586 -20348 1925 14844
4028 13168 4528 -20259 1319 13795
4584 11634 4254 -19864 964 12968
4941 9932 3645 -18815 571 12627
5559 8014 3160 -17419 -228 12448
5188 6449 2552 -15831 -1664 11968
4902 5409 2321 -14595 -3093 11191
4926 4884 2222 -14259 -3884 10445
4368 4176 2200 -13301 -4426 9430
4310 3480 2126 -12783 -4725 8075
3999 3220 1873 -12361 -4627 6346
3766 2865 1738 -11788 -4083 4055
3821 2733 1893 -11257 -2883 2019
3798 2716 1938 -10685 -1381 349
3677 2768 2126 -10066 239 -1259
3345 2632 2055 -8532 2898 -3663
2732 2610 1702 -6840 6470 -6563
1534 2712 1576 -5740 9450 -9065
-19 3502 2131 -5165 12187 -11428
-1659 5101 2662 -5941 14578 -14422
-3296 7058 3174 -8341 15689 -16557
-4260 8970 4802 -15294 17505 -19448
-3853 9868 7724 -24580 23553 -22107
-4946 9665 10086 -30525 29593 -22870
-5584 9920 12376 -32768 32767 -23386
-7485 9657 13962 -32768 32767 -23270
-10908 8517 17049 -32768 32767 -21903
-12712 5458 20540 -32768 32767 -18643
-13698 1382 24289 -30165 32767 -12987
-16485 212 27547 -20379 28554 -8214
-19637 1112 30580 -10032 15425 -3620
-19102 1348 32130 -2755 5419 -791
-14764 1984 32034 4783 -3028 1645
-9776 4076 29763 10773 -7256 3402
-6579 5769 26840 11772 -6908 4063
-4361 7233 23698 10384 -4789 4341
-3729 8045 21405 8317 -2677 4308
-3872 8680 20030 6501 -1377 4050
-4273 8836 18562 4357 -250 2904
-4647 8776 17079 1731 -90 1711
-4498 8188 16381 155 -696 1445
-4261 7738 15714 -448 -1106 1449
-4013 7486 14869 -688 -1567 1738
-3689 7313 13956 -782 -2071 2113
-3336 7028 13133 -893 -2452 2574
-3096 6826 12484 -868 -2455 2942
-2742 6575 11840 -612 -2137 3481
-2394 6380 11078 -552 -1524 4385
-2145 5997 10134 -603 -686 5249
-2009 5734 9703 -177 319 5496
-2066 5790 9510 139 852 5338
-1956 5608 9444 -459 982 4411
-1350 5681 9685 -1299 1348 3475
-1212 5557 9938 -1257 2188 1466
-1901 5694 10830 -1244 2085 -2266
-1456 6172 11080 -3535 2581 -4353
-1176 6753 11432 -6634 4358 -5515
-2412 7888 12892 -9227 6260 -5610
-4088 8651 14893 -12338 7869 -5035
-5836 7928 16492 -14707 9786 -5083
-6807 6000 17888 -15307 10559 -6198
-7421 4344 19169 -15225 10211 -6026
-8378 3586 19386 -14043 9096 -4867
-9126 3690 19924 -12146 7298 -3706
-8949 3817 20478 -9631 4467 -2557
-8048 3564 20505 -7301 1923 -1443
-6948 2775 19674 -5594 -1009 340
-6513 2278 19496 -4213 -3783 843
-5764 2342 18920 -2499 -4991 815
-4718 2105 17437 -1399 -4334 463
-4178 1872 16246 -1382 -2797 440
-4224 2932 15723 -3043 -479 1425
-4897 3105 15636 -4481 -145 3194
-4715 2581 16046 -4051 -696 5481
-4850 2058 16476 -2151 -1031 7177
-4762 2050 16814 652 -202 7386
-5022 2374 17117 3138 1315 6760
-5022 2869 16868 5017 3255 5468
-5533 3420 16642 4760 4267 2958
-5742 4084 17010 3599 4369 1308
-5889 3626 16848 3074 3881 141
-5453 2818 16562 3393 3367 -733
-5871 2958 16297 4629 1123 -818
-5362 3646 15518 5513 527 375
-6066 4378 15122 5757 111 1148
-6625 5240 14908 5101 -1499 1983
-6528 5488 14583 3960 -3138 2729
-6120 5100 14626 3273 -4123 2581
-6119 4880 14400 2609 -4636 2321
-5826 4679 13685 1962 -4723 1515
-5169 4240 13052 1758 -3894 687
-4491 3822 12625 2106 -3113 88
-4190 4074 12274 2220 -2296 95
-4082 3884 12146 2529 -1963 -35
-4065 3899 11795 3169 -1643 -361
-3718 4526 11545 3360 -1656 -1099
-3690 4877 11549 2821 -2488 -1781
-3786 5484 11324 2127 -3066 -2156
-3219 5665 11740 781 -3532 -2892
-3612 5716 12734 -1569 -2725 -4033
-4942 6823 14859 -7030 -404 -4722
-5336 7447 17182 -12869 1376 -4414
-4056 5768 18338 -14556 2856 -3684
-3352 4256 18418 -13208 4509 -2745
-3677 2984 18611 -9135 6856 -1578
-4410 2266 18980 -3132 8533 -634
-4644 2934 19330 -543 8591 -379
-5042 3984 20042 -573 7857 -156
-5887 5384 20455 -2907 5350 608
-6224 5554 21062 -5596 2079 488
-6048 4521 20694 -5708 751 83
-6172 4272 20484 -5437 299 -323
-6056 3950 19990 -5054 -134 -633
-5946 3313 19412 -4228 -711 -954
-5990 2680 18770 -2603 -534 -877
-5900 2339 18109 -399 -75 -452
-6180 2652 17845 1388 691 -55
-6828 3025 17409 2492 510 144
-7050 3534 17177 2444 30 103
-7300 3646 16756 1684 -857 243
-7222 3737 16265 1058 -1818 361
-6937 3664 15685 761 -2467 450
-6538 3676 15208 537 -2887 704
-6152 3614 14832 384 -3009 1027
-5749 3468 14483 250 -2817 1302
-5260 3115 14100 444 -1859 1505
-5164 3173 14016 428 -1003 1384
-5152 3276 14127 -224 -522 1187
-5010 3198 14418 -1103 -116 934
-5114 3214 14557 -1715 12 654
-5004 3113 14762 -2291 134 557
-4956 2858 14865 -2679 296 407
-4952 2604 15138 -2796 509 357
-4974 2350 15435 -2661 769 466
-5073 2092 15756 -2323 503 475
-5032 2022 15949 -1924 704 423
-5213 2164 15959 -1680 595 390
-5304 2226 16033 -1550 463 180
-5268 2140 16086 -1462 436 73
-5286 1970 15844 -930 433 104
-4950 1948 15806 -98 -149 137
-4588 2016 16008 430 277 15
-4226 2376 15718 1278 460 82
-4156 3292 15624 1445 411 -39
-4120 4163 15480 1040 -131 -383