-3932 9105 15452 3206 -3240 1110
-3720 9249 15266 3033 -3467 737
-3581 9521 15140 2935 -3798 593
-3552 9745 14957 2917 -3849 616
-3408 10026 14840 3030 -3665 716
-3278 10352 14720 2924 -3504 755
-3277 10645 14808 2487 -3575 958
-3181 10752 14721 2041 -3598 1204
-3112 11024 14789 1825 -3459 1433
-3320 11270 14926 1831 -3056 1314
-3512 11734 15041 1640 -2494 944
-3504 11981 15258 1242 -1929 581
-3420 12049 15542 934 -1439 546
-3614 12366 15874 628 -1052 661
-3699 12779 16281 18 -757 1271
-3800 13074 16789 -849 -931 1995
-3941 13202 17192 -1727 -1362 2628
-3604 12656 17553 -2132 -1951 2880
-3249 12474 17668 -2045 -2529 2993
-2777 12246 17821 -1721 -2862 3409
-2017 11854 18118 -1100 -3287 4427
-1536 11434 18190 -463 -3801 5324
-1077 11375 18180 53 -4414 6133
-549 11268 18127 16 -5294 6884
-44 11078 17894 -295 -5770 7130
335 10872 17883 -753 -6132 7308
657 10893 17954 -1534 -6461 7350
804 10685 17921 -2152 -6829 7242
744 10704 17722 -2566 -7045 7193
877 10410 17538 -2935 -7418 7115
1059 10311 17456 -3597 -8394 7260
1380 9884 17458 -4201 -9161 7430
2360 8624 17078 -2629 -8587 7703
2921 8204 15757 845 -5982 8767
2437 9820 15302 2221 -3719 9417
2101 10729 15353 1252 -3179 8985
1813 11144 14994 -403 -3444 7433
1220 11528 14892 -3145 -4679 6091
798 11431 14801 -6419 -6401 5644
422 10305 14566 -8643 -7802 5558
518 9496 14166 -8839 -7918 5434
524 8444 13951 -8182 -7719 5158
560 7814 13286 -6564 -7126 4565
621 7276 13112 -5675 -6591 4007
1064 7022 13000 -5056 -6136 3219
1484 6418 12722 -4724 -5937 2371
2239 5439 12123 -4164 -5254 1476
2699 4445 11453 -2986 -4589 923
2577 4250 10620 -1649 -4011 416
2493 4667 10006 -1609 -2582 -674
2117 4882 10707 -1673 -876 -2202
2110 5186 11238 -1016 705 -2893
1797 5777 11747 313 2793 -3037
1020 6491 12774 337 4082 -2839
501 6284 13861 -351 3329 -2849
363 6874 14373 -1931 2266 -2856
836 6800 14944 -2908 1307 -2173
1508 6387 14532 -1605 488 -1121
1847 7564 13540 1461 1776 -203
1714 8960 12946 1870 3661 -421
2042 8775 12844 -111 6154 -1956
2214 8041 13736 -2877 7034 -3753
2456 7925 13890 -4936 6706 -4496
1912 7263 14239 -5178 6638 -4993
1392 8082 14632 -4915 6167 -4750
1251 8554 15069 -4935 5943 -4372
1369 9048 16433 -6039 6077 -3994
1460 8624 18027 -7626 3961 -3964
2343 6534 17680 -6774 3488 -4546
2994 6395 16829 -3886 5794 -4590
2239 7590 17592 -2567 7023 -2545
789 7135 18435 -2465 5131 -787
-511 6334 18886 -2697 1911 -674
-460 6068 19020 -2759 -501 -947
519 6981 18872 -1552 -2156 -766
1086 7320 18017 980 -2228 -601
944 7468 17344 1607 -1883 -581
920 7211 17383 2380 -2277 -780
1236 7597 17306 3371 -2301 -983
1233 7912 17220 3082 -1781 -1274
1210 8334 17288 2409 -2379 -1175
1262 8718 17646 1822 -4101 -603
1540 8562 17444 1812 -5799 -106
2466 8116 15615 3371 -5295 834
3041 7221 14325 4732 -2846 1974
2345 6601 13460 5364 -1507 1793
2151 6999 12368 4480 1046 105
582 8507 13469 -19 2336 -1159
33 7973 14394 -2977 2060 -1945
67 6853 14992 -3779 1601 -3043
712 5348 15370 -3007 -106 -3983
1443 4942 15269 -1622 6 -4056
1512 5210 15260 -1590 1227 -4071
1255 5924 15808 -3388 3271 -4140
802 5246 16480 -5347 4081 -4386
1304 4538 16521 -5081 4670 -4350
1288 4758 16642 -4490 5010 -4162
484 5120 16536 -3568 4891 -3555
13 4591 16370 -1225 3828 -2532
-195 4675 15812 647 3054 -1778
-679 5182 16386 1342 1642 -1426
-10 4720 16250 3021 581 -1350
-54 5386 16610 2943 87 -1643
428 6299 15948 3377 381 -1425
1044 6294 14952 5528 2052 20
195 7425 13829 7057 4751 831
-616 8677 13538 5103 6299 477
-771 8618 13413 2600 7187 -431
-864 8456 13626 746 7546 -1189
-665 8503 14196 -457 7420 -1833
-808 8316 14878 -1419 7478 -2279
-688 7643 16150 -1520 7246 -2003
-937 7234 17044 -411 6027 -1006
-1094 7032 17376 979 4169 -315
-1388 7310 17253 2078 2808 -207
-1661 7900 16854 2897 1595 -573
-1723 8992 16472 2721 916 -1264
-1750 9506 16510 1672 544 -1807
-1563 9346 16458 307 327 -2208
-1269 9292 16292 -886 687 -2320
-862 9052 16176 -807 1258 -2178
-628 8770 16155 -540 1435 -2071
-818 8708 16272 -400 1167 -2077
-1150 8781 16382 -359 889 -2017
-1630 8810 16358 -658 799 -1793
-1588 8772 16280 -865 997 -1419
-1496 8773 15980 -882 1372 -1149
-1440 8700 15858 -930 1530 -1016
-1352 8584 15925 -906 1551 -956
-1304 8261 15978 -799 1508 -851
-1312 8050 16068 -595 1409 -783
-1336 7869 16170 -342 1222 -721
-1493 7978 16027 -140 1057 -749
-1741 8293 15909 -256 1098 -846
-1909 8613 15716 -512 1117 -870
-1961 8726 15653 -779 962 -732
-2040 8653 15884 -818 331 -252
-2140 8568 15868 -334 -499 488
-2430 8388 15866 403 -1229 1045
-2475 8280 15855 1319 -1944 1763
-2424 8462 15876 1916 -2496 2382
-2598 8735 15901 1970 -2902 2764
-2502 8940 15976 1604 -3031 2722
-2220 8759 16218 840 -3067 2558
-1890 8498 16426 148 -2749 2253
-1698 8136 16340 37 -2360 2148
-1409 7617 16127 80 -1614 2073
-1082 7258 15868 501 -839 1940
-897 7075 15577 798 -236 1777
-813 7236 15319 785 345 1378
-864 7349 15189 225 923 809
-970 7357 15270 -374 1452 368
-894 7068 15306 -787 2058 -109
-1153 6995 15308 -945 2910 -617
-1427 7215 15237 -1186 3832 -1000
-1762 7494 15342 -1495 4536 -1252
-2434 8049 15413 -2142 5416 -1603
-2802 8196 15467 -3350 6708 -1967
-2942 7801 15533 -3832 8044 -2110
-3012 7490 15422 -3381 9685 -2105
-3052 7176 15238 -2756 11300 -1885
-3013 7039 15176 -2473 12568 -1710
-2966 6782 15096 -2360 13570 -1520
-3110 6736 14994 -2410 14076 -1373
-3177 6854 14997 -2787 14148 -1200
-3458 6840 15090 -3114 13713 -1100
-3998 6717 15181 -3304 12761 -1099
-4470 6588 15524 -3340 11833 -1228
-4873 6490 15659 -3404 10798 -1306
-5309 6462 15709 -3348 9549 -1359
-5600 6328 15690 -3139 8488 -1341
-5780 6135 15644 -2577 7373 -1264
-5798 5940 15738 -1839 6505 -1128
-5884 5943 15683 -1042 5788 -931
-6017 6202 15462 -308 5104 -758
-6036 6393 15377 -6 4473 -683
-6284 6654 15190 84 3781 -638
-6508 6961 15040 19 3281 -632
-6514 7156 14950 -307 2848 -528
-6393 6872 14989 -339 2585 -356
-6371 6792 14859 126 2730 -150
-6601 6678 14796 564 3032 276
-6368 6380 14812 985 3210 676
-6308 6436 14845 1672 3321 972
-6373 6540 14966 2354 3506 1063
-6574 7119 15132 2708 3608 894
-6774 7668 15314 2027 3433 321
-6898 7789 15417 870 2976 -274
-6938 7617 15413 -286 2400 -609
-6920 6917 15561 -690 1908 -718
-6953 6610 15529 16 1884 -523
-6973 6640 15693 595 2040 -348
-7046 6909 15718 850 2119 -237
-7264 7101 15631 697 1952 -238
-7437 7086 15400 386 1586 -288
-7416 7048 15236 172 1370 -328
-7407 6841 15257 87 1273 -362
-7427 6699 15481 185 1280 -370
-7342 6544 15457 319 1420 -389
-7464 6540 15469 430 1537 -507