1986 1009 4970 -27228 -14044 10564
2294 1301 4172 -22970 -13715 10001
2570 1176 4244 -18176 -11652 9424
3176 1296 4954 -13637 -9731 8675
3641 1334 5734 -9863 -8371 7956
3462 1522 6470 -8910 -6455 5909
2862 2312 7617 -9303 -3961 2750
3354 3165 8841 -10500 -1090 -445
3394 3210 10804 -10327 2407 -3064
3048 3446 12594 -9348 5489 -4454
2184 3649 13838 -8046 8508 -4605
1454 3518 15162 -6260 9828 -3620
641 4497 17406 -5765 8116 -2391
194 5565 18997 -6873 3999 -1379
929 5881 16893 -5063 4335 -2733
682 7874 17017 -3621 5421 -2767
582 5348 15856 -172 7457 -2878
-1864 8584 14916 1990 7724 -4983
-2698 9660 12921 335 8484 -7992
-3229 10553 13016 -1921 11904 -9233
-2689 11364 16724 -5641 10666 -6568
-1452 10889 20381 -11204 5629 -3293
-913 9877 20460 -15007 1246 -1836
1649 6578 19097 -12966 3325 -2539
2901 4450 19333 -7862 6514 -3358
2590 4674 18393 -3426 8322 -3170
2364 7057 18208 -73 10300 -1069
-1016 6542 19266 1271 10454 -23
-3717 5346 19688 443 7634 -971
-2092 5758 20198 -766 1676 -247
453 7181 19452 -2748 1826 249
-38 7228 17872 -3904 2807 -46
-1674 6585 18410 -2489 -307 -585
-972 5812 17390 506 -1792 -748
-380 4925 16580 5448 -1766 -590
-1500 6729 17584 6416 -4285 107
-713 7456 17680 3705 -6945 601
1146 6982 14793 3612 -6083 83
1460 8262 12156 3339 -1360 -16
1260 8717 11792 2071 4182 -92
816 8416 13004 -720 6493 -738
-145 6450 12976 -1204 7053 -2419
-161 6932 14161 -1469 6475 -3802
-716 7665 15554 -2880 4794 -3578
-174 7517 15932 -3727 4048 -3368
262 7442 15933 -2767 4960 -4096
1205 7600 16146 -1630 6205 -4309
1334 8096 16305 500 7065 -3917
781 9080 16502 3978 7528 -3177
760 9622 16350 7678 6788 -1339
1484 8660 15236 14452 7542 1371
1452 10286 14353 22330 9902 4472
1125 11804 13549 29405 13253 7379
128 14992 13857 32767 16662 9693
-1549 17068 15250 32767 17718 11932
-1445 16669 15850 32767 16440 13957
-881 15800 14941 32767 14653 16454
-1369 14281 13977 32767 12835 17279
-2092 16525 13214 31868 9423 15459
-2704 15742 13240 24137 5866 11814
-2637 15941 12554 13917 1932 7184
-1793 14730 13052 4351 -1585 3929
-754 12472 13365 -1258 -4862 2214
-600 11546 13308 -5312 -7657 1577
-2204 12332 14433 -10882 -10909 400
-3644 12160 14125 -17077 -14363 -2701
-3409 12348 12925 -22678 -15148 -5407
-1306 10689 12978 -26096 -13161 -7353
337 9134 13750 -24176 -9674 -7956
-749 10085 14194 -21020 -6499 -7811
-1442 10840 14734 -19824 -4536 -7566
-638 10636 15220 -19368 -3804 -6728
84 9364 15160 -16590 -2569 -5935
-228 9889 15205 -13282 -1379 -5876
68 9844 15266 -11753 -763 -5625
748 9148 14909 -10161 331 -5664
1184 9229 14250 -8973 1815 -5631
937 8984 14020 -8273 3557 -5713
290 9590 13482 -8457 4762 -5987
-253 10761 13221 -10056 5492 -6541
-710 11190 13794 -12553 4890 -7259
-926 9973 14532 -14101 3579 -7933
-584 8581 14549 -13680 3318 -8775
-473 8354 13984 -12892 4089 -8394
-426 7280 13837 -10792 5491 -7733
-714 6118 14356 -6982 6365 -6619
-1581 5561 14498 -2759 6577 -5184
-2445 6836 14550 -82 6615 -4584
-3145 8405 15241 253 6317 -4283
-3105 9476 15348 -945 5873 -4273
-2717 9172 15236 -2183 6219 -4840
-2557 9730 15782 -3418 6881 -5086
-3378 10092 16220 -5472 6773 -4516
-3249 8832 16604 -5656 6181 -3713
-3372 8276 17177 -4079 4885 -2156
-4620 7038 17209 -1920 2929 -978
-4624 6465 17200 781 1089 -268
-4053 7833 16530 2945 406 340
-4078 8509 16297 3613 -46 509
-4314 7938 16636 2890 -1262 -67
-4538 8022 16496 2123 -2512 -578
-4108 7774 15784 1131 -3419 -911
-3964 8330 15730 -880 -4262 -1511
-3665 8278 16840 -2882 -4876 -2128
-3118 8058 17313 -3720 -5482 -2193
-2768 8133 17662 -3626 -5908 -1609
-2092 8158 17260 -2900 -5857 -855
-1538 7910 16164 -1994 -5120 18
-1001 7273 14484 -189 -3057 182
-802 7161 13222 957 -466 -595
-1017 7626 12929 621 1503 -1914
-2088 8493 13338 -1209 1792 -3253
-2380 8724 13969 -3613 1216 -4049
-2846 8452 14589 -5540 455 -4615
-2760 7449 15321 -6052 -520 -4855
-2468 6949 15372 -5734 -705 -4705
-2442 7022 15390 -5171 -703 -4270
-2076 6885 15628 -4320 749 -4105
-2502 6982 16297 -4046 1358 -3988
-2466 6621 16349 -3700 1994 -3709
-2457 7125 16834 -4131 2310 -3285
-2713 6698 17466 -5072 1784 -2803
-2573 6182 17869 -5886 1010 -2216
-2690 4669 18269 -6141 -351 -1313
-2689 4132 17728 -5224 -1689 -99
-2433 4126 16556 -3923 -2351 1108
-2281 4004 15577 -3038 -3458 2606
-1956 5312 15129 -3964 -5238 3969
-2166 5725 14976 -5023 -6061 5172
-1492 5894 14954 -6132 -5894 6114
-1378 6016 15728 -6711 -4900 6542
-1120 5956 16696 -6285 -4609 5959
-1176 6556 16908 -5642 -5355 4518
-722 5505 17002 -4062 -6391 3272
-270 4320 16713 -1193 -6899 2672
145 4161 17096 1707 -6905 2668
-18 4312 17234 4168 -7077 2632
144 4905 16014 5679 -5980 1569
424 5364 14652 5455 -2774 -215
-66 6492 14230 4056 674 -1852
-1100 7422 14412 2251 2625 -2542
-1661 7833 14486 640 4287 -2307
-1993 7565 15353 -709 4336 -1478
-1917 7278 16378 -1849 2961 -694
-1876 7186 17292 -2463 1041 -277
-1316 6705 17782 -2206 -282 -391
-997 6106 17640 -846 -647 -927
-834 5788 17677 433 -477 -1632
-801 5794 17317 1785 115 -2001
-872 6040 16360 2544 1407 -1872
-1560 5945 15814 2626 3052 -1990
-1120 7206 15528 3353 4600 -1361
-2009 7204 16125 2720 5091 -892
-1902 6525 16785 2375 4834 -1272
-1852 6729 16909 1945 4464 -1611
-2406 6618 16976 1168 4235 -1570
-2952 6160 17278 569 3956 -1515
-2573 5901 17293 608 3807 -1628
-2410 6154 17278 586 3368 -1495
-2538 6192 17040 548 2417 -1167
-2478 6086 16670 843 1494 -838
-2353 5918 16489 1314 1017 -569
-2350 6097 16289 1455 887 -416
-2368 6146 16158 1326 988 -407
-2308 6264 16110 1060 1162 -481
-2218 6397 16081 755 1483 -608
-2290 6516 16104 263 1916 -681
-2248 6553 16026 -250 2374 -632
-2344 6517 16188 -662 2924 -581
-2504 6376 16476 -863 3347 -468
-2726 6205 16669 -730 3632 -400
-2974 6149 16697 -437 3880 -338
-3240 6302 16836 -140 4074 -296
-3442 6574 17126 -150 4091 -421
-3732 6788 17402 -571 3565 -570
-3844 6781 17242 -850 3176 -706
-3981 6680 17100 -856 2863 -630
-4113 6434 17070 -692 2387 -354
-4145 6145 16957 -426 1559 -41
-3913 5786 16812 126 1095 164
-3917 5984 16853 597 1152 228
-3902 6564 17118 593 1274 42
-3734 6996 17338 128 1306 -320
-3514 7180 17401 -554 1270 -626
-3373 7177 17154 -1170 1331 -706
-3254 6984 17241 -1656 1249 -452
-3253 6781 17418 -1943 1078 -91
-3234 6640 17541 -1978 915 -6
-3477 6644 17781 -1959 931 34
-3584 6653 17933 -1846 1002 -33
-3710 6674 18162 -1704 812 -123
-3610 6502 18140 -1439 544 -203
-3668 6590 17930 -1123 202 -285
-3678 6497 17838 -1022 -407 -186
-3600 6533 17596 -936 -1313 17
-3526 6408 17257 -874 -2100 231
-3400 6460 17006 -700 -2609 340
-3257 6238 16826 -296 -2847 358
-2996 6318 16570 211 -2927 323
-2778 6522 16266 572 -2736 201