-1437 11332 12319 -2310 5408 -5822
-1327 11336 14081 -5187 5514 -5993
116 11320 16824 -6937 3429 -5113
-117 11848 18107 -10303 -1619 -3490
932 8555 16077 -9259 -2421 -3566
2394 7158 14921 -2394 2929 -3832
1673 9574 13776 90 7567 -3499
1394 10484 14045 -2063 8780 -3020
788 11128 15018 -4202 7752 -2596
828 10609 15633 -5629 5521 -1439
300 9758 15822 -6507 3868 -464
-30 8443 16093 -7791 2523 335
-396 7464 16700 -7961 1120 1240
-276 7573 16768 -5614 883 2175
-194 7158 16942 -6 1540 3378
-324 6248 16260 6333 2446 3701
-682 6320 16270 9594 3041 3214
-1268 7350 16892 10209 1918 2778
-1741 8640 17824 6739 -1446 1772
-1198 9740 17661 3935 -4422 1823
-354 9277 16202 4564 -3864 2071
-722 9765 14801 5167 -2296 1623
-1193 10822 13714 2738 -222 884
-1545 10272 13514 177 1627 -77
-1736 9265 13814 -801 1684 -1189
-1525 8890 14098 -824 1328 -2138
-1786 9481 15108 -1315 -570 -2012
-1122 9218 15929 -2023 -2348 -1267
-884 8502 16513 -1826 -3668 -721
2 7276 16206 -133 -3296 -833
754 7230 15720 2698 -1194 -1433
870 8416 15984 4373 698 -1759
504 9616 15873 4221 1815 -2123
570 10457 15673 3879 2148 -2402
850 10234 15138 3120 2382 -2936
973 10226 15089 1825 2100 -3351
716 10578 15408 -195 809 -3172
836 9621 15517 -1112 -716 -2765
989 9464 15108 -674 -1661 -2547
789 9862 15121 -1868 -2334 -2515
736 10084 14893 -3373 -2823 -2049
737 9874 14368 -4661 -2511 -1596
774 9777 14202 -5809 -1886 -1268
765 9160 13940 -6350 -1606 -1077
916 8721 13129 -5961 -625 -1173
902 8584 13005 -6529 778 -1314
510 8778 13456 -7889 1702 -1228
128 8680 14338 -9259 2290 -1092
-517 8762 15213 -10218 1981 -1197
-834 8072 15781 -9838 1063 -1686
-782 7108 15576 -8270 731 -2200
-502 6801 15585 -6591 1205 -2232
-584 6725 16033 -4910 1616 -1848
-84 6765 16293 -2662 1557 -1195
52 6965 16265 -484 1693 -739
70 7577 16026 543 2124 -494
-237 8254 15980 442 2401 -413
-53 8415 15767 -9 2956 -753
-322 8408 15940 159 3000 -1278
-428 8717 15981 123 2528 -1623
-766 8969 16112 -374 1828 -1512
-720 8541 15992 -429 720 -1357
-318 8046 15268 425 764 -1280
-10 8197 14678 1294 2335 -1387
-56 8932 14866 1692 3715 -1383
-382 10193 15224 388 4899 -1241
-780 10140 16278 -1553 4751 -1246
-857 9612 16772 -3731 4116 -1394
-573 8642 16797 -4682 3941 -1309
-310 8194 16729 -4908 4331 -893
-581 7358 16664 -4628 4582 -356
-1021 6697 16758 -3823 4770 15
-1932 6637 17184 -2855 3978 245
-2310 6802 17289 -1697 2361 438
-2126 6444 17076 -790 728 252
-1952 6710 17456 17 -1320 -54
-1505 7018 17582 359 -2960 -306
-1372 6621 17714 1524 -4108 -572
-1033 6534 17698 2820 -4284 -656
-708 7558 17824 3478 -4156 -100
-976 8589 18014 3277 -4146 454
-913 9125 17513 2734 -4135 790
-490 9126 16606 2077 -3485 641
-81 9049 15732 1579 -2232 333
93 8742 14946 1249 -323 -132
-248 8677 14618 825 1334 -675
-754 8326 14241 591 1662 -1158
-718 7849 13622 772 1986 -1942
-1266 8258 13520 4 1185 -2375
-1314 8085 12758 -592 1990 -2668
-1222 8193 13934 -1012 2904 -2484
-1838 8624 15677 -2631 1719 -2213
-2053 8142 16478 -3773 221 -2063
-2325 8240 17252 -4903 -697 -2057
-2492 7181 17482 -5248 -1292 -2308
-1878 6565 17181 -4611 -1068 -2598
-1557 5061 17385 -3595 -1044 -2512
-1441 4842 17038 -1526 -1098 -2678
-1472 5525 17090 -551 -1336 -2500
-1312 5760 16725 730 -1067 -2058
-1360 6012 16438 2108 -902 -1177
-1136 5768 16469 2936 -1018 -484
-909 5633 16028 4224 -1576 -191
-890 6452 16301 3968 -1578 -351
-678 7053 16664 3098 -1519 -896
-117 7142 16797 3007 -981 -1303
-266 8032 17000 2179 -1010 -1346
-310 8526 16633 826 -1331 -1048
326 7790 15996 -5 -1817 -886
728 7297 14986 701 -2795 -457
184 7368 14493 1918 -3694 -157
-600 8322 13893 2446 -3637 -237
-1298 9337 13969 1469 -3100 -711
-937 8998 14364 1127 -3169 -1620
-889 10106 15333 -83 -3245 -2289
-922 10229 15468 -2115 -3344 -2522
-184 8986 15476 -2912 -2790 -2797
88 9656 15196 -3657 -712 -2869
-10 9334 15973 -3814 647 -2391
450 8590 16524 -3205 1518 -1708
294 8025 17490 -2471 1083 -1051
236 7732 16731 -923 -678 -620
902 7553 15830 720 723 -198
777 6922 16332 1470 1586 -45
808 6445 16581 2469 1378 256
701 6744 16173 3462 1525 604
388 7525 16545 2869 2317 602
329 7625 16604 2257 2557 729
646 7378 15878 2807 2988 554
362 7897 15349 2235 4616 230
-536 8449 16098 520 5032 -154
-1198 9165 16529 -1029 3846 -118
-1357 9412 16230 -1333 1992 366
-814 9278 15110 -2088 1470 527
-585 8436 14490 -2310 2649 -216
-392 8388 14614 -3403 3798 -1193
-833 9124 14984 -5181 3465 -1427
-1353 8992 15482 -6492 3158 -1365
-1728 8332 15988 -7216 2890 -1531
-1825 7681 16540 -7247 2440 -1625
-2072 7300 16880 -6570 1908 -1525
-1973 7261 17238 -5420 1285 -1305
-2094 7430 17494 -4189 537 -1139
-1884 7318 17596 -3220 -327 -867
-1677 7106 17513 -2297 -1009 -607
-1548 7017 17441 -1360 -1491 -361
-1249 6862 17009 -720 -1738 -166
-1208 6804 16602 -272 -1576 5
-1309 6881 16280 -33 -1225 9
-1261 7020 16165 -197 -822 -26
-1272 7081 15905 -563 -609 -78
-1330 7037 15820 -1033 -466 -123
-1354 6925 15756 -1364 -454 -142
-1506 6906 15709 -1669 -522 -64
-1628 6658 15746 -1863 -624 148
-1626 6296 15796 -1665 -574 255
-1681 6082 15857 -1292 -463 362
-1645 5758 15893 -867 -239 389
-1885 5821 16025 -464 72 344
-2050 5890 16092 -259 296 277
-2146 5821 16070 -183 372 231
-2074 5736 15998 -54 283 201
-1938 5656 15757 179 110 116
-1694 5605 15497 372 -97 41
-1498 5666 15310 587 -232 -85
-1272 5680 15077 735 -214 -144
-1025 5713 14897 947 -96 -233
-836 5828 14704 1129 222 -295
-686 5977 14637 1303 750 -405
-532 6214 14566 1491 1418 -539
-452 6497 14532 1499 2250 -685
-446 7050 14596 1300 3177 -970
-441 7461 14668 873 4048 -1324
-649 7878 14804 339 4921 -1623
-982 8180 14900 -304 5807 -1683
-1165 8133 15128 -689 6655 -1537
-1542 8164 15206 -829 7450 -1263
-1709 7744 15393 -585 8202 -927
-1808 7369 15469 74 9104 -552
-2280 7052 15549 1169 10288 -81
-2093 6844 15284 2365 11166 174
-2713 7210 15161 3332 12034 262
-2845 7688 14928 3510 12885 171
-2754 8228 14897 3329 13437 -187
-3408 8420 15216 2457 13305 558
-3306 8237 15406 1345 12510 1223
-3452 7741 15356 1014 11562 1909
-3689 7518 15333 1331 10741 2413
-3768 7290 15428 1995 9894 2571
-3856 7408 15452 2513 8872 2483
-4209 7788 15426 2595 7849 2341
-4393 8068 15614 2216 6883 2010
-4604 8026 15676 1638 6082 1704
-4764 8182 15648 937 5490 1400
-4914 8402 15686 101 5016 1046
-4992 8290 15658 -545 4740 662
-4984 8496 15654 -904 4688 334
-5077 8482 15729 -1103 4758 132
-5285 8782 15681 -1280 4898 56
-5536 8846 15777 -1402 4998 46