2730 6237 11236 -7041 -1487 715
2722 7204 11573 -8179 -2477 534
3204 6393 11556 -9587 -2491 -173
3933 5076 11389 -9951 -1650 -787
4006 4758 11108 -9298 -299 -1007
3982 4352 10917 -7412 576 -1247
4016 4046 10746 -5466 865 -1353
3738 4110 10906 -4102 844 -1544
3677 4141 11305 -3510 1113 -2187
3457 4538 12150 -3757 1825 -2806
3533 4760 13072 -4206 3581 -3572
3218 5225 14056 -4755 6377 -4590
2788 5398 14742 -5201 8824 -5261
2437 5216 15636 -5144 10047 -4949
2424 4360 16480 -4267 9430 -3449
2753 4021 16592 -2760 8598 -2370
2624 4484 16692 -614 8314 -1617
2820 4302 16620 3033 7648 -725
2433 4824 15589 5886 7265 -1433
685 5961 14202 6450 6855 -3725
-714 7905 12265 4018 7613 -6394
-1644 8170 11882 2723 10715 -7983
-330 9098 14293 1441 11344 -6804
-92 9406 17286 -1662 7190 -4301
254 8500 19093 -5696 1911 -2887
1433 7344 18913 -7610 416 -3074
2709 5476 19232 -4861 1855 -3368
2869 5466 19326 -1294 3823 -2787
2384 6357 18893 52 4831 -2210
2720 6374 17868 1410 5700 -1708
2306 5664 17249 3578 6502 -1413
704 5454 17064 4444 5704 -774
457 5944 17546 3817 3284 -153
800 6862 18128 2307 1057 283
1125 7178 17865 719 -196 51
1186 6508 17340 -331 -620 -837
1253 6464 17176 -673 -493 -1734
1212 6682 17490 -647 -134 -2223
1098 6970 18144 -518 -254 -2287
717 7845 18346 -989 -798 -2336
704 8056 18076 -1433 -1011 -2335
1208 7864 17002 -972 -55 -2411
1422 7974 16189 -567 2175 -2578
1252 7778 15813 -384 4102 -3101
1109 7925 15217 -938 5413 -3793
682 8053 15128 -2542 5731 -3925
76 8001 15648 -4048 4866 -3580
-5 7345 15396 -4506 4087 -3502
-5 7070 15420 -4617 4200 -3761
-129 7469 15849 -4965 4657 -3893
141 6956 16433 -5405 5596 -3836
244 6308 16756 -4774 6259 -3245
296 5932 16842 -3806 6331 -2592
-48 5436 16532 -2338 5935 -2094
-433 5485 16781 -891 4970 -1557
-990 5505 16622 -432 2904 -1150
-460 5345 15298 566 3186 -1135
-493 6402 15752 1166 4328 -856
-1000 7320 16885 656 3374 -248
-857 6816 16996 -231 2731 -74
-1093 6474 17976 -926 1673 45
-1425 5810 18829 -526 -771 397
-1172 4581 18089 744 -2399 416
-752 4448 17204 1815 -2792 217
-373 4600 16720 2733 -2356 347
305 4918 16770 3779 -2140 723
158 5910 16624 4052 -1899 1158
-72 6853 16576 3787 -1312 1547
-337 7502 16961 3476 -899 1755
-645 7836 16785 3116 -634 1734
-724 7896 16256 2805 -254 1337
-850 8042 15772 1688 90 724
-622 7858 15566 -468 151 132
-482 7596 15826 -2410 -50 -264
-469 6778 15841 -2879 -523 -609
-172 6426 15316 -2286 -135 -1089
-604 6364 15414 -1764 -66 -1412
-429 6182 15078 -824 1025 -1788
-350 6104 15790 -36 1268 -1894
-556 7072 15705 -139 1356 -1711
-365 7236 16289 -1134 1555 -1669
-452 6970 17110 -2497 1014 -1729
-317 6601 17402 -3438 401 -1747
293 6009 17393 -3227 653 -1859
358 5678 17629 -2264 1213 -1230
-431 5594 18118 -760 354 -112
-702 5189 17728 758 -1125 534
-592 4653 17026 2220 -1870 368
-652 5309 17117 2775 -2337 150
-342 6050 17673 2723 -3162 172
-33 5985 17274 3069 -3488 434
432 6224 16784 3872 -3600 1101
441 6641 16132 3452 -3651 1482
696 6921 14974 3641 -2565 1649
577 7100 15540 3487 -2152 1876
-2 7569 15802 2961 -3099 1935
126 7168 15414 3034 -3577 1457
628 7106 15230 3589 -2814 503
445 7708 15677 3147 -2255 -52
584 7789 16053 2403 -2054 -177
677 7296 15477 2635 -1721 -385
1114 7585 15369 2988 -476 -608
574 8254 15404 2347 -630 -661
752 8146 15272 1444 -771 -691
542 8889 15762 51 -1186 -627
301 9345 16033 -1643 -2072 -362
660 8661 16386 -2922 -1671 -489
1165 7853 16636 -3674 -158 -875
1286 7425 17248 -3706 708 -1177
1124 6862 17529 -3339 607 -1062
1236 6493 17088 -2545 951 -909
1180 6394 17494 -2196 1389 -567
737 6206 17626 -1954 295 -277
1322 6148 16056 -736 1030 -47
1120 6566 16125 -535 2390 -23
604 6804 16370 -1345 2660 -200
532 6732 16496 -1533 1840 137
890 6520 15549 -473 1278 815
945 5805 15238 93 2510 754
706 5890 15081 -373 3751 163
173 6974 15045 -679 3496 -689
-182 7765 14472 -1053 3402 -2136
-866 7969 14346 -1801 2293 -3248
-473 8754 13928 -3183 3378 -3468
-1090 9410 16184 -6285 2003 -2734
-880 7465 16454 -7583 -16 -2540
96 6302 16446 -6817 583 -2565
889 5590 16961 -4725 1633 -2307
862 5408 17006 -2849 1685 -1916
1059 6282 16180 -1129 4270 -1389
133 8208 17528 -2381 5468 -617
-406 8052 18158 -4076 4736 -264
-650 5236 18570 -4820 2325 97
-60 4000 18141 -2933 -1473 895
701 4900 17828 320 -2476 1708
441 5426 17988 1946 -3201 1791
998 4866 16952 3610 -2593 948
1612 4861 17340 4252 -1191 632
974 5514 18072 3419 -2026 936
1082 6069 16233 3161 -2349 1088
1448 6493 14537 3526 -92 1963
998 6269 13948 5280 3011 2492
94 8074 13866 4451 4722 1870
-680 8912 14361 839 4824 1079
-1052 8529 15174 -2378 4582 121
-1204 7694 15662 -4277 3437 -729
-1212 6580 15764 -3798 2094 -802
-1234 5898 16514 -2632 1097 -470
-786 5742 16836 -1540 338 -341
-792 5566 17143 88 -1012 -474
-740 5508 16754 1777 -1590 -962
-503 6119 15704 2102 168 -1742
-76 7477 15349 -194 2590 -1813
-830 6402 15706 -2917 2390 -1800
-474 5940 15564 -3384 3234 -3104
986 6618 16300 -3106 4570 -2831
-1418 6016 16889 -3907 4771 -1978
-2075 5340 17420 -3838 4665 -1127
-1597 5280 18159 -2643 3635 -745
-1976 5120 18058 -2423 2768 -726
-1948 4690 17871 -1475 1633 -743
-1404 4687 17635 207 712 -293
-1390 4953 17424 1145 97 188
-1576 5127 17748 1415 -1069 290
-1462 5089 17801 1776 -2487 286
-1385 4686 17481 2219 -2734 -13
-1030 4573 17749 2543 -3777 -270
-528 4925 17481 2804 -4280 -301
-52 5285 16656 2851 -3466 -166
68 5812 15886 2763 -2137 186
-196 6397 15550 2022 -434 210
-545 6629 15500 877 1058 -171
-664 6322 15617 -57 1404 -485
-816 6058 15658 -652 1286 -733
-913 6165 15666 -789 1143 -850
-933 6288 15786 -804 855 -894
-957 6424 15972 -730 121 -950
-801 6442 15937 -647 -502 -1112
-640 6416 16050 -786 -862 -1137
-390 6402 16100 -753 -915 -1087
-177 6402 16017 -336 -521 -1122
-16 6718 15958 55 123 -1207
-38 7058 15898 -77 801 -1268
-144 7221 15869 -351 1451 -1210
-236 7167 15905 -210 1848 -1025
-239 7127 15945 -36 2061 -711
-356 7114 16125 -156 1914 -527
-450 7217 16152 -524 1670 -577
-664 7214 16316 -993 1600 -632
-712 7123 16573 -1369 1467 -557
-744 6730 16800 -1277 1405 -238
-838 6576 17033 -933 1094 151
-1030 6628 16918 -644 867 287
-1240 6860 16837 -654 567 281
-1282 7052 16796 -1073 193 273
-1120 6952 16704 -1643 -363 315
-994 6521 16474 -1789 -796 457
-936 6314 16356 -1420 -849 551
-845 6221 16288 -1097 -674 589
-959 6318 16181 -892 -352 544