-1097 7993 18712 -4119 -238 -3599
-809 7965 19609 -4257 46 -3681
-694 7966 20121 -4443 891 -3836
-1160 7933 20433 -4605 1272 -3446
-1346 8189 19880 -4709 1681 -2946
-697 7422 19562 -3470 1820 -2123
-2 6377 19310 -961 1092 -1006
-162 5908 18394 1816 -74 -492
-430 5908 17490 3881 -1319 -325
-861 5996 17684 4992 -2895 -667
-993 6392 17549 5628 -4303 -1235
-558 6944 18293 5029 -5705 -1633
-165 7404 18593 4800 -6100 -1262
114 8025 17872 5692 -4848 -830
-260 9286 16746 5802 -3207 56
-604 9818 15281 4869 -2018 893
-324 9273 13853 3855 -164 668
-840 8517 12601 3115 1430 -846
-766 9065 13125 1649 3236 -2597
-1585 9929 14837 -1052 2283 -3426
-1417 9877 15946 -4187 143 -3645
-690 8605 16302 -5694 -1229 -3782
-177 7749 16637 -5956 -1102 -3908
-180 7024 16858 -5629 -565 -3768
-84 6444 16158 -4795 1128 -3731
13 6220 15993 -3861 2526 -3638
-253 6469 16333 -3690 2540 -3403
-469 6642 16772 -3700 1116 -2733
-601 6416 16629 -3662 -393 -2081
-401 6233 16726 -4239 -1517 -1702
-450 6225 17392 -4910 -3319 -1175
-468 5472 17162 -4430 -3825 -1626
-56 5133 17256 -2676 -3569 -2156
100 6033 16816 -2121 -2821 -2313
277 6386 16614 -2608 -1558 -2099
641 6746 16166 -2754 -512 -1443
273 6746 15669 -2484 483 -917
92 6373 15429 -1695 788 -784
-72 5956 14802 -353 894 -1268
-250 6242 14445 908 1236 -1868
-490 6749 14480 1078 1263 -2265
-796 7384 14789 37 1477 -2302
-1082 7318 15416 -752 1528 -2248
-696 7248 16316 -1764 1240 -1823
-594 6904 16922 -2287 443 -1412
-230 6741 16741 -2149 459 -1324
-5 6177 16654 -1360 1001 -1662
364 5782 16218 57 1739 -1894
449 6334 16089 636 2601 -1797
-89 6837 16292 566 2531 -1758
20 7430 16305 206 3093 -1594
-305 8134 17189 -692 3041 -1207
-537 7882 17964 -1679 2390 -968
-434 7434 18034 -2121 1068 -872
-113 7046 17772 -1786 293 -518
153 6776 17392 -1294 -61 -178
13 6212 17111 -936 177 198
-786 5857 17205 -472 123 517
-1356 5736 17709 4 -1331 598
-926 5476 17821 851 -2534 391
-610 5589 17833 1526 -2864 76
-97 5225 17816 2579 -3425 -146
573 4738 17149 4183 -3684 14
594 5092 16650 4923 -3344 266
364 6276 16248 5256 -2513 672
229 7558 16038 5236 -1429 1231
-170 8484 15966 4428 -732 1774
-308 8889 15981 2912 -327 2062
-248 8869 15625 1936 347 2010
60 8820 15214 539 1354 1666
229 8240 15189 -822 2063 1108
333 7554 15282 -1528 2195 468
374 7068 15269 -1718 2278 9
117 6890 15552 -1328 2155 -345
-302 7037 15690 -1053 1815 -476
-461 7132 15612 -1601 1827 -469
-656 6874 16068 -1705 1423 -334
-754 6684 16532 -1648 636 -184
-824 6927 16752 -1822 -43 37
-761 7024 16796 -1874 -175 183
-664 6898 16857 -1603 -28 172
-662 6974 16985 -1392 -24 41
-754 7056 16798 -983 -248 -123
-482 6497 16409 -37 -78 -335
-510 6410 15790 670 -413 -865
-246 6478 15668 602 746 -1143
-704 7653 16125 -1041 706 -1122
-618 8286 16034 -4273 -76 -1506
318 7246 15814 -6621 464 -2156
-341 5790 16574 -8200 450 -2302
-260 5617 16970 -6853 8 -3136
2169 6489 16952 -4453 793 -2202
-161 6234 17292 -3641 1075 -523
-1070 5913 17854 -2562 142 758
-1629 5005 17757 -1925 -847 632
-1762 4841 18602 -1617 -2657 257
-620 5238 18982 -720 -4709 84
117 4805 18270 1518 -5610 183
353 4742 17814 3449 -5738 390
521 4886 17617 5391 -5848 993
1006 5236 17708 6696 -6318 1631
1060 6694 16978 6822 -5858 2178
1054 7446 16225 5667 -4493 2496
1388 7350 15062 4539 -2641 2466
1772 6930 13600 3266 452 1740
1468 6838 14204 2013 2401 821
1346 6226 14882 1437 2482 209
880 6376 14661 1182 1521 -289
472 6345 13978 1303 1100 -990
-229 6836 13834 1240 1669 -1909
-868 6989 14190 838 1019 -2698
-364 7840 14542 -330 2131 -2816
-468 8620 15724 -3563 1687 -2461
-716 8298 16534 -5981 328 -2829
201 7592 15770 -6847 1371 -3273
902 6525 16249 -7027 2626 -3051
754 5838 17068 -7339 2918 -2383
777 5194 17369 -6107 2907 -1415
573 4992 17645 -3937 2362 -774
124 4861 18089 -2496 1280 -559
-82 4678 18984 -1533 -861 -177
240 4072 19228 170 -3022 -131
982 2757 17817 3539 -4344 -1056
1993 3754 15781 6676 -3521 -920
1670 5446 14992 8034 -1735 -242
1046 6986 14466 7743 475 198
478 8374 13693 5949 2611 390
9 9474 14070 2301 3320 303
-396 8928 14126 -936 2989 -14
-314 8238 14208 -2648 3316 -933
-532 8006 14933 -3409 3082 -1589
-445 7552 15716 -3588 1865 -1540
-390 6886 16041 -3241 563 -1353
-213 6502 16052 -2340 -43 -1307
-56 6436 16386 -1342 -140 -1260
-401 6606 16301 12 -638 -1260
89 7214 15982 792 874 -1283
-97 8184 16760 239 1492 -1102
75 8029 17019 -814 882 -942
266 7998 17257 -1734 687 -862
-12 7530 17722 -2388 -484 -672
341 6694 16444 -2173 -482 -944
878 7010 16254 -1396 1171 -394
208 7498 16946 -1530 1557 359
-221 7333 17477 -2256 1167 827
-218 6474 17524 -2643 605 839
121 5806 17198 -2372 231 646
378 5365 16882 -1621 368 609
400 5470 16560 -531 917 692
252 5721 16308 144 1688 778
-69 5877 16266 302 2252 777
-328 5785 16169 206 2605 634
-493 5668 16042 56 2984 470
-772 5744 16089 -243 3157 427
-968 5768 16193 -632 3082 350
-1096 5668 16376 -903 2880 285
-1100 5422 16470 -1124 2617 226
-902 5082 16436 -1036 2462 144
-840 4989 16544 -827 2398 98
-788 4937 16542 -523 2483 -35
-928 5125 16702 -312 2770 -196
-1116 5188 16813 -298 2779 -362
-1113 4689 16738 -57 2696 -389
-1140 4177 16505 769 2610 -91
-1136 4665 16628 1530 2683 166
-1138 5817 16762 1042 2321 -616
-1045 6330 16836 18 1803 -1871
-1109 6696 16676 -1285 1387 -2469
-1128 6546 16582 -2465 1092 -2401
-881 6140 16438 -3042 1011 -2241
-645 5961 16464 -2676 1294 -2064
-608 5873 16668 -1884 1719 -1765
-730 5908 16897 -950 2056 -1354
-801 5953 16965 -20 2329 -1018
-936 6376 17096 418 2432 -831
-1020 6633 17141 424 2271 -839
-1165 6877 17114 201 1886 -892
-1252 7044 17045 -246 1519 -961
-1310 6985 17022 -727 1245 -986
-1442 6685 17014 -912 1071 -897
-1717 6552 17113 -861 761 -740
-1745 6382 17036 -582 408 -644
-1810 6418 16942 -310 239 -539
-1828 6441 16828 -133 0 -439
-1769 6286 16718 16 -264 -307
-1690 6188 16536 438 -608 -194
-1505 6140 16144 697 -703 -100
-1357 6184 16050 746 -703 -20
-1157 6205 15835 839 -661 34
-1017 6293 15821 642 -534 -45
-1006 6460 15756 231 -287 -154
-1068 6517 15962 -106 -119 -126
-1058 6410 16024 -118 -84 94
-977 6174 16067 255 224 381
-929 6147 16233 617 387 573
-901 6205 16326 712 435 630
-1101 6238 16537 366 529 617
-1202 6105 16800 -39 716 589
-1310 5894 16958 -266 864 580
-1369 5792 17052 -423 1023 578