-609 6029 15865 -136 2870 -797
-877 6562 16042 558 4076 -507
-1344 7042 15729 105 5034 -366
-1648 7045 15660 -894 5241 -404
-1457 6594 15868 -1344 4739 14
-1161 5722 15584 -555 4435 629
-1016 5664 15532 295 4518 1211
-1741 5613 15960 275 4019 1296
-2144 5582 16224 -23 2772 885
-1568 5400 15808 584 2847 577
-1660 5101 16026 895 2965 188
-1664 4886 15973 1571 3259 -95
-1512 5524 16322 2482 3825 -132
-2424 6552 17332 1690 3653 -191
-2509 7110 18432 -71 2480 -339
-2530 7302 19125 -1249 945 -130
-2284 7404 18794 217 216 498
-1853 7613 17909 2928 1120 1092
-1850 7645 17962 3922 1626 1480
-2270 7126 17377 4195 126 886
-2308 8078 16154 3217 48 -155
-3185 9273 15746 2487 880 -765
-3668 10092 17372 1518 -200 -670
-3253 10124 18732 -241 -3011 -379
-2505 9229 19550 -2028 -5313 -368
-1466 7828 18962 -1388 -5057 -889
-845 7317 18094 502 -2934 -812
-612 7797 17306 1036 -1151 -452
-1005 8013 17021 1607 -1048 -108
-877 8264 16548 1821 -1632 210
-1204 9189 16498 1590 -2147 702
-573 9073 16217 1372 -2062 714
237 9125 16074 -430 -1191 819
-1052 7544 16042 -3123 174 662
-2588 5210 16246 -3677 -700 120
-2282 6332 16597 -2358 -3418 535
-1474 7496 16600 -2832 -4050 1184
-1429 6064 16292 -2566 -4070 1502
-1490 4897 15925 -869 -4692 1580
-1338 5574 15541 1319 -4946 1792
-1430 6232 15529 2850 -5260 1827
-1389 6072 15794 3825 -6307 1805
-826 5497 16160 5533 -7884 1781
-474 5918 16350 5970 -8954 1963
-286 7140 16396 4796 -8851 1928
685 7649 15950 3332 -6817 1560
745 8333 15648 2501 -5251 1504
298 9001 14652 2368 -4250 1205
496 9561 13646 2322 -1415 580
772 9096 13972 210 1296 -497
640 9477 14620 -3568 1302 -1184
137 8880 15376 -5795 219 -1435
393 7938 15430 -5409 155 -1456
384 7750 16021 -3849 303 -981
570 7592 16733 -3378 -394 -641
542 7232 17224 -3408 -971 -530
902 6446 16546 -1664 -407 -806
962 7158 16242 -1317 -308 -781
218 8162 16060 -2739 -719 -665
402 7707 16063 -3434 -494 -679
844 6499 16479 -2104 -254 -505
949 6176 16749 -454 -434 -82
772 6329 16392 239 -411 146
846 6652 15698 479 367 125
645 7145 15722 -264 1631 32
360 7416 16282 -1689 2002 63
186 6905 16534 -1933 1913 141
210 6337 16554 -815 1822 -61
446 6176 16398 331 1874 -124
400 6492 16551 812 1337 -166
552 6369 16816 1632 1004 -287
1188 5605 16317 3162 983 -541
1177 6921 16532 3615 1450 -211
1126 7298 16819 2942 1329 242
1566 7236 16238 3747 1984 857
114 8952 15873 3357 2027 1241
-704 9995 14886 -469 1908 209
-241 8842 15641 -4535 1213 -58
10 7721 16944 -4708 381 -332
124 7277 17277 -3681 -248 -19
13 7109 17445 -2794 -292 292
-42 6774 17345 -1936 74 403
164 6473 16865 -548 695 422
-187 6696 16080 575 591 140
-279 7411 15521 500 217 -244
-244 7628 15368 -470 -125 -583
156 7369 15513 -1199 167 -748
298 7234 15574 -2002 585 -693
544 6729 15632 -3026 1549 -984
389 6557 15545 -3782 1299 -1446
288 6705 15309 -3886 1688 -1629
584 6467 15109 -3027 2422 -1809
708 6214 15214 -1327 2605 -1394
577 6910 16026 -418 2443 -423
-161 6798 16494 -911 1648 184
-1153 6308 16916 -1804 1245 272
-1421 6184 18084 -2394 -62 -154
-856 6084 18254 -1781 -1001 -265
-626 5809 17877 20 -1801 -294
-80 5981 17481 2340 -2893 -26
-42 6678 17430 3079 -3436 378
337 6576 17005 3638 -2958 699
572 6565 16886 3817 -2653 1062
436 7253 17106 3848 -3229 1564
386 7532 17076 3919 -3513 1762
754 7965 16420 3048 -2518 1489
1292 7948 15805 1375 -1519 1373
1358 7886 15449 1261 -924 1556
1360 7325 14864 1455 -32 1410
1205 6608 13836 1551 -53 795
1038 6649 12945 1768 939 -66
406 7441 13238 2159 2186 -792
106 8644 13973 1192 2213 -978
-92 9316 14524 -384 2206 -887
-73 8779 15414 -2156 2126 -1044
752 8442 16050 -4005 3190 -1076
228 8132 17313 -4360 1913 -542
1331 7612 16500 -3690 1723 -272
3018 7606 16725 -2016 4130 755
2588 8280 17662 -2326 5138 2303
821 7628 17658 -2724 4861 3743
-390 6470 16770 -2647 4551 4472
-626 6925 17043 -1543 3254 4435
-64 7508 17650 -1050 1973 3394
-493 6864 17530 -594 1939 1961
-1145 6058 17665 855 1244 1002
-1620 6146 18360 1648 -22 889
-1772 6820 18966 1285 -2052 1108
-1431 6230 19436 -273 -4596 1153
-616 5981 18426 313 -6225 805
762 5675 16633 3360 -5341 794
895 6723 15242 5604 -3370 1153
648 8496 14212 4079 -1037 584
212 9032 14258 184 1122 -342
-104 7904 14349 -2116 1602 -1335
-133 7974 14127 -3007 3280 -1866
-257 7481 15371 -2411 3213 -1267
-590 7617 16426 -1478 642 -483
-446 7786 16399 -1245 -1488 -320
-509 7446 15989 -852 -2668 -726
-202 7568 14968 -218 -1575 -1408
322 8048 15264 -946 363 -1616
586 7760 14976 -2369 2245 -2211
863 7563 16003 -4644 1955 -2499
1383 5896 16276 -5656 1958 -2734
2178 5988 16056 -4852 3148 -1965
628 6294 16476 -5328 4199 -965
66 5086 17150 -4930 4105 -738
-1540 5036 17492 -4484 2616 -1384
-1186 5737 17745 -5586 1055 -1712
33 5235 17524 -5942 1103 -844
-308 4242 17075 -4568 919 158
-228 3914 16913 -1597 289 501
-467 4901 16669 -98 529 -15
-1190 4856 16572 524 -191 -858
-1057 3982 16786 2720 -2321 -1449
-600 4842 17424 2627 -2884 -983
-520 5309 17584 2004 -2842 -360
-73 5524 17116 2177 -2606 -88
389 6398 16285 2039 -1954 2
781 6626 15609 1878 -631 -156
898 6480 15137 1519 1027 -500
698 6560 14638 1068 2710 -938
473 6624 14589 170 4105 -1364
133 6829 14869 -1285 4492 -1681
-306 6732 14984 -2507 4489 -1960
-449 6517 15142 -3100 4562 -2120
-761 6329 15245 -3233 4086 -2037
-844 6204 15204 -2954 3834 -1761
-938 6050 15484 -2346 3669 -1596
-1080 6074 16121 -1766 3110 -1349
-1065 6122 16826 -1300 2114 -1125
-950 6138 17212 -1135 1225 -1062
-728 6080 17380 -1056 686 -1050
-506 5881 17272 -839 603 -1071
-372 5852 17129 -580 941 -1123
-461 6061 17201 -488 1330 -1215
-565 6126 17169 -551 1431 -1290
-722 6085 17149 -515 1409 -1335
-840 6130 17176 -464 1285 -1264
-1012 6249 17185 -413 1003 -1188
-1166 6170 17090 -445 522 -958
-1094 5848 16946 -199 260 -784
-1184 6114 16842 -165 222 -674
-1278 6160 16989 -260 217 -727
-1228 6068 16880 -397 155 -783
-1074 5937 16788 -448 -7 -829
-946 5902 16742 -522 -171 -891
-765 5746 16829 -401 -380 -929
-768 5870 16592 -271 -395 -844
-651 6122 16310 -527 166 -769
-586 6156 16358 -811 598 -790
-697 6096 16540 -961 798 -823
-897 6066 16456 -1061 976 -561
-946 5946 16422 -1033 1213 -335
-925 5656 16424 -825 1232 -105
-926 5458 16479 -359 935 8
-956 5486 16465 202 386 66
-979 5653 16462 464 -20 54
-1136 5794 16573 504 -317 28