-15076 12572 15121 -7907 -15669 9196
-14781 12505 15208 -5533 -17302 11242
-14143 12492 15076 -3092 -19423 13595
-13269 12539 14643 -1312 -21366 15891
-12634 12820 14126 -1133 -22694 17056
-12068 12726 13884 -1575 -23402 17243
-11253 12906 13424 -3010 -24384 16791
-10348 12716 13066 -5424 -25617 16063
-9768 12217 12704 -7246 -26517 15478
-8973 11374 12518 -8665 -27356 15136
-8090 10285 12077 -8980 -27867 14701
-7572 9829 11673 -8931 -28039 14128
-6148 9218 10784 -8170 -27950 12551
-5304 8850 10402 -8329 -28130 11290
-4377 8536 9828 -8966 -27414 10427
-3398 7589 9510 -9377 -25535 9520
-2397 7651 9558 -10270 -23241 8828
-1739 7833 9005 -12493 -19765 7515
-885 7288 9332 -14523 -16369 6072
-225 6228 9764 -15458 -14177 4698
40 5732 9992 -15390 -12800 3855
483 4716 10056 -14537 -11482 2586
1205 3149 9521 -12447 -9731 1366
1698 3318 9153 -10110 -8216 1243
1843 3210 9169 -7813 -6248 1007
1763 3060 9596 -6688 -4519 -196
2001 3261 10067 -6300 -3187 -1717
2236 3379 10908 -5778 -2039 -2444
1714 3831 11811 -5795 -386 -2743
1172 4205 12800 -6419 613 -3042
996 4538 13502 -6303 1174 -3070
1035 5097 14323 -5909 1870 -3221
919 5121 16042 -5236 1534 -3020
965 4876 17070 -4403 -33 -2590
1454 4925 16818 -3151 -556 -2272
1938 5102 16288 -1330 247 -1736
2589 4947 15254 2467 2967 -898
2506 4918 14694 5567 6324 -1593
2094 5773 14602 4655 6615 -2818
1116 6408 14024 2921 6267 -3832
337 6428 13011 1594 6674 -5273
290 6656 13188 442 9053 -6731
49 7421 14966 -1950 9127 -6357
142 7452 16453 -6232 6846 -5662
724 6432 16224 -7816 6625 -5993
1385 5447 16990 -7848 7071 -6422
1094 4937 17708 -7191 7025 -6106
1288 3841 17852 -4875 6361 -4957
658 2976 17733 -1670 6101 -4103
-189 2928 18232 271 4500 -3208
-660 3401 18541 1831 2024 -2504
-872 4410 18494 2871 -271 -1983
-514 4926 18172 3806 -1895 -2032
-217 4901 17797 3712 -2566 -2622
266 5167 17696 4012 -2497 -2783
506 6790 17262 2943 -2353 -1631
770 7101 16800 1502 -1802 -645
1049 7168 16370 1539 -1052 193
1052 7258 15730 1644 732 896
660 6738 15423 1037 1978 512
506 6096 14568 853 1538 -419
498 6192 14288 657 1979 -1224
-208 6823 15013 213 2351 -1742
-333 7186 16669 -872 1551 -1659
-173 6905 16789 -1999 952 -1490
-261 6451 18063 -2127 -59 -1532
-49 5345 18038 -377 -1491 -1519
1062 5835 16757 1719 892 -1558
1159 8106 16627 2508 3886 -665
-770 7674 17538 1479 4375 59
-1392 4847 18092 1329 1355 -570
-232 6664 17611 711 -1077 -147
-637 6185 17444 -119 -1350 -102
-951 6730 17100 -1291 -2603 -753
-405 7070 16767 -2357 -2315 -1328
-578 7192 17546 -4391 -3154 -1300
-158 6718 17628 -5275 -3863 -1341
593 5999 17134 -5001 -3330 -1432
837 5876 16452 -4549 -1923 -1021
870 5804 15886 -3724 -673 -503
445 5426 15269 -2973 -435 -431
1105 4646 13366 -2367 1337 -851
481 6086 14436 -4330 3067 -828
-750 6474 16924 -6554 1373 -372
-564 5236 17784 -7006 -971 -161
81 4044 17210 -5616 -1088 -652
401 3757 17088 -4652 -39 -1034
473 3825 16977 -2772 634 -1038
434 4289 16713 -1238 1137 -522
529 4150 16711 11 1134 126
508 4447 16765 1438 1171 489
489 4842 16665 1536 1279 573
430 5226 16766 898 1314 629
537 5197 16791 238 1697 823
547 4712 17030 646 2008 946
690 4180 16886 1438 2125 895
430 4445 17089 2571 1987 847
159 4913 16707 4850 2163 1611
-217 5762 16172 5250 2854 1196
-640 7498 16496 1474 1954 721
-964 7358 16730 -1580 1175 359
-636 5664 16726 -3626 272 -466
-384 3972 16522 -3725 -825 -1161
-230 3542 16044 -2140 -701 -1214
-350 3598 16514 -679 -535 -916
-609 4217 16585 517 -904 -514
-320 4813 16244 972 -556 -1006
8 5159 16421 515 51 -1772
473 5814 15854 -509 1811 -2428
293 6176 16398 -2409 2826 -2203
160 5344 16446 -2966 3166 -1098
302 4678 16936 -2473 3267 -252
-427 4062 17777 -2347 1925 -38
-350 3946 17499 -777 1293 -5
-356 4576 17950 495 1137 345
-961 4812 18377 611 458 602
-1401 4270 18678 971 -1283 428
-1133 4054 17941 2242 -2284 16
-514 3766 17814 3367 -3130 -262
-460 3848 17801 3493 -3889 -734
640 3685 17024 4233 -3927 -414
850 4617 16332 4583 -3533 271
754 6100 15476 3780 -2147 908
699 6526 15453 2227 -857 984
788 6573 15354 810 47 834
1082 6136 15536 132 1133 719
1314 5673 15661 234 2125 955
890 5420 15036 1420 2585 757
33 5778 14604 2372 2635 -117
-527 6596 14147 1968 2751 -1077
-402 6746 15026 570 2189 -1680
357 6926 15325 -1094 1560 -1847
998 6168 14930 -2506 2021 -2209
2330 5106 14474 -2347 4127 -2553
2679 4200 14481 -1835 7081 -2625
2964 3656 13749 -398 8836 -1919
3126 3850 13196 1946 10579 -1073
1705 5330 14066 1604 11597 -393
-993 6072 16290 -2133 11015 -905
-2969 5295 17404 -5886 10250 -2781
-4357 5421 18425 -7147 9008 -3355
-4980 5244 18786 -6802 6992 -3247
-4618 4920 17826 -4291 6475 -2957
-4510 4330 18670 -716 5272 -2015
-5190 4838 19996 638 2202 -1603
-5404 6326 19699 -1115 -1704 -1718
-4661 5893 18620 -963 -3487 -1697
-4332 5690 17878 206 -4310 -1238
-4133 6237 16681 365 -3821 -936
-3895 5575 15925 -584 -2002 -1365
-3192 5092 15850 -1730 -100 -2158
-3320 5204 16058 -2180 457 -2199
-3440 5233 16233 -2055 503 -2083
-3225 4737 16501 -1578 280 -2077
-3100 4589 16758 -1126 -179 -1987
-2905 4618 16921 -647 -875 -1697
-2882 4652 17029 -246 -1203 -1361
-2745 4822 17249 -37 -1464 -1056
-2612 4812 17198 274 -1583 -843
-2444 5014 16913 594 -1437 -627
-2336 4952 16565 839 -1025 -542
-2276 5090 16352 783 -713 -457
-2225 5226 16364 616 -512 -407
-2245 5166 16357 400 -348 -349
-2245 5088 16350 195 -142 -256
-2356 5053 16461 -39 142 -162
-2441 5009 16561 -320 283 -101
-2457 4929 16637 -601 372 -110
-2392 4782 16689 -809 424 -154
-2356 4581 16741 -846 512 -228
-2333 4578 16728 -869 616 -265
-2364 4554 16830 -922 708 -224
-2349 4376 16798 -845 741 -174
-2340 4210 16701 -659 792 -132
-2365 4280 16634 -560 879 -72
-2316 4256 16637 -530 924 -67
-2344 4176 16692 -488 1025 -111
-2230 4085 16664 -432 1161 -147
-2122 3984 16670 -317 1248 -180
-2137 3990 16765 -252 1264 -286
-2176 3884 16865 -230 1253 -397
-2294 3949 16829 -231 1244 -572
-2552 4089 16889 -366 1188 -669
-2641 4057 16902 -498 1002 -728
-2642 4045 16872 -490 663 -818
-2480 4041 16705 -360 332 -959
-2433 4345 16598 -298 165 -1146
-2306 4650 16536 -429 103 -1312
-2194 4828 16546 -680 118 -1385
-2092 4692 16506 -692 352 -1305
-2062 4598 16436 -386 886 -1046
-2100 4542 16470 84 1624 -702
-2128 4486 16418 468 2447 -354
-2277 4744 16425 790 3420 -58
-2505 5138 16585 868 4174 124
-2664 5326 16733 630 4535 138
-2809 5421 16725 239 4750 79
-2704 5134 16718 -235 5001 89
-2820 4982 16674 -469 5178 164
-3016 4933 16658 -500 4889 298