-28054 9088 -364 -25167 -32768 18136
-27334 8680 -406 -24769 -32768 18758
-26697 8576 -488 -24171 -32768 19177
-25177 7661 -972 -22946 -32682 19865
-23518 6856 -1166 -20982 -32095 20501
-21522 6444 -1620 -18533 -31237 20838
-19590 6040 -1598 -16354 -30311 20915
-17972 6473 -884 -15269 -29062 20671
-16576 6934 -118 -15613 -28886 20041
-14832 6225 14 -15872 -29086 19438
-13468 5269 308 -15666 -29003 18854
-12021 4516 1113 -14848 -28561 18200
-10401 3306 1572 -13807 -28475 17262
-9710 3116 2668 -13093 -29078 15404
-9312 3554 4048 -13885 -28580 13087
-8398 3446 5173 -14966 -27277 11042
-7670 2665 6306 -15002 -26845 9647
-6802 896 7172 -13014 -25321 9199
-5241 -1024 7276 -9886 -21336 8563
-3556 -1816 7154 -6020 -15915 7785
-1656 -2441 5449 -584 -10160 8105
-1506 -2189 5570 3022 -5014 8097
-2638 1617 5550 4465 -1488 7788
-4026 2960 8668 4570 -2210 6569
-5834 6516 8838 736 -4883 6083
-5442 7740 8857 -2973 -5160 5492
-4581 7316 10066 -8366 -4909 4508
-3793 5832 10540 -12268 -3684 3548
-2158 3164 10722 -13723 -1748 2265
-1446 834 11706 -14287 166 819
-1596 1718 12492 -14257 2244 -111
-1616 1108 11905 -12261 4752 -1224
-1522 -905 11948 -8007 7287 -1012
-2213 -986 12692 -3246 9325 -264
-2558 -32 13529 619 9728 612
-2666 994 14249 2774 9547 945
-2578 1764 14432 4150 8881 1201
-2474 1425 14445 5372 7749 994
-2396 2816 14613 5242 7103 690
-2368 3565 15204 3923 6318 -61
-2060 3346 15805 2428 4571 -1091
-2417 3018 16245 1903 1870 -1631
-2958 2724 15432 1895 1064 -1285
-2286 2462 14810 2327 1487 -728
-2136 2445 14250 2520 2064 -217
-2141 3232 14257 2756 2879 795
-2962 4665 14344 3206 3920 1372
-3569 5774 14008 3571 5546 1601
-4864 7041 13881 2994 6898 1375
-6660 8516 13830 2534 7514 1174
-7482 8864 14476 2760 6421 871
-6869 9164 15718 -429 4298 211
-7054 9494 15870 -6394 2518 -292
-5980 7518 15540 -10676 2598 -924
-5165 5365 15496 -12407 3846 -678
-5040 3648 16100 -11586 5087 144
-5396 2441 16401 -8598 6142 643
-5778 2366 16882 -5102 6598 1070
-6405 2614 17089 -1591 5966 1161
-6677 3189 17293 1065 4927 1011
-6566 3682 17226 3334 3739 647
-6701 4296 17558 4754 2135 69
-6846 4473 17220 5173 332 -246
-6313 3818 16250 6314 -1191 -98
-5864 4470 15928 5945 -1938 70
-5374 5263 15424 3872 -1393 492
-4645 5224 14850 2867 176 993
-5277 6261 14560 2992 2170 1516
-5930 6700 14596 2643 3537 1516
-6516 6988 14597 1312 3766 1157
-7060 7296 14181 -117 3579 1247
-7329 7253 13564 -204 3991 1775
-6597 7066 13797 -1240 4560 2096
-6346 6793 14510 -4174 4262 1791
-6724 6609 14902 -7047 3872 1651
-6850 5772 15117 -9350 3510 1797
-6105 4694 15544 -10671 3123 2207
-6068 3992 15957 -10607 3080 2539
-6876 3221 16512 -9393 2873 2365
-7656 2688 17004 -7329 2222 1700
-7921 1665 17010 -3870 1567 346
-7645 2092 17185 -121 952 -137
-7693 2256 16901 3023 715 -409
-7132 3226 16934 5089 1029 -275
-6962 3614 16554 6116 683 37
-6437 3809 15970 7260 485 114
-6318 5369 16260 6510 -270 -28
-6604 6276 16248 4561 -1220 -375
-6301 6076 15768 2675 -1731 -818
-5736 5244 15262 1572 -1839 -1448
-5502 5141 14896 499 -1389 -1800
-5178 4894 14430 403 -526 -1541
-5250 5076 13593 1390 1422 -610
-5825 5536 13376 2447 2918 -84
-6794 6566 13810 1377 3581 -144
-7328 7578 13653 -249 3737 -213
-7110 7108 13572 -1544 3359 -391
-6585 6977 14256 -3307 2574 -372
-6670 6769 14914 -6664 1524 -420
-6838 5988 14912 -9259 537 -420
-6572 4782 14569 -9482 794 -386
-6233 3948 14596 -8689 1809 8
-6168 3581 15016 -7450 2729 396
-6549 3436 15362 -5741 3249 660
-6718 3417 15446 -3785 3367 690
-6888 3610 15549 -2060 3374 486
-6874 3872 15492 -914 3416 379
-6909 4208 15546 -299 3369 327
-7066 4490 15448 -1 3280 349
-6954 4546 15305 199 3153 533
-7132 4654 15293 171 2905 696
-7325 4778 15233 132 2764 881
-7534 4765 15056 83 2759 919
-7669 4829 14993 -2 2848 908
-7733 4796 14965 -141 2868 863
-7889 4784 14953 -247 2844 850
-8145 4769 14993 -315 2775 817
-8120 4662 14960 -398 2546 751
-8216 4600 14886 -392 2474 690
-8274 4618 14816 -496 2313 678
-8349 4512 14892 -605 2041 680
-8416 4436 14837 -627 1699 764
-8413 4326 14776 -547 1389 869
-8358 4260 14676 -344 1186 941
-8376 4296 14693 -171 1011 909
-8273 4413 14768 -162 934 885
-8329 4513 14790 -259 933 805
-8164 4509 14849 -442 1017 764
-8149 4380 14749 -555 1300 710
-8296 4426 14870 -512 1591 625
-8436 4410 14973 -486 1896 524
-8461 4409 14996 -546 2067 404
-8481 4318 14988 -605 2133 307
-8530 4226 14902 -537 2023 252
-8782 4185 14938 -431 1838 242
-9074 4304 14982 -304 1592 191
-9144 4420 15068 -337 1278 151
-9146 4392 14962 -378 848 141
-9044 4109 14653 -384 276 319
-8962 3581 14533 115 18 771
-8728 4154 14472 738 -196 378
-8614 4328 14661 781 -278 204
-8497 4497 14657 590 -167 -22
-8488 4570 14662 336 21 -297
-8317 4486 14617 148 254 -417
-8141 4420 14578 30 537 -406
-8192 4309 14404 38 630 -290
-8478 4288 14432 190 606 -146
-8441 4366 14524 320 463 -242
-8278 4561 14488 330 356 -236
-8200 4461 14453 283 274 -156
-8141 4369 14370 349 186 -72
-8097 4441 14391 384 78 56
-8062 4445 14388 360 6 145
-8020 4555 14430 344 37 85
-7937 4812 14398 222 121 -120
-7996 4797 14485 105 447 -211
-8061 4321 14817 199 1052 -93
-7654 4361 14216 448 1073 -145
-8628 4018 14318 734 1562 264
-8309 4690 14400 904 1639 134
-8561 5048 14622 762 1401 -518
-8425 5466 14782 124 1071 -580
-8536 5004 14557 -352 787 -547
-8688 4417 14292 -364 420 -43
-8535 4680 14118 -159 -19 115
-8458 5237 14162 -132 -513 -255
-8264 5108 14022 -239 -953 -316
-8126 4570 13825 -74 -1176 -247
-8050 4550 13830 288 -804 124
-7840 4686 14109 732 -32 280
-7856 5152 14410 992 934 136
-8038 5260 14664 993 1905 93
-8208 5110 14769 918 2791 125
-8424 5193 14864 764 3386 170
-8740 5068 14946 602 3594 249
-9012 4958 15046 565 3407 313
-9008 4812 14926 537 2972 453
-9230 4658 15040 532 2272 556
-9316 4618 15060 442 1486 652
-9336 4750 15009 256 698 587
-9261 4880 14881 -10 23 434
-9057 4664 14852 -334 -526 400
-8840 4432 14724 -568 -855 468
-8321 4309 14470 -617 -1019 543
-8118 4380 14369 -460 -847 474
-8078 4701 14406 -235 -527 118
-8025 4996 14500 -261 -101 -350
-8029 5390 14498 -556 323 -756
-7932 5324 14488 -844 694 -1021
-7902 5302 14461 -962 1086 -1074
-8102 5448 14466 -987 1412 -986
-8586 5324 14524 -1011 1713 -730
-8882 5157 14477 -867 1726 -347
-9164 4682 14354 -421 1534 201
-9340 4884 14416 125 1178 432
-9216 5178 14268 366 619 444
-8932 5550 14230 261 -86 226
-8650 5490 13780 -143 -1145 53
-8186 5026 13228 -411 -2149 278