-2992 10179 8769 -5582 -2211 -10569
-976 9189 9581 -8408 1481 -12180
114 8620 10542 -8832 5351 -13456
566 7793 13237 -7687 10690 -14529
425 7750 15596 -5189 13861 -14206
732 7362 17528 -5065 14346 -13421
-28 7245 19594 -4653 14354 -12373
-1464 7488 21997 -2744 14388 -10965
86 6897 24187 771 18151 -10347
-3776 6468 25668 3511 18586 -8895
-5018 7184 26531 4410 25618 -8055
-10630 13708 27932 7068 22507 -4232
-9777 8434 30816 13942 11163 -4179
-8834 13289 31822 20531 2568 530
-13556 24637 30374 10450 -6671 2339
-12646 21654 26092 2016 -11426 -1160
-8067 13844 23769 -650 -15791 -158
-9261 16878 23444 -4529 -15649 3865
-10693 18546 22730 -9902 -13037 2914
-11750 15633 23590 -12087 -14748 3156
-11729 13080 25052 -10486 -17620 4092
-10232 9502 25268 -7052 -19118 5364
-9888 8145 24753 -3229 -23941 8243
-8198 7774 24488 222 -28776 11058
-4085 7697 23713 3050 -28012 12284
-1783 8043 22493 6778 -27034 12553
192 8300 20598 8279 -25716 12745
1972 8509 18678 7115 -24809 12299
3098 8356 17742 5519 -23174 12536
3866 8017 16357 3677 -21808 11957
5044 7419 14657 1564 -20306 11043
5824 6716 13701 382 -19095 10196
6550 6194 12773 53 -17925 9318
7335 5875 11962 -57 -15992 8263
8309 5155 11209 508 -12969 7298
8890 4710 10052 1849 -9698 6460
8629 4646 9040 2578 -7724 5912
7893 4926 8426 2745 -6746 5586
7160 5008 7794 2259 -6274 4991
6282 5196 7082 1872 -5740 4654
5922 4984 6581 1011 -5538 4212
6223 3846 5667 904 -4204 3629
6473 2577 4968 2203 -1866 2903
6475 2306 5030 4260 235 3000
6452 1750 5390 6227 2152 2939
6268 1717 5586 7958 3961 2560
5918 1888 5304 9535 6169 1780
4771 2700 4782 11251 9697 650
3750 3416 4078 12234 14301 -1056
2969 3783 3362 12695 20121 -3352
2066 4240 4132 11625 27581 -6790
529 5552 5293 5808 32328 -10143
-2831 8121 6246 -6585 32767 -14615
-6414 10977 5916 -19304 32767 -18105
-7046 10359 9467 -30869 32767 -21530
-9392 7675 14281 -32768 32767 -22100
-10774 3420 18160 -32768 32767 -15878
-12412 953 20153 -25690 31290 -9494
-14554 712 21462 -17316 22774 -5751
-15262 -1135 22362 -8536 10913 -2712
-13773 -130 22909 -434 778 -675
-12376 1420 23542 4852 -6006 230
-10736 3627 23362 8355 -11116 853
-8614 5407 22676 8865 -12005 774
-7154 6326 21818 7476 -10555 614
-5833 6726 20164 5038 -7268 97
-4916 6960 18524 2833 -3587 -392
-4923 7112 17231 850 -1263 -523
-5313 7024 15953 -965 -334 -963
-5371 6976 15444 -2237 -869 -768
-5130 6341 15517 -2872 -1855 -327
-4672 5784 15489 -3174 -1999 8
-4421 5258 15500 -3288 -1863 566
-4159 5023 15393 -3306 -1812 1070
-3701 4681 15471 -2710 -1833 2082
-3582 4744 14621 -2447 -1748 1549
-3374 4024 14521 -3716 -1388 512
-2210 3483 15401 -3300 -993 27
-1394 2772 15868 -1915 398 -404
-1461 3114 16404 -469 1698 -1328
-2051 2534 16203 2128 3257 -2986
-2201 2487 15326 5932 6054 -2762
-4668 4374 14924 7298 8286 -2106
-7476 7190 15443 5800 6832 -341
-6905 7198 16610 1444 3070 -83
-6061 5443 17752 -1065 -35 -1254
-6760 4730 17188 -809 -272 -1598
-7503 4674 17559 93 841 -2254
-7469 5517 17561 484 1427 -2680
-5715 6204 16877 830 2557 -2167
-1649 5832 14968 -848 4606 -492
1553 3814 9570 -3638 11545 2716
-7348 7292 16065 -11215 7361 5578
-7648 3727 18980 -11514 -4283 4936
-7134 1524 18936 -8454 -4666 3904
-5568 1579 19669 -4707 -6087 1213
-3174 -634 18684 -1538 -5699 296
-2801 -342 18002 2203 -1690 1296
-2423 467 18135 7273 4243 2607
-2326 -240 18272 11868 10450 2974
-3249 1441 16714 15728 15706 2101
-4825 4772 15993 14223 17272 633
-4349 5362 15105 12079 14744 1520
-3134 2440 12397 16247 17808 824
-7485 9371 12666 14378 13674 2152
-9373 9120 12770 11193 6866 -308
-8854 10486 14374 4836 1473 -301
-12473 11694 13864 -1809 -4334 -544
-10931 10701 14722 -10258 -10589 -2259
-7077 8362 14493 -13696 -11972 -3662
-7118 5570 14349 -11791 -11605 -3969
-5393 4230 13717 -6526 -9863 -3118
-5572 3651 13876 -1045 -4809 -1339
-5920 5409 14319 2312 375 1188
-5140 6098 13068 2377 2940 2692
-1594 5408 11145 -1333 5630 3007
-4304 8704 15441 -10562 4187 1330
-9472 9973 15877 -12653 -3506 936
-8516 4364 15380 -11609 -6430 -212
-6709 2544 15284 -9827 -6341 1362
-6487 3818 16170 -7516 -10194 1256
-4193 2394 16909 -5587 -11358 626
-3693 1889 16656 -3594 -9372 849
-3876 1700 16896 -2355 -7253 1007
-3675 2224 17030 -675 -3464 413
-2281 3234 17366 1539 1544 -674
-3241 4621 17696 1348 2289 -1200
-2550 3360 16822 3103 2699 -338
-2082 1641 16040 5897 5085 -508
-3124 5055 15337 7107 5585 -100
-4547 4977 15300 5127 3476 -884
-5954 6634 15299 3433 1221 -764
-7618 7989 15786 -1206 -1231 -362
-8492 7068 16130 -3326 -3022 -866
-7732 6340 16104 -4237 -3943 -1348
-5591 4295 16328 -3641 -4299 -2247
-5661 3657 15665 1607 -2141 -1741
-5252 5014 15546 3291 46 -266
-4316 5873 15114 2191 1926 964
-2170 5754 13310 -825 3901 1995
-986 5292 13259 -5044 6445 2178
-5043 8655 16825 -9256 2501 1996
-7377 2768 16441 -8505 -1025 739
-6372 2157 16729 -6835 -2078 1328
-6340 2451 17836 -4484 -7890 1259
-3817 945 17386 -830 -9682 560
-3612 1744 17220 1271 -7949 1220
-4085 2792 16826 2987 -5394 1856
-3754 3281 16462 4133 -1531 1968
-3158 4049 16762 3966 68 1608
-2801 4594 17110 2232 952 245
-3420 5616 16884 612 -156 -1365
-1770 2456 15838 2450 2979 -2694
-2077 4348 15884 3226 4819 -2701
-3147 5643 15691 1922 3958 -1761
-2314 3592 14782 3600 4481 -2109
-1918 3777 14823 5443 4835 -2825
-3106 4529 14312 5226 5574 -2822
-6357 7392 13513 2955 5708 -931
-8024 8848 13394 -262 3929 576
-6760 7932 13336 -2021 2553 915
-5200 6267 13924 -3275 1504 351
-5678 4602 13758 -2949 2567 -285
-6598 4716 13810 -2725 3433 -412
-6366 4502 14332 -3192 3261 -681
-5934 5633 14923 -3963 1947 -23
-4487 5332 16206 -5336 208 -169
-4444 4826 17124 -6314 -797 -412
-4808 4260 17577 -6651 -1523 -601
-5053 3229 17948 -5620 -1324 -703
-5057 2929 17848 -3955 -515 -680
-4847 2829 17886 -2037 607 -412
-5127 2885 17847 -328 1642 -181
-5746 3224 17755 996 2516 -41
-5743 3788 17595 994 2365 -54
-5698 4028 17464 341 1798 -94
-5943 4156 17208 -105 788 73
-5578 4218 16938 -683 -3 138
-5762 4010 16716 -1053 -783 131
-5446 3696 16449 -1551 -1299 127
-5266 3528 16309 -1749 -1213 21
-5076 3199 16239 -1810 -831 -123
-4914 3149 16073 -1770 -249 -257
-5008 3144 15898 -1709 286 -264
-5189 3106 15670 -1574 747 -269
-5304 3145 15496 -1335 1146 -282
-5495 3256 15549 -1307 1304 -146
-5638 3288 15624 -1289 1210 -14
-5626 3316 15697 -1297 978 24
-5395 3348 15711 -1524 361 -275
-5330 3330 15838 -1736 -147 -309
-5253 3046 15970 -1881 -486 -370
-5364 2681 15882 -1963 -824 -517
-5076 2050 16260 -1785 -879 -580
-4647 1811 16296 -1062 303 -588
-5224 2592 16056 -617 397 -421
-5064 2967 15716 -684 184 -753
-4676 2795 15510 -644 -53 -780
-4440 3058 15398 -630 -221 -774
-4692 3633 15225 -961 -683 -919