-4623 9518 6441 -17861 -27262 17104
-3508 8438 6205 -19866 -27118 15711
-1892 7094 6469 -21842 -25389 13910
-615 7051 7025 -24239 -22792 12024
-88 6520 6997 -25749 -19673 9933
627 5120 7711 -25023 -16147 8243
1104 3624 8544 -22556 -14637 7312
1890 3566 8640 -18099 -12205 5440
2416 3042 8798 -15151 -11049 4007
3220 2609 8488 -11596 -8533 4289
3234 2965 9339 -8521 -5265 4277
3190 3446 9564 -6687 -2413 3541
2796 4192 10182 -5780 317 2424
2513 4743 11021 -5198 2637 762
2131 5659 12131 -4520 4491 -683
1599 5513 13446 -3657 4755 -953
1188 5824 14213 -2407 5064 -1046
626 6100 14948 -1088 5352 -1745
710 5774 15278 -220 5372 -2524
952 6301 15584 1056 5200 -2628
804 6834 15955 1599 4646 -2906
333 7716 16289 131 4146 -4071
713 7752 16861 -1561 3081 -4127
1541 7568 16570 -1495 2066 -3207
1921 7633 15981 -484 2322 -2671
1480 8288 15890 -441 2701 -2949
1472 8485 15333 -456 3494 -3265
1729 8434 15204 -372 4324 -2978
1702 8497 15381 -291 5359 -2308
1450 8429 15668 -276 5833 -1823
1498 7628 15615 -93 6444 -2008
1220 7998 15582 379 7029 -2347
756 8032 15888 422 7126 -2967
795 8696 16264 30 6212 -3439
850 8648 16876 -2909 4626 -3631
1194 7324 16674 -3476 3053 -3740
894 7150 15732 -1948 2861 -4109
610 7620 16078 -1445 3197 -3679
-333 9613 17143 -3627 1301 -2529
-190 9243 17380 -6003 -420 -2286
583 7499 17282 -6582 -627 -2132
783 6879 17256 -4640 186 -1665
773 6912 17268 -1770 1298 -960
636 6602 17186 252 1825 -548
138 6104 17055 1991 2079 -293
-577 6578 17553 2537 1667 -207
-284 6961 18232 2788 496 -28
5 7071 18122 3139 -555 134
9 7006 17814 3424 -1534 203
382 6726 17654 3778 -2115 71
380 7588 17044 3445 -2311 -158
465 8259 16447 2072 -2325 83
720 8117 15620 1986 -1224 391
232 9432 15115 1285 68 302
99 8877 14520 -891 1389 -495
250 8634 15644 -1915 1445 -937
483 8420 15948 -2559 682 -1104
367 7926 16299 -2209 -737 -1102
607 7706 15725 -1905 -521 -851
1422 7340 15344 -818 2070 -114
905 7823 15314 -446 4543 538
-245 7804 15791 -1511 5436 374
-985 8136 16159 -2889 3582 -256
-1152 7961 16133 -4923 1587 -717
-1188 6704 16766 -6207 -232 -1262
-592 5770 17458 -5220 -1711 -1295
-227 5657 17649 -1534 -2922 -680
-73 5957 17378 1655 -3458 80
244 6232 17352 3220 -3559 624
427 7208 17089 4226 -3307 1063
324 8085 16917 3307 -2765 1108
576 8232 16658 1706 -2501 1121
998 7940 16412 881 -1960 1237
1021 7423 15741 1361 -1178 1268
1084 7132 14872 2365 -181 972
1198 7256 14562 3034 1434 741
216 8282 14734 3147 2896 682
-274 8697 15168 1594 2439 530
-88 8540 15756 -229 1135 374
99 7955 15881 -1460 -455 314
608 7396 15678 -1106 -727 448
580 7435 15487 -441 -466 630
930 6970 14700 738 727 322
852 7188 15026 1320 1541 234
559 8473 15101 645 2956 314
482 8232 15792 -424 3686 221
870 7837 15770 -418 4030 113
1018 8204 16079 -424 4832 416
581 8418 16984 -875 4307 839
60 7994 17353 -1449 2932 1080
-106 6645 17181 -1422 1280 858
96 6156 16782 -1020 -258 484
495 6953 16541 -386 -509 599
542 7322 16522 496 -289 797
402 7197 16232 1734 121 933
-32 7112 16034 2524 315 764
-329 7481 16394 2568 -552 387
-72 7434 16549 2290 -1609 193
140 7425 16666 2448 -2270 127
205 7653 16554 2371 -2275 173
204 8056 16426 2758 -1863 312
234 8760 16269 3413 -1400 654
145 8994 15822 4071 -1004 971
408 9308 14944 4078 -161 1113
730 9124 14216 4140 1944 1095
686 9136 14461 3793 3522 829
652 9438 14393 2628 4610 733
438 9404 14552 1896 5248 757
370 9186 14546 1968 5613 661
-46 9106 14526 1823 5729 483
-248 9362 14417 1139 5666 373
-677 9493 15017 -237 4783 275
-857 9220 15197 -1524 3526 -7
-1169 9726 15610 -3346 2668 -485
-1369 9798 15746 -5780 2377 -1206
-1186 9017 15808 -7241 2717 -1939
-1040 8218 16158 -7774 2879 -2555
-880 7112 16504 -7557 1857 -2652
-150 6170 15005 -5789 2664 -2880
322 6437 14985 -3521 4938 -2643
-592 7897 15838 -2521 5782 -2206
-1244 8469 16322 -3058 5698 -2276
-1436 8589 16857 -4532 5449 -2382
-2126 7578 17234 -5962 3869 -2294
-2825 5648 17181 -6453 1627 -2589
-2101 5640 16950 -4639 -563 -2086
-1308 6649 16696 -1711 -1046 -754
-937 6748 16307 857 -296 513
-1162 6353 16238 2763 -592 1360
-1034 6498 16432 4402 -1583 1672
-916 7378 16714 4479 -2788 1700
-446 7609 16481 3223 -3599 1222
-110 7717 16289 1748 -3635 292
-342 8065 16121 939 -3151 -497
-152 8456 15828 669 -2438 -615
68 8386 15438 1414 -1281 -168
90 8188 15154 3242 -607 630
38 8422 14132 4987 -101 1305
16 9508 13828 4511 222 2133
-316 9693 14334 2955 83 2623
-644 9754 14716 952 68 2302
-854 9589 15204 -1300 -258 1317
-824 8805 15426 -2991 -383 246
-866 7968 15549 -3627 10 -715
-1373 7448 15718 -3914 394 -1483
-1366 6552 14400 -2362 1542 -2551
-565 7465 14024 -1448 3188 -2786
-1050 8348 14886 -3565 3085 -2592
-1230 8196 16198 -6335 1613 -2718
-964 6908 16350 -7633 205 -3058
-342 6216 15801 -6989 1280 -3470
-1141 6446 16518 -6417 2160 -3664
-1232 6397 16624 -5067 3202 -3641
-1718 6782 16824 -4539 4039 -3557
-2122 6962 16912 -4518 4276 -3385
-1918 6758 16928 -4792 4151 -3002
-2046 6188 17060 -4715 4104 -2166
-2472 6172 17145 -4474 3872 -1214
-3173 5933 17053 -4047 3541 -409
-3573 5938 17002 -2637 3065 50
-4057 6224 16977 -896 3476 -79
-4496 7337 17292 250 3793 -475
-4445 7656 17934 26 3215 -825
-4204 7016 18180 -547 2201 -779
-3672 6770 18148 -1109 1331 -170
-3078 6014 17849 -1129 719 425
-2438 5509 17266 -454 665 681
-1858 5446 16300 446 1090 682
-1917 5610 15846 386 1740 336
-1845 5606 15681 62 2221 -53
-1936 5496 15666 -192 2347 -461
-2001 5576 15458 -378 2484 -766
-2238 5888 15573 -817 2614 -903
-2417 6018 15676 -1245 2875 -1027
-2613 6076 16109 -1563 2817 -1192
-2761 5821 16453 -1785 2669 -1406
-2709 5620 16662 -1525 2414 -1566
-2705 5732 16760 -1376 2003 -1566
-2585 5642 16913 -1225 1519 -1574
-2550 5574 16841 -873 1190 -1534
-2496 5745 16672 -646 1123 -1532
-2384 5921 16578 -551 1210 -1603
-2389 6054 16398 -527 1407 -1730
-2372 6297 16268 -548 1544 -1787
-2377 6336 16292 -655 1583 -1833
-2450 6390 16134 -790 1516 -1803
-2577 6228 16093 -726 1315 -1511
-2361 5962 16005 -278 1123 -1142
-2344 6116 15946 235 928 -893
-2398 6326 16021 562 894 -859
-2536 6626 16037 628 868 -1021
-2857 7029 16048 204 848 -1151
-3065 7257 16105 -555 688 -1335
-2969 7082 16109 -1229 343 -1607
-2853 6882 16061 -1581 92 -1759
-2725 6664 15960 -1579 16 -1770
-2657 6640 15874 -1448 61 -1657
-2812 6633 16004 -1231 132 -1450
-3028 6708 16048 -975 270 -1186
-3384 6750 16182 -817 270 -896