-13118 14208 5054 5317 -3016 1118
-13138 14360 4992 4698 -3420 1358
-13336 14733 5045 3897 -3772 1640
-13397 14764 5102 2839 -4103 1913
-13497 14862 5172 1436 -4328 2106
-13578 14840 5225 -185 -4433 2187
-13525 14496 5264 -1740 -4431 2249
-13496 14136 5360 -3025 -4403 2248
-13510 13928 5456 -4245 -4360 2169
-13646 13842 5538 -5287 -4374 2090
-13949 13962 5802 -6468 -4756 2217
-14293 13993 6038 -7706 -5407 2525
-14485 13892 6176 -8862 -6116 3046
-14525 13593 6496 -9661 -6675 3554
-14632 13413 6706 -10135 -6977 4047
-14629 13342 6924 -10335 -7103 4384
-14472 13189 7221 -10409 -7059 4534
-14325 12985 7481 -10247 -6811 4549
-14353 13113 7882 -10084 -6546 4456
-14602 13518 8272 -10064 -6109 4245
-14782 14077 8654 -10497 -5533 3974
-14796 14256 9113 -11246 -5039 3980
-14764 14058 9294 -11170 -4446 4336
-14397 13870 9644 -10846 -4167 5382
-14225 13318 10008 -9808 -4021 6667
-13901 12802 10442 -7872 -3887 7933
-13769 13114 10913 -5729 -3807 9119
-13610 13257 11210 -3523 -3872 10359
-13648 14052 11397 -1821 -4212 11598
-13294 14625 11873 -755 -4974 12914
-13214 15417 12324 -194 -7322 14800
-12716 15470 12789 -340 -11008 16796
-12218 15433 12882 -274 -15177 18840
-11506 15808 12482 450 -18437 20554
-10624 16010 12352 608 -20599 21446
-9473 15545 11877 767 -21500 21670
-7794 15325 11796 617 -21150 21153
-7040 16002 11557 -33 -20338 20842
-5526 16012 11189 -1472 -19240 20153
-5008 16574 11098 -3550 -18798 19678
-3880 15533 10788 -5655 -18730 19361
-2652 15048 10618 -7335 -18531 19314
-2376 14570 10478 -9013 -18465 19105
-1690 13626 10536 -10208 -18361 18572
-826 12664 10222 -10737 -18041 17815
-278 12464 10264 -11317 -17820 17213
484 11757 9652 -11816 -17539 16608
1446 10965 9420 -11779 -16046 15976
2250 10780 9777 -11827 -15078 15443
2546 10805 10125 -12601 -14760 14682
2472 11132 9772 -14044 -14744 13295
2593 10920 9505 -15987 -14497 11635
2785 9881 9018 -17458 -14104 10160
3633 8734 8478 -17529 -12727 9339
4042 7885 9153 -17349 -12055 9474
4042 6725 9660 -17121 -11799 9463
4148 5545 9804 -16755 -12493 9039
4558 4821 9521 -15499 -12026 7625
4344 5030 9604 -14222 -11577 5534
4460 5266 9349 -12463 -11069 3053
4986 4981 8833 -10146 -9272 327
4584 5426 9449 -8434 -6646 -2592
3999 4956 10336 -5671 -4299 -4351
2231 5128 10587 -3306 -2369 -5471
1099 7108 12367 -7032 -2217 -5732
2156 7574 14149 -8955 -2647 -4720
2452 8264 15216 -9474 -2584 -4468
3578 8002 14246 -5381 66 -4875
3169 8715 12438 35 6034 -4218
1788 8588 11723 -955 10254 -6580
2006 8904 12240 -3843 11901 -9398
1788 9665 12346 -7414 11693 -11531
1294 9731 12697 -12872 10982 -12488
836 8166 14518 -16047 9429 -11901
1033 7298 15678 -14681 6954 -10776
1473 6546 15894 -11219 5625 -8476
1000 7156 15617 -9415 5569 -6148
1490 6165 15898 -8500 6785 -3837
1148 7074 17005 -8294 7154 -2314
1200 6862 18122 -6834 7063 -1980
2547 6471 18641 -4280 7216 -2099
2336 5320 18422 -426 6479 -1570
957 3233 16975 3021 4254 -982
880 3825 15800 4712 3696 171
934 5885 16150 5863 3690 963
435 8012 16675 5250 2726 591
89 7326 17596 2565 274 -789
486 5538 18390 660 -2374 -1555
1280 4514 18405 727 -3582 -1940
1069 6903 18109 1831 -4665 -1415
1980 6900 16404 5680 -4559 1836
1686 7564 14090 11097 -338 2520
54 11318 13389 7805 3275 949
-23 11874 15092 -434 4781 -1082
408 10750 17566 -5846 1887 -1930
1546 9032 18348 -7029 -473 -1898
2448 7214 18174 -5468 -1558 -1595
2863 5743 16863 -1645 160 -1068
2706 5625 15988 2162 2097 -783
2246 7016 15802 3344 3126 -791
1290 9250 16318 1467 2621 -650
1304 8762 16751 -1147 1525 -758
933 7880 17450 -3352 617 -573
840 6896 17878 -3583 177 -187
815 5893 17356 -1126 -71 457
874 5868 16677 2244 -79 1083
1012 6037 16520 4343 -289 1232
1088 6141 15924 6006 -208 755
950 6722 15600 6870 79 35
498 7551 15860 4976 -862 -294
994 7605 16049 2538 -1811 -507
1190 7958 15720 2033 -1440 -642
1232 8342 15032 2462 -844 -628
1396 8597 14288 3644 372 -554
1424 8750 13545 4086 1543 -842
981 9341 13278 2985 2905 -1501
186 10393 14372 11 3959 -2219
-593 10276 16139 -3013 2793 -2342
-277 9112 16563 -3764 1665 -1992
232 8093 16145 -2071 1194 -1384
556 7845 15744 -43 1924 -983
457 7968 16494 2083 2010 -610
585 8626 16232 4129 448 -421
1478 9786 14828 4084 856 -711
1861 10193 14730 2439 1118 -765
2030 9801 14644 970 733 -815
2445 9256 15013 226 545 -918
2359 9368 15469 -1193 -55 -1072
2113 8790 15326 -2449 -424 -1493
2344 8646 15186 -2981 1475 -2351
1636 8994 15270 -3939 2758 -2836
1783 8428 15809 -4478 3770 -2896
1385 8033 16929 -4347 3617 -2655
635 8629 17424 -4632 2424 -2334
613 8576 17358 -5052 1289 -2171
292 8142 17276 -5316 -321 -2553
855 7722 16525 -4601 -229 -2089
175 7213 16957 -3453 -785 -628
84 6604 16730 -1391 -1642 287
655 6664 16809 1620 -2357 1121
1134 7080 16876 4053 -3114 1570
1130 6953 16427 5188 -3133 1189
1047 7904 16357 4872 -3276 251
1135 8578 15709 2871 -3358 62
1479 8290 15054 1987 -1302 113
640 9868 15118 1083 236 40
995 9618 15043 -1255 1111 217
1630 8432 15280 -1625 1481 287
1462 8010 14775 -1429 863 -61
902 8893 13884 -2624 1809 -1050
-222 10156 14514 -4649 1873 -1416
-855 9799 14078 -6450 897 -1665
-556 9081 13794 -7096 1179 -2111
-470 8467 15191 -7477 338 -2339
-72 7850 15742 -7109 -1314 -2473
854 7265 15865 -6765 -1565 -2282
1204 6674 16038 -6726 -1107 -2140
1768 6782 15490 -6236 1176 -1831
1600 6587 14960 -6674 5254 -1465
1036 7216 15930 -8595 6662 -1445
-79 6893 17291 -10168 4180 -1556
657 5644 16862 -8325 2093 -1290
1029 5716 16916 -6427 1485 -759
804 5588 17006 -5628 1174 -241
864 4357 17034 -3578 1501 -472
466 2902 17197 410 2184 -1503
-124 3648 18191 4087 1680 -1993
109 4954 17773 7023 353 -2333
112 6480 17104 6593 -1181 -1830
654 6826 16036 7089 -523 -1057
26 8020 15234 7520 1404 -930
86 8196 14804 5512 3969 -1543
-133 8512 14586 2073 6135 -1559
-370 8841 14792 -1378 6060 -98
-1117 7434 14937 -1771 4987 1337
-1988 7204 14432 -41 5290 861
-2558 7804 15367 -295 5380 -216
-2238 7814 16390 -1711 3842 -680
-1522 7085 16681 -2500 3098 -889
-1193 6532 16746 -2499 2909 -1154
-1338 6357 16608 -2202 3284 -1383
-1457 6217 16500 -1944 3971 -1443
-1820 5997 16664 -1827 4324 -1423
-2151 6215 16915 -1841 3950 -1351
-2230 6119 17065 -2070 2887 -1358
-2133 5763 17007 -2056 1870 -1417
-2082 5510 16978 -1805 1455 -1419
-2120 5398 16864 -1612 1378 -1435
-2050 5306 16701 -1440 1577 -1375
-2059 5164 16447 -1091 1597 -1430
-2145 5664 16480 -807 1689 -1942
-2222 6160 16552 -1119 1547 -2638
-2024 6039 16377 -1530 1205 -2853
-1696 5842 16172 -1381 1065 -2942
-1566 5906 16106 -1125 1293 -2918
-1691 5872 16499 -566 1659 -2651
-1818 6112 16709 -51 2038 -2190
-1989 6341 16857 254 2026 -1949
-2128 6566 16772 348 1812 -1858
-2196 6520 16752 503 1380 -1710