-4 5709 16659 1665 -92 -181
33 5989 16398 1641 -402 22
81 5838 16093 1362 -603 365
17 5809 16184 1452 -806 561
141 5633 16048 1752 -985 501
28 5620 16030 2565 -1039 227
-34 6162 15588 3220 -564 141
-225 6777 15625 3027 393 -74
-314 7032 15808 2242 754 -464
-398 7273 15770 1032 927 -700
-321 7111 16054 -432 597 -707
-40 6676 16314 -1440 91 -218
142 6296 16356 -1597 -200 -117
172 6198 16218 -1590 236 -363
80 6038 16029 -1359 778 -348
33 6122 15953 -799 1606 -422
-104 6237 16116 -455 2289 -579
-469 6368 16297 -262 2647 -918
-440 6562 16232 -343 2819 -1238
-668 6818 16266 -862 2596 -1311
-737 6506 16847 -1416 1910 -1324
-798 6506 17186 -1774 698 -1141
-940 6520 17066 -2193 -7 -979
-608 6258 16756 -2179 -210 -933
-553 6354 16438 -2049 136 -924
-464 6074 16117 -1644 958 -1043
-533 6210 15936 -1134 2179 -1339
-865 6308 15944 -892 3017 -1486
-1061 6475 16150 -1156 2940 -1738
-1216 6271 16786 -1795 1669 -1504
-1065 5934 17182 -2138 20 -1204
-945 5824 17369 -2303 -1442 -943
-769 5764 17266 -2450 -2419 -671
-485 5486 17126 -2298 -2618 -567
-280 5372 17000 -1813 -2157 -610
-242 5386 16812 -1141 -1089 -770
-258 5680 16500 -548 355 -974
-410 5724 16432 -152 1694 -1294
-549 5861 16625 -47 2484 -1576
-654 6082 16484 -423 2783 -1762
-718 6237 16800 -1161 2447 -1611
-885 6194 16946 -1917 1367 -1289
-814 5992 16958 -2381 251 -1097
-668 5921 16913 -2635 -498 -843
-725 5602 16806 -2584 -969 -784
-481 5492 16385 -2053 -549 -873
-472 5730 16426 -1701 652 -725
-750 5626 16420 -1175 1514 -907
-518 5989 16429 -968 2630 -1031
-736 5709 16870 -1088 2923 -1103
-658 5612 16993 -1317 2550 -1062
-798 5454 17276 -1519 1822 -908
-738 5416 17232 -1632 1036 -678
-650 5301 16982 -1479 503 -469
-668 5417 16726 -1662 567 -407
-782 5278 16578 -1779 699 -690
-700 5220 16484 -1652 1102 -891
-664 5198 16462 -1707 1517 -848
-1061 5192 16828 -1916 1372 -800
-1270 5089 17010 -1781 625 -686
-1194 4985 17050 -1167 -342 -419
-1162 5069 17410 -661 -1083 -64
-1133 4710 17444 46 -1850 -42
-938 4922 17354 909 -2336 30
-958 4993 17200 1666 -2332 -22
-761 4974 17110 2428 -2194 -136
-728 5113 17008 2904 -1971 -149
-768 5354 17100 3106 -1994 59
-681 5381 16970 3265 -1992 416
-616 5372 16610 3802 -2151 921
-388 5245 15970 4269 -1656 1085
-616 5777 16436 4296 -1298 1086
-724 5740 16649 4219 -1369 872
-446 5690 16954 4067 -1722 454
-246 5722 16909 3969 -2139 59
193 6096 16534 4045 -2429 64
40 6633 15753 3582 -1836 103
-160 7308 15288 2235 -517 230
-262 7332 15536 945 814 366
-29 6862 15901 447 1149 476
146 6695 15699 -16 1529 411
178 6933 15234 -623 2297 140
-78 6960 15165 -1194 2914 81
-160 6913 15106 -1727 3398 -81
-249 6666 15564 -2133 3406 -193
-436 6520 16000 -2440 2917 -328
-557 6373 16406 -2657 2218 -308
-600 6310 16610 -2942 1566 -223
-674 6328 16830 -3199 1131 -92
-644 6177 16860 -3362 962 -196
-578 6021 16690 -3331 1212 -334
-456 5801 16262 -3038 1812 -540
-466 5456 16721 -2202 2013 -701
-517 5184 17324 -993 1612 -660
-556 5277 17390 -19 1091 -527
-601 5802 17077 345 1043 -327
-641 5869 16805 372 1023 -304
-602 5926 16422 495 1332 -434
-708 6038 16570 461 1513 -654
-732 6045 16513 321 1611 -915
-789 6069 16498 -102 1688 -1109
-746 6101 16710 -616 1401 -994
-632 5902 17025 -928 933 -695
-892 5584 17180 -1256 322 -700
-828 5329 16928 -1487 -126 -1082
-745 5324 16669 -1411 24 -1264
-1021 5410 16573 -1070 337 -1198
-1140 5322 16605 -639 596 -1267
-1198 5556 16801 -303 618 -1350
-1305 5640 16973 -402 505 -1555
-1306 5604 17030 -580 82 -1844
-1314 5746 17144 -1010 -639 -1856
-868 5410 16772 -1565 -1112 -1929
-632 5148 16425 -1813 -1299 -1970
-806 4846 16077 -1976 -1397 -2035
-1074 4532 15812 -1440 -967 -2170
-1642 5277 15860 -986 -596 -1922
-1689 5366 16200 -818 -218 -1431
-1738 5417 16442 -902 21 -1285
-1790 5277 17104 -1487 -418 -1378
-1554 4829 17644 -1263 -1755 -1649
-1182 4669 17501 27 -3248 -1407
-1181 5128 16898 744 -3775 -785
-921 5240 16652 718 -3355 -192
-578 5162 16933 949 -2480 274
-424 5004 17350 1411 -1724 620
-396 5370 17489 1615 -747 523
-476 5522 17562 1470 -96 294
-254 5490 17462 1096 454 28
-84 5314 17254 1225 453 -205
42 5442 16724 1330 302 -134
123 5492 16007 1207 685 -285
273 5444 15222 1313 1518 -247
389 5716 14758 1053 2974 -259
-440 6968 14798 -913 4665 -611
-508 6177 15270 -2268 5433 -1044
-386 5646 15744 -2557 5166 -1350
-957 5908 15786 -2931 4394 -1296
-1425 6086 15852 -3632 3894 -1402
-1746 6052 16416 -3975 2733 -1093
-1638 5674 16781 -3697 1123 -837
-1572 5314 16876 -3107 -107 -932
-1442 5372 17072 -2460 -1093 -1129
-1420 5425 17165 -1742 -1679 -1157
-1393 5357 17189 -1219 -1796 -1173
-1250 5436 17065 -949 -1572 -1135
-997 5434 16814 -949 -749 -1132
-982 5442 16860 -1133 138 -1311
-1089 5640 16984 -1433 816 -1576
-1216 5713 16857 -1815 1229 -1745
-1266 5649 16737 -2194 1337 -1769
-1242 5392 16768 -2348 993 -1598
-1245 5286 16566 -2206 397 -1415
-1326 5437 16545 -2047 -109 -1104
-1372 5345 16492 -1925 -499 -822
-1457 5338 16413 -1956 -676 -686
-1538 5288 16520 -1987 -579 -536
-1516 5165 16641 -1949 -417 -341
-1412 5092 16817 -1889 -149 -171
-1489 4721 17006 -1695 -42 -107
-1337 4542 17033 -1258 203 -152
-1394 4525 17030 -899 404 -105
-1346 4385 16981 -606 604 -110
-1426 4349 16897 -394 773 -75
-1506 4238 16818 -315 846 -68
-1637 4122 16842 -356 857 -236
-1794 4270 16905 -475 772 -344
-1866 4313 17133 -671 559 -299
-1729 4116 17233 -709 175 -290
-1573 3994 17280 -654 -221 -211
-1322 3868 17072 -496 -468 -227
-1156 3780 17106 -237 -514 -352
-1105 3632 17065 50 -471 -505
-889 3520 17016 437 -312 -549
-867 3385 16858 935 -97 -463
-889 3673 16740 1287 363 -417
-912 3990 16660 1283 657 -598
-972 4209 16500 1023 677 -1058
-833 4498 16358 595 257 -1553
-942 4756 16320 -58 -152 -1729
-856 5006 16420 -703 -737 -1677
-800 5102 16536 -1242 -1435 -1494
-753 5089 16489 -1617 -1859 -1298
-528 4992 16505 -1729 -1755 -1294
-450 4794 16590 -1455 -1399 -1234
-396 4848 16730 -978 -873 -989
-492 4854 16844 -486 -139 -748
-504 4772 17243 113 513 -619
-702 5015 17344 483 840 -565
-833 5066 17470 445 812 -576
-918 5126 17409 398 401 -474
-960 4983 17348 248 -130 -399
-988 4830 17312 290 -640 -341
-958 4809 17114 361 -903 -149
-880 4798 17040 410 -1017 -21
-776 4860 16849 498 -1007 -95
-719 5002 16677 488 -908 -242
-756 5133 16605 290 -847 -466
-655 5140 16450 62 -927 -473
-585 5026 16540 -130 -1174 -209