-21973 14866 8761 -881 1037 4864
-22541 15486 9178 -392 -1316 9199
-23124 15956 9556 -514 -3925 12683
-23484 15482 9610 -741 -6127 15238
-23762 15202 9232 -334 -8171 17762
-24029 14769 8717 246 -10205 20601
-24619 14368 8064 63 -11540 22861
-25537 13537 7372 -474 -11860 23509
-25668 14132 5906 -2603 -11424 24149
-26594 13838 4800 -6554 -9982 24944
-27422 13633 4128 -13221 -7364 27181
-28559 12271 5910 -22203 -5595 29579
-28590 10290 7312 -25051 -8031 31529
-27969 9282 7366 -24049 -11606 32767
-27345 9548 6758 -22701 -14117 32630
-25377 9156 6414 -21376 -17414 31311
-23326 8102 6198 -19503 -20141 29715
-21614 7064 6480 -17141 -23017 28214
-19351 6268 6181 -15456 -24690 26526
-17565 6269 6001 -15448 -25501 25553
-16500 6538 5802 -15575 -25934 24545
-15608 6636 5264 -15681 -26452 23101
-14238 6166 5142 -15415 -27334 21461
-13538 5794 5150 -14848 -28174 21134
-12584 5419 5356 -14384 -28862 20681
-11482 5302 5905 -13147 -29657 20120
-9925 4815 5986 -11965 -29355 19219
-8833 4642 6536 -11961 -27622 17507
-7653 4802 7286 -11835 -26346 15823
-6594 4788 7857 -10910 -25439 14479
-5285 3872 8276 -8669 -24337 13928
-4150 3734 8793 -6336 -23146 13816
-3378 3960 9238 -4414 -21877 13520
-2296 3776 9292 -2191 -19982 12375
-1674 4979 9236 -473 -17165 10762
-948 5517 9403 355 -13904 9534
266 4680 9298 724 -10392 7399
724 4886 9189 -269 -7014 4817
1196 4677 9524 -1320 -4638 3884
1082 4601 10480 -1736 -3284 4173
579 5304 11067 -1572 -3951 5084
294 5797 11299 -2756 -3918 5124
617 5715 11901 -3307 -4449 4800
1102 5652 12090 -3388 -4786 4111
2323 6026 11607 -3121 -2307 3467
3016 6444 12693 -3405 505 3233
3382 6064 13106 -3395 2245 3134
3288 5844 13244 -2830 3708 3225
3546 5641 12482 -2447 5535 3037
3699 6439 13012 -2968 8824 2883
2517 6642 15112 -5028 9549 3420
1500 6272 16168 -6084 8491 3427
794 5620 16644 -6794 7034 3268
661 5188 17217 -7432 4752 3137
1101 5090 17316 -5920 2484 3286
1492 5377 17209 -2767 1385 3518
1156 5764 17089 95 769 2489
626 6394 17016 1852 1089 216
-33 6743 17366 2876 2414 -2419
-196 6034 17706 3885 4238 -4977
253 5273 17488 4307 6031 -6026
398 5428 17282 4723 7076 -5273
851 6057 16631 5592 7450 -2792
976 6866 15806 6340 6102 464
1298 7510 14810 7386 4655 2710
1696 8983 13846 7765 3398 4483
2146 9152 12876 6685 2951 5098
2556 8916 12689 4790 2894 4770
2389 9171 12569 2325 2947 3998
2095 9257 12613 -50 2772 3298
1948 9466 12688 -1738 2891 3114
1789 8913 12924 -2912 2661 3045
1993 8429 13189 -2812 2502 2862
2033 9008 13608 -2862 1706 3027
1838 9213 13928 -3570 630 3352
2073 9148 13740 -3689 1323 3517
1762 9454 14149 -3573 3050 3271
1265 10140 14488 -4427 4536 2741
686 10434 15838 -6130 4609 2505
540 9421 16986 -6664 2835 2689
758 9136 17070 -5315 1296 2675
868 9464 17106 -3897 134 2753
1065 8674 16986 -2502 -1645 3016
1310 8096 16330 -613 -2352 3820
877 8121 15989 819 -2887 4880
636 7912 15829 1669 -3182 5978
993 7924 15464 2798 -3062 6839
1588 7826 15512 4028 -2318 6935
1470 8308 15826 4443 -2599 5774
1664 8644 16046 4415 -3252 4567
1482 8670 16052 3361 -4463 2862
1658 8806 16240 1561 -5818 1680
2136 8885 16041 636 -5919 1682
2061 9296 16034 702 -5780 2605
2180 9220 15501 2316 -5664 3561
2055 9822 13871 4293 -4581 3646
1652 11073 13158 3333 -1224 2950
1290 11437 14141 1276 802 1993
933 11973 15434 -1257 1495 1138
1073 11688 16130 -4069 1585 654
1168 11340 16672 -5949 1671 156
1346 10604 16888 -7269 1932 147
1734 9390 16725 -6947 2542 617
1793 8585 16698 -5544 2867 1128
2111 7863 16033 -2912 3625 1524
2328 7924 15985 -507 4803 2004
2630 8317 16104 569 5129 2429
2897 8989 15974 -225 5244 2737
2824 9650 16132 -2085 5108 2947
3152 9741 16401 -4898 4373 2642
3537 8920 16497 -7822 3499 1826
3790 7542 16178 -7982 3604 955
2812 7284 16260 -7021 3738 -266
1682 7736 16552 -6314 3203 -1299
1440 7881 16546 -6068 2849 -1510
1314 7421 16704 -5784 2269 -1089
1193 6829 16848 -5097 1568 63
1292 6090 16634 -3646 1065 1208
1168 5576 16223 -1449 542 2311
1155 5449 16112 597 -563 2760
1488 5181 16229 1440 -2209 2109
2206 4665 16450 1824 -3335 986
3113 5059 16984 2553 -4623 399
3643 5720 16204 4138 -5403 1100
3754 6298 14361 5756 -4089 1974
3376 7032 13462 6829 -1932 2363
3009 7564 12592 7189 -65 2042
2920 8142 12246 6494 1461 975
2209 9173 12156 4130 3160 -273
1320 9306 13452 1132 3223 -1278
931 8885 12740 -184 3167 -2379
1232 9045 13690 -657 3669 -3475
1566 9340 14406 -1270 3277 -3637
2066 9051 15048 -3136 2209 -2894
2131 8542 15769 -6463 950 -1698
3304 6068 16370 -6315 162 -647
4181 5181 15418 -2394 894 -114
3039 7037 14757 -803 2223 530
2160 8010 14928 -2411 2944 349
1316 8922 15882 -5553 2729 185
1399 8288 17212 -9327 1827 696
1478 5798 17766 -9692 798 1495
2174 5288 17820 -8660 496 2151
1141 5974 17400 -7448 167 2790
1852 4992 17500 -4758 39 3222
1568 5200 17273 -2399 84 3834
1708 5670 17280 -707 533 4260
1681 5748 17469 255 194 4367
1681 6034 17057 479 -155 4416
1804 5790 16710 664 -192 4426
1814 5300 16630 1036 -251 4444
2497 4436 16379 2737 -486 4953
2649 3944 15664 5944 6 5651
1970 4861 14732 8229 1516 5627
1317 6070 14252 8574 3560 4588
785 7345 13986 7040 5085 3727
781 7713 15230 3639 5841 3291
-132 8379 16802 -341 4284 3167
-504 7662 17290 -2530 3119 2347
-560 6816 17597 -3393 2580 2087
-532 6054 17698 -3075 2132 2266
-376 5660 17718 -2138 1603 2604
76 5286 17542 -911 956 2862
349 4848 17476 446 628 2712
-275 5640 17767 1211 1048 2218
-1174 6917 18193 853 2001 1543
-1476 7390 18220 35 2564 1171
-1460 7167 18143 -515 2796 937
-1152 6694 17657 -459 2597 936
-892 6388 17462 -10 2252 1082
-660 6349 16966 668 1479 1388
-766 6809 16442 916 571 1600
-748 6952 16136 536 163 1626
-389 6588 16114 189 -108 1473
-354 6722 15979 -208 -8 1139
-428 6738 16115 -645 612 701
-602 6792 16238 -1055 1165 435
-655 6640 16275 -1387 1451 165
-688 6378 16172 -1379 1403 -15
-581 6282 16126 -1222 1208 -113
-346 6048 15946 -892 1080 -227
-239 6172 15759 -462 968 -387
-139 6320 15457 117 1125 -653
-158 6268 15122 583 1314 -772
-102 6240 14880 1086 1581 -851
72 6870 14617 1242 1866 -1125
365 7267 14340 1150 2170 -1476
546 7288 14060 984 2343 -1547
697 7123 13954 805 2556 -1477
636 7105 13788 620 2718 -1384
406 7111 13842 495 2970 -1265
316 6986 13868 584 3290 -1162
280 6759 13927 1080 3390 -825
429 6505 14069 2139 3580 -586
382 6367 14044 3431 3837 -724
-4 6513 14172 4378 4224 -932
-127 6563 14155 5000 4115 -1090
-702 7023 14221 5097 3853 -1298
-1108 7786 14425 4173 3506 -1877
-1150 7538 14254 3227 3079 -2486