-16654 5142 4365 20148 12555 -9257
-17040 5378 4621 20109 12426 -8700
-17439 5632 4944 19312 11864 -7868
-17811 5943 5135 17879 10871 -7110
-18012 6005 5282 16501 9778 -6511
-18064 5903 5377 15023 8524 -5869
-18141 5561 5466 14109 7374 -5250
-17983 5120 5376 14134 6542 -4737
-17765 4938 5308 14674 5869 -4103
-17564 4802 5226 15635 5394 -3409
-17319 4937 5167 16232 5077 -2744
-17016 5091 5048 16386 5055 -2237
-16416 5069 4802 16308 4576 -1858
-16470 5235 4652 15472 4154 -1807
-16085 5310 4844 14174 3802 -1633
-15958 5558 4782 13049 3607 -1548
-15558 5514 4861 11342 3332 -1612
-15449 5621 5073 9590 3151 -1782
-15248 5466 5278 8223 3008 -1792
-15224 5302 5464 7039 2738 -1750
-15310 5272 5580 5946 2095 -1710
-15662 5224 5773 4897 1177 -1664
-16150 5326 6140 3936 334 -1448
-16708 5698 6388 2431 -1185 -831
-17633 6807 6596 -343 -3874 36
-18416 7682 7001 -3163 -5920 516
-19084 8358 7474 -5069 -6685 953
-19451 8648 8109 -6588 -7081 1844
-19708 8909 9085 -7770 -7165 3240
-20281 9002 10064 -8183 -6930 4857
-20883 8351 10938 -7063 -6889 6876
-21332 7680 11608 -4394 -7328 8409
-21658 7636 12058 -1595 -8045 9590
-21534 7468 12602 2000 -9404 11363
-21397 7442 13041 4865 -10974 13035
-21179 7887 13409 6433 -12580 14757
-21433 8778 13558 6541 -14391 16406
-21726 9462 13704 6005 -15673 17292
-21647 10376 13777 4521 -17295 18074
-22162 11594 13938 1207 -19700 18816
-22313 12112 14013 -2426 -21844 19167
-22474 12198 14286 -5046 -22931 19836
-22106 11633 14514 -7999 -24089 20252
-21172 10505 14534 -9537 -24757 20102
-20040 9294 14174 -8767 -24863 19484
-18961 8321 14082 -7080 -24592 19090
-17752 7623 13887 -5487 -24087 18812
-17184 7276 13570 -4918 -23848 18664
-15840 6253 13269 -3830 -24242 18497
-14944 6142 12760 -2732 -25073 18400
-13150 5216 11731 -1471 -26148 18409
-11531 5255 10798 -110 -27232 18250
-10328 5565 9993 263 -27702 17828
-9800 6104 9602 -20 -27652 17101
-8480 6096 8860 -1144 -27701 16410
-6941 6184 8043 -3118 -27260 15705
-5876 5874 7773 -5205 -26803 14809
-5126 5732 7501 -6427 -26345 13665
-4338 5986 7354 -7544 -25587 12413
-3473 5964 7480 -8732 -24717 11287
-2804 5620 7418 -9272 -23617 10249
-1994 5708 7703 -10069 -20846 8777
-1172 5593 8171 -10703 -16967 6648
-500 5469 8578 -10309 -14094 5208
-221 4936 8737 -9352 -12032 3755
454 4728 8388 -7850 -9928 2502
853 4926 8676 -7279 -8568 1805
1368 4609 8761 -7220 -7851 1298
1744 4456 8862 -7193 -7020 1022
2580 4085 8818 -7174 -5336 615
3009 3855 9028 -6960 -2959 49
2989 3978 9384 -6988 -443 -1255
2953 4168 10083 -7401 1618 -3289
2636 4382 10653 -7622 3113 -5359
2058 4180 11129 -6984 4281 -6596
1172 4687 12070 -6735 5656 -7126
192 4954 13708 -6538 5413 -6905
132 4461 14529 -5832 3785 -6191
634 3737 14445 -3999 2883 -5310
1022 3478 14506 -2006 2674 -4560
1124 3588 14396 459 2567 -3857
1161 4254 13717 2460 3503 -3472
1149 4676 13657 3287 4324 -3528
1513 4290 12766 4396 5767 -4440
1374 5352 12414 3834 7815 -5300
1080 5992 13146 1840 9465 -6337
382 6192 14417 -231 8822 -7279
-395 6679 14689 -1306 7821 -8029
-562 7110 14760 -2242 7886 -8487
-144 7281 14897 -2978 8312 -8749
-4 7136 15329 -3527 7921 -9113
563 6718 15437 -2738 8383 -9383
262 6637 15162 -1349 9263 -8696
-554 6926 15588 -448 9890 -7594
-1516 7433 16582 -596 9389 -6313
-2354 7630 17824 -2352 7156 -5866
-1880 7108 17629 -1896 5457 -5475
-2142 7524 17578 -1712 4552 -4726
-2478 7316 17799 -1980 3457 -4132
-2798 7080 18237 -1328 2331 -3687
-2892 6104 18660 393 342 -3538
-2608 5682 18618 1924 -1350 -3362
-1821 5231 18624 3240 -2581 -3302
-922 5466 18273 4485 -3377 -2575
-748 6796 17968 4683 -3661 -2213
-1502 8194 17335 4361 -4026 -2525
-1484 8603 16270 3158 -3201 -3390
-1137 8366 16108 1175 -2353 -3792
-1084 7813 16448 56 -2205 -3856
-1206 7326 16757 -426 -2840 -3689
-1370 6876 16750 -811 -3409 -3513
-1840 6358 16881 -710 -4092 -3004
-2093 5945 16318 284 -4376 -1929
-1788 5746 15739 1220 -4207 -1267
-1093 5554 15533 1297 -4112 -1014
-782 5409 15445 999 -4546 -956
-678 5280 15222 687 -4309 -1248
-773 5669 15410 196 -3889 -1903
-837 6246 15642 -740 -3698 -2560
-678 6570 15336 -1719 -3297 -2937
-335 6282 15515 -2385 -2270 -3187
-192 5748 15905 -2139 -1025 -3357
317 5396 15824 -1121 314 -3278
313 5428 16158 -137 1280 -2945
48 5300 16105 724 2060 -2679
-28 5084 16172 1158 2667 -2776
-371 5343 16185 1031 3185 -2806
-577 5486 16660 806 3526 -2567
-985 5750 17204 805 3230 -2102
-1130 5746 17517 744 2090 -1595
-1021 5065 17726 1075 868 -1333
-1072 4423 17965 1694 -567 -1331
-855 3947 18096 3174 -2619 -1391
-333 4109 17284 4824 -3741 -696
-24 4841 16458 5637 -3185 372
51 6112 15688 5541 -1337 1338
15 7306 15616 3387 845 1636
-810 7669 15598 1399 1415 701
-401 7800 14944 1083 2879 -240
-143 8047 15576 -1154 3986 -1196
171 7808 16504 -3568 3213 -1650
376 7294 16354 -4453 3222 -1395
46 6442 16489 -4684 4255 -1120
122 5704 15948 -3597 5690 -957
-142 5506 15796 -2703 7129 -492
-618 6094 15748 -2738 8209 374
-1670 6375 16835 -3944 7378 1550
-2065 5750 17759 -4891 4178 2501
-1922 5258 17918 -4320 1946 3120
-2220 5193 17830 -3342 545 3778
-2197 4860 17276 -895 -317 4232
-1729 5477 16735 910 -22 4489
-1638 6057 16742 911 -99 4427
-1894 6284 17021 528 -278 3940
-2230 5924 17476 624 -404 2990
-2693 5703 17614 636 -189 1812
-2862 6210 18246 -119 -210 1411
-2935 6202 18328 -123 -844 1710
-2447 5858 17159 1725 -638 2453
-2013 6703 15618 3503 249 3622
-2294 8019 14752 3308 1038 4293
-2650 8974 14598 116 521 4288
-2326 7987 14919 -2505 -355 3796
-1834 6428 14959 -4217 -1634 2703
-1746 6022 14953 -3978 -3200 2300
-1940 6268 14916 -3124 -4350 2383
-1952 6207 14747 -2063 -5529 2622
-1794 6078 14601 -735 -6719 2696
-2107 6693 14582 -124 -7027 2145
-2274 7188 14632 -478 -6389 1280
-2368 7590 15036 -1254 -5453 572
-2715 8190 15334 -2580 -4122 20
-2459 7790 15152 -2762 -2561 -250
-2160 7242 14956 -1912 -1507 -118
-1657 6668 14948 -826 -900 219
-1427 6588 14706 317 -434 652
-1541 6859 14507 861 189 750
-1659 6921 14571 832 1128 509
-1460 6729 15019 262 2601 301
-1755 6767 15477 -644 3874 104
-1854 6802 15656 -1907 4385 -332
-1874 6456 15722 -2903 4501 -818
-1826 6072 15688 -3257 4593 -1169
-1668 5696 15799 -3262 4844 -1340
-1876 5450 16245 -2533 5369 -1443
-2265 5500 16649 -1534 5819 -1688
-2425 5452 16857 -1136 5670 -1826
-2546 5674 16985 -862 5284 -2057
-2652 5896 17041 -859 4937 -2313
-2798 6038 17204 -1053 4804 -2460
-2789 5960 17473 -1372 4694 -2429
-2758 5568 17737 -1196 4620 -2378
-2922 5382 17598 -648 4475 -2336
-2886 4828 17408 -115 4132 -2145
-2632 4811 17000 703 3658 -2031
-2163 5361 16772 1355 3279 -2157
-1673 6094 16681 976 3089 -2416
-1524 6416 16741 -107 3177 -2546
-1396 6481 16768 -1131 3367 -2756
-1424 6265 17008 -1934 3667 -3173