-2144 4657 9408 10706 3843 -2199
-1808 4528 9140 11303 5366 -2543
-1586 4564 8690 12109 7138 -3195
-1464 4876 8230 12732 8857 -4074
-1513 5668 7798 12763 10953 -5354
-2000 6605 7625 12287 13492 -6817
-2745 7417 7761 11406 15447 -7844
-3860 8439 8098 9474 17667 -8664
-4363 7757 8308 8262 19834 -8945
-4400 6163 8374 10643 21443 -8352
-4462 4572 8161 16013 22712 -7742
-4838 4043 7652 21614 23383 -7709
-5656 3990 7007 26227 23702 -8378
-7282 5068 6668 28400 23506 -10281
-9144 6190 6488 27907 22643 -13177
-11718 8320 6762 26385 21937 -16449
-14965 11853 6677 22782 20204 -20326
-16306 11922 6485 17893 17418 -23364
-16964 10942 6109 13755 14645 -25241
-17892 9934 5636 10941 12377 -25925
-18614 8665 5317 9494 10686 -25991
-20344 7555 4888 10136 9314 -26120
-22606 6922 4412 11684 8033 -26683
-24432 6649 4186 12456 6997 -27593
-25980 6846 4560 12347 6190 -28508
-27570 7229 4830 10918 5725 -29880
-29465 8446 5072 7355 6043 -31782
-30463 10066 5171 1804 7375 -32737
-30525 11245 5088 -3570 8771 -32768
-29596 11910 4969 -7727 9696 -32646
-28125 12101 4378 -10908 9818 -30797
-26474 12210 3870 -12317 9002 -28052
-25117 12049 3474 -12580 7837 -25038
-23524 11848 3207 -12002 6158 -20032
-22031 11353 3116 -10474 4053 -13949
-21012 10350 3041 -8362 2035 -7882
-20269 9160 3068 -6381 459 -3107
-19737 8192 3065 -4877 -537 228
-19380 7604 3188 -3953 -1080 2049
-18971 6938 3090 -2968 -1803 4263
-18534 6141 3169 -2243 -2409 6358
-18162 5772 3305 -1982 -2568 7216
-18076 5730 3399 -1854 -2470 7542
-18398 6893 3737 -2574 -2123 7019
-19688 9211 4014 -5757 -1961 5838
-21002 10796 4200 -9586 -2303 5171
-22486 12512 4298 -14123 -2977 4798
-23982 14250 4880 -19837 -3856 4735
-24784 14176 5433 -23751 -4792 5217
-25678 13496 5984 -26262 -5285 6411
-26444 12451 6438 -27296 -5830 8518
-27242 11118 6933 -26411 -7575 11766
-27950 10517 7333 -24226 -10532 15445
-28322 9170 7626 -21488 -13557 18907
-28316 8253 7726 -17812 -16666 22027
-28140 7391 7842 -11685 -20548 26291
-28186 6920 8317 -6248 -23306 28716
-27957 7021 8684 -3131 -24440 29317
-27720 7157 8833 -1140 -25118 29534
-26902 7274 8654 -212 -25050 29572
-25870 7829 8179 -257 -24071 29294
-25002 8338 7813 -777 -22464 29024
-23959 8242 7977 -698 -21050 28940
-23738 7926 7908 164 -20619 28907
-22716 8242 7648 456 -20192 29202
-21908 8256 7501 -1094 -20324 29457
-20692 8590 7076 -3962 -20501 29076
-18830 7266 6934 -6666 -20664 28041
-16888 6913 6840 -8494 -20266 27036
-15644 6634 6890 -10825 -20428 25547
-14630 6973 6788 -13663 -21479 23753
-13730 6450 6464 -16358 -23420 21754
-12034 5095 6442 -18677 -26114 19663
-9842 4087 6251 -19622 -28318 17434
-8230 3937 6038 -19800 -28762 15082
-6662 3794 6091 -19596 -28200 12519
-5318 3643 6094 -18326 -27053 9843
-3962 3104 5734 -15487 -25439 7830
-3276 3120 5632 -13597 -24110 6975
-2961 3056 5733 -11514 -22890 5905
-1884 2732 5365 -10003 -21118 4682
-1173 2752 5369 -9870 -18937 3207
-341 2661 5879 -8968 -15950 1235
176 3221 6397 -8282 -11837 -890
118 3130 7309 -7526 -8655 -1956
-310 3773 8401 -6917 -7607 -2483
-212 3872 9482 -6342 -7708 -2648
317 4009 10648 -5799 -8465 -2173
340 4626 11741 -5106 -9986 -1471
968 4670 11486 -3258 -10601 -1494
1946 5760 10080 -1573 -7797 -1491
2125 6598 9661 -2451 -4543 -1862
2096 6712 10233 -3510 -2329 -2608
2305 6510 10632 -4369 -811 -3898
2542 6281 11188 -5924 32 -5269
2782 5768 11945 -7258 253 -6007
2969 5324 12824 -7274 545 -6649
2613 5630 13943 -6285 682 -7436
2029 6633 14948 -5451 537 -8236
1630 7068 15444 -5120 -103 -8747
2256 7272 15230 -4692 780 -9487
2829 8260 14806 -5968 2785 -9643
2950 7998 15164 -7486 3283 -9242
2980 7058 15322 -8501 2782 -9482
2985 6046 15565 -8442 2371 -9598
2943 5526 15770 -6470 1757 -8558
1485 4875 15585 -3482 2584 -6086
-105 4888 16504 -2153 2781 -5272
-192 5165 17368 -1182 1131 -5149
797 5132 17028 630 -218 -4709
994 5144 16305 2676 -63 -4268
1015 5002 16704 4068 -101 -3955
1329 5237 17080 5653 -723 -3650
2099 5665 16118 6114 -369 -3041
2342 6309 15058 5101 720 -2110
2674 6448 15038 4428 1656 -1269
2820 6927 14846 3830 2348 -253
2590 6793 14868 2189 3692 -429
2450 6706 14992 1106 4239 -1242
2204 6816 15156 -156 4316 -2011
1801 6578 15240 -1759 4069 -3163
1669 6272 15476 -2477 4545 -3807
1392 6145 16105 -2979 3852 -3755
1356 5940 15884 -3114 3458 -3483
1140 5920 16221 -3214 3354 -3084
786 6134 16597 -3483 2919 -2889
727 5748 16738 -3265 2058 -2938
984 6588 16721 -3430 2743 -2437
816 6673 17041 -5182 3148 -1946
1241 5861 17796 -6030 2527 -1002
881 4633 17848 -5548 1210 217
193 3662 17775 -4136 15 1415
344 3479 17666 -1699 -673 2199
924 4106 17632 499 -1102 2792
1028 4229 17462 1538 -1293 3014
885 3993 17726 2354 -1201 2637
825 3949 18246 2680 -1552 2506
1058 3933 18140 2692 -1798 2557
1478 4204 17244 3699 -816 3152
1691 5280 16167 5668 1266 4186
1098 6364 15794 5533 2459 4341
944 6760 15404 3904 2985 3770
622 6137 15886 1372 2625 2243
416 5695 15951 76 512 356
274 5464 15618 -136 -757 -986
682 5726 15700 -303 -1155 -1684
492 6417 16340 -1186 -1484 -2505
343 7375 16442 -3364 -1152 -3000
437 7306 16617 -5865 -1473 -2387
1025 5548 16081 -5927 -1420 -1564
1577 4751 15904 -3792 -123 -928
916 5494 16238 -3480 1031 576
652 5164 16840 -3142 1839 1385
-411 5542 17365 -4397 2263 1097
-1517 4168 17536 -5830 2473 964
-1216 3616 17352 -3883 2765 1428
-913 3840 17521 -871 2661 1759
-964 4032 17438 1048 1845 1506
-1006 4722 17348 1765 811 1130
-1639 5596 18280 373 -1107 1417
-1496 4964 17853 -533 -1995 1209
-1198 4856 16233 660 -1007 681
-1109 5010 14734 2266 1334 -95
-901 5545 13589 3789 4147 -525
-1154 6616 13814 3564 5994 -501
-1401 7363 14498 1544 6499 -349
-1387 6586 14809 -772 6305 -826
-1174 5730 15185 -1714 5770 -1327
-1269 5217 15441 -1606 5546 -1386
-1821 5204 15982 -1165 5828 -1437
-2248 5082 16644 -852 6095 -1485
-2472 5064 17150 -837 6091 -1647
-2665 5205 17630 -1233 5850 -1885
-2485 5164 17793 -1807 5085 -2057
-2377 5019 17646 -2267 3991 -2274
-2320 4925 17288 -2149 3465 -2322
-2461 4913 17277 -1869 3496 -2218
-2552 4956 17436 -1720 3403 -2128
-2529 4942 17437 -1659 3171 -2215
-2404 4952 17260 -1811 2894 -2245
-2344 4557 17286 -1810 2757 -2386
-2368 4593 17249 -1591 2521 -2402
-2189 4327 17088 -1089 2340 -2574
-2054 4821 16848 -1146 2126 -2953
-1746 5047 16606 -1764 1629 -3122
-1636 5104 16413 -2567 964 -3056
-1701 4940 16441 -2853 746 -3034
-1848 4970 16504 -2802 712 -2918
-1673 4624 16536 -2522 977 -2584
-1509 4576 16686 -1849 1559 -2393
-1330 4918 16848 -1574 1810 -2358
-1286 5049 16771 -1736 1891 -2421
-1144 5064 16792 -1978 1963 -2483
-1271 4944 16946 -2367 2057 -2732
-1495 4827 17181 -2672 2143 -3021
-1666 4608 17166 -2520 1974 -3026
-1993 4872 16988 -2222 1693 -2946
-2317 5040 16732 -2019 1139 -2707
-2679 5016 16344 -1667 570 -2298
-3011 4907 16014 -1091 208 -1749