-9364 8801 12433 8785 -7183 -5439
-12136 13042 11998 -5583 -16610 -9417
-10180 12242 12638 -13654 -21505 -13508
-6195 8972 13463 -18390 -24186 -17677
-2738 7082 14165 -17927 -24630 -20788
-166 6486 15166 -14889 -22900 -22384
2158 5294 14873 -9277 -15212 -23676
1700 5548 14790 -5009 -6495 -23166
64 6213 14206 -3576 -63 -22483
-1527 7170 13280 -2582 7314 -21979
-2864 8625 12307 -2194 12365 -20356
-3868 9150 11656 -517 14941 -17808
-5364 10257 11154 1149 15947 -14511
-6381 11048 10962 3160 14889 -10513
-6808 10653 11597 6306 13229 -8024
-6640 11108 12958 7726 12372 -5994
-6377 12013 13785 6482 12272 -5316
-6114 12565 14185 4497 12465 -5055
-5658 12446 14385 2520 13140 -4624
-5500 12202 14860 912 13794 -3966
-5198 11584 15608 197 14507 -3195
-4897 10239 16496 809 15598 -2529
-7487 10852 18213 2397 15040 -2006
-12869 13745 21925 -73 10015 33
-16085 16473 26477 -6796 -1084 4002
-5593 6441 30139 3911 -13024 6827
-2146 9778 29773 9818 -5629 2501
-3481 14072 29214 7244 -254 2585
-2950 15470 29961 2356 2017 1924
-2990 14453 29821 -1407 3338 1521
-3142 13471 29477 -3076 4872 1187
-4099 13213 27953 -1775 6623 683
-5998 12906 26538 842 7544 1519
-8580 13029 24752 3874 7203 3682
-12228 13949 23900 5983 2938 7197
-13261 15026 24417 7097 -3338 10096
-13445 16202 24505 7439 -8562 11746
-12593 16745 24015 7070 -13963 12905
-10813 16675 22086 6203 -18260 13527
-9562 16134 20248 5847 -19806 13999
-8231 15602 17962 6070 -19955 14832
-7338 15110 15806 6830 -18992 16343
-7065 14672 14702 7829 -18010 17241
-7329 15129 13609 7425 -17733 17905
-7503 14695 12810 5103 -18435 18155
-6805 13213 11919 2898 -19178 18172
-5522 11292 10814 1713 -19510 18122
-4518 9446 9701 1677 -19752 18047
-2815 7280 7978 2936 -19698 17491
-1072 5490 6290 4426 -19781 16885
-74 4772 5472 5320 -20019 16382
743 4199 4534 5858 -19955 15768
1389 3708 3693 5966 -19387 15017
1709 3438 3270 5295 -18153 14154
2650 3032 2834 4298 -15783 12630
2264 2683 2670 3485 -13345 11406
2280 2405 2350 1687 -9537 9176
2080 2008 2010 -37 -6183 7162
1985 1409 1454 -1230 -3296 5579
1999 731 900 -2204 -271 3823
1793 374 393 -2445 3213 1974
1382 154 148 -2028 6519 343
1008 369 202 -1533 9167 -853
831 869 270 -1918 12197 -1988
676 1132 754 -3051 16166 -3791
381 1734 1440 -4397 20475 -5872
-369 2741 2076 -7152 26093 -8636
-1137 4203 2346 -12484 32058 -11985
-2282 5588 3716 -19376 32767 -14965
-3354 7200 6112 -27036 32767 -16734
-3083 7695 10090 -32607 32767 -17996
-4202 7033 15761 -32768 32767 -19873
-6191 2916 20968 -32768 32767 -22141
-5448 -2706 24810 -32768 32767 -22936
-6466 -5378 27649 -32768 32767 -18516
-15032 -8965 30788 -25848 32767 -9961
-23956 -10694 32767 -7014 23903 -5284
-27216 -5939 32767 8278 6219 -1353
-22961 -86 32732 18563 -7565 2144
-18012 5560 30785 20554 -12834 3453
-13839 9214 27880 16043 -11060 3837
-11175 10352 24520 10340 -7506 4501
-9961 9958 21538 6548 -5458 5658
-9685 9156 19749 4984 -4982 6639
-9403 7993 18035 4572 -4896 8508
-8970 7078 16712 5107 -5366 11169
-8380 6712 15710 5922 -6379 12913
-6921 5936 14679 6808 -6828 13675
-5872 5822 13693 7377 -7297 14151
-5244 5686 12889 7245 -8286 13896
-4631 5675 11990 7125 -9302 13006
-4137 5789 11285 6292 -11360 10882
-3253 5105 10628 4423 -13446 6886
-1647 3872 10742 3569 -14603 4236
-62 2998 10411 6339 -14024 2358
968 3319 10507 8008 -11946 1603
8 5698 10154 7357 -9765 1014
-1046 7267 9901 4901 -7300 372
-2328 7954 10824 1434 -5656 -2318
-2502 8046 11354 -1314 -5107 -4420
-2294 8688 13112 -3740 -5308 -5698
-894 6844 15762 -4019 -4588 -6029
-240 6768 17102 -2914 -1979 -4650
-825 7572 18456 -4546 74 -3720
-3785 9806 20464 -8828 -2336 -3761
-3542 7926 19882 -11681 -5238 -3474
-290 5413 20197 -12237 -6083 -2524
2214 5563 19966 -9708 -4593 135
606 4140 19830 -3930 -2527 3193
-3096 6858 20148 -478 -4253 4381
-3574 7392 19642 1503 -6799 4573
-2513 7117 18389 4085 -6956 4493
-989 5914 17074 9053 -1403 4017
-226 6041 17102 13424 5075 2270
-426 8238 17304 12675 8084 134
-2050 11531 16966 7814 8735 -3597
1404 8417 16649 3156 6773 -2611
2438 3033 11806 11340 12724 -978
-1798 14058 12158 8346 14127 -610
-6568 12492 13188 -2627 8938 -3300
-4346 10626 13717 -7509 3225 -3108
-5501 10391 14240 -10487 -143 -2151
-7106 8285 13618 -10399 -2511 -2677
-2592 5993 14240 -7972 -1603 -3849
-1719 6065 14287 -4857 1175 -3945
-2426 8641 14581 -3290 3797 -1384
18 7890 12714 -2693 6218 1338
-2094 9731 16208 -15525 6373 -1811
-6404 8077 17164 -25288 -6649 -2036
618 -4771 17586 -11743 1706 -169
-3012 3590 16985 -3193 3195 2510
-1426 1312 17232 1706 -93 322
-2753 1960 17657 4481 2363 1076
-3333 2546 18056 7160 2865 2490
-3146 3905 17534 8525 4190 1787
-2592 3288 16884 8735 6958 1637
-3314 7474 16566 7907 8165 703
-3083 8618 17210 3889 7517 -1659
-2654 7145 17219 -1153 3111 -2109
-1689 2763 15709 5294 6281 -2089
-2738 10792 14524 5482 5079 -105
-2985 6228 14186 5113 6180 -1212
-3790 4560 14609 8169 6629 -2027
-4821 8722 15036 6374 5318 -1351
-8821 9371 15212 1476 1587 54
-6089 9312 15277 -2917 -1196 -350
-5565 7395 15224 -4824 -2305 -1877
-6482 6808 14754 -3033 -2556 -2290
-4435 5833 15212 -612 -2653 -2268
-5649 7007 14627 400 -2096 -1810
-6344 7830 15050 997 -1652 -1106
-5640 9334 15216 450 -915 -228
-3552 8149 13797 -241 496 335
-3438 9485 17337 -13432 -3035 -3482
-6428 10274 14849 -17585 -9248 -4913
-1774 4770 15076 -16031 -6610 -2466
81 2136 15440 -10722 -694 -230
-2919 3675 15370 -5887 1320 2833
-4840 4056 15754 -1858 1740 2497
-2414 3544 17225 778 1548 522
-2705 5561 16879 687 1181 319
-4275 6090 16671 74 809 -187
-4689 6618 16444 -1019 1022 -276
-5332 7084 16428 -2099 938 70
-5602 7004 16417 -3401 22 370
-5326 6312 16418 -4368 -1016 697
-5092 5654 16398 -4470 -1608 1114
-4690 5180 16577 -4061 -2055 1433
-4289 4781 16880 -3543 -1898 1350
-3839 4193 17073 -2666 -1171 1236
-3628 4009 17104 -1928 -271 1124
-3880 4229 16960 -1682 607 527
-3595 3843 16554 -1198 1135 105
-3814 4110 16338 -928 1377 131
-4022 4378 16272 -1107 1136 304
-4123 4375 16191 -1420 674 436
-4022 4016 16272 -1561 485 466
-3980 3808 16345 -1397 353 557
-4022 3841 16157 -1484 117 485
-3862 3784 16042 -1572 107 339
-3709 3848 16100 -1787 189 298
-3513 3746 16014 -1775 390 -36
-3410 3497 16097 -1560 662 -201
-3518 3274 16246 -1316 905 -125
-3820 3414 16420 -1253 1175 -57
-3845 3344 16520 -1341 1466 -11
-3977 3170 16632 -1166 1610 -85
-3968 3200 16600 -872 1572 -256
-3970 3428 16495 -696 1294 -442
-3886 3610 16378 -600 874 -536
-3979 3715 16300 -491 434 -532
-4014 3866 16344 -301 58 -368
-3966 3498 16090 96 19 -126
-3650 3564 16136 411 -37 -161
-3394 3503 15882 1173 376 -6
-3684 4064 15678 1408 377 26
-4012 4606 15644 1231 206 98
-4067 5054 15614 968 48 168
-4090 5154 15616 910 -123 158
-4090 5244 15452 986 -292 186