-14846 3493 1942 -16184 -17 3733
-14865 3456 1930 -15651 -177 3478
-14982 3498 1884 -15156 -338 3123
-15080 3566 1824 -14690 -383 2731
-15160 3756 1732 -14251 -344 2294
-15314 4023 1600 -13939 -137 1820
-15453 4269 1466 -13655 97 1469
-15538 4562 1421 -13460 329 1241
-15691 4859 1298 -13230 626 1098
-15962 5140 1223 -12998 972 1075
-16375 5418 1170 -12897 1290 1143
-16664 5634 1176 -12990 1535 1291
-16874 5693 1189 -13145 1717 1443
-17428 5944 1292 -13584 1800 1926
-18384 6304 1677 -14212 930 3064
-18844 6432 1912 -14494 -116 4258
-19362 6483 2284 -14966 -1302 5787
-19736 6896 3091 -15385 -2615 7559
-19800 7049 3813 -15725 -3031 8318
-19854 7400 4294 -15770 -2803 8580
-19794 8399 4956 -15820 -1899 8948
-20098 9346 5636 -16316 -632 9719
-20606 9908 6208 -16857 94 10838
-21346 10568 7063 -18115 434 12751
-21892 10745 8077 -19525 56 15091
-22022 10401 9166 -20170 -396 17110
-22441 10302 10655 -19167 -1272 19412
-23662 10637 11967 -15087 -4133 22151
-24832 11537 12049 -11634 -9046 26234
-25682 13018 12231 -10410 -14813 30731
-25668 14419 13841 -10035 -20242 32715
-26170 14805 15382 -8370 -23781 32767
-26078 15055 15951 -5379 -26052 32767
-25206 15370 15501 -982 -27320 32767
-23900 15466 14634 1905 -27239 32767
-21520 14593 13641 3385 -26559 32767
-18855 13611 12460 3243 -25359 32767
-16942 13395 11588 1271 -23794 32767
-15049 11716 10453 -1762 -22123 32723
-14022 11314 9962 -4091 -21095 31686
-13518 10397 9047 -5863 -20971 29841
-12161 9338 8362 -7710 -20366 27527
-11216 9216 7968 -8952 -19570 25938
-10127 8919 7782 -10450 -18279 23708
-8913 9020 7973 -12244 -16411 21432
-7801 8415 7843 -13926 -14785 19324
-6447 7465 7824 -15230 -12592 17327
-5737 7144 7856 -15629 -10824 15722
-4830 6405 7289 -15718 -9137 13805
-4190 5820 7272 -15752 -7830 12375
-3888 5572 7369 -16014 -6445 10821
-3560 5314 7308 -16236 -4960 9158
-3188 5196 7421 -15808 -3906 8095
-2853 5008 7378 -14797 -2483 7195
-2254 4438 8028 -14937 -1775 6262
-1877 4597 9054 -15603 -1831 4729
-1558 5410 9890 -15476 -1900 3111
-1377 6064 10241 -15786 -1782 2465
-1157 5610 11193 -15918 -1553 2040
-765 5064 12408 -15533 -1528 2273
-1000 5401 13382 -14642 -1776 2624
-440 4912 13773 -12397 -2165 2307
408 4353 13493 -8869 -1802 1838
1273 3669 12900 -5893 -192 1275
1773 3129 12758 -4073 2020 311
1969 3502 12373 -2790 4126 -376
1408 4477 11804 -2116 6470 -632
650 5108 12008 -2627 7860 -704
-28 5384 12140 -3452 8255 -638
-372 5196 12736 -4879 7658 -969
-402 4453 13673 -5252 5658 -1802
-641 4712 13762 -5220 3218 -1927
-420 4315 13652 -4888 1225 -1946
559 3931 13313 -3520 -531 -1478
1327 4195 13298 -1156 310 -1314
1650 5014 13678 134 2283 -1656
2243 6127 14405 -33 5355 -1771
2358 6873 15040 -1742 8504 -1674
1898 6118 15914 -3039 9432 -1254
470 4226 16117 -3661 10021 -2060
194 2824 16468 -3166 9896 -3035
-193 3659 16640 -2068 9246 -2745
-340 4750 17413 -1476 8282 -1748
-328 4328 17520 156 7926 -1727
-22 4314 16897 1753 9034 -1545
-416 4511 16438 2051 9732 -899
-474 4446 15156 2688 10773 -441
-486 4904 14308 3391 12058 660
-880 5234 13714 4508 13298 1328
-2021 6253 13280 4044 13969 903
-2871 6587 13675 1752 12667 313
-3051 5690 14213 438 9174 782
-3201 4782 14021 323 5571 1500
-3038 3986 13794 904 3568 1758
-3409 3713 13582 1822 1229 1727
-3025 3760 13088 2500 1379 979
-3272 5106 14450 959 1900 249
-3530 5542 15068 -1434 1601 -137
-3302 5186 15300 -3359 2030 -396
-2976 4366 15736 -3767 2104 -305
-2707 3739 15571 -1819 2226 -159
-3272 4361 16053 784 3761 -81
-4754 5408 17133 2275 3677 634
-5344 6027 17183 3040 5099 940
-5894 6222 17681 3500 6398 1168
-6657 6548 17754 3693 6637 1084
-7034 7077 17654 3523 5958 1004
-7194 6966 17812 3809 5027 797
-7279 7454 18073 3928 3623 322
-7012 8690 17660 2976 2332 6
-6624 8619 17757 2222 1802 859
-5969 8953 15992 2748 2418 2203
-5956 8622 15341 2993 4040 2714
-6250 9144 14762 2739 5221 1939
-6588 9582 14546 1403 5613 924
-6470 8846 14638 -624 5142 -290
-6380 8216 14790 -2107 3966 -1028
-6373 7758 14946 -2722 3116 -1314
-6222 7552 14862 -3000 3022 -1675
-6204 7390 15069 -2950 3367 -2054
-6307 7228 15090 -2248 3019 -2767
-6496 7375 14776 -1206 2922 -3742
-6395 8065 13819 -1418 3957 -4322
-5833 8393 14166 -1818 5519 -4525
-5810 8908 14776 -2508 5987 -4129
-5656 8780 15002 -3295 5686 -3509
-4893 7770 14695 -3809 5981 -2982
-4619 7053 14920 -3763 6704 -2239
-5543 6477 15187 -4217 6906 -1278
-6525 4622 16006 -3910 5515 -978
-6526 4297 16378 -2264 2868 -785
-6254 4744 15982 -278 1721 -444
-6644 4962 16477 1067 945 -720
-7097 5014 16560 2138 18 -2177
-6485 5430 15865 2164 216 -3242
-5844 5178 14372 3337 1109 -3436
-5129 5357 12076 6089 3939 -2422
-6297 7137 11581 7401 7211 -1604
-7212 8745 11172 4615 9325 -2373
-7717 8638 12331 287 9052 -3093
-7798 7274 13288 -1692 6615 -3488
-8435 6699 12735 -1513 2748 -3924
-8459 6419 12935 -463 1707 -5138
-7904 7149 14119 -1766 -1150 -4839
-7654 6960 14142 -3319 -2432 -4869
-7748 6501 14006 -3912 -2399 -5230
-7139 5832 13493 -3205 458 -5582
-6758 5661 13330 -2653 2725 -5044
-6304 5648 13890 -2174 5256 -3913
-6772 5660 15216 -1390 5622 -2142
-7965 6295 16392 -729 4264 -919
-9714 7140 17502 -2132 914 -551
-10203 6589 17212 -3111 -1553 -1229
-10660 6240 17328 -3252 -2255 -1699
-10826 6308 17262 -2617 -2144 -1932
-10854 6802 17376 -1643 -1889 -1206
-10560 6840 18112 -78 -2014 119
-10646 6300 20282 832 -4174 1342
-9573 5715 19141 2913 -5132 2449
-8074 5094 19316 5117 -3796 3947
-7739 5131 17860 8941 -5279 4972
-6509 4668 14437 11433 -2927 4105
-7060 6888 13725 7569 1068 1010
-7258 8026 14112 1671 2825 -977
-7601 7162 14572 -2790 2217 -2245
-7358 6031 14813 -6062 293 -3171
-7072 5544 14868 -6778 -1578 -2601
-6800 5356 15050 -5871 -3203 -1341
-6453 4984 15114 -4452 -4379 -308
-6600 4931 14611 -2599 -4790 59
-7372 5645 13658 -231 -3585 -384
-7725 6530 13428 10 -1969 -692
-7640 6810 13908 -907 -637 -638
-7466 6657 14268 -1353 804 -385
-7412 6446 14192 -1228 2144 32
-7530 6175 14233 -795 2850 688
-7586 5833 14462 42 3171 1162
-7482 5367 14591 494 3223 1497
-7450 5232 14450 646 3096 1679
-7314 4993 14356 449 2855 1572
-7258 4816 14189 12 2726 1268
-7404 4840 14044 -523 2757 1007
-7643 4570 14117 -1118 2703 682
-7778 4416 14154 -1464 2629 551
-7681 4112 14140 -1384 2651 463
-7713 3856 14226 -1179 2608 345
-8018 4030 14202 -1030 2564 99
-8269 4072 14214 -1143 2485 -366
-8700 4502 14509 -1894 2357 -1321
-8697 5112 14572 -3926 2283 -2398
-8225 5174 14614 -6210 2153 -2228
-7764 4452 14721 -6784 1802 -1232
-7976 3645 14824 -5750 1526 2
-7845 2593 14684 -3449 1007 1535
-7737 2529 14448 -447 125 2875
-7797 3298 14374 1939 -781 3696
-7872 4288 14425 2849 -1270 3679
-7960 5517 14630 1660 -1447 2986
-7973 5877 14717 -1115 -1183 2435
-7621 5093 14657 -3933 -456 1923