-3376 2824 11049 10458 1025 1255
-3145 3729 10840 10754 3246 327
-3181 4480 10708 10213 4981 -313
-3380 5259 10574 8886 6664 -1068
-3546 5609 10350 7292 8002 -1711
-3632 5708 10100 6489 8446 -2086
-3467 5375 9283 5554 9288 -2897
-3180 5116 8804 4884 10509 -3553
-3075 4594 8699 5298 10845 -3612
-1227 1967 7828 6616 12415 -4251
-4475 5583 6611 15925 12950 -8624
-6232 5008 7132 15105 14208 -1191
-6419 4506 6810 12048 13836 -1982
-5705 3889 6954 7258 13421 -8637
-8222 5149 6774 10028 14070 -11004
-10406 5280 6508 11993 16854 -10712
-10356 4502 6388 10569 18753 -11045
-10532 4873 5893 12007 19011 -14694
-12206 4446 5596 14127 19255 -15608
-13519 4776 5365 15759 19583 -16411
-16078 6410 5260 16540 20292 -16918
-18207 8350 6018 16033 21433 -17803
-21415 12083 7241 12513 22483 -19884
-22470 12684 7746 8085 22519 -20818
-22717 12172 7973 4269 22240 -20317
-22657 11318 7825 1248 20569 -18966
-22567 10360 7687 202 18271 -16801
-22269 9790 8316 591 15827 -14674
-21957 9461 8930 1621 14196 -13843
-21776 9268 9092 2827 13279 -13693
-21742 9234 9052 3754 12759 -14058
-21864 9376 9038 4986 12681 -14997
-22125 9579 9167 6304 13164 -15724
-22522 9972 9200 7008 13333 -15695
-22872 10684 9182 7200 12974 -15102
-23268 12212 8614 6683 11251 -13450
-23140 13637 8153 5098 8872 -11525
-22840 14532 7972 3213 7113 -10052
-21999 14359 7728 1171 5454 -7914
-21108 13452 7528 328 4326 -5323
-20664 12876 7392 525 3837 -3713
-19880 11928 7445 1740 3217 -1389
-19212 11517 7660 3523 2221 1546
-19361 11965 7698 3464 1085 3306
-19597 11961 7373 1784 -60 4607
-19677 12169 6981 -234 -1258 5645
-19800 12122 6888 -2060 -2325 6455
-19770 11968 7287 -3982 -3945 7511
-20066 12268 7663 -6061 -6065 8439
-20249 12615 8190 -8405 -8101 8756
-20461 12496 8608 -10804 -10327 8718
-20215 12223 8824 -12233 -11737 9032
-19855 11839 9227 -12207 -12401 9679
-19379 11555 9995 -11533 -12254 10298
-19302 11344 11274 -11141 -12217 10844
-19376 11238 12396 -11070 -12840 11359
-19206 9714 13366 -10567 -13732 11279
-18442 8815 13577 -9417 -14636 10830
-18368 9140 13602 -8821 -15329 9966
-18696 9528 13364 -9191 -15915 9263
-18702 9394 12952 -9824 -16373 8291
-18277 8949 12232 -10403 -16938 7648
-17961 8417 11768 -10647 -17367 7552
-18128 8366 11314 -10577 -17618 7506
-17406 7801 10630 -9944 -17757 7262
-17010 7448 10220 -9013 -17829 6994
-16054 6972 9640 -8049 -17831 6865
-15068 6801 9365 -7766 -18417 7144
-13605 5919 8920 -7485 -19826 7660
-12069 5146 8324 -7056 -20920 7819
-10814 4577 7849 -5916 -21595 7451
-9778 4418 7273 -4892 -21848 7131
-8682 4426 6708 -4224 -21790 6743
-7772 4410 6333 -4151 -21737 6140
-6985 4308 6105 -4984 -21244 4931
-6193 4075 6695 -6376 -20587 3312
-5468 3746 7424 -7087 -20329 1999
-5175 3906 7891 -6750 -19743 451
-4068 3732 7780 -5450 -17789 -982
-3668 3698 7572 -4314 -15948 -1349
-3178 3692 7447 -2813 -13805 -1397
-3372 4652 7550 -926 -11279 -654
-3566 5016 7910 -101 -9506 -375
-4162 5458 7901 447 -8215 -948
-4694 5856 7905 327 -6810 -2155
-4836 5988 8453 -549 -6058 -3238
-5277 6269 9040 -1308 -6241 -3479
-5032 6254 9505 -1664 -5455 -3681
-4828 5990 9982 -2085 -4684 -4009
-4039 5397 10517 -2475 -3546 -4456
-3277 4804 11383 -1823 -2042 -4704
-3648 5168 12596 -436 169 -5551
-4726 6222 13440 -487 2438 -7158
-4731 7266 14443 -1274 4638 -8126
-3788 7227 14539 -3109 6138 -5925
-5685 3894 15709 -3955 5423 -3672
-5990 3120 16870 -2646 3529 -2533
-5343 3359 16680 1130 295 -626
-5562 3432 16170 5933 -2435 916
-5957 4312 16353 8343 -4328 229
-5502 5224 16804 8061 -5405 -652
-5444 5036 17184 6304 -5828 -2033
-4971 5094 17819 3895 -6722 -2930
-4575 5404 16729 3071 -6576 -3198
-4088 5338 16037 3595 -6096 -2254
-4509 6188 15200 5650 -5101 -1275
-6393 4370 14769 6918 -3565 -1827
-3412 11878 12833 2546 -1766 -801
-4770 7509 15634 1054 -3036 -1316
-4764 6970 15788 -852 -4240 -2265
-4401 6890 15568 -1783 -4903 -2452
-3888 7242 14734 -2581 -4912 -2682
-3893 6788 14017 -2194 -3923 -3024
-4022 6224 14020 -275 -3581 -4356
-3649 7937 13896 -949 -4980 -4522
-2866 8470 14424 -3390 -6113 -3544
-3120 8692 15920 -8385 -9211 -2475
-1994 6040 16746 -13650 -11338 -2226
-361 3487 17329 -12821 -10300 -1710
7 3381 18308 -10738 -9228 -290
380 2240 18355 -7175 -6931 494
789 1811 18039 -3212 -4716 302
1093 1814 17744 -839 -3711 -293
1220 2156 17345 478 -3142 -694
1520 2582 17549 1417 -2899 -847
1309 2778 17943 1799 -3799 -859
2017 2376 18122 3421 -5366 -641
2537 2326 17208 5400 -4512 -172
2519 3562 16272 7099 -2179 422
2084 5816 15094 7084 -335 1301
2026 6709 14394 5473 653 1965
2042 7040 13658 3191 1250 2193
1945 6894 13681 289 996 2303
1940 6330 14047 -3121 102 2965
985 4421 14170 -2977 -245 2424
-709 5221 13820 -363 1621 293
-1302 6016 14472 -555 3366 -1255
-162 6036 15783 -2219 5299 -1646
150 5844 17603 -4146 6638 -2447
133 5128 17185 -4007 6840 -2747
778 4662 16396 -3118 8270 -2202
-46 5007 16170 -3827 9981 -1174
-773 4581 17913 -6925 9385 558
-814 3154 18941 -5862 7010 1635
-894 1670 18654 -2448 5802 1467
-1914 3063 18660 201 3848 1081
-2398 3257 18427 2152 1610 1365
-1718 2268 18236 5365 825 1398
-1294 2442 18422 7443 597 1299
-1460 3229 17786 10385 1664 865
-1625 5698 16265 11610 4045 198
-2127 7458 15259 9006 6113 316
-2076 7232 14377 7880 7192 600
-2371 8213 13551 7080 8349 495
-3884 9863 14571 1146 6052 1371
-4021 8402 15144 -2093 2168 2680
-4866 7756 14855 -1713 728 1911
-4705 8112 14869 -2099 1005 1101
-3798 6154 14386 -1014 2542 478
-3560 6534 14628 -455 4522 -462
-4114 8256 15262 -1298 5012 -1324
-3976 8018 15540 -3287 5515 -1883
-4007 7629 16084 -4756 5853 -2034
-3921 6870 16072 -4972 6293 -2079
-4058 6564 16101 -4396 6932 -1929
-4456 6448 16278 -4022 7076 -1320
-4757 6433 16418 -3590 6740 -469
-5236 6719 16966 -3317 5658 -169
-5442 6523 17562 -2257 3664 291
-4752 6224 16741 -695 3794 1308
-4924 6156 16604 -360 4067 1874
-4804 6664 16255 -662 3885 3353
-4962 6530 15158 -1323 3447 4379
-5528 6212 14736 -2595 3606 3304
-5520 6256 14678 -4287 3650 2190
-5229 5854 15010 -5506 3783 1523
-4894 5013 15190 -5717 4005 1190
-4849 4506 15300 -5126 4294 831
-5349 4516 15425 -3821 4650 244
-5854 4839 15389 -2437 4688 -240
-6024 5028 15526 -2280 4429 -388
-6045 5118 15588 -2571 4029 -596
-6066 4942 15947 -2852 3698 -827
-6150 4761 16052 -2793 3524 -958
-6160 4657 16086 -2438 3268 -1066
-6107 4179 16202 -1685 3090 -1245
-6202 4083 16383 -917 3084 -1355
-6314 4052 16567 -449 3026 -1457
-6422 4002 16482 -216 2724 -1474
-6455 3634 16476 -100 2098 -1430
-6223 3602 16353 244 1394 -1562
-5836 3811 16162 406 902 -1998
-5504 4237 16105 -55 681 -2313
-5113 4105 16037 -555 463 -2488
-4786 3734 15938 -558 452 -2509
-4610 3514 16033 -58 679 -2371
-4545 3444 16256 704 1081 -2289
-4648 3830 16432 1403 1394 -2328
-4860 4702 16645 1278 1295 -2488
-4956 5355 16736 71 662 -2754