-21930 9914 3572 3220 -6334 8906
-22146 10325 3854 765 -8012 9976
-22425 10500 4102 -1082 -9817 10672
-22941 10726 4544 -2245 -11936 11257
-23082 10536 5030 -2572 -13941 11849
-23384 10608 5272 -2546 -15518 12692
-23665 10705 5529 -2348 -17673 13825
-23656 10678 5926 -1923 -19880 14872
-23232 10776 6168 -1321 -22454 16967
-23181 10702 6180 -588 -24981 19935
-23365 11034 6173 -138 -25688 21456
-23545 11985 6586 -1517 -26603 21926
-23470 12681 7196 -4891 -27756 21411
-22275 13071 7530 -10188 -28545 19921
-21212 12604 7832 -14412 -28881 18673
-20383 12666 8304 -18447 -28737 17251
-18938 10962 9317 -19888 -27983 15971
-18173 9852 9710 -17917 -26711 15958
-17877 9120 10700 -14563 -26435 16924
-16959 7988 10142 -10837 -26410 17574
-16253 6936 9868 -8260 -25992 17809
-15874 6734 10218 -6963 -26284 18416
-16220 6588 10762 -7565 -27390 18912
-16118 5320 10762 -8741 -28675 18632
-15445 3478 10234 -8530 -29402 18184
-14165 2278 9774 -7245 -28823 18096
-13649 1892 9569 -6411 -27975 17739
-12580 1106 9450 -5774 -27102 17409
-11336 281 9334 -4921 -26777 16853
-10266 -26 9124 -5015 -26528 15450
-9790 -388 8480 -4986 -26545 13907
-8282 -702 7368 -4239 -25668 11733
-7040 -136 6745 -3441 -24065 9360
-5862 -122 6759 -3261 -22283 7709
-4720 321 6485 -3058 -20335 6419
-4082 614 6142 -2948 -18542 5595
-2888 1262 5945 -2950 -15354 4519
-1721 1543 6175 -2974 -11297 3382
-1034 1332 6274 -3129 -8892 2249
-462 1218 6572 -3374 -7249 1453
173 1371 7738 -3787 -4985 530
376 1471 9841 -4225 -1841 -731
-57 2402 11934 -4652 -139 -1840
-384 2757 13298 -4745 -1241 -1502
612 2362 13049 -2465 -1796 -738
1648 2186 11628 2745 -706 -528
1968 2633 11886 6712 675 -2266
2761 3078 11582 8122 2487 -4696
2472 5920 12057 4977 6293 -6933
568 7812 14113 -1107 8737 -8398
-890 8261 15962 -5602 8844 -8177
-2202 8518 18290 -7758 7149 -6668
-2758 8522 19762 -8083 4397 -5347
-2670 8104 20196 -6008 1501 -5310
-1777 7728 19585 -2542 -655 -6265
-517 7822 18572 136 -1728 -6919
453 7592 17235 1277 -2305 -6852
1205 7978 16221 789 513 -7244
1372 9345 16326 -1560 2931 -7863
1885 9166 16267 -4566 4168 -8259
2256 8192 15384 -5773 5152 -8134
2092 7995 14657 -7287 7535 -8482
1034 8354 16728 -12215 7806 -7626
1508 5338 16554 -11957 7321 -7147
2050 3026 15682 -7154 7918 -7269
1248 4029 15018 -4003 8725 -7386
-1058 4373 14933 -3124 8662 -6898
-2901 3519 16003 -2036 7464 -6608
-2956 4386 16700 760 4429 -4502
-2694 4968 16826 2593 2633 -3056
-3022 5538 17708 4102 565 -2207
-3092 6795 18410 5579 -2669 -1365
-2976 7430 19062 4421 -4899 -552
-1207 6601 16426 5092 -4834 262
-102 6204 13972 6385 -275 667
-1702 9075 13762 3606 3594 -621
-2549 9010 15000 -2167 6200 -2842
-2870 8176 16519 -4805 5884 -2873
-3817 7911 17113 -4091 4303 -1831
-3948 7630 18300 -1816 2317 -1025
-4429 8250 18338 216 531 -370
-4708 8720 18126 1065 43 -283
-4792 8870 17639 1602 -774 -448
-3965 8812 16398 1978 -1920 -754
-2071 8371 15724 1548 -176 -745
-1608 8532 15920 452 315 -184
-1927 9091 15659 -1501 822 535
-2288 7535 15848 -3461 1118 444
-1806 5944 15060 -2032 1842 105
-1891 6876 14519 -57 3499 532
-3145 8126 15651 -1484 3551 1766
-3214 6686 16335 -2984 1633 2417
-3456 5790 16305 -3013 185 2315
-3481 5922 15904 -1992 -339 2151
-2996 5850 15725 -415 182 1717
-2451 6082 16387 2216 798 1716
-2672 6242 16654 3951 889 1660
-2416 7289 17177 4431 415 2390
-2574 8394 16506 4122 -287 3657
-1642 7240 14017 5544 2420 3829
-2108 7901 12870 6039 5801 2889
-3858 10366 12852 659 6937 555
-4493 9181 13725 -3902 6555 -1668
-4477 8746 14443 -5897 5533 -1752
-4602 8562 16557 -7953 4069 -370
-3984 7316 17218 -8084 2872 -110
-3256 6582 17936 -6347 2037 91
-3516 6698 18162 -4507 918 758
-3529 6978 17875 -3239 842 705
-4148 7718 17916 -4435 -722 737
-4292 7318 17500 -4630 -2157 809
-4301 6694 16894 -4343 -2794 888
-4067 6388 16490 -3518 -2992 939
-3762 6154 16733 -3391 -2880 837
-3573 5857 16549 -3448 -2875 869
-3285 5428 16162 -3477 -1833 865
-3201 5030 16186 -3067 -597 663
-3166 4783 15969 -1915 67 451
-3200 4722 15830 -1027 -50 402
-3127 4542 15012 265 1067 302
-3170 4186 15636 2199 1542 182
-3114 4328 15848 2599 876 301
-3084 4349 16415 2864 -1439 333
-3140 4792 17040 2284 -3637 -319
-2931 4402 17110 1639 -1977 -958
-3008 4472 16028 2583 1954 -1929
-3361 6034 15427 3640 4936 -1759
-4493 7833 15256 3359 5569 -2051
-4973 9042 15409 -233 4376 -2498
-4250 7905 16108 -3630 4128 -2760
-4297 6510 17222 -4215 3502 -2781
-4493 6544 17148 -3458 3476 -2808
-3964 6014 17031 -3534 3861 -2714
-3635 5453 16690 -3449 3813 -2378
-3815 5673 16069 -4011 3094 -2423
-3869 5408 15350 -5007 2245 -2464
-4316 5325 15709 -6266 767 -1639
-4473 4645 16217 -6364 -1377 -1069
-4201 4424 15917 -5921 -3000 -1204
-3925 4246 14940 -4776 -2607 -1377
-3940 4131 14901 -3971 -485 -1311
-3814 3610 14892 -3751 628 -1428
-3583 2935 14386 -2449 2472 -1307
-3891 2856 13574 120 6855 -1398
-4126 3456 13182 1449 9764 -1482
-4522 4058 14357 1452 11916 -1298
-5344 4432 16606 185 8792 -748
-5165 3207 16585 426 4426 -634
-5169 2849 17106 839 1561 -17
-5252 3061 17965 1179 -599 694
-5032 2917 17390 2353 -1936 1290
-3894 2922 17803 3389 -1168 1754
-3794 3376 18745 4549 -2697 2875
-3101 4448 19388 4777 -3246 4420
-3506 4660 17452 7075 -5749 3877
-2694 5349 14152 7115 -4440 2318
-2740 7268 13918 3178 -1018 1233
-3660 7599 15114 -2701 210 1178
-3687 6017 16069 -4824 -448 1444
-3654 5321 16929 -4022 -1564 1571
-3545 4897 17238 -2998 -2644 1527
-3440 5386 17384 -2182 -3342 1770
-2760 5173 18300 -1019 -4259 2179
-2264 5484 18664 -69 -5345 2899
-2117 5930 17647 1399 -4929 3364
-1888 6971 16806 2032 -3436 3416
-1587 7469 16794 1252 -1880 3117
-1753 7285 16782 433 -1296 3039
-1772 7054 16031 -1008 -772 3571
-1213 5804 15400 -1161 -300 4314
-1311 5493 15219 -620 210 4376
-2169 5956 15600 -1054 1051 4294
-3545 6385 16046 -2755 2515 4117
-4348 5906 16221 -3970 4061 3891
-4866 5132 16413 -4065 5168 3609
-5964 5290 16765 -4072 6029 3194
-6600 5208 17042 -4329 6347 2904
-7076 4635 17335 -3994 6193 2848
-7562 4137 17593 -2909 5172 3175
-7918 3965 17450 -1937 4017 3231
-8260 4194 17276 -1395 3127 3115
-8540 4731 17162 -1525 2268 2770
-8635 5139 17106 -2459 1687 2439
-7922 4645 16914 -2995 1744 2308
-6893 3808 16397 -2635 2407 2436
-6280 3608 16076 -1903 3021 2508
-6052 4236 15804 -1116 3474 2654
-6368 5758 16090 -2084 3063 2847
-6464 5996 16328 -3606 2201 2712
-6330 4936 16120 -4316 869 2595
-6046 3070 15865 -2610 -236 2930
-5473 2758 15560 -64 -707 2962
-4818 3643 15316 2023 -1144 2180
-4392 4886 15026 2107 -1350 1193
-3999 5645 15044 559 -866 866
-3703 5766 15461 -1073 244 371
-3678 5296 16290 -1603 1493 113
-4049 4857 17031 -1163 2227 216
-4545 4649 17373 -573 1659 385
-4816 4611 17270 -60 -59 529