-16301 14061 13300 -10327 -15636 18446
-15570 13544 12876 -10052 -16292 19215
-14510 12986 12648 -10557 -17154 20188
-13329 11422 12296 -10714 -18314 20838
-12272 10254 11942 -10033 -18724 21110
-11365 10086 11676 -9956 -18897 21130
-10817 9927 11715 -11441 -18990 20504
-10037 9173 11718 -13487 -20093 19244
-8737 7902 11037 -13863 -20263 17740
-7545 7205 10906 -14045 -20821 16614
-6949 6638 11077 -15312 -21853 15264
-5941 6261 10598 -16464 -22396 13947
-4429 5289 10236 -15490 -21868 13150
-3769 5178 10145 -12998 -20978 12466
-3482 5470 10078 -11244 -20042 11668
-3231 5638 9979 -9519 -18736 10597
-2630 5489 10102 -7144 -16830 9021
-2304 5972 10169 -5292 -14593 7275
-2140 5825 10274 -4063 -13269 6053
-1974 5482 10130 -3961 -12993 5723
-1649 4985 10268 -3870 -12593 5649
-1358 5026 10466 -3300 -12023 5768
-1058 5433 10776 -2244 -11707 5789
-384 5051 10892 -878 -11179 4884
-54 4914 11398 77 -10560 3467
206 5138 11992 355 -10494 2705
729 5480 11523 1553 -9558 2470
1708 5666 10894 3267 -7354 2585
1901 6352 10430 4717 -3930 2312
1560 7457 10253 4244 -765 1571
1628 7825 10209 3465 1020 962
1552 7493 10614 2021 2550 -167
1214 7944 10938 157 3210 -1092
1130 7548 11526 -1732 3274 -1505
1154 6718 12673 -2322 2920 -1313
1138 6314 13605 -1756 1582 -747
1281 6204 13842 -650 729 -955
1748 6157 14030 438 473 -1605
2702 6404 14056 1287 836 -2631
3343 7475 14361 227 1328 -3738
3778 7794 13908 -1532 2426 -4652
4216 8284 14005 -2849 3919 -4481
3906 8360 14742 -4621 4188 -3817
3769 7828 14917 -5702 4187 -3220
3738 7993 15265 -5953 4524 -2928
3413 8468 16274 -6465 4058 -2645
3168 8137 16972 -6255 2813 -2524
2946 8084 17352 -5610 1440 -2473
2798 8092 17513 -5035 552 -2517
2944 7870 17478 -3880 222 -2495
3008 7720 17206 -2007 764 -2449
2982 7796 17138 -16 1458 -2239
3001 7564 17278 1431 1813 -2123
2916 7809 17144 2522 2030 -2033
2814 7907 16980 2692 1978 -2350
2753 8226 17044 2061 1649 -2542
2840 8490 16880 2001 1415 -2440
2898 8790 16569 2054 1654 -2027
2990 8822 16080 1872 2271 -1802
3030 8778 15821 1617 2899 -2125
2676 8991 15460 2116 2789 -2616
1938 9074 14566 2814 2489 -3425
1641 10058 14252 2850 3063 -4176
774 11048 14634 1059 3173 -5123
569 11330 15405 -2158 2362 -5903
936 10672 15664 -4316 1901 -6164
1237 9364 15555 -4983 1352 -6017
1630 7922 14953 -3665 809 -5060
1670 7513 14382 -2190 1139 -3815
1317 8050 14406 -2015 1549 -2777
868 8425 14389 -3286 2059 -2218
456 8052 15027 -5598 2524 -2190
668 6724 16262 -7218 2264 -3147
1484 5963 15777 -5144 3532 -3838
612 6561 16037 -5537 4101 -3978
376 6377 16393 -6099 3728 -3898
313 5514 16414 -5548 2877 -3592
-12 5006 15796 -4008 2181 -3084
-170 5060 15328 -2301 1778 -2639
-405 5693 15317 -1032 1182 -2177
-320 5776 15348 604 680 -1922
50 6044 15448 2349 529 -1648
-32 5998 15393 3793 271 -1590
30 6256 15552 4990 -220 -1672
54 6808 15689 4831 -995 -1741
136 7330 16170 3781 -1783 -1770
429 7669 16946 2728 -2818 -1468
510 8116 17494 2042 -3427 -1265
781 8559 17534 2162 -3494 -745
1675 8478 16301 4681 -487 210
1678 9144 15553 5247 3915 180
1694 9014 15744 4033 5340 -1
1714 8915 15904 1816 5806 -292
1381 8497 15926 -208 5612 -737
1228 8184 15886 -830 5208 -951
487 7903 15948 -862 3388 -1088
424 7773 15242 -350 2806 -1052
134 8001 15492 -306 2137 -825
244 8580 15841 -1383 1160 -441
157 8328 16752 -3084 -478 -416
1307 7888 16856 -3959 -171 -997
1186 7188 17445 -4538 323 -1674
1872 6862 16814 -4547 1091 -1547
1718 7198 16400 -3186 2840 -1495
2133 7844 16572 -2384 4859 126
578 7292 17572 -2443 4431 1906
-696 6546 18018 -2812 2555 2876
-1234 5870 18328 -2425 217 3091
-226 6559 17732 -2692 -1777 2990
598 6876 16867 -1937 -1440 2494
401 6413 16726 -293 -1047 2433
337 6086 16488 1194 -961 2602
436 6508 16545 1969 -1027 2940
333 6532 16695 1881 -1614 3265
268 6456 17253 780 -2539 3400
334 6370 17941 -453 -3876 3470
594 6118 18194 -879 -5097 3559
925 6367 17363 478 -5451 3557
1799 6156 16087 4081 -3438 4129
1610 6820 15183 6037 214 3275
625 8313 15074 3751 2119 1999
33 8404 15289 1148 3109 752
-508 8315 15684 -651 3814 -483
-1064 8306 16005 -1769 3573 -1052
-1424 8352 16124 -2109 2967 -1112
-1731 7814 16425 -1883 1396 -733
-1616 7306 16560 -997 -661 -275
-1059 6799 15763 1137 -2539 -283
-167 7511 15684 2321 -1881 -332
436 8184 16174 508 -2122 -88
112 8722 16117 -2412 -1566 -488
794 8281 16221 -4349 -324 -850
1302 7189 16866 -5130 636 -877
1750 6609 17024 -4408 1265 -997
2236 7318 16585 -4543 2734 -956
1192 6925 17642 -6694 4131 -836
-1462 4597 18109 -7761 3247 -1593
-1482 3837 16636 -5971 809 -1969
213 5637 15310 -3374 1831 -1091
25 6313 15600 -635 3397 188
-1002 5968 15972 1963 2999 846
-1321 6068 15774 3690 2126 736
-820 6406 15429 4861 1783 588
-956 7120 15526 5295 1405 624
-1684 7410 16469 3871 76 -187
-1900 6782 17006 2008 -2017 -1785
-730 5634 17166 -331 -2629 -2784
-268 5656 17180 -961 -1785 -2660
363 5569 16877 492 -1934 -1608
1129 7009 14302 5187 -469 -339
1046 7303 12425 6199 1908 -451
1154 8124 12066 3259 6934 -2404
-420 9800 13712 -2038 7965 -3878
-676 9236 14874 -4696 7226 -4534
-1074 8246 15622 -7150 5637 -4757
-1578 7512 16172 -7796 4535 -4624
-1949 6910 16368 -6722 3766 -4187
-2262 6196 16206 -4725 3262 -3629
-2821 6316 16424 -3041 3234 -3238
-3234 6621 16658 -1854 2800 -2959
-3388 7029 16597 -1175 1932 -2690
-3333 6926 16689 -1015 906 -2703
-3082 6738 16422 -847 150 -2847
-2942 6589 16328 -826 -212 -3000
-2921 6480 16373 -770 -504 -3126
-2698 6386 16136 -629 -618 -3232
-2558 6238 15872 -210 -463 -3579
-2494 6268 15769 -61 107 -4178
-2440 6132 15770 23 522 -4618
-2298 6254 15758 5 915 -4939
-2237 6340 15734 -172 1253 -5200
-2174 6392 15677 -352 1565 -5449
-2082 6430 15740 -599 1683 -5685
-2037 6314 15818 -854 1946 -5722
-2132 6202 16104 -1078 2224 -5710
-2138 6136 16330 -1277 2337 -5636
-1944 6010 16446 -1392 2222 -5550
-1854 5838 16474 -1452 2153 -5599
-1822 5576 16619 -1417 2082 -5754
-1857 5322 17024 -1134 2016 -6158
-1966 5302 17394 -1126 1956 -6411
-2135 5286 17709 -1268 1816 -6732
-2381 5350 17841 -1472 1620 -7202
-2736 5477 17904 -1754 1425 -7774
-3010 5644 18016 -2053 1203 -8475
-3422 6090 18022 -2401 1153 -9228
-3758 6326 18037 -2742 1284 -9804
-3869 6249 17980 -2922 1525 -9886
-3640 5581 17699 -2269 1836 -9330
-3460 4952 17372 -777 2039 -8464
-3138 4697 17225 1105 2069 -7754
-3329 4990 17050 2587 1676 -7218
-3340 5616 16704 2912 951 -7070
-3461 6049 16388 2382 57 -7236
-3646 6308 16166 1474 -729 -7473
-3946 5990 15801 8 -1634 -7839
-4280 5283 15560 -782 -2122 -8045
-4522 4957 15497 -529 -2181 -8135
-4862 5048 15421 -252 -2329 -8196
-4993 4805 15193 163 -2585 -8054