-10887 2294 14997 6532 -2335 175
-10965 2798 15129 8393 -4290 1256
-11108 3277 15899 9999 -6754 2769
-10329 3564 16541 10827 -9007 4006
-10088 3532 16872 11009 -10103 4597
-9762 3700 16797 11755 -11293 5067
-8692 4242 17263 11292 -12860 5459
-7381 4106 17809 10985 -13283 5217
-4844 4685 19188 11045 -9750 4079
1574 6229 25646 5904 6401 233
-11801 10342 31748 1329 10137 5542
-9036 13608 31523 -3257 8828 -1097
-3264 5844 27969 -3391 12788 -4954
-9105 5406 22644 569 13226 -7269
-9606 4076 19356 1357 7108 -5173
-6880 3800 16609 2058 3828 -3903
-6094 3060 15058 3295 578 -3019
-5205 3430 13752 4564 -2256 -2606
-4948 4245 12714 5158 -3749 -2159
-5458 5089 12262 3984 -3780 -1449
-5878 5821 12310 2449 -2961 -972
-5778 6556 12676 609 -1147 -516
-5612 6866 13125 -978 1010 -477
-6084 7088 13512 -2557 2345 -701
-6458 6976 13925 -3963 3357 -1027
-6635 6548 14422 -4778 4068 -1542
-7584 6438 15317 -5435 4038 -1797
-8023 5564 16005 -5350 3381 -1601
-8284 4816 16132 -4223 2861 -1346
-8422 4498 15957 -2728 2334 -905
-8467 4340 15768 -1307 1097 -267
-8215 4142 15669 -332 402 88
-8088 3997 15513 349 186 287
-8026 3861 15207 1038 120 475
-7888 3808 15034 1508 -100 469
-7795 4071 14955 1487 -112 246
-8104 4209 15508 1177 85 55
-8516 4465 15640 1062 0 -89
-8460 4684 15770 1085 -304 103
-8713 5093 16151 1281 -951 586
-8840 5593 17212 1588 -1715 1144
-8822 5894 18462 2206 -2009 1641
-9461 6141 19782 2970 -2191 1848
-10057 6600 21052 2879 -2247 1882
-11384 7373 22892 1311 -1949 1373
-12702 6838 23970 -222 -1551 248
-12672 6316 24468 -216 -1758 621
-12954 6688 24036 -609 -2225 1114
-12584 7130 23428 -10 -4183 2092
-11222 7378 23850 845 -5078 3090
-11619 7415 24548 1980 -5033 4161
-11630 7618 23929 4225 -5738 5736
-11015 7974 23009 5372 -7093 6804
-10564 7961 21982 5762 -8579 7490
-9170 7910 21376 5639 -9941 7852
-8386 8130 20969 4679 -10844 8187
-7400 8016 20078 3397 -12344 8653
-6156 7556 19192 2876 -13371 9003
-4873 6935 18219 2875 -14053 9185
-3750 6619 16893 2980 -14883 9283
-2627 6093 15528 3444 -15695 8965
-1438 5678 14211 3722 -16230 8800
-470 5426 12996 3781 -16737 8668
241 5216 12277 3842 -16892 8618
891 5082 11644 3866 -16641 8628
1322 5161 11024 4277 -15905 8317
1881 5648 10247 4180 -14858 7942
2473 5877 9412 3842 -13278 7549
3445 5578 8474 3846 -11713 7398
4534 4867 7646 4332 -9089 7338
4992 4610 7023 5643 -5240 7568
4555 5464 6978 6553 -1485 7531
3124 6440 7392 5149 159 6644
2333 7620 7537 2864 253 5013
1745 8233 7882 -1328 -140 1819
1706 8054 8228 -5178 -219 -806
2763 7062 8277 -7279 1314 -2531
2646 6524 7813 -7801 4852 -3397
1471 7172 7096 -9233 8451 -4654
1173 6208 7816 -10575 10765 -5640
860 5784 8757 -10980 12586 -6513
615 5987 9339 -11582 14859 -7023
-648 6325 10126 -12678 16681 -7147
-1418 6065 11036 -13866 18021 -7209
-1884 5846 11734 -14291 18664 -6916
-2357 5041 12516 -13935 19255 -6538
-3220 3894 13093 -11959 19727 -5325
-4176 3536 13829 -9473 20914 -4508
-5786 3790 14574 -7409 21542 -3715
-6313 4204 15349 -7501 21072 -3192
-7065 4725 16093 -9541 19403 -3577
-8080 4881 16889 -12638 16456 -4367
-9044 3424 18064 -14853 12402 -5225
-10089 1141 19037 -12598 8470 -4204
-9599 -206 19152 -8196 6391 -2755
-8440 -789 19386 -3279 4379 -583
-7569 -680 19269 1601 3114 1342
-7304 348 18968 4499 2649 2393
-7550 1383 18497 6133 2399 2660
-7612 1925 18118 6665 2486 2268
-7892 4120 17629 6075 2094 1669
-7322 3945 17319 4983 2171 -162
-6770 4304 16928 3597 2168 -936
-6451 4781 16156 2361 3422 -1137
-6436 4746 15666 1209 4094 -1276
-6507 5103 15292 943 4040 -981
-6560 4939 14900 1376 4665 -165
-7252 5134 15212 1907 4589 -144
-7680 5376 15357 1543 3819 -72
-8089 5580 15465 1060 3162 91
-8240 5761 15444 359 2013 16
-8348 5864 15401 -460 698 52
-8213 5548 15464 -943 -80 87
-7864 5426 15386 -1240 -563 -28
-7717 5199 15171 -1530 -1027 3
-7477 4709 15008 -1423 -1295 26
-7519 4390 15013 -551 -1168 -122
-7419 4325 14830 740 -284 580
-6118 4517 14628 831 335 1402
-5253 4565 14738 146 19 1582
-5210 5084 15194 -1375 -883 1299
-6324 5671 15928 -2849 -3009 411
-5792 4039 15756 -2609 -2814 -626
-5831 3414 15483 -1614 -1085 -890
-5600 2938 15578 -538 22 -546
-5384 3156 15709 1170 762 308
-5802 3830 15668 3076 920 1562
-6006 4202 15576 3620 854 2148
-6213 4425 15436 3840 858 2247
-6451 4613 15450 3752 612 1672
-6380 5134 15362 3322 355 1146
-6653 5532 15392 2158 -275 477
-6670 5380 15280 1235 -902 -264
-6380 5304 15168 820 -1235 -717
-5701 5035 15499 329 -1468 -1284
-5516 4558 15642 239 -1614 -1948
-5278 4528 15599 530 -1414 -2099
-5893 4702 15520 841 -1597 -1705
-7066 5172 15436 614 -1569 -1451
-7294 5260 15585 -155 -1768 -1295
-6770 5244 15666 -927 -1863 -1034
-6712 5142 15604 -1597 -1889 -820
-6656 4783 15511 -2049 -1975 -598
-6354 4443 15250 -2150 -2093 -655
-5969 3898 15201 -1887 -1993 -888
-5633 3776 15168 -1376 -1944 -1032
-5618 3824 15001 -934 -2036 -1081
-5521 3928 14967 -219 -2461 -1381
-5563 4333 14709 -143 -2789 -1003
-5504 4415 14947 -982 -2801 -862
-5004 4495 14709 -1845 -2232 -1566
-4428 3936 14726 -2678 -1540 -1889
-4350 3591 14456 -2825 -117 -2304
-4936 4168 13890 -2797 1422 -1999
-5380 3830 14634 -3071 1843 -2086
-6530 4300 15178 -3256 1310 -2123
-6042 4231 15960 -3595 806 -2041
-5754 4492 16486 -4042 122 -1726
-5430 4434 16830 -4352 -134 -1541
-5441 4189 17119 -4364 -204 -1418
-5312 3813 17339 -4219 -6 -1198
-5370 3493 17380 -3876 159 -942
-5248 3328 17324 -3367 265 -832
-5254 3221 17261 -2758 158 -816
-5805 3342 17149 -2382 -277 -949
-6084 3473 17089 -2501 -922 -1049
-6134 3322 17058 -2690 -1392 -1129
-6351 3316 17080 -3051 -1970 -1271
-6156 2953 17124 -3430 -2454 -1376
-5894 2672 17138 -3589 -2721 -1363
-5523 2204 17055 -3488 -2725 -1380
-5168 1842 16934 -3078 -2537 -1350
-5132 1688 16828 -2851 -2567 -1254
-4917 1573 16589 -2634 -1968 -1358
-5182 1561 16444 -2515 -1804 -1324
-5229 1529 16362 -2468 -1611 -1299
-5010 1362 16198 -2468 -1313 -1302
-5166 1462 16038 -2550 -1231 -1382
-5260 1451 16032 -2757 -1408 -1391
-5182 1500 15856 -3145 -1688 -1553
-4885 1158 15873 -3331 -1754 -1592
-4586 925 15848 -3215 -1546 -1661
-4454 828 15904 -3096 -1241 -1682
-4369 596 15952 -2943 -1029 -1601
-4294 593 15980 -2704 -623 -1552
-4316 508 16070 -2510 -190 -1487
-4276 433 16114 -2161 67 -1470
-4213 380 16085 -1739 360 -1396
-4154 301 16073 -1254 731 -1280
-4308 385 16138 -845 954 -1158
-4530 553 16165 -587 1057 -1172
-4622 812 16081 -509 805 -1284
-4720 907 15876 -555 208 -1287
-4484 928 15854 -544 -70 -1377
-4385 792 15768 -344 -166 -1319
-4182 857 15727 28 -290 -1299
-4322 1212 15824 229 -213 -1226
-4494 1763 16000 60 -240 -1181
-4572 2271 16111 -458 -378 -1358
-4401 2122 16340 -774 -269 -1392