2901 7276 14978 -3637 6658 -7393
2442 7874 15414 -4791 7726 -7011
1530 6849 16343 -5381 6009 -5158
1022 5890 17279 -4519 3146 -3934
453 5503 17083 -4108 43 -3015
1122 5522 16641 -3038 -1333 -2450
1436 5932 16396 -1158 -2096 -1757
1876 5729 16831 719 -2562 -2233
2317 5597 16985 1722 -3200 -3323
2360 6116 16984 2216 -3287 -3932
2148 7519 16452 2287 -1712 -3837
1665 8639 16172 1540 1209 -2692
1266 8698 15586 1312 3732 -1996
648 8574 15625 488 4548 -2090
57 8094 15672 -328 4411 -2103
-360 7365 15609 -444 3795 -2028
-1005 6901 15194 15 2751 -1943
-1270 6580 15164 763 2779 -2009
-1671 6978 15638 1255 2565 -1861
-1624 6881 16047 878 833 -1499
-1274 6845 16422 302 551 -1609
-1108 6420 16926 -111 -240 -2023
-998 6418 16600 -176 -162 -2695
-1127 6265 15980 -595 116 -3093
-665 5918 14956 -1051 1778 -3425
-1099 6171 15603 -1756 2474 -2318
-2218 5350 16502 -1713 468 -762
-2060 4542 16404 -1041 -582 -966
-1497 4767 17066 -987 -2478 -1446
-909 4845 16594 795 -3028 -2341
-872 5717 16142 2432 -2138 -2711
-1018 6102 16106 3192 -1401 -2760
-799 5571 16021 3350 -693 -2961
-475 5121 16227 2735 144 -3724
271 5655 16473 3534 -118 -3106
73 6704 16385 3345 166 -2136
369 6672 16648 3170 736 -1114
544 6770 16144 3453 2247 -496
264 7798 15890 1847 3831 -259
421 7324 15572 407 4999 -385
558 6629 15189 -38 6181 -473
360 6498 15312 -456 6918 -356
-41 6362 15770 -795 6972 -234
-522 6508 16078 -1158 6490 -161
-1243 6305 16249 -1114 5176 -212
-2244 6141 16305 -600 3127 -946
-2457 6550 16116 93 1649 -1839
-2229 6712 16357 390 312 -2469
-1546 6950 16228 394 -93 -2347
-526 7080 16092 -601 435 -1516
-156 7093 16939 -3010 1065 -373
-384 6142 17942 -4128 101 -233
-161 5242 17697 -2801 -951 -475
-497 6065 17680 -1137 -1048 -511
-1139 6057 18223 -1394 -2170 428
-867 5617 17854 -344 -1703 1162
-1004 6089 18033 219 -726 2034
-1260 6161 18325 699 -1468 2581
-532 5400 18157 1952 -2355 2132
-421 4708 18056 3594 -3169 1468
350 4613 17241 6277 -2726 1517
49 5522 17365 6920 -2795 1157
85 6452 16372 6515 -2880 86
804 6488 14860 7224 748 -1052
-49 9347 15601 4434 3222 -1824
-555 9762 16038 -924 3559 -1125
-816 8674 16485 -2499 3334 -179
-1038 8449 16676 -2233 2811 368
-1665 8717 16861 -1607 2131 515
-1869 9221 16830 -1405 1476 524
-1493 9115 16609 -1661 1088 197
-663 9117 16288 -1922 1834 492
-322 8665 16206 -2041 2513 1297
-444 8726 16108 -1938 3152 1933
-976 8705 15893 -2159 3563 2319
-1248 8724 15940 -2785 3140 2656
-1495 9098 16102 -3895 2102 2879
-869 8251 15458 -3399 2169 3523
-524 8381 15001 -3329 2255 4319
-1472 7604 15453 -3395 1375 5527
-1376 6284 15354 -2197 827 6248
-1955 6568 15643 -1787 164 6300
-1990 6757 16023 -1163 -428 5440
-1886 6824 16003 -161 -1046 3872
-2104 7712 16184 81 -1512 2162
-1994 7062 16188 641 -1487 912
-1712 5987 16822 1139 -1087 -67
-1068 5655 16800 2283 -892 -409
-76 5135 14829 5028 770 -166
296 6195 13112 7980 5444 494
-929 9264 13118 7023 9029 503
-1580 11050 14172 818 8763 310
-1366 9730 15158 -3057 7341 390
-1277 8283 15641 -4269 5435 811
-1848 7953 16382 -3107 2968 1919
-2228 8138 16865 -1237 1079 2250
-2559 8234 17229 -266 -200 2320
-2648 8744 17750 286 -1756 2005
-2134 9126 17535 258 -2434 1722
-1926 9290 17586 -229 -2457 1869
-1701 9227 17296 -1192 -2938 2457
-996 8640 15591 -2196 -698 3326
-915 7644 15749 -2254 1555 3757
-968 7522 15748 -1703 2011 3241
-1208 7204 16298 -1450 1360 2637
-1432 6158 16764 -1160 -93 2328
-1524 5683 16450 -839 -1349 1688
-1266 5188 16245 -513 -2459 961
-520 4387 15401 1128 -1730 -350
70 4637 14585 2939 682 -1741
-250 4858 14782 3950 3224 -2889
-496 5330 14744 4470 5184 -3966
-769 5514 14458 4356 7047 -5081
-1390 6229 14502 3048 9139 -5964
-2388 6906 15414 1483 9923 -6470
-2757 6333 15235 1165 10545 -6299
-3330 6492 13605 2208 12312 -4897
-4146 7100 13620 2732 13075 -3659
-5567 8677 13953 3737 13729 -2888
-6544 10498 14702 2543 12047 -2427
-6679 10443 15291 1291 9241 -1917
-6839 10148 15928 336 4884 -1307
-6650 10195 16362 -537 314 -719
-6126 9916 16516 -726 -2414 -528
-6053 9650 16709 -448 -5584 -497
-4726 9437 15802 1000 -5836 -1045
-3657 9788 15650 1143 -4822 -862
-3020 9361 14809 304 -2648 -445
-3064 9076 15094 -445 -1063 -181
-2010 8858 15153 58 723 -156
-1844 8538 16350 493 1754 229
-2176 7870 16172 1059 810 519
-2456 7558 15293 2566 1105 1170
-2464 7542 15424 3505 2200 2249
-2677 7388 15864 3686 2248 3170
-2671 6685 15854 4090 1523 3448
-2360 6400 15771 4933 929 4008
-2400 6880 15392 5360 339 4584
-2648 7497 15138 5367 -177 4695
-2912 8470 15013 3887 -951 4678
-2761 8234 14636 1977 -1610 4210
-2031 7874 14418 824 -1844 3562
-1558 8044 14276 541 -1640 3195
-1248 8469 13924 655 -1262 3079
-988 9056 13348 423 -647 2952
-954 9114 13380 -464 -116 2902
-702 8868 14505 -2197 -1020 2701
1069 7211 12998 -2546 -510 2024
2076 4450 10725 -1615 2279 1136
2425 6412 8392 30 7382 783
653 6960 8989 -551 11065 -533
-228 6954 9740 -2182 13328 -1982
-1565 8820 10501 -5587 14437 -2778
-3028 9778 11926 -9472 14478 -2439
-2936 7899 13113 -10993 13030 -1429
-3380 6491 13106 -8990 12246 -1034
-4050 6085 13037 -5544 12116 -557
-5116 6650 13261 -2732 11876 166
-5822 7252 13404 -1338 11155 764
-6320 7616 13678 -1366 10527 1018
-7068 8356 14462 -3008 9988 716
-7744 8258 15246 -5669 10015 -672
-8549 8216 15406 -6568 11061 -2097
-9288 7744 15204 -6557 12310 -2840
-9790 7417 14996 -6186 13227 -2991
-10205 7268 14857 -5779 13454 -2620
-10424 6685 14573 -4946 13027 -2067
-10753 6436 14188 -3816 12203 -1474
-11112 6428 13976 -3072 11550 -1153
-11407 6617 13536 -2211 10603 -959
-11756 6764 13033 -1610 9750 -837
-11772 6322 13042 -1341 9741 -840
-12380 6424 13484 -734 10534 -1249
-13011 7005 13681 -346 11379 -1928
-13160 7205 13589 -893 11505 -2331
-13530 7534 13365 -1661 11400 -2671
-13701 7456 13238 -2564 11250 -2890
-13632 7064 13178 -2931 11111 -2939
-13544 6396 13182 -2629 11071 -2704
-13690 6048 13196 -1482 11180 -2421
-13801 5881 13114 122 11221 -2166
-13819 5883 13257 1455 10753 -1722
-13915 5871 13159 2472 9698 -1257
-14120 6107 13088 3227 8514 -870
-14226 6203 13130 3865 7380 -635
-14109 6666 12886 4295 6382 -686
-13942 7025 12515 4266 5157 -1045
-13737 7256 12160 3958 3967 -1323
-13569 7387 11712 3587 2990 -1502
-13576 7674 11546 3396 2359 -1591
-13534 8021 11402 3234 2124 -1651
-13370 8058 11264 3006 1940 -1691
-13148 8022 11162 2969 1738 -1686
-13083 8252 10921 3054 1416 -1534
-13092 8361 10592 2838 975 -1362
-13084 8356 10338 2699 689 -1171
-12866 8280 10203 2562 348 -804
-11988 7966 9833 2971 -38 -302
-11234 8260 9486 3320 -417 -218
-11181 8722 9408 2846 -620 -301