-32263 4917 6273 -8146 15405 -32768
-32768 5238 6174 -12217 17501 -32768
-32768 5924 5718 -14929 19061 -32768
-32700 6771 5159 -17609 20911 -32768
-31521 8122 5018 -19687 22586 -32768
-30246 8690 5152 -21493 23292 -32768
-28801 9064 5050 -22467 23411 -32189
-26893 8346 4862 -23021 22036 -24622
-24905 6689 4932 -21640 19716 -15514
-24308 5042 5221 -18785 17306 -8794
-23666 3898 5574 -15881 14863 -4193
-23560 3282 5892 -13080 12222 -751
-23262 2930 6265 -10529 9272 1575
-22933 2301 6734 -8509 6639 2719
-22861 2274 6962 -7060 4078 2974
-22593 2057 7173 -6037 1664 2564
-21958 2096 6988 -5128 -736 1679
-21506 2148 6508 -4259 -3124 237
-20882 2767 5424 -4302 -5233 -1594
-20309 3370 5304 -5594 -7442 -3338
-19768 3794 5326 -6921 -9221 -4724
-19027 5121 4996 -9432 -10446 -5967
-18022 6309 4692 -12898 -10244 -7018
-17429 6849 4385 -15541 -9142 -7768
-17121 7225 4133 -17618 -7873 -8148
-17026 7336 4076 -19196 -6736 -8117
-17152 7284 4000 -21028 -5305 -7517
-17871 6833 3635 -22320 -4100 -6090
-18572 6413 3430 -22500 -4116 -4490
-19150 5992 3178 -22252 -4769 -2858
-19776 5617 3000 -21836 -5927 -1154
-20290 5286 2972 -21527 -7404 499
-20936 5196 2702 -21412 -9071 1892
-21708 5053 2345 -21516 -10885 3022
-20802 4537 1992 -22730 -11701 3163
-24200 5190 1098 -23047 -15480 5541
-22789 4295 108 -23409 -19504 6422
-21936 3984 -1006 -21331 -20930 5610
-22401 3822 -1758 -22953 -20749 7701
-21739 4331 -2543 -25087 -19558 10486
-22306 7137 -4382 -30478 -17557 11692
-23072 9980 -6174 -32768 -15128 11740
-24882 11485 -7077 -32768 -12700 12197
-25898 11673 -7192 -32768 -11454 12858
-25962 10621 -6786 -32768 -12677 13342
-26194 10174 -6742 -32768 -14699 14046
-26256 9677 -6496 -32768 -17383 15296
-25309 8649 -6385 -31113 -20794 17465
-24070 8553 -6549 -24816 -22951 19505
-22512 8996 -6382 -19144 -23463 21071
-20800 9945 -5940 -14069 -22517 22065
-19117 10757 -5946 -11686 -20922 22361
-18284 11452 -5968 -10790 -20060 22308
-17305 12391 -6228 -10364 -19094 22002
-16885 13880 -6299 -11425 -18034 21671
-16874 14502 -5894 -12887 -17584 21481
-18073 16380 -4927 -14759 -16707 20707
-20501 18100 -3491 -17873 -16303 19233
-21722 17818 -2428 -18546 -16389 18049
-21832 16163 -1307 -15106 -16460 17885
-21608 14052 -242 -9279 -15787 18466
-21453 13414 312 -2535 -14470 20698
-20906 13144 556 5481 -12561 25035
-19792 12445 870 10847 -10837 29570
-19067 12881 943 12808 -8860 32439
-18868 13765 1089 11547 -7383 32767
-18336 13734 1392 8774 -6352 32767
-17960 13618 1814 5753 -5565 32767
-18030 14096 2194 2718 -5068 32767
-17612 13610 2813 -107 -4866 32767
-17806 13657 3636 -2419 -5362 32767
-17008 12946 4229 -4407 -6058 32767
-15922 11432 5165 -6030 -7010 32767
-14942 10770 5384 -6295 -7379 32767
-14151 10455 6680 -7160 -8250 32767
-12868 9585 6678 -6671 -8985 32463
-11802 8762 6684 -5803 -8684 31298
-10382 8926 7146 -3694 -6741 30016
-8500 9192 9270 -3091 -4569 29584
-7907 9383 10259 -5891 -3787 28714
-6833 8872 11764 -9698 -3042 27794
-5935 8468 12184 -13282 -4048 26660
-4548 7338 12216 -15202 -4179 25291
-3409 6512 12096 -14886 -3772 24049
-2625 5160 11749 -11929 -3705 23038
-2249 4807 11739 -8574 -3985 22216
-1777 4761 11829 -4880 -3845 21203
-1160 5088 12314 -2834 -3168 19398
-852 6067 13028 -3855 -1574 15506
-60 6924 14199 -6484 790 11063
446 6940 15178 -8021 3101 8506
305 6662 16084 -8923 4052 7748
395 6115 16077 -9257 4448 8156
659 6288 16107 -7576 4461 8856
1585 5468 15453 -5700 4275 7603
2565 5173 13502 -5051 7377 3689
2014 5396 12974 -4270 10919 -284
-459 7066 13521 -5203 11186 -1071
-1971 7722 14254 -6843 10349 -430
-2276 8376 15138 -8128 9855 -434
-1781 8656 16363 -9594 7601 -996
1241 8054 17974 -10423 6080 -1508
1815 8239 19051 -10582 6454 -1828
2289 7868 18581 -9473 7083 -2168
2948 6712 17646 -7098 8793 -1932
2439 5739 17570 -3365 11454 -1661
1022 6234 18665 -2621 9931 -1356
1220 5913 18949 -2529 6230 -975
1760 5913 18410 -1745 2121 -142
2217 6135 17284 -601 -1110 864
2760 6338 16774 152 -3190 1816
3197 6205 16629 226 -4602 1845
3526 6444 16622 -509 -5895 1503
4218 6392 16845 -931 -7197 1129
4938 6610 16612 -444 -7502 1078
5421 6608 15461 294 -5889 1395
5801 6132 14552 1253 -3087 1700
5758 6090 13542 2277 -538 1342
4996 7230 12987 1195 2478 520
4210 7875 13181 -2127 4788 179
3021 7678 13676 -4572 4178 287
1617 7419 13539 -5295 3019 -96
630 7966 13645 -5627 2333 -431
952 7789 14430 -6042 2159 -493
2316 7396 15476 -5529 2099 71
2435 7631 17568 -5697 578 1400
3158 6941 16813 -4974 550 1815
4339 5860 16681 -2818 2273 2288
2934 6848 17451 -2664 5284 1061
308 7948 18868 -4968 7027 -12
-1948 7730 20849 -7528 6616 -1507
-2719 6011 21083 -6421 2616 -1239
-2480 4793 18912 -1033 -509 511
-2282 4158 17878 4009 -3649 1960
-2096 5218 16860 8753 -8368 3126
-1079 5108 16312 10701 -12386 2563
-14 5933 16676 7544 -14081 1591
1967 6349 14204 5696 -10788 504
2476 7874 11217 5037 -433 -3
2000 9304 11110 2870 4609 -1973
1656 9150 11824 -1070 6860 -3823
245 8602 13231 -3913 6479 -4548
-1344 8166 14049 -4340 3687 -4346
-2182 7929 14184 -3349 2184 -5092
-1632 8314 14786 -2509 1765 -5685
-109 8868 15497 -2960 2552 -5157
1136 9038 16908 -4937 3769 -3836
1625 7425 17147 -6381 4307 -4175
2570 6412 16894 -6332 5083 -4517
2820 5399 16421 -4437 5252 -4355
3147 5830 15734 -1090 6639 -3433
2176 7810 16724 -881 6142 -2302
816 7880 17330 -2402 4174 -1699
332 6073 18185 -4009 1098 -1910
573 5706 18493 -4565 -2025 -2426
1016 6000 18260 -3907 -3327 -2704
1282 5814 19432 -2416 -5407 -3140
2145 5557 19197 1333 -6839 -3128
1834 5813 17589 3153 -9831 -1990
3857 4839 12715 6085 -6030 -441
2286 10983 11088 3160 1682 -714
1449 8276 14565 -5041 3367 -3635
2174 6797 14693 -5940 2472 -5134
800 9425 14054 -9409 471 -2539
288 6286 15398 -9154 -849 -3547
76 5248 15354 -6864 -883 -5449
508 6076 16148 -4731 -182 -6412
1242 6530 16987 -2298 1273 -6204
1118 7132 17136 -670 3025 -5154
973 6994 16728 297 4031 -4512
352 6792 16260 1558 4266 -4197
205 6690 16015 1615 3071 -3247
361 6532 15974 718 1964 -2856
436 6414 16202 -638 1433 -3251
41 6378 16391 -2050 1346 -4127
-839 6483 16356 -3326 2091 -4841
-1333 6578 16404 -3862 3027 -4964
-1384 6380 16444 -3613 3435 -4682
-1231 5899 16219 -2756 3146 -4121
-1241 5556 15945 -1404 2628 -3541
-1514 5582 15908 -323 2390 -3184
-1936 5908 15926 148 2485 -2978
-2062 5786 15870 -59 2723 -2878
-2096 5396 16104 -368 2988 -2847
-2152 5176 16244 -633 3299 -2852
-2087 4887 16287 -628 3527 -2828
-1966 4637 16414 -413 3757 -2837
-1764 4562 16520 -369 3995 -2876
-1846 4789 16884 -564 4066 -2946
-1926 4770 17142 -978 3846 -2774
-1764 4314 17258 -1004 3251 -2442
-1807 3856 17158 -174 2234 -1820
-1606 3280 16768 1163 1205 -1165
-1342 4076 16545 2304 486 -852
-809 5361 16550 2120 72 -1138
-427 6300 16374 335 -158 -1394
228 5997 16158 -1762 -630 -1439
937 5376 16103 -2296 -568 -1414
1024 5300 16400 -1999 -107 -1219
845 5624 17024 -1477 790 -941