-16692 7241 -2477 7381 -5210 2279
-16772 7184 -1961 8206 -6661 3200
-16894 6749 -1230 9543 -8617 4015
-16428 7096 -962 10072 -10206 4841
-15866 7232 -1122 10355 -10663 4749
-15628 7430 -937 10480 -9968 4122
-15816 8160 -562 9655 -8833 3658
-15692 8108 -52 9108 -8294 2510
-15841 8402 320 8261 -7199 1483
-15766 8694 244 7609 -5868 1002
-15314 8826 392 7253 -4803 628
-15194 8916 162 6784 -4003 271
-15104 9361 92 5928 -3252 -58
-15077 9409 -46 4981 -2582 -474
-15185 9576 -78 3831 -1854 -619
-15248 9522 74 2512 -1147 -656
-15390 9440 71 868 -133 -779
-15561 8959 -110 -719 480 -828
-15617 8488 -254 -2116 417 -769
-15661 8202 -588 -3289 354 -783
-15638 7662 -800 -4137 323 -918
-15581 7154 -1070 -4602 655 -1041
-15370 6880 -990 -4723 1184 -1172
-15426 6776 -916 -4852 1441 -1247
-15304 6694 -698 -4873 1833 -1341
-15214 6666 -438 -4966 2207 -1470
-15162 6665 -134 -4936 2804 -1608
-15170 6698 285 -4966 3365 -1830
-15265 7089 593 -5218 3770 -2150
-15393 7985 861 -5454 4353 -2783
-15545 8948 1052 -5720 5083 -3724
-15692 9841 1408 -6374 6444 -4539
-16153 11448 2034 -8143 8485 -4944
-16900 13352 2693 -12012 9823 -4700
-17670 15132 3356 -16900 9511 -3969
-18477 15705 4145 -19946 8099 -3389
-19481 16152 4886 -19880 5230 -2604
-20880 16053 5316 -17217 926 -1470
-21588 16989 5264 -14245 -3806 573
-21936 18065 4360 -12464 -8349 3650
-21988 17932 3604 -11489 -12978 6711
-22084 17389 3252 -10569 -17758 9649
-22162 16261 3388 -8650 -21900 12547
-22240 15986 3714 -6325 -24617 15405
-22166 16610 4192 -4720 -25704 17966
-22090 17620 4486 -4746 -25891 19894
-22074 18753 4833 -6521 -25516 21195
-22374 19954 4918 -9873 -24875 21396
-22544 20564 4701 -13724 -24152 20871
-22988 20784 4374 -17016 -22942 20321
-23245 20636 4426 -19388 -21233 19501
-23217 19628 4176 -21861 -19536 18828
-22900 18260 3930 -24155 -17761 18286
-22637 16938 3554 -25855 -16312 17926
-22078 15772 3050 -26399 -14652 17515
-21489 14920 2342 -25701 -13428 16925
-20964 14069 1908 -24712 -12068 15999
-20400 13706 2361 -25087 -11384 14784
-20608 13629 3661 -27661 -12020 12977
-20734 13724 3713 -31186 -12905 10546
-19982 12669 3457 -32768 -13266 8139
-19081 9614 3440 -31414 -14557 5627
-18682 7054 3690 -26413 -17178 2402
-17640 6288 3769 -21502 -19925 -166
-15464 5736 2989 -16181 -21651 -355
-14305 5510 3009 -11609 -22053 778
-13433 4406 3130 -6948 -22345 2848
-13140 3556 4064 -2093 -22439 4515
-12473 4644 5089 589 -22282 6316
-12144 4972 5617 1165 -21267 7191
-11514 5965 6653 -227 -19567 7209
-11776 6961 7504 -4688 -17779 6240
-9822 5653 7196 -8325 -15960 5102
-6957 3108 6204 -8004 -13247 4664
-4972 1562 6001 -5656 -9375 4687
-3637 690 5189 -2099 -5328 5518
-2456 541 3653 3073 -1073 7067
-3110 2565 1472 10367 3055 9893
-4240 5612 2737 14804 3508 12202
-6210 9757 6822 8176 510 11495
-7354 12550 8416 -4561 -2887 9149
-5678 10614 7325 -14131 -4773 5796
-2725 6688 6105 -18032 -3469 2794
-1096 4090 7176 -18938 -400 20
-962 3544 8268 -18896 3128 -3143
-816 1889 8728 -16222 6127 -4402
-1626 186 10314 -10719 6350 -2613
-3236 482 11824 -5764 5011 1199
-2636 -114 12104 -262 4088 4509
-1856 1594 12500 3931 4397 7124
-2142 3194 12833 6234 5843 7727
-2886 5101 14517 5947 6176 6705
-3721 6972 15473 3990 5391 5139
-4529 7158 15882 2064 3737 4191
-4068 7028 15280 16 2780 4050
-2980 6332 15176 -1843 1578 3427
-2641 5329 14498 -2554 -201 3409
-1118 4586 14461 -2133 -1116 4032
-418 4897 15045 -1363 -1488 4775
-1592 5245 15216 477 -1813 5889
-2681 5274 13808 2505 96 7209
-4316 8176 10790 6189 5437 7858
-4084 10284 12626 4802 6999 6564
-6084 12397 16752 -4769 1970 4397
-7454 13189 16066 -14484 -1920 3860
-5413 10514 14162 -21130 -3231 2408
-2619 4978 14979 -18005 -2537 1384
-2057 2406 15882 -11230 862 464
-3873 2829 17473 -7795 3348 32
-5001 3190 17586 -3924 5221 540
-4861 2964 16819 2372 7914 1990
-4685 4472 16560 5499 8876 3819
-5242 5622 16173 5828 8401 4772
-5928 6213 16144 5577 6499 4237
-6532 7697 16496 4141 4070 2898
-7065 8522 16574 1824 1281 1479
-6969 8578 16404 -436 -1105 661
-6650 7644 16526 -1971 -3132 334
-5737 6689 16278 -3095 -4332 1
-4548 5614 15890 -3425 -4733 -115
-3217 4790 15202 -2435 -3448 698
-2689 4484 14225 2 -307 1946
-3001 5468 12148 2776 4514 3383
-4636 6946 10942 6316 8204 4715
-5798 9449 12108 7435 7628 5563
-6869 11826 13896 2311 6894 4982
-7329 13476 14777 -8407 6243 2977
-7078 12910 15380 -17930 4218 1559
-6264 8398 15264 -21066 2416 -313
-6916 4973 14918 -18231 1925 -1726
-4905 3574 16553 -13887 1376 -2749
-7316 4012 17218 -8296 289 -1842
-7806 2733 17820 -3522 -241 -1501
-7397 2258 18066 1324 -335 -478
-6301 2601 18246 4671 -155 802
-5625 2532 16922 6932 1015 1760
-4416 2966 16285 8151 1530 2282
-4282 4617 15628 6571 1181 2327
-3734 5725 14362 4811 1412 2370
-3322 6846 13648 3781 2253 2840
-4024 7860 13472 2691 3150 3275
-4610 8534 13536 977 3755 3036
-5521 8884 13585 -936 4104 2374
-6089 8398 14213 -3109 2815 1135
-6180 8812 14218 -5922 2170 471
-6253 7562 14053 -7028 1660 -105
-5918 6149 14301 -6950 1227 -330
-5614 5084 14616 -6270 927 -71
-5800 4677 14896 -5417 957 367
-5893 4486 15182 -4442 1104 912
-6042 4424 15437 -3284 1147 1211
-6353 4554 15692 -2260 1397 1390
-7044 5304 16022 -1701 1713 1370
-7354 5789 15982 -1513 1941 1169
-7416 6057 15986 -1457 2131 868
-7426 6065 15749 -1467 2346 624
-7294 5929 15653 -1459 2554 358
-7220 5686 15510 -1259 2815 275
-7356 5622 15482 -921 3021 170
-7318 5629 15680 -939 3130 184
-7398 5670 15613 -1128 3028 219
-7449 5597 15592 -1162 2787 315
-7524 5493 15394 -1082 2456 429
-7520 5514 15420 -929 2156 487
-7668 5554 15356 -790 1887 445
-7704 5902 15360 -770 1693 278
-7601 6085 15406 -1073 1404 126
-7310 6086 15256 -1459 1106 42
-7126 6008 15177 -1702 923 156
-6989 5912 15037 -1860 765 324
-6698 5610 14905 -1998 578 507
-6458 5245 14805 -1884 417 752
-6482 5396 14889 -1780 451 1070
-6392 4958 14909 -1561 593 1248
-6562 5018 15078 -1213 846 1384
-6860 5148 15173 -947 1143 1433
-6906 5142 15177 -645 1420 1280
-7214 5046 15332 -227 1716 1165
-7170 5128 15592 -25 1930 939
-7182 5488 15621 -135 2145 637
-7328 5489 15649 -381 2179 315
-7561 5506 15624 -499 2117 54
-7813 5509 15482 -636 1988 -61
-7908 5608 15504 -785 1824 -78
-7968 5253 15345 -737 1624 52
-8002 5090 15190 -514 1390 315
-7985 5101 15030 -178 1047 556
-7612 5100 15005 53 474 649
-7044 5081 14672 199 -211 595
-6808 4996 14450 253 -598 726
-6713 4954 14384 353 -799 852
-6472 4997 14220 284 -943 790
-6514 5201 14192 145 -940 688
-6613 5033 14218 215 -745 666
-6506 5010 14349 352 -315 446
-6601 5400 14570 300 433 -13
-6530 5624 14653 49 1172 -462
-6434 5713 14642 -246 1605 -855
-6381 5657 14570 -445 1982 -1188
-6301 5693 14534 -629 2308 -1315