-18558 8744 3154 -28557 173 3242
-19246 9043 3163 -29152 -1035 4246
-20119 10121 3384 -29875 -2921 5882
-20525 10809 3669 -30198 -4519 7334
-20886 11024 4516 -29972 -5975 8366
-20814 10226 5416 -29604 -7146 9141
-20736 10772 5442 -26544 -7026 10293
-21026 10856 6472 -23638 -6757 12067
-21510 10812 6825 -20395 -6362 13708
-21905 10996 7281 -16718 -5845 15310
-22312 11004 8066 -13170 -6204 16860
-22708 11328 8418 -9955 -7563 18324
-22664 12100 7841 -7113 -9912 19468
-22284 13330 6441 -4920 -12247 20614
-21822 14300 5280 -4301 -13463 21839
-21561 15228 4252 -5002 -13555 22986
-20858 15648 3616 -6584 -12496 24228
-20308 16134 3538 -8761 -11129 25253
-20066 15909 3420 -10707 -10067 25822
-19518 15574 3255 -11440 -9159 26413
-19344 16242 3524 -12243 -8778 27464
-19368 16642 3789 -12736 -8740 28300
-19045 16061 3858 -12464 -8766 28984
-18449 16042 3885 -12290 -8256 29777
-18092 16363 4293 -13151 -7553 30604
-17065 15716 4714 -14109 -7144 31273
-16409 14981 5150 -14853 -7093 31547
-15427 13661 5538 -15104 -7228 31498
-14772 12908 5726 -14669 -7645 31344
-14425 12676 6241 -14761 -8312 31638
-13906 12176 6220 -14684 -8702 31440
-12818 11197 6311 -14262 -8832 30885
-11880 11208 6905 -14261 -8422 30185
-11850 11558 7416 -14740 -8226 29700
-10988 10652 7880 -14687 -7697 28565
-10361 10234 8358 -13802 -7818 27740
-9659 9757 8472 -12472 -8363 27412
-9181 9616 8641 -10901 -9170 27082
-8453 9237 8952 -9478 -9855 26578
-8089 9593 9305 -8840 -10894 26272
-7310 9232 9682 -8529 -11631 25665
-6605 9140 10028 -8362 -11855 24848
-5953 9048 10376 -8391 -11588 23675
-5549 8998 10781 -8672 -11179 22080
-5030 8264 11216 -8682 -11220 20898
-4507 7552 11474 -8422 -11587 19838
-4042 7166 11801 -8269 -12204 19133
-3662 7136 12381 -8236 -13217 18818
-2788 6118 12268 -7230 -13837 18368
-2058 5710 11936 -5273 -13188 17021
-1770 6150 11630 -3004 -11527 15479
-1636 6844 11358 -1160 -9528 14040
-1389 7130 10994 658 -7649 12729
-1066 7298 10818 1805 -5891 11516
-490 7244 11140 1985 -3799 9642
-330 7882 11816 -104 -2746 8171
-46 7613 11949 -1607 -2119 7651
346 6932 11890 -2004 -1331 7114
610 6356 11752 -1543 -379 6594
784 6226 11894 -865 571 5724
1212 6236 12545 -19 1095 4862
1390 7132 12610 -145 980 4184
1698 7473 12816 -926 470 3971
1776 7917 12706 -2085 -30 3889
1845 7886 12914 -3271 -358 3861
1438 7764 13037 -4123 -1080 3645
1596 7472 13042 -4139 -1072 3049
1784 7527 13368 -3975 -599 1695
2579 7785 13937 -4170 -107 -20
3416 7692 13914 -4349 695 -972
4137 7326 14217 -4566 3100 -1159
4357 7107 14461 -4454 5515 -1147
4162 7547 15071 -5287 7241 -849
3377 7557 15610 -6785 6847 -520
4365 5327 15916 -4734 6815 205
3369 5486 17330 -2900 5789 -177
2812 6309 18388 -4562 3286 -611
3665 5574 18022 -4776 2874 113
3578 5466 17573 -3599 3316 623
3446 5081 17346 -895 1776 -40
3340 5636 16604 1566 -383 -1290
3148 5988 16512 1816 -1519 -2319
3110 6055 16265 546 -2490 -2831
3121 6641 16380 -1465 -2358 -2295
3044 8108 16786 -3028 -2140 -771
3497 8422 17252 -3736 -2451 934
4229 7736 16765 -2599 -2664 2570
3906 8000 15030 1761 -2099 3669
4054 8286 13842 3458 -1216 3716
4318 7325 13597 2799 -1505 3161
4817 6712 12564 1762 -837 2190
3866 7350 11946 962 -174 1572
3173 8354 11770 -212 834 1429
2900 8716 12822 -1751 1829 1423
2725 9230 14946 -3519 1595 1483
2626 9169 16336 -5866 1020 1182
3008 7716 16264 -5705 2362 196
3173 7593 16380 -4944 4180 -302
3326 7126 16326 -4444 5730 -97
3486 7230 16994 -4210 6581 843
3424 7038 17873 -3970 5915 1470
3653 6348 18521 -3239 4160 2244
4536 5665 18205 -1596 2623 2489
4605 6162 17721 0 1906 2643
3770 6944 17204 110 1514 2862
2528 6782 17001 -531 1060 2914
2476 6494 17062 -825 352 2979
2765 6441 16801 -841 -64 3214
2982 6481 16458 -232 -364 3426
2689 6632 16148 247 -898 3589
2234 6614 15900 817 -1634 3406
2334 6185 15961 1579 -2802 2766
2814 6653 16290 1234 -3710 2120
3530 7132 16261 441 -3891 2164
3903 7201 15523 554 -3299 2875
4090 7449 14393 2275 -2240 3393
3506 8408 12813 3607 -653 2858
3274 8822 12232 2738 1637 1473
2812 9442 13240 720 2242 613
2486 9708 13898 -889 1808 451
2637 9428 14367 -2498 1169 343
2970 8797 14556 -3389 788 201
3102 8420 14518 -3331 1001 -22
3224 7697 14407 -2156 1951 -401
3170 7504 14468 -246 3491 -879
3227 7721 14616 675 3933 -607
3164 8137 15181 163 3168 175
3394 8260 15354 -720 2172 662
3932 7997 15452 -796 1647 829
4150 7704 14874 -447 2006 155
4596 7674 14608 -159 3693 -285
4960 7716 15304 -706 4648 -758
4949 8038 15860 -1551 4601 -931
4830 7812 16264 -2350 3937 -823
4496 7188 16317 -2653 3162 -234
3377 6200 16358 -3210 2077 605
3004 5958 16425 -2752 704 495
2988 6605 16633 -1907 -475 -173
2866 6594 16938 -1602 -1938 -581
2756 6129 17178 -1246 -2754 -1467
3437 5681 17056 -65 -3012 -2062
3602 6424 16933 573 -3061 -1877
3680 7201 16157 1332 -2379 -1285
3912 7466 15449 2184 -754 -595
3989 7829 14914 2997 1079 -162
3126 8418 14032 2886 2037 -478
3042 8559 13121 1120 2959 -1477
2420 8865 14096 -866 2955 -2445
2582 8652 14408 -1910 1943 -3013
3236 8568 15505 -3665 1207 -2927
3920 7482 15774 -5154 692 -3026
4441 5992 15762 -4571 1873 -3423
4563 6105 15470 -3187 4954 -4495
3160 7928 16309 -3951 6315 -5209
2413 8497 17154 -5531 5514 -5070
2549 7050 17346 -5372 4615 -4474
2461 6205 17680 -4161 2752 -3216
1705 5760 17520 -1868 954 -2581
1740 6309 16998 -305 521 -2652
1500 6601 17024 580 381 -2403
964 6742 16954 919 182 -2037
1125 6637 16998 1102 -48 -1517
1478 6284 17227 1938 -734 -928
1337 6181 18008 1889 -2134 -597
1452 6040 18204 1504 -3445 -371
2032 5762 17440 2249 -4639 -407
2322 6016 15060 5492 -3316 -855
2788 5945 13810 7517 -994 -1123
1567 7946 12919 6895 2196 -1344
617 9597 13630 2693 3756 -1618
-142 10048 14028 -669 3331 -1378
-12 9028 14483 -2402 2890 -1477
566 7945 15126 -3814 2339 -1234
1060 6868 16368 -4568 1200 -692
1671 5557 17140 -3188 501 -292
1836 5196 17462 -1401 777 27
1935 5317 17378 603 1716 377
1733 5732 16990 1403 2864 649
1570 5764 16858 1417 3196 716
1446 5889 16706 1218 3155 754
1508 6064 16464 668 2856 785
1720 6074 16449 72 2377 759
1767 6054 16356 -609 1899 626
1874 5762 16363 -1184 1475 497
1910 5590 16430 -1348 1365 479
1868 5449 16359 -1141 1486 520
1837 5672 16356 -853 1573 603
1854 5641 16237 -689 1510 733
1918 5732 16097 -410 1426 854
1792 5882 16004 -259 1248 976
1745 6144 15941 -261 1136 922
1670 6532 16081 -499 956 716
1644 6797 16076 -921 722 526
1626 7122 16157 -1510 489 360
1705 6882 16082 -1928 317 312
1774 6649 16178 -1981 342 566
1765 6445 16297 -1532 586 1008
1625 6374 16588 -728 1106 1346
1456 6554 16900 35 1616 1588
1112 6564 17177 743 1820 1844