-21172 17764 10441 -7412 -18666 22713
-20783 17251 10196 -7379 -18340 23963
-20525 16477 10254 -7571 -17380 25122
-20472 16746 10162 -8188 -16858 25712
-19965 16107 10349 -10062 -17454 25934
-19084 15074 10362 -12373 -18499 26154
-18051 13428 9960 -14617 -19160 26487
-16697 12081 9541 -16504 -19012 26833
-15213 10693 9776 -17741 -18606 26660
-13693 9253 9404 -19282 -18143 25767
-12070 7857 8832 -20342 -16952 24182
-10960 7236 9257 -21535 -16176 23046
-10858 7020 9588 -23503 -16491 21565
-9581 5440 9795 -24735 -16303 19466
-8432 4092 10134 -24932 -16173 17830
-7376 2710 10288 -23358 -15770 17130
-6539 1873 10574 -20645 -15350 16806
-5704 1548 9726 -16148 -14536 16324
-4838 1736 9810 -11863 -13687 15647
-4537 2146 10349 -8578 -14157 15108
-4361 2818 10278 -7539 -15499 14759
-3910 2660 9854 -7120 -16686 14582
-3325 3248 9761 -7070 -17080 14452
-3026 3562 10100 -7054 -17679 14457
-2701 3245 10742 -7009 -18278 14025
-2148 2445 10725 -5969 -18222 13182
-1265 2140 10621 -3842 -16506 11764
-753 2433 10584 -2562 -14424 10134
-181 2572 11448 -2782 -13219 8830
409 2485 12869 -2107 -12763 9157
610 2338 13205 -1785 -12196 9416
202 3580 12778 -3352 -11941 8959
1194 3934 11280 -2733 -11518 7992
1877 5069 10977 -1703 -10601 7327
1325 6674 10001 -665 -8148 6512
2304 6199 10614 -1058 -4406 4951
3756 5341 11930 -1930 -1267 3443
3493 5689 12666 -2262 -319 2716
3186 5453 13338 -2271 -134 2820
3223 4981 13646 -1811 -481 3607
3657 5497 13342 -796 -120 4548
3737 5357 13264 -284 424 4412
3775 5632 13376 -533 1012 3197
3191 6532 13307 -1772 1921 1714
2770 6572 13450 -3115 2782 525
2908 5873 13648 -3581 3447 -573
2752 5664 13956 -3324 3247 -1528
2577 5728 13938 -2769 2821 -1974
2828 5680 14037 -2069 2910 -2096
3304 5830 14129 -2067 3626 -2635
3735 6632 13588 -3826 6042 -3089
3818 6794 14810 -6413 8260 -3753
3176 6824 15952 -7948 7781 -3876
3193 6188 16453 -7178 7278 -4247
3428 6080 16822 -4532 7267 -3890
1842 6539 17489 -3335 5765 -1753
648 5285 17741 -3278 4584 -568
381 4622 17876 -2507 3407 -462
1076 4757 17825 -830 2669 -264
1631 5605 17360 2300 2782 442
1582 5324 16984 5367 1580 217
1893 4934 17157 6144 -1118 -357
2318 5494 17332 6259 -2732 -12
2774 5963 17052 5163 -4262 765
3642 6530 15883 4307 -3879 1304
4062 7261 15137 3464 -1836 1526
3945 7765 15001 2626 -313 1531
3794 8125 14908 1728 1032 1433
3637 8085 14966 773 2256 1239
3513 7313 15293 -97 2596 833
3772 6684 15249 -656 2573 193
3564 6782 15313 -1017 2323 -218
3094 7012 15472 -1501 1545 -578
2916 7108 15290 -2142 1150 -1101
2585 7154 15609 -2746 1076 -1658
2189 7169 15758 -3179 1453 -2209
2057 7196 16066 -3019 2369 -2781
1818 7574 16456 -3136 3210 -3079
1476 7908 16662 -3413 3391 -3118
1361 8669 16202 -4642 3175 -3100
1236 8142 17152 -6492 2341 -3410
1568 7106 16992 -7724 1678 -3648
2200 5893 17538 -7375 1613 -3484
2642 4870 17746 -5634 1506 -3248
2904 4194 17546 -3484 1660 -2972
2816 3996 16985 -1450 2050 -2095
2500 4270 16716 -505 2185 -1417
2105 4193 16278 454 1459 -1028
2086 4192 16074 410 951 -1190
1465 4829 16438 210 -899 -1523
1256 5056 16840 593 -2950 -1767
1040 4795 17324 903 -4047 -2617
1425 4650 17845 2258 -4937 -3149
1640 5110 17946 2896 -5467 -2741
1726 5588 18044 2806 -7136 -1870
2824 5344 16223 4096 -7445 -686
4153 4911 14537 6695 -4429 0
3474 6682 13806 7677 -1601 201
2315 8723 14107 5314 316 -193
1761 8666 14614 1469 1053 -746
2174 7148 13996 -477 1712 -1716
2349 6522 14641 -1795 2112 -2659
1925 6768 15878 -2987 645 -2577
2022 5878 16373 -3033 -1680 -2068
2476 4756 16084 -1064 -2135 -1825
2594 4952 15513 887 -1328 -1726
2153 5421 15378 1822 453 -2043
1817 6628 15513 1790 1664 -2422
2058 6700 15373 94 2546 -2607
2605 6153 15777 -998 2776 -2051
2879 6280 16114 -1116 1960 -1162
2704 5676 16069 -1234 766 -794
2536 4989 15478 -899 192 -974
2610 4914 15352 -885 279 -1112
2390 5494 15514 -1527 371 -1263
2512 5878 15838 -2765 405 -1345
3053 5429 16129 -2847 778 -1477
3204 5606 16337 -2454 1273 -1368
3170 5642 16558 -2014 1629 -1208
3132 5798 16548 -1666 1794 -1179
3007 6062 16563 -1354 1860 -1056
2590 6381 16746 -723 1569 -830
2599 5898 16684 -405 364 -642
2668 5818 16873 -736 -538 -566
3006 5942 17417 -558 -930 -145
3155 6318 17731 -46 -1207 713
3352 6414 17425 730 -905 1557
3430 6556 16782 1602 104 2012
2990 7052 16121 2199 1580 2123
2746 7550 15702 1992 2743 2097
2506 7951 15989 407 3449 2005
2204 7542 16445 -2492 3345 2202
2061 6408 16729 -3919 2279 1990
1592 5743 16046 -4212 659 1248
1656 5805 15298 -3587 1889 586
1553 6372 16512 -4027 1866 660
2252 6396 17368 -5565 1173 948
2304 6577 18685 -8614 -2059 1561
3150 5084 18090 -11178 -2817 2184
2901 2597 18321 -10696 -1898 3063
2094 1548 18598 -9455 -1433 3053
1792 1860 18263 -6993 -1510 2863
2160 2494 18184 -3446 -1219 3082
2213 3249 17998 -522 -1183 3622
2024 3228 17769 1763 -2045 4021
2073 3185 17450 3265 -3467 4004
2394 3252 17014 3708 -5269 3183
2758 3829 16494 3762 -5964 2731
2822 4980 15348 4346 -3827 2631
2510 6074 14554 3341 -1119 2017
2576 6030 14346 1924 223 1276
2445 5526 14491 562 638 581
2599 5156 14310 26 1278 247
2317 5114 14638 300 1666 122
2053 5252 14396 963 1566 -113
1714 5451 14534 1540 1720 -718
1544 5526 14996 1857 1164 -1296
1515 5356 14897 2118 -102 -1907
1791 5728 14904 2476 -288 -2626
2392 5992 14337 2641 835 -3168
2805 6814 15297 1864 1634 -2733
2956 6593 16017 334 975 -2046
3714 5520 16172 6 952 -1712
4036 4909 16637 854 1121 -1614
3917 4974 16430 1741 1864 -1483
3258 5486 17044 1735 2155 -1102
2752 5642 17368 1258 1772 -891
2693 5185 17441 1210 1386 -961
2793 5138 17230 1419 1431 -1061
2565 5734 17497 1238 1503 -1054
2234 5298 17632 1280 771 -1492
2661 4082 17226 2575 52 -2509
2784 4706 16570 3099 -386 -2968
2708 5332 16468 2857 -407 -2811
2968 5317 16380 2980 -374 -1954
2942 6048 16098 3335 -342 -874
2765 6749 15007 3373 -56 -741
2432 7475 14341 2396 2141 -1068
2280 7353 15015 379 3466 -1651
2480 6921 15798 -1038 2994 -1945
2852 6073 16233 -1435 1833 -2075
3169 5576 16277 -633 1675 -2088
3229 5470 16432 43 1774 -2084
3294 5536 16386 650 1861 -2257
3217 5758 16081 1006 1869 -2468
3232 6115 15970 1084 1852 -2754
3202 6834 15970 315 1506 -3175
3250 7225 15846 -635 1263 -3626
3410 7728 15734 -1470 1284 -3961
3600 7900 15832 -1899 1377 -4108
3762 7882 15992 -2111 1571 -4229
3724 7767 16304 -1904 1906 -4120
3295 7924 16702 -1739 2098 -3957
2825 8048 17021 -1667 2179 -3935
2562 7877 17157 -1531 2253 -3849
2345 7616 17385 -1191 2255 -3715
1880 7557 17570 -669 2136 -3572
1465 7592 17702 -186 1922 -3471
1030 7766 17554 64 1650 -3338
837 7650 17477 141 1503 -3119