-9623 5238 13547 -259 296 -31
-9652 5229 13576 -247 319 -7
-9596 5242 13485 -259 305 -20
-9666 5252 13569 -244 322 -20
-9666 5272 13540 -253 308 -37
-9658 5285 13564 -259 296 -20
-9602 5274 13622 -242 295 11
-9625 5282 13624 -206 285 -11
-9664 5294 13635 -169 287 7
-9649 5266 13566 -156 306 -7
-9671 5297 13541 -151 291 3
-9628 5276 13514 -160 311 -2
-9686 5339 13502 -191 320 -26
-9681 5322 13530 -240 311 -24
-9708 5276 13528 -276 307 -35
-9670 5280 13569 -290 328 -51
-9707 5276 13573 -296 326 -22
-9695 5223 13581 -261 318 -16
-9660 5221 13552 -231 298 -9
-9704 5213 13584 -222 299 6
-9664 5255 13554 -192 295 9
-9653 5241 13541 -182 281 1
-9660 5264 13520 -188 302 19
-9689 5312 13512 -166 291 -1
-9655 5314 13478 -185 294 -20
-9789 5384 13471 -190 282 -23
-9886 5441 13478 -199 317 5
-10033 5134 13746 -61 605 171
-10162 4705 14645 482 1368 383
-10300 3920 15933 2251 3063 632
-10401 4495 17997 5967 4487 849
-9813 3488 19773 11110 5953 1514
-10148 3744 20724 14033 7253 1868
-11972 5390 21869 16043 9027 3386
-14873 7069 23014 16912 10442 4628
-20060 8837 23146 12977 8109 -940
-17449 9204 21864 10341 3461 -509
-14548 9408 20664 10726 1382 3621
-17712 12728 20502 10412 -5530 7100
-18049 12936 19413 9932 -17887 9380
-15769 13077 17874 9977 -25405 9417
-13526 13423 16670 9647 -30511 9738
-10992 13463 16013 8793 -31511 9284
-8937 13377 15581 8006 -29435 8890
-7092 12966 14727 6916 -25441 9111
-5792 12852 13836 5202 -20865 9592
-4818 12140 13083 3325 -15708 10115
-4484 12080 12472 1769 -10748 10380
-4578 11974 11850 39 -8279 10014
-4840 11785 11524 -1835 -7659 9170
-4498 11386 11324 -3609 -7554 8409
-4294 10776 11345 -5312 -8374 7339
-3320 9392 11110 -6859 -8913 6479
-2523 8483 10965 -7400 -9117 5975
-1630 7542 10989 -7575 -9093 6037
-958 6822 10882 -6698 -8801 6225
-166 6015 10839 -4850 -7931 6170
140 5746 10920 -2798 -6567 6244
88 5762 10800 -1096 -5618 6233
-170 6102 10676 303 -4805 5742
-501 6745 10678 811 -4460 5137
-774 7148 10432 498 -4572 4591
-962 7373 10107 -403 -5317 3571
-834 7302 9658 -1444 -6174 2663
-542 7164 9248 -1714 -6499 2299
-344 7172 8747 -1680 -6457 1927
-176 7108 8396 -1303 -5901 1627
-34 7030 8260 -918 -5180 1433
246 7021 8253 -561 -3992 1292
604 6974 8275 -54 -2159 1085
752 7022 8054 598 -710 678
860 7220 7888 1116 407 221
576 7727 7883 1134 1532 -276
212 8261 8241 440 2120 -726
82 8618 8713 -1075 2813 -998
-441 9369 9533 -3415 3546 -1390
-505 9233 10238 -5535 4202 -1452
-724 9168 11226 -7679 5534 -1289
-817 8893 12686 -9955 6023 -1043
-284 7995 13538 -10931 7464 -1989
154 6418 14316 -10086 9076 -2849
637 5075 13955 -6597 12555 -4351
-631 6633 14258 -5973 15895 -6601
-2798 8239 15482 -8558 15598 -7699
-4653 8544 17015 -12209 12045 -7707
-5234 8314 17768 -15328 7328 -7017
-4932 7104 17712 -15736 3674 -6152
-4536 6036 17896 -14807 1633 -5426
-4656 5136 18234 -13163 400 -4821
-4520 4001 18516 -9822 25 -4269
-4993 3262 18859 -4805 1566 -3376
-5961 4052 19145 -1842 3217 -2544
-5824 4704 19352 -700 4146 -2228
-4882 5380 19556 -708 5000 -1424
-3590 6254 19039 -3280 5674 -696
-4480 7112 18173 -6909 5218 -775
-5255 6649 18269 -9505 3737 -874
-5457 5794 18657 -10327 1360 -183
-5457 4456 18648 -9109 -620 -226
-4855 2966 18474 -5475 -1855 -322
-3902 1642 18118 -601 -2356 91
-3400 2284 18192 1587 -2515 1023
-3259 3462 18250 3508 -2775 2052
-3037 4518 18101 4646 -1828 2481
-2806 5296 18003 4181 -203 2376
-2824 5995 17535 2524 974 1546
-2976 5962 16734 1892 1703 573
-3260 5760 16351 1241 2036 -798
-3342 5896 16318 466 1537 -1445
-3210 5867 16247 -200 614 -1532
-3219 5582 15946 -304 -55 -1333
-3254 5493 15899 143 -296 -760
-3536 5640 16032 227 -747 -402
-3820 5741 16248 167 -1696 185
-4455 5526 16216 313 -2942 425
-5042 5382 15702 712 -3106 263
-5409 5140 15190 1596 -2835 -492
-4792 5295 15166 2101 -2552 -1120
-4717 5986 15276 1027 -2451 -1350
-3557 6515 15844 -1217 -2942 -1317
-1729 5378 16045 -2566 -2560 -861
-2126 5529 16288 -4370 -2754 -899
-2957 6164 16486 -7148 -3715 -904
-2948 4200 15811 -6984 -3302 -1660
-1446 1814 15113 -3158 308 -2960
-1368 2223 14525 638 3958 -2504
-2048 4023 14980 962 4840 -1119
-2657 4658 15814 45 3287 -48
-2644 4648 16421 -171 2149 505
-2876 5124 16860 -177 1077 1057
-2913 5220 17088 -444 358 936
-2905 5120 17136 -550 -35 1020
-3140 4844 17198 -869 87 45
-2634 4186 17288 -793 469 -530
-2188 3765 17217 -324 1280 -992
-2040 3697 16870 493 2359 -1458
-1753 3870 16434 1258 3573 -1519
-2118 4560 16024 1564 4745 -1299
-2837 5524 15908 1189 5195 -1248
-3408 6050 15997 682 4968 -1032
-3769 6209 15793 96 4641 -823
-4600 6580 15622 -1045 4130 -1002
-5082 6748 15256 -2405 3239 -1070
-5245 6626 15001 -3720 2363 -1206
-4857 6328 14858 -5064 1833 -1338
-4605 6062 14985 -6326 1278 -1396
-4405 5804 15237 -7248 372 -1519
-3988 5422 15470 -7838 -419 -1630
-3644 4978 15924 -8052 -1178 -1639
-3468 4510 16341 -7839 -1645 -1528
-3385 4134 16688 -7266 -1698 -1336
-3342 3641 17000 -6311 -1368 -1112
-3349 3358 17210 -5244 -845 -860
-3330 3174 17325 -4212 -225 -701
-3556 3140 17149 -3347 304 -547
-3693 2988 17032 -2529 822 -402
-3936 2953 16761 -1812 1266 -328
-4038 3045 16613 -1366 1434 -151
-4153 3088 16437 -1109 1327 14
-4262 3146 16438 -1035 1042 214
-4273 3069 16413 -1050 658 310
-4197 2914 16449 -1167 467 354
-4230 2848 16360 -1323 217 364
-4193 2736 16342 -1560 54 299
-4086 2598 16248 -1832 -80 256
-3934 2361 16277 -2037 -68 203
-3849 2132 16229 -2207 64 164
-3716 1825 16168 -2134 400 116
-3632 1654 16073 -1928 770 97
-3705 1686 15846 -1642 1091 138
-3666 1534 15629 -1240 1376 154
-3837 1592 15536 -926 1512 178
-3721 1624 15562 -853 1606 240
-3706 1533 15720 -939 1690 180
-3846 1302 15925 -1094 1718 -20
-3942 1117 16065 -1286 1694 -336
-3829 1000 16253 -1550 1629 -730
-3893 986 16374 -1738 1518 -1140
-3842 944 16353 -1819 1339 -1550
-3972 1120 16324 -1880 1128 -1875
-4265 1348 16372 -1985 938 -2067
-4472 1678 16360 -2121 752 -2142
-4485 1957 16373 -2258 620 -2140
-4333 2066 16261 -2209 572 -2037
-4248 2052 16058 -2030 395 -1829
-3960 1878 16217 -1776 564 -1600
-3637 1769 16242 -1163 1199 -1321
-3833 1916 16310 -647 1524 -1060
-4077 2300 16253 -451 1509 -1011
-4201 2585 16353 -549 1518 -992
-4014 2317 16408 -585 1652 -949
-4005 2448 16473 -582 1770 -948
-4165 2745 16596 -737 1631 -885
-4489 3250 16606 -972 1158 -891
-4897 3417 16838 -1324 514 -1040
-5058 3089 16849 -1660 12 -1139
-5222 2609 17009 -1746 -447 -1051
-5024 1805 17113 -1385 -483 -733
-4722 1204 17285 -511 -144 -377
-4672 984 17534 882 463 13