-15857 9614 -729 -1144 4088 -4844
-15918 9777 -630 -1638 4729 -4947
-16028 9978 -485 -2268 5162 -5141
-16077 10277 -346 -3099 5368 -5317
-16154 10485 -274 -4081 5475 -5511
-16196 10662 -393 -5105 5403 -5744
-16294 10665 -648 -5908 5093 -5936
-16526 10833 -822 -6698 4525 -6049
-16556 11134 -1117 -7374 3943 -6091
-16485 11510 -1309 -8091 3442 -6122
-16414 11912 -1554 -8928 3058 -6066
-16344 12312 -1644 -9911 2756 -5933
-16252 12665 -1856 -11076 2535 -5726
-16190 12889 -2118 -12480 2236 -5492
-16270 13125 -2498 -14062 1952 -5182
-16230 13350 -2936 -15728 1662 -4892
-16106 13501 -3408 -17535 1134 -4647
-15842 13509 -3790 -19191 572 -4290
-15657 13592 -4144 -20615 108 -3931
-15525 13753 -4533 -21705 -146 -3487
-15540 14025 -4914 -22716 -379 -3087
-15553 14278 -5336 -23981 -595 -2603
-15613 14329 -5684 -25157 -839 -1898
-15846 14448 -5886 -25951 -967 -1078
-15905 14356 -5978 -26391 -1056 -190
-16084 14360 -5978 -26458 -994 794
-16486 14688 -5957 -26218 -713 1802
-16904 15488 -5804 -26076 -457 2668
-17305 16212 -5809 -26509 -205 3479
-17798 16449 -5581 -27445 -203 4296
-18282 16353 -5592 -28538 -332 5307
-18708 15920 -5406 -29515 -605 6462
-19062 15242 -5304 -29748 -710 7664
-19765 15273 -5002 -29539 -684 8884
-20688 15602 -4676 -29766 -879 9941
-21658 15776 -4213 -30527 -1225 10551
-22445 16072 -3954 -31375 -1676 10849
-23253 15798 -3590 -31764 -2393 10882
-23800 15885 -3548 -31680 -3105 10664
-24337 15860 -3049 -32143 -3913 10261
-24940 16129 -2994 -32768 -5292 9566
-25249 15820 -3106 -32768 -6887 8696
-25493 14985 -3522 -32768 -8673 8072
-25645 14285 -3305 -32768 -10665 7531
-25662 13357 -2956 -32768 -12741 7454
-25628 12276 -2282 -32768 -15185 7767
-25530 11162 -2056 -32768 -17468 8524
-25952 10064 -1656 -32768 -18380 8775
-26088 9665 -1597 -32187 -18703 8965
-25866 8536 -1372 -30097 -19336 8995
-25064 8088 -1572 -28862 -20108 9284
-23963 6843 -1623 -26220 -21743 10459
-22442 5647 -1262 -22192 -24310 13086
-20777 4201 -1708 -18744 -26518 15321
-18934 3391 -2206 -14230 -27819 17670
-16148 2734 -1845 -9094 -28132 20314
-15052 4802 530 -8778 -29877 22055
-14436 4934 1374 -10315 -31363 22150
-13177 3405 1465 -8385 -31478 21244
-10729 3705 2373 -5599 -28214 19965
-8321 3975 3382 -2865 -20002 16401
-7065 4348 3784 -3797 -15908 14161
-6114 3576 4116 -4068 -13902 12964
-5232 3418 5104 -4353 -12380 12274
-5260 3066 6297 -4589 -11188 11303
-4606 2498 7104 -4330 -11096 11138
-3370 2328 7790 -3332 -11459 11465
-2094 2928 8324 -2489 -11112 12188
-1289 3313 9001 -1820 -9612 12472
-628 3394 9210 -788 -6889 12052
-264 3656 8440 1414 -2797 11566
-661 5209 8358 4049 1049 11459
-2182 6777 10360 5206 1272 11131
-2164 6317 9184 3545 1017 10464
-2996 10006 11247 -5752 -1874 10690
-1376 8612 13866 -16681 -5869 8217
-1530 7832 15193 -23213 -7094 5787
177 6518 14174 -24325 -5396 4485
770 2664 13358 -18095 -1160 3673
-193 656 14109 -9990 3057 4193
-1181 888 14844 -3089 6414 5225
-860 3046 14701 2380 9793 5801
-65 3312 14898 7432 12031 5548
-16 4373 15984 9717 12908 4590
-862 6378 16777 8317 13016 2985
-1210 7326 16570 5917 13057 1357
-1376 7121 16493 4700 13246 -166
-1646 6156 16041 5176 12708 -1176
-1364 6258 16124 5946 12306 -2014
-1140 5953 16542 6211 11476 -2448
-1437 5626 16894 6736 9987 -2770
-2013 6292 17046 5551 7762 -2591
-3226 6617 17552 3229 4767 -1441
-3533 6609 16404 2479 4204 -1452
-4098 7165 16625 1608 1931 -1478
-3502 7372 16249 1828 936 -1092
-3472 9217 16062 1082 1456 -463
-4154 9914 16557 802 1132 -713
-4941 10348 16044 1085 816 -1043
-4613 10656 15337 -1160 1952 -1569
-4576 10084 13401 -3078 4241 -2107
-5846 10608 12696 -342 4437 -1104
-6273 10436 13534 1214 2376 -191
-4453 10930 14289 -3695 1753 193
-5325 11976 15793 -14116 -325 -692
-4794 10434 14660 -18296 -1291 -1470
-3140 6166 14709 -16271 -485 -2778
-2894 5125 15101 -12905 1103 -3208
-2980 3221 14893 -6890 3775 -3253
-3817 3553 14981 -2484 6081 -2935
-1346 5090 15954 -400 8331 -2220
-5477 6488 15970 120 9000 -1901
-4309 5725 15476 1345 9124 -1750
-4777 6420 15880 2575 7740 -1290
-5358 7330 16068 3090 5612 -1740
-5462 7628 15990 3294 3528 -2416
-5124 7676 15540 3679 2050 -3214
-4838 7581 15584 3769 1229 -3707
-4936 7269 16241 3432 -506 -4063
-5204 7530 16416 2171 -2232 -3852
-5128 7500 16570 569 -3696 -3557
-4509 7057 16312 -328 -4629 -3311
-3601 6313 15818 -47 -4666 -3002
-2492 6360 14656 1369 -2730 -2126
-1894 6541 14341 3233 -816 -935
-2214 7230 13526 4582 -132 235
-2588 8084 13548 4311 -1025 579
-2406 10238 13637 808 -896 1115
-2653 10306 13701 -2949 1 997
-2537 10005 14620 -6965 1020 758
-1900 9305 14750 -11421 2192 1190
-1853 8450 15070 -15559 3535 3255
-1941 6973 13858 -17039 4817 5090
-4049 4953 13001 -14049 5899 4853
-5393 3973 13780 -9697 5822 3592
-4885 4988 14416 -6366 5267 2606
-5398 6330 14836 -4985 5390 1562
-5994 7468 15317 -4802 5765 -30
-6572 7770 15928 -5698 5743 -1683
-6486 7342 16224 -6680 5313 -3126
-6165 6553 16358 -7313 4807 -3774
-5409 5601 15826 -7004 4397 -3553
-5122 4612 15205 -5294 4175 -2929
-4816 3858 14829 -2894 3718 -2165
-4780 3610 14654 -252 3728 -1297
-5644 4505 15034 1791 4373 -592
-6538 5920 15672 2653 5101 -359
-6909 6710 15873 2472 5416 -547
-6938 6798 15930 1744 5399 -882
-6733 6812 15702 847 5121 -992
-6670 6744 15320 216 4783 -935
-6772 6484 15068 -100 4388 -853
-6944 6269 14873 -203 3993 -811
-7614 6322 15077 -175 3786 -889
-8094 6746 15336 -484 3700 -945
-8446 6693 15578 -831 3794 -1116
-8705 6716 15706 -1178 3689 -1189
-8605 6241 15649 -1247 3430 -1150
-8354 5708 15356 -855 3105 -888
-8152 5353 15036 -71 2745 -450
-8172 5200 14938 844 2620 26
-8532 5574 14978 1578 2659 339
-8717 6036 15062 1724 2657 410
-8636 6158 15181 1512 2493 374
-8557 6096 15058 1275 2343 354
-8460 6041 14854 1245 2272 393
-8226 5936 14716 1539 2268 387
-8214 5800 14494 2182 2316 176
-8237 5742 14504 3115 2420 -156
-8345 6048 14713 3260 2736 -490
-8250 6136 14553 3017 3153 -747
-8336 6044 14582 2986 3749 -1033
-8436 6384 14597 2603 4170 -1062
-8497 6138 14527 2045 4339 -813
-8528 6230 14380 1487 4191 -320
-8638 6254 14293 1118 3904 -40
-8676 6269 14210 792 3564 211
-8730 6290 14080 588 3031 311
-8617 6208 14082 600 2508 283
-8752 6281 14080 719 2063 199
-8757 6661 14264 463 1724 109
-8710 6460 14296 151 1398 1
-8593 6336 14346 -25 1203 26
-8422 6241 14369 -258 1107 164
-8330 6181 14321 -436 1110 274
-8380 6345 14241 -445 1090 291
-8385 6438 14156 -414 1080 183
-8262 6320 14084 -518 978 138
-8084 6234 13969 -537 808 181
-7918 6237 13782 -410 652 210
-7705 6333 13780 -442 625 290
-7634 6262 13700 -417 758 402
-7576 6232 13761 -398 966 454
-7481 6288 13742 -356 1304 482
-7492 6528 13816 -418 1652 459
-7546 6724 13917 -616 2053 352
-7730 7053 14008 -1035 2418 153
-7861 7189 14020 -1672 2532 -49
-8220 7093 13940 -2306 2522 -66
-8433 6849 13792 -2711 2345 58