-15434 7053 -2029 418 985 142
-15485 6928 -1756 615 1114 180
-15537 6842 -1396 901 1425 228
-15692 6930 -962 1237 1993 236
-16054 7449 -518 1485 2643 4
-16454 8318 33 1622 3401 -428
-17228 9745 709 1150 4117 -1116
-17893 10960 1282 -56 4562 -2077
-18416 11349 1462 -1531 5233 -3132
-18842 12348 2093 -3480 5692 -4245
-19112 12876 2756 -6098 5961 -5173
-19556 13472 3133 -9317 5263 -5601
-19988 13449 3293 -12397 3740 -5536
-20210 13188 3002 -14100 1663 -5120
-20306 12850 2665 -14061 -527 -4312
-20393 12610 2437 -12893 -2694 -3264
-20578 12910 2498 -11522 -4802 -2183
-20838 13589 2537 -10931 -6849 -1162
-21093 14356 2536 -11243 -9105 -444
-21605 14813 2614 -11867 -11292 -20
-22166 15285 2697 -12515 -13041 334
-22860 15856 2829 -13527 -14255 662
-23208 16034 2616 -15211 -15318 1044
-23369 15808 2332 -17043 -16325 1621
-23540 15561 1902 -18348 -17151 2428
-23824 15245 1658 -18962 -17699 3315
-24049 14782 1489 -18921 -17970 4223
-24346 14405 1378 -18584 -18201 5146
-24412 14109 1312 -18182 -18524 6043
-24561 13966 1246 -17737 -18995 6977
-24597 13733 909 -17000 -19842 8173
-24621 13052 752 -15838 -20655 9651
-24308 12786 518 -14680 -21266 11304
-24085 12644 226 -13815 -21424 13040
-23760 12137 -196 -13468 -21284 14668
-22390 11769 -1244 -11731 -21096 15877
-20996 11600 -1629 -8277 -20736 17703
-19608 10852 -2448 -6080 -19649 18128
-17424 10266 -3265 -5085 -18941 18937
-14837 10114 -2958 -6381 -17610 19414
-13950 11517 -533 -12221 -19622 19073
-12777 11416 968 -19960 -24713 18270
-11726 9228 544 -25600 -28763 17198
-10934 7053 709 -28072 -31329 15573
-9456 4850 1096 -27251 -32768 13883
-7214 2770 554 -24872 -32193 13800
-5255 698 1218 -19233 -31011 14770
-4806 867 3230 -13779 -29584 15078
-4802 2052 4350 -10929 -27605 14583
-4131 1333 5637 -7807 -25752 13039
-3134 1010 6637 -4840 -22707 11150
-2507 618 6778 -2263 -20247 10445
-1828 -392 6816 761 -19404 10321
-2104 650 8492 4489 -19362 10421
-2363 2436 9642 9258 -20285 10672
-1654 3150 9884 12559 -20023 9858
-1685 4581 10652 14022 -19752 8180
-2350 7672 12400 12569 -19049 6965
-1798 10093 13533 7728 -16674 5934
-1384 12109 13862 -469 -14186 4472
-1257 12562 14042 -9788 -11987 2933
-1788 11128 13766 -15592 -10391 1711
-585 9677 13068 -15878 -8372 1766
744 7341 12482 -13488 -5606 2134
1888 5657 12162 -8397 -1272 3197
2750 5046 10745 -76 5903 4296
3344 2110 11969 4466 9831 3218
3470 3958 14314 618 9262 2635
953 11406 15560 -8908 11538 504
721 11474 14373 -11457 15618 -1400
461 6089 15834 -9111 16145 -3024
-426 5328 15713 -6624 15593 -3046
-733 6065 16125 -4348 15656 -2418
-1482 5786 16220 -2645 15568 -2859
-1774 5232 16058 -716 14612 -3413
-1605 4813 16134 2057 12599 -3809
-1884 5553 16437 4558 9836 -3502
-2353 6457 16826 6054 6639 -2939
-2806 7332 16984 6106 3382 -2484
-3234 7866 17048 4746 353 -2738
-2909 8410 16957 2531 -1617 -2605
-1752 7529 16809 2084 -3146 -2296
-1230 7718 15774 3487 -3546 -1219
-646 8473 15297 5048 -1622 -202
-832 9562 15005 6015 558 629
-1448 10094 14685 5319 2044 171
-2266 11664 15114 1021 2346 -539
-3157 13057 14552 -3663 2836 -694
-3542 12272 13658 -3363 3103 -101
-2248 10517 13365 -1335 2331 886
-1386 9605 13010 -100 3013 2366
-1457 8784 14037 -2118 5801 2415
-898 9450 15962 -8836 7684 1817
-577 10409 14826 -13850 10391 1591
-1609 7018 14014 -12761 12122 1686
-1 4856 15661 -9401 12529 318
-5508 5906 16301 -7707 9719 -534
-6365 7746 17325 -5440 6377 -66
-5334 5728 17350 -955 4911 -882
-4266 5021 16649 3227 5461 -964
-4084 5474 16056 5953 6356 -393
-4261 6640 15957 7462 6971 -179
-4642 8488 16350 6660 7032 -209
-4725 9561 16616 4454 6194 -289
-4666 9389 16753 2505 4792 -820
-4457 9613 16852 1079 3170 -1782
-4910 9605 16485 -586 1950 -2694
-5165 8692 16144 -1580 195 -3319
-5228 8484 16093 -1682 -2202 -3557
-5196 7933 15546 -1518 -3420 -3750
-4546 6557 15709 -200 -5480 -3601
-3600 6645 15109 1027 -5627 -2245
-3298 7308 14600 2747 -3920 -1036
-3153 8290 13846 4061 -931 782
-4052 9628 11957 5173 3127 1338
-5588 10574 12372 7213 3590 1142
-5020 12281 12652 5581 1534 1212
-5485 13105 16130 -1858 -920 155
-6270 14648 16022 -12064 -2704 -367
-4638 12293 15044 -17787 -2811 -649
-2637 7178 14170 -16695 -2251 -867
-2409 4640 14500 -13199 -941 -1330
-2960 5442 15392 -10533 835 -972
-4304 5936 16022 -8097 1759 -364
-4637 5070 16596 -4601 1826 -224
-4614 4574 17028 -30 1806 -193
-4236 4617 16981 4348 1832 -255
-3169 5333 16660 7884 1603 -47
-3282 6448 16478 9438 1667 -271
-3158 7196 16428 9743 747 -575
-3448 8033 16233 8492 -471 -961
-3416 9126 16434 5346 -1838 -1519
-2886 9192 15836 1931 -2109 -2230
-1777 8241 14790 -73 -929 -2363
-1110 7774 14078 -853 376 -1768
-1120 7866 13617 -606 1730 -1330
-1312 8234 13493 -237 3231 -755
-2288 9272 13226 -484 4778 -490
-3018 9470 13737 -1865 4990 -538
-3465 10216 14478 -4666 4551 -246
-3653 9914 14810 -7554 3578 -76
-3465 8134 14676 -9025 2190 -39
-3290 6853 14417 -8852 1141 298
-3301 6090 14604 -7917 735 641
-3720 5633 15042 -6738 1055 766
-4236 5716 15665 -5789 1998 768
-4853 5778 16072 -4833 3108 374
-5374 6106 16429 -3907 4026 -223
-5453 6286 16465 -3357 4439 -679
-5385 6226 16318 -3056 4423 -901
-5412 6000 16002 -2815 3952 -938
-5425 5754 15704 -2493 3088 -837
-5414 5484 15466 -2107 2131 -639
-5546 5541 15400 -1714 1281 -371
-5756 5602 15474 -1323 680 -234
-6073 5905 15761 -1046 440 -286
-6129 6082 15945 -1034 305 -440
-6136 6236 16064 -1104 237 -687
-5989 6328 16000 -1286 98 -907
-5562 6072 15834 -1427 -113 -1018
-5152 5833 15562 -1386 -373 -963
-4964 5533 15325 -1168 -559 -737
-5209 5724 15277 -687 -398 -657
-5338 6052 15436 -384 -22 -667
-5328 6161 15606 -526 633 -760
-5542 6385 15772 -632 1293 -911
-5729 6320 15900 -653 1901 -1104
-5858 6284 15845 -693 2378 -1252
-6024 6356 15846 -559 2823 -1361
-6216 6240 15724 -642 2924 -1456
-6117 6104 15686 -613 2820 -1507
-6361 6169 15637 -526 2602 -1340
-6325 5984 15558 -327 2121 -1077
-6312 5880 15485 -22 1627 -813
-6201 5922 15410 234 1220 -496
-6264 6030 15524 382 1161 -241
-6585 6422 15668 315 1318 -222
-6712 6569 15901 174 1682 -402
-6914 6834 16056 -194 2076 -628
-6857 6845 16008 -651 2271 -843
-6733 6565 15905 -727 2317 -929
-6637 6306 15704 -492 2194 -892
-6494 5932 15412 -135 1853 -785
-6397 5570 15102 296 1353 -480
-6501 5644 15264 717 938 -165
-6673 5805 15353 971 558 -23
-6697 6001 15345 978 137 -123
-6806 6158 15450 872 -14 -85
-6859 6415 15686 569 249 -121
-6688 6696 15670 112 512 -601
-6749 6705 15741 -357 750 -910
-6530 6450 15501 -737 832 -1023
-6309 6005 15252 -788 871 -885
-6064 5756 15013 -509 761 -687
-6000 5776 14953 -62 639 -490
-6049 5810 15026 272 491 -352
-5946 5890 15088 481 496 -226
-5908 6045 15054 536 653 -166
-5766 6045 14809 477 801 -193
-5719 6107 14332 345 890 -260