-14524 9332 5416 12 5979 -1810
-14482 9137 5268 213 5388 -1644
-14572 9076 5111 950 4681 -1498
-14593 9296 5214 1321 4486 -1452
-14598 9189 5084 1526 4572 -1508
-14524 9049 5086 1779 4685 -1718
-14606 9060 5110 1963 4895 -2028
-14523 9133 5135 2142 5259 -2420
-14405 9166 4938 2206 5990 -2853
-14288 9130 4558 2334 6719 -3204
-14245 9029 4478 2435 7417 -3553
-14340 9000 4371 2553 7920 -4011
-14590 9146 4268 2399 8122 -4430
-14780 9150 4194 1975 8159 -4658
-14926 9169 4221 1180 7997 -4832
-15314 8996 4224 546 7600 -4963
-15585 8985 4163 534 7341 -4995
-15812 8950 4265 679 7016 -4990
-15843 8822 4222 1313 6720 -4832
-16016 8656 4262 2148 6446 -4601
-16220 8809 4608 2310 5993 -4334
-16402 8782 4572 2198 5475 -4108
-16767 8615 4360 2815 4735 -4079
-16706 8028 3570 6008 4407 -4352
-16850 7988 3645 9196 5025 -4876
-16812 9401 4028 9070 5207 -4985
-16925 11390 4805 5898 4490 -4752
-17473 11717 5244 2085 2394 -4835
-18529 12073 5970 -1896 -591 -5458
-19226 12398 6724 -5408 -3776 -5776
-19905 12194 7247 -9045 -9868 -6481
-19749 11252 7521 -10679 -16245 -5812
-20053 10768 7950 -11030 -20521 -4917
-20360 11846 8964 -12588 -24013 -3688
-20446 11374 9317 -13765 -28214 -1165
-19719 9638 9648 -12020 -31698 3318
-18646 9302 10122 -9208 -31583 7211
-17829 9653 10694 -7477 -29954 9949
-17352 9794 11192 -6466 -28117 11734
-16593 10659 11715 -6111 -25676 13117
-16084 10888 11852 -6195 -23591 13828
-15709 11375 12072 -6683 -21772 13423
-15744 12208 11994 -8382 -20138 11807
-15497 13077 11936 -11510 -20057 10175
-14957 12602 11405 -14581 -20713 9182
-14200 11522 10649 -15717 -20803 9062
-13794 10690 10586 -15711 -20396 9272
-13204 9749 10368 -14995 -20102 9884
-12762 8710 10390 -13636 -19904 10538
-11987 8778 10490 -11304 -18606 11936
-11610 8764 10464 -8911 -16668 13246
-11210 8202 10258 -6904 -15266 13304
-11002 9508 10307 -7336 -13679 13432
-10866 9305 10162 -8603 -13061 12700
-10420 8334 9694 -8160 -12986 12385
-9584 7586 9174 -6388 -12301 12847
-8853 7144 9060 -5041 -11552 13610
-6871 5625 8402 -4357 -8197 13829
-5841 5287 9174 -5128 -1556 11594
-5708 2406 8882 461 4860 10101
-6170 884 8845 7211 6881 10097
-6578 6358 11469 11476 7820 10685
-6542 7932 11758 7290 5056 7835
-5956 7030 10992 4251 3723 6140
-5024 6622 10857 1378 1729 6243
-5137 5269 10898 -264 -699 6650
-5479 4865 11382 -492 -3340 6809
-5273 4940 12150 -1213 -5670 6603
-4710 4124 12429 -1272 -6942 6166
-3625 3618 12417 -1062 -7047 5969
-2518 3466 11973 -302 -6868 6530
-1618 4044 11618 683 -5883 7685
-1850 5268 11674 1041 -4999 8592
-2334 7028 12952 -2359 -6508 8302
-3345 8762 14632 -8536 -8868 5904
-3168 8190 14716 -12544 -10385 3928
-3121 7298 14741 -14341 -11257 2613
-4146 6701 13789 -11317 -10543 2011
-2998 6217 13104 -7921 -7319 2683
-661 6014 12800 -6616 -1992 4238
-34 5954 12921 -6278 4022 5564
-298 3190 12806 -1199 8646 6525
-536 1186 16302 -5581 10248 2834
-1716 10561 18019 -15984 8310 4047
-3839 2046 15764 -11044 5413 38
-3030 1472 15561 -3538 6459 -1147
-3031 2775 16443 1304 8591 -1622
-3766 3710 16938 2891 9273 -1847
-4605 3777 17044 3292 8581 -1381
-5028 4652 17650 3544 7068 -1108
-5640 6284 17746 2970 5116 -824
-5642 6461 17330 1651 2999 -1213
-5249 6398 16737 308 1365 -1459
-4673 6126 15864 -248 715 -1373
-4406 6212 15546 -3 375 -759
-4649 6418 15023 253 983 -247
-4946 6796 16128 -539 -939 -323
-5165 8014 16360 -3478 -2476 103
-5608 7638 16118 -5033 -3779 113
-5628 7204 15149 -4212 -4657 434
-5482 6996 14717 -1353 -4484 2198
-4878 7853 15014 -268 -2456 3684
-4252 7169 15960 -4218 1696 2901
-3004 8597 16798 -14397 4837 3220
-3553 6634 16402 -18296 5273 2960
-2756 4114 15209 -17155 6833 2516
-3462 954 14850 -13185 7927 1270
-5234 382 15204 -8022 7285 684
-5540 2264 16512 -2123 6060 1087
-5838 3068 16732 2217 4864 576
-5597 3350 16893 4480 4617 -427
-5852 3830 16942 5858 4068 -1533
-5926 5081 17038 5555 2704 -1793
-6068 5165 16993 4462 974 -1916
-5746 5533 16954 3102 -704 -1797
-4908 5570 17018 2244 -2508 -1678
-4022 5296 16650 1980 -2585 -1430
-3865 5438 15836 2012 -891 -1838
-3676 4518 14620 3083 1858 -2741
-3692 4080 14789 4402 2170 -3258
-4133 6782 15085 2538 2639 -2615
-4938 7181 15385 638 1867 -2613
-5085 7016 15404 -1173 540 -2904
-5340 7000 15342 -3042 -923 -2999
-5041 6445 15369 -4637 -2540 -3061
-4978 5905 15469 -5155 -3500 -3208
-4934 5308 15049 -4303 -3502 -3188
-4866 4614 14805 -2703 -2749 -2811
-4692 4529 14761 -1264 -1581 -1842
-4145 4742 14797 10 -230 -855
-3654 4200 15201 1066 376 -454
-3704 4845 15334 1015 889 -238
-3776 4980 15090 499 1536 -773
-3757 5134 15240 217 1925 -1148
-4060 5225 15320 -117 2109 -1412
-4350 5333 15494 -603 2215 -1669
-4353 5170 15620 -1099 2406 -1774
-4276 4960 15610 -1258 2660 -1820
-3978 4486 15702 -1047 2826 -1846
-4036 4238 15570 -675 2985 -1752
-4348 4473 15729 -262 3337 -1634
-4713 4769 15777 -47 3640 -1583
-4765 4833 15898 -30 3848 -1573
-4989 5018 15949 -85 4099 -1565
-5322 5113 15965 -47 4335 -1613
-5656 5200 16173 -57 4375 -1681
-6034 5404 16170 -95 4271 -1519
-6298 5376 16133 -3 4009 -1335
-6282 5188 16012 221 3612 -1113
-6166 5069 15766 477 3296 -838
-6016 5138 15733 821 3378 -582
-6177 5093 15824 1047 3493 -553
-6397 5234 15957 954 3469 -755
-6528 5349 15962 609 3409 -851
-6754 5433 15906 369 3370 -886
-7120 5344 15964 265 3391 -829
-7400 5437 15820 246 3517 -696
-7553 5337 15778 247 3637 -515
-7820 5434 15872 145 3686 -399
-7904 5382 15850 115 3762 -412
-7805 5146 15892 87 3644 -441
-7896 5117 15926 56 3360 -487
-7958 5154 15828 53 2986 -513
-7945 5165 15761 119 2680 -553
-7945 5157 15673 137 2457 -547
-7820 5161 15526 93 2154 -382
-7700 4946 15306 120 1784 -209
-7729 4988 15240 275 1507 -8
-7813 5042 15250 435 1349 122
-7806 5080 15265 485 1227 145
-7608 4842 15252 413 1186 93
-7581 4938 15233 243 1208 26
-7285 4533 15280 168 1187 -74
-7569 4550 15497 282 1569 17
-7574 4814 15668 275 2124 -221
-7752 5470 15690 76 2557 -754
-7905 5481 15628 -325 2788 -1105
-7704 5068 15314 -550 2811 -1212
-7532 4918 15202 -472 2917 -1189
-7562 4794 15110 -194 2950 -963
-7638 4637 14992 152 2927 -535
-7709 4653 14974 548 2742 -311
-7836 4762 14965 973 2376 -209
-7785 4941 14912 1134 1841 -293
-7557 5042 14888 1191 1306 -367
-7668 5008 14822 1182 1055 -372
-7505 5012 14769 1159 886 -219
-7410 5086 14808 1057 657 -175
-7262 5217 14537 862 422 -185
-6989 5128 14382 611 26 -282
-6850 4905 14281 620 -69 10
-6596 4768 14133 745 103 260
-6812 5357 14306 834 414 167
-7022 5568 14328 517 708 -39
-7116 5696 14353 96 859 -346
-7060 5640 14210 -209 986 -418
-7016 5633 14181 -403 1108 -372
-6958 5621 14165 -578 1141 -333
-6738 5466 13960 -698 1029 -288
-6497 5348 13681 -651 841 -247