-17786 7096 2500 6091 18089 -11022
-18526 7189 2357 5691 19124 -12167
-18952 7124 2042 5653 20151 -12956
-19437 7038 1690 6097 20866 -13443
-19953 6938 1341 6788 21221 -13660
-20273 6854 961 7603 21162 -13598
-20470 6761 549 8506 20742 -13164
-20604 6666 178 9475 20089 -12395
-20608 6586 -276 10579 19139 -11364
-20658 6618 -630 11656 17953 -10138
-20593 6660 -1021 12753 16609 -8802
-20504 6776 -1265 13812 15191 -7380
-20454 7022 -1581 14736 13809 -5987
-20448 7286 -1768 15599 12441 -4654
-20352 7652 -2029 16332 11158 -3540
-20338 8052 -2134 16808 9928 -2634
-20232 8536 -2214 16802 8854 -1965
-20122 8920 -2240 16270 7933 -1460
-20046 9118 -2153 15475 7030 -1084
-19945 9437 -2220 14537 6122 -857
-19730 9554 -2242 13435 5242 -666
-19480 9666 -2274 12140 4291 -552
-19190 9721 -2356 10744 3431 -430
-18888 9690 -2433 9324 2568 -319
-18558 9650 -2592 7949 1666 -131
-18320 9406 -2693 6660 822 77
-17982 8946 -2624 5532 86 502
-17664 8366 -2549 4757 -544 1038
-17528 7738 -2474 4429 -1049 1705
-17288 7144 -2126 4522 -1370 2390
-17094 6797 -1805 4975 -1526 3015
-17093 6820 -1502 5705 -1387 3412
-17248 7332 -1080 6206 -1063 3470
-17520 7978 -702 6289 -813 3244
-17729 8178 -201 6365 -517 2674
-17920 8564 266 6115 -216 1997
-18136 8870 538 5499 185 1560
-18364 8833 932 5158 -127 863
-19154 9230 1744 4662 -889 157
-19994 9701 1994 3680 -1172 -13
-20400 10288 1928 2822 -1094 -163
-20558 10713 1720 1777 -1257 -105
-20749 10934 1357 766 -1864 239
-21049 11114 1382 -303 -3071 762
-21245 11368 1390 -1855 -5142 1787
-21340 11773 1104 -3977 -8444 3528
-22092 12092 888 -5464 -13064 5945
-22890 12228 694 -6226 -17099 8099
-23505 12366 552 -6816 -19966 9717
-24064 12598 227 -7574 -23223 11719
-24674 13276 125 -7976 -25834 12872
-25224 14004 432 -9092 -27048 14378
-26100 14924 712 -11271 -28559 15435
-26656 15743 933 -13955 -28684 15534
-27272 16209 1074 -16387 -28294 15585
-27873 16446 1322 -18323 -27665 15144
-27499 15076 1172 -20437 -27112 14737
-26719 13229 804 -20653 -26319 14969
-25698 11810 242 -19048 -25964 15838
-24608 10945 117 -16391 -25424 17137
-23387 10043 548 -13788 -25249 18133
-22074 9782 1277 -14388 -25522 18402
-21758 10828 1884 -16587 -25677 18105
-21622 10890 1813 -19336 -25440 17186
-20996 9810 1538 -20428 -23642 16032
-19919 8652 2043 -21012 -21494 14857
-18012 6665 1334 -20969 -19650 14003
-16628 5480 1404 -19665 -18698 13621
-15420 5657 1530 -18782 -18933 14112
-13506 4633 2372 -18506 -20906 14813
-13125 4637 3611 -19694 -23883 14658
-11981 2678 3468 -18920 -27148 14353
-8753 452 3010 -13010 -30393 15391
-6456 298 3232 -6154 -30487 16673
-4938 690 4145 -1933 -29406 17447
-5226 1762 5196 131 -28716 17991
-5374 2027 6574 1224 -28145 17399
-3242 1325 7118 920 -25607 14943
-880 263 6562 1875 -20111 12814
1409 178 6918 4584 -15142 12782
1294 1644 7534 5698 -12418 13138
1144 3006 7742 7917 -8208 12071
350 5562 8696 6777 -4999 10163
-593 8233 9367 1526 -3455 8471
-1984 9886 9140 -1661 -2606 7651
-2175 8242 8791 240 -3785 7297
-841 7684 9194 1781 -4026 7611
320 6905 10128 -1127 -1312 7378
1190 5693 12477 -11893 964 4958
1778 7500 13560 -21927 1881 3448
2362 4412 11526 -22490 4385 1796
3065 176 12826 -13274 7101 1039
1596 1712 15729 -8154 6065 768
524 3155 16982 -1605 2929 -256
1074 2480 16206 5403 4486 -1252
1406 2208 16445 8203 5815 -1418
1074 3332 15844 9193 6398 -1133
1149 4169 15774 8459 5032 -298
1254 6668 15170 7013 4095 790
1312 7768 15144 6854 4087 1165
182 9286 15413 6329 4693 752
-1012 10722 15660 3674 5447 -829
-1801 11395 16060 -1443 4512 -2636
-3145 11425 14853 -4973 3828 -2589
-3894 11362 14098 -4093 3343 -1454
-2908 9832 13957 -2275 2842 1058
-545 7113 13661 -1140 5260 2936
325 5820 16374 -6716 6210 982
-678 11120 16922 -14559 6417 -41
253 9265 15511 -16944 7616 337
672 3866 16484 -12464 8264 -1179
-850 4736 17801 -10037 7192 -2065
-1243 4972 18774 -5804 4948 -3026
-378 3344 18153 511 4945 -3622
729 3048 17093 4500 6316 -3121
548 3001 16126 7478 7059 -2586
885 3817 15986 7761 5509 -1830
1158 4470 15396 6286 3676 -1768
2457 4968 14061 4804 2000 -1676
2859 5426 11831 5178 584 -790
1972 5240 11360 7407 -631 578
-623 7731 13480 5382 -2187 771
-3233 10909 14413 -1023 -3842 -446
-4748 12081 16001 -7946 -4019 -1728
-4732 12066 16650 -13673 -3886 -2601
-3754 9352 16238 -19033 -3035 -3242
-2397 6168 15180 -20358 -1515 -2673
-2268 5056 14384 -18608 -474 -2222
-2315 3486 14108 -14310 1374 -1317
-2742 3024 14112 -8367 4072 -117
-3306 3672 14886 -4997 5793 -28
-4440 5313 15980 -2869 7873 -413
-4797 6566 16478 -3063 9286 -1027
-4672 6676 16524 -3877 9667 -1164
-4408 6106 16140 -4565 9783 -1083
-4305 5500 15588 -4661 9587 -763
-4152 4985 15145 -4244 9384 -531
-4282 4569 15061 -3585 9238 -326
-4622 4468 15108 -2921 9177 -283
-5218 4752 15546 -2126 8971 -500
-5610 5210 15885 -2209 8660 -730
-5972 5600 16178 -2773 8451 -778
-6185 5696 16177 -3439 8087 -945
-6246 5186 16075 -3957 7460 -1125
-6333 4738 15926 -3963 6976 -1058
-6439 4363 15752 -3321 6696 -776
-6781 4160 15795 -2071 6569 -755
-6757 4045 15732 -1269 6380 -762
-6702 3864 15738 -781 6521 -598
-7304 4378 16029 -435 7203 -429
-7828 5066 16276 -569 7899 -498
-8020 5244 16362 -1572 8141 -664
-8041 4889 16105 -2607 7928 -681
-7905 4185 15780 -2640 7471 -586
-7724 3477 15370 -1905 7134 -397
-8077 3276 15386 -759 6991 -187
-8429 3356 15708 181 6985 -204
-8898 3949 16119 428 6835 -292
-9278 4362 16376 76 6563 -377
-9434 4281 16236 -420 5910 -428
-9334 3890 15969 -592 4963 -330
-9080 3581 15668 -324 4229 -114
-9018 3419 15409 356 3579 143
-9048 3570 15409 851 2930 288
-8868 3682 15420 917 2451 343
-8706 3573 15437 907 2068 428
-8540 3532 15456 887 1885 534
-8636 3656 15381 837 1848 549
-8525 3752 15409 738 1828 439
-8389 3672 15432 554 1890 351
-8493 3740 15396 354 1999 263
-8522 3834 15398 132 2127 90
-8729 3993 15456 -121 2245 -111
-8832 4000 15381 -289 2236 -336
-8846 3860 15354 -411 2179 -425
-8928 3689 15282 -365 2104 -399
-8892 3656 15185 -179 2017 -325
-8917 3630 15121 77 1916 -201
-8861 3580 14998 335 1746 -45
-8880 3576 14884 537 1536 153
-8722 3558 14806 710 1254 374
-8660 3592 14730 934 1000 549
-8637 3752 14576 1070 785 632
-8500 3820 14485 1052 558 650
-8420 3718 14392 1039 544 667
-8420 3844 14378 969 606 687
-8424 3926 14286 868 768 632
-8438 4118 14320 682 951 487
-8413 4265 14266 334 1106 315
-8305 4157 14252 -24 1284 240
-8201 4064 14156 -224 1496 234
-8134 4188 14112 -318 1739 170
-8113 4306 14042 -530 1772 34
-8157 4417 13833 -797 1601 -134
-8118 4346 13772 -944 1337 -276
-8276 4312 13753 -1096 1162 -259
-8234 4160 13657 -949 1076 -95
-8536 4066 13844 -661 1278 41
-8673 4106 14092 -324 1565 157
-8937 4301 14149 -203 1703 122