-15857 6422 -1586 -168 380 -194
-16005 6642 -1441 -365 406 -229
-16073 6601 -1202 -542 466 -226
-16246 6748 -701 -796 751 -270
-16274 6920 -246 -1286 1022 -336
-16216 7081 89 -1622 1349 -506
-16483 7295 628 -2120 1647 -815
-16810 7639 1391 -2873 1718 -1367
-17211 8115 2179 -4437 1527 -1664
-17771 8041 2567 -5374 646 -1713
-18286 7918 2919 -4864 -451 -1670
-18536 8110 3372 -4339 -1403 -1470
-18722 8546 3404 -3905 -2509 -1281
-19187 9416 3812 -2803 -3881 -1305
-19618 10313 4461 -2280 -4737 -1156
-20154 11314 5245 -2698 -5558 -880
-20705 12508 5582 -4145 -6678 -351
-21144 12976 5604 -5919 -8169 241
-21801 13478 5486 -7616 -9901 944
-22086 13890 4997 -9147 -11972 1727
-22138 13664 4481 -10186 -14342 2674
-22037 13305 4102 -10519 -16726 3691
-22074 13216 3970 -10286 -18677 4829
-22132 13386 3890 -9843 -20255 5990
-22425 13888 3946 -9414 -21154 7112
-22840 14516 4145 -9575 -21699 8068
-23228 14976 4232 -10338 -21853 8837
-23462 15360 4170 -11607 -21848 9551
-23778 15608 4228 -12945 -21590 10048
-24205 15901 4198 -14453 -21228 10289
-24602 15764 4065 -15913 -20867 10344
-24869 15344 3878 -17036 -20631 10104
-24745 14897 3662 -17929 -20428 9811
-24474 14429 3234 -18945 -20483 9440
-24224 13896 3148 -20059 -19961 9013
-24322 14066 3054 -21648 -19108 8060
-23578 12942 2152 -23160 -19093 6678
-22217 10780 1249 -23461 -18991 5036
-20537 9326 712 -21686 -18016 4041
-19265 8258 -822 -16756 -16925 4142
-17974 7389 -1126 -11270 -14001 4231
-17260 6852 26 -10346 -12528 3958
-16508 7640 1016 -12344 -13674 4143
-15742 6752 1496 -13884 -15521 4704
-14628 5373 2117 -14660 -17316 5598
-13822 4766 2518 -14284 -18128 6626
-13232 3729 2826 -13242 -18416 7765
-11920 2330 3272 -11213 -18610 8825
-11062 2001 3818 -8691 -18991 10309
-9813 1669 3988 -6049 -19388 12123
-8961 1989 4417 -3755 -19300 14040
-8070 2668 4942 -2348 -19258 16056
-7605 3102 5776 -1235 -19347 17599
-7557 4046 6673 -1189 -19688 18316
-7273 4030 7568 -1758 -20669 17795
-6810 4485 8296 -3898 -22324 16957
-6022 3653 8148 -5412 -24004 16423
-4718 2076 7829 -4728 -25243 16041
-3446 966 8269 -3349 -25109 15678
-2326 758 8473 -1564 -22316 15306
-1465 1506 8276 908 -17645 15474
-941 2300 8849 2327 -12804 15122
-1649 3517 7677 5345 -8041 14401
-3073 4058 8201 10065 -3853 13733
-2886 6830 8189 10761 -1213 13667
-1102 7820 9498 6873 2230 11250
-2409 8626 12234 -1557 3549 8165
-1781 7973 11298 -10541 5373 5332
364 4460 11096 -14287 9027 1596
585 3818 12218 -14560 12907 -1728
-1730 2417 14202 -13424 15868 -5880
-2457 2404 14546 -11333 17829 -8242
-2130 -1313 13232 -4237 19498 -7949
-2253 -2754 13121 4307 19149 -4572
-2462 -193 13368 7742 17766 1762
-3578 2416 14025 8099 15479 5531
-4554 4702 14862 6471 12616 6727
-5874 5714 15010 6505 10092 5920
-7626 8025 16169 5561 7660 4024
-8638 9766 16932 2322 4910 2230
-8644 9410 17041 -955 1485 745
-7806 8481 17160 -3165 -2741 414
-6997 5994 15981 -1749 -7056 253
-7100 6456 15806 -1150 -10767 475
-5952 5905 15818 -1744 -12931 435
-5150 5966 15681 -1178 -12410 134
-4612 6106 15368 -59 -11002 819
-4250 6693 14604 2521 -7632 1902
-5229 7685 13649 5902 -3060 2626
-5922 9178 13273 8123 1533 2599
-5260 10606 14137 6827 3213 1794
-4918 11757 15582 3542 3089 -28
-5397 12296 16066 -2553 2172 -2341
-4546 11105 15142 -7630 1813 -4142
-3836 6944 14746 -8269 1816 -5475
-3268 6046 14804 -7034 2064 -5759
-3533 4366 14241 -3387 3655 -5699
-3696 5086 15206 -1748 5137 -5364
-4886 6722 15638 -1701 7138 -4958
-5306 6790 16381 -1511 8304 -4549
-5717 6488 16837 -687 8071 -4292
-5550 6928 16450 305 7999 -3131
-5264 7360 16138 589 7985 -1631
-5729 7542 15961 -291 7604 -380
-6298 6702 15568 92 6853 -46
-6584 6444 15528 1367 5727 -250
-7024 8229 15726 1661 4233 -391
-7837 8161 15620 1510 2684 -623
-7639 7949 15841 1974 667 -390
-7687 7926 16100 1416 -2446 -116
-7435 7071 16096 1919 -7146 458
-6342 7128 15196 1393 -9630 765
-4921 6968 14993 1049 -8436 596
-4417 7390 14614 1042 -6610 920
-3660 7251 13002 2757 -2483 1876
-4221 8760 10570 7473 2639 4415
-4977 10564 12126 7425 2904 5192
-6113 12792 14204 1471 1071 3323
-7188 13990 14774 -6148 -267 678
-5608 12581 14974 -14324 -1365 -1525
-4222 9520 14310 -17405 -1646 -2223
-2820 5705 14044 -16154 205 -2111
-3189 3892 15058 -14180 1873 -903
-4392 3006 15620 -11458 2092 151
-4377 1490 15660 -5222 2349 -14
-3257 2168 15538 1384 2642 718
-3554 3350 14824 7396 3601 1103
-3870 5110 15488 8997 2669 896
-4126 5467 15195 7822 759 -388
-4272 5477 14669 5834 -1469 -2214
-3548 5725 14486 3098 -3814 -3341
-3302 5116 14150 470 -5864 -4417
-2141 3469 12314 234 -5860 -5020
-889 3054 11040 1293 -3058 -4454
-1410 3386 10417 3671 415 -3220
-3884 5052 9936 7684 3723 -1867
-5800 6784 11272 8057 3692 -1683
-6926 10460 12500 2833 3152 -2217
-6974 10389 13094 -4290 2213 -3756
-5722 8262 13170 -7416 1424 -4307
-5614 7420 13430 -8677 1118 -4538
-5710 6534 13664 -8826 1345 -4861
-5377 4724 13535 -7606 1956 -5058
-4964 3465 13061 -4855 3476 -4615
-5618 3801 13118 -1863 5614 -3879
-5946 4445 13042 623 7654 -3217
-6308 4680 12985 2684 9435 -2968
-7486 5806 13204 4250 10879 -3213
-7896 6747 13036 4674 11862 -3777
-8198 7110 12872 4459 12195 -4352
-8573 7341 12902 3966 12317 -4752
-9371 7885 12802 2628 12294 -5298
-9994 7960 12860 1190 12088 -5758
-10182 7530 12612 -39 11772 -5883
-10524 6840 12353 -628 11542 -5803
-12045 7435 12746 -428 12579 -5825
-13119 8213 13044 -1250 13295 -6255
-13494 8110 13040 -2302 13160 -6718
-13286 7605 12784 -2841 12650 -6724
-12991 6828 12238 -2556 12090 -5690
-13522 6506 12233 -1228 11810 -4265
-14173 6472 12424 -86 11126 -3357
-14673 6819 12663 935 10505 -2592
-14892 7308 12685 854 9533 -2001
-14793 7360 12433 473 8349 -1563
-14493 7237 12260 238 7401 -1277
-14132 7010 12170 108 6545 -883
-13993 6868 12014 146 5842 -504
-13836 6846 11969 189 5275 -234
-13656 6829 11981 169 4844 -43
-13474 6751 11890 74 4488 76
-13416 6734 11848 -47 4277 145
-13499 6753 11684 -229 4222 251
-13413 6557 11606 -419 4128 341
-13444 6344 11410 -323 3893 431
-13221 6158 11126 -98 3482 602
-13169 6237 10921 68 3179 750
-13041 6240 10702 83 2840 835
-12862 6194 10473 43 2495 942
-12809 6029 10117 137 2161 1133
-12689 5721 9910 371 2062 1550
-12572 5693 9836 729 2155 1798
-12644 5810 9870 1074 2300 1760
-12600 5652 9848 1301 2477 1715
-12518 5608 9746 1351 2716 1665
-12506 5516 9692 1394 3047 1556
-12622 5496 9596 1369 3326 1514
-12534 5416 9471 1360 3468 1380
-12602 5466 9268 1313 3620 1103
-12834 5740 9168 1138 3839 838
-13098 6018 9204 585 4008 418
-13016 6100 9132 -269 4055 -174
-13045 5982 9132 -836 4211 -490
-13185 6034 9288 -1139 4491 -597
-13290 5989 9273 -1388 4763 -661
-13410 5984 9441 -1562 5074 -712
-13628 5922 9442 -1588 5342 -652
-13860 5875 9455 -1388 5493 -661
-14069 5657 9420 -826 5558 -551
-14209 5683 9250 -240 5289 -423