-23929 20971 2914 -13891 -22896 8975
-23944 20624 2620 -15768 -22362 9574
-24070 20276 2277 -17728 -22593 10742
-23887 19212 1870 -21236 -23735 12695
-23266 18453 1601 -24808 -25829 13943
-22970 18317 1493 -28443 -28797 14427
-22101 15891 230 -31300 -32521 14895
-20469 13206 -776 -29491 -32768 15233
-19619 11401 -1534 -24929 -32768 15517
-16642 9658 1 -20442 -32768 16537
-15458 10175 3193 -19495 -32768 18565
-13930 8198 4396 -18271 -32768 20250
-12006 5330 4214 -13415 -32768 21691
-10705 4348 5380 -7138 -30120 23210
-9665 5976 6386 -2038 -23845 24186
-9278 6892 7021 354 -19781 24425
-9066 7690 7630 1289 -17313 24319
-8823 8069 7502 1398 -15142 24034
-8520 7922 7986 725 -13491 23770
-7953 7720 7923 -226 -12512 23503
-6896 6693 8113 -943 -11347 23482
-5920 5729 7442 -1020 -10661 23871
-4654 4901 7490 -638 -9700 24513
-3988 4953 7817 -361 -8070 25008
-3529 4722 7773 -553 -6925 25260
-2853 3876 7872 -105 -5508 25223
-2666 3952 8288 950 -3570 24549
-2374 4336 8612 1450 -2113 23635
-1922 4500 8865 1310 -329 22519
-1772 4894 9057 245 1134 21200
-1580 4224 9050 -816 2223 19701
-1528 3240 9597 -1412 3104 18414
-1306 2225 10017 -1699 3354 17069
-1080 1077 10448 -1663 3000 15708
-990 765 11152 -1384 2935 14043
-426 608 11641 -905 2958 12583
-46 41 12268 592 3735 10559
833 309 12846 2298 6009 8964
1372 245 13044 4240 9322 7063
1446 108 13113 5904 12858 5073
1762 540 12358 7710 16100 4581
636 676 13086 8046 17559 3861
-529 2600 13624 5953 16929 3294
-1740 3782 14370 2790 15375 2652
-2618 3894 15258 -218 12818 1586
-2630 3986 16280 -2942 10866 339
-2334 3516 16569 -4495 9706 -265
-2051 3095 17165 -4320 10082 -382
-2315 3472 17734 -3026 11085 -600
-2460 3696 18082 -1811 11623 -1614
-2936 4634 18458 -2015 11712 -2767
-3180 5117 18106 -3229 11444 -4450
-3530 4658 17538 -1394 10122 -4769
-3501 4542 17492 241 8683 -3793
-3806 5157 17777 430 6971 -2519
-3402 5794 17822 505 5518 -1843
-3245 5936 17885 458 4854 -1800
-3504 6116 17812 886 4465 -2114
-3640 6582 17953 1954 3452 -2658
-4322 7154 17638 2906 3174 -3558
-4257 6973 17433 4566 2882 -4474
-3730 7089 17404 5516 2852 -4826
-3386 7269 17622 5936 2564 -4912
-3724 7558 17906 5343 1762 -5027
-4420 7625 17509 3658 915 -5027
-4249 7640 16401 3017 1188 -4463
-4314 7808 16093 2769 933 -3512
-4638 8125 15862 2100 49 -2758
-4638 8701 15464 2271 -275 -1924
-4817 9481 15617 2780 -1025 -1279
-5389 10866 15769 1363 -1479 -1163
-5444 11022 15692 -1042 -1373 -1504
-4936 10305 15125 -2556 -751 -1683
-4884 9588 14472 -2202 553 -1540
-4673 9324 13546 -365 2194 -1170
-4721 9356 13229 964 3295 -436
-4645 9125 13734 289 3190 453
-4340 9312 14252 -4228 2723 925
-4324 9197 14553 -8319 2083 687
-4244 8373 14617 -9323 1808 -179
-4365 7048 14440 -7632 2432 -1048
-4313 6194 14801 -4862 3360 -1453
-4905 6076 15229 -2900 3915 -1321
-5101 6046 15724 -918 3577 -564
-5100 6394 16128 683 2730 63
-5221 6913 16342 1400 1988 345
-5198 6769 16546 2835 889 -3
-5360 7533 16584 3343 487 -566
-5002 7209 16376 4139 271 -902
-5061 7322 16506 4160 -553 -1244
-4813 7492 16049 3374 -1118 -1083
-4337 7698 15790 2188 -1432 -723
-4106 7434 15717 1369 -1920 -497
-3574 7497 15321 807 -2027 -18
-3376 7256 14888 1277 -1969 308
-3337 7585 14533 2316 -1277 727
-3721 8514 14624 2051 -686 1010
-4313 8957 14917 624 -88 704
-4796 9632 14914 -1503 410 426
-5582 9395 14464 -2877 628 166
-5581 9382 13954 -2879 625 858
-5190 9285 13814 -2965 412 1898
-4722 8301 14617 -5271 -448 2146
-4201 8920 15606 -9151 -1547 1903
-4113 8624 15457 -10417 -1819 1451
-3602 6462 15458 -9316 -1311 576
-3798 5449 16177 -7864 -103 -548
-4178 5362 16380 -6299 1240 -1227
-4484 4896 16393 -3480 2775 -1229
-4328 4684 16686 -588 3325 -772
-4360 4822 16825 1716 3070 -361
-4572 5149 16705 4215 2669 -586
-4612 6120 16781 5584 2146 -761
-4536 6906 16812 5488 1294 -681
-4589 7538 16604 4667 378 -646
-4610 7982 16549 3357 -526 -645
-4833 7812 16724 2178 -1768 -791
-4869 7364 16572 1457 -2623 -974
-4549 7052 16616 1051 -3199 -1056
-4253 6730 16276 658 -3427 -1029
-3762 6506 15813 1319 -3246 -379
-3209 6696 15489 3004 -2785 1465
-3544 7174 15086 4665 -1588 3128
-4193 7189 15313 5077 -1912 3589
-4477 8340 14269 3901 -987 4148
-5166 9542 13252 5562 -10 4511
-5020 10468 12976 7757 -20 5374
-3821 11509 13834 4161 -20 5891
-3946 12614 14309 -4308 -248 5406
-4204 11872 14917 -12898 -683 3821
-2944 10434 15380 -17974 -2113 2588
-2385 7544 14745 -18609 -2395 1471
-2005 5094 14253 -15512 -1159 232
-1429 3285 14514 -10503 774 -644
-1474 3482 15240 -5845 2508 -796
-2133 3429 15685 -1114 3560 -1129
-2272 3537 16034 3060 4053 -1394
-2577 4085 16576 5895 3394 -1295
-2954 5128 16948 6221 2654 -1236
-3168 6066 16132 4615 3114 -1475
-2817 6149 15216 4066 3890 -1445
-2865 6706 14813 3900 4490 -1032
-3425 7662 14068 3870 5375 -831
-4082 7737 15105 3090 4153 -1399
-4536 10080 14828 -1027 3068 -1573
-4652 9562 14924 -4565 1836 -1914
-4441 8569 14809 -7022 705 -2140
-4889 7849 14938 -8404 87 -2144
-4989 6840 15025 -8414 -118 -1909
-4522 5688 15113 -6933 -129 -1704
-4496 4848 15261 -4683 426 -1366
-4582 4558 15532 -2290 1192 -982
-4666 4964 15818 -526 2225 -685
-4728 5422 16012 524 3062 -523
-4770 5757 16072 1101 3604 -585
-4948 6221 16030 1249 3771 -729
-4866 6298 15766 1177 3707 -950
-4934 6362 15713 938 3614 -1197
-5304 6869 15765 364 3571 -1493
-5666 7264 16024 -755 3351 -1825
-5846 7177 16073 -1819 2921 -1982
-5992 6793 15994 -2323 2426 -2065
-6042 6446 15833 -2059 2182 -2032
-6170 6256 15897 -1413 2123 -1905
-5960 6236 15777 -682 2049 -1734
-5916 6156 15782 -79 1826 -1512
-6052 6290 15820 461 1635 -1190
-6204 6625 15836 889 1522 -951
-6498 7072 16000 1007 1427 -806
-6618 7153 16102 919 1315 -667
-6606 7054 15981 825 1254 -579
-6602 6876 15856 1077 1388 -559
-6564 7048 15801 1051 1597 -442
-6542 6834 15637 1008 1783 -431
-6808 6877 15736 1239 1989 -416
-7012 7066 15862 1283 2204 -382
-6860 6881 15758 1159 2177 -427
-6690 6494 15601 1258 2030 -358
-6845 6261 15429 2433 1832 -413
-6628 6734 15369 3449 1642 -294
-6656 6372 15400 4140 1643 -413
-6605 5976 15156 4873 1663 -567
-6141 5729 14924 5120 1548 -354
-6350 6630 15037 5068 1660 -156
-6473 6492 14992 4954 1594 -153
-6702 6633 14984 5407 1251 -566
-6653 7201 14993 4876 1281 -781
-6940 7212 15066 3891 1481 -764
-6757 7510 15128 3127 1458 -954
-6780 7492 14969 2185 1214 -945
-6852 7152 14861 1577 909 -766
-6738 6686 14646 1677 478 -544
-6549 6841 14602 1824 169 -368
-6588 6850 14541 2052 -94 -268
-6529 7069 14505 2094 -348 -131
-6365 7366 14413 1861 -508 -155
-6194 7905 14348 1261 -696 -377
-5902 8042 14154 356 -836 -602
-5713 8015 14011 -380 -893 -724
-5321 7808 13773 -781 -870 -826