-15779 5914 -4360 1516 -229 1308
-15714 5940 -4372 1070 -260 1154
-15608 5985 -4457 731 -197 1023
-15528 5970 -4460 290 -126 844
-15528 5878 -4424 -43 -104 701
-15523 5740 -4548 -169 -34 560
-15578 5634 -4494 -194 66 426
-15490 5636 -4532 -198 135 358
-15606 5532 -4629 -250 192 236
-15565 5448 -4689 -375 232 177
-15557 5444 -4769 -450 232 142
-15536 5535 -4865 -601 235 112
-15516 5656 -4894 -915 203 124
-15545 5828 -4784 -1459 145 208
-15606 5722 -4758 -2009 8 350
-15777 5380 -4717 -2203 -287 503
-15442 5293 -4216 -1801 -319 654
-15420 4509 -3796 -1350 -428 1147
-15644 3843 -3536 -587 -464 1696
-16017 3096 -3047 831 -570 2125
-16440 2625 -2334 2972 -387 2241
-16986 2466 -1712 5099 -303 2229
-17922 2956 -703 7238 282 2058
-18796 3726 420 8342 471 1758
-19402 3963 660 8928 449 1494
-20225 3988 1056 10185 543 1212
-20936 5432 1242 10787 259 1064
-21613 6412 1324 10575 -321 549
-21860 7664 1068 9223 -1051 202
-22258 8449 816 7580 -2086 -39
-22433 8869 732 6113 -3500 -369
-22402 8785 838 4557 -5326 -450
-22262 8836 644 3282 -7246 -344
-22109 9103 -12 2358 -9649 -195
-22018 9698 -448 1575 -12348 172
-21950 10294 -758 1122 -14130 542
-22172 11128 -966 509 -16396 1179
-23138 13366 -1320 -718 -19227 1640
-24052 15393 -1604 -3306 -21185 1238
-24170 16514 -1896 -6464 -22689 511
-24568 16874 -2146 -9975 -23924 -337
-24713 16846 -2354 -13619 -25388 -1097
-24997 16446 -2481 -16545 -26688 -1697
-25224 15872 -2318 -18307 -27432 -1957
-25659 15253 -2197 -19579 -27681 -1642
-25901 14260 -1985 -20022 -27703 -672
-25844 13049 -2022 -19449 -27974 421
-25692 11970 -1878 -18012 -28434 1925
-25541 11350 -1736 -16050 -28899 3670
-25170 10716 -1512 -13696 -29562 5692
-24262 10026 -1394 -10922 -30496 8068
-23150 9140 -1456 -8005 -31214 11197
-22338 8464 -1069 -5338 -31806 14392
-20896 7762 -804 -2780 -31603 17776
-19724 7508 -1228 290 -30792 20364
-18162 7588 -1346 3050 -28478 22125
-17370 8596 -402 3767 -25157 23160
-16822 10286 1004 545 -22924 23054
-16552 11809 2444 -7986 -23099 21758
-15217 9736 2232 -16914 -24588 19439
-12526 6302 1662 -17397 -24867 18523
-10837 5292 2278 -16018 -23588 18554
-9247 3803 3185 -13890 -21831 18884
-8019 2520 4035 -10118 -19634 19359
-7016 2694 5216 -7365 -18708 20355
-6286 2838 5734 -5108 -18157 21754
-5450 2888 6024 -3288 -17342 22592
-4396 3526 6360 -2621 -16629 22738
-3288 4162 6574 -2540 -16211 22817
-2767 5009 7408 -3319 -16060 22692
-3197 6002 8014 -5452 -15553 21541
-2984 6258 8204 -7738 -15716 20374
-2757 5420 8442 -10604 -15483 17853
-2380 3777 8121 -11057 -14149 14779
-1305 1960 8172 -9186 -12429 13265
-94 1270 8494 -6908 -9994 13583
131 1382 9407 -3275 -5386 14053
357 1649 9758 238 -269 13815
-130 2464 10136 1480 3751 12669
-62 3352 9854 1763 6724 11500
1124 3128 8963 2527 10864 9565
1294 4154 9884 2360 12265 8811
-1364 4989 10787 1167 11818 8241
-4204 5502 11969 1196 11024 8356
-5513 6253 13288 -192 10364 8360
-5558 5752 13586 -2486 9976 7259
-4110 4587 13769 -6170 11091 5343
-2557 3178 14329 -10257 12751 3002
-3723 2756 17520 -11881 11844 1175
-5886 1410 18597 -6861 9210 -108
-6570 1162 18658 -1698 8836 0
-6546 1965 18567 2238 9689 473
-6078 3337 18534 4258 11174 864
-5604 4130 18818 5012 11533 441
-5944 5381 18736 4043 9190 -397
-6049 6976 18449 3102 6733 -1137
-5824 7100 18393 2432 4839 -1710
-5793 7258 18333 1518 2905 -2251
-5682 7054 17980 952 1194 -2911
-5354 6756 17827 397 -905 -3005
-5213 6564 17548 -289 -3405 -2667
-4528 6428 16921 -52 -4808 -1760
-4520 6797 16761 560 -5538 -844
-4368 7494 15902 1289 -4653 -62
-4349 8353 15476 1673 -2781 396
-4575 8880 15261 1000 -928 -264
-4650 10276 15285 -1560 225 -867
-4876 9957 15256 -3076 735 -1287
-4912 9262 14170 -3271 1400 -1516
-4338 8904 13524 -2262 1861 -1027
-4125 8752 14076 -3261 1779 -645
-4208 8468 14113 -6025 1016 -394
-4374 7934 13866 -7299 1073 -432
-3856 7217 14002 -7502 1837 -181
-3941 6354 14850 -5996 2516 300
-5041 5506 15120 -3284 2627 114
-5176 5214 15548 -719 1970 -197
-4961 6060 15710 616 1920 101
-4977 5672 15630 2146 2405 -275
-4677 6214 15860 3720 2328 -627
-4916 6520 15692 4428 2059 -873
-4948 7627 15829 4153 1316 -1068
-4897 8092 16057 2836 93 -1422
-5038 7766 16233 1888 -1164 -2018
-5126 7750 16416 684 -2242 -2514
-4604 7648 15932 123 -2594 -2245
-3900 6679 15184 732 -2029 -1436
-3305 6972 14230 2038 493 -242
-3338 7080 14172 2983 2251 116
-4200 9252 14613 1855 2940 435
-4802 9773 14958 395 2945 262
-5160 10053 14125 -550 3396 230
-5522 10128 13504 -70 3645 850
-4352 10069 13560 -2092 5762 1427
-3720 9717 14108 -5977 8225 867
-5249 8964 16213 -9134 8664 -248
-4740 7042 15397 -9319 7874 174
-5575 5570 16544 -8238 7002 -265
-6297 4362 16657 -4241 5326 -1585
-6449 4541 17078 -816 4085 -1988
-6252 4628 17182 772 2927 -1877
-6172 4684 16997 2128 1656 -1730
-5539 4816 15955 3405 134 -972
-4857 5153 15308 3444 -1207 -327
-4656 5989 14544 2072 -1736 -126
-4515 6217 13396 1199 -471 -391
-5373 6896 13193 546 1300 -1410
-6325 7650 13321 -645 2796 -2368
-6574 7551 13543 -1218 3924 -3053
-7005 7820 14054 -2579 3381 -2646
-6607 7534 14036 -3772 2898 -2069
-6596 6502 14402 -5246 2026 -1775
-6406 5494 14672 -5202 1565 -1610
-6200 4726 14850 -3698 1863 -1196
-6109 4598 15103 -1697 2135 -474
-6056 4903 15103 -291 2560 -144
-6063 5528 15116 238 3039 -176
-6268 5760 15154 363 3577 -621
-6980 6349 15320 56 4194 -1270
-7098 6226 15304 -452 4468 -1777
-7301 6148 15242 -599 4496 -1934
-7695 6006 15084 -497 4489 -1880
-8622 6316 15145 -277 4144 -1788
-8744 6354 15165 -265 3396 -1780
-8703 6371 15099 -134 2693 -1532
-8656 6424 15068 92 2154 -1205
-8272 6403 14776 276 1603 -772
-7898 6310 14564 380 1250 -306
-8267 6405 14431 618 1432 -43
-8868 6826 14594 642 1900 20
-9444 7112 14886 349 2212 -43
-9496 7126 14894 -9 2296 -163
-9252 6980 14859 -420 2263 -223
-8849 6622 14549 -646 1968 -33
-8658 6298 14267 -553 1668 282
-8889 6324 14190 -422 1462 599
-9103 6293 14368 -463 1115 791
-9252 6220 14321 -416 871 959
-9425 6234 14368 -298 885 1039
-9536 6312 14402 -241 927 1013
-9501 6302 14472 -384 836 920
-9300 6190 14364 -497 737 828
-9043 5895 14181 -389 864 751
-8774 5344 13974 -54 1228 556
-8141 4636 13464 343 2129 962
-8197 4836 13530 861 3883 1265
-8288 5654 13574 844 5073 326
-8704 6086 13749 550 5762 -1073
-9086 6450 13826 -235 6034 -1986
-9144 6545 13574 -1044 6075 -2608
-9242 6416 13360 -1557 5944 -2681
-9291 5813 13309 -1859 5323 -2517
-9436 5377 13280 -1643 4423 -2219
-9352 5120 13276 -1000 3740 -1659
-9376 4920 13273 50 3296 -762
-9516 5090 13350 1035 3048 85
-9450 5409 13464 1569 2705 408
-9288 5632 13364 1760 2312 421
-9075 6057 13370 1590 1865 213
-8850 6468 13194 1013 1414 -172