-10072 4681 13104 959 942 394
-10209 4734 13045 850 951 274
-10380 4765 13078 614 850 98
-10552 4902 13084 290 638 -81
-10684 4997 12989 -30 370 -232
-10781 4993 12860 -324 196 -335
-10804 4998 12802 -573 29 -373
-10732 4880 12698 -757 -29 -352
-10625 4842 12712 -883 -16 -264
-10446 4726 12706 -999 82 -216
-10321 4833 12629 -1076 173 -242
-10280 4968 12674 -1129 389 -350
-10516 5344 12960 -1224 523 -561
-10677 5393 13109 -1194 647 -682
-10729 5280 13250 -899 894 -804
-10676 5182 13302 -547 1174 -896
-10598 4982 13360 -382 1260 -804
-10469 4738 13308 -347 1241 -713
-10274 4552 13190 -449 1320 -598
-10418 4493 13017 -749 1241 -308
-10372 4221 12868 -1202 803 -142
-10252 3860 12732 -1446 408 -72
-10064 3565 12845 -1607 313 -168
-10045 3366 12914 -1502 351 -294
-10021 3408 13038 -1169 431 -435
-10049 3708 13192 -788 570 -570
-10232 3965 13398 -564 773 -729
-10424 4181 13652 -229 1051 -944
-10778 4217 14062 379 1604 -1191
-10705 4084 14413 1669 2183 -1767
-10648 4737 14642 3055 2046 -2387
-10645 4741 14521 4115 1619 -2707
-11037 5177 14757 4638 1265 -2802
-11081 5294 15854 4447 1400 -2303
-11116 4216 16702 6802 3049 -2654
-11832 4538 17257 10647 4286 -3714
-13818 5396 17733 13683 4484 -7655
-16369 7717 18866 15015 2359 -11161
-16577 8337 20160 12826 886 -12747
-16714 9556 21614 6449 388 -13356
-15630 9418 22444 1583 1833 -10761
-16098 11240 23436 -2553 2680 -7264
-18366 9657 23808 -6072 547 -3717
-17853 6156 23257 -5992 -1288 -484
-17174 4774 22173 -3034 -3107 2009
-16981 4636 20962 191 -5264 4741
-17410 4652 20197 2812 -8106 6630
-17258 4274 19237 5135 -10537 7674
-16757 4128 18424 7269 -12287 8461
-16474 4548 17709 8172 -13685 8904
-16230 5040 17002 7500 -15048 9153
-15440 4993 16152 6303 -16550 9181
-14208 4598 15284 5105 -17784 9252
-12806 4188 14152 4286 -18828 9486
-11533 3657 13078 3699 -19277 9611
-10412 3338 11941 3564 -19478 9485
-9296 2913 10840 4057 -19334 9364
-8250 2797 9724 4985 -18830 9341
-7153 3046 8876 5718 -18329 9256
-6161 3500 8241 6338 -17785 9183
-5238 4130 7552 6815 -17279 9189
-4441 4373 7182 6962 -16638 9035
-3814 4756 6873 6550 -15905 8967
-3336 5033 7037 5750 -15342 8825
-2696 5322 6733 4816 -14553 8641
-1945 5721 6509 3255 -13747 8267
-1309 6056 6402 1713 -12772 7640
-902 6093 6232 856 -11413 6429
-465 5952 6377 902 -9804 4456
368 5985 7201 951 -8277 2820
933 6010 7526 1349 -6339 1847
1669 5841 8196 2393 -3929 1335
1918 6049 8690 3165 -787 679
1704 6556 9074 3247 2636 -293
1617 7042 9316 2711 6224 -970
1002 7625 9470 1972 9270 -1469
392 7858 9729 1406 10756 -1728
-585 7630 10145 1513 10874 -1878
-1337 7430 10410 1814 10154 -2089
-2270 7953 11018 1727 8339 -1979
-3612 8842 11520 1083 5968 -1692
-4765 9484 11901 158 3505 -1528
-5865 9909 12393 -549 672 -1391
-5900 9826 12362 -1763 -704 -1323
-6113 9556 12197 -2700 -835 -1167
-5313 9660 12084 -3533 -829 -811
-4270 10022 12521 -5198 -1303 -424
-3866 10569 13133 -7163 -2433 -461
-3766 9880 13566 -9124 -3584 -813
-3708 9586 13857 -11657 -4625 -626
-4221 8700 14190 -14215 -5726 -296
-4268 7129 14733 -15375 -7690 55
-3244 5449 15148 -13503 -8590 406
-2136 4012 15578 -9934 -8888 268
-593 3809 15644 -5779 -7655 652
-229 4772 15758 -1834 -4695 1436
-380 6217 16130 629 -1747 2252
-584 7224 16780 1257 441 2592
-1573 7854 17350 529 1476 2192
-2380 7984 17653 -655 1957 829
-2933 8590 17746 -2182 2617 -399
-3426 8453 17672 -3821 3570 -1641
-3428 7184 17594 -3976 4089 -2571
-2826 6234 17278 -2232 4937 -2273
-3258 6076 17022 -56 5532 -1431
-3734 6521 17188 1060 4846 -741
-3649 6552 17160 1330 4060 -503
-3598 6417 17284 1648 3490 -418
-3594 6793 17074 2071 3123 -224
-3709 7356 16922 1578 2749 -124
-4149 7909 16768 868 2258 -140
-4342 8129 16654 38 1974 -17
-4533 7909 16448 -678 1862 237
-4420 7425 16274 -1047 1689 309
-4026 6965 15992 -1156 1754 96
-3766 6769 15697 -536 1614 -277
-3575 7089 15781 -975 1264 -340
-4290 7391 16554 -2100 -290 -164
-4208 7722 16858 -3374 -1939 51
-3627 7421 17125 -4722 -3650 -59
-2537 6486 16874 -4674 -3741 -470
-2042 5888 16361 -3673 -2582 -791
-1782 5693 15521 -2376 -647 -602
-2273 5740 15020 -1944 1200 -458
-3201 5377 14964 -1169 2471 -141
-3102 5069 15406 9 2588 -66
-2713 5324 15946 1178 2274 87
-3188 6509 16546 1834 1675 548
-3754 6784 17069 1834 607 209
-3461 6618 17208 1317 -105 88
-3606 7609 17081 156 -592 -132
-3244 6644 16924 -415 -734 -271
-2725 6450 16486 -189 -277 -419
-2586 6500 16102 -97 216 -698
-2297 6462 15766 453 1102 -685
-2301 6526 15476 938 2073 -594
-2642 6617 15518 1152 2803 -554
-3246 7001 15588 989 3084 -587
-3516 7174 15582 476 3106 -853
-3921 7390 15614 -68 2682 -832
-3749 7333 15534 -917 2301 -1025
-4352 7373 15591 -1817 921 -1032
-4247 7669 15518 -3374 -340 -967
-3949 7337 15679 -4680 -1169 -1053
-3449 6697 15890 -5269 -1551 -1317
-3157 6302 15878 -5297 -1601 -1528
-2815 6148 15672 -4959 -1641 -1619
-2534 6317 15432 -4440 -1641 -1438
-2385 6418 15534 -3945 -1401 -1167
-2432 6422 15672 -3667 -1173 -1019
-2378 6261 15598 -3297 -530 -812
-2646 5838 15701 -2859 465 -645
-3089 5656 15682 -2268 1176 -500
-3676 5494 15753 -1638 1688 -740
-4108 5588 15956 -1366 1878 -791
-4732 5880 16179 -1567 1686 -898
-5216 6006 16564 -2419 1008 -952
-5258 5753 16868 -3074 451 -944
-5017 5449 17060 -3477 12 -841
-4702 4954 17070 -3550 -144 -745
-4296 4377 17085 -3157 -285 -632
-3950 3924 16872 -2474 -325 -362
-3849 3696 16685 -1856 -266 -280
-3947 3823 16667 -1456 -69 -273
-3833 3844 16541 -1353 284 -273
-3749 3956 16385 -1366 585 -284
-3769 3988 16325 -1447 752 -327
-3708 4122 16174 -1660 841 -370
-3573 4167 16030 -1965 695 -347
-3400 4069 16080 -2161 638 -300
-3306 4056 16062 -2237 584 -329
-3166 4098 15965 -2414 524 -369
-3028 4137 15805 -2717 388 -428
-2977 4054 15777 -3000 427 -481
-3016 4038 15920 -3259 540 -666
-3200 4206 16084 -3480 541 -933
-3305 4274 16034 -3889 400 -1207
-3301 4363 16030 -4560 94 -1496
-3324 4196 16078 -5035 -84 -1724
-3314 4013 16215 -5210 -172 -1868
-3425 3844 16348 -5232 -74 -1863
-3384 3551 16505 -4861 90 -1832
-3260 3452 16686 -4250 357 -1741
-2963 3733 16695 -3548 788 -1786
-2880 3910 16837 -3000 1258 -1855
-3098 3925 17048 -2693 1733 -1909
-3482 3929 17254 -2627 1980 -1935
-3928 3812 17420 -2811 1878 -1874
-4180 3228 17145 -2692 1381 -1763
-4188 2749 17082 -2389 523 -1572
-3695 1719 17042 -1236 689 -1077
-3988 1869 16870 -122 617 -769
-4377 2247 16591 286 115 -636
-4418 2373 16349 235 -322 -501
-4558 2450 16252 -33 -689 -365
-4473 2440 16253 -414 -956 -357
-4322 2373 16344 -794 -1061 -291
-4176 2380 16356 -966 -1007 -240
-3969 2320 16364 -1000 -816 -251
-3894 2400 16396 -773 -513 -227