-15140 12241 -3022 6553 1364 -6121
-15088 12108 -3093 6078 1422 -6057
-15110 11982 -3138 5620 1425 -5943
-15174 11858 -3240 5323 1434 -5828
-15264 11782 -3180 5082 1488 -5660
-15361 11797 -3188 4815 1664 -5439
-15534 11750 -3061 4425 1871 -5201
-15544 11764 -2873 3862 2114 -4913
-15614 11661 -2780 3258 2304 -4628
-15616 11494 -2785 2592 2368 -4310
-15658 11266 -2874 2007 2343 -3962
-15665 11213 -2832 1427 2245 -3583
-15718 10989 -2841 826 2090 -3197
-15774 10885 -2769 224 1850 -2860
-15860 10721 -2677 -462 1655 -2475
-15928 10537 -2570 -1203 1461 -2168
-15964 10408 -2484 -2086 1164 -1809
-15965 10094 -2472 -2757 884 -1539
-15989 9828 -2382 -3376 572 -1245
-15965 9493 -2284 -3837 308 -890
-15990 9188 -2304 -4149 30 -451
-15993 8866 -2190 -4385 -269 -54
-15946 8530 -2192 -4478 -683 386
-15917 8246 -2313 -4458 -1165 817
-15926 7924 -2410 -4240 -1768 1265
-16046 7696 -2581 -3853 -2408 1764
-16160 7297 -2612 -3355 -2975 2298
-16250 7298 -2649 -2749 -3511 2763
-16361 7198 -2776 -2122 -3962 3160
-16440 7145 -2665 -1521 -4335 3506
-16440 7297 -2737 -972 -4703 3749
-16376 7384 -2613 -559 -4885 3893
-16189 7577 -2518 -280 -4976 3959
-16058 7609 -2522 -231 -4939 3938
-15798 7721 -2496 -304 -4766 3843
-15729 7730 -2242 -548 -4398 3791
-15538 7697 -2109 -831 -4008 3690
-15368 7456 -1901 -1120 -3476 3523
-15365 7412 -1845 -1266 -2886 3326
-15212 7446 -1912 -1415 -2397 3030
-15174 7221 -1774 -1452 -1922 2698
-15118 7201 -1838 -1129 -1454 2416
-15268 7369 -1797 -463 -969 1944
-15392 7484 -1706 439 -302 1412
-15513 7745 -1473 1306 512 880
-15396 8210 -1105 1927 1485 362
-15328 8538 -861 2295 2437 -163
-15270 9245 -645 2755 3354 -704
-15434 9976 -304 3150 4171 -1496
-15510 11257 -81 2901 4922 -2579
-15336 12069 29 1896 5524 -3611
-15352 12972 6 551 5991 -4669
-15480 13496 -92 -1086 6408 -5528
-15561 14173 0 -2604 6762 -6101
-15813 15034 37 -4092 7209 -6578
-16221 15638 93 -5636 7719 -7043
-16233 16178 234 -7113 8243 -7463
-16212 16494 57 -8651 8658 -7702
-16357 16778 -172 -10140 8817 -7732
-16464 17098 -440 -11474 8647 -7378
-16753 17156 -754 -12232 8182 -6697
-17286 17373 -970 -12651 7666 -5746
-17950 17680 -1204 -13127 6898 -4610
-18697 18472 -1437 -13816 5863 -3413
-19245 18869 -1974 -14999 4304 -2279
-19816 19397 -2265 -16763 2183 -1107
-20572 20185 -2712 -18986 -297 -2
-21320 20614 -3197 -21400 -3236 1076
-21997 21038 -3626 -23621 -6584 2216
-22917 21344 -4154 -25238 -10006 3710
-23966 21881 -4664 -26348 -13366 5274
-24998 22093 -4946 -27028 -16414 7091
-25597 21672 -5100 -27409 -19267 9148
-25773 20909 -5285 -27543 -21871 11456
-26093 20228 -5405 -27433 -23989 14023
-26802 20273 -5314 -27176 -25255 16850
-26708 20041 -5130 -27213 -25594 19331
-26333 19237 -5034 -27355 -25309 21882
-26029 18392 -4977 -27189 -24680 24245
-25350 17553 -4902 -27075 -23537 26599
-24548 17276 -4754 -27226 -21932 28648
-23257 16244 -5109 -27646 -20776 29943
-20906 15004 -5545 -26930 -19853 30976
-19480 13936 -5964 -26771 -19073 31618
-18166 13964 -6201 -26735 -18104 31824
-17322 13704 -5554 -28408 -17294 30993
-16433 13178 -4590 -31899 -16802 29465
-15945 12662 -3857 -32768 -16390 27507
-15040 11236 -3397 -32768 -16295 25947
-13577 8846 -3298 -32768 -16289 25465
-11958 5553 -4285 -32768 -15981 25766
-9942 1936 -5576 -27856 -14085 26384
-7264 442 -4580 -17737 -11406 27838
-5582 1710 -1541 -13659 -9126 29472
-5745 4040 1557 -14858 -8392 29725
-6077 5417 4378 -19122 -9668 29052
-6552 3469 5300 -20938 -11870 27798
-5846 2022 5206 -19650 -13893 27240
-5820 700 5189 -14560 -13690 25336
-4969 1670 7502 -6962 -12806 22680
-4957 1557 7285 2288 -10383 20001
-4808 3049 9338 6023 -7017 16797
-4753 2841 9849 1834 -4082 14045
-616 -1100 7545 -288 2421 12343
2058 -1285 6225 1311 8006 14042
2010 2645 5665 3300 9859 16653
-1582 5488 5948 5765 8268 17959
-4218 7962 7121 6593 6281 16938
-6066 11473 9732 -299 4449 13950
-5416 13906 12662 -10695 2681 10119
-4454 11058 14266 -16975 2969 7221
-2656 8073 13593 -20318 6653 5798
-2844 4849 12929 -19939 12042 4840
-2630 3541 13754 -20238 16005 4331
-2806 3620 14081 -19068 18077 3297
-3320 4164 14952 -16715 17976 3027
-3510 3728 15596 -11894 16591 3783
-5289 3584 16472 -6490 15053 4637
-6732 3822 18436 -2543 10889 4646
-7122 4538 17857 606 8873 3754
-6762 4494 18028 3838 7023 3835
-7078 5821 17789 4302 4659 3545
-6758 6482 17404 1978 2680 3331
-5309 6576 16269 117 1489 3708
-4021 6129 15344 1112 258 4982
-3831 6665 14128 3925 -404 6806
-4991 9314 12804 5152 675 8295
-6375 10728 13358 3783 523 7509
-5997 11964 15100 -1955 -463 5629
-5273 12022 16281 -13648 -186 3606
-2958 8738 15450 -25070 1278 2319
-1586 4170 15336 -24997 1844 3046
-1295 2229 16698 -18344 2556 3827
-3298 1757 18656 -8824 1980 3097
-3748 1558 19442 -2285 982 2026
-3414 1808 19388 3573 1736 2008
-2688 1525 18694 7545 1495 2164
-1958 2117 18048 8443 1620 1838
-602 3361 16308 5646 3272 1878
1633 3088 13877 5192 6090 2906
1157 4732 11974 7298 9508 5012
-2393 7018 13209 7360 9164 3991
-5001 11588 15781 -752 6545 2280
-7042 12293 16508 -10400 3817 385
-6768 10273 16510 -18791 681 -960
-5805 7378 15657 -22449 -1311 -1541
-5664 4714 14925 -21544 -996 -1589
-4457 2844 14290 -18551 360 -495
-3372 1254 13962 -14871 2360 1419
-3614 266 14404 -10321 4901 3088
-4121 638 14912 -6577 7114 4111
-4284 1214 15304 -3978 8253 4379
-4713 2154 15725 -2322 8713 4165
-4830 3260 15904 -1837 8676 3737
-5056 3550 15988 -1870 7997 3084
-5157 3529 16030 -2434 7066 2572
-5218 3454 16000 -3157 6274 2060
-5488 3637 16273 -4003 6073 1590
-5934 3908 16449 -5102 5984 982
-6268 3434 16540 -5811 5930 463
-6442 3046 16685 -5893 6125 203
-6537 2521 16576 -5392 6409 -13
-6598 1896 16566 -4264 6595 -87
-6781 1482 16258 -2830 6453 35
-6833 1180 16168 -1194 6031 169
-6893 1461 16085 126 5532 432
-7288 2061 16124 779 5094 575
-7645 2565 16150 751 4596 551
-7888 3074 16241 278 3929 311
-7984 3153 16230 -331 3231 85
-7860 3134 16158 -786 2654 -1
-7737 3080 16069 -916 2298 -81
-7594 3037 15917 -868 1995 -186
-7313 2808 15861 -777 1783 -116
-7234 2649 15696 -508 1744 94
-7109 2577 15564 -113 1661 394
-6968 2389 15548 442 1461 713
-6886 2669 15565 774 1289 1001
-6870 2985 15713 746 1132 1164
-6818 2970 15653 568 1035 1283
-6790 2938 15722 430 1027 1383
-6730 2914 15810 273 1069 1402
-6822 2905 15869 62 1109 1339
-6837 2764 15880 -210 1150 1268
-7008 2657 15874 -435 1233 1210
-6990 2608 15970 -712 1248 1113
-6914 2540 16033 -939 1242 1029
-6950 2554 15993 -1079 1235 934
-6973 2434 15926 -1053 1261 788
-6854 2077 15682 -951 1046 656
-6994 1872 15538 -679 830 687
-6965 1921 15516 -384 772 817
-7040 2029 15546 -194 654 724
-7126 2296 15698 -155 584 606
-7189 2568 15710 -303 521 457
-7122 2638 15546 -528 376 361
-7057 2734 15250 -861 41 267
-7058 3197 15210 -1351 -251 60
-6881 3605 15153 -2115 -658 -260
-6669 3298 14900 -2703 -1140 -427