-15482 7687 -2667 -679 599 -143
-15505 7792 -2638 -649 635 -138
-15526 7884 -2577 -670 724 -153
-15577 7850 -2534 -685 721 -189
-15562 7853 -2561 -719 730 -209
-15664 7876 -2505 -801 717 -239
-15620 7928 -2552 -915 721 -259
-15637 7934 -2533 -1069 715 -285
-15637 7861 -2604 -1246 689 -302
-15696 7785 -2709 -1366 635 -327
-15709 7681 -2752 -1442 601 -335
-15658 7568 -2770 -1455 445 -310
-15714 7537 -2745 -1430 343 -266
-15774 7484 -2841 -1354 258 -203
-15793 7365 -2850 -1234 58 -161
-15882 7368 -2804 -1115 -111 -71
-15852 7272 -2770 -910 -279 -20
-15898 7250 -2753 -739 -465 82
-15898 7200 -2724 -588 -743 146
-15952 7074 -2801 -485 -983 171
-15989 7050 -2825 -354 -1284 172
-16245 6897 -2913 -137 -1825 5
-16156 7009 -2720 311 -2501 -484
-16232 6882 -2720 799 -3245 -1049
-15849 7084 -2398 1212 -3876 -1593
-15530 7240 -2118 851 -4249 -1806
-15442 7620 -1996 -78 -4227 -1995
-15309 7644 -1833 -909 -3589 -2382
-15457 8456 -1501 -1696 -2462 -2883
-15761 9070 -1182 -2858 -1445 -3682
-16108 9777 -728 -4089 -553 -4638
-16018 10481 -578 -4978 193 -5400
-15996 10552 -152 -5405 1227 -5820
-16245 10494 728 -5875 2020 -5925
-16528 10332 1684 -6637 2447 -5761
-16350 10524 2312 -7525 3175 -5318
-16804 11226 2958 -8544 3052 -4752
-17261 11853 3213 -9435 2566 -4411
-17470 12506 3004 -10247 2411 -4242
-17912 13504 2944 -11447 2156 -4224
-18182 14200 2452 -13141 2005 -4196
-18776 14350 2026 -15077 1548 -4078
-18970 14221 1816 -16306 1283 -3902
-19442 13986 2724 -16787 267 -3652
-20117 13994 3573 -17633 -1939 -3216
-20869 14044 4070 -18825 -4432 -2666
-21245 13130 3432 -18433 -7011 -1987
-21536 12222 3078 -16758 -8659 -1451
-21577 12214 2769 -15216 -10010 -587
-21958 12697 2551 -14789 -11584 480
-22462 12780 2538 -15626 -13616 1205
-23017 13070 2686 -17190 -15563 1548
-23180 12916 2786 -18670 -17773 1932
-23554 13033 2593 -20248 -19262 2215
-23645 11868 2253 -20941 -20610 2140
-23662 10897 2329 -20462 -21872 1912
-23681 10836 2628 -20022 -22846 1903
-23830 10753 2668 -19983 -22912 2078
-23874 9642 2145 -19377 -22421 2053
-23473 8713 1996 -18231 -21717 2053
-22870 8002 1740 -16839 -21160 2393
-21812 6533 1189 -14136 -20630 3200
-21156 5541 932 -10067 -19622 3938
-20762 5684 985 -6762 -18494 4795
-20374 6256 1138 -5642 -17512 5636
-19742 6720 1345 -5940 -17117 6305
-18325 6246 914 -6927 -17167 7141
-16697 5238 413 -6910 -17442 8110
-15746 4921 -8 -6409 -17671 9083
-14336 4617 -544 -5079 -17596 10126
-13138 4753 -248 -4243 -17010 10583
-12121 5601 -53 -5312 -16196 10976
-11322 5897 1018 -8414 -15187 10159
-10168 5397 1984 -12254 -15067 8811
-8753 3818 1974 -14739 -14554 7645
-6949 2956 1968 -16097 -11944 6334
-6376 1689 2666 -15812 -8049 4463
-6398 972 3860 -15276 -4571 2062
-6101 1062 5114 -14331 -2564 1070
-7552 938 6333 -11487 -2200 1537
-7964 -746 6656 -6961 -3254 3002
-7252 -996 7000 -1635 -4175 4405
-6510 -113 7676 2277 -4237 6012
-6670 470 8442 4912 -3830 6902
-7161 1274 8906 6806 -2577 6938
-8086 2997 10114 5914 -1399 6877
-9033 3840 11000 3067 -686 6459
-9356 4017 11300 946 -1058 6161
-9362 4536 11886 -709 -2090 5786
-9317 4358 11538 -2249 -3141 4694
-9280 4022 11248 -2785 -3511 3600
-9034 4142 11189 -3002 -4008 3076
-8125 3709 11041 -2781 -4128 3082
-7296 3496 10569 -1530 -3439 3896
-7701 3628 10069 1234 -2094 4933
-7998 4857 9708 4046 -736 6005
-8494 6962 10501 3363 -384 6215
-9376 7790 10917 -399 -1152 4382
-9766 9578 11936 -5811 760 2111
-10546 9612 12994 -13012 2002 -341
-9793 7592 12602 -17310 1854 -1326
-8253 5982 12382 -19257 2221 -1523
-7924 3929 12802 -18573 2193 -850
-8042 2400 13330 -15960 1975 232
-9324 414 13841 -11053 1207 54
-9309 1668 14326 -6140 304 370
-9894 2033 13626 -578 814 1374
-9452 2362 13653 6069 2099 1721
-9726 4257 13808 9623 3221 2040
-9686 5702 14200 9714 3300 1993
-9956 7140 14852 6686 1859 1466
-10112 6681 14814 3972 -523 754
-9709 6420 14209 2010 -1825 171
-8804 6220 13802 187 -2511 -9
-8097 5442 13216 -444 -2270 275
-7922 4765 12064 1313 -487 982
-7804 5341 10504 4790 2464 2135
-8528 6306 10238 6589 4118 2952
-8872 7604 9869 7506 4476 2783
-9982 8993 12058 2469 3761 591
-10797 12057 12938 -6840 2823 -1117
-11217 10526 13552 -14885 686 -2556
-10170 7592 13673 -17920 -1557 -3356
-9232 5472 14089 -16904 -1994 -2798
-9709 2728 14976 -13824 -1961 -2466
-10346 1942 15650 -10156 -2154 -1500
-10196 886 14742 -4594 -1699 205
-9005 826 13924 1962 148 2184
-8126 2784 13554 6748 2784 3552
-8170 3572 12992 9766 5061 4048
-8152 5192 13246 9926 6088 3946
-8661 7146 13820 6305 4863 3291
-8949 7334 13752 1447 2317 1812
-7846 6056 12450 -446 544 885
-7073 4422 10753 2538 991 1033
-7720 6134 11298 3000 2074 1091
-8516 7557 12226 -102 2373 446
-9130 7269 12365 -2895 2228 -39
-9302 6630 12142 -3938 2321 52
-9493 6514 12202 -4133 2575 380
-10002 6292 12414 -4360 2934 521
-10637 6220 12521 -4383 3221 550
-11441 5953 12770 -3343 3384 437
-11900 6061 13078 -2308 3427 379
-12114 6624 13486 -2453 3107 398
-12409 6482 13569 -2599 2602 351
-12348 6057 13488 -2093 2214 447
-12396 6096 13410 -1370 2134 705
-12344 6233 13477 -1000 2160 891
-12238 6300 13461 -929 2131 1033
-12013 6284 13409 -1012 2057 1128
-11698 6132 13221 -857 2009 1257
-11481 6113 13109 -599 2022 1342
-11206 6029 12972 -572 1990 1420
-11265 6064 12805 -705 1947 1256
-11389 6021 12842 -943 1870 1051
-11361 5904 12841 -1146 1753 666
-11426 5992 12805 -1478 1517 181
-11240 5981 12772 -2051 1122 -205
-11213 5721 12668 -2486 699 -437
-11164 5358 12470 -2662 329 -580
-11061 5014 12384 -2701 -37 -559
-11121 4704 12497 -2451 -51 -572
-11109 4676 12678 -2141 -36 -709
-11141 4853 12712 -1896 -10 -829
-11190 4662 12758 -1804 -142 -682
-11128 4482 12770 -1493 -323 -439
-10984 4497 12692 -1167 -469 -303
-10841 4650 12621 -946 -663 -306
-10888 5042 12724 -960 -847 -583
-10669 5154 12774 -1150 -1020 -844
-10428 4861 12664 -1214 -1054 -823
-10329 4664 12582 -1006 -712 -546
-10384 4730 12509 -673 -258 -213
-10406 4770 12472 -292 138 -27
-10346 4813 12408 -19 399 177
-10190 4952 12412 56 452 197
-10023 4992 12310 28 447 132
-10145 5110 12312 8 606 34
-10376 5440 12372 -168 867 -127
-10545 5702 12477 -498 1101 -368
-10517 5625 12560 -829 1300 -590
-10613 5550 12641 -1060 1711 -646
-10770 5498 12602 -1208 2055 -545
-10781 5333 12612 -1202 2200 -280
-10622 4922 12421 -920 2123 15
-10638 4657 12330 -453 2016 514
-10400 4369 12173 30 1664 826
-10320 4464 12165 490 1296 996
-10522 4908 12221 701 1071 1055
-10708 5216 12301 577 791 841
-10544 5404 12186 138 477 518
-10506 5570 12162 -447 341 202
-10468 5601 12116 -991 378 -70
-10202 5404 12037 -1353 406 -315
-9928 5197 11854 -1508 451 -518
-9796 5024 11668 -1472 730 -637
-9748 5004 11549 -1353 966 -600
-9761 4996 11521 -1147 1287 -547
-9776 4989 11461 -784 1662 -421