-22357 7378 -1030 -7599 -11473 1425
-22676 7940 -977 -6839 -14310 3614
-23185 8514 -913 -6912 -17077 5503
-23366 8896 -979 -7619 -19634 6972
-23526 9325 -1049 -9002 -22248 8025
-23388 9534 -1176 -10581 -24283 8528
-23376 9656 -1229 -11862 -25304 8459
-23233 9882 -1121 -12806 -26059 8074
-22249 9716 -1924 -12422 -26618 7886
-20590 8636 -2641 -9928 -26343 7559
-19338 7556 -2633 -7003 -25711 8120
-18570 8646 -1730 -5660 -25003 9019
-18370 9681 409 -8700 -25790 9285
-18580 11185 1773 -14707 -28437 9347
-18009 9541 1493 -17800 -30605 9040
-17196 7256 1389 -16371 -31539 8746
-16866 7154 1676 -13457 -31027 8671
-16722 7642 2390 -11504 -29622 8657
-16684 7702 2350 -9766 -27388 8825
-16294 7520 2841 -7724 -25117 9173
-15897 7820 3558 -6667 -23557 9833
-15728 8170 4329 -5916 -22424 10276
-15593 8168 5104 -5493 -22020 10502
-16054 8608 6042 -5697 -20673 10464
-16452 9004 6006 -6476 -19145 9779
-15825 8030 6681 -7013 -18237 8983
-15293 7520 6790 -7166 -17907 9036
-14181 6912 6538 -6741 -17091 9182
-12980 5800 6244 -6269 -16716 9686
-12209 5098 6049 -5958 -16203 9763
-11473 4610 6136 -5957 -15973 9620
-10469 4277 5636 -5872 -15245 9397
-9298 3758 5782 -5343 -14534 8899
-8645 4040 6165 -5514 -14225 8016
-7912 4086 6168 -6411 -13668 6453
-7004 4528 6980 -7827 -14047 4903
-6940 5610 7868 -12644 -14484 1421
-6100 5189 9025 -17262 -13099 -2620
-5909 3708 9862 -17688 -10962 -3214
-5876 2210 10904 -15937 -8406 -2753
-6134 496 11585 -11887 -6136 -1467
-5672 214 11276 -6631 -3968 592
-5022 400 10509 322 -476 2775
-5420 1282 10678 5988 2882 3306
-6420 4113 12133 5485 3391 2325
-7413 6612 12853 1773 2505 1283
-8464 6424 13525 -187 476 282
-9186 6626 14730 -2131 -1061 -293
-8218 7401 14488 -4750 -220 337
-7372 6038 13662 -6021 3454 -497
-6140 5158 13136 -7785 9111 -2149
-5212 3645 12176 -7226 13695 -3487
-4226 1854 11384 -5135 16285 -4929
-4369 2562 11049 -4682 17666 -6095
-6542 4608 12261 -8049 14413 -4806
-7442 3105 13045 -10038 8071 -2546
-6782 2064 13947 -6207 1271 179
-6880 1825 14133 -2013 -1894 1269
-8168 2292 14324 2018 -1188 -615
-7177 2488 14674 5442 -284 -1254
-6888 2526 14520 8125 463 -1155
-6706 3765 14769 9329 1352 -621
-6960 3929 14894 9370 1637 254
-7620 4524 15629 7637 164 498
-8160 5296 16176 3318 -3519 556
-7772 3510 15244 2062 -8255 196
-6392 3477 14073 3481 -10049 812
-5062 3601 14152 4451 -9432 2057
-4148 3296 13336 6134 -6995 2807
-5304 4676 11877 7475 -1166 3448
-6044 5066 9130 12453 6788 4145
-7356 9293 10617 11822 7964 3331
-9254 13310 14352 4276 3148 2144
-9853 13389 15265 -8610 2025 -1249
-8509 11525 13472 -20703 1417 -3200
-5922 5865 12226 -21157 -218 -1973
-6126 3294 12754 -18901 -16 -1452
-6330 2466 14245 -15886 1408 304
-7790 1024 15672 -11332 2558 2406
-8746 -566 15694 -4498 3617 2134
-8468 221 15965 2862 4385 1405
-8912 2997 16153 6938 4273 1420
-8680 4358 15956 9159 3440 1438
-8630 5560 15909 9021 1771 1258
-8145 5454 15608 8572 -78 921
-8233 5625 15954 7549 -2881 359
-7970 5706 15528 5695 -5278 8
-7372 4876 14796 4042 -6052 -247
-6221 4581 14196 2841 -5779 58
-5896 3794 14324 2267 -3712 222
-5945 3810 12494 4286 97 828
-6253 5110 11476 7757 3996 2438
-7310 7354 11266 8928 7260 3210
-9208 9366 12781 5510 5953 1803
-9737 10837 14340 -759 4312 -502
-9433 11878 13229 -9218 4535 -2482
-9018 10560 13238 -16340 4325 -3710
-6388 5994 13612 -16539 3297 -3383
-6570 4234 15357 -14022 1809 -2262
-10621 4033 17453 -12951 -2303 -834
-11845 1502 17049 -9649 -5759 255
-9410 270 16070 -2800 -6401 2540
-7593 -44 14670 5285 -3650 3815
-7281 3052 14476 10780 -337 4319
-7546 4734 14386 13077 1000 4623
-7716 6712 15036 12300 -210 4095
-8776 8940 15746 7805 -2431 3211
-8846 8414 15681 3549 -5613 2794
-7521 6058 14965 2094 -9007 2754
-6242 5074 13301 2232 -8890 2988
-5213 4522 12370 3670 -6515 3841
-5008 4648 10844 7140 -4186 5622
-5709 6576 11165 8435 -2437 6962
-6773 8730 12049 5083 -1959 6510
-7629 11116 13140 -2831 -2239 5110
-7108 11200 13506 -10768 -3703 3886
-6485 10642 15268 -17291 -6602 3438
-5593 8729 16276 -20684 -9171 3402
-5936 4937 16769 -20291 -10270 2895
-6684 776 15934 -14331 -9438 2170
-5594 -1600 15966 -3883 -7317 1773
-4133 1518 16214 4490 -3711 2719
-5957 4172 16502 8683 1184 3117
-5709 3562 16664 11722 4585 1800
-4533 3970 17090 11869 4138 381
-3884 4096 16001 10423 4347 -1268
-2258 4842 14102 8120 6109 -2248
-1004 5065 12670 6895 7871 -1972
-2033 6418 11568 5644 10304 -880
-5296 8441 10893 5703 12034 80
-6225 8185 10365 7903 12077 457
-8121 11182 11066 6995 11714 1394
-7205 12325 12912 -499 10020 143
-6977 12844 13932 -12021 7126 -1807
-5772 10278 14330 -21013 3764 -2086
-4714 6709 14133 -23820 792 -1140
-3928 4365 14068 -22634 -693 964
-4126 1885 13988 -17994 -897 2862
-3977 589 14104 -12065 -36 3970
-4869 1141 14501 -7066 1658 4746
-6446 2745 15378 -3326 3596 4777
-7372 4077 15614 -1057 4817 4273
-7586 4876 15700 -3 5516 3688
-8045 5622 15628 480 6340 3426
-8046 6052 15266 494 6822 3103
-7265 5809 14592 131 6860 2999
-6753 5450 13986 -180 6845 2959
-6876 5556 13598 -597 7007 2970
-7434 5860 13278 -877 7143 2824
-7433 5496 13077 -1244 7050 2618
-7853 5406 13214 -1584 7194 2671
-8622 5906 13493 -2324 7561 2899
-8958 6320 13673 -3711 7576 3080
-8692 5934 13530 -5206 7173 3310
-8124 4942 12816 -5715 6392 3764
-7690 3558 12038 -4413 5509 4084
-7525 2829 11518 -2239 5156 4635
-7928 3065 11389 -96 5424 5252
-9202 3930 11893 1458 6428 5262
-11217 5852 13025 1421 8078 4306
-12676 7874 14040 -766 9494 2880
-13488 9225 14449 -4325 10179 1364
-13796 8869 14056 -7169 10202 -320
-14128 7818 13661 -8028 9744 -1933
-14264 6808 13309 -7319 9207 -2828
-14457 6534 13358 -6370 8962 -3092
-14617 6197 13422 -5667 8300 -3151
-14082 4589 13338 -4650 7117 -2687
-13589 2064 12550 -2276 5293 -1266
-13304 1226 12438 1442 4143 905
-13389 2237 12828 4725 3350 2415
-13490 3056 13378 6812 2349 2626
-13761 4577 13804 7280 1671 2301
-13934 6228 13922 6306 1132 1624
-13716 6677 13885 4595 706 727
-13462 6685 13608 2675 339 -47
-12962 6250 13504 970 -63 -651
-12461 5668 13349 -11 -100 -899
-12361 5385 13185 -273 6 -913
-12088 5133 13140 -246 -2 -966
-12178 5110 13153 -44 -129 -1013
-11978 4988 13050 244 -191 -813
-11620 4820 12849 713 -297 -510
-11342 5102 12748 1278 -202 -247
-11506 5465 12724 1485 -67 212
-11174 5516 12686 1467 -11 340
-11280 5718 12821 1370 201 302
-11469 5890 12856 1067 471 340
-11414 5976 12930 667 753 261
-11353 5880 12862 253 986 147
-11272 5725 12749 -36 1041 60
-11150 5626 12601 -264 1033 -50
-10905 5446 12433 -513 801 -21
-10640 5080 12120 -553 424 97
-10450 4768 11796 -375 -11 322
-10446 4545 11504 24 -366 658
-10281 4573 11280 335 -649 833
-10236 4785 11121 444 -854 869
-10125 5100 11058 173 -1048 692
-10110 4990 10748 -233 -1144 493