-14317 6614 -3229 2168 -44 -4605
-14310 6616 -3324 2171 455 -4819
-14365 6632 -3237 2207 968 -4970
-14460 6736 -3213 2250 1492 -5114
-14530 6858 -3188 2309 2140 -5321
-14625 6874 -3080 2357 2692 -5558
-14844 6917 -3053 2254 3073 -5773
-15065 7044 -2920 2053 3363 -5996
-15309 6878 -3034 1972 3541 -6214
-15552 6910 -3062 2095 3698 -6343
-15769 6790 -3160 2349 3816 -6392
-15769 6782 -3014 2658 3914 -6326
-15861 6782 -3112 2982 4011 -6180
-16066 7024 -3064 3161 4081 -5983
-16152 6934 -3002 3224 4089 -5721
-16114 6573 -3057 3374 3966 -5356
-16196 6310 -3204 3882 3853 -4899
-16346 5960 -3201 4543 3631 -4367
-16293 5477 -3186 5367 3440 -3793
-16322 5290 -3074 6263 3307 -3318
-16444 5650 -2709 6786 3292 -3060
-16542 5900 -2314 6692 3250 -3097
-16673 6521 -2113 6140 3303 -3128
-16688 6738 -1813 5156 3194 -3285
-16721 6997 -1813 4179 2999 -3352
-16693 6941 -1916 3274 2613 -3260
-16713 6793 -2101 2583 2106 -2889
-16745 6437 -2281 2346 1398 -2247
-16901 5938 -2385 2843 570 -1508
-16934 6026 -2153 3878 -132 -872
-17096 6668 -1769 4894 -404 -224
-17638 8020 -1094 5207 -302 49
-18533 10505 163 4010 583 -358
-19594 12831 1193 120 1462 -1181
-20458 13890 1492 -4003 1817 -2279
-20842 13752 1337 -7079 2218 -2806
-21328 12969 1049 -9525 2087 -2923
-21708 12345 1042 -11973 1242 -2548
-21918 12101 849 -14769 -603 -1577
-21716 11385 356 -16934 -3550 -251
-21532 10453 -18 -17295 -6693 1106
-21445 10438 108 -17274 -9793 2597
-21632 11114 373 -17849 -13070 3984
-22204 11268 509 -18604 -16149 5209
-23010 11528 397 -18750 -18260 6192
-23677 11989 233 -18446 -19626 6756
-23786 12346 -89 -17572 -20128 7428
-24240 12644 197 -17839 -20263 8147
-24938 12945 325 -19269 -20748 8484
-25502 13277 74 -21114 -21011 8368
-25780 13197 92 -23225 -21281 8158
-25984 12594 202 -25290 -22368 7486
-25744 11630 57 -26607 -23436 7042
-25772 11624 310 -27434 -23625 6765
-25946 11896 638 -28641 -23932 6421
-26286 10837 898 -29233 -24299 5787
-26092 9652 649 -28394 -24788 5453
-25353 8282 526 -25592 -25064 5771
-24504 7278 258 -21739 -25298 6830
-23600 7066 594 -18365 -25866 8743
-22706 7598 1212 -16005 -26905 11243
-22506 7996 1502 -14336 -28505 13585
-21753 7820 1658 -13087 -30145 15781
-20717 7324 1664 -11926 -31098 17552
-19450 7098 2170 -11526 -31229 18573
-18092 6450 2610 -11520 -31016 18917
-17200 6789 3170 -12293 -30717 18501
-16320 6488 3386 -13889 -30619 17070
-14886 5844 3180 -15421 -30831 15449
-12854 4232 2992 -15059 -30695 13998
-10205 2525 2666 -13132 -29286 13414
-8376 992 3318 -10657 -27519 13260
-6142 136 3557 -8394 -25601 14044
-4361 -516 3630 -6138 -22894 14935
-3582 -949 3017 -3965 -18236 15585
-2901 29 -552 1753 -8470 16299
-4077 -173 1780 9448 -5231 15440
-3574 3461 3637 9076 -3451 13603
-6308 6974 7934 -1645 -3519 10234
-5996 10809 8460 -15883 -1950 6739
-3604 5764 7121 -24729 -993 3139
-1808 242 5948 -26334 -675 1605
-1152 -2278 6216 -25309 715 1344
-2292 -2452 7222 -22490 2605 1658
-4160 -2593 9222 -17610 2235 2582
-5120 -2173 10870 -12109 1517 4309
-5072 -2597 11489 -3993 749 6036
-5234 -2044 12889 2803 -263 6711
-5628 322 13786 6619 -739 6342
-6397 1976 14728 7697 -1613 5425
-6838 2520 14874 6533 -3132 4209
-6550 3312 15462 4132 -5365 3524
-5790 3018 14658 1211 -6556 3290
-3494 2646 13608 340 -5472 4245
-2948 2089 12533 1842 -2907 5358
-3378 2778 11092 5433 247 6552
-4528 4518 9646 11271 3170 7487
-5162 6400 12773 11105 2481 6513
-6296 10693 15524 379 226 3653
-6657 11089 15694 -9250 -1138 1310
-4672 7630 14914 -15867 -1068 -99
-2949 4270 14405 -18028 -92 -63
-2653 2162 14606 -17776 1305 -203
-3252 1922 15216 -16975 3162 12
-4469 1236 15704 -14762 4399 1288
-5320 -564 16885 -9998 3552 1855
-5588 104 17308 -3570 2713 1834
-4940 690 16625 2702 4369 1989
-5462 953 16342 7438 6755 1760
-5536 1660 16989 9872 6806 1838
-6058 3272 17652 9495 5288 1466
-6562 4353 18056 7695 3441 893
-6302 4778 18198 5222 932 207
-6069 5396 17973 3066 -1418 -488
-6058 5774 17966 914 -3613 -819
-5933 5205 17053 -497 -4152 -1411
-4986 5246 16540 -1102 -2996 -1409
-4580 4053 15417 35 -516 -1023
-4669 3837 13022 3573 3657 59
-4818 4338 11726 8351 5479 1236
-4485 6568 12628 10159 5422 2083
-5668 9177 15961 2918 3608 919
-7073 12262 17318 -10092 711 -617
-5473 9630 16444 -17991 -1341 -987
-3709 4518 15725 -18061 -2659 -596
-3130 1868 15357 -14662 -2635 451
-3868 1336 15370 -10552 -1405 1095
-4713 1642 15560 -6742 -187 1674
-5404 1842 15852 -3722 191 2277
-4818 2569 15640 -1036 244 2634
-5022 3213 16157 1159 -117 2827
-4940 3558 16324 2169 -1492 2279
-4561 3944 16294 2368 -2596 1748
-4280 4108 15977 2244 -2833 1503
-4022 4149 15688 2264 -1924 1570
-3846 4398 15680 2179 -170 1727
-3909 4669 15574 2012 1560 1777
-4085 4670 15381 2223 3023 1678
-4290 4561 15264 2426 4314 1610
-4596 5138 15610 1728 4985 1429
-5118 5816 15897 223 4848 1102
-5305 5474 15741 -1251 4464 657
-5506 4769 15822 -2090 4186 218
-5769 4400 15794 -2200 3928 -50
-5830 3880 15776 -1785 3848 -102
-5976 3746 15809 -1080 3958 192
-6237 3796 15874 -153 3911 335
-6245 4065 15865 433 3769 307
-6134 4413 15928 496 3516 189
-6201 4493 15922 422 3337 168
-6546 4841 16101 319 3475 68
-6881 5126 16282 -48 3485 -73
-7080 5102 16297 -526 3377 -214
-7118 4852 16278 -777 3228 -306
-7049 4630 16181 -742 3140 -289
-7164 4600 16049 -631 3047 -197
-7118 4638 15909 -543 2779 -205
-7120 4452 15816 -464 2415 -233
-7020 4285 15674 -308 2083 -233
-7108 4322 15622 -116 1861 -140
-7158 4406 15689 -30 1652 -87
-7181 4273 15510 -101 1415 -28
-6964 3332 15105 194 1209 353
-7389 2537 14925 1361 1805 1641
-7198 3450 15466 1928 2271 1869
-6897 4276 15882 1876 2253 1104
-7073 5104 16024 1056 1913 144
-7282 5414 15920 -299 1423 -748
-7409 5148 15720 -1456 1267 -1284
-7221 4613 15516 -1925 1436 -1394
-6966 4566 15585 -2086 1761 -1407
-6854 4669 15604 -2297 1893 -1478
-6845 4624 15653 -2388 1973 -1525
-7098 4962 15533 -2325 1925 -1668
-7600 5013 15516 -2427 1473 -1765
-7233 4410 15130 -2201 728 -1686
-7042 4178 14921 -1442 373 -1198
-6929 3966 14856 -306 367 -555
-6802 3990 14930 740 550 58
-6954 4292 15106 1372 686 406
-7018 4721 15268 1488 594 385
-6942 5016 15182 1207 360 162
-6945 5139 15087 663 212 10
-6723 4951 14876 62 279 -11
-6378 4425 14621 -239 352 118
-6202 3909 14556 14 666 543
-6240 3806 14664 306 1031 749
-6397 4324 14934 472 1422 509
-6672 4740 15170 205 1843 158
-6885 4954 15298 -312 2194 -230
-7037 4910 15169 -934 2452 -346
-7061 4632 15010 -1365 2543 -285
-7066 4360 14898 -1407 2549 -197
-6974 4266 14957 -1230 2656 -118
-6940 4205 14993 -1136 2661 5
-6850 4234 14938 -1083 2510 181
-6962 4297 14850 -983 2137 176
-7064 4452 14849 -931 1699 53
-6853 4657 14818 -1168 1138 -108
-7049 4753 14673 -1457 744 -270