-17356 4406 -3026 5097 -29 -2631
-17412 4322 -3106 5044 68 -2492
-17341 4192 -3042 5136 190 -2316
-17090 4232 -2809 5311 413 -2060
-16762 4340 -2466 5230 791 -1882
-16573 4457 -2209 4799 1124 -1800
-16418 4448 -2072 4175 1399 -1758
-16429 4358 -2052 3437 1614 -1714
-16346 4024 -1977 2778 1770 -1651
-16485 3690 -1890 2267 1842 -1664
-16542 3076 -1910 1958 1858 -1610
-16625 2818 -1906 1945 1879 -1649
-16582 2850 -1821 2069 1895 -1904
-16430 3141 -1690 2174 1831 -2412
-16254 3517 -1545 2217 1722 -3080
-16021 3618 -1500 2303 1548 -3700
-15720 3881 -1552 2329 1374 -4161
-15553 3865 -1662 2429 1158 -4355
-15609 3938 -1897 2679 841 -4364
-15650 3964 -2140 3023 433 -4317
-15773 4044 -2357 3394 -15 -4253
-15897 4308 -2545 3712 -414 -4224
-16052 4640 -2560 3891 -655 -4393
-16221 5313 -2646 3860 -645 -4687
-16229 5842 -2585 3438 -391 -5094
-16176 6296 -2633 2745 67 -5391
-16090 6352 -2690 1990 661 -5500
-15948 6344 -2754 1215 1296 -5475
-15849 6273 -2777 577 1925 -5279
-15701 6084 -2770 150 2488 -4989
-15538 6104 -2706 -127 3043 -4727
-15368 6022 -2502 -391 3563 -4521
-15237 5946 -2217 -612 4083 -4269
-15060 5973 -1945 -832 4575 -4101
-14997 6033 -1658 -1081 4904 -3952
-14918 5853 -1546 -1402 5074 -3808
-14789 5794 -1489 -1641 5121 -3579
-14861 5722 -1464 -1803 5072 -3359
-14885 5753 -1306 -1974 5045 -3141
-14882 5936 -1081 -2313 4977 -2944
-14909 6060 -876 -2939 4810 -2791
-14916 5885 -608 -3560 4731 -2601
-14757 5817 -285 -4094 4770 -2459
-14693 5616 -78 -4652 5017 -2296
-14785 5266 -2 -5144 5505 -1993
-14648 4889 200 -5268 6133 -1437
-14586 4474 634 -4922 6767 -870
-14742 4469 1153 -4472 7271 -519
-14932 4593 1452 -4168 7430 -450
-15229 4934 1613 -4268 7245 -612
-15314 5289 1500 -4660 6587 -858
-15748 5466 1336 -5309 5705 -1074
-16446 5686 1332 -5778 4731 -1125
-17181 6028 1370 -6083 3821 -1213
-17697 6401 1452 -6518 2877 -1124
-18000 6864 1197 -6744 1935 -891
-18149 7153 1236 -7157 750 -787
-17993 7485 1060 -7244 -241 -454
-17932 7800 960 -7143 -1120 92
-17860 8062 830 -6915 -1695 798
-17994 8550 720 -6687 -2199 1731
-18721 9102 589 -6685 -2555 2748
-19802 10032 381 -7198 -2996 3454
-21788 10926 81 -8595 -3833 3839
-23976 11458 -668 -10508 -5190 4086
-25528 12144 -1753 -12583 -6895 4761
-26784 12468 -2377 -14515 -9080 5820
-27744 12550 -2318 -16090 -11605 6958
-28109 12589 -2057 -17247 -14193 8213
-27824 12461 -1749 -17342 -16503 9140
-26825 11678 -1030 -16223 -18474 10071
-25377 11080 -1156 -13925 -20208 11271
-24002 10860 -1029 -11031 -21165 12807
-22925 11390 -114 -8661 -21250 14730
-21977 11878 556 -7199 -20692 16647
-21082 12378 1088 -6434 -19362 18369
-20910 12404 1632 -7004 -18482 19750
-21834 12425 1792 -8508 -18104 20803
-23512 12252 1141 -10526 -17775 21494
-25564 12610 -284 -11791 -17825 21703
-28018 13065 -1880 -13236 -18444 21532
-30717 14181 -3009 -16493 -19941 20585
-32560 15301 -3646 -20631 -22031 19157
-32768 15456 -3793 -24965 -24212 17070
-32768 14430 -4325 -27395 -25747 15111
-32058 12857 -4365 -27415 -26486 13735
-30170 12030 -3948 -26156 -25476 13211
-28318 11726 -3473 -25207 -23575 13297
-26428 11274 -3073 -25164 -22435 13420
-24618 10969 -2485 -25995 -22272 13317
-23016 11109 -2182 -27404 -22616 12845
-21617 10573 -1969 -28880 -23847 11930
-20268 10181 -1605 -30085 -25268 10524
-18802 9528 -1266 -30843 -26332 9068
-17190 8548 -1040 -30530 -25810 7929
-15626 7825 -410 -29068 -23569 6980
-14658 7857 430 -27269 -20788 6170
-14245 6968 1398 -25172 -19287 5137
-13342 6265 1914 -22978 -18284 4350
-11437 5652 2266 -21550 -17256 4616
-10065 4701 2717 -20361 -17082 5850
-8940 3513 3526 -18685 -17519 6880
-7902 3176 3726 -16708 -17689 7225
-7584 3941 3705 -14992 -16854 7033
-7312 5298 3238 -12881 -14914 6821
-8008 5592 5525 -12632 -12185 5410
-8192 7441 7022 -15981 -11075 4378
-7890 6753 6761 -19409 -10125 3371
-7377 4300 6436 -19186 -10582 4389
-6628 2544 6837 -16869 -12225 6768
-4606 1333 6534 -12899 -11898 8709
-3342 52 7134 -11951 -10436 9336
-2344 312 6793 -15067 -6650 8273
-2516 -84 9364 -20099 -3803 7230
-1348 -1773 8480 -17809 -2222 7347
-1392 -5293 10014 -12087 -342 7010
-2630 -3898 13241 -9491 -1571 6771
-3053 -2393 14133 -6935 -2035 6576
-3065 -4141 14280 -3532 -1693 6016
-2990 -4864 15377 -107 -1397 4728
-2726 -2877 16156 369 -2215 3407
-2856 -2804 15749 100 -4582 930
-3184 -2741 16472 -33 -7588 -1061
-3626 -2200 16341 213 -7617 -2473
-2840 -3276 17205 251 -7529 -3473
-1680 -3712 17178 378 -6695 -3668
121 -4246 15728 1914 -5024 -2167
1411 -3633 13787 5377 -1911 -248
206 -870 14147 6946 745 239
-2324 2274 14476 5249 1827 -755
-5423 3583 13775 4269 2010 -1326
-5847 4035 14781 832 353 -1102
-5399 2734 14104 -6266 6 -1301
-5054 -401 12610 -10444 1276 -1397
-4122 -2823 14386 -12400 1424 -1128
-4897 -2513 15232 -10347 973 -1813
-6065 -2740 15554 -4573 1156 -3462
-6826 -2621 16382 1139 -1691 -4037
-8101 1130 15722 4526 -383 -4261
-6890 -333 14842 8905 840 -5209
-6061 -752 15017 11331 844 -5839
-5842 -45 15382 12151 -901 -5971
-5218 1737 15598 11124 -3206 -5838
-4558 2920 15954 8346 -4540 -5847
-3050 1992 15158 6973 -4611 -5515
-1576 868 13592 7981 -3422 -4966
-1050 1593 13218 8192 -2575 -4502
-1766 3756 12497 7533 -955 -4302
-2645 4626 11733 8223 216 -4042
-3181 5496 11162 9425 516 -3562
-2812 6181 12460 5368 448 -3172
-2956 7309 13536 -3290 1103 -3474
-2098 5022 14041 -9781 1027 -4377
-254 1558 15140 -12719 -231 -4141
-390 1960 15645 -14096 -41 -3615
-990 1085 15858 -11080 940 -4076
-1846 -2270 16186 -3827 835 -4652
-1822 -1168 16896 3167 712 -4280
-3129 2165 16681 5604 -64 -3765
-2444 2194 16848 5793 -209 -3718
-2080 2020 16797 7003 -1189 -3682
-1292 470 17052 6880 -3095 -3475
-449 366 16225 4965 -3260 -3733
365 468 14904 4189 -1596 -3112
678 598 14154 5961 60 -1754
-816 2580 14076 7167 1619 -640
-2725 5072 13625 7818 3324 -867
-3722 6606 13241 7760 4192 -740
-3332 7248 15194 3898 4151 29
-3172 7308 16809 -3190 3902 -613
-3406 4958 17298 -8257 4137 -1663
-2701 1393 17092 -6896 5185 -1438
-2517 -6 19070 -3329 5476 -1071
-3800 2872 20754 -32 4020 -1500
-4989 4461 20786 2341 3047 -1731
-6232 2228 20186 7399 3388 -1840
-5768 1877 20185 11951 2893 -1844
-5830 3202 20501 12871 1149 -2091
-6280 3710 19962 12884 332 -2699
-5462 4597 19660 10822 520 -2605
-4112 4756 17840 9590 2627 -1294
-2914 4989 15736 10595 6461 -200
-4172 5613 14234 11697 8811 980
-6500 8214 13848 12722 8122 2322
-6980 10944 13714 11554 4884 3740
-5604 13165 16153 2774 -337 3854
-3818 12372 17304 -9441 -4304 2276
-2421 7976 16196 -16774 -5595 855
-1305 3508 15312 -15437 -5178 947
-1402 1268 15689 -7829 -1850 1232
-2754 3086 17042 -1650 2851 1230
-5005 4180 16861 2425 6627 908
-5628 5081 16271 4804 7221 1794
-5896 6602 16016 4405 6454 2049
-6419 7082 16254 3076 5242 1466
-6346 7632 16433 2000 4523 1264
-6080 7565 15984 1270 3777 1399
-5444 6989 15242 505 2499 1953
-4932 6481 14685 -372 627 2601
-4621 6066 14457 -1318 -1182 3158