-10758 9786 2254 17307 -745 3858
-10472 9553 2286 15769 -1424 5051
-10622 9540 2538 14182 -1504 5915
-11220 9415 2870 12028 -1283 6514
-12703 9120 3632 8342 -673 6260
-13890 9252 4380 5229 -151 5342
-14968 9597 5092 1989 166 3768
-15758 9637 5772 -1255 918 2037
-16313 9650 6108 -3161 1896 931
-16717 9576 6402 -4766 2786 155
-17096 9448 6393 -5875 3339 -289
-17258 8966 6341 -6120 3497 -423
-17610 8710 6368 -5545 3431 -189
-17710 8742 6260 -4763 3028 370
-17994 8608 6557 -3604 2227 1240
-18390 8829 7018 -2213 1160 2351
-18708 9498 7249 -1885 -299 3591
-19142 10077 7369 -2698 -1948 4688
-19841 10320 7360 -4175 -3599 5634
-20468 10188 7284 -5729 -5203 6312
-21097 10452 7393 -6979 -5983 6617
-21997 11017 7792 -8746 -6827 6800
-22557 10905 7890 -10428 -7824 6820
-22858 10496 7408 -11801 -9046 6916
-23376 10108 6797 -12567 -10186 7309
-23762 9793 6501 -12923 -11241 7893
-24606 9201 6795 -12615 -12340 8669
-25468 9088 7604 -11976 -12803 9329
-25656 9451 8216 -11223 -13150 9732
-25439 10252 8738 -10645 -13622 9559
-24188 10506 8667 -11025 -14369 9414
-22519 10268 8217 -11824 -15559 9819
-21421 9865 7677 -12303 -16903 10706
-21168 9748 7262 -12655 -18345 11681
-21067 9765 6586 -13228 -20286 12924
-20830 9698 6028 -14052 -21882 13916
-20812 9564 5584 -14986 -23205 14896
-20593 9219 5310 -15967 -23913 16099
-20100 9121 5001 -16325 -22911 17375
-19324 8965 4360 -15981 -20760 18509
-18004 7877 3192 -14207 -19102 19437
-16782 6573 3110 -11343 -17072 19983
-15854 7253 3850 -10793 -16556 20117
-14592 8281 3508 -11824 -15228 20455
-12701 8488 3509 -13525 -12128 21050
-11950 8273 6228 -17391 -12681 20892
-12263 8624 7131 -23301 -16419 19525
-11440 5714 6222 -23908 -19170 18340
-10063 3660 5608 -20661 -20952 17544
-8018 3632 5277 -16070 -19634 18298
-7583 4352 6145 -12343 -18296 18078
-7668 5768 6736 -10875 -18092 16103
-7740 5070 6913 -10293 -19232 12935
-7181 5267 7997 -10791 -20899 9846
-7336 4908 9300 -12318 -23113 7900
-5711 3620 9463 -11924 -22216 6580
-2514 906 9132 -6398 -17538 6424
-1520 2208 9429 -2757 -14279 6582
-1420 4561 9609 -1186 -12634 6382
-2029 7351 11248 -5194 -11244 5338
-2845 8752 11777 -12996 -10644 4078
-4007 6886 10548 -12787 -12030 4967
-3001 4660 9425 -7434 -10753 7159
-1248 3730 10277 -6553 -4305 9182
33 3546 11082 -5817 3067 10529
636 -41 11426 -1801 7208 8747
918 1240 16780 -7760 6796 6023
1776 6706 17202 -12489 7204 6139
832 1997 17451 -9205 5335 5003
-33 2357 18421 -2242 3438 3309
-2480 5897 18708 -245 7332 2080
-2016 4586 19022 2452 11249 29
-2576 3520 21096 5123 9470 -1605
-3360 4462 20839 7486 5510 -1756
-3336 4528 19159 9175 2904 -1266
-3028 6294 19231 5982 -2158 17
-1096 6804 17236 2427 -5729 1575
272 6542 14992 1879 -7750 2853
1042 7436 14346 2013 -7839 3657
1474 8722 13668 1378 -4633 3776
1241 9182 12307 2564 -1 3339
1009 8866 11722 6088 3163 4042
-179 9983 13945 1618 6285 4623
-1096 13120 16614 -12373 9858 3527
-1158 10070 18528 -19906 9526 2054
-1416 5800 18673 -18347 7822 1663
-2252 3386 18680 -13205 7495 2144
-3679 2053 18941 -5028 8157 2970
-3972 4177 19424 532 5642 4521
-5106 5148 18550 -143 3579 5134
-4920 2838 16754 1955 1174 5358
-3621 324 15025 7256 -2723 5561
-3525 1414 15448 7859 -6203 5673
-3153 3354 15804 5386 -7915 5191
-1609 4377 14506 3108 -7499 5079
-486 3406 13017 2569 -6387 4865
-453 3938 12152 2613 -5467 4325
-944 5125 12100 1530 -4225 3311
-2134 6564 12160 -1188 -2661 2035
-3276 7197 11281 -2022 -1963 1827
-2860 5441 10730 68 -2524 2329
-1717 4674 10050 1783 -553 3721
-1185 3992 11832 -2997 3360 3640
-1288 6356 14880 -11505 5176 2616
-469 5935 16588 -17205 4373 682
-220 637 17003 -11295 2321 -990
-1602 1973 17474 -4911 3871 -1204
-1942 3228 17993 -288 4932 -607
-2304 4104 18328 519 5224 -613
-3511 4049 19109 1459 3480 -1221
-3574 3742 19292 5531 1274 -2221
-3392 4071 20111 7244 -1137 -2238
-3216 4880 20340 6377 -2275 -2423
-2103 4102 19088 5357 -3689 -2173
-1326 4600 17794 6895 -4618 -1046
-2162 7544 18957 5648 -3739 -1220
-3054 9964 18854 799 356 -2029
-2967 7870 17478 3741 373 -1469
-1581 6523 16546 7255 3582 1143
-1368 7496 20228 -7902 8260 215
-1084 8632 22330 -18792 8048 -235
-845 668 21558 -13873 4050 -782
-2418 58 20496 -4591 886 83
-2860 1924 18308 -3361 2498 2197
-2270 1024 17161 -2887 3876 2585
-2738 1264 16465 -586 4394 1111
-3351 2976 15142 3079 3716 -768
-3416 4209 14984 5438 1950 -2877
-3069 2828 15996 4195 -108 -3996
-1893 2868 15096 3068 51 -3720
-1049 2584 12401 3767 1954 -2796
-2380 4316 13033 5533 1203 -3509
-3872 9696 13896 731 965 -3298
-4981 9232 12853 -2714 595 -2868
-5556 8056 11960 -2714 -135 -2094
-4139 4842 10973 1938 2213 695
-861 2997 10284 6112 18840 3626
-497 2524 12145 296 25998 1461
-1085 4250 15425 -7750 28418 -2788
-3980 6032 15644 -7176 26463 -4946
-2208 1952 15301 571 22933 -4873
-6724 6058 16594 425 15737 -2242
-8757 3953 17704 -2994 5526 1015
-6106 1775 16208 334 -2709 3376
-5604 3921 15777 3750 -5329 3713
-7125 6949 17221 2310 -7129 3058
-6532 7115 17678 3187 -7330 2399
-6073 7216 18557 1919 -9018 1466
-4372 5428 16881 -1617 -10331 760
-2777 4272 15029 -1964 -11610 1350
-3464 4907 13562 -1791 -12042 2821
-5518 5742 11483 1621 -8132 4170
-6252 6286 12540 2861 -3769 3845
-7253 8569 16339 -2874 -1742 3252
-7150 6452 17521 -3200 311 1285
-7914 5562 18898 -2536 1784 545
-8874 6390 19813 -1023 3545 -285
-9280 5762 20009 796 4356 -987
-9617 5010 19818 2247 4096 -642
-9268 4141 18850 3364 2779 -93
-8773 3908 18054 3647 701 523
-8132 3661 18068 3791 -2222 376
-6684 3118 17232 3678 -5187 -596
-5897 4876 16534 1765 -4266 -2121
-4822 3002 14230 301 -3226 -4060
-6118 4252 13176 2241 -230 -4605
-8171 7363 14326 1249 154 -6102
-9523 8372 14270 -1437 -1114 -6556
-10165 6841 13518 -705 -1849 -6414
-11089 5555 13810 2840 -975 -5597
-10250 6567 14879 5487 951 -4581
-9333 6934 15053 5536 1785 -4752
-8806 5536 15257 4905 -37 -5949
-8408 4439 14262 4281 -857 -6526
-8006 4221 13694 2512 440 -7590
-7557 2772 13109 2122 2168 -9011
-8038 3730 15029 1331 479 -10170
-9028 5066 15568 314 -1691 -11021
-9173 4468 15134 625 -2800 -11707
-8956 3643 14866 2167 -3609 -12257
-9417 4413 14842 2531 -4164 -13231
-9517 4297 15832 3342 -6462 -13965
-9714 5288 15526 4062 -7674 -14323
-9476 5551 15401 4536 -9174 -14176
-8113 5645 13818 2969 -12725 -14426
-7081 6538 11316 2210 -16120 -14759
-8116 7158 13168 1430 -20793 -17106
-8923 12664 14958 -3824 -21867 -17237
-7828 9648 15338 -5929 -16855 -17431
-7719 5842 13850 -454 -11207 -17434
-7712 7224 13158 3415 -8962 -16177
-6210 8276 13234 5132 -7773 -14933
-4680 8544 13400 5210 -5424 -14138
-3038 8392 13462 5728 966 -14424
-2465 6940 14011 6470 7268 -17240
-4015 8184 18380 -3234 5217 -21658
-6438 10034 18581 -8669 2860 -23910
-6340 3820 16440 -4663 1521 -24404
-8436 1728 16675 4019 216 -23305
-10756 5683 16583 10876 -354 -22066