-18634 4249 -4682 16866 -7727 3323
-19451 5082 -4861 18227 -8841 2726
-19358 6192 -4936 18779 -9960 1853
-18579 6809 -5075 18598 -10752 1049
-17888 7146 -5197 18111 -10905 167
-17546 7046 -5196 17723 -10225 -289
-16975 6618 -5061 17242 -9020 -262
-15992 6530 -4494 16650 -6825 -312
-15398 6799 -3705 15876 -4383 -731
-14263 7607 -2037 14687 105 -1942
-13418 8532 -562 12687 5517 -3935
-13001 8750 361 10580 9654 -5576
-12813 8613 808 8460 12638 -6561
-12396 8092 1032 5969 15786 -7406
-12037 7324 840 4527 17710 -7875
-11934 6944 565 4196 18374 -7973
-12314 6447 -164 4680 18522 -7703
-13240 5867 -1023 6328 18168 -7395
-14352 5690 -1610 7769 17028 -6730
-15743 5597 -2214 9111 15079 -5889
-16950 5874 -2728 10891 12244 -4938
-18058 6268 -2882 11999 9409 -4149
-18632 6840 -3021 12804 6691 -3557
-19001 7476 -3177 13388 3682 -2550
-18404 7868 -2874 13486 1635 -1249
-17729 7798 -2600 13253 668 -130
-17048 7990 -2432 12894 163 844
-16666 7914 -1642 12373 -136 1604
-16388 7596 -698 12159 -357 1989
-16135 6979 324 12122 4 2366
-15718 6546 910 11631 1043 2981
-15813 6701 1533 11015 1858 3464
-16116 6496 2050 10174 2130 3686
-16332 6010 2225 9443 1865 3707
-16982 5588 2232 9335 447 3656
-17592 4954 1709 10297 -2240 3986
-18184 4726 1345 11515 -4564 4260
-18852 5384 775 12625 -7023 4845
-20414 6144 1201 13339 -10142 5413
-22345 6523 946 13037 -12943 5927
-22974 6824 135 13647 -14263 6271
-22378 7501 -26 14126 -14243 6643
-21084 7876 452 13878 -12700 6773
-20150 8180 1205 12860 -11160 6927
-18906 7998 2332 11331 -9283 7071
-17782 7786 3232 9132 -8020 7250
-16025 7033 3788 7273 -6752 7210
-14712 5846 3826 5711 -5093 7182
-13188 4718 4501 4355 -3531 6976
-12218 4662 4960 2153 -2987 6394
-11597 3509 4653 1451 -2106 5457
-10945 2312 4592 1218 -2227 4947
-11454 3204 4790 -666 -3070 4981
-12188 3268 4297 -2788 -4302 4903
-12856 3121 3362 -3421 -5491 4682
-14208 3345 2278 -2616 -6284 4688
-16316 4761 1569 -1531 -6139 4245
-18420 6729 1158 -1104 -5475 3552
-20297 8544 954 -1529 -3900 2395
-22097 10588 1302 -2880 -2242 1376
-22953 10949 2253 -5054 -1297 27
-22480 10973 2053 -6625 -417 -423
-21781 10530 1992 -6979 49 238
-20976 10164 2082 -6818 16 1490
-20021 10102 2128 -6480 -959 3082
-18986 9848 2050 -5831 -1841 4876
-18410 9744 1494 -6221 -2358 6511
-17666 9606 1045 -7620 -1794 7780
-17209 9226 506 -9415 -1205 8861
-16821 7900 -576 -10587 -864 9905
-16426 6800 -1197 -10969 73 11594
-16371 5668 -666 -9193 -642 14161
-16337 4563 -251 -5570 -2238 16860
-16151 4007 563 -996 -4637 18234
-15792 5285 1612 2204 -7461 17723
-16126 7124 2014 2276 -9089 16348
-16329 7535 1795 1092 -10108 13593
-16315 6392 1140 -119 -10382 10145
-16166 5542 672 -774 -9844 8106
-16321 5167 762 -1810 -10317 7185
-16068 4648 -72 -2367 -9814 7452
-16177 4690 -650 -1627 -9185 7538
-16238 4368 -1602 -51 -7997 7362
-16085 4449 -2137 1170 -6470 6879
-16226 4729 -2404 2074 -4925 6353
-16677 6221 -2941 2191 -2999 6400
-17022 7648 -3258 3543 -436 5932
-17628 7800 -1342 5068 308 4603
-17785 9017 -1594 4395 2141 3387
-17826 11310 189 -2373 5704 1974
-17064 13709 657 -10710 9988 158
-16478 14601 2896 -17654 10967 -1718
-18418 13581 3390 -21604 7701 -3016
-22017 11106 4022 -20704 2472 -3198
-22632 10497 5538 -13804 951 -4214
-23453 11253 7261 -5868 1099 -4877
-23268 13428 9948 122 504 -5167
-23486 17010 11238 2089 -642 -4373
-21852 19069 12860 1655 -1115 -2977
-17441 19753 14793 -1192 -1558 -1376
-13493 21337 15264 -6567 -2652 1393
-10876 20346 14733 -10724 -4281 4384
-10493 18676 14061 -13169 -5971 7083
-13296 17594 12086 -13558 -8396 9736
-15212 16469 11376 -14135 -12651 11364
-15142 17061 10013 -18979 -14332 11801
-16194 15816 10333 -29725 -14344 11165
-16077 13466 11141 -32768 -13543 8605
-16538 10802 10664 -32768 -14490 6522
-17389 9265 10849 -32768 -15105 5757
-18569 10009 12320 -32768 -16058 4688
-19120 12136 12700 -30560 -16056 4327
-20248 12180 12100 -27544 -15790 4591
-19462 10693 10533 -23768 -16256 3506
-18388 10232 10425 -20095 -15958 1836
-17754 9364 10314 -17704 -17781 2201
-16436 8318 10449 -15409 -19478 3289
-15493 8354 10636 -14967 -21005 4448
-13669 9073 10236 -15163 -22101 5879
-12025 9648 9684 -15159 -22216 7021
-11038 9385 9002 -15322 -20774 7399
-11040 9417 7824 -15130 -18513 7254
-10366 8969 6622 -13677 -18009 6900
-10546 8281 5946 -13959 -18425 6295
-9806 9124 5932 -18974 -18267 6169
-8576 7580 6905 -25240 -16961 5346
-7753 5293 8822 -29035 -16489 4080
-7774 3853 10069 -29254 -17358 3545
-7121 2852 10881 -26240 -17710 2687
-6198 2265 10916 -21386 -17088 1557
-4866 1608 10922 -15674 -16241 772
-4944 2862 9589 -11920 -11728 -1090
-5277 184 10778 -8329 -10666 -3249
-4141 -2144 11381 -5465 -12964 -3172
-3753 -1365 10918 -3720 -13622 -998
-2400 -1080 9409 -2205 -12981 694
-1521 -1016 7917 281 -11410 1622
-1780 28 7702 2623 -9564 2132
-3068 2356 6826 5029 -8464 2028
-3838 4870 6254 6356 -7085 2501
-4210 7652 6937 5061 -4837 4531
-3084 7280 9070 -1128 -2264 4981
-2686 5302 11636 -10398 -335 3181
-3604 3354 13538 -16331 92 1887
-2970 1220 11849 -14672 -763 1902
-3340 -2393 13940 -8229 -1131 1943
-5373 994 15158 -2688 397 1891
-6648 2512 14845 1768 3187 1090
-7092 50 15070 6239 4454 389
-8481 -134 15392 9458 4339 294
-9530 -32 16932 10811 2335 442
-8289 176 17408 12018 321 717
-7142 1566 17540 10763 -445 1613
-5021 2032 15360 9054 117 2857
-3634 1229 12586 8783 1098 3835
-2858 1605 9942 11282 1209 4789
-4070 3949 9800 11851 -282 5535
-5708 7149 11210 6005 -1972 5392
-5560 8106 12212 -3118 -3224 3993
-4701 5201 12062 -9547 -3309 2161
-4576 1856 12318 -11002 -2469 1006
-4734 265 13265 -8954 -119 782
-5676 -1209 13733 -4690 3343 1584
-3904 1304 16005 33 5118 1350
-6728 3786 15798 2032 5471 61
-6512 1612 14994 4414 5277 -880
-5246 13 14508 8169 3658 -1427
-4920 1381 15721 9208 1184 -899
-4530 1898 15665 8921 -103 -1059
-3746 2242 15757 7456 -636 -1286
-3533 3541 15197 5013 -292 -1139
-3128 3984 14482 3383 170 -885
-2438 3781 13928 1903 502 -1120
-1496 4762 13064 1871 1881 -1341
-3110 4784 11686 3319 2999 -474
-4564 5433 11380 5042 3649 1084
-4986 7732 13925 -364 2518 2023
-4105 6182 14836 -6539 868 1143
-4074 3526 15533 -10241 -527 789
-4033 2440 15860 -10888 -954 478
-3604 1348 16250 -7788 -424 -201
-3373 1146 16880 -2880 -462 -400
-4141 1852 16678 596 750 -535
-3937 2030 15956 3069 1414 -636
-3354 1634 15562 4524 795 -1218
-3584 1972 15368 4711 -843 -1646
-3973 1034 15318 5604 -1615 -1203
-3340 960 15589 6460 -1850 -488
-3556 2509 15753 5776 -2357 -467
-3113 3366 15113 4565 -2786 -995
-2600 3232 14012 3831 -2087 -1397
-2797 3785 13182 4329 436 -1599
-3929 4430 13281 4218 1935 -2407
-4437 6342 13829 1773 3045 -2529
-4086 6806 13673 -369 3617 -2780
-3696 5805 14932 -3193 3492 -3303
-3493 4824 15812 -5717 3765 -3318
-3284 2658 16222 -5639 4178 -3240
-3569 505 15349 -2842 4163 -3336
-5264 -257 13536 852 3002 -3620