-13100 14409 10749 6714 5160 -4879
-11906 13124 9662 5973 4370 -3911
-11013 11769 8679 5807 2217 -2524
-10372 10942 8008 5870 -492 -644
-10432 10944 8042 5754 -2159 663
-11328 11374 8414 5344 -3795 1874
-12862 11936 9330 4578 -4670 2154
-14140 12861 10204 3633 -3601 1469
-15018 13733 10961 2488 -1293 636
-15372 13994 11238 1653 1132 103
-15191 13550 11398 1214 3638 -11
-14625 12851 11327 1428 5487 667
-13900 12330 10852 2101 6317 1732
-12893 12077 10516 2588 6140 2821
-11845 11794 10165 2703 4976 3982
-10956 11654 10005 2414 3348 4959
-10278 12037 9961 1338 1782 5703
-9846 12354 10000 -38 665 6150
-9485 12503 9970 -1709 -70 6314
-9307 12574 9969 -4145 -291 6305
-9362 12518 10013 -6235 168 6435
-9542 12054 9866 -7648 988 6691
-9826 11290 9753 -8487 1950 7218
-10316 10409 9572 -8535 2767 7760
-10865 10133 9554 -8230 3264 8128
-11364 10186 9458 -7987 3595 8443
-11964 10579 9703 -8104 3992 8545
-12585 11201 9615 -8902 4061 8330
-13000 11562 9434 -9715 3785 7847
-13208 11693 9313 -10288 3569 7322
-13622 11938 9409 -11164 3559 6849
-14028 12091 9508 -12134 3660 6543
-14323 11718 9484 -12494 3790 6622
-14418 11202 9326 -12254 3620 7010
-14384 10960 9280 -11996 3402 7345
-14320 10809 9001 -11579 2788 8026
-13943 10280 8596 -10782 1559 9037
-13726 9797 8364 -10199 181 9582
-13921 9514 7700 -9943 -787 9934
-14933 9597 7668 -9760 -1402 9935
-15828 10045 7689 -9910 -1806 9477
-17010 10512 7790 -10391 -1645 8610
-18064 11088 8228 -10879 -1039 7591
-18806 12204 8733 -11806 513 5856
-19210 12286 8889 -12610 2379 3792
-18840 11468 8554 -12377 3279 2701
-18448 10296 8576 -10796 3893 2458
-17948 9020 9040 -7896 4550 2953
-17288 7781 9583 -4061 4710 4121
-16714 7511 10340 -303 3910 5684
-16332 7257 10588 1173 1787 6747
-16307 7114 10342 1706 -1488 7588
-16051 6136 9689 2422 -6112 8469
-15798 5498 9533 3576 -9929 9061
-16404 6318 10368 3975 -13408 8222
-16298 7784 10705 3038 -14730 6293
-16120 7770 10394 2215 -14775 5051
-15572 6454 10011 2857 -14531 3908
-15172 5001 10136 5356 -14381 3761
-15535 5889 11957 6824 -16151 4169
-16905 9083 13812 984 -20689 2802
-16490 9140 13406 -3220 -23075 644
-15211 8684 12312 -6640 -25774 -2039
-14178 7852 12138 -9412 -29430 -4061
-12688 6655 11512 -10876 -30923 -4609
-10710 4406 11534 -8825 -29551 -4209
-10528 4781 11821 -7338 -28930 -3925
-9798 5325 11622 -6451 -29296 -4228
-9098 6124 11480 -5046 -29143 -4792
-8784 5386 11936 -3166 -29191 -5053
-8550 5685 13160 -1260 -29590 -4452
-8244 6585 15050 593 -30742 -3639
-6374 7305 15188 15 -29822 -3032
-3690 5698 12934 -550 -28031 -3517
450 3702 6530 3495 -24312 -4277
-162 5442 7072 8790 -24112 -4671
-4169 13697 11033 2673 -24783 -5347
-4201 17669 12057 -10172 -22658 -5813
-3862 17176 10440 -16928 -21883 -5162
-3184 12811 8495 -17399 -22566 -3261
-241 10286 7585 -14497 -18585 1231
2856 9238 8480 -11143 -13739 3760
4616 10400 10472 -8247 -8942 4424
5036 9992 10042 -6551 -1691 3880
6341 8357 10878 -3489 6265 4816
5950 9738 11202 3513 15506 5594
3531 9279 13400 848 14056 769
1268 14710 16818 -14981 12624 -613
889 16998 12762 -19504 16793 972
2201 4190 12752 -10270 19882 56
-628 3056 14758 -558 21795 1091
-2993 8371 16604 2701 22712 1232
-5870 10724 16100 2764 20394 433
-7690 11866 15410 -519 16656 855
-8285 10270 15854 -3154 9997 271
-8158 9556 16446 -3801 4138 210
-7902 8205 16342 -1609 686 1073
-7636 6524 16204 445 -684 1645
-6810 6455 16605 2568 -3390 2371
-5610 8462 16305 1452 -6397 3191
-4650 9320 15100 -487 -7242 3139
-3864 9189 13261 -1885 -6353 2797
-3064 8990 10834 -2236 -3187 2217
-3506 10534 9154 -3015 663 2284
-4893 11025 8889 -2028 2142 2170
-5501 10733 10541 -2029 1921 2747
-5513 11288 12884 -6918 1154 3330
-4634 10918 12989 -13505 1513 3943
-2949 6423 12812 -14841 1114 4041
-1866 3785 13210 -10560 1236 3737
-1914 4402 12924 -7435 3756 2965
-1893 4074 13260 -5121 6477 2619
-2613 3901 13729 -1417 10052 2589
-4018 3809 15374 -734 7544 1501
-4425 3972 15279 375 3969 923
-4804 5004 15880 1427 551 366
-5291 5859 17621 2110 -4151 -753
-4391 3849 15412 6726 -5379 -614
-3154 5173 15891 8205 -4588 619
-2282 7536 16086 5518 -5340 1606
-2106 8641 15284 4075 -5538 2058
-2314 8474 14308 3550 -4286 2737
-3388 9192 14137 3067 -2892 3939
-3673 9791 14596 1270 -2040 5517
-2522 8450 16104 -2354 -2444 5756
-1216 9108 16552 -10059 -1047 6057
404 6910 17268 -14289 393 5158
938 3792 17501 -12106 3016 3849
1124 2874 17877 -7953 7449 1721
102 2368 17927 -4753 9898 334
-894 1894 18074 -2181 9940 -8
-1333 2021 18986 -350 7169 104
-2302 2568 19377 1471 4178 -241
-2924 2717 20764 3137 162 -1444
-2948 3968 20808 3487 -2070 -2043
-2103 4332 20184 4884 -3238 -2036
-1342 5854 20033 3235 -3344 -1848
-1554 5798 17530 1102 -2952 -1841
-1962 5432 16910 1257 -1450 -1910
-3421 7168 16846 1336 2321 -2944
-4799 8888 18771 -439 5180 -4144
-5657 9064 18100 -1179 6812 -3411
-5744 6784 17217 697 5246 -1877
-6578 6337 15569 296 3229 351
-5949 7000 15283 -1247 5480 1697
-6371 7420 16883 -5175 8970 1601
-6379 5606 16093 -5877 11591 493
-7045 5088 15417 -3768 12828 -517
-8540 4305 16194 334 10035 -2312
-8854 4929 16569 4160 6380 -2813
-7572 3221 16713 7859 2937 -3068
-6908 3681 17832 8790 -2110 -3236
-6198 4273 17198 9297 -7032 -3671
-4305 4393 17937 7879 -11108 -3852
-1087 5460 14852 4783 -7084 -3695
1965 4080 11020 4259 -1268 -2696
1652 4864 9456 5555 1884 -3559
-1593 9222 12385 2037 150 -5924
-2716 14452 13405 -7978 -2390 -6389
-2349 12949 12224 -12921 -4893 -5315
-3161 9401 11182 -11845 -6755 -3735
-3318 5830 10704 -8263 -6428 -1357
-2077 5781 11569 -5688 -2889 875
-1238 7981 13219 -6416 2338 3140
-938 6487 13946 -3885 7565 4756
257 740 11880 2568 9948 3378
237 1597 14008 2167 12124 862
-1284 7884 16837 -5668 9835 -462
-2488 9140 16640 -7285 6232 1286
-1759 2719 17903 -4566 2600 -68
-5291 3581 17997 732 -283 135
-6080 5184 19260 5390 -3701 759
-6476 6545 20304 7258 -5474 303
-6556 7742 18468 8387 -4186 483
-4890 7287 16083 10128 -3670 1133
-6245 10800 16769 7665 -3989 2204
-6653 12450 17157 4732 -3013 2106
-6866 11640 16629 2347 -696 1779
-7582 10712 16132 1684 1951 1875
-8260 10208 16372 2075 1896 2048
-8083 10294 16872 1696 1137 3339
-7438 9668 17609 122 366 4714
-6170 8360 17372 -1005 -14 5488
-4354 5406 17098 -1971 -1794 5810
-3826 5145 16209 -3848 -2790 5804
-3190 4940 15352 -3618 -1842 5258
-3399 4384 14979 -1859 1075 3041
-4584 5876 15192 -1035 3244 1180
-5141 6264 15736 -693 2740 -603
-6042 6260 16021 795 2507 -1202
-6112 6925 16851 2184 1723 -1456
-6340 7386 17257 2540 853 -1437
-5461 7562 15841 2688 444 -504
-3776 8664 15466 791 -931 986
-3733 9418 13757 -1796 275 1449
-3604 8392 13324 -1522 157 1121
-4186 8457 15049 -3417 -1379 1158
-4384 10365 15693 -7077 -2659 1866
-3500 7652 14950 -9492 -4776 2596
-3318 4702 14750 -7867 -5715 3552