-12168 10346 11990 -5149 -3607 3858
-12064 10152 11596 -4556 -2986 4457
-12207 10233 11129 -3842 -2201 5347
-12333 10557 10652 -3047 -1969 6324
-12670 11081 10721 -3479 -2383 6443
-12945 11723 11005 -5262 -3605 6047
-13245 12185 11290 -7967 -5490 5961
-13857 12254 11369 -9967 -7073 6217
-14185 11998 11418 -11118 -7923 6600
-14822 11546 11846 -11521 -7687 6950
-15444 11280 12298 -11191 -6871 7317
-15664 10918 12650 -10813 -5989 7646
-15480 10298 12217 -9676 -4239 8158
-15433 8614 12970 -7342 -3973 7562
-13871 8560 10248 -3813 -2266 7375
-14746 8085 11333 -4340 -1346 6432
-15662 9225 12486 -4215 35 5841
-15904 9134 12238 -2010 1291 5737
-15596 8580 12678 192 2540 5739
-16160 9206 14229 44 2243 5021
-15768 9380 13196 -425 2420 4417
-14780 7800 12485 498 3220 3891
-13976 5952 11662 2844 3121 3653
-13373 5514 11560 5146 1330 3972
-13713 5178 11144 6525 -1160 4337
-13845 4558 10696 7899 -4397 5021
-13976 4629 10014 8525 -8017 5235
-14335 5586 9437 7655 -12736 5029
-15451 5844 9440 6257 -18738 4132
-16635 5631 10406 4379 -23815 2228
-16337 4846 10622 3565 -25859 515
-14802 2473 9976 6583 -24009 253
-13106 2442 9738 10108 -21526 636
-12594 2413 10345 11588 -20612 575
-10593 3049 8258 12625 -19371 -8
-9370 4079 7881 14384 -17514 659
-11011 6549 9853 12542 -18832 -68
-13309 10229 10166 6851 -21078 -519
-13650 11758 11336 1102 -23053 -475
-11714 11316 11228 -3014 -22963 219
-9842 7679 11033 -7278 -19766 -445
-7567 4661 11612 -7000 -13918 -1167
-7311 4271 12580 -6915 -13112 -3517
-7429 6881 13225 -7835 -10718 -6156
-6934 7652 10027 -4276 -3659 -6816
-7445 6642 11860 -2435 196 -7591
-7751 9950 12736 -2854 1452 -6643
-8029 9583 13442 -2994 775 -6914
-7024 9725 12972 -2214 657 -6780
-6283 10029 13088 -1017 957 -5613
-6220 10810 13151 1305 -57 -4385
-6714 11784 13495 3712 -3263 -3791
-6590 13450 14374 3243 -6155 -3736
-6581 13471 14571 1926 -8324 -4456
-6687 14089 15726 -180 -11856 -5319
-6730 15449 15362 -3623 -13465 -5090
-4486 14528 13492 -4121 -11927 -3837
-2826 13882 13264 -3512 -10809 -1942
-3072 14198 13242 -3457 -9709 -864
-2306 14068 11599 -3519 -8069 -295
-2037 14607 10594 -3919 -5509 1237
-3615 15389 11177 -4756 -3410 1958
-4712 16737 12000 -5885 -1518 2681
-5132 15800 13218 -7166 -470 3606
-4505 15113 14138 -9357 212 4751
-3952 14032 14546 -12129 1393 5157
-3728 12545 15036 -13490 2760 5039
-3053 10277 15128 -11882 5061 4460
-2866 8685 14954 -9013 8415 3738
-2327 9037 14083 -7623 10494 3647
-3551 8534 13502 -6698 9411 4263
-4466 8124 14093 -6494 6280 4746
-4372 7938 14269 -6825 2211 4454
-4024 8193 14256 -6393 -1101 3732
-4833 8741 14632 -5710 -3989 2975
-4888 8441 14192 -3384 -4843 2821
-4505 7702 13814 -140 -2388 3251
-4757 8943 14311 -284 -382 3476
-5070 9574 14218 -955 1237 3007
-5136 10572 13218 -1450 2721 2767
-5745 11093 13292 -3923 1935 2039
-6044 11657 12785 -6946 534 2187
-5176 9444 12163 -6928 -704 3409
-4181 7882 12878 -7237 -1655 4995
-3100 7160 13090 -7726 -534 6248
-2421 7179 13917 -8800 216 6196
-2296 6319 13598 -8483 1831 5079
-1431 4706 13064 -6216 4869 3943
-2564 5727 14550 -5454 5261 2875
-2856 5329 15177 -4013 3546 2888
-2900 5004 15328 -3168 2165 3172
-3153 5190 15948 -2124 -29 3810
-3616 4438 16598 -411 -2590 3566
-3616 4901 16865 819 -4159 2941
-3378 5240 16705 2815 -5701 1883
-3405 5954 16620 2758 -4723 1370
-3066 5593 16666 1646 -4266 883
-2847 6039 15749 764 -4030 718
-3128 6918 15172 438 -3201 666
-4091 7887 14846 -60 -2684 -20
-4780 9092 15882 -2025 -3733 -113
-5371 10233 15747 -4138 -4031 236
-4834 8680 15486 -4287 -3956 779
-4130 7788 15970 -3980 -3770 1846
-2101 6788 16508 -4367 -3898 2748
-1279 5757 16770 -8617 -4279 1810
-1321 6244 16373 -7176 -631 697
-1614 5465 19142 -3504 6812 -1856
-3692 8872 21371 -2896 13263 -4640
-4680 7746 21428 -2419 14049 -4827
-5124 6650 20714 -946 12260 -3651
-5759 6445 19080 735 8872 -1915
-5918 5554 18169 3181 3363 -86
-6654 6117 18840 4769 -1702 1468
-7454 7040 19011 5209 -6841 1830
-6279 6853 17968 5508 -9079 1499
-5662 6466 17197 4521 -7652 1036
-4491 5633 15610 2515 -4671 176
-4016 6097 13882 1210 -762 -968
-4005 6652 12869 -170 574 -1871
-3953 7193 12892 -1943 -555 -1529
-3622 7390 12244 -3257 -2186 -437
-2686 6754 11978 -4179 -3512 986
-1293 6360 11860 -5796 -2682 2104
-80 5358 12045 -6945 -552 1908
56 4580 12632 -8998 687 955
1440 3278 11480 -6818 4681 263
332 3598 13556 -5389 4816 -447
-325 3836 14591 -3016 3389 -209
-800 4114 15322 -1407 1815 133
-932 4444 15366 84 388 730
-1196 5225 16190 2318 -2087 314
-1737 6808 17395 2478 -3900 -451
-2012 7021 18090 2912 -5291 -1610
-2163 6499 18410 2885 -5553 -2120
-1268 5322 17211 1556 -4567 -1844
112 4978 15602 2242 -3345 -184
-499 6042 15406 4218 -2444 1121
-2418 8282 16678 4881 -3126 904
-3966 10810 18734 146 -5046 66
-4489 12696 18484 -7233 -6707 150
-4812 9182 16154 -5364 -8657 1889
-2845 6649 16256 139 -9124 5367
-730 7289 15953 -1134 -3777 8335
170 5435 16426 2732 6505 8421
697 3589 17702 4557 11899 5069
448 8660 20226 -3433 14794 2349
184 9086 19032 -7326 15024 499
-496 3066 18290 -4725 10869 -616
-2041 3532 17856 -8 8080 510
-3224 3573 18317 3613 4081 2629
-3013 4626 19644 4899 -829 3504
-3196 5316 18513 6121 -5430 3611
-2232 4744 16174 8721 -7635 3727
-2400 6929 16776 8306 -7753 4193
-2206 10296 15865 4220 -4442 4127
-1895 10640 14566 -10 -529 2427
-3155 9797 13897 -2773 2320 -1109
-3825 10248 14657 -5284 1625 -1834
-4016 9912 14437 -5924 876 -1156
-4840 9082 13928 -4770 309 228
-5240 8212 13446 -522 -1725 3230
-5628 8700 13568 2827 -2466 5346
-4853 10044 14875 2519 -1996 6978
-3028 10116 15384 -1259 439 8250
-2617 8280 15148 -3808 3407 7705
-2442 6838 14344 -4252 4866 7437
-2095 5265 13946 -3267 4986 7044
-2681 4364 14232 -2375 5279 6074
-3002 4289 14607 -2103 5297 5432
-3438 4001 14636 -2251 4879 4624
-3822 3620 14574 -2387 4259 4013
-4375 3448 14392 -2393 3240 3381
-4712 3185 14048 -1876 2618 3076
-4905 2416 14094 -228 3090 3620
-4633 3388 14580 653 3589 3701
-4373 4038 15146 5 3016 3057
-3962 4176 15494 -1334 2044 2220
-3563 4192 15526 -2463 1521 1391
-3493 4041 15541 -2762 1686 793
-3452 4286 15680 -2591 2157 500
-3603 4286 15769 -2191 2558 120
-4014 4223 15653 -1662 2456 -280
-4372 4480 15706 -1230 2131 -600
-4750 4509 16002 -572 2143 -827
-4954 4660 16413 113 2524 -960
-4983 5009 16658 681 2879 -1256
-5082 4942 16818 1160 2997 -1603
-5330 5034 17077 1546 3193 -1880
-5654 5189 16873 1788 3448 -2372
-6389 5551 17747 2130 4533 -2783
-7037 5986 18289 2062 5500 -3541
-6960 5645 18046 2196 5797 -3878
-6944 5576 17794 2886 5717 -3789
-6577 5602 17618 3222 5053 -3631
-6270 5709 17284 3104 3823 -3374
-5869 5854 16990 2642 2427 -3215
-5304 6190 16590 1909 1050 -3281
-5320 6021 15693 1009 -356 -3249
-5754 5302 14726 985 -1198 -3086