1316 -1638 16298 386 350 620
1284 -1489 16321 312 251 619
1328 -1485 16308 242 216 661
1292 -1450 16268 182 181 697
1301 -1370 16228 117 152 747
1314 -1461 16306 127 205 843
1342 -1548 16265 241 336 915
1357 -1545 16297 338 366 991
1325 -1604 16284 448 361 956
1205 -1534 16286 393 267 894
1250 -1597 16408 280 207 831
1296 -1600 16349 222 293 799
1192 -1565 16406 145 296 710
1197 -1454 16364 56 311 681
1126 -1438 16213 9 211 644
1120 -1459 16301 1 231 634
1027 -1461 16259 49 345 680
1029 -1384 16229 -30 268 770
1050 -1404 16200 -158 340 757
1018 -1345 16157 -284 410 774
962 -1318 16215 -473 421 731
1080 -1528 16226 -584 516 814
940 -1589 16347 -580 654 898
980 -1713 16428 -560 759 980
1076 -1781 16357 -478 822 1018
1068 -1814 16326 -411 773 959
1197 -1894 16372 -303 711 856
1268 -1862 16402 -264 623 767
1296 -1950 16394 -256 587 626
1380 -1989 16506 -253 567 456
1374 -1989 16660 -233 496 232
1502 -2049 16674 -233 357 39
1616 -2065 16622 -149 249 -213
1621 -2012 16573 -16 162 -438
1652 -1986 16602 96 127 -587
1634 -2034 16621 238 208 -684
1520 -1994 16694 327 340 -699
1444 -1993 16780 421 530 -714
1442 -2012 16729 531 660 -711
1460 -2081 16758 685 761 -709
1389 -2058 16673 798 800 -741
1238 -2046 16637 1104 744 -638
1030 -1766 16597 991 469 -815
981 -1874 16533 989 320 -904
958 -1710 16497 995 141 -890
941 -1543 16295 888 55 -939
942 -1378 16259 847 152 -926
836 -1258 16252 1015 149 -885
1104 -1350 15957 1108 146 -806
1216 -1378 15898 1289 267 -854
1469 -1601 15870 1750 731 -823
1089 -1568 15740 2296 977 -693
1362 -1346 15701 2799 1231 -684
1125 -1137 15457 2870 1329 -727
1476 -1038 15342 2511 1745 -1395
1072 -1424 15505 2614 2305 -1153
1192 -1093 15409 2533 3029 -1011
360 -648 15434 2219 2824 -1394
673 -1204 15425 1957 2731 -1528
792 -1469 15414 2324 2946 -1613
550 -1492 15385 2860 3144 -1569
469 -1336 15324 3209 3300 -1625
726 -1438 15185 3567 3598 -1807
901 -1600 15252 4191 4284 -1824
785 -1569 15469 4821 5171 -1783
476 -1104 15590 5024 5762 -1876
134 -728 15641 4601 5906 -2056
-317 -454 15708 3855 5714 -2238
-853 -73 15597 2800 5032 -2446
-720 58 15441 1676 4267 -2580
-408 -105 15708 792 3519 -2786
-477 -162 15936 340 2848 -2830
-181 -748 15830 415 2643 -2992
354 -1273 15993 833 3692 -3201
-242 -1065 16286 1075 4722 -3242
-380 -824 16446 1131 5265 -3543
-560 -866 16544 979 5820 -3794
-864 -973 16517 1216 6418 -3906
-960 -897 16501 1537 6759 -4237
-1650 -140 16732 1371 6616 -4339
-2105 25 16881 615 5792 -4575
-2389 41 17068 -228 4862 -4936
-2417 -153 17254 -921 3796 -5092
-2444 -90 17392 -1692 2688 -5072
-2288 -404 17508 -2229 1716 -4969
-2269 -700 17673 -2091 976 -4973
-2020 -973 17777 -1512 912 -4959
-2081 -902 17972 -1078 1113 -4778
-2074 -940 17809 -497 1432 -4713
-2173 -674 17649 227 1856 -4759
-2345 -324 17517 511 1990 -4717
-2500 242 17469 242 1665 -4553
-2698 570 17426 -270 822 -4362
-2506 648 17332 -644 103 -4045
-2398 713 17233 -1048 -300 -3624
-2473 909 17225 -1087 -677 -3134
-2146 710 17342 -870 -946 -2653
-1794 456 17520 -340 -1262 -2359
-1685 449 17502 356 -1548 -2103
-1573 1093 17398 650 -1743 -1954
-1509 1174 17529 470 -2095 -2106
-1068 1042 17864 450 -2044 -2256
-708 968 17809 1204 -1824 -2211
-801 922 17184 1920 -816 -2735
-488 922 16881 1523 -169 -3069
-766 1620 16920 8 -375 -3182
-548 1472 16614 -955 -479 -2940
149 751 16633 -1035 193 -3005
229 548 16468 -575 840 -2458
-402 550 16288 92 1033 -2241
-1253 828 15999 357 320 -1662
-1053 1131 16043 -434 -410 -844
-864 569 16345 -979 -930 -547
-854 98 16325 -890 -1041 -406
-896 -637 16078 89 -826 -521
-1096 -1209 15873 2022 -258 -871
-1553 -1010 15889 5141 -161 -1157
-957 240 16035 5497 -718 -484
-769 1109 16432 3792 -1645 345
-1053 1472 17117 1398 -2956 773
-1140 1302 17517 -788 -4226 827
-908 654 17298 -2119 -4590 626
-261 -161 16765 -2666 -3965 419
433 -1077 16540 -2365 -2766 124
956 -1334 16644 -2203 -1714 198
785 -1090 16900 -1910 -808 366
436 -1278 17250 -1269 -722 473
764 -1656 17259 118 -347 737
604 -1508 17178 1646 248 1120
353 -1128 16964 2852 747 1543
133 -561 17065 3309 1023 1706
164 -685 16928 3225 1415 1267
292 -301 16820 2803 1827 1214
99 57 16816 1809 1547 780
102 398 16969 643 801 612
755 -496 16937 376 760 178
944 -278 17194 664 1176 275
971 -234 17300 1025 1069 254
829 -89 16837 1233 1587 60
342 136 16571 1393 1990 49
-293 594 16527 1374 1956 25
-866 1010 16453 491 1388 30
-978 1091 16259 -637 721 -61
-870 610 16239 -1469 153 -201
-716 299 16012 -1456 -130 -259
-1085 -455 15818 -671 134 -623
-1332 149 15745 689 218 -837
-1109 124 15934 1245 449 -662
-942 362 16254 756 453 -168
-1287 859 16835 -645 -162 55
-1133 1530 17246 -2296 -1306 31
-717 890 17504 -3871 -2039 -108
-536 509 17518 -4634 -2563 -179
-378 -325 17097 -4168 -2558 -505
322 -1168 16606 -2179 -1498 -922
554 -1173 16484 -242 -90 -664
149 -396 16873 461 400 -272
-141 -122 17228 665 322 -292
-11 -431 17554 988 -76 -57
-105 -348 17130 1826 9 -47
-68 33 17118 2925 483 -248
7 247 17321 2998 910 -767
469 -238 17657 3344 1323 -1341
1633 -726 17540 4536 2460 -901
1698 -205 17360 6435 3681 -518
606 1608 17194 6151 3542 -658
-573 2512 16854 4099 2978 -1352
-714 2382 16334 2607 2703 -1804
-1276 2282 15652 2085 2463 -2043
-1278 2373 15506 1065 2937 -2090
-1625 2593 15945 40 2290 -1730
-1453 2389 16565 -541 888 -1390
-897 1973 16784 -376 127 -982
-480 1843 16961 165 -158 -768
-462 1782 16702 -8 -218 -662
-639 1598 16457 -499 -1 -875
-737 1350 16470 -732 36 -1110
-908 1588 16389 -994 109 -1184
-1021 1772 16537 -1425 6 -1116
-1116 1948 16849 -2040 -414 -907
-1068 2010 17042 -2575 -1042 -654
-900 1866 17166 -3047 -1570 -540
-582 1550 17090 -3384 -1635 -350
-300 1113 17084 -3169 -1284 -102
-104 751 17100 -2616 -769 -60
66 697 17024 -1900 -245 -160
123 552 17088 -1238 109 -150
50 513 17041 -414 515 -90
-199 655 17007 280 851 -41
-482 1085 16760 544 867 -51
-504 1215 16790 409 505 44
-504 1319 16822 238 94 51
-402 1372 16760 -140 -153 157
-419 1450 16760 -671 -313 214
-405 1306 16844 -1120 -708 153
-206 1180 16561 -854 -956 249
131 766 16596 -534 -847 290
159 683 16794 -70 -820 311
52 758 16907 291 -843 316
-193 1276 16911 324 -986 441