-3074 7690 13204 941 -9356 -12693
-2686 7416 12774 1961 -9061 -13128
-2028 7720 12189 3352 -8659 -14022
-1878 8056 11854 4546 -7971 -14679
-2024 8748 11938 5241 -6959 -15179
-2418 9972 12732 4942 -4865 -15773
-3053 11210 13370 2902 -2343 -16405
-3250 12101 13667 283 -1141 -16356
-3890 12592 13643 -2424 -851 -16190
-4314 12121 13886 -3460 -1597 -16070
-3910 12161 12753 -3291 -2391 -15541
-4489 11032 13115 -1418 -761 -14435
-4544 10030 12592 376 611 -13831
-5187 9848 13495 1604 2791 -14476
-5521 11185 14497 2099 4108 -15615
-6080 10730 13657 5000 6219 -15814
-6633 10045 13190 7305 7264 -15485
-6909 10972 12906 8494 7977 -14822
-7640 11789 13447 8388 7683 -13904
-8468 12270 13376 6837 5369 -13193
-8664 11888 12856 6448 3708 -12867
-8599 11733 13345 6628 1505 -12870
-9217 12282 14005 5835 -2587 -12874
-9479 11663 13817 5830 -6474 -13053
-9085 11237 12885 6822 -8241 -13111
-8901 10692 12256 8090 -8894 -13156
-9210 10977 12192 8264 -10123 -13407
-9429 11737 11650 7202 -11232 -13782
-9544 12349 11268 6576 -11428 -14266
-10062 12513 11328 6107 -10531 -15292
-10660 12308 11636 5807 -10214 -16180
-11110 12436 11784 5585 -10467 -16988
-11279 12033 11251 5995 -9735 -17111
-11848 11397 11437 6828 -9346 -16720
-11710 11098 11505 7421 -9198 -16722
-11240 11484 10776 7872 -8077 -16125
-10603 11980 10344 7873 -6566 -15175
-10205 11478 9354 8566 -5254 -15019
-10016 11492 8477 9100 -4575 -15196
-10139 13239 8329 7979 -4025 -14601
-10441 14389 8561 5541 -4143 -14007
-10366 14721 8769 2824 -4705 -13370
-10304 14450 9058 350 -5246 -12848
-10208 14099 9538 -2554 -5716 -12401
-10076 13074 9962 -4449 -5739 -11963
-9382 11966 9966 -4733 -4986 -11309
-8959 10883 9698 -3198 -2868 -10615
-8766 10385 9377 -509 -75 -10055
-8860 10202 9440 1407 793 -9787
-7421 9653 8174 4897 -85 -9516
-7966 8937 8860 9550 3090 -9092
-8430 10376 11168 9265 4247 -9305
-9114 13800 12889 5609 2727 -9369
-8630 13850 11945 3490 2121 -9404
-7849 12180 11510 4496 2177 -9634
-7628 11693 12053 6317 1641 -9809
-7936 12438 13092 7139 1037 -9734
-8390 13314 13769 6449 81 -9638
-8418 13593 13721 5534 -484 -9544
-8048 13253 13672 5526 -570 -8954
-8045 13414 13913 5836 -758 -8459
-8243 13506 13889 6276 -1725 -8323
-8168 13942 13600 6471 -3510 -7898
-8133 14031 13241 6364 -4824 -7506
-7931 13522 13089 6146 -6839 -7079
-8016 12746 13288 6566 -8639 -6684
-7396 12193 13061 7644 -9829 -5851
-7102 12312 13433 8404 -10388 -4944
-6275 12658 13484 8583 -9855 -3792
-5984 12608 13037 8881 -8391 -2879
-5624 11997 11837 9748 -7308 -2136
-5066 12156 11258 9563 -6697 -1599
-4988 12680 11154 8366 -6694 -1390
-5556 13633 11604 5868 -6596 -1645
-6122 14544 12038 2612 -7119 -1594
-6148 14132 11648 -180 -8182 -1331
-6897 13641 11854 -2194 -9284 -1189
-6948 13224 12280 -3061 -9838 -1089
-6924 12855 12883 -3765 -10116 -950
-6454 12122 13378 -4180 -9372 -639
-6582 11972 13710 -3800 -7902 -332
-7169 11986 13881 -3283 -6126 -372
-8028 12237 13990 -2123 -4481 -900
-7860 13565 14219 -810 -2046 -1370
-8126 15013 14838 -617 -218 -846
-7860 15192 15230 -891 558 -208
-7320 13958 14316 -414 1928 -259
-7138 12853 13337 1603 4129 263
-6749 11452 12246 5683 5568 1923
-7212 9660 12334 9643 7553 3402
-8372 11330 15046 6480 10088 4338
-9392 15924 17050 -1167 10630 5754
-10737 10848 17044 -4148 9358 6010
-11333 9102 16822 -2377 6961 5847
-11760 8761 15966 -1478 4043 4745
-11406 8789 14795 -2078 1304 3795
-10433 9772 14212 -3241 -2503 3582
-9906 9860 13768 -4679 -4532 2863
-8848 9098 13448 -4870 -7893 1988
-7873 9396 13177 -4856 -12305 809
-7129 9020 12930 -4482 -15127 -179
-6296 9010 13149 -3795 -17282 -1022
-5082 9138 12808 -2747 -15878 -1466
-4272 8603 12213 -30 -15163 -1414
-3627 9218 12529 2232 -15419 -605
-2794 10808 12704 1895 -14632 436
-1514 12364 12576 -1922 -13931 917
-1886 13401 12838 -6867 -13830 1725
-2080 13768 12736 -9014 -13797 2257
-2647 13700 12102 -9809 -13080 3329
-3137 12552 12781 -9216 -12984 5119
-2550 12538 11582 -7360 -13028 6983
-453 13919 11564 -6495 -10005 10147
1745 11461 11733 -4675 -7058 11897
1948 8917 8922 -523 2728 11948
484 9600 12212 2496 9015 10674
5739 6794 12702 4940 14185 10401
1355 13601 19400 -7357 14365 8757
1098 17926 20290 -15199 11456 9596
-2995 11869 20411 -17412 6213 5769
-4368 8389 19658 -14604 -598 2568
-2789 5274 19216 -7007 -4574 1632
-2084 5502 18776 -2173 -5010 1931
-2116 5485 18228 3155 -4493 4203
-2377 7244 17876 10474 -5627 7558
-3221 10449 18621 12786 -4694 8227
-2549 13338 18525 11228 -2846 8180
-2902 15482 18701 7664 -2773 8696
-3490 15577 17900 4167 -4009 8663
-2913 15141 15700 1072 -4175 8730
-3349 15167 14414 -3353 -4242 9102
-4914 15649 12429 -5029 -4374 10819
-4122 12768 9141 1122 -7662 13586
-335 10259 6448 7137 -2936 17412
1342 11038 12135 -4603 5931 15678
1670 18679 12924 -25242 12469 13334
132 9112 11900 -28704 13623 9000
-3124 5017 13170 -24921 9210 6426
-5828 8049 15996 -19367 4114 5622
-6832 5444 15116 -14419 2910 4210
-3089 1192 12676 -1007 5107 4747
-1882 -1314 9656 14348 8316 7630
-2732 2475 11142 19009 10186 8186
-2390 8436 11614 14733 9034 9339
-2495 10905 10942 9165 4963 10600
-4491 13294 9757 1827 2524 11434
-6173 12865 8760 -544 1018 11161
-6522 11700 9766 -4033 -159 10132
-5533 12264 10538 -9285 295 10089
-3474 8256 12294 -17257 1696 9165
-3056 5336 12714 -23357 2047 8206
-2351 2678 12816 -22392 3004 7194
-2842 1232 14825 -18226 3024 6437
-3426 1568 16584 -14746 962 6493
-3986 2332 17499 -9257 -1264 6219
-4214 1056 17546 1732 -811 3979
-3173 -4 15673 10914 1094 2598
-2966 2039 17227 12530 1974 1495
-2704 4512 15834 8086 1967 1543
-2593 6251 15117 6550 2550 2860
-4606 7092 15554 4872 793 1789
-7398 10676 15210 1154 -2525 1337
-9604 11682 14989 -852 -7030 1119
-8394 10264 15392 -1660 -9433 1564
-4869 11972 17621 -7771 -6284 3333
-1227 4570 17703 -10469 -2933 2458
-2141 3525 20862 -17499 -3540 85
-3352 7121 19793 -18551 -2021 -808
-3592 130 18906 -9823 3244 -5144
-4229 1004 19741 -553 7497 -5203
-6220 2478 21277 4014 8505 -5066
-6410 3042 21612 5934 8078 -5174
-5451 4026 21201 6783 7437 -5651
-5046 5064 20142 5966 5957 -5795
-4680 6082 19050 4769 4696 -5919
-4205 6406 18150 3795 3603 -6081
-4033 6405 18345 3431 1371 -6589
-4776 7422 19049 2411 -827 -7875
-6173 7474 18200 698 -3172 -9258
-5509 5452 16642 1820 -3973 -9802
-5053 4941 16621 4392 -2786 -9673
-5384 4562 17146 6400 -2523 -9502
-5280 5295 16956 8173 -2717 -9554
-4230 6905 16042 8389 -1918 -8835
-3748 7628 15424 8362 -1686 -8229
-3627 8999 14416 7932 -2184 -7194
-2945 10667 13842 797 -4030 -6893
-1758 10279 12244 -6994 -7013 -6795
-2432 9094 10605 -7046 -9075 -5868
-1360 8308 10520 -5109 -9712 -4283
198 7754 10728 -4595 -8803 -2994
1264 7063 11905 -4131 -6271 -2182
2114 6884 13136 -4176 -4408 -2364
2429 6892 13524 -4115 -3458 -3149
2833 7079 13586 -4181 -3116 -3792
3272 6240 13332 -2254 -2478 -3762
3102 6573 13609 492 -1799 -2997
2794 7006 14122 1343 -1338 -2471
2361 7203 14506 1212 -1717 -2436
2100 7749 14989 433 -2400 -2595