-8960 2304 14757 -183 302 190
-8856 2133 14753 -111 414 413
-8853 1984 14802 -98 727 793
-9214 1786 15233 -82 1395 1308
-9693 1593 15605 138 2303 1894
-9940 994 15980 545 3263 2755
-10277 265 16142 1702 4158 3525
-10681 -386 16421 4082 5192 3939
-11484 -477 16681 7388 6291 3546
-11725 26 16918 10080 7369 3290
-11734 1425 17393 11208 7641 4382
-12973 2949 17557 12850 6424 5119
-13238 3460 17466 14509 3833 5468
-13241 4421 17400 14969 446 5678
-13220 5977 18061 12928 -2626 5230
-12862 8621 19353 8198 -5289 4866
-13352 9366 19673 3865 -8766 3279
-13878 9325 19509 993 -13051 835
-13541 10404 19145 -1665 -15972 -588
-13153 10602 18541 -3676 -17958 -909
-12361 10332 17786 -4938 -18957 -991
-11720 9476 17498 -6454 -20075 -1277
-10792 8910 16973 -7952 -21536 -1040
-9644 8082 16924 -8354 -22947 -463
-9106 7968 16848 -7317 -23197 150
-8117 7620 17008 -6476 -22719 1100
-7340 7913 16917 -6221 -21790 2379
-6696 8293 16269 -5400 -20099 3828
-6226 8056 16012 -5317 -18070 5282
-5945 8466 15882 -6201 -17748 6910
-6097 8913 16296 -8291 -19207 7750
-6388 9401 16301 -10854 -19951 8223
-5328 7701 15568 -11744 -20758 7850
-3166 5410 14576 -9880 -21398 7544
-882 4520 13701 -6185 -20766 8806
-212 4454 12260 -2593 -19520 10146
-25 3590 11445 -241 -18820 11366
473 3138 10648 2264 -19313 11662
430 3305 9864 4355 -19483 10890
1014 3185 9338 4422 -21053 9703
1689 2394 9154 3942 -24052 8197
2280 1406 9974 3743 -26198 7232
3603 1472 9962 1467 -23486 6219
7390 1116 10088 -531 -17945 5959
7557 2714 10106 -1322 -13207 5981
7936 1771 8364 -231 -8152 4629
7292 1932 7752 533 -4997 4294
5203 4607 8021 -1866 -1955 3988
3254 4288 8245 -2501 -1960 4089
5074 3102 9461 -146 21 4967
6077 2085 10728 -1768 6869 4739
7162 -880 12885 -3685 15274 1236
6914 2208 17350 -10810 18028 -1001
6392 -1925 13857 -6852 20253 -2734
5405 -5253 14466 -4347 21171 -3578
3192 -1613 16133 -4627 18090 -127
-933 190 17598 -3548 13278 1267
-1610 -2624 17774 2789 8820 897
77 -957 18857 7526 5591 1849
209 3446 20008 7256 4751 692
-212 4130 20133 5491 4037 -1451
-729 3176 19868 4465 2935 -2533
-770 2932 20213 2394 1491 -3074
-709 2954 20524 -70 -204 -3419
1469 1897 19226 -1104 -1534 -3336
3224 1604 17002 -874 -2111 -1965
4173 1888 14745 437 -1614 -742
2517 3554 12225 4896 -410 -105
-505 5834 12897 9478 -479 61
-2572 8777 14570 7548 -1045 39
-361 10810 15929 1087 664 313
873 8662 17414 -6295 2718 -1017
2652 4914 19949 -10016 3428 -2449
2721 3422 20229 -10639 3778 -3049
2464 1610 18557 -8041 4602 -2983
2993 821 18081 -5484 5652 -2635
2424 1350 17693 -4835 6313 -1877
1633 1180 17209 -3226 5009 -918
356 1564 17345 -1774 2674 -352
-1152 1724 17245 773 967 20
-822 1517 17412 4049 -593 261
-493 1941 17689 5858 -2777 -237
-225 3308 17116 5707 -3706 -615
604 3316 16756 4834 -4331 -624
1118 3390 17034 2962 -5250 -712
1236 3921 17290 530 -5767 -1004
1921 3528 17150 -439 -6065 -974
2560 3477 16830 -507 -5403 -665
2481 4136 15876 -203 -4368 -286
2568 3942 15654 -491 -3897 -430
1840 4740 15225 -1352 -2797 -661
1254 4610 14810 -1617 -1753 -1032
1176 4736 14996 -1253 -1594 -692
1236 4525 15789 -1686 -1909 -411
1600 4557 16240 -3000 -1243 101
2105 3759 17140 -4115 -383 461
2826 2725 17693 -4390 61 95
2812 2214 17932 -4553 79 -120
2906 2017 17444 -4626 4 -209
2842 1570 16738 -3756 175 -439
2670 1121 15953 -2073 658 -475
2344 1085 15434 -284 1246 -468
2089 1557 15262 967 1728 -486
1957 1990 15374 1419 2043 -452
1993 2328 15441 1669 2267 -399
2148 2513 15494 1828 2388 -457
2416 2528 15565 2056 2546 -527
2588 2690 15713 2094 2901 -740
2693 2912 15644 1740 3359 -939
2793 2777 15445 1423 3795 -1251
2928 2393 15021 1182 4085 -1516
3029 2101 14348 1210 4285 -1667
3094 1773 13782 1576 4559 -1761
3190 1588 13034 2130 4979 -1858
3397 1198 12261 2778 5496 -2030
3660 872 11476 3566 6135 -2165
3728 774 10832 4274 6913 -2508
3753 1448 10216 4421 7849 -3050
3448 2472 9996 3768 9250 -3834
2721 3657 10078 2458 11075 -5065
2105 4425 10164 608 12825 -6608
1989 4432 10166 -389 15253 -7827
1256 4493 10090 -471 18136 -8487
874 3721 10006 -333 20743 -8827
556 3285 9828 -1308 22198 -8219
-548 3056 9797 -2969 22351 -6823
-2668 3405 11269 -5468 21578 -5612
-4480 4390 12361 -6681 20314 -4362
-5670 3797 13993 -6482 18687 -3309
-7022 3240 15648 -4767 17763 -1967
-8216 3026 16740 -2529 17065 -752
-8589 2357 16918 -78 15953 468
-8628 1994 16765 2262 14257 1447
-8922 2429 16809 4427 12429 2336
-9358 3325 17210 6386 11208 3143
-9856 4636 17810 7628 11095 3306
-10112 5213 18585 8112 12092 3229
-10378 5986 19704 8178 14284 2830
-10377 7004 20330 7499 16352 1682
-10644 7060 20386 6309 17586 326
-10981 6602 20397 5198 18436 -1033
-11388 6341 20030 4927 19773 -2386
-12028 5838 19174 5436 21378 -3220
-12548 5181 18073 6451 22876 -3627
-12614 4920 17032 7326 22933 -3635
-12753 4080 16113 8071 21751 -3227
-12838 4473 15548 8501 20399 -3010
-13202 5186 15136 8336 19336 -3129
-14290 2920 16501 10138 17921 -2987
-14989 5398 15597 10873 15440 -2251
-15374 5708 15254 10763 14041 -1709
-15546 7118 13282 14246 14066 -1036
-18353 11920 16706 2078 10859 -3051
-17781 9864 18014 -6558 4714 -3994
-15086 6012 15034 -5256 -1450 -1293
-12156 4802 12528 -838 -2726 674
-11430 5654 11206 1184 -2928 1473
-10622 5768 10133 449 -2114 1273
-10200 5750 9837 -425 -1355 1066
-9930 5676 9757 -426 -628 864
-9958 5618 9801 -181 134 675
-10477 5974 10138 -554 713 356
-11002 6142 10625 -1242 812 -44
-11669 6017 11173 -1508 1018 -331
-12310 5826 11498 -1359 1367 -584
-12714 5738 11809 -1088 1692 -709
-12948 5429 11942 -969 1712 -717
-12778 5097 11890 -857 1623 -622
-12510 4632 11905 -452 1286 -356
-12162 4276 11861 86 643 -60
-11878 4437 11537 244 284 204
-11784 4761 11449 -76 233 248
-11817 4824 11402 -292 288 68
-11912 4866 11497 -110 305 -58
-12029 5209 11502 32 280 -97
-12078 5614 11490 -58 353 -50
-12072 5822 11389 -107 318 -38
-11958 5953 11422 -154 301 17
-11896 5932 11392 -110 232 142
-11878 5961 11485 -96 205 219
-11841 5764 11365 -113 86 213
-11953 5517 11402 137 87 346
-12034 5370 11525 371 298 475
-11972 5293 11662 356 444 399
-12140 5633 11768 172 360 186
-12125 5885 11773 -58 289 -25
-12133 6126 11681 -287 295 -104
-12060 6144 11517 -513 284 -27
-11913 6006 11274 -511 295 53
-11726 5989 11161 -462 310 54
-11606 5909 11113 -466 256 5
-11490 5753 11132 -513 189 15
-11532 5601 11237 -470 80 -33
-11685 5616 11329 -479 -39 -42
-11876 5756 11486 -483 -160 -87
-11982 5852 11508 -608 -263 -130
-11978 5723 11531 -634 -350 21
-11986 5536 11466 -527 -323 278
-12006 5410 11488 -534 -373 389
-11881 5445 11442 -489 -563 198