-21058 8554 -1450 -5594 22511 -15393
-20960 7972 -1570 -2613 20394 -12799
-21370 7656 -1858 478 18044 -10050
-21749 7781 -2424 3406 15778 -7474
-21904 8034 -3068 6018 13568 -5004
-21761 8000 -3718 7957 11862 -2909
-21484 7920 -4214 9456 10652 -1224
-21381 8152 -4544 10136 9958 -147
-20945 8285 -4733 9590 9650 496
-20561 8370 -4636 8274 9915 934
-20914 6780 -3710 6977 10931 1858
-20622 6221 -3102 7426 11117 2281
-27024 7166 368 7646 9707 974
-31294 5352 3121 6900 503 3625
-24448 7792 6756 5572 -9699 3484
-27961 90 10041 9270 -14677 2607
-25458 -140 9416 12940 -19990 3002
-22257 1617 6576 10583 -21962 3226
-19662 -172 3670 8098 -17306 401
-15960 1584 2161 5799 -11466 -324
-13821 1560 1004 4504 -6857 -110
-13289 3034 -740 3152 -2136 428
-13960 3980 -1805 2229 -490 360
-13686 3189 -2386 2771 710 -39
-14756 3492 -3504 3376 317 -27
-16389 3840 -4268 2894 43 -556
-18240 3697 -4557 2500 -1002 -1366
-20502 4240 -4730 2439 -3068 -1596
-22701 4754 -4930 1900 -4991 -904
-26424 6133 -4737 1366 -7346 54
-31342 7332 -2184 -1351 -11805 551
-32768 7906 -292 -4049 -17768 1867
-32768 7488 997 -4571 -22464 3798
-32768 7332 2149 -4240 -26033 5059
-32768 8924 3308 -4830 -29747 6697
-32768 11754 5689 -5979 -32471 7616
-32768 11065 8809 -6293 -32586 9499
-32768 6726 11962 -1775 -32263 13369
-32768 4289 13872 6520 -30046 19140
-31078 4185 14058 14664 -26454 24079
-21457 7922 14102 18010 -26140 29253
-9584 14273 17698 11885 -25464 32324
174 18782 24436 786 -23392 32767
5120 20214 30909 -11923 -18777 32422
6886 17396 32767 -23226 -16136 28981
6564 14001 32767 -31699 -18382 24265
9234 10426 32767 -32768 -25596 19143
17525 7469 29951 -32768 -32458 14502
27082 8492 18314 -31950 -32768 12613
32767 6017 5870 -24317 -32768 16204
32767 4458 -6069 -13846 -32768 17767
32767 798 -14884 -8056 -32768 18131
32767 1417 -13484 -5347 -32768 14925
32767 2232 -2472 -11877 -27555 4596
28959 4657 8890 -30407 -14934 -14554
3710 2385 8142 -32768 -168 -31821
-24465 -16620 5790 -32768 19180 -32768
-32468 -32768 -1173 -14808 32767 -32768
-32768 -20010 -5674 6885 25487 -32768
-32768 5406 -9910 6642 -14022 -32597
-32768 13046 -12373 10126 -31117 -19265
-32768 8462 -20294 17974 -18903 5154
-32088 -3652 -24328 25424 -5663 23883
-19112 -5305 -20877 20882 -989 28811
1030 -6861 -11578 3111 6000 21718
15260 -14358 -784 -12186 9720 3069
17309 -10781 6488 -16920 7138 -6095
6037 -8229 14082 -13525 5265 -9740
-7238 -2145 19454 -6747 2688 -13232
-16358 3690 21604 -2987 1157 -10773
-22093 4712 20825 -278 -18 -6563
-22318 1862 17589 2814 -402 -2049
-16397 1041 16536 5664 -147 1182
-9712 1453 15776 7093 -574 2595
-4826 1981 15264 5798 -415 2493
-1390 2986 15437 2675 412 410
-794 3054 16166 -779 1264 -2129
-2976 2116 17825 -3344 2423 -2987
-6058 2221 19134 -3767 3386 -3666
-7848 2788 19306 -2344 3207 -3503
-8368 3700 18760 -43 3189 -2414
-9916 4874 17480 1725 2869 -1045
-10586 5821 16252 2756 1617 393
-9178 6104 15282 3335 775 1780
-7362 6001 15146 3891 488 3641
-4380 4421 15474 5097 623 5341
-2628 4213 15704 6292 695 6554
-2088 3421 17088 5509 -413 6195
-1710 3060 16901 4342 -4307 2474
-1206 2572 15677 3277 -8644 -1297
-1374 846 14534 4563 -11858 -5257
-902 -21 13808 10078 -13560 -6948
-6368 3201 15254 14516 -15817 -7055
-8829 3058 15410 17199 -14615 -6590
-7550 3462 14468 20376 -6682 -6009
-8040 4136 11400 23150 1992 -4827
-11412 7136 9065 23245 10367 -1921
-16592 12888 9428 18098 11906 1368
-21852 14513 11989 8084 8007 2179
-14586 12125 15050 -4474 -1557 1854
-15325 6932 16062 -6927 -8191 1088
-11025 5048 17861 -7696 -10770 2187
-5529 2850 20866 -6878 -6037 3342
-2894 2957 20698 -3329 152 5094
587 1393 17727 -2919 8521 1286
-5358 9326 17880 -13611 5071 -4938
-10642 7674 16620 -19574 -5776 -3919
-4790 -1997 17220 -18504 -6889 -911
-7000 -2714 18856 -8888 -13731 1565
-4155 -2261 19221 1794 -10644 4548
-4468 1742 17453 8811 -665 4319
-3800 2646 17106 10460 6478 2757
-4245 5536 17105 8239 9822 1086
-5304 6568 15816 2965 12076 -2094
-5521 6346 13720 -2500 12638 -2832
-5231 5018 13859 -3750 11218 -2361
-6236 2694 14520 -175 8084 -1868
-2270 2758 15349 3688 4685 -729
-22184 7726 13416 3690 4010 3127
-8600 9185 15177 696 75 1676
-9325 3929 12723 -339 1421 -2486
-7252 5607 13459 -325 1892 -3100
-8510 6181 13528 -3413 2085 -3625
-7867 5492 14660 -4710 4501 -1537
-2238 4076 12433 -5439 8105 1314
-11442 10378 16640 -15902 -2965 504
-5109 -387 15976 -14222 -6781 -1605
-1526 -620 16802 -6305 12 -1420
-6727 -1916 16781 1487 786 87
-7640 -1160 15022 10562 4210 -35
-4917 633 14149 14259 5940 -188
-6728 6665 14900 10861 5469 -1036
-10813 9208 15546 -3640 -3511 -5249
-10342 7717 16266 -14950 -9390 -8423
-7078 5173 16162 -13965 -9251 -8702
-6317 4319 15727 -8874 -9335 -11189
-3586 3272 15742 -6800 -8082 -13599
-396 2718 16534 -7055 -8852 -13219
-16424 3752 16328 -7803 -8056 -10720
-15204 6925 16205 -8594 -10528 -6519
-6477 2108 17464 -11513 -10621 -6529
-7534 536 15865 -6235 -4840 -5389
-9413 2598 15392 -4455 -2773 -4530
-8853 4408 16025 -7019 -2328 -4441
-7502 2890 16378 -7943 -1996 -2836
-6237 1321 16363 -7187 572 -1605
-6838 556 16197 -7525 2363 -777
-9313 -1998 13880 -5972 3406 264
-11820 -1764 14950 -1849 2249 2055
-26034 2532 15925 -7896 -14359 1252
-9608 -11313 10777 3968 -11290 -137
-15330 746 9469 2837 -7190 4269
-13261 1390 8632 2819 -7968 4940
-9342 920 7602 4212 -5272 4794
-6922 1548 7328 5990 -1183 6720
-6445 4240 8665 5557 1824 8119
-4839 4672 11335 3401 3315 7744
-5100 5948 13433 20 1670 6672
-4778 6057 15322 -2784 -1379 5697
-3603 4812 17169 -6102 -3891 4908
-2176 4089 17829 -7913 -4808 4351
-589 2466 18374 -7590 -4098 3832
234 2020 18030 -6879 -2783 3360
406 1077 16996 -5147 -1125 2892
-97 2484 15649 -4053 -65 2602
-258 3441 15257 -5285 1104 2569
-205 2876 15464 -6539 3164 2843
84 2776 15878 -7018 4422 2740
259 2117 16908 -7881 6004 2880
-208 518 17825 -8328 7241 2962
-570 -237 18176 -8272 7064 2730
-804 -916 18512 -8301 6248 2401
-1462 -1048 18604 -8608 4628 2274
-1550 -1990 18468 -8372 2545 2118
-1629 -2628 18170 -7413 922 2133
-1742 -3002 18032 -6348 -333 2377
-2218 -3198 17716 -5355 -1187 2486
-2469 -3349 17456 -4407 -1802 2448
-3042 -3352 17001 -3453 -2444 2165
-4003 -2336 16585 -3429 -3240 1820
-4394 -1892 16655 -3772 -3487 1317
-4282 -2147 16974 -3768 -2776 1062
-4038 -2440 16998 -2951 -1973 936
-3838 -2678 16776 -1702 -1315 1009
-4010 -2700 16728 -661 -817 929
-4278 -2400 16464 -38 -927 792
-4644 -1560 15884 -318 -1842 339
-4431 -1319 15005 -1005 -3246 -100
-3983 -1311 14331 -1093 -4293 -18
-3794 -729 13993 -1227 -5015 52
-3681 -706 14100 -1730 -4931 -17
-3165 -1284 14270 -1833 -4141 47
-3153 -1038 14338 -1973 -3212 29
-3209 -726 14280 -2551 -2512 -44
-3093 -828 14488 -3240 -1715 -123
-3401 -1066 14590 -3738 -830 -192
-3604 -1248 14684 -4163 -298 -281
-3357 -1912 14833 -4403 266 -297
-3502 -1618 14729 -4692 502 -289
-3578 -1413 14702 -5240 249 -122