-15862 4238 1778 -4156 -1252 748
-16153 4496 2364 -3571 -1566 1234
-17465 4386 2869 -3029 -631 1437
-18486 4352 2882 -1619 -682 2628
-19456 4606 3070 886 -982 3072
-20680 5784 3644 2250 -1652 2520
-21716 6284 2777 2669 -3563 2855
-21958 6561 2774 2314 -4207 2488
-21865 6448 2989 1969 -5000 2947
-21752 6917 2634 1500 -5659 3652
-21410 7029 2858 811 -6219 4275
-20892 6809 2972 108 -6607 4987
-20534 6245 3445 -234 -6813 6333
-20152 5245 3482 277 -6204 7663
-19526 4436 4320 1661 -4418 8718
-19069 4224 4742 3883 -2130 9517
-19772 5184 4686 5823 -886 10628
-21178 7429 4605 5766 -932 10821
-22456 9970 4422 2943 -2856 9931
-23568 12390 4458 -2474 -6927 8429
-23257 12781 4814 -9057 -10625 6800
-21848 11016 5436 -13966 -12768 5739
-21185 9657 6337 -16380 -13343 5297
-21346 8842 7074 -17010 -12612 5309
-22373 8729 7336 -16961 -11646 5194
-24160 9472 7954 -17396 -11629 4837
-25616 9512 8730 -18420 -12159 4318
-26538 9320 9384 -19398 -13962 4219
-26918 8594 9286 -19393 -16262 4489
-27318 8160 8834 -18549 -18286 5027
-27448 7365 8008 -16785 -20467 6014
-27234 7170 7152 -15034 -22065 7422
-26509 6816 6746 -13159 -23058 8840
-26662 6572 6782 -11597 -23189 10044
-26333 6254 6838 -10489 -22973 11071
-26148 6426 6654 -10194 -23105 11574
-25882 6684 6245 -11051 -23755 11115
-24997 6214 6010 -12412 -24314 10149
-23800 5566 5894 -13606 -24851 9121
-22178 4658 5689 -13673 -25197 8344
-20374 3526 5660 -13123 -24401 7734
-19776 2856 5728 -11932 -23483 7387
-19276 2634 5612 -10509 -23450 6653
-17697 1877 5046 -8851 -23022 6004
-15495 2098 4402 -7203 -22270 6669
-12357 794 3876 -5006 -21820 7937
-8783 -714 3496 -1091 -21238 8654
-4930 -2200 2716 4288 -19835 9874
-2212 -1471 1575 9787 -18512 11188
-426 145 916 12819 -18162 11807
462 1321 875 14103 -17837 11783
-125 2955 1318 14198 -17416 10614
-1294 5089 2934 10920 -17103 8492
-1286 6129 4188 6180 -17283 6549
-1451 6435 5243 2474 -16821 4739
-1290 5898 6146 718 -15594 3687
-829 5437 6598 523 -13793 3567
-941 5313 7033 1098 -11221 3510
-1206 5708 7484 1555 -8729 3259
-1392 6301 7857 1749 -6377 2807
-2350 7284 8470 1191 -4955 2227
-2404 7241 8900 4 -3830 1285
-2726 7740 9313 -778 -2445 374
-2874 8290 9029 -1268 -1202 -619
-2793 8586 8178 -1717 -82 -1959
-2449 9033 8297 -3684 342 -2399
-2888 8885 10038 -5557 -1996 -1645
-2957 7938 11902 -6689 -6134 -1718
-3056 6340 13576 -5671 -10733 -2146
-2206 6310 14449 -3485 -12947 -1622
-1370 5213 14853 -602 -11342 -2301
-1029 5986 15278 685 -8387 -3182
-268 7040 15530 -200 -5335 -2709
310 7718 15789 -2541 -3002 -2246
88 7728 15606 -4812 -1585 -2431
49 7245 15701 -6356 -233 -2826
144 6781 16009 -6659 716 -2894
-14 6794 16001 -6180 1204 -2520
-38 6774 15974 -5280 1774 -1867
-228 6506 16272 -3822 1764 -1492
-310 6562 16118 -2560 1201 -1143
-862 6465 16216 685 1608 -972
-953 6706 16049 1418 2440 -1013
-1433 7326 15849 2157 3557 -191
-2197 7562 16228 1738 4417 475
-3106 8552 16386 186 4030 1039
-3305 9506 16288 -2571 3062 1307
-2729 9452 16213 -5440 2710 1082
-2053 8608 16492 -7003 3167 582
-1618 7869 16645 -6696 4083 526
-1233 6686 17013 -5250 4310 211
-1602 6202 17112 -3434 4271 356
-2938 6090 17301 -1640 3542 792
-3081 5777 17342 -778 2516 1393
-2968 6369 17380 -152 1922 1877
-2814 6897 17672 -195 892 1846
-2497 7074 17888 -725 -278 1189
-2290 7410 17945 -1365 -890 583
-2296 7621 18218 -2028 -1320 -16
-1652 6964 18182 -2641 -1258 -783
-1129 6830 18433 -2736 -738 -1202
-546 6244 18294 -1857 458 -1145
-117 5730 17968 -492 2183 -866
-569 6630 17676 -184 3562 -511
-1380 7290 17768 -2 4560 -169
-1366 7433 18005 148 5956 -346
-1694 7829 17688 -259 7226 -698
-2365 8034 16530 -1682 8034 -1320
-4325 8476 15709 -4400 7016 -1981
-5345 7482 15730 -6630 4382 -2557
-4928 6101 16342 -7614 1526 -3017
-3766 5522 16912 -7861 -290 -3096
-3370 4826 17366 -7229 -1313 -2553
-2740 4329 17104 -5627 -1122 -1490
-2856 3830 16432 -3246 263 -380
-3281 3926 16048 -1154 1661 236
-3801 4621 15848 -44 2398 253
-3876 5061 15856 38 2369 -185
-3718 5653 15960 -883 1665 -965
-3744 6045 16226 -2196 563 -1604
-3586 6174 16553 -3602 -579 -2050
-3464 5624 16785 -4256 -1546 -2226
-3277 4840 16928 -3945 -2046 -2065
-3052 3928 16741 -2318 -1884 -1562
-2756 3704 16590 58 -951 -1224
-2904 3993 16696 2007 -155 -827
-3020 4549 16738 3156 263 -631
-3282 5217 16844 3392 316 -869
-3464 5153 16789 3124 204 -1187
-3598 5766 16384 2677 369 -1551
-3940 6169 16229 2339 601 -1620
-3770 6150 16296 2471 785 -1328
-3806 5874 16185 3046 1235 -1078
-4140 6218 16154 3087 1043 -903
-4244 6341 16076 2854 219 -613
-4041 6722 15753 2197 -307 -549
-3952 6980 15521 1626 -351 -368
-3740 7133 15290 1102 -166 -300
-3514 7189 14964 706 192 -297
-3261 7156 14762 227 598 -340
-2996 7153 14490 -336 1065 -417
-2764 7052 14273 -849 1347 -522
-2613 7329 14081 -1458 1539 -680
-2460 7578 13969 -2169 1477 -954
-2046 7824 13825 -2957 1323 -1187
-1513 7668 13864 -3481 1508 -1252
-934 7521 13862 -3646 1949 -1233
-380 7514 13776 -3642 2584 -1115
74 7597 13660 -3640 3278 -932
514 7564 13809 -3658 3890 -776
845 7557 13941 -3664 4422 -630
516 7605 14213 -3782 4929 -679
-346 7674 14636 -4169 5169 -790
-1064 7478 15220 -4804 5038 -1135
-2058 7225 15825 -5659 4725 -1400
-2734 6546 16306 -6372 4294 -1580
-3204 5646 16605 -6465 3879 -1737
-3732 4809 16769 -6166 3479 -1712
-4320 4217 16792 -5676 3106 -1566
-5380 3900 17082 -5174 2748 -1448
-6120 3617 17246 -4922 2452 -1400
-6365 3304 17232 -4749 2157 -1537
-6564 3141 17181 -4720 1820 -1758
-6853 3065 17038 -4778 1595 -1930
-7274 2964 16978 -5029 1463 -2039
-7324 2828 16837 -5189 1102 -2180
-7569 2600 16752 -5247 961 -2056
-7733 2502 16754 -5170 968 -1977
-7268 2134 16700 -4853 1112 -1695
-7186 2038 16649 -4386 1351 -1432
-7133 2173 16585 -3993 1564 -1169
-6909 2216 16518 -3655 1798 -980
-6781 2346 16550 -3436 1932 -774
-6692 2262 16496 -3300 2010 -722
-6486 2188 16525 -3231 2011 -689
-6388 1997 16497 -3160 2061 -689
-6466 2004 16565 -3054 1913 -699
-6148 1636 16626 -2783 1685 -774
-6018 1684 16677 -2380 1474 -885
-6017 1909 16461 -2164 1088 -922
-5934 2050 16398 -2064 769 -934
-5784 2074 16260 -2008 477 -911
-5576 1996 16226 -1945 334 -824
-5564 2093 16162 -1885 319 -797
-5572 2085 16038 -1926 302 -778
-5619 2067 16012 -2006 158 -763
-5380 1880 15968 -1978 266 -681
-5198 1870 15841 -1817 369 -749
-5138 1653 15888 -1592 632 -734
-5482 1800 16134 -1476 923 -706
-5592 1908 16078 -1479 948 -864
-5542 1960 16052 -1480 964 -927
-5557 2082 15996 -1298 887 -944
-5440 2104 16068 -1146 772 -938
-5371 2079 15984 -957 847 -850
-5397 2118 16076 -566 1039 -743
-5408 2145 16062 -140 1192 -553
-5694 2172 15947 459 1174 -341
-5759 2031 15816 1044 997 -146
-5773 2158 15619 1565 838 -184