-9848 6896 11126 9709 10023 -5874
-9790 6984 10652 8089 9953 -5443
-11326 7256 11174 6521 9130 -5748
-10648 11882 11916 -3456 6188 -3991
-10672 6321 8349 -2890 8234 -4180
-12974 8193 13038 -1053 3064 -2619
-14926 10277 14174 -4742 -2538 -1444
-12841 8964 12768 -6563 -2954 -1215
-11921 6468 12404 -3629 -1988 -549
-12506 7066 12524 -1673 -1235 333
-12332 7128 12358 -1956 -448 197
-11752 6633 11677 -2945 1300 -303
-11724 5536 11014 -3002 3460 -930
-11765 4813 10734 -2152 5072 -1644
-12076 4453 10541 -1055 5792 -2066
-12281 4293 10644 -432 5676 -2187
-12241 4484 10700 -447 5249 -2031
-12252 4494 10618 -561 4851 -1752
-12206 5130 10922 -1723 4796 -1812
-15758 5117 11298 -272 3854 244
-11141 3341 12938 1272 1625 1149
-15230 6865 12452 1224 1260 1822
-13533 5576 12813 88 803 1120
-13386 5569 12466 -232 1182 880
-13333 5346 12381 -296 1440 856
-13374 5348 12525 -530 1584 1134
-13789 5217 12622 -878 969 1980
-14633 4462 13040 -652 -311 2946
-14828 4194 12790 1888 -2580 3990
-16130 5229 12549 5059 -3724 4887
-16900 7470 12558 7106 -3926 5861
-17737 10401 13597 2692 -5422 5251
-17805 11290 13657 -2166 -6810 5182
-17948 11216 14449 -6742 -8021 4770
-17702 10473 15546 -10234 -10305 4466
-17662 9594 16910 -12003 -13812 4024
-17256 9104 17713 -12204 -17930 3302
-16565 8736 17592 -12016 -21822 2459
-15216 7729 17316 -11759 -24254 1653
-15092 7997 17945 -12212 -25949 582
-14780 7980 17962 -12948 -27642 -35
-13894 6730 17872 -12387 -29612 1336
-12784 6070 17021 -9366 -32044 3145
-12065 6221 16977 -6218 -32768 4976
-11941 6669 17228 -3464 -32768 5897
-12126 8916 18114 -3075 -32768 6264
-11712 9342 18134 -3434 -32768 5818
-9955 9049 17891 -4004 -32768 5557
-7988 8092 16754 -4392 -32768 5650
-4936 6144 14341 -2991 -32768 5909
-2284 5806 11778 -516 -31397 7450
-1104 6484 10053 1126 -28073 8836
-1058 6280 8559 2791 -26043 8773
-648 7385 8939 997 -25801 7825
-381 8605 7788 -3622 -25468 8110
1295 6876 6826 -7326 -26160 8487
2983 3880 6394 -8415 -25698 9543
4844 2693 6194 -7380 -22573 10309
7412 2402 6001 -5565 -16500 10585
9664 2004 5448 -2470 -6663 10071
9756 -189 5926 -2303 -184 7466
9833 -292 5552 -2185 1923 6233
10165 -1552 4729 -4169 9917 3248
7549 1538 9640 -9969 11681 1135
8668 340 8094 -8501 13272 1589
6686 -2356 10759 -4113 13199 2118
5168 -1366 12802 1082 12767 3390
4884 -1253 14392 3239 11848 3040
4674 16 15349 3810 10972 2207
4284 373 16065 3873 9018 1960
3576 -118 16950 4935 6708 2367
2870 74 16880 6886 3855 2799
2601 893 17105 7147 486 2510
2470 2693 18134 4438 -3185 2352
3017 3197 17968 2106 -4868 2407
4168 2858 17189 2267 -4622 2481
4680 3841 15745 3313 -1519 2467
3176 3441 16982 3657 -1362 119
3005 7018 17926 -1773 -1360 -245
2394 6369 17670 -5256 -1924 -1313
1694 4388 16576 -5882 -4089 -2014
916 3490 15957 -4095 -5297 -1107
1678 3544 16286 -1713 -4752 560
2820 4009 17108 -1280 -2751 1966
4068 4260 17758 -2571 254 2549
4812 3425 17560 -2098 3732 2523
5045 2484 17034 2745 5979 2392
5684 144 15141 4898 8066 1163
4718 2572 17497 -1970 7570 592
3702 6316 16744 -9467 8203 222
2757 1828 15917 -9552 7210 -1468
3570 -2504 17253 -4706 3677 -1592
2161 -68 17308 -86 1600 -285
1225 2881 17073 2367 1656 289
1973 3084 17414 3264 1693 165
2129 3202 17877 3120 1607 -191
2194 2876 17977 3429 711 -743
2432 2313 17360 4273 -554 -1155
2790 2365 16820 4014 -1274 -1353
3249 2505 16469 2920 -2252 -1223
3938 2805 16573 1748 -3478 -722
4153 4000 15796 1568 -3356 136
4261 4268 14773 2323 -2712 604
3676 4593 15736 782 -1506 83
3209 5805 15386 -1141 124 -403
2833 5054 15002 -1331 1269 -636
2422 5048 14966 -410 1315 -437
2154 5050 15618 -337 1045 -33
2493 5177 15610 -896 1486 1001
3056 4050 15833 -1287 2090 1635
4096 3510 17036 -3473 2289 1622
4245 4057 18594 -7587 1170 1299
3557 3397 18025 -8875 1097 145
4077 812 16841 -6539 1756 -722
3788 -392 16993 -2759 1995 -344
2458 1058 17829 -350 1428 230
1124 2524 17754 536 537 300
1480 2258 17322 1543 -392 238
2302 1497 16942 3117 -993 197
2525 1996 16761 4133 -1398 -18
2720 2346 16637 4219 -1629 -410
3136 2457 16206 3879 -1898 -586
3686 2652 15976 3215 -2109 -502
3960 3158 16121 2210 -2071 -389
4114 3654 15806 961 -2118 -443
4160 3558 15558 272 -1618 -553
3926 3458 15380 -157 -656 -801
3758 3614 15138 -693 387 -1042
3558 3734 15441 -1337 646 -1443
3442 4198 15534 -2254 1398 -1415
3396 3802 15378 -2297 1936 -1541
3398 3237 15401 -2084 2185 -1626
3405 3105 15386 -1711 2421 -1540
3614 2774 15196 -1115 2372 -1433
3844 2565 15136 -475 2211 -1225
4110 2405 14864 152 2021 -982
4302 2249 14748 706 1964 -786
4384 2318 14576 1302 2119 -762
4530 2281 14277 1811 2621 -911
4569 2164 13873 2265 3409 -1173
4426 2166 13453 2812 4593 -1544
4394 1986 12902 3424 5871 -2065
4285 1734 12277 4271 7517 -2690
4170 1850 11922 5126 9490 -3385
3758 2112 11507 5776 12434 -4553
3431 2368 10980 5639 15588 -5485
2125 3493 11724 3735 17365 -6073
1340 3817 11748 2631 18217 -6807
131 4416 12767 3660 20164 -7847
-609 4650 12856 4186 22736 -9627
-1168 3978 12330 6360 26861 -11392
-1601 2889 11404 10247 31707 -12825
-3870 4362 11969 12772 32767 -13774
-5880 6020 12352 12627 32767 -14932
-7108 6765 12880 9796 32767 -16608
-8515 6865 12897 3488 32767 -17074
-10816 4735 12572 3412 32464 -15771
-12704 5358 12878 4848 29861 -14033
-13675 5754 13128 4794 26469 -11720
-13999 5130 13534 5164 21893 -8450
-13805 5196 13728 5971 17846 -5324
-13634 5653 13838 6328 14529 -2779
-14075 6619 14004 6186 11649 -801
-15008 7761 14200 5319 9987 -442
-15468 8227 14273 3889 9397 -1192
-16166 8720 14212 2582 9656 -2413
-18410 10211 14965 -497 10692 -4044
-22362 12104 15269 -4401 9736 -6896
-22474 9409 18684 -5149 1573 -7281
-20984 10798 18042 -9620 -1759 -5923
-20386 6286 15378 -6403 -1558 -4364
-16800 6064 15953 -3142 -2847 -2232
-16857 5165 14114 -2766 -4195 -1215
-13841 3544 12306 -2882 -2432 -1049
-12696 2292 11334 -1633 -418 -931
-12055 1915 10773 -545 1226 -922
-11918 2000 10568 -403 1759 -1139
-12243 2271 10529 -989 1356 -987
-12741 2699 10848 -893 622 -373
-13260 3303 11147 -324 133 591
-13325 4093 11501 356 -47 1193
-13144 4902 11734 803 40 1159
-12600 5244 11788 1079 280 862
-12062 5421 11601 1087 570 741
-11751 5449 11435 869 706 647
-11714 5476 11290 717 653 543
-11844 5621 10976 298 481 354
-12210 5836 10672 -238 243 84
-12494 5381 10672 -666 406 109
-12833 5354 10817 -1114 357 -28
-12704 5003 10892 -1185 276 76
-12455 4536 11017 -1038 309 77
-12296 4486 11193 -933 282 76
-12130 4333 11218 -881 105 32
-12072 4570 11297 -797 -220 -110
-12162 4861 11176 -843 -505 -289
-12223 5027 11136 -946 -492 -348
-12529 5154 11139 -1116 -188 -435
-12681 5068 11141 -1317 101 -654
-12474 4691 11058 -1376 123 -647