-18996 5076 242 5185 -1551 -5318
-18965 5394 310 5824 -1439 -4167
-18602 4845 -57 6292 -601 -2733
-18541 4880 21 6997 623 -1275
-18684 5157 202 7669 1966 203
-18605 5432 310 8336 3251 1529
-18653 5580 310 8739 4318 2660
-18757 5541 446 8630 4981 3792
-18677 5304 376 8248 5440 4891
-18940 4992 326 7760 5745 5900
-19216 4616 452 7112 5879 7096
-19098 4309 741 6468 6209 8181
-19265 3986 926 5859 6440 9170
-19080 3416 906 5638 6623 10186
-18505 2716 858 5797 6986 11006
-18148 2468 650 6118 7329 11727
-18070 2042 1006 6342 7700 12404
-17361 2049 1413 6813 8754 12773
-18788 2074 2013 6583 9865 12829
-19892 2492 2049 4554 10628 13498
-20424 2540 1738 1193 10487 13793
-20421 1586 1192 -1893 9489 13734
-19764 264 782 -3186 7924 12888
-19758 61 585 -4410 6338 11474
-19528 -236 1204 -5918 4109 9938
-18054 -972 2053 -6844 1822 8200
-16348 -976 1377 -6486 548 8382
-14733 -688 482 -6184 511 9374
-14037 -722 450 -5536 994 8412
-13665 -153 892 -5155 1546 6886
-14308 489 942 -6538 1824 5801
-14085 326 1494 -8695 1054 4157
-13150 309 2366 -10384 -26 2377
-13333 1362 2729 -12479 -1471 1636
-13262 829 3176 -13979 -3291 558
-13000 -414 3789 -13265 -3545 -861
-13428 241 3694 -10961 -3072 -1550
-13888 240 2969 -8290 -1706 -1745
-14612 410 2661 -5045 230 -1747
-14945 1742 2402 -2979 975 -1874
-15420 2317 1202 -2685 1729 -2538
-16221 2618 426 -3160 2472 -3256
-16992 3014 125 -4115 2988 -3776
-17238 2886 -254 -4613 3011 -4223
-17348 2525 -649 -4364 3060 -4499
-17382 2432 -1033 -3837 2922 -4536
-17202 2253 -1112 -3309 2500 -4300
-16986 2242 -1393 -2954 2394 -3635
-16582 2372 -1610 -2457 1946 -3109
-16021 2252 -1452 -1697 1644 -2648
-15628 2449 -1429 -994 1425 -2276
-15162 2710 -1222 -501 1065 -2111
-14981 2758 -1053 -202 961 -2140
-14821 2728 -982 69 913 -2202
-14589 2665 -1010 701 1326 -2555
-14494 2864 -1038 1562 1703 -3255
-14560 3277 -1062 2403 1880 -3923
-14774 3965 -965 2814 1788 -4560
-14556 4829 -582 2440 1499 -4911
-15482 6548 400 1234 841 -5157
-16905 8512 1825 -803 -186 -5250
-17240 8542 2505 -2726 -1193 -5091
-18081 8297 3984 -3330 -2849 -4560
-18904 10042 5301 -4409 -4479 -4593
-20248 12182 6461 -6321 -6701 -5010
-22224 15468 7214 -9328 -9733 -6074
-24406 18770 8060 -13893 -12178 -7110
-27260 21629 7508 -19321 -15200 -6455
-28724 23044 6624 -22408 -17038 -5614
-31438 25642 6393 -26402 -19480 -2251
-32768 26712 6826 -29055 -21092 4507
-32768 25041 6745 -28811 -21818 9733
-32768 21229 6990 -27026 -22798 16023
-32768 16762 8308 -23234 -22694 21195
-32768 13689 9193 -19431 -22135 24215
-32768 10892 9240 -15448 -22058 26429
-32768 7637 8364 -10987 -21947 27834
-32768 5669 6866 -6737 -21433 28392
-32768 4664 4738 -1754 -20898 28795
-32768 3978 2654 1879 -19777 29087
-32130 3530 914 2969 -19286 29499
-30412 2958 86 3097 -18792 30242
-28644 3096 32 2575 -17795 30638
-27152 3218 45 1592 -16651 30929
-25682 2836 -98 522 -15796 31078
-24468 2469 -114 -529 -15023 30887
-22960 1632 -294 -1461 -14163 30450
-20756 806 -459 -1782 -13309 29636
-19117 253 -97 -2553 -13043 28934
-17196 -696 -217 -2796 -13666 28273
-14800 -1306 -1124 -2433 -14043 27023
-13166 -1560 -1662 -1721 -14012 26119
-11182 -947 -2137 -1282 -14292 25174
-9514 272 -2118 -1586 -16401 24304
-7303 889 -1670 -3578 -19614 22469
-3147 764 -804 -7036 -22432 19667
132 1212 291 -9759 -24385 17248
2541 2597 948 -10131 -23148 14903
3200 3693 2374 -8865 -16914 11825
2281 5904 3112 -6471 -8413 7167
846 5610 3390 -5538 -4305 5097
-398 5849 3365 -5310 -623 3367
-1498 5620 3453 -7280 2418 2003
-2360 4512 4222 -8194 2981 2219
-3213 3904 5138 -8023 1793 3366
-3957 3706 6256 -6720 1505 4439
-4314 3941 6684 -3189 1782 5589
-4186 3924 6444 622 2700 6287
-2906 2804 7341 4897 4404 5694
-2281 4346 8934 8113 4798 3544
-1174 5851 8870 9571 5443 769
-318 6776 10416 9964 6806 -878
153 8195 11493 9296 8138 -2694
590 9635 13181 7326 10947 -3741
-72 9480 14926 6534 11840 -4642
-746 9484 15522 5548 12217 -4538
-840 9893 16049 4327 12588 -3968
-3246 12921 15314 2209 12162 -3551
-4929 15022 15201 -1188 10910 -3443
-5632 16460 15444 -3929 8594 -3383
-5923 16734 15923 -8062 5418 -1974
-5026 16409 16372 -11601 2049 -617
-3670 15225 16408 -13467 705 457
-2552 13620 16548 -12044 1308 1109
-2934 12782 16278 -8188 2477 1807
-3651 11816 15774 -2875 4429 2312
-5032 11782 15217 2678 5877 2553
-4946 12455 14997 6243 5237 2743
-4483 13547 14909 7556 3478 1996
-3985 14114 14184 7621 1822 840
-3910 14408 13290 7374 1131 15
-3625 14081 12529 7061 1652 -458
-3932 14860 12736 6191 2002 -428
-4683 14976 13020 4907 847 -93
-4208 14213 13202 3600 -165 198
-3874 13317 12557 2619 -86 160
-4346 13806 11854 1418 137 94
-4936 13773 11786 666 -46 -368
-5089 13585 11690 107 -484 -928
-4916 13707 11112 -1014 -413 -1664
-5456 13656 11164 -1472 -273 -2591
-5140 13898 11637 -1760 -474 -2959
-4272 14274 10928 -2667 -211 -2562
-3969 14678 11344 -4832 -682 -2311
-4583 14738 12437 -8395 -3813 -2654
-5056 15476 14370 -12645 -9635 -2041
-4572 14098 14876 -13591 -13558 -1262
-2674 11027 14150 -10429 -13605 253
-2454 10000 13756 -5416 -10201 1525
-1828 10377 12972 -46 -5123 1760
-1949 11544 12530 4268 640 1121
-2476 12000 12390 5376 2587 602
-1714 12353 11898 5743 4207 -138
-1244 13092 11534 5445 6231 -1342
-2137 14249 11648 4595 8310 -2788
-3666 15500 12362 2344 9550 -4126
-5731 16672 13012 -1950 8650 -4528
-6936 17485 12390 -6173 7056 -4555
-7141 17412 11965 -8571 6528 -3915
-7294 17032 12617 -10447 5020 -2848
-7504 16772 13340 -12643 2353 -2131
-7342 16354 13560 -14600 -71 -1480
-6016 14916 13600 -15854 -2669 -575
-4738 13130 13617 -15696 -4314 16
-4344 12354 13346 -15437 -4602 -110
-3710 11784 13293 -15194 -4053 -678
-3874 11632 13660 -15218 -3227 -1330
-5175 12668 14216 -16895 -3091 -1697
-6088 12603 15025 -21583 -4283 -2518
-5476 11510 15678 -25479 -5719 -3420
-5249 9707 16161 -27596 -6436 -4001
-5457 8131 16338 -27839 -7436 -3656
-4898 6160 16308 -25770 -8264 -3178
-4110 4794 15978 -22816 -9211 -2274
-3101 3861 15664 -19609 -9408 -1251
-2833 3460 15860 -16315 -9174 -404
-3036 4128 16008 -13840 -8580 295
-2648 4586 15980 -13206 -7738 686
-1806 4432 15157 -13254 -6582 1029
-1786 4069 14870 -13361 -5493 1538
-2610 3050 14865 -12742 -4336 2092
-2741 2610 15041 -12452 -3865 2645
-2816 2389 15178 -12770 -3638 3266
-2356 2196 15198 -13238 -3506 3730
-1288 1918 15312 -13898 -2902 4205
-190 1329 15465 -14368 -2529 4756
525 420 15790 -14150 -1954 5088
948 -349 15672 -13115 -1352 5262
580 -945 15534 -11627 -1293 5246
217 -2029 15469 -10221 -1205 5258
1053 -1866 15285 -8181 -619 4208
1114 -2118 14788 -6587 229 3469
404 -1430 14229 -5632 -449 2646
-21 22 13664 -5795 -1758 1909
-282 1122 13288 -7051 -2597 1516
-423 1275 13189 -8741 -2842 985
-687 832 13639 -10059 -2534 1060
-713 -90 13843 -10086 -1465 1341
-778 -756 13789 -9179 -235 1239
-905 -1121 13669 -7886 681 1223