-18568 2546 1569 -2217 -4154 1152
-14677 -2328 3813 405 -5773 3220
-16136 304 1737 1870 -4003 3098
-18650 821 2530 1365 -3290 4349
-17376 1452 3070 2008 -6434 4016
-17984 1907 3206 3283 -6622 3496
-19108 1306 3400 3611 -9326 4474
-17308 1208 3092 2898 -6127 4685
-18583 1826 2795 4891 -2622 4279
-20188 3328 2129 7540 3714 1219
-19246 908 2605 8035 3624 3138
-18762 3098 2382 6756 4419 2823
-19611 3286 2591 3935 4722 2652
-19437 3396 2165 2096 4535 2804
-19804 3903 1922 -204 4129 2967
-19588 4060 1822 -1643 4208 2914
-19535 3630 1912 -2935 1919 3017
-19392 3574 2050 -5103 -2591 3513
-18874 3522 2292 -7045 -5506 3972
-18661 3470 2682 -9138 -7607 4447
-18813 4130 3130 -11115 -9008 4795
-19018 5118 2965 -12782 -8622 4494
-18736 5414 3178 -14627 -6666 3579
-19628 5367 4608 -17103 -7846 3719
-19553 5164 5276 -20134 -8236 3254
-19441 4498 5534 -21461 -8253 2114
-19150 3649 6153 -22179 -8724 1825
-19250 3161 6908 -22285 -9594 2550
-19284 3108 6984 -22296 -9846 2965
-20008 3321 7864 -22326 -10862 3481
-20691 3686 9105 -22289 -12420 3812
-20965 2753 9840 -21808 -13876 4266
-21476 2016 10269 -20532 -15440 4638
-21470 1294 10537 -19072 -17263 5049
-21462 740 11008 -16497 -18738 5478
-21946 176 11228 -13551 -20331 5962
-22412 -668 11262 -10224 -21404 6547
-22826 -773 11100 -6246 -21932 7866
-23426 -148 11384 -3390 -22611 9589
-23912 -338 11882 -1514 -23134 10509
-24433 -299 11998 822 -23447 11425
-24494 -312 11846 3045 -23922 12090
-24113 96 11730 4289 -24130 12137
-23424 378 11656 4866 -23879 12262
-22464 724 11600 4991 -23289 11924
-21818 1824 11026 3812 -22821 11191
-20078 1600 9884 2804 -22695 10492
-17877 1181 8374 2574 -22599 10079
-16884 1516 7316 1756 -22123 9683
-15380 1640 6769 1495 -23212 9377
-14254 1406 6502 1453 -24274 9031
-12720 909 6434 1658 -24589 9121
-11460 1001 6741 2054 -23806 8921
-11292 1246 6889 2344 -22736 8766
-10258 1913 6938 1822 -21942 8316
-9440 2325 7145 1267 -21060 7745
-8311 1956 7393 694 -19450 6461
-6322 1755 7639 -138 -16803 4764
-5440 2197 7922 -233 -14259 3874
-5279 2602 8063 -333 -13145 3756
-3630 2316 8258 58 -12245 3859
-3144 2224 8860 960 -11235 4281
-2497 2462 9054 2019 -10610 4828
-1376 2613 9281 2857 -9433 5282
-1752 3041 10044 3144 -8183 5274
-996 3153 10412 3041 -6896 5071
-1480 3756 11084 2389 -5718 4367
-1933 4339 11369 1167 -5178 3712
-1503 4307 11594 -347 -4467 2887
-1788 4068 12000 -1237 -3787 2275
-1654 3939 12302 -1772 -3643 1960
-1497 3579 12638 -2162 -3605 1906
-936 3128 12901 -1695 -3487 2177
-1686 3398 13338 -1017 -3396 2381
-1702 3480 13410 -651 -3420 2581
-1521 3676 13427 -205 -2982 2861
-1546 4041 13553 154 -2316 3053
-1338 4424 13494 214 -2186 3044
-822 4418 13252 360 -2110 3135
-269 4303 12974 727 -1778 3252
625 4465 12394 1127 -1518 3242
1320 4236 12220 1313 -1182 2922
469 3693 12472 1452 -521 2524
-609 3794 13045 1219 -255 1951
-1189 4528 13237 356 53 1359
-972 4926 13541 -865 662 779
-630 4710 13861 -1563 1338 392
-21 4106 14116 -1506 1953 411
52 3666 14754 -1161 2651 621
-340 3608 15172 -339 3331 666
-1192 4036 15737 366 3764 549
-1939 4545 15999 324 3720 281
-2033 4896 15932 152 3756 -84
-3256 5844 16210 -680 3539 -358
-4312 6337 16353 -1525 2817 -441
-4088 6270 16170 -1310 2697 -320
-3575 6216 16100 -1540 2365 813
-3018 6046 15773 -1461 1180 1993
-2153 5499 15087 -398 281 2737
-865 4996 14041 1166 442 3690
106 4644 13053 2449 573 4702
941 4092 12068 3682 785 5365
2186 3400 10790 5690 1512 6450
2461 3194 10256 7880 3222 7578
1122 4252 10682 9384 3875 7763
-36 4854 11916 9484 5452 5518
-2413 6902 14140 9401 6444 1135
-3957 8026 15948 6685 6202 -1391
-4904 7721 16750 2830 4760 -3494
-4343 8319 17826 -66 3945 -3470
-3978 6561 18160 -795 3777 -3528
-3640 6440 18184 -1012 4059 -3825
-4478 7021 19194 -2357 2660 -3938
-4715 7343 19479 -2619 907 -3527
-5124 6742 19112 -1996 925 -3581
-5410 6921 18008 177 1785 -3349
-5756 7232 17408 1733 2610 -3608
-6078 7769 17582 1141 2621 -3874
-6121 9142 18333 -2391 2620 -4242
-6335 9257 18716 -8966 2080 -4423
-6286 7800 19743 -13676 -2408 -3210
-4278 4438 19952 -11615 -5730 -2298
-2202 4725 18471 -10543 -4272 -2303
-4338 1327 17675 -6302 -2551 -1080
-3376 1920 18148 635 -1760 936
-2454 3750 18574 4648 -1709 1404
-1910 3761 18786 7311 -1086 869
-2705 5853 18268 7061 657 700
-3996 6833 18021 3942 2113 -283
-4328 6736 18398 1753 2259 -1393
-3665 7322 18014 41 1301 -2642
-2370 4826 17546 164 1531 -3456
-2586 5295 17300 1080 1794 -2995
-2345 5654 16880 2285 1895 -2419
-2486 5892 16132 2800 2139 -2231
-2996 6718 15836 2641 2107 -2378
-3156 7352 15938 1332 1829 -2671
-4649 8210 16288 -1091 51 -2600
-4960 8482 16510 -3304 -1939 -2332
-5538 7826 16372 -4419 -2784 -1915
-5446 7074 15858 -4215 -2515 -1787
-4317 6395 15722 -3630 -1757 -1983
-3709 5300 15526 -2342 -1065 -2302
-4359 5421 15202 -69 47 -2373
-4730 5588 15577 1592 745 -2257
-4048 6658 15974 2494 1011 -1803
-2897 7736 15474 1702 1593 -891
-1965 7036 15233 -3584 1985 -1030
-5277 10031 16867 -13471 -3106 -1932
-4681 6257 15901 -15142 -5209 -3107
-1712 1830 15617 -10684 -1617 -3929
-1054 1980 15132 -5057 3221 -2898
-2192 2781 15347 -917 5563 -1981
-1614 3578 15778 981 5692 -1632
-1851 5466 16056 902 5379 -1917
-2660 7338 16104 -964 4692 -2484
-3221 7870 16048 -2968 4070 -2883
-3240 8092 16072 -6089 3414 -2933
-3244 7448 16198 -8753 2926 -2405
-3151 6486 16323 -9717 2580 -1780
-3044 5677 16484 -9850 2345 -1376
-3074 4890 16548 -9285 2215 -871
-3261 4185 16836 -8333 2328 -585
-3985 3645 17256 -7484 2471 -309
-4677 3188 17326 -6572 2555 -246
-4957 2817 17381 -5752 2658 -257
-5296 2648 17388 -5183 2488 -213
-5571 2636 17103 -4867 2174 -242
-5816 2508 16954 -4729 1744 -199
-6016 2369 16690 -4523 1126 -108
-6186 2254 16423 -4525 435 -133
-6220 2036 16136 -4493 135 -124
-6057 1805 15962 -4602 -222 -16
-6069 1143 16046 -4592 -540 303
-5857 469 16316 -4204 -478 653
-5940 144 16605 -3738 -438 1060
-5765 -210 16862 -3000 174 1277
-5673 -377 16925 -2082 555 1565
-5386 -317 16658 -1066 1023 1742
-5378 -13 16337 -437 1324 2056
-5540 454 16004 -12 1605 2237
-6128 812 15849 358 1771 2015
-6494 1260 15688 294 1243 1430
-6638 1486 15590 -137 449 761
-6717 1490 15437 -685 -436 85
-6417 1509 15501 -1333 -1229 -307
-6136 1350 15486 -1953 -1808 -358
-5816 1233 15538 -2250 -2133 -248
-5664 1152 15656 -2379 -2142 -20
-5392 1077 15660 -2436 -1966 280
-5197 918 15692 -2406 -1578 561
-4916 594 15678 -2168 -1068 804
-4742 520 15605 -1812 -668 975
-4604 486 15632 -1444 -259 954
-4542 561 15606 -1229 -134 939
-4499 597 15738 -1258 18 881
-4530 670 15746 -1438 -176 750
-4353 242 15097 -1272 -317 766
-4458 -104 15097 -1385 -1253 558
-3898 -1372 15012 -715 -766 691