4922 3769 -3317 -10745 2382 2
6000 3910 -1270 -13207 6282 -2579
5208 7605 2492 -17338 10420 -5781
6956 13299 8556 -28051 25794 -16810
8668 11560 11568 -32768 32767 -22190
7236 17299 18620 -32768 32767 -25677
3655 19090 23238 -32768 32767 -32224
-4369 9820 21707 -32768 32767 -32768
-11421 1925 12815 -32768 32767 -32768
-20170 2262 13542 -32768 32767 -32768
-28671 -9763 16594 -32768 32767 -27735
-28596 -11952 21289 -32768 32767 -17121
-28438 -10206 22268 -32209 32767 -7781
-29858 -8832 21958 -15742 31024 1311
-30536 -7294 21062 -1094 18396 5827
-26498 132 19179 7803 1595 8290
-21128 5425 17958 7296 -6903 9549
-19082 5162 17244 4512 -8285 8795
-17192 4186 16722 2515 -8677 7232
-16200 3488 16172 1625 -8651 6074
-15163 2273 15354 1391 -8192 4300
-13984 2105 14078 1500 -7446 2667
-13204 1992 13266 1505 -7367 2201
-12318 2170 12581 1601 -7488 2183
-11334 2400 11914 1674 -7591 2372
-10437 2694 11162 1829 -7552 2577
-9437 3040 10148 2391 -7211 2738
-9058 3306 9537 2709 -6826 2852
-8745 3539 9298 2846 -6397 2947
-8618 3644 9224 2863 -5929 2807
-8531 3720 9151 2506 -5336 2697
-8378 3624 9356 1764 -4544 2524
-8416 3609 9516 1169 -3731 2245
-8348 3476 9624 792 -3207 1925
-8537 3304 9795 371 -2430 1449
-8646 3171 10073 -50 -1482 637
-8756 3370 10324 -353 -1002 116
-8910 3530 10772 -960 -390 -467
-9354 3433 11270 -1583 238 -1019
-9580 3225 11613 -1868 736 -1158
-9866 2886 12056 -2046 1167 -1085
-10133 2762 12472 -2031 1500 -915
-10572 2616 12807 -1748 1666 -740
-10977 2717 13138 -1463 1624 -522
-11449 2771 13471 -1178 1466 -515
-11600 2876 13642 -1128 1218 -611
-11388 2802 13675 -1551 919 -1224
-11500 2758 13569 -1617 677 -1710
-11290 2544 13585 47 507 -1866
-10806 2333 13912 1633 -346 -1695
-10332 2773 14104 2815 -1144 -1582
-10515 2454 14448 3457 -2454 -2073
-10381 2037 14658 3996 -3152 -2205
-10593 2304 14333 4431 -3139 -2029
-10692 2301 13990 5000 -2352 -1660
-11393 3145 13870 5169 -1643 -886
-11980 4088 13580 4687 -1381 152
-12353 4492 13508 4045 -1570 277
-12958 4831 13457 3035 -2702 1
-13455 5508 12948 2424 -3191 618
-12850 6114 12978 1526 -3542 2338
-11141 6642 12634 -1621 -3000 3485
-10316 5830 13834 -5470 -3836 2588
-9254 5442 14200 -7437 -5343 663
-6276 2648 13225 -6177 -3308 -2433
-8441 1092 12070 -3599 2007 -2330
-10392 1992 13521 -761 2317 954
-8508 2465 14381 3095 1265 3265
-8898 3687 13256 3602 1161 3717
-9840 4322 12984 3018 1548 2809
-10632 4388 13202 2001 1562 1055
-10574 4088 13644 824 1243 -375
-10504 4282 14061 342 785 -1270
-9768 3356 13644 404 1071 -2032
-9044 3334 13429 187 1539 -2018
-8084 3378 13976 674 1254 -1513
-6386 2990 13075 2510 1956 -1112
-9058 4697 12810 4230 945 -288
-13790 6443 12736 3416 -3183 165
-11505 5757 12742 2300 -5509 487
-9301 4714 12912 1676 -5416 338
-9918 3892 12922 1710 -3679 386
-10958 4181 12652 1283 -1262 577
-10633 4360 12874 114 299 561
-9948 4248 13368 -488 735 434
-9424 4190 13252 -1479 1260 533
-9245 4172 13528 -1866 1697 -195
-9748 4464 13029 -2052 1577 -359
-10062 4240 12642 -1847 1699 -566
-11461 4307 12618 -1663 1247 -778
-11430 4393 12366 -2062 231 -587
-10811 4264 11724 -1979 1267 651
-8561 3747 10717 -2907 5594 1778
-6277 6032 11550 -8518 9392 150
-9940 3405 12945 -10149 6647 -2836
-8712 1869 13620 -6067 5573 -2470
-7565 2688 14498 -2178 3775 -789
-10396 2067 14160 1674 2126 897
-12000 2608 14464 3215 1004 1406
-12889 3237 14228 3833 913 1677
-12668 3867 13606 4065 2699 1824
-12660 4512 13054 1720 3480 985
-12058 4128 12692 653 3663 424
-11892 4344 13026 -28 2491 -55
-10881 3526 12806 329 1304 -835
-10087 3784 12289 919 820 -1006
-11395 4162 11672 51 508 -1086
-12529 3725 12726 8 -1230 -1059
-10797 3366 13436 -129 -1986 -144
-10465 2629 13456 681 -921 412
-11190 2850 13213 1251 253 893
-11669 3316 12737 1151 1293 1103
-12264 3802 12293 561 2130 699
-12736 3972 12394 87 2126 -111
-13088 4684 12393 -707 1291 -608
-12784 4925 12512 -2155 203 -896
-11969 4524 12254 -2917 -30 -541
-9805 3332 11545 -2982 1940 418
-6866 3325 10118 -3603 5984 1398
-8365 6838 10865 -7462 7487 1497
-11680 6506 11869 -9838 4981 816
-11976 384 11908 -8466 4308 -1819
-10814 1100 11993 -5030 3721 -2655
-11638 3652 13000 -4189 419 -2019
-10853 2481 13999 -2349 -3088 -1565
-11123 1418 13815 899 -4650 -282
-11602 1678 13537 2615 -4568 888
-11221 2512 13361 2770 -3582 1579
-11630 3248 13085 1971 -1712 1544
-11473 2877 12773 1983 928 1027
-11725 3928 12658 976 2798 -1018
-10562 4701 13168 -1065 1877 -3061
-8393 2425 11690 -71 3250 -3397
-8440 6577 11890 -616 3619 -2342
-10342 5929 12109 -2589 950 -1849
-9700 5608 12006 -3132 -588 -1877
-10058 5320 12141 -3522 -1574 -1024
-11040 4700 12296 -3864 -2257 -636
-10778 3852 12452 -4501 -1977 -516
-10178 3384 12393 -5442 -1343 -278
-9934 3335 12143 -6357 -680 -403
-10403 2819 11963 -7047 -147 -350
-11237 1481 12196 -6926 382 27
-11680 630 12659 -6152 801 382
-12432 732 12988 -5539 930 471
-12993 988 13028 -5252 538 215
-13627 1029 12926 -5084 -541 -264
-13758 866 12726 -4848 -1898 -696
-13772 362 12492 -4523 -2641 -787
-13692 -149 12395 -3724 -3326 -667
-13277 -184 12114 -2999 -3724 -373
-13013 -6 12066 -2867 -3967 -284
-12362 -102 12001 -2849 -3887 -240
-11902 -288 12094 -2735 -3797 -132
-11564 -409 12116 -2534 -3550 -69
-11056 -200 12145 -2382 -3248 -122
-10701 138 12181 -2370 -3090 -268
-10509 385 12153 -2485 -2910 -423
-10494 628 12234 -2722 -2782 -613
-10297 762 12397 -3220 -2496 -936
-9990 474 12556 -3686 -2067 -1258
-10006 443 12670 -3873 -1685 -1423
-10180 458 12721 -4136 -1553 -1676
-10062 493 12670 -4357 -1682 -1848
-10081 574 12496 -4460 -1981 -2002
-10134 768 12305 -4622 -2425 -2076
-9965 754 12165 -4754 -2866 -2040
-9545 274 12110 -4702 -3128 -1676
-8649 -752 12469 -4108 -2456 -784
-8880 -1017 12886 -3470 -1598 16
-8872 -1118 12865 -2802 -928 352
-8925 -814 12808 -2289 -428 422
-9439 -561 12587 -2214 -382 371
-9513 -279 12407 -2417 -523 -145
-10030 437 12342 -3212 -857 -792
-10222 1033 12384 -4550 -1289 -1328
-10025 910 12587 -6205 -1634 -1705
-9481 126 12689 -7156 -1625 -1720
-8879 -1292 12999 -6890 -898 -1216
-9163 -1755 13261 -5928 20 -565
-9746 -1148 13189 -5378 350 -414
-10012 -826 13072 -5378 177 -462
-10248 -880 12877 -5350 -139 -546
-10544 -700 12764 -5537 -566 -557
-10408 -750 12603 -5786 -1258 -412
-9832 -1217 12170 -5777 -2022 -27
-9516 -1312 11970 -5242 -2826 598
-8355 -2296 12019 -4689 -2449 895
-8426 -2773 12389 -3807 -1918 1708
-8982 -3072 12656 -2870 -1495 2076
-9136 -2744 12474 -2278 -1466 2058
-9137 -2768 12037 -1988 -1733 1998
-9128 -2706 11693 -1831 -2243 1844
-9278 -2972 11792 -1707 -2545 1789
-9184 -3050 11872 -1548 -2610 1557
-9054 -2774 12084 -1557 -2440 1352
-9110 -2083 12336 -2148 -1898 894
-9012 -1728 12458 -2877 -1350 460
-8850 -1665 12353 -3597 -840 200
-8598 -1956 12453 -4175 -102 118