-25881 -6046 6665 12745 15975 5
-24512 -5745 4822 12577 9571 5395
-20876 -6210 3154 16644 5306 12255
-17977 -6076 2369 24504 3029 17672
-17944 -6482 2754 28930 -887 20334
-16079 -6056 2337 32048 -1688 21514
-17054 -2837 3425 32251 -4359 20943
-15685 -5344 2982 31056 -7905 18639
-16361 -3120 1884 27294 -8535 15992
-14780 -4632 1636 26372 -9984 13267
-14268 -3994 959 26881 -9084 11375
-13428 -3623 809 27993 -7448 11106
-13056 -3358 1338 28924 -7039 11549
-13226 -3157 1202 29993 -5538 12011
-12817 -2666 1469 31175 -3428 12151
-13045 -1664 1426 31537 -927 11979
-13342 -1122 1193 31206 1896 10980
-14093 495 830 28477 5884 8453
-15176 2102 -10 24421 7003 5797
-15546 2926 249 19136 7057 2887
-15678 3354 973 13211 5586 -296
-15604 2762 2915 7213 4048 -2871
-14044 1513 4044 1296 7098 -4529
-17805 712 6686 1765 7333 -3332
-16307 604 7896 931 5694 -1419
-16625 1168 8483 1262 3501 -1389
-17544 741 8865 881 3188 -534
-18342 2843 9350 1143 4311 -1324
-19012 2700 9268 -1819 539 -2974
-19728 3130 9116 -6248 269 -3025
-22781 3772 9169 -12101 -2528 -2540
-21749 2702 9031 -14628 -8575 827
-20573 840 9196 -12678 -7660 3807
-22101 1184 9497 -11249 -4724 6090
-24732 917 9422 -9883 -7474 10411
-24558 -112 10078 -8372 -11027 12678
-24071 -722 9551 -5061 -13702 14021
-23982 -730 9482 -1370 -18509 15228
-23169 -976 10030 1600 -24825 15875
-21744 -2180 10212 4192 -27527 16357
-20534 -2167 10533 7059 -27981 16776
-18924 -1762 10645 9616 -25965 16488
-17556 -1190 10833 11145 -22551 16699
-16900 312 11581 10167 -19330 16743
-17950 3213 12012 5417 -17410 15926
-18285 4964 12065 -2584 -18073 13010
-17425 5480 12246 -8423 -18397 10215
-16906 4254 12969 -10694 -16549 8308
-16724 3221 13449 -10671 -14023 7193
-16245 2468 14018 -9195 -11023 6546
-16317 2262 14634 -7126 -8701 6457
-17230 2606 14861 -5733 -7972 6300
-17941 2941 14322 -5524 -10095 6215
-18076 2569 14038 -5054 -13463 6175
-17955 1375 12653 -3460 -17201 6886
-15700 873 11325 -406 -20650 8610
-14361 351 10552 3492 -24473 10590
-14020 897 10293 6161 -26811 11231
-13208 1145 9810 6775 -27982 11364
-11362 1184 9408 6908 -28212 11373
-11276 1649 9442 6604 -27696 10964
-10668 1646 8850 6208 -27320 10388
-8836 1490 7836 5960 -26719 9854
-6708 1200 6254 6372 -25853 9069
-4523 920 4654 7854 -24384 8417
-2634 1056 3948 9499 -23355 7922
-1918 776 4082 10579 -22423 7665
-1542 1560 3981 11220 -21600 6957
-614 2109 3915 10949 -20734 6048
-526 2522 4128 10205 -19847 5264
325 2637 3922 9352 -18694 4221
1147 2589 3479 8568 -17163 3174
2008 2686 3158 8047 -15913 2709
3024 2688 2901 7751 -13972 2060
3185 2852 2908 7828 -12027 1965
3869 3062 3053 7651 -10155 1628
3798 3666 3820 6984 -8388 1130
3532 4444 4583 5750 -5278 256
3857 5993 6086 3174 -714 -1603
3814 7257 7800 223 3952 -3247
3894 8022 8814 -2381 7938 -5005
3508 8615 10889 -6481 14112 -7708
1378 9895 13390 -12443 21578 -11457
338 9284 15254 -15663 25707 -13391
-1739 8689 17288 -18113 28813 -14552
-5044 6988 19316 -18183 28768 -13677
-7608 5204 21633 -16766 23727 -12276
-9093 2770 22924 -12664 17187 -9897
-11601 3204 23062 -8097 10458 -5221
-12597 5527 22622 -3285 3762 224
-12392 6194 22285 -1398 1294 1970
-11777 6398 21540 -1823 391 2361
-10453 6188 20740 -1911 -217 1937
-7928 5844 20011 -1730 -454 1198
-6222 5250 19502 -1316 -913 912
-5123 5070 18757 -787 -1036 787
-4148 4934 18085 -159 -937 650
-4073 4492 17860 1186 -880 509
-4505 4630 17288 3225 -1122 753
-4901 5586 16872 4374 -1019 1233
-5300 6206 16448 4848 -490 1648
-5165 6421 16026 4131 296 1583
-4866 6619 15691 916 421 1661
-4612 7056 15548 -2623 -73 1115
-4167 6496 15627 -5038 1 148
-3326 5271 15861 -5033 1185 245
-3871 4315 15606 -2068 2408 646
-4746 4237 15661 242 1967 1283
-4581 4553 16333 1088 323 1906
-4152 5139 16176 2686 -1376 2560
-3996 5888 16052 3049 -2491 2763
-4002 6058 15824 2504 -2265 2240
-3732 5830 15534 2076 -1795 1270
-3211 5673 15678 1722 -1612 139
-2520 5467 16829 2700 -1648 -648
-1757 5481 16893 2843 -1536 -319
-1737 6272 16140 3025 -614 -55
-1524 6788 14750 3063 1382 -604
-2429 7272 14191 1661 3177 -1882
-3940 8492 14642 -1008 3158 -1917
-6943 7866 14148 -2653 2403 -1752
-4169 7562 14120 -3739 2127 -951
-3913 6070 14786 -4279 1273 -1414
-4238 4986 15117 -2782 968 -1768
-4137 4740 14909 -1297 1353 -1502
-4649 5741 14777 -788 1914 -559
-5605 6132 15452 -800 1845 -179
-6641 7572 16162 -1081 2132 -622
-6818 9044 17140 -3155 2585 -560
-5808 8812 17958 -6298 1871 -44
-5452 7529 18945 -9490 685 109
-5016 5648 18833 -11240 481 51
-5090 4576 18969 -11896 692 -7
-5160 3098 18737 -11005 513 706
-4497 1362 17484 -7270 1649 665
-4722 1276 16425 -2971 2406 800
-5244 2496 15228 556 2791 1491
-6460 3533 14705 2527 1677 1858
-6636 4542 14754 3198 -437 2430
-5958 5657 14801 2895 -2395 2878
-5164 5385 14685 2478 -3900 3067
-4990 6524 14489 1731 -3543 2348
-4354 6288 14020 674 -1464 1443
-3574 6678 14433 -766 827 199
-3421 6578 15184 -2032 1882 -1314
-2833 6224 14574 -1955 3581 -1776
-2357 5956 14480 -1983 5412 -1332
-2817 5710 15426 -2849 5311 -866
-3061 5565 15852 -3424 4522 -466
-3005 5126 15672 -3487 4463 -529
-3466 5089 15706 -2859 4435 -738
-3685 5266 15489 -2498 3920 -955
-4312 5590 15421 -2911 2719 -699
-5137 6074 15328 -3408 1275 49
-5871 6398 14989 -4482 129 807
-5320 5731 14963 -5804 -424 743
-4772 5045 15156 -6866 -271 448
-4945 4642 15510 -7574 109 115
-5446 4197 15757 -7999 558 116
-5486 3707 16133 -7977 879 131
-5404 3020 16376 -7407 1008 89
-5374 2606 16205 -6629 1089 102
-5784 2964 16184 -5848 1019 99
-5580 2488 15980 -5240 1388 351
-5880 2424 16054 -4234 1501 442
-6198 2594 15949 -3828 1378 402
-6520 2533 15922 -3603 1266 357
-6678 2396 15765 -3553 1178 243
-6972 2381 15698 -3537 979 176
-7009 2229 15745 -3671 870 297
-7016 2090 15820 -3734 841 332
-6890 1860 15948 -3771 777 291
-6641 1585 15936 -3739 708 259
-6521 1517 15692 -3704 670 224
-6378 1449 15561 -3639 557 190
-6194 1514 15400 -3622 582 -40
-6145 1506 15181 -3732 461 -89
-5930 1520 15153 -3923 431 -179
-5752 1425 15094 -4026 446 -230
-5574 1320 15016 -4071 538 -198
-5562 1141 14897 -4072 794 -228
-5645 1056 14992 -3976 914 -390
-5713 933 14885 -4016 1040 -546
-5620 861 14826 -4105 1079 -656
-5477 634 14741 -4108 1113 -776
-5453 517 14421 -4005 1050 -884
-5442 466 14297 -3924 852 -847
-5304 144 13786 -3504 600 -808
-5944 -970 13156 -2922 111 -746
-5657 -2660 13153 -1602 371 -391
-5909 -3325 12744 457 1002 -132
-6349 -3310 11870 2234 552 -397
-6826 -2470 10906 3088 48 -866
-7337 -1702 11604 2612 -139 -1102
-7337 -1167 13790 1211 638 -1183
-6125 -676 15626 29 2825 -1240
-4504 -618 17152 101 5651 -1503
-2981 -865 17948 1419 10026 -1657
-2325 -946 18598 3416 14197 -1668
-2788 -17 18918 4993 16830 -1696