-8533 6420 16362 4912 -330 328
-8760 6762 16754 5944 -1037 1255
-8549 6657 17061 7944 -2603 3913
-8496 6996 17217 12663 -3641 6873
-8673 8332 17494 17425 -3978 8287
-9241 10073 18728 21154 -3288 9111
-11310 13808 19896 20249 -2823 9774
-13125 17278 20806 14075 -1967 7880
-13910 19126 21427 5665 -2641 6351
-12758 17806 20773 -2081 -4794 6599
-11432 16190 19926 -6038 -7800 7255
-10586 14930 19504 -6905 -9298 7488
-9943 14027 19126 -6711 -10761 7736
-9054 13097 18510 -5970 -12158 7964
-8670 12757 18073 -5928 -13065 7974
-8460 12788 17760 -6613 -13614 7975
-7966 12174 17599 -7620 -14244 7919
-7289 11133 17490 -8249 -15279 7747
-6740 9952 17065 -7787 -16135 7733
-6153 8991 16287 -6628 -16841 7622
-5668 8046 15517 -5138 -17779 7491
-4785 7263 14520 -3242 -18561 7147
-4053 6710 13742 -1064 -18988 6745
-3208 6417 12913 595 -18783 6497
-2017 5978 12196 2377 -18223 6320
-1294 5995 11379 3855 -17585 6234
-721 6231 10457 4213 -17208 6005
-111 6450 9673 3624 -17071 5632
548 6376 9078 3144 -16958 5220
1100 6497 8431 2610 -16559 4695
1985 6338 7732 2238 -15869 3967
2594 6181 7320 2272 -15100 3546
3369 5928 6819 2842 -13474 2986
4536 5349 6201 3736 -11141 2623
5352 4899 5729 4954 -8648 2374
5678 4864 5213 6121 -6453 2062
5554 5016 4713 6728 -4769 1668
5322 5245 4160 7027 -3689 952
5122 5404 3318 7217 -2993 97
4986 5770 2600 6673 -2483 -756
4993 6097 2236 4900 -2010 -1421
5114 6132 2029 3227 -709 -1849
5482 6376 1949 1767 1571 -2398
5198 6438 2793 -680 2508 -2544
5474 6710 3377 -3372 4025 -2471
4585 6869 3980 -6996 5709 -2548
4177 7038 5328 -9669 8206 -2794
3656 7700 6152 -10980 10256 -3605
2315 9056 8752 -13693 14953 -5334
684 10197 13642 -17963 23552 -8917
-500 10606 17741 -21258 30369 -11363
-1972 10688 19868 -23444 32767 -12131
-3514 10825 21638 -26820 32767 -13297
-7171 8684 21854 -28711 32767 -13744
-8748 6224 21856 -25395 32767 -12839
-8824 4396 22106 -21117 32767 -11719
-10194 5249 22748 -16317 31321 -8527
-11537 5606 23414 -9838 19386 -4503
-10993 5592 23531 -3254 7883 -1946
-10152 6411 23032 1412 457 -333
-8781 6836 22436 3694 -4487 390
-7270 6669 21664 3925 -5851 439
-6741 6789 20906 3545 -5619 236
-6034 6710 20078 3112 -5076 -36
-5282 6636 18697 2626 -4008 -756
-4846 6689 17438 2316 -3473 -792
-4608 6672 16712 2301 -3368 -701
-4545 6734 16229 2411 -3335 -516
-4216 6745 15697 2376 -3061 -21
-3861 6620 15344 1959 -2609 589
-3506 6444 15114 1341 -2135 1051
-3164 6266 14900 844 -1717 1264
-2896 5996 14646 651 -1283 1282
-2674 5832 14474 424 -645 1194
-2653 5885 14283 -58 -5 848
-2661 5795 14079 -600 536 501
-2653 5885 13864 -996 1100 286
-2560 5847 13836 -1433 1570 427
-2682 5901 13925 -1538 2925 583
-3120 6128 14316 -1577 4081 394
-3489 6211 14790 -2397 4837 -179
-3610 6280 16089 -4466 4780 -985
-3224 5741 17256 -6274 3862 -2200
-2921 5297 18002 -7540 3166 -4072
-3281 4272 17945 -6529 2923 -5836
-3977 4301 17188 -3677 3851 -5236
-5635 5330 16969 -1328 4597 -3288
-7260 6661 16785 -1169 3144 -1899
-7938 6934 16572 -1924 1243 -1300
-7728 6450 16377 -2534 -1062 -1623
-7142 5432 16226 -2114 -2679 -2057
-7557 4510 16304 -867 -3721 -2187
-7250 5089 16470 -418 -4291 -1572
-6170 6044 16477 -1069 -4563 -549
-5024 6109 16781 -1891 -4528 130
-4322 6110 16889 -2005 -4151 817
-3342 6066 16396 -2250 -2996 1064
-2382 5260 15444 -2870 -1615 638
-3033 6284 15477 -6393 -584 -362
-5002 6222 16901 -10165 -3758 -717
-4277 4645 16820 -10443 -4257 -1107
-3752 2208 17266 -9089 -3980 -724
-3868 1567 17356 -5415 -4175 239
-3072 2016 17762 350 -4909 1350
-2156 2838 17585 4484 -3358 2641
-2116 3824 17216 5215 -1851 2973
-3364 4932 16817 3827 -208 1978
-3604 4501 16520 2217 1176 1284
-3592 4781 16380 1576 1476 1086
-3534 5117 15952 748 1349 446
-3556 5031 15747 -172 344 -276
-3302 4896 15880 -477 -752 -625
-2985 4773 15986 -398 -1597 -829
-2774 4760 16211 -542 -2295 -1086
-2451 4707 16376 -1103 -2903 -927
-1972 4582 16286 -1125 -2719 -552
-2072 4331 16284 -726 -1777 -298
-3212 4617 16414 -606 -1098 11
-4093 4934 16364 -660 -1120 -47
-3853 4756 16197 -725 -950 -151
-3648 4676 15990 -585 -846 -264
-3332 4534 15776 -554 -869 -218
-3424 4377 15597 -209 -917 -425
-3803 4253 15870 768 -1176 -799
-4056 4485 16012 1807 -1629 -612
-3705 5146 16251 1110 -1440 -241
-2244 4513 15887 -693 -861 49
-1463 4397 14986 -1969 1516 224
-2272 5082 15064 -3490 2744 229
-3717 5670 16180 -5918 644 428
-3408 3316 17064 -5828 -1176 -576
-2281 1698 16955 -3396 -936 -1090
-1846 1244 16492 -521 -42 -638
-2083 1899 16277 1494 767 -39
-2194 2741 16110 2834 1175 624
-2582 3786 16129 2937 1630 999
-3013 4748 16617 1614 1649 1068
-2856 4922 17524 -510 465 -74
-1775 3854 17260 -367 729 -699
-2133 4376 16579 36 2079 -825
-2012 4296 15961 -807 3780 -812
-2308 4453 15585 -394 5267 -696
-2822 4396 15486 -179 5677 -763
-3116 4472 15268 -561 6067 -1054
-4257 4844 15800 -1074 5426 -697
-5312 4870 16180 -1211 3965 -664
-5532 4525 16531 -1181 2338 -893
-5310 4375 16524 -1061 761 -695
-4629 4696 16470 -1433 216 -400
-4570 4566 16506 -1869 117 -281
-4356 4321 16602 -2032 24 -235
-4237 3910 16818 -1621 -335 -317
-3946 3740 16658 -1323 -483 -364
-3671 4007 16587 -1097 -488 -382
-3491 4190 16499 -894 -447 -585
-3283 4584 16296 -1070 -182 -508
-2982 4714 15986 -1449 189 -712
-3192 4677 15798 -1804 311 -908
-3100 4802 15825 -2289 105 -843
-2930 4342 16003 -2411 -136 -719
-2892 4062 16225 -2197 -380 -391
-3049 4056 16450 -1960 -572 -186
-3240 4037 16676 -1679 -710 -79
-3376 3805 16808 -1224 -517 -100
-3700 3837 16854 -740 -267 -81
-3790 3792 16942 -522 -81 -57
-4140 3617 16882 -84 212 67
-4257 3740 16647 312 462 269
-4362 3892 16560 317 300 412
-4375 3902 16496 68 -27 509
-4250 3854 16439 -274 -545 582
-4084 3525 16429 -547 -877 528
-3990 3244 16502 -757 -1012 522
-3808 2980 16669 -869 -954 428
-3488 2668 16828 -877 -274 178
-3308 2520 16896 -852 600 -30
-3240 2508 16957 -1071 1045 -224
-3344 2432 16929 -1547 1208 -434
-3357 2183 16858 -2091 1361 -733
-3258 1904 16856 -2284 1768 -1071
-3361 1944 16656 -2092 2124 -1292
-3430 2008 16379 -1744 2237 -1455
-3649 2177 16072 -1427 2012 -1510
-3953 2137 15878 -1241 1707 -1454
-4701 1614 15938 -1096 792 -1504
-3690 712 16045 -303 1045 -1361
-3737 1356 16002 517 1351 -1387
-3995 2402 15903 695 665 -1555
-3988 3256 15788 234 117 -1812
-4037 3372 15691 -355 -221 -1735
-4010 3686 15798 -1041 -511 -1751
-3760 3412 15985 -1775 -505 -1645
-3393 3287 16321 -2249 -374 -1389
-2904 2994 16314 -2070 519 -1590
-3006 2932 16213 -1682 697 -1500
-2886 3020 16196 -1357 957 -1431
-3255 3536 16172 -1172 818 -1342
-3734 4155 16425 -1165 433 -1338
-4134 4350 16808 -1483 382 -1155
-4335 4300 17083 -1698 324 -1073