-7528 -6010 11242 12111 2160 7059
-8021 -5646 10357 16199 2415 8328
-8441 -4354 9376 20375 1851 9504
-8656 -2543 7688 24740 1434 9753
-9242 -220 5870 27693 448 9467
-9626 986 4754 29024 -586 9454
-9560 1841 4142 29718 -662 9303
-9240 1408 4661 31509 -551 9770
-8753 830 5013 32767 458 10451
-7717 182 4738 32767 3944 10057
-8275 789 4652 32767 11605 9918
-9106 1806 4892 32767 19307 9272
-9501 2661 4690 32767 26286 7688
-10194 5310 3231 32767 32512 3539
-11500 8136 852 32767 32767 -1419
-12618 9432 -821 32767 32767 -4727
-13742 10100 -2120 32767 32767 -7963
-14450 10070 -2419 32767 32767 -11375
-14604 10392 -2070 30439 32767 -14440
-14518 9684 -1718 26728 32767 -16179
-15486 10276 -2032 23420 29132 -17572
-16836 11166 -2413 18752 24661 -18730
-17913 11805 -2812 14866 20878 -19242
-18734 12516 -3524 11045 17050 -19663
-19117 12226 -4250 7555 12846 -19932
-19479 11611 -5400 6263 8387 -19746
-20649 13334 -6349 4546 3311 -19288
-21901 15200 -6889 -1185 -3106 -18236
-23937 15726 -5910 -8029 -11236 -17375
-23545 16138 -4460 -14860 -17168 -16456
-23246 16042 -3180 -20949 -19944 -15062
-22318 14210 -2350 -23727 -19878 -14214
-21282 11880 -1662 -22934 -17326 -13895
-20792 10174 -747 -20612 -12544 -12964
-21148 9744 -124 -19308 -8562 -11397
-22111 11108 -761 -21190 -5007 -9299
-21301 11229 -400 -25226 888 -6942
-20930 8593 2136 -24053 4538 -5455
-21085 6252 4944 -19543 7431 -4373
-20423 7012 5776 -12329 9737 -3310
-18137 6357 4985 -6876 11556 -1722
-17524 8392 5204 -5652 12061 1086
-23398 14904 5558 -17541 6903 -2260
-21933 11420 6602 -31544 -2077 -7135
-24155 9061 8384 -32763 -2761 -8654
-23407 6711 8016 -30272 1667 -7459
-24227 5820 6730 -26199 6791 -5791
-27513 8028 4456 -25711 7746 -5919
-28200 6148 4019 -25226 5454 -7070
-28960 8169 2841 -25407 1958 -6655
-28170 7536 2011 -24165 -2997 -5739
-27422 5901 864 -20348 -8253 -5727
-25902 5646 425 -15728 -13435 -5042
-26960 6207 -316 -11691 -20576 -4298
-26960 5668 -820 -9169 -26615 -3709
-26506 5968 -1082 -7698 -31440 -2578
-25548 5456 -1140 -6840 -32768 -1355
-24990 4528 -956 -5649 -32768 -105
-23225 3626 -1006 -4491 -32768 896
-21225 2965 -799 -3303 -32768 1306
-18393 2092 -522 -1585 -32768 1606
-16212 1853 -285 353 -32768 1470
-14038 1970 77 2092 -32768 1298
-11769 1769 609 3811 -32768 1698
-9526 1393 637 6214 -32768 2681
-7716 1104 758 9286 -32768 3010
-6272 889 968 12650 -32768 3584
-5188 149 946 16152 -32768 4092
-4198 728 597 20847 -32768 4689
-2810 1105 678 24641 -32768 6167
-1986 2174 1008 26122 -32768 7642
-637 2834 1349 25699 -32768 9793
1924 2412 1496 25670 -32768 10648
2910 2972 1721 26071 -32768 11014
2859 3565 1798 24771 -32768 10484
2481 4846 1449 22360 -32526 9843
2295 5239 807 18937 -29456 8404
2362 5130 725 14735 -26517 6677
2652 4958 1394 12073 -24176 6015
4283 4522 5094 10100 -21219 6423
5314 5352 6749 10671 -18300 5671
6974 7144 7482 9404 -8944 3178
7049 10601 10056 6663 6225 -872
5697 15411 13745 -3913 20597 -5312
4190 17636 17149 -19819 31657 -11400
2805 17413 20070 -31366 32767 -16891
2037 15242 21250 -32768 32767 -21967
1728 10250 21376 -32768 32767 -27005
-1384 6220 20686 -32768 32767 -32319
-8637 5194 16993 -32768 32767 -32758
-10056 4584 17296 -32768 32767 -29320
-12670 -2046 17201 -32768 32767 -23493
-14934 -2545 15902 -32768 32767 -16867
-15396 -3596 14506 -32768 32767 -10151
-16882 -2584 13206 -31824 32767 -5182
-18391 -3509 14157 -24410 32767 -1321
-18678 -5491 17056 -10139 25722 2157
-18770 -4282 17206 1598 8964 4767
-18685 -1463 14976 8653 -5587 5874
-17020 1797 13046 11199 -14487 7255
-14546 3069 12497 9466 -17746 9753
-13505 2390 11913 7345 -19207 10596
-12126 2257 12045 5265 -19335 10128
-10508 2822 12892 3119 -19764 8582
-9804 2702 13834 1174 -19471 6376
-9582 1832 14199 1963 -19153 4585
-8438 806 13516 4421 -17833 3517
-7640 761 13639 6413 -14846 2925
-7488 588 13969 7856 -12979 2395
-6781 2285 12869 6405 -11252 1953
-6872 2950 12334 3463 -8827 1397
-7300 3140 12102 1660 -6732 2030
-7530 3368 12477 -526 -4478 2849
-6371 2722 13287 280 -3012 3776
-6140 2321 13229 1790 -2531 3598
-6478 3262 12799 2459 -2195 3781
-7226 3881 12905 2297 -2384 3885
-6889 3702 12972 2476 -2243 3398
-6336 3384 13095 2856 -1877 2551
-6660 3439 13346 3022 -1437 1551
-7238 3892 13362 2960 -1032 202
-6511 3096 13039 3240 599 -962
-7017 3616 13351 2671 1746 -2377
-7784 4550 14037 837 888 -3109
-7274 4115 14128 -1260 -302 -3767
-7222 3544 14240 -2095 -65 -4578
-8215 3610 14328 -2248 1021 -4741
-9405 3290 14581 -1538 1288 -4021
-9576 4529 14415 -1674 2372 -2679
-9510 4161 14092 -1601 4048 -1717
-9884 3606 13804 -1406 5439 -1530
-10288 3165 14189 -1234 5470 -1703
-10396 4188 14070 -1656 4794 -1654
-10438 4801 14009 -2554 4011 -1576
-9985 4751 14284 -3119 2443 -1655
-8466 4436 14294 -3446 782 -1823
-7344 4376 13828 -3935 919 -1952
-6661 3690 13150 -4763 2049 -2519
-7492 3478 12918 -6006 3221 -2100
-9417 3511 13931 -7026 2645 -1258
-9508 2279 14631 -6149 1366 -819
-9491 1322 15110 -3447 63 -247
-9814 1098 15374 -546 -1297 745
-9794 1017 15493 1152 -2477 1742
-9560 932 15112 3010 -2881 2359
-9456 1139 14587 3871 -2769 2081
-9000 1525 14413 4036 -2476 1098
-7821 1941 14548 4330 -1303 100
-8096 3070 14845 4101 -790 -1544
-8513 2510 14752 3554 -510 -2975
-8454 3084 14696 2551 -114 -3834
-9153 3697 15220 296 -355 -4485
-8456 2746 14994 -1269 -75 -5161
-5850 2466 13613 -1360 2942 -5118
-7115 3118 13285 -1819 6704 -4273
-11934 3385 12399 -2298 7591 -3864
-10986 4307 11776 -2410 7231 -3195
-9332 4172 12477 -3742 5444 -2888
-9984 3438 13024 -3514 2679 -2919
-9897 2697 13500 -3176 -289 -3392
-8910 2722 13606 -2895 -2583 -3362
-8608 2050 13894 -2726 -3328 -3350
-8512 1936 14085 -2402 -3360 -2652
-8392 1908 14008 -2139 -2111 -1876
-8281 1959 13810 -2311 -67 -1375
-8487 2277 13598 -3145 2625 -1474
-9374 2985 13698 -5512 4610 -2599
-10104 2954 13988 -7884 4962 -3729
-10162 2416 14082 -9221 5087 -4048
-10009 1523 14356 -9931 5053 -4000
-9781 882 14512 -9777 4581 -3530
-9988 169 14569 -9063 3864 -2897
-10028 -351 14452 -7664 2690 -2078
-9694 -903 14070 -5319 1308 -1055
-10023 -1087 13562 -2961 57 -269
-10248 -888 13312 -1592 -914 101
-10593 -842 13204 -941 -1663 278
-11267 -600 13203 -919 -2605 213
-11453 -539 13110 -1435 -3451 4
-10846 -713 13060 -1989 -3683 -131
-10444 -1287 13171 -2116 -3444 -125
-10031 -1809 13133 -1806 -2606 -67
-10028 -2088 13133 -1475 -1869 -131
-9880 -2160 13145 -1432 -1190 -243
-9645 -2777 13118 -1501 -391 -368
-9633 -3626 13577 -328 533 -162
-9730 -3028 13820 914 613 -88
-9061 -2148 13193 1108 150 7
-8180 -1619 13149 1517 -275 -695
-8309 -1496 12828 1649 -666 -793
-8481 -1028 12764 1701 -879 -1386
-8895 -348 12653 1309 -1195 -2136
-8504 -236 12438 836 -1290 -2586
-8159 -107 12194 647 -1124 -2685
-7981 134 12100 544 -806 -2691
-7839 18 11882 566 -169 -2525
-7470 -154 11761 909 519 -2154
-7505 -308 11788 1075 1202 -1809
-7632 -262 11916 1254 1993 -1477
-7854 -202 12044 1322 2760 -1292