-13888 13785 2985 15618 -12976 -16561
-13396 13514 5117 15410 -11866 -17189
-12452 14249 5576 14247 -8473 -18401
-12193 15016 5358 11521 -4353 -19687
-12797 16608 5297 5569 -874 -19920
-14596 19388 5182 -4802 750 -18878
-15374 21157 6712 -22377 779 -17597
-15923 21525 5225 -32768 4351 -13942
-15334 15516 5684 -32768 5354 -11122
-15057 11186 5718 -32768 8160 -8248
-13372 6191 8378 -32768 13410 -6102
-6512 717 9263 -30302 27657 -5270
-20558 5790 13798 -17907 29929 -7114
-20094 7225 12969 -18141 10076 -10295
-17443 7051 11429 -17531 22361 -11348
-21158 6214 11651 -16614 18364 -12639
-19124 5417 10978 -12817 10867 -12788
-18701 4788 10626 -10010 11032 -13386
-18530 3072 10444 -7987 8839 -10113
-17835 3959 10002 -4875 4392 -8414
-17784 2556 9915 1928 1164 -5271
-17774 3848 9228 7124 -399 -2649
-18709 5499 8211 7629 -348 -457
-18207 6425 7087 6932 -1776 201
-18390 7164 5421 5840 -205 -221
-18189 7084 5185 3822 824 -567
-18490 6982 4777 2391 -366 13
-17753 7145 4633 -258 -419 -801
-17731 6523 4940 -2642 -127 -1074
-17500 6194 5209 -4553 608 -1226
-18310 6640 5806 -6305 946 -1621
-19087 6856 6056 -8799 1362 -1943
-20034 6519 6639 -11827 1971 -2970
-20506 6137 7306 -14232 2129 -3705
-21072 5486 7316 -15908 1858 -4300
-22249 5712 6796 -18643 1927 -4458
-23909 5806 6874 -21932 1719 -4568
-24784 4821 7033 -24032 1559 -4715
-26376 3829 7418 -25131 1432 -4868
-26522 2030 7565 -24829 400 -3907
-25987 89 7060 -22117 -348 -2792
-25600 -1604 6824 -19034 -1103 -1819
-25391 -2270 6527 -15521 -2361 -545
-25443 -2306 5836 -11421 -3939 2157
-25020 -2490 5560 -8670 -5142 4368
-25589 -2716 5358 -6420 -6206 6311
-26953 -2517 5091 -3773 -8592 8880
-26984 -2396 4305 -1269 -12300 11833
-26488 -1918 3864 156 -15791 13564
-25116 -1271 3479 1109 -20051 14767
-24657 1018 3230 1448 -27293 16468
-22095 54 3037 2248 -32651 18812
-18656 -1108 1706 5985 -32768 20588
-15962 -1010 382 9932 -32768 22426
-12765 -445 -782 13628 -32768 24187
-9070 -494 -885 16830 -32768 24193
-6085 -41 830 20140 -32768 23593
-4644 -94 1586 22865 -32768 22371
-3960 404 3632 23932 -32768 21904
-2516 1836 6240 21753 -32768 22300
-1961 3082 7868 15547 -32768 21365
-588 4739 8839 8313 -32768 19584
-764 6126 7760 4560 -32768 15738
3219 5036 6540 6862 -32768 10330
4309 4090 6465 8459 -32768 9118
4853 4440 5851 9055 -32595 6146
2549 5296 5986 10849 -31188 8119
2593 6734 4549 10273 -28140 8650
4412 8017 5852 9731 -22131 8262
5402 8098 7662 7628 -19498 6951
6133 8235 7449 4376 -16964 3537
6212 9296 6821 488 -8743 78
5193 8189 6150 -2006 -2669 -1566
4828 7108 6680 -2237 644 -1662
4160 6714 7296 -1876 2381 -1649
3930 7047 7462 -871 3667 -1630
3548 7573 7808 -1073 5000 -2356
3359 7939 7848 -1735 7003 -3361
3056 8186 9077 -2899 8497 -4404
3170 8908 10409 -5049 9705 -5533
3965 9379 11540 -8461 12291 -6910
4622 10087 12967 -10946 17321 -7591
4249 10760 14322 -14698 21897 -9138
2560 9846 16212 -18597 25225 -11364
3474 7696 17134 -15518 27486 -13834
2526 7114 16330 -14107 28142 -16412
1040 7256 16104 -12151 28194 -17751
1158 6987 15890 -9316 27566 -17051
2261 5306 15766 -8668 26859 -15632
-6 4968 15790 -7961 23733 -11775
-5537 6299 16435 -4641 16531 -5840
-9676 8712 17260 -2592 8031 -1816
-10332 8006 16232 -570 1404 1033
-10674 8056 14940 2459 409 4726
-7358 8620 16476 1876 9 5094
-653 7269 16605 -2468 272 2788
1386 8898 18026 -4680 3386 1050
1849 12669 21070 -7906 3652 268
1233 10256 22582 -9032 1428 -765
4581 6794 21501 -5393 1512 -623
3947 5707 18654 -1902 6922 -489
545 5849 17364 -1042 10460 -116
-888 6304 17642 -868 10939 312
-1597 7965 18042 -834 10562 -269
-1379 8095 17843 -704 10346 -886
-2181 8890 17666 -1910 9889 -1084
-2896 8464 17442 -3381 8538 -1880
-2773 7641 17402 -4415 8085 -2398
-2236 7384 18190 -5161 7842 -2916
-1481 7026 19260 -4494 7622 -3680
-488 6010 18493 -1693 8437 -4033
-440 5617 17765 -286 9296 -4127
-1993 6596 17696 -285 8106 -4185
-2321 7428 16582 -315 6384 -3911
-2990 8070 16481 -1313 4460 -3422
-5471 7591 16566 -2701 1556 -3439
-6331 7386 15374 -2499 670 -2808
-5060 7708 14177 -1617 972 -1111
-5148 7850 13416 -2482 1469 -868
-5697 6749 13024 -3261 2325 -1551
-6527 7320 13569 -3921 3263 -2170
-5034 7210 15110 -6236 2210 -1529
-4725 7031 16958 -8150 -426 -1056
-3785 5904 16209 -7934 -31 -1012
-2462 4363 15417 -8013 2879 -873
-4336 4145 14808 -6350 4675 -800
-5913 3733 15076 -4587 3606 605
-6528 3617 15524 -2197 2005 1093
-5378 3380 15881 1149 440 1345
-4817 4331 16568 2922 -456 1559
-4703 5221 16618 2441 -686 1384
-3674 4302 17190 1780 368 493
-2437 5924 17510 1374 1397 1107
-2648 5768 16984 2366 3237 -219
-2265 4871 16007 3395 6650 -1884
-3569 6644 14464 3622 7893 -3093
-4564 7948 13936 1670 6990 -4486
-5244 8769 14889 -2091 4799 -5221
-7212 8274 16078 -4889 2451 -5535
-9314 7504 15811 -5826 310 -4672
-5041 5902 15674 -5577 277 -3914
-5273 5514 15140 -5893 2426 -3966
-4713 5168 14758 -5841 3687 -3532
-4842 5165 14766 -5550 4423 -2852
-5684 5602 14932 -5573 4453 -2195
-6365 5780 14866 -5917 3941 -1820
-7022 6059 14669 -7151 2956 -2107
-6519 5750 14567 -7673 1869 -2182
-5714 5461 14556 -7670 1311 -1765
-5290 5141 14758 -7969 828 -1092
-5326 4424 15297 -8453 337 -132
-5497 3656 15494 -8169 645 825
-5477 2964 15621 -7406 1114 1461
-5612 2744 15929 -6862 1537 1548
-6254 2946 16174 -6534 993 1499
-6213 2308 16192 -5726 607 1241
-6560 2043 16010 -4719 544 1029
-7150 2174 16016 -4337 189 1089
-7215 2095 15922 -4390 24 1075
-7434 1918 16074 -4742 -46 1265
-7713 1586 16070 -4954 -43 1300
-7516 1061 15990 -5025 155 1207
-7357 842 16008 -5054 312 1293
-7400 598 15720 -4870 339 1422
-7477 764 15500 -4725 52 1131
-7476 421 15265 -4393 -246 864
-7460 270 15073 -4202 -227 976
-7315 43 15048 -4012 -403 950
-7101 -270 14906 -3730 -584 953
-6825 -516 14731 -3355 -511 800
-6656 -610 14788 -3193 -266 661
-6637 -646 14828 -3104 -193 215
-6615 -531 14778 -3274 -161 -424
-6611 -519 14721 -3511 -422 -1369
-6610 -376 14698 -3832 -960 -2421
-6585 -551 14677 -3838 -1874 -3560
-6346 -873 14606 -3690 -3087 -4632
-6114 -1156 15106 -3861 -3170 -4754
-5776 -1461 15326 -3842 -2440 -4543
-5234 -1606 15404 -3417 -1752 -3827
-5372 -1400 15394 -3160 -1028 -3332
-5507 -1737 15534 -2599 190 -2584
-5685 -1659 15533 -1410 1425 -2342
-5812 -1309 15470 -879 2014 -2384
-5662 -1264 15410 -528 2249 -2255
-5456 -985 15285 -184 2232 -1945
-5570 -589 15250 -16 2182 -1491
-5522 -392 15128 105 2049 -1043
-5610 -259 15104 375 2085 -692
-5794 165 15065 403 2039 -643
-5997 476 15139 17 1793 -908
-6104 560 15240 -317 1624 -1092
-6188 340 15480 -660 1670 -1140
-6647 -34 15742 -797 1944 -905
-6952 -150 15912 -566 2083 -630
-7168 -109 15904 -275 2042 -489
-7334 -249 15838 293 1780 -297
-7137 -562 15732 992 1668 -124
-6885 -590 15585 1652 1697 61
-6733 -489 15400 2115 1719 218