-7326 3188 -689 24808 -32768 11898
-6976 4785 -884 22917 -32768 9833
-6344 6730 -1406 20308 -32768 8571
-4665 6637 -1853 18010 -32768 7541
-2664 5560 -2136 17801 -32768 8133
512 2232 -3273 20741 -32768 9966
2694 1426 -4126 26228 -32768 11201
3649 2421 -4598 29212 -32768 11218
3977 2729 -3494 27638 -32768 11423
4272 2304 -2564 23384 -32768 10506
5512 2936 -2193 19782 -32768 9093
6042 4989 -954 14973 -30710 5416
4902 7470 710 5803 -23833 1639
5322 10856 1952 -2012 -12111 -7904
4600 7213 2248 -9239 -1334 -13827
4252 7222 1842 -15052 3190 -16216
2963 5076 2539 -20066 7137 -17594
794 5400 6168 -21908 10474 -15295
-196 6884 8860 -20850 11758 -14065
-702 7580 10591 -18689 12184 -13465
844 9474 13146 -15768 19002 -12848
964 10618 15722 -15517 26410 -13467
-1296 11144 18369 -17588 31677 -14948
-3602 12660 18430 -19097 32767 -17056
-5297 10647 19676 -21631 32767 -20298
-5664 8998 18906 -18529 32767 -19727
-7433 8188 20616 -18196 32224 -17583
-8568 7409 21813 -17708 27541 -14766
-8757 6838 22816 -15780 22345 -11344
-8624 7431 23365 -11823 17839 -9290
-8722 6590 22277 -7619 14049 -9477
-7564 6325 20748 -5125 13574 -10499
-9714 7020 20125 -4221 14078 -10469
-10689 7349 20190 -4656 12908 -9264
-10793 7518 20860 -5748 10083 -8143
-10110 7078 21317 -6834 6853 -6766
-9613 6996 21385 -7949 4650 -5524
-9557 7554 21324 -8839 3280 -4304
-9178 7249 21159 -9413 2254 -3142
-8708 5997 20786 -8821 2016 -2138
-7786 5358 20140 -7443 2666 -1674
-7282 4978 19258 -5684 3746 -1592
-7024 4736 18501 -4080 4964 -1503
-6645 4536 18092 -3193 5712 -1196
-6674 4380 17850 -3298 6047 -1160
-7280 4882 18170 -4492 5209 -1515
-8188 5384 18549 -6279 3146 -1510
-8414 4326 18722 -6497 1344 -973
-7832 3448 18612 -5310 1210 -531
-7668 3268 18286 -3386 1263 -226
-7400 2936 17962 -1738 642 -33
-7242 2741 17618 -609 -223 67
-7113 2808 17528 336 -1112 456
-7033 3492 16926 1102 -1291 404
-6925 3537 16773 883 -875 212
-7112 3885 17036 206 -481 -370
-6529 3814 16978 223 264 -352
-6788 3752 16452 902 1366 -524
-7262 4108 15674 1163 2729 -1353
-7273 4146 15684 418 3130 -1811
-7345 4369 15909 -1010 2021 -1893
-7534 3813 15730 -1869 450 -2220
-7256 3521 15068 -1139 -397 -1926
-6958 3293 14466 -458 -1117 -1438
-7586 2816 14168 505 -1820 -1307
-8062 3288 13753 1267 -2597 -791
-8786 3789 13344 1165 -3106 -167
-8977 3680 13008 1083 -3132 315
-8457 3318 12708 1296 -2367 395
-8376 3108 12708 1211 -1454 193
-8466 3257 12905 1452 -1032 -104
-8281 3944 13396 468 -1276 -16
-7938 3904 14076 -829 -2222 416
-7440 3876 14544 -1780 -3433 1037
-7114 3729 14682 -2400 -4074 1182
-6992 3454 14746 -3001 -4068 855
-7560 3380 15310 -3920 -5146 347
-7453 3278 15526 -5211 -6510 238
-6504 2302 14961 -4110 -5263 539
-6078 1454 14666 -1272 -2554 278
-5824 1138 14784 1288 -200 441
-5592 694 14468 3904 1623 1554
-5457 2069 14464 4278 2730 2194
-6320 2498 15198 5252 2383 2520
-6696 2768 15773 7062 1359 2692
-6925 4058 15306 6423 941 2810
-7997 5397 14980 4563 591 2360
-8462 6248 15198 1571 -201 1523
-8372 6320 15342 -1693 -954 807
-7750 5494 15553 -4324 -1360 -49
-7092 4693 15673 -5682 -1519 -844
-6394 3634 15501 -5346 -997 -1164
-5829 2650 15512 -3686 51 -1524
-5977 2398 15461 -1579 945 -1865
-6242 2536 15277 14 1222 -1854
-6060 3093 15109 712 1300 -1906
-7022 3833 15125 654 735 -1385
-7330 4306 15084 317 -62 -849
-7718 4194 14845 -6 -705 -600
-8232 4216 14419 -394 -1604 -355
-8121 4254 14485 -1406 -2240 100
-7918 3828 14928 -2150 -2998 353
-7857 3749 15044 -2375 -3434 313
-7580 3849 15138 -2028 -3746 360
-6673 3769 15266 -2103 -3942 681
-5904 3175 15099 -2062 -3747 905
-5229 2857 14737 -1620 -2965 1311
-4693 2660 14668 -2422 -1937 1131
-5479 2796 14729 -4195 -1768 292
-6208 2991 14938 -5283 -2407 576
-5814 2761 15466 -4160 -2570 1091
-5170 1477 16030 -1403 -2625 914
-5184 1213 15992 2312 -2103 1214
-5246 1740 15772 4430 -909 1675
-5429 2838 15646 4598 552 2087
-5516 3133 15672 3914 1927 2535
-5430 3781 15929 2494 2963 2836
-6172 4004 16464 71 3173 1996
-6601 4202 16288 -856 2550 -7
-5781 3169 15496 -524 4415 -1781
-5614 3389 15292 -238 6072 -3033
-5716 3482 14616 -554 6517 -3687
-5528 3084 14522 -1663 6008 -3712
-5926 2985 14520 -1665 4326 -3206
-5733 3176 14436 -1164 3019 -2319
-6614 3742 14905 -1191 1480 -1397
-7352 3997 14902 -1555 163 -715
-8754 4633 14886 -1797 -1229 -518
-8696 4512 14840 -2318 -1836 -541
-8173 4341 14585 -2656 -1775 -284
-7406 3756 14629 -2946 -1408 -277
-6918 3202 14748 -2892 -864 -97
-6794 3144 14874 -2772 -337 193
-6952 3224 15144 -2880 -84 210
-6804 3205 15405 -2987 32 114
-6683 3098 15708 -3039 89 330
-6776 3198 15892 -3223 -108 365
-6756 3118 15992 -3545 -599 32
-6774 2844 16154 -3932 -1055 -198
-6714 2608 16065 -3846 -1298 -127
-6504 2394 16020 -3532 -1055 -51
-6557 2209 15990 -3110 -745 -40
-6482 2032 15936 -2647 -309 -135
-6462 1761 15757 -2057 296 -173
-6466 1617 15680 -1536 1014 35
-6418 1673 15717 -1079 1526 107
-6664 1792 15678 -750 1628 68
-6736 1957 15605 -782 1442 -97
-6954 2037 15596 -1237 1363 -102
-7072 2065 15717 -1749 984 -263
-7074 1954 15768 -2357 490 -498
-6944 1545 15838 -2666 223 -581
-6728 1268 15646 -2616 142 -576
-6600 1034 15513 -2336 100 -489
-6441 928 15381 -1999 2 -326
-6133 865 15180 -1586 622 -260
-6116 885 15178 -1206 861 -147
-6181 1002 15121 -980 998 -159
-6262 1153 15036 -988 1092 -225
-6210 1153 14994 -1113 1232 -348
-6153 1246 14854 -1189 1070 -669
-6320 1037 14725 -1564 1017 -715
-5993 1116 14545 -1898 837 -961
-5545 869 14316 -2101 790 -1301
-5401 732 14297 -2104 776 -1709
-5701 885 14432 -2289 1223 -1813
-5822 928 14516 -2562 1605 -2108
-6077 769 14654 -2818 2199 -2363
-6333 764 14816 -3027 2733 -2579
-6353 608 14784 -3213 3321 -2689
-6688 645 14822 -3210 3797 -2704
-6854 481 14808 -3055 4097 -2596
-7104 244 14684 -2719 4133 -2357
-7026 -6 14637 -2168 4390 -2050
-7141 96 14428 -1595 4383 -1838
-7330 218 14436 -1048 4037 -1689
-7465 530 14381 -770 3614 -1639
-7653 878 14417 -739 3131 -1617
-7762 1045 14584 -967 2695 -1700
-8026 1198 14737 -1290 2216 -1840
-8004 1061 14778 -1602 1922 -1861
-7921 916 14896 -1687 1806 -1817
-7953 701 15077 -1630 1794 -1693
-8085 694 15057 -1400 1941 -1561
-8154 694 15182 -1226 2190 -1351
-8172 770 15314 -1053 2460 -1249
-8256 922 15338 -942 2580 -1222
-8381 1121 15366 -997 2639 -1205
-8476 1164 15416 -1145 2670 -1135
-8512 1037 15500 -1178 2629 -1010
-8462 881 15622 -1182 2499 -902
-8486 734 15634 -1175 2402 -714
-8450 585 15656 -1110 2288 -523
-8549 472 15690 -945 2106 -385
-8601 465 15572 -726 1871 -283
-8662 472 15568 -547 1525 -200
-8781 521 15558 -388 1180 -136
-8725 437 15481 -163 776 -53
-8689 440 15304 176 281 -89
-8626 694 14987 373 -231 -3