-14081 6724 7918 -332 313 -40
-14088 6704 7920 -339 351 -40
-14146 6753 7906 -342 426 -50
-14137 6749 7938 -335 429 -75
-14169 6819 7917 -357 418 -50
-14116 6760 7988 -363 383 -104
-14078 6709 7918 -339 372 -120
-14150 6721 7972 -371 373 -131
-14157 6704 7932 -429 373 -133
-14150 6660 7956 -448 391 -120
-14155 6633 7922 -501 354 -82
-14118 6666 7882 -558 338 -98
-14118 6686 7966 -642 332 -146
-14126 6740 7916 -718 319 -194
-14089 6790 7913 -764 314 -206
-14117 6798 7918 -827 283 -238
-14122 6782 7882 -842 266 -238
-14172 6765 7972 -774 248 -231
-14193 6785 7944 -627 252 -188
-14280 6740 8033 -513 267 -138
-14261 6694 8038 -509 311 -120
-14209 6625 8089 -494 333 -105
-14138 6565 7978 -505 356 -69
-14131 6575 7942 -439 361 -73
-14160 6536 7929 -352 301 -63
-14180 6634 7914 -314 251 -36
-14122 6602 7908 -317 246 -35
-14137 6681 7901 -333 205 -5
-14149 6625 7882 -297 210 -39
-14221 6641 7921 -311 273 -48
-14231 6617 8034 -287 297 -84
-14214 6589 7973 -274 275 -79
-14232 6591 7926 -267 274 -60
-14193 6568 7896 -233 228 1
-14226 6610 7949 -236 250 15
-14192 6678 7834 -245 253 25
-14154 6680 7916 -257 286 -8
-14136 6689 7908 -220 283 -28
-14097 6741 7970 -258 303 -42
-14106 6661 7926 -258 261 -35
-14103 6695 7978 -274 226 -49
-14152 6630 8010 -291 214 -45
-14093 6628 8021 -285 180 -28
-14167 6674 7976 -322 212 -12
-14206 6590 8088 -329 173 47
-14481 6482 8062 -281 62 26
-14617 6459 8062 -201 -121 22
-14510 6448 8154 -137 -308 73
-14688 6444 8426 -180 -517 101
-14776 6412 8690 -449 -857 256
-15193 6249 9088 -950 -1474 525
-15780 6500 9617 -2007 -2556 937
-16400 6785 9952 -3687 -4285 1709
-17838 6922 10096 -5181 -6685 2933
-19155 6488 10000 -4452 -9252 4010
-19942 6910 11468 -2142 -13552 4895
-21186 9369 11690 -1013 -17184 5716
-21953 14137 13311 -6090 -19352 6188
-21692 13182 14817 -13287 -22846 4695
-18958 10796 15654 -16009 -26470 5337
-16626 9682 16205 -15663 -29881 5330
-15629 8725 16200 -14591 -30959 5771
-14812 7484 15580 -12809 -30916 5428
-13510 6289 15140 -10907 -30382 4892
-11910 6189 15858 -9026 -30004 5168
-11725 7469 16672 -9081 -30763 5748
-11458 7969 16568 -9197 -31796 6320
-10430 7485 15941 -8260 -32593 6876
-8701 6453 14629 -7040 -32313 7950
-6804 5557 13449 -5927 -30371 9358
-5753 4456 12248 -4402 -29661 10429
-5557 4822 12664 -4040 -31170 10320
-5464 5489 12521 -4454 -32752 9466
-5000 5610 11993 -4423 -32768 7904
-3196 4341 11349 -4803 -32768 6725
-2233 2042 10962 -3995 -32768 6028
-181 702 10384 -1113 -32768 6065
2740 1028 9550 1731 -32495 7104
4217 2421 9089 4386 -27344 7680
5536 2746 8216 6457 -21335 7144
5620 3822 8546 3706 -17564 5363
4706 6877 9637 -2933 -16112 4105
4557 7482 10010 -10049 -16467 3199
2818 7624 9428 -13420 -16992 3196
1306 5237 7258 -8996 -15070 2561
3002 3916 7084 -4119 -11739 4271
7181 3777 8333 -3965 -5709 6024
8606 3916 9642 -8519 861 5525
9456 2502 9397 -9687 8510 4369
9844 -40 8297 546 16120 3122
10916 -7588 4604 10355 25960 -2040
6792 -240 19540 -4212 23973 -3653
6116 13490 16374 -13591 22642 888
3965 -1168 15162 -11231 15977 -2316
3062 -4952 13830 -2372 7752 -1458
1720 -2741 14877 5071 4776 459
1969 572 15608 7688 5422 524
2586 2174 16700 7922 4674 -774
2221 965 16648 8411 3284 -1855
1966 1221 16813 8408 3282 -1940
1714 3048 17293 6677 4306 -1875
1820 4441 17402 3857 3643 -1747
2386 4630 17212 2618 2518 -1762
2672 4813 16765 2699 1607 -1043
2049 6017 16982 2402 759 -889
1510 7248 17613 -187 -1153 -1572
490 8148 16846 -2394 -1757 -1437
-796 7354 16349 -870 -2993 -669
-645 7357 16428 1306 -3295 1124
1261 6930 16606 1248 -313 2794
2637 5761 16894 -879 4009 2834
3854 5397 19194 -7791 6100 1472
4148 6908 19294 -14157 6499 129
3518 4034 18584 -13295 6173 -1150
3957 28 18189 -7178 5173 -1903
2634 24 18893 -2478 3447 -1683
301 2561 18434 -364 274 -449
-389 1732 17677 2599 -484 -503
45 1210 17565 5559 -947 -208
804 213 17060 7794 -2675 -603
1830 693 16545 8333 -3392 -771
1952 2420 15874 6995 -2505 -463
2549 3190 15014 6304 -1839 -459
2993 3468 14282 6922 -2279 64
2405 4617 14661 6809 -3053 297
2260 7082 15488 3165 -4335 -144
2069 8904 16042 -1686 -5046 -524
2486 7906 16420 -5927 -5875 -992
2749 7117 16628 -8960 -6497 -1373
2670 6277 16254 -9884 -6272 -1536
3216 4573 15705 -8640 -4819 -1547
3568 3016 15176 -5450 -2835 -1314
3714 2472 15017 -2358 -1296 -304
3817 2670 14672 -245 -9 377
3900 2676 14070 1214 795 556
4154 2376 13333 2297 1441 631
4554 2376 12333 2950 2378 789
4717 2273 11740 3836 3624 530
4769 2164 11398 4581 5284 81
4650 2642 11093 4949 7315 -814
4442 2826 10852 4726 9907 -1955
4300 3016 10558 4939 13407 -3373
4230 3040 10378 5326 17660 -4921
3822 2990 10110 5819 22081 -6651
3021 3110 9766 6340 26474 -8071
2125 3682 9412 6663 30724 -9429
589 4468 9582 7065 32767 -10867
-798 5446 9688 7041 32767 -12325
-2506 5517 9430 7433 32767 -13925
-4193 5442 9217 9098 32767 -15481
-5888 4726 8520 12968 32767 -17037
-7597 3198 8370 16859 32767 -19539
-9393 3500 9774 15111 32767 -22118
-11049 7137 11113 6196 32767 -22955
-14044 6692 9990 484 32767 -23329
-14701 2420 9690 3686 32767 -22681
-15596 1778 10446 8394 32767 -19833
-17338 5209 11273 7570 32767 -16702
-21266 7058 16778 7093 28352 -13346
-31816 15917 15490 7778 18902 -6844
-29000 14773 27668 -1730 -6566 -2574
-29582 14341 24689 -4155 -15621 2014
-28738 13062 20374 -4968 -17002 2452
-19765 10070 17838 -8049 -9107 -211
-13437 4017 15052 -5815 1025 -2089
-12296 -290 13018 -47 7438 -4173
-11808 2185 12561 1021 9519 -5145
-10949 504 11346 1895 8428 -4567
-9268 1024 10108 1572 6102 -2712
-8472 680 8758 580 3892 -1467
-8325 118 8012 8 1301 -1259
-11024 1548 8232 -511 -470 -455
-12572 2710 8145 -1097 -1524 252
-13858 3401 8513 -1153 -2269 655
-14821 4149 9065 -1277 -2702 972
-14993 4898 9516 -1477 -2458 1222
-14668 4977 10025 -1275 -1553 1235
-14338 4921 10538 -640 -437 1006
-13828 4913 10945 100 345 784
-13258 5110 11404 245 544 754
-12637 5152 11460 -53 519 798
-12338 4762 11362 -63 483 656
-12217 4774 11154 -25 494 531
-12005 4809 10954 -152 516 305
-12717 5049 10681 -190 540 417
-13184 5051 10475 -236 574 564
-13610 5448 10316 -518 464 494
-13738 5377 10181 -842 392 469
-13533 5330 10061 -744 505 267
-12948 5060 9908 -715 615 142
-12854 4992 9762 -746 517 230
-12566 4784 9838 -949 368 443
-12688 4660 10058 -1121 251 492
-13051 4618 10442 -1316 204 375
-12946 4698 10576 -1348 -70 107
-12938 5015 10602 -1686 -407 -242
-12768 5022 10452 -2021 -701 -539
-12733 5114 10312 -2147 -775 -737
-12754 5083 10336 -2393 -652 -968
-12844 4756 10353 -2587 -503 -1054