-13488 -2101 1864 17206 22249 -13025
-14080 -400 1938 19097 30495 -12038
-16648 602 1705 19711 32767 -10483
-16978 2190 -1530 18132 32767 -10100
-19088 4922 -3852 14039 32767 -9529
-20945 5984 -4881 7892 30603 -9620
-21480 6426 -5852 1870 23607 -9889
-21622 6148 -6414 -835 19676 -10274
-20968 5934 -6481 -3323 14126 -9941
-20602 5452 -6346 -4862 6157 -9014
-19837 4744 -5915 -5523 -894 -7762
-19288 3304 -4823 -6911 -9828 -4638
-19110 2728 -3986 -7880 -14756 -2008
-18839 2445 -3719 -7712 -15136 17
-17904 1402 -3548 -5559 -10738 961
-18028 712 -2532 -3634 -10920 2602
-17657 1196 -2071 -2164 -10070 3406
-17716 1648 -1720 -1300 -10070 3460
-17724 1848 -1790 -1470 -10803 3183
-18114 1817 -1416 -2963 -13067 3176
-17408 990 -2064 -6687 -13851 4786
-16584 580 -1569 -9450 -9650 5336
-17265 202 198 -9697 -10758 5734
-16017 -581 242 -8452 -11053 5930
-16124 -644 769 -7441 -11084 6201
-16285 -340 542 -6649 -10635 6194
-16124 -545 564 -5919 -8317 5350
-16485 -775 656 -4298 -8344 4954
-16428 -792 580 -3486 -7693 4386
-17225 212 779 -3356 -7610 3570
-17833 705 980 -5466 -7435 3652
-17886 284 1178 -7423 -6365 4786
-18154 665 1430 -8515 -4515 5171
-19124 1208 2554 -8260 -3750 4977
-19414 1137 3122 -6830 -2659 4786
-18514 -116 3642 -3389 1333 5039
-19866 844 3408 -1418 3969 6464
-19537 630 2498 477 5442 7402
-19056 389 1429 4006 7455 9353
-20456 3334 474 4295 9691 12290
-21492 4156 1033 3752 10064 14705
-21974 3940 1412 5069 9731 15635
-22471 4556 995 6289 9122 16301
-22845 5026 504 5942 7635 17982
-23024 5126 124 5545 7111 18725
-23205 5305 -471 5184 6220 19235
-23192 6053 -815 4124 4056 19943
-22880 6713 -1204 2466 2019 19771
-22940 7462 -1437 875 333 19343
-23804 8600 -1484 -1157 -1853 18473
-25110 9630 -1566 -3666 -4578 16783
-26394 11139 -1759 -7995 -9442 13817
-24773 9666 -1957 -13238 -13043 12040
-23651 7954 -1164 -16150 -16372 12201
-22090 8332 -1049 -18943 -18997 13802
-22286 8976 -1080 -21674 -20889 15641
-22644 8857 -1197 -23992 -23268 15686
-22036 8573 -1142 -26056 -25596 15294
-20173 6269 -96 -26951 -28095 14341
-17499 5212 445 -26932 -27340 14526
-16994 5872 836 -27052 -24441 15935
-16296 5424 2501 -26287 -21948 14609
-15006 5494 3360 -25925 -19401 11622
-14162 5954 3260 -25877 -19604 11375
-13440 5544 3345 -24426 -20768 11063
-11417 3777 3202 -22298 -21433 11196
-10442 3488 3428 -19590 -21972 11691
-10067 3501 3741 -16859 -22060 12353
-9286 4068 4281 -14325 -22355 12369
-8849 3997 4613 -13309 -22556 12167
-7644 4446 4794 -13162 -22916 11168
-6607 4645 5560 -14106 -22318 9798
-6028 5156 6558 -15117 -21517 8111
-5912 5150 7380 -15514 -20281 7195
-5420 4742 7814 -15821 -18907 6566
-4549 4614 8200 -15185 -18079 5886
-4143 3744 8806 -13746 -16589 5320
-3631 3033 9931 -10842 -15499 4551
-3352 2522 11305 -8130 -15103 4239
-3416 2706 12062 -6750 -13892 4102
-2382 2976 12164 -4445 -9963 4124
-1520 3682 11980 -2805 -4774 3645
-2649 3783 12400 -4798 -1373 2364
-2745 3848 12845 -7806 1087 488
-2842 2954 12894 -8807 1782 -42
-2951 3095 12449 -8313 2219 468
-3012 2170 12717 -6244 2477 1433
-3462 2726 13482 -4096 935 2398
-3666 3716 14124 -3224 -1549 3406
-2728 3670 13824 -2729 -3726 3129
-1352 3534 13672 -2587 -3703 2873
-1076 3602 13983 -3241 -3249 2491
-1754 3516 14688 -4020 -2972 2069
-1706 3352 15238 -4334 -3063 1848
-1642 2877 15706 -3940 -2770 1689
-1736 2126 15975 -1825 -1711 1493
-2616 2268 16312 -326 -1339 1311
-2540 2514 16365 848 -645 1143
-3328 3328 16731 2177 -49 932
-3097 3110 16878 3356 45 844
-2784 3664 17016 4088 573 970
-2628 4454 17266 4885 1087 1432
-2741 7344 17352 4243 1942 1477
-3703 7700 15313 1488 3635 -168
-5624 5900 14155 -2297 3800 -1250
-5270 5028 14057 -3724 2807 -217
-4513 5137 14763 -4131 2068 1594
-4420 4578 15728 -4162 404 2513
-3693 3730 16374 -3275 -874 2293
-3329 3494 17022 -1963 -1416 1817
-2687 3595 17309 -944 -1177 1398
-2511 3698 17190 47 -134 669
-2478 3878 16601 1075 1328 148
-2486 4074 16686 1158 2034 280
-3160 4730 16990 -45 1762 383
-3246 4575 17700 -1623 558 14
-2365 3878 18222 -1734 -96 -263
-968 2886 18179 342 -355 -105
789 2457 17770 3536 -518 1018
1045 2918 16840 4396 -1596 1269
560 3801 16242 3625 -3107 813
-268 4224 16380 3190 -3732 621
-2394 4889 16772 1966 -5823 565
-4008 5483 17002 446 -8543 -101
-3797 5213 17701 -236 -10086 -886
-3604 4792 18828 -233 -10197 -1147
-2513 3728 19268 1064 -7604 -796
-2490 4353 18660 2841 -2511 -231
-2889 5584 17585 3739 2738 828
-3452 6245 16446 3949 5994 1412
-4013 6961 15681 3831 6779 1453
-4493 7641 14698 3107 6935 1466
-4960 8398 14140 2017 6486 1400
-4822 8374 13783 73 4924 1617
-4222 7658 13742 -1283 2224 2089
-3564 7381 13910 -1410 789 2529
-3010 7389 13834 -1633 162 2660
-2347 7428 13768 -2802 -532 2390
-1380 6673 13410 -4448 -992 1509
-734 6152 13352 -5357 -543 783
-468 6104 13297 -6552 414 247
-341 5996 13197 -8055 1629 -306
-318 5717 13484 -9959 2980 -708
-896 5302 13949 -11243 4261 -848
-1335 4531 14445 -11220 5185 -811
-2249 4034 15088 -10120 5998 -688
-3137 3261 15269 -7961 6621 -980
-3554 3248 15677 -5358 7148 -1141
-3964 3749 16626 -4481 6858 -378
-5076 4712 17436 -5731 5581 177
-5836 4756 18176 -7930 3203 -11
-5525 3785 18320 -8936 1498 -431
-4929 2872 18078 -8551 1185 -370
-4754 1970 17601 -7224 1384 -282
-4430 1444 17302 -5379 1709 -259
-4433 1556 17126 -3844 2117 59
-4634 1782 17080 -2788 2518 244
-4904 2020 17136 -2148 2779 214
-5302 2238 17237 -2043 2957 259
-5530 2337 17372 -2224 3065 202
-5653 2269 17356 -2307 3081 139
-5520 2096 17189 -2335 2961 212
-5445 1932 16990 -2126 2685 341
-5365 1870 16805 -1636 2179 397
-5217 1833 16653 -1231 1565 522
-5113 1880 16528 -937 998 562
-4884 1940 16434 -825 501 526
-4737 1926 16364 -932 195 559
-4577 1724 16233 -1142 233 554
-4718 1653 16254 -1328 458 555
-4749 1453 16365 -1494 800 505
-4902 1421 16410 -1584 1093 469
-4918 1261 16230 -1498 1314 314
-4902 1248 16154 -1320 1313 79
-5001 1297 16097 -1299 1108 -40
-4961 1305 16080 -1316 837 -110
-4769 1281 16080 -1252 700 -146
-4909 1270 16196 -1220 586 -131
-4958 1476 16212 -1288 556 -218
-4722 1438 16116 -1265 672 -267
-4622 1396 16109 -1190 856 -304
-4676 1360 16101 -1077 986 -281
-4665 1406 16081 -959 1198 -227
-4784 1512 16160 -878 1392 -142
-4874 1572 16172 -856 1525 -139
-4981 1661 16242 -965 1521 -120
-5126 1617 16384 -1155 1567 -103
-5172 1561 16533 -1258 1568 -121
-5214 1569 16589 -1279 1523 -151
-5286 1409 16448 -1208 1441 -93
-5344 1172 16489 -1038 1250 -50
-5153 952 16556 -665 1422 25
-5086 872 16286 -126 1548 143
-5044 948 15977 298 1401 161
-4976 1090 15657 668 1306 148
-4714 1321 15504 843 1303 47
-4396 1942 15380 777 1302 -243
-4614 2604 15418 248 1246 -581
-4960 3084 15633 -771 1209 -824
-5108 3254 16034 -2075 1197 -860