-14996 9122 5525 -25097 -25463 8912
-13633 7534 5725 -23629 -25123 8951
-12600 7282 6098 -22051 -24736 8681
-11384 6654 6061 -19896 -24880 8160
-10125 5710 6058 -17397 -24403 7415
-9098 5020 6228 -14908 -23947 6755
-8488 4981 6286 -12889 -22782 6168
-7613 4962 6457 -11026 -22077 5506
-6522 4844 6908 -9577 -21892 4895
-4930 4264 7166 -8681 -22256 4518
-3166 3580 7076 -7838 -22077 5537
-2254 3785 7177 -6292 -21790 6920
-1538 3329 7336 -3533 -21303 8565
-953 3014 7688 -324 -20527 10029
-644 2665 8062 3113 -19335 10812
-425 3060 8610 6778 -17215 10688
-945 4181 9129 9500 -15036 9727
-1237 5088 9677 10689 -12850 8534
-1374 6021 9845 10409 -10463 7151
-1616 7084 9822 9101 -8233 5817
-1825 7840 9754 6905 -6250 4962
-2008 8682 9776 4149 -4948 4548
-2333 9416 9854 1234 -4450 4246
-2302 9470 10162 -1316 -4458 3955
-1838 9260 10569 -3424 -4592 3494
-1205 8530 10753 -4665 -4783 2971
-385 7738 10880 -5047 -4240 2240
112 7156 11058 -4685 -3402 1766
310 7252 11176 -4040 -2289 1254
554 7202 11322 -3436 -1081 839
362 7629 11545 -3148 -105 728
265 7952 11620 -3467 713 604
485 7804 11924 -3581 1463 602
345 8096 11938 -3471 2238 549
137 8522 12361 -3053 2568 619
233 8766 12488 -3327 2978 185
480 7849 12365 -3120 3536 -1016
893 7932 13200 -3488 4387 -1575
1230 7910 14148 -3336 4349 -1619
1582 7914 14800 -2942 5026 -2097
1609 8253 15872 -2783 5528 -2550
1206 8706 15981 -2997 6145 -2694
1064 8630 16137 -3249 7106 -2698
360 8794 15982 -3457 7919 -2518
-844 8330 15618 -3280 8430 -2463
-2094 8613 15346 -2973 8170 -2377
-3038 8524 15530 -2700 6501 -2451
-3309 8586 15633 -2841 4229 -2312
-2821 9133 15664 -3526 2093 -1594
-2292 9537 15934 -4995 693 -542
-1781 8757 16370 -6024 393 481
-1197 8188 16934 -6448 522 940
-757 7918 17269 -6864 778 1351
-804 8184 17844 -7529 897 1247
-953 8226 18257 -8416 701 481
-814 7285 18050 -8291 400 -559
-372 5892 17449 -6683 1018 -1272
-337 5256 16789 -4202 2090 -1260
-806 5494 16621 -2198 2709 -614
-1598 5997 16632 -1115 2262 112
-2065 6236 17132 -326 1402 911
-1842 6234 17529 265 537 1688
-1270 6121 17730 1427 15 2128
-934 6137 17705 2569 163 2046
-881 6437 17941 3219 55 1590
-314 6204 17977 3901 154 932
113 6144 18191 4839 746 -40
537 5877 17588 6278 2500 -374
281 6669 16954 6216 4202 -904
56 6920 16580 5401 5042 -1326
-761 7862 15921 2741 5343 -1943
-1594 8367 15754 -1346 4610 -2360
-2204 7951 15651 -3623 2828 -2409
-2300 6996 15642 -4177 591 -2518
-2097 6240 15628 -2679 311 -2690
-2124 5892 15541 -970 641 -3020
-1952 6386 15681 619 1165 -2711
-1895 7932 16010 -755 1356 -1367
-2096 8762 16552 -3373 434 -1032
-1943 8136 16935 -5678 -373 -1293
-1612 7548 16720 -6705 -650 -1395
-1484 6772 16580 -6446 -713 -1369
-1107 5767 16403 -4674 -845 -1083
-616 5571 16428 -1636 -898 -466
-450 6391 16274 1763 -332 517
-1116 7369 16559 2675 787 961
-1380 7474 16913 2265 1536 1037
-1276 7914 17134 1190 2219 760
-1730 7528 17335 94 2649 334
-1685 6996 16926 -678 3222 -73
-1990 7376 16989 -2188 3486 -311
-2252 7301 17085 -3433 2808 -552
-1664 6190 17070 -4074 2048 -798
-1628 5521 16956 -3764 1469 -671
-1964 5343 16528 -2716 1225 -814
-2338 5578 16410 -2117 531 -1103
-2277 5324 16357 -2035 -45 -1369
-2304 5030 16065 -1060 -64 -1826
-2209 5084 15804 -594 100 -1909
-2421 5485 15790 -521 -11 -1964
-2498 5714 15844 -406 -207 -2055
-2392 6008 16201 -1113 -598 -2115
-2337 6314 16470 -2212 -1321 -2379
-2334 6144 16514 -3591 -2239 -3141
-1744 5274 16368 -4353 -3060 -3742
-1385 4592 16257 -3941 -3381 -3708
-1646 4368 16156 -3007 -3686 -3742
-1402 4053 16232 -424 -3914 -3710
-1216 4071 16689 3979 -3901 -3468
-1016 3908 16844 6783 -3431 -3446
-1220 5422 17166 7988 -2641 -3072
-1500 6805 17140 6685 -1710 -3334
-1753 7148 16843 4657 -947 -3611
-1450 7337 16381 3107 126 -4233
-1216 6992 16484 2308 685 -4402
-943 6984 16218 1318 2148 -4251
-1134 7394 16064 336 3040 -3934
-1534 7543 16206 -366 2671 -3256
-1864 7152 16527 -351 1579 -2803
-2241 7120 16541 -123 760 -2702
-2590 7528 16351 -593 99 -2255
-2548 7233 16319 -971 -559 -1903
-2226 6900 16215 -730 -818 -1797
-2186 6516 15954 277 -739 -2011
-2336 6939 15552 1995 -404 -2030
-1918 7808 15313 2280 -83 -1716
-2217 8171 15278 221 -495 -1260
-2130 8189 15698 -2755 -1749 -1132
-1628 6976 15164 -3172 -2369 -1423
-440 6604 14820 -2205 -2967 -1258
605 6014 14604 -1992 -2494 -542
230 6084 15512 -2095 -3079 427
544 6530 16821 -998 -3938 2001
733 6225 18609 -144 -5200 3049
700 5973 19404 954 -5984 3870
760 6350 19259 1955 -5318 4404
916 6414 18590 2791 -3778 4240
722 6996 17605 2925 -1429 2944
240 7212 16516 1889 887 1079
246 7033 15981 1530 1822 -298
275 7296 15464 336 2643 -1533
593 7093 14886 -223 3081 -1169
1266 6248 14069 1831 5053 -14
237 7804 13948 1720 5423 747
-818 8932 13261 -1436 3823 508
-1896 9089 12858 -3676 3608 -563
-1858 9274 12928 -5261 3743 -1286
-1561 9104 13185 -7834 3826 -1739
-1376 8934 13694 -10494 3568 -1823
-908 8434 14252 -11828 3472 -1560
-480 7568 15044 -12395 3780 -1204
-175 6375 15894 -11805 4056 -792
45 5522 16582 -10599 4252 -483
-539 5076 17100 -9342 4637 -557
-1315 4442 17617 -8450 5115 -929
-1846 3745 18048 -7664 5518 -1139
-2590 3184 18174 -6549 5756 -1335
-3500 2910 18292 -5350 5294 -1458
-4345 2782 18042 -3972 4189 -1478
-4954 2808 17904 -2829 2824 -1455
-5181 3064 17707 -1807 1344 -1521
-5283 3320 17477 -1024 -228 -1521
-5400 3358 17238 -680 -895 -1581
-5140 3349 16905 -469 -1072 -1555
-4915 3292 16649 -435 -700 -1406
-4987 3418 16489 -607 230 -1266
-5066 3462 16486 -809 883 -1309
-5118 3227 16455 -817 1605 -1312
-5456 3304 16349 -1048 2423 -1277
-5370 2947 16219 -1141 2620 -1297
-5393 2933 16212 -1099 2172 -1215
-5042 2676 16376 -738 1251 -941
-4634 2593 16571 -305 499 -539
-4271 2533 16629 58 -12 -184
-3834 2511 16660 256 -183 -75
-3544 2564 16478 199 -102 -21
-3303 2452 16337 -2 81 -132
-2857 2376 16108 -41 384 -306
-2673 2335 16035 64 748 -480
-2622 2409 16006 116 968 -550
-2472 2513 15998 105 1106 -657
-2516 2536 16070 80 1194 -870
-2448 2482 16072 79 1153 -1077
-2464 2575 15947 130 1072 -1210
-2574 2867 16086 -204 915 -1567
-2710 2738 16324 -368 1027 -1795
-3116 3097 16337 -760 1049 -1965
-3214 3230 16318 -1058 1033 -2217
-3256 3409 16388 -1192 1126 -2237
-3665 4038 16414 -1566 1182 -2167
-3738 4082 16490 -1997 1157 -2047
-3756 3917 16564 -2075 1291 -1876
-3788 3659 16595 -1870 1593 -1591
-3819 3638 16661 -1343 1735 -1439
-3688 3623 16653 -954 1772 -1309
-3634 3546 16786 -669 1777 -1184
-3562 3497 16922 -477 1835 -1063
-3724 3718 16934 -499 1605 -1034
-3744 3870 16858 -595 1302 -1005
-3523 3921 16585 -815 914 -996