-21192 10686 3149 -8634 -11063 -48
-23421 11385 4914 -11576 -16016 1283
-24594 10930 5241 -12301 -21102 4634
-23754 10830 5818 -14056 -28014 6466
-23382 9857 5612 -13506 -27413 6626
-21961 7644 6472 -12742 -26151 7105
-21229 5876 7384 -8810 -26907 9407
-20060 6153 8150 -5703 -25608 9766
-19192 6246 8826 -3255 -23476 9710
-18882 6937 9262 -1807 -20933 9326
-18244 7354 9513 -667 -18688 9021
-18149 7718 9390 -594 -16441 8607
-18348 8398 9153 -1073 -15194 8038
-18565 9053 9004 -2715 -14621 7761
-18701 9273 8738 -4970 -14470 7775
-18726 9045 8269 -7345 -14556 8117
-18310 8920 8152 -9660 -14358 8786
-18433 8690 8497 -11360 -15289 9620
-18396 8664 8853 -12723 -16467 10365
-18282 8380 9052 -14089 -17005 10450
-17773 7769 9581 -15029 -17011 10579
-17620 7516 10084 -15802 -16988 10575
-17041 7080 10222 -16079 -16860 10429
-16253 6024 10238 -15213 -16210 9758
-15130 4966 10457 -13301 -15284 9236
-14412 4712 10572 -11007 -14284 9025
-13989 4808 11050 -8954 -13286 9011
-14300 5301 11793 -7344 -12150 9061
-14161 5292 11889 -6274 -11424 8812
-14025 5856 12162 -5812 -11576 8568
-14085 6312 12080 -6303 -11672 8469
-13365 5405 12044 -6606 -12166 8283
-13521 5729 12408 -6797 -12531 7839
-13232 5457 12445 -7732 -12815 7508
-12268 4897 12796 -8747 -12280 7594
-13132 5242 13505 -9849 -11069 7755
-13421 5125 13680 -11408 -9910 7361
-13321 4314 13481 -11798 -9068 6442
-12990 3742 13321 -10638 -9226 6200
-12524 3050 13072 -8588 -9741 6258
-13276 3768 13169 -6698 -11195 6786
-13289 4110 12678 -5460 -13516 7313
-12418 3772 12200 -4096 -16120 8034
-10796 3013 11297 -2338 -18589 8662
-8765 2465 10278 -65 -20728 9348
-6657 1868 9248 2606 -22041 9999
-4700 1630 8280 5637 -22439 10265
-3026 1860 7718 7879 -22163 10717
-1628 1870 7225 9477 -21105 10937
-586 2168 7117 10623 -19430 10696
-853 2962 7116 10709 -17515 9846
21 3600 7001 9775 -15825 8734
157 4104 7100 8414 -14211 7444
580 4232 7149 6947 -12843 6024
929 4669 7490 5389 -11849 4743
1085 4645 7970 3172 -10592 3378
1622 4332 8320 779 -8674 2415
2137 4010 8412 -1417 -5901 1685
1877 4473 9117 -2303 -3053 1156
1381 4998 10372 -2124 -703 215
546 5145 11478 -2301 973 -845
-146 5385 12982 -3171 2015 -2097
-1318 6218 13908 -4986 2609 -2945
-1908 6870 14005 -7154 3003 -3072
-881 6133 13890 -8081 3705 -2487
138 5564 13617 -7622 4924 -1503
965 5293 13330 -6998 6090 35
969 4882 13548 -5508 7411 1269
442 5436 13921 -4334 8533 2098
325 6054 14184 -4348 9527 2836
461 6252 14449 -5542 9911 2667
-221 6385 14765 -6903 9740 2403
-29 6092 14678 -8357 9282 2124
152 5664 14813 -9411 8414 1609
-52 4234 15645 -9517 7206 896
74 3476 16153 -8983 5992 948
758 2476 16444 -7058 5589 1390
834 2278 16768 -4062 5122 1624
508 2092 16665 -1107 4553 1924
410 2489 16510 924 4254 2118
-520 3614 16461 1894 3872 1866
-910 4024 16268 1801 3824 1259
-1721 4936 16289 823 4331 286
-2533 5573 16281 -897 4585 -793
-3189 5094 16756 -2812 4826 -1882
-2996 4620 16658 -3567 5149 -2380
-3180 4342 16908 -4045 4716 -2580
-3726 4401 17088 -3591 3556 -2716
-3600 3448 17556 -2175 2314 -2547
-3376 3072 17570 -173 1353 -2092
-3448 3455 17432 1487 416 -1314
-3769 4045 17382 2272 -81 -550
-4405 5079 17652 1858 -69 -420
-4850 5793 17723 551 147 -518
-4537 5805 17416 -781 613 -597
-4468 5685 17057 -1907 1031 -644
-4308 4978 16766 -2059 973 -796
-4139 4431 16457 -1029 1111 -510
-4122 4221 16049 281 1479 254
-4545 4617 16122 1098 1498 1189
-4897 5310 16396 975 608 1795
-5200 5840 16802 -126 -995 1768
-4894 5520 17082 -1117 -2517 1196
-4136 4842 17073 -1553 -3280 460
-3166 4221 16748 -1106 -3120 -13
-2514 3640 16329 -6 -2498 -130
-2157 3369 16034 964 -1699 107
-2356 3424 16132 1781 -1467 584
-2742 3701 16398 2580 -1534 978
-3169 4006 16621 3179 -2022 1266
-3002 4130 16674 3782 -2432 1309
-3072 4546 16510 4327 -2587 1129
-3132 5104 16792 4191 -3004 484
-2572 4528 17061 4052 -3284 -63
-2318 4742 17138 4058 -2838 -370
-2076 4642 16973 3963 -2240 -468
-2154 5634 16758 3311 -1749 -284
-1953 5509 16378 2896 -1296 -265
-1709 5625 16249 2462 -518 -684
-2004 5844 16078 1903 -107 -868
-2002 5886 15666 1315 -91 -1097
-2286 6192 15689 548 64 -1226
-2958 6186 15818 -112 114 -1401
-2837 6161 15904 -627 -86 -1470
-2662 5845 15681 -694 -222 -1601
-2622 5897 15252 -632 -198 -1420
-2432 6204 14882 -745 -206 -1200
-2028 6420 14680 -948 -559 -1051
-1668 6378 14830 -1172 -944 -1031
-1370 6138 14849 -1323 -1194 -1091
-685 5870 14838 -1352 -1309 -1310
-260 5680 14804 -1320 -1188 -1457
126 5456 14730 -1134 -879 -1625
704 5461 14533 -1017 -475 -1758
381 5549 14714 -996 82 -1888
-193 5786 14925 -1300 603 -1943
-280 5949 14977 -1779 1221 -2040
-616 6036 15302 -2385 1882 -2122
-1760 6121 15809 -3044 2517 -2262
-2230 6182 16082 -3867 2644 -2412
-2352 5930 16282 -4439 2604 -2476
-2717 5606 16486 -4532 2517 -2298
-3150 5318 16836 -4323 2339 -2054
-3766 5177 17166 -3972 2221 -1718
-4130 4769 17380 -3520 2121 -1368
-4598 4702 17582 -3028 2132 -1017
-4765 4642 17474 -2571 2117 -871
-4810 4604 17444 -2178 1938 -767
-5349 4742 17388 -1998 1811 -614
-5425 4721 17452 -2026 1590 -509
-5046 4530 17349 -1982 1471 -425
-5009 4376 17378 -1812 1456 -289
-5082 4333 17390 -1684 1423 -137
-4934 4232 17357 -1566 1397 -99
-4746 4125 17161 -1359 1307 -34
-4380 3924 16918 -993 1107 143
-4273 3994 16769 -533 851 407
-4313 4090 16616 -55 498 673
-4226 4112 16546 324 59 927
-4276 4242 16649 647 -327 1347
-4845 4188 17013 1015 -761 1787
-4710 4201 17242 1472 -1071 2140
-4993 4380 17622 1839 -1306 2371
-5000 4536 17724 2087 -1480 2384
-4657 4656 17578 2147 -1738 2212
-4249 4744 17334 2041 -2029 2050
-3713 4681 17021 1960 -2142 1866
-3132 4533 16808 2020 -2083 1710
-2717 4516 16636 2073 -1755 1530
-2576 4514 16658 1979 -1333 1332
-2474 4598 16528 1624 -850 991
-2522 4673 16629 989 -426 581
-2765 4893 16540 136 -205 109
-2757 4917 16480 -827 -30 -308
-2605 4834 16413 -1613 19 -688
-2481 4706 16300 -2169 54 -868
-2496 4436 16173 -2389 194 -967
-2353 4171 16172 -2279 429 -944
-2325 3958 16176 -1919 730 -837
-2241 3882 16310 -1472 1082 -712
-2336 3856 16362 -1013 1431 -551
-2466 4001 16473 -612 1619 -520
-2740 4146 16510 -408 1699 -480
-2872 4249 16665 -359 1613 -470
-3032 4346 16613 -391 1433 -451
-3226 4372 16750 -485 1139 -451
-3242 4357 16854 -632 857 -497
-3264 4320 16885 -754 561 -588
-3180 4270 16836 -875 337 -654
-3133 4238 16868 -902 204 -697
-3021 4153 16650 -839 104 -660
-3052 4022 16801 -745 91 -629
-2844 3817 16818 -426 322 -559
-2788 3989 16596 -124 341 -569
-2852 4205 16585 3 345 -610
-3109 4497 16677 -79 407 -720
-3088 4798 16593 -359 325 -928
-3241 4980 16568 -646 150 -947
-3068 5001 16394 -793 -142 -980
-3102 5029 16456 -837 -480 -962