-17920 -3650 -190 -2641 -16272 9685
-17612 -3474 57 -502 -17448 12213
-16469 -3052 234 1867 -16664 13423
-15658 -3281 486 3354 -14657 13729
-16438 -3081 1169 4440 -12408 13077
-18070 -2454 1069 8090 -12890 14321
-16692 -1868 1438 9479 -10429 13055
-16142 -710 1332 9204 -7820 9466
-13962 -1785 1765 11217 -1835 7809
-18401 -2844 284 8615 -5880 6363
-14329 -1220 688 10993 1098 5057
-17146 -1090 450 7744 -5333 4872
-14017 642 -213 6466 476 2027
-16134 313 592 2934 -2877 1240
-14487 -408 238 -581 -1760 352
-14953 -717 -250 -4242 -2195 117
-14726 -1088 -446 -8494 -3591 -779
-15629 -1633 -777 -11259 -4479 -734
-14833 -1557 -825 -13346 -3819 -1091
-15706 -2026 -930 -15174 -5433 -907
-15670 -1913 -993 -16040 -6191 -657
-15526 -1633 -1109 -16395 -6576 -594
-15626 -1586 -1168 -15945 -6262 -681
-15710 -1424 -1125 -15154 -7118 -840
-15289 -1316 -1314 -13692 -6103 -845
-15680 -1254 -1018 -12514 -5248 -1218
-15529 -1196 -466 -11535 -4453 -1171
-16080 -862 -16 -10902 -4379 -904
-15941 -1157 -90 -10000 -3499 -692
-16245 -1162 -73 -9129 -2628 -452
-16185 -1117 -46 -8492 -2280 -291
-16365 -1134 154 -8040 -2165 12
-16701 -1092 374 -6818 -2727 437
-16920 -856 601 -6945 -4231 79
-18152 -1504 1389 -6736 -4179 451
-18832 -777 2314 -8096 -4232 15
-18576 -540 2897 -9716 -2849 -246
-18601 -438 3612 -11077 -1648 -210
-17957 97 3908 -12013 -1625 -1318
-17358 -476 3844 -11698 -283 -1889
-17002 -1150 3792 -9756 1374 -1846
-16324 -1196 3713 -7271 1850 -1949
-16324 -928 3376 -4809 2067 -1941
-16248 -770 3209 -2738 2041 -1542
-16294 -280 2944 -1052 1273 -726
-16673 685 2994 -224 -148 349
-17509 1953 2826 -475 -1834 1471
-18250 2824 2900 -1528 -3461 2438
-19178 3510 2994 -3226 -5055 3346
-20301 4388 2989 -5512 -7016 4210
-21122 4788 3021 -8030 -8872 5085
-21821 5350 2752 -10344 -10325 5956
-22230 5134 2410 -11721 -11124 6820
-22878 4684 2473 -11717 -11288 7771
-23528 4408 2518 -10997 -11203 9074
-24280 4449 2689 -9860 -10856 10660
-25570 4644 2742 -9091 -10855 12557
-27082 5092 2924 -9503 -11904 14863
-28604 6249 2756 -11445 -13632 17338
-29392 6334 2632 -13774 -15303 19473
-29648 5440 2528 -14586 -16273 21087
-29388 4462 2733 -14365 -17352 22717
-28790 3694 2748 -13081 -17766 24495
-29006 3825 3056 -12114 -17779 26064
-29574 4545 3372 -12897 -19083 27902
-30180 6122 3481 -16840 -22072 29622
-30538 6542 3442 -22480 -25379 30370
-30046 5494 2905 -27437 -28263 30170
-28432 3918 2730 -29932 -30235 29348
-26225 1240 2768 -29957 -31774 28280
-23682 -425 3018 -27205 -31583 27759
-21621 -434 4094 -23939 -30818 28074
-20334 -134 4565 -21454 -30074 28183
-19388 61 5525 -19791 -30102 28297
-18213 1046 5570 -19213 -30523 28615
-16024 -748 5516 -17831 -30738 28065
-14172 -826 4996 -15044 -30244 27710
-12906 -920 4901 -12600 -28967 27472
-11816 -394 4577 -10392 -27237 27001
-10450 -668 5054 -9057 -25912 26041
-9173 -428 5365 -7986 -24720 24157
-7866 -558 5845 -7206 -22634 22119
-6693 -60 5945 -6584 -20420 20376
-5694 562 6164 -6156 -17200 18965
-5816 1402 6602 -7082 -14303 17061
-5994 1841 6737 -9536 -12438 13909
-5226 1350 7330 -11696 -11658 11240
-4578 833 7993 -12927 -11558 10103
-4000 18 8620 -12551 -11612 9375
-3610 -66 9056 -10948 -11299 9261
-3930 673 9460 -10032 -10555 8737
-4490 940 10109 -9737 -10173 7823
-4372 116 10725 -8776 -9999 6609
-4214 -1069 10980 -6327 -9236 5508
-4134 -541 10540 -3773 -7619 5383
-3472 176 10752 -1796 -5882 5698
-2713 650 11628 -1667 -4891 6095
-3257 1980 12424 -5580 -5554 6314
-4487 3245 13436 -10011 -8815 5795
-2820 1372 13976 -11789 -11521 5734
49 -1500 14128 -8620 -9428 5922
395 -2444 14025 -2916 -6064 6220
-468 -2050 14103 938 -3470 6694
-177 -607 14157 3773 -85 6823
-900 1349 15142 3234 1199 6410
-1514 2089 15726 1800 1220 5916
-1968 2233 15952 -220 906 5113
-2329 1660 15562 -1688 1195 4323
-2773 2304 15154 -2819 1100 3542
-1936 1086 14829 -2912 1310 2863
-1128 602 14625 -1368 1475 2818
-640 174 14272 930 1681 3399
-1006 986 14657 1593 1744 3563
-1760 1704 15156 1251 1600 3619
-1782 1882 15959 249 1489 3538
-1341 2217 16889 -860 1930 2780
-1245 2321 16652 -890 2991 2015
-937 2066 16308 -475 4380 1422
-1109 2125 15954 -136 5623 1234
-1237 2173 15696 255 6482 1216
-1306 2270 15413 345 6782 1415
-2006 3289 15094 -94 6546 1582
-2589 3840 14988 -881 5787 1651
-3241 4125 15116 -1824 4600 1460
-4189 3852 14956 -2801 3565 1281
-4774 3917 14469 -3009 3292 1023
-4748 5012 14373 -4325 3158 1541
-4313 5248 14746 -7496 2659 1796
-4190 4724 15325 -10486 1730 1871
-4014 3924 15800 -11859 1008 1453
-3524 2690 16054 -12287 992 912
-3809 1992 16206 -11984 1025 1475
-4418 1578 16433 -10982 850 2045
-4354 1034 16786 -9173 742 2708
-4104 430 16901 -6836 909 3403
-4116 469 16885 -4447 1135 3946
-4550 922 16833 -2907 1148 4383
-4804 996 16768 -1984 994 4579
-4912 1164 16744 -1434 847 4724
-4744 1453 16738 -1579 405 4842
-4769 1745 16778 -2533 -145 4764
-4885 1777 16736 -3792 -873 4518
-4712 1476 16562 -4585 -1511 4121
-4261 1106 16394 -5071 -1558 3689
-4134 760 16370 -5174 -1185 3427
-4142 522 16226 -5206 -474 3240
-4108 130 16329 -4899 485 2999
-3945 -204 16369 -4319 1291 2801
-3813 -356 16362 -3715 1939 2771
-3870 -448 16297 -3071 2282 2727
-3770 -446 16088 -2438 2398 2584
-3806 -146 15934 -2155 2133 2591
-3758 -94 15977 -2161 1680 2742
-3636 -174 15990 -2291 1042 2831
-3416 -444 15946 -2309 721 2737
-3349 -653 16024 -2192 517 2495
-3300 -678 16124 -2251 488 2227
-3277 -840 16217 -2250 652 1850
-3161 -898 16246 -2065 859 1506
-3060 -970 16273 -1610 1262 1196
-3234 -838 16477 -1316 1656 970
-3290 -985 16584 -958 2323 776
-3132 -986 16501 -344 2749 651
-3300 -916 16493 233 2989 550
-3469 -769 16437 815 3030 433
-3400 -546 16316 1234 2813 394
-3573 -22 16078 1300 2200 260
-3565 428 15925 1033 1478 80
-3088 533 15824 649 931 -15
-2833 583 15893 323 726 -30
-2779 532 16110 62 1049 -26
-2767 299 16435 -123 1674 -54
-2882 88 16689 -145 2205 -224
-3053 45 16837 -155 2520 -455
-3398 148 17021 -269 2709 -654
-3604 265 17073 -414 2643 -918
-3790 318 17002 -542 2442 -1138
-3953 418 16974 -670 2002 -1185
-4022 504 16922 -782 1473 -1105
-3936 460 16889 -661 916 -969
-3781 225 16826 -381 420 -655
-3568 155 16727 98 137 -520
-3424 57 16750 548 140 -564
-3476 154 16816 717 462 -786
-3622 336 16797 636 760 -1085
-3697 370 16765 409 1026 -1319
-3804 388 16706 199 1223 -1464
-3801 304 16665 97 1213 -1566
-3868 237 16645 207 1214 -1512
-3810 158 16564 386 1093 -1466
-3748 208 16614 546 979 -1421
-3758 302 16617 635 823 -1438
-3665 441 16633 612 663 -1452
-3640 440 16700 555 577 -1436
-3608 449 16693 493 479 -1506
-3469 424 16697 444 339 -1582
-3490 417 16553 446 195 -1694
-3681 230 16454 619 87 -1984
-3874 -53 16369 963 140 -2210
-4305 18 16429 1407 377 -2494