-13790 9385 6537 -270 226 -6
-13817 9451 6574 -292 252 -2
-13796 9442 6633 -284 225 -32
-13778 9400 6599 -266 210 -14
-13746 9397 6560 -231 221 -48
-13734 9404 6620 -227 252 -41
-13693 9367 6635 -191 233 -42
-13700 9359 6691 -199 224 3
-13703 9399 6659 -233 234 -6
-13715 9426 6627 -233 241 -35
-13749 9398 6561 -206 249 -33
-13707 9444 6615 -184 257 -40
-13702 9497 6597 -221 250 -43
-13725 9440 6631 -292 240 -40
-13685 9412 6612 -329 276 -53
-13685 9405 6664 -369 279 -51
-13676 9380 6639 -379 284 -30
-13695 9382 6678 -343 294 -6
-13782 9434 6637 -304 274 -7
-13776 9432 6689 -205 269 -35
-13822 9504 6736 -219 285 -68
-13865 9494 6714 -339 263 -68
-13809 9462 6694 -329 244 -60
-13760 9324 6633 -308 250 -22
-13708 9283 6591 -261 252 0
-13671 9135 6631 -196 216 16
-13655 9104 6662 -115 194 18
-13694 9127 6593 -31 198 12
-13818 9194 6594 42 224 9
-13765 9147 6612 219 149 64
-13891 9456 6455 74 139 217
-13748 9182 6289 239 156 105
-13812 9407 6316 151 168 -4
-13727 9270 6281 290 153 -42
-13790 9366 6352 306 134 -53
-13763 9257 6516 365 123 -84
-13831 9206 6448 454 24 -72
-13770 9279 6501 531 3 -65
-13858 9253 6497 575 53 -56
-13954 9302 6575 720 60 5
-14052 9420 6614 761 -25 128
-13990 9373 6566 825 -116 225
-13876 9344 6556 891 -176 189
-13749 9302 6454 893 -146 97
-13629 9254 6445 805 -105 -8
-13567 9100 6432 781 -35 -105
-13572 8988 6446 877 -28 -150
-13617 9046 6465 1050 -39 -93
-13639 9186 6363 1183 -44 29
-13634 9389 6386 1258 -91 91
-13748 9500 6407 1390 -44 115
-13920 9727 6607 1389 -3 16
-14119 9880 6641 1289 262 -118
-14029 10000 6838 903 374 -206
-13812 9785 6631 301 440 -338
-13686 9998 6398 -360 736 -449
-13659 10076 6353 -1974 1211 -147
-13830 10173 6330 -3841 1541 489
-14057 9970 6174 -5437 1823 1320
-14024 9481 5843 -6123 2026 1821
-14292 8524 5410 -4555 2143 1113
-13957 8989 6024 -2549 1015 -591
-13692 9164 6573 -1701 -1017 -1190
-13444 9984 6899 -1775 -5782 -3103
-12991 9241 7312 -1378 -10156 -4165
-12598 10513 6673 -2406 -10001 -3623
-12786 10540 6532 -2303 -8438 -3504
-13309 10382 7000 -1422 -6717 -2930
-13938 10285 7578 59 -5444 -2442
-14376 10866 7952 1427 -4329 -2271
-14380 11030 8013 2297 -4177 -2687
-13244 10495 7641 2156 -3985 -2799
-11498 10094 6974 1443 -3650 -2179
-10216 9738 6633 423 -4384 -1569
-10276 9575 6675 -1087 -6010 -1781
-10708 8560 7070 -2092 -7320 -2305
-11225 7110 7180 -535 -6253 -2659
-11824 7174 7300 1171 -4266 -2999
-12545 7581 7792 2407 -1819 -3655
-13364 7917 8481 2552 559 -4299
-14316 8465 9201 2315 2200 -4599
-15328 8614 10306 1663 2131 -4044
-16325 7873 11219 1672 983 -3098
-16969 8288 11702 2199 -408 -2427
-18832 10091 12432 1031 -2004 -2066
-19944 11628 12958 -1886 -4925 -2555
-21019 12941 13353 -6189 -9068 -3573
-21008 13897 13556 -11120 -13069 -4457
-21680 15612 14454 -17146 -17489 -5504
-18065 12505 13980 -23137 -21102 -10000
-21014 8588 11725 -21273 -21852 -6744
-16694 9265 11301 -17097 -22157 -2303
-16272 9366 12161 -16896 -17521 1708
-15728 9702 13877 -23490 -14178 2917
-15316 10012 12991 -31956 -10113 5835
-13428 5928 11442 -30570 -7567 7626
-13932 3997 13702 -24656 -8440 9334
-16501 3937 14801 -19444 -13424 9789
-16812 5670 15702 -16268 -19618 9305
-14055 5871 13157 -11627 -24238 8865
-10744 4769 10885 -4405 -23603 8973
-9268 4150 10714 -95 -21764 9141
-8607 4040 10984 668 -21527 9171
-8324 3796 12475 -3272 -24325 7193
-5936 2260 11510 -7741 -26130 5812
-1804 -323 9943 -6375 -24412 5893
608 -502 8712 -3333 -19594 6793
2068 -1209 6431 702 -12913 7171
1065 -1153 4199 10002 -5469 6538
-4 1890 7409 9318 -4554 6466
-407 5716 10860 -2715 -4501 5930
1527 2740 12261 -11557 -4369 3490
2562 -1833 12748 -12266 -2778 3009
1736 -2813 14166 -9922 -433 2302
1552 -3232 14004 -8161 1489 1882
63 -3138 15178 -6135 3655 706
-733 -3421 15596 -1656 4274 669
-772 -3061 15469 2510 3878 1337
-1330 -918 16151 4420 3533 1725
-1555 574 17026 3860 2777 975
-2649 1622 17924 3490 1362 -274
-3823 2929 18170 1635 -715 -920
-3325 2688 17802 -279 -2826 -801
-2362 1584 16726 -911 -3347 -896
-1158 1534 15001 -435 -1657 -547
-613 1525 14236 678 43 549
-2272 3406 13635 2321 2462 935
-3981 5270 15718 1475 2537 -85
-4902 6908 15552 -677 2353 -31
-4681 6347 15817 -2465 2189 -119
-3504 3973 16396 -4315 2309 -274
-2870 2266 16538 -2973 3054 493
-2330 1953 16483 -1622 3378 1058
-2029 1731 16517 -1311 3298 1064
-2161 1689 16299 -1526 3177 543
-2275 1161 15893 -1183 3211 -75
-2505 869 15710 -411 3426 -332
-2395 887 15580 230 3387 -254
-2457 1006 15404 740 3101 -137
-2249 1117 15144 833 2669 -81
-1921 848 14714 911 2364 -257
-1912 508 14330 1253 2696 -347
-1925 437 14021 1968 3550 -666
-2837 1374 14175 2242 4681 -1354
-3619 2252 14459 1470 5083 -2054
-4161 2342 14526 828 5059 -2521
-5169 3082 14824 518 5120 -2911
-6168 3800 15069 11 5416 -3409
-6963 4109 15499 -894 6395 -4041
-7048 3590 15694 -1070 7403 -4218
-6499 2448 15329 -242 8137 -3672
-6097 1662 14734 1279 8444 -2566
-5985 1449 14256 3069 8123 -1329
-6168 1384 14156 4398 7810 -725
-6442 1793 14084 5182 7389 -234
-6732 2272 14152 5544 6965 35
-7600 3184 14341 5321 6828 -180
-8242 4034 14662 4474 6684 -726
-8342 4180 14864 3735 6737 -1132
-9001 4549 15363 2835 7266 -1665
-9316 4662 15882 1360 7813 -2235
-9093 3724 16153 862 7992 -2323
-9073 3535 16215 1205 8044 -1763
-9357 3517 16438 2222 8179 -1181
-9797 3969 16665 2954 8071 -800
-10152 4437 16874 3116 7578 -901
-10581 4833 16856 2834 7054 -989
-10996 5166 16834 2515 6622 -1208
-11082 5318 16812 2046 6206 -1338
-10947 5100 16552 1311 5172 -1484
-10570 4686 16218 801 3866 -1231
-10354 4483 15867 667 2556 -751
-9886 4320 15522 745 1312 -361
-9914 4599 15397 721 470 -145
-9659 4710 15088 637 -297 2
-9507 4640 14843 677 -696 63
-9504 4796 14577 580 -711 57
-9374 4898 14519 327 -601 -121
-9314 4861 14244 -26 -483 -251
-9264 4636 14009 -196 -295 -252
-9270 4493 13846 -200 105 -52
-9334 4331 13730 -66 500 125
-9248 4086 13507 127 690 384
-9272 3707 13294 586 783 810
-9165 3832 13207 1075 832 1035
-9145 4147 13314 1202 854 833
-8885 4312 13527 902 1010 459
-8662 4231 13590 650 1361 108
-8716 4348 13704 401 1900 -164
-8797 4494 13814 104 2342 -391
-9009 4623 13995 -151 2709 -641
-8862 4558 14006 -395 2919 -837
-9052 4388 13972 -393 3007 -796
-9271 4493 13877 -342 2918 -525
-9485 4682 13893 -385 2604 -326
-9718 4883 13872 -434 2129 -168
-10061 5095 13802 -557 1489 -166
-10065 5177 13757 -868 870 -250
-10274 5168 13744 -1163 545 -238
-10317 4776 13702 -1328 322 -144