-21314 1402 5005 -9346 -4973 3267
-22385 1645 5050 -7659 -6697 4355
-23266 1854 5210 -6625 -8201 5361
-24278 2139 5188 -5505 -10206 6810
-24862 2260 5036 -4698 -12052 8384
-24960 2598 4841 -4096 -13000 9429
-24936 3161 4548 -3384 -14066 11041
-24507 3326 4494 -2892 -14424 13166
-24732 3146 4841 -2460 -14099 15173
-25341 3016 5320 -1848 -13549 16583
-26056 2894 5397 -1006 -13447 17580
-27208 3212 4892 -690 -14984 18617
-28202 3904 4061 -2376 -18282 19508
-28342 3914 3424 -4530 -21277 20029
-28249 3509 2924 -6335 -23835 20329
-27860 3116 2798 -7968 -26031 21018
-27456 2404 2849 -8803 -28527 22034
-26694 1441 2925 -8647 -30341 22880
-25625 978 2981 -7686 -31420 23396
-24577 890 3721 -7116 -31752 23784
-24269 1821 4081 -7202 -32176 24060
-23213 1325 4241 -6927 -32458 23937
-21382 1048 4438 -5778 -31339 23758
-20277 1924 5061 -4692 -29556 23543
-19672 2606 5760 -4960 -28525 22986
-18804 2964 5825 -5806 -28014 22096
-17456 2589 5842 -5999 -27236 21030
-16010 2190 5520 -4953 -26448 20121
-14778 1544 5044 -3394 -25453 18846
-12884 377 4905 -585 -23921 17312
-11038 897 4989 2137 -21693 15342
-10000 2445 5217 2372 -19823 13958
-9532 3594 5709 994 -19390 12744
-8940 3928 5773 161 -18392 11373
-8012 3426 5722 198 -16860 9849
-7377 3281 5274 780 -14504 8486
-6524 3273 4610 919 -12479 7710
-5457 3229 4192 823 -10843 7238
-4642 3426 4074 1001 -9575 7217
-4345 3798 4517 1152 -8730 7434
-4641 4294 5406 774 -7933 7474
-5170 4660 6362 -188 -7912 7304
-5050 3616 7768 -1162 -7986 6847
-5262 2780 8976 -1852 -7569 6297
-5056 3121 8864 -2560 -6913 5817
-5006 3197 8802 -3172 -6537 5318
-3998 3246 8884 -2723 -6502 4395
-2114 2618 9113 -2206 -5867 3407
-996 3514 9294 -2052 -5238 3078
-225 4880 9512 -3080 -4968 2643
660 5886 10061 -4835 -5353 2292
934 6656 10761 -6315 -5887 1953
1412 6876 11605 -7064 -5809 1372
1581 6885 12306 -7014 -5446 898
1702 6957 13060 -6488 -4833 866
1845 7122 13500 -5385 -3983 1102
1708 6948 14148 -3973 -2881 1139
1593 6389 14462 -2537 -1495 1058
1220 6420 14784 -1455 -243 1341
530 6864 14812 -534 418 1427
135 7142 15043 -106 1150 733
148 7098 15433 187 1757 15
-58 7544 15678 -181 2013 -755
-265 7624 15616 -709 2232 -1605
-317 7288 15285 -671 2795 -2216
-381 6826 15014 -274 3285 -2568
-1236 6908 14740 163 3524 -2891
-2376 7289 14910 263 3453 -3285
-2869 7820 15162 134 3660 -3517
-3269 8336 15556 -201 4094 -3786
-3789 8752 15746 -778 4328 -4009
-4154 8994 16057 -1792 4421 -4122
-4145 8890 16149 -2665 4162 -3870
-3957 8354 16134 -2997 3693 -3538
-3894 7928 16116 -2871 2938 -3089
-3886 7942 15880 -2955 2374 -2576
-4058 7830 16012 -2860 2256 -2120
-4333 7296 16046 -2102 2219 -2076
-4276 7032 16110 -1185 2152 -2049
-4258 7342 16114 -1230 2007 -1672
-4397 7569 16161 -2396 1224 -1343
-4576 7694 16646 -3775 -84 -1294
-4390 7114 17077 -4285 -1189 -1283
-4277 6825 17156 -4381 -2017 -1140
-3648 6625 16656 -4428 -2514 -925
-2937 5577 16481 -4605 -2475 -1152
-2656 4894 16206 -4122 -2173 -981
-2428 4324 16001 -2219 -690 -760
-2533 3957 16472 708 925 -544
-2740 4036 16802 3300 2388 -110
-3264 4877 16970 5008 3656 18
-3832 5957 17012 5237 4333 36
-4293 7005 17013 4169 4165 67
-4617 7553 16825 2359 3525 -258
-4729 7214 16742 705 2624 -439
-4722 7172 16574 -486 1903 -344
-4374 6382 16248 -1264 1513 -719
-3662 5274 16392 -1191 1730 -1153
-2817 4340 16705 186 2309 -1063
-2490 4309 16649 2444 2763 -545
-2633 5088 16480 4102 2822 -203
-2877 6054 16081 4328 2488 86
-3133 6916 15592 3206 1795 91
-3166 7196 15405 1688 875 -89
-2981 7357 15174 -175 73 -306
-2718 7400 14893 -1848 -556 -575
-2361 7130 15070 -3086 -1038 -979
-1721 6750 14861 -3806 -1251 -1331
-1056 6368 14660 -4144 -824 -1542
-853 6236 14426 -4115 94 -1604
-825 6265 14497 -3713 931 -1609
-773 6516 14442 -3558 1485 -1673
-556 6924 14004 -4321 1593 -1992
-681 7010 13774 -6050 1449 -1795
-732 6982 14298 -7270 995 -1854
-886 6918 15058 -7709 523 -1863
-842 6681 15634 -7711 357 -1562
-1117 6710 15864 -7206 453 -908
-1077 6316 15926 -6313 732 -381
-906 5713 15892 -5146 1310 -164
-970 5754 15796 -4214 2028 -43
-1363 6225 15709 -3991 2636 183
-1972 6743 15686 -4510 2957 427
-2631 6909 15788 -5568 2950 339
-3041 6695 15889 -6804 2591 447
-3438 6221 15950 -7486 2452 569
-3738 6038 16125 -7772 2579 774
-3813 5705 16196 -8007 2672 1247
-3594 5189 16468 -7781 3193 1787
-3978 5029 16881 -7255 3936 2491
-4240 5017 16998 -6983 4093 2980
-4733 5388 17122 -7214 3719 3327
-5086 5414 17097 -7593 3235 3654
-5157 5141 17194 -7948 2695 3975
-5320 4909 17237 -8247 2173 4296
-5286 4536 17332 -8437 1895 4570
-5340 3970 17334 -8432 1859 4818
-5594 3544 17538 -8414 2118 4932
-5897 3090 17865 -8365 2538 5035
-6034 2860 17994 -8118 3045 5000
-6094 2670 18001 -7749 3540 4973
-6294 2416 17929 -7075 3910 5154
-6404 2262 17841 -6444 4311 5352
-6526 2093 17613 -5852 4371 5693
-6710 2236 17368 -5507 4001 6088
-6661 2218 17198 -5435 3376 6471
-6549 2002 16913 -5399 2535 6757
-6377 1876 16664 -5334 1563 7032
-6150 1752 16510 -5260 801 7234
-5934 1640 16286 -5199 196 7360
-5614 1533 16132 -5095 -307 7417
-5322 1440 16068 -4917 -468 7370
-5200 1256 16052 -4574 -226 7278
-5056 1057 16054 -4096 186 7157
-5134 1272 16054 -3589 707 6997
-5410 1588 15986 -3334 1065 6861
-5681 1917 15825 -3225 1322 6646
-5760 2072 15709 -3158 1507 6526
-5906 2328 15309 -3104 1526 6431
-6101 2570 15042 -3026 1415 6444
-6052 2529 14953 -2899 1577 6479
-5797 1616 15029 -2576 2159 6699
-5718 737 15190 -1624 3119 6970
-5565 -208 15018 -185 4187 7220
-5324 -937 14602 1653 5322 7417
-5388 -1005 13592 4020 6368 7117
-5774 360 11972 6540 6732 6132
-6268 2344 10728 7347 5964 5125
-6888 4088 9877 6322 4642 4276
-6989 4958 9641 4195 3474 3654
-6742 5136 10013 1695 3069 3773
-6542 4646 10502 -587 3479 4170
-6596 3898 10809 -2073 4421 4740
-6786 3660 11190 -3251 5271 5050
-6584 3432 11545 -4052 6708 5089
-6656 3214 11806 -4392 8143 4704
-7077 3689 11680 -4497 9037 3969
-7474 4128 11704 -5167 9641 3217
-8212 4534 11666 -6333 10128 2823
-9112 4838 11900 -7770 10426 2573
-10008 5010 12094 -9196 10640 2723
-10729 4840 12177 -10449 10852 3025
-11250 4458 12144 -11169 10966 3490
-11584 4192 12024 -11343 11084 3942
-11834 3988 11874 -11272 11195 4360
-12241 3968 11824 -10978 11368 4678
-12644 3810 11757 -10660 11509 4999
-12986 3549 11709 -10063 11679 5320
-13572 3122 11201 -9137 12034 5767
-13930 2973 11246 -8424 11933 6012
-13540 2764 11045 -6831 12901 6721
-13589 3942 10562 -5651 13371 7119
-14466 4813 10486 -5360 13226 7615
-14889 5180 10508 -5888 13053 8111
-14858 5305 10549 -6418 12641 8393
-15289 5554 10561 -7199 12030 8531
-15372 5349 10678 -8136 11209 8614
-15213 5105 10770 -8795 10555 8644
-15033 4858 10701 -9297 9984 8726
-14994 4794 10964 -9679 9727 8788