-10700 5914 13251 -865 617 -465
-10645 5943 13160 -782 378 -267
-10704 6056 13348 -727 238 -173
-10760 6132 13136 -635 75 65
-10386 6290 12967 -507 -104 334
-10405 6626 12878 -601 -192 467
-10466 6902 12844 -901 -251 488
-10219 6952 12823 -1688 -251 451
-10006 6473 13231 -2693 -77 622
-9628 5949 13627 -2036 309 711
-9478 5623 14048 -399 541 781
-9632 5322 14612 1249 609 929
-10005 5753 15293 3230 135 563
-10776 6671 16452 3759 -739 -59
-11574 6494 17596 2216 -883 -454
-11914 5803 18916 1164 -396 -479
-12012 5182 19222 1670 204 -1087
-12214 5437 19345 2511 430 -2041
-11818 6521 19416 3134 69 -1755
-11566 7856 19702 3207 -131 -1013
-12284 9664 20738 1959 -420 -963
-13800 11244 21856 -906 -1446 -851
-14864 11576 22628 -4470 -2481 -610
-15558 10843 23447 -7295 -4416 120
-15262 8965 23628 -7678 -6582 1167
-14987 7366 23265 -5937 -8610 2211
-14630 6602 22627 -3906 -10153 2888
-14404 6418 21941 -2449 -11684 3319
-13974 6554 21013 -1542 -13569 3529
-13306 6562 19822 -1116 -15449 3677
-12649 6401 18625 -820 -16886 3798
-11851 6203 17349 -561 -18195 3862
-11133 5933 16170 -197 -19464 4069
-10165 5661 15132 165 -20319 4217
-9452 5520 14020 525 -21215 4276
-8366 5174 12660 1098 -21822 4392
-7330 4896 11282 1948 -22200 4400
-6522 4833 10253 2647 -22383 4479
-5780 4805 9330 3117 -22348 4590
-5018 4913 8597 3473 -22196 4713
-4049 4812 8116 3649 -21370 4858
-2900 4743 7618 3813 -19866 5119
-2136 4610 7124 4085 -18425 5313
-1512 4488 6646 4324 -17277 5417
-543 4420 6098 4644 -15684 5515
939 3919 5435 5288 -13263 5687
1938 3657 5012 6239 -11338 5517
2464 3572 4766 6883 -10054 5207
3035 3450 4563 7432 -8514 4872
3578 3180 4564 7854 -6438 4242
3945 2976 4613 7991 -4630 3518
3973 2852 4524 7956 -3146 2713
3688 2501 4553 7946 -1743 1706
2864 2334 4486 8356 -555 233
2644 2972 4176 8393 473 -1421
1919 4293 3604 6917 575 -3625
1692 5576 2793 3872 684 -6261
2455 6248 2634 887 1515 -8990
2902 6972 4025 -1868 3998 -11399
3564 7608 5218 -4283 6290 -12784
3524 9169 6974 -8689 10314 -13906
1108 10804 10076 -15841 16088 -15220
-140 11136 12204 -20878 19328 -15747
-1634 10428 15277 -26092 23589 -15858
-2943 6385 20413 -29610 29158 -15442
-4070 2860 23182 -26965 30526 -12294
-7283 2022 24733 -19773 27621 -8003
-11557 1930 25661 -11005 20898 -4660
-12968 2136 25747 -436 9391 -1410
-12502 4022 25174 7231 -698 1006
-10607 5604 24133 9852 -5684 2130
-8284 7338 22920 9687 -7787 2819
-6776 8366 21424 7646 -6906 3006
-5402 8843 19917 4439 -4285 3496
-4808 8114 18600 2357 -1171 3370
-4865 7897 17754 1194 580 3158
-4805 7479 16896 -548 1509 2914
-4282 6618 16032 -1305 856 2364
-3562 6417 15417 -1519 126 2593
-3156 5978 15097 -1581 -127 2942
-2710 5416 15094 -2084 271 3213
-2068 5282 15180 -2283 937 3364
-1913 5162 15640 -2847 1927 3002
-1211 5174 16003 -3119 3902 1931
-1234 5021 14598 -1216 7542 -368
-1686 4568 13736 -1928 9822 -2473
-2235 5212 14065 -4269 9165 -3716
-2524 6225 14330 -5383 7521 -3198
-3558 5576 14288 -6015 6791 -4208
-5550 5732 14124 -5475 5503 -4164
-6389 6630 14181 -5425 4062 -2717
-5640 5565 14173 -5074 3146 -1785
-5220 4431 14237 -4067 3406 -668
-6946 4540 14564 -3119 3624 303
-8092 4131 14864 -2124 3311 475
-7832 4545 15542 -1290 1999 334
-7304 5098 16245 -1316 -481 607
-6869 5321 16798 -676 -2171 820
-5880 4886 16976 -111 -1744 1190
-4646 4046 16860 -471 -714 1246
-3573 4041 16509 -2589 680 459
-4564 5770 16336 -4870 1580 -425
-5317 5590 16388 -6180 2290 -908
-5287 3389 16348 -5392 2646 -1045
-5196 2648 16258 -3621 3044 -370
-5162 2852 16378 -1022 2200 1011
-4868 3450 16438 1788 988 1933
-5520 4269 16620 2821 42 2333
-5700 4798 16672 3091 -531 2491
-5748 5168 16730 2408 -136 2335
-5495 5038 16830 607 1210 1371
-4830 5200 16304 8 2890 787
-5102 5528 15678 -197 4262 151
-5591 5629 15389 -1113 4191 -316
-5469 5858 15489 -2591 3288 -872
-5000 5448 15718 -3040 2426 -1150
-4744 5078 15758 -2655 1883 -1168
-5119 4371 15788 -1584 1002 -825
-6555 4489 15622 -75 63 -292
-7650 4890 15630 306 -514 93
-8075 5098 15656 369 -927 337
-7620 4797 15686 825 -1447 687
-7090 4464 15732 1565 -1886 421
-6865 4504 16040 1853 -2737 152
-6542 4740 16070 1828 -3593 330
-6265 5156 15875 1059 -3968 1345
-5300 5471 16115 -1157 -3955 1287
-4733 5288 16548 -3023 -3471 534
-4572 4664 16500 -3389 -3137 122
-4408 3787 16073 -2781 -1745 -311
-4760 3021 15713 -1095 -209 133
-4916 3214 15628 -73 142 578
-4616 3626 15665 1666 -175 1324
-4600 4262 15480 3593 -880 1977
-4657 4650 15277 4678 -1109 2576
-4765 4889 15137 5289 -804 2696
-5552 5536 15355 4598 -884 1840
-5041 5567 15634 2496 -908 429
-4400 5592 15601 1132 -613 -240
-3958 5530 15764 394 -128 -731
-3734 4928 15652 207 467 -1049
-3969 5205 15643 -125 1473 -1196
-3867 4856 15582 -2 2429 -1070
-4546 4996 15669 287 2788 -857
-5498 5353 15588 -37 2084 -785
-5672 5640 15436 -633 1600 -853
-5684 5556 15265 -1592 1388 -1304
-5872 5318 15348 -2740 836 -1508
-6146 5412 15282 -3540 393 -1255
-6338 5244 15376 -4367 64 -783
-5829 4449 15631 -4531 -218 -576
-4762 4015 15886 -4227 -400 -721
-4252 3952 16128 -3455 -511 -914
-4337 4172 16128 -2960 -662 -1067
-4489 4145 16114 -2591 -861 -1095
-4613 4062 16130 -2219 -1045 -1000
-4690 4006 16158 -1968 -1100 -945
-4992 4145 16165 -1684 -1069 -838
-5256 4251 16235 -1400 -1079 -776
-5202 4349 16150 -1182 -911 -631
-5260 4344 16362 -886 -506 -444
-5191 4271 16449 -723 -96 -427
-5324 4283 16492 -710 75 -409
-5369 4376 16588 -913 141 -454
-5401 4260 16678 -1158 205 -503
-5349 4141 16693 -1389 141 -591
-5206 3992 16698 -1610 188 -703
-5214 3834 16606 -1656 141 -789
-5215 3728 16484 -1584 65 -863
-5260 3672 16424 -1619 29 -909
-5164 3614 16248 -1590 -60 -908
-5047 3489 16250 -1560 -9 -781
-5006 3328 16345 -1453 136 -653
-5049 3224 16381 -1373 255 -602
-5038 3178 16326 -1354 385 -648
-5101 3210 16277 -1459 337 -708
-5001 3152 16180 -1543 268 -823
-5105 3224 16053 -1695 88 -969
-5260 3345 15956 -2011 -236 -1123
-5309 3286 15965 -2322 -487 -1231
-5192 3122 16009 -2503 -616 -1250
-4994 3088 15916 -2458 -614 -1233
-4876 3002 15980 -2276 -478 -1114
-4869 2878 15997 -1880 -199 -917
-4932 2893 16072 -1459 120 -753
-4944 2933 16142 -1202 407 -624
-5068 2900 16185 -985 569 -562
-5020 2957 16152 -821 650 -521
-4936 3100 16084 -791 676 -483
-5039 3275 16064 -879 497 -569
-4948 3450 15992 -1046 265 -663
-4840 3425 15927 -1182 53 -604
-4718 3269 15891 -1129 -30 -536
-4640 3104 16051 -841 66 -493
-5165 3305 16221 -790 2 -471
-5395 3208 16225 -801 -272 -512
-5369 3002 16245 -682 -409 -507
-5437 2941 16357 -563 -484 -438
-5274 2840 16221 -383 -554 -302
-5285 2727 16054 29 -638 -77