-16477 544 2786 -8028 1171 -256
-16664 521 2822 -7749 1223 -164
-16729 434 2797 -7353 1201 -9
-16853 -4 2548 -6779 1174 201
-17398 -776 2442 -5902 1108 416
-18128 -1594 2370 -4792 920 563
-18760 -2016 2513 -3615 793 620
-19042 -1742 2733 -2636 723 421
-18973 -1214 2800 -1969 1078 -76
-19070 -530 2852 -1713 1753 -776
-19162 268 2808 -1794 2400 -1554
-19004 984 2642 -2201 2917 -2191
-18740 1517 2522 -2780 3275 -2533
-18429 1877 2398 -3479 3464 -2489
-18022 2153 2305 -4168 3673 -2024
-18022 2804 2508 -4838 3738 -1453
-18373 3464 2700 -5727 3804 -869
-19412 4469 2701 -6641 3949 -504
-20792 5416 2580 -7898 4084 -375
-21998 5850 2718 -10037 3923 -140
-22982 6190 2661 -13181 3446 458
-23497 5713 3052 -17208 2715 1833
-23197 4994 3617 -21330 2378 3458
-23177 3992 4669 -24961 1731 5443
-22750 2869 5398 -27220 613 7054
-22793 1886 5668 -27246 -1441 7830
-22994 874 5642 -25573 -4180 8136
-22861 -44 5146 -22167 -7067 7990
-22392 -234 4924 -18153 -10229 7539
-22073 52 4772 -14652 -13398 7458
-22568 834 4978 -11846 -16389 7556
-22588 1617 5400 -9931 -18724 7737
-22685 2632 5590 -9233 -19956 7887
-23390 3900 6209 -10342 -20830 8255
-24045 4462 6572 -12424 -21277 8558
-23732 3977 6730 -14089 -21292 8713
-23125 2772 7093 -14431 -21052 8974
-22634 2109 7090 -13522 -20481 9341
-21621 1832 7124 -12102 -20078 9193
-20820 1236 7356 -10227 -19875 9315
-20969 1246 7493 -8088 -20492 9446
-20582 1125 7126 -5858 -21235 9545
-19760 1294 6813 -3026 -22125 10228
-19556 2256 6794 -654 -23116 10916
-19105 2254 7054 1159 -24241 11589
-18784 2954 7397 2417 -24675 12267
-19102 3680 7632 2862 -24968 12941
-18204 3746 7584 2679 -25036 13517
-17945 4794 7346 1954 -25152 13445
-17961 4905 7538 409 -24866 13094
-18161 5421 7945 -1668 -24561 12120
-18194 5326 8257 -3839 -24699 10733
-17344 4928 8154 -5237 -25017 9483
-16017 4337 7716 -5543 -25067 8665
-14780 3638 7657 -5281 -25282 8348
-13810 3630 7237 -4337 -25879 8275
-11728 2682 7045 -2474 -26332 8478
-10137 2386 7049 -56 -26507 8809
-8992 2522 6929 2128 -26112 9159
-7954 3082 6644 3667 -25388 9379
-6766 3546 6174 4536 -24147 9586
-6017 4126 5997 4863 -22668 9641
-4925 4417 6036 4739 -21115 9539
-4396 4769 6214 4248 -19436 9076
-3584 4948 6238 3495 -17676 8436
-2359 5143 6308 2587 -15777 7786
-1805 5457 6664 1465 -14875 6964
-1260 5550 7506 669 -14415 6349
-648 5523 7933 320 -13389 5720
117 5652 7913 509 -11346 4967
-324 6044 7984 720 -9862 4514
-445 5861 7927 1736 -7465 3484
-354 6362 8100 2865 -4836 2396
-126 7862 8886 631 -3484 2851
-637 8724 9813 -2776 -3633 3114
-496 7760 10882 -5018 -4870 2861
304 6929 10997 -5723 -4891 2580
902 6505 11301 -6143 -4347 2087
1585 5293 11518 -5980 -3826 1307
2064 4192 12015 -3955 -2759 1261
1492 4114 12542 -1686 -2000 1591
1776 3987 13132 428 -1270 1417
1876 4396 14166 1801 -157 1338
1621 5290 15230 1632 412 1299
1165 6004 16372 280 648 525
592 6120 17260 -917 1075 -165
906 5981 17053 -451 2161 -971
169 5949 16143 800 5064 -2947
-1330 6764 15953 -40 6898 -3807
-2672 7535 16127 -1346 6937 -3561
-2913 7515 16344 -1666 6116 -2513
-3060 6918 16604 -1319 4994 -2015
-3160 6606 16733 -629 3627 -1750
-2982 6456 16946 2 2216 -1490
-3007 6304 16931 608 1100 -1210
-2589 6578 16548 1104 439 -810
-2383 6203 15879 1769 954 -844
-2323 5867 15474 3037 2104 -973
-2792 6268 15900 3491 2663 -923
-3317 7171 16081 2613 2476 -702
-3453 7764 16557 882 1756 -473
-3212 7232 16882 -184 983 -313
-2880 6385 17007 -795 164 -667
-2852 6165 17178 -1672 -1051 -1136
-2399 5768 16961 -1168 -1622 -1554
-1673 5313 16906 577 -1435 -1464
-1997 5590 16793 2345 -492 -1552
-2024 5788 17058 3214 469 -1387
-2282 6100 17238 3394 1163 -1078
-2530 6300 17264 3427 1686 -1044
-3021 7082 17222 3236 2106 -953
-3122 7374 17145 2186 2314 -1223
-3264 7458 17312 1239 1951 -1462
-2670 7230 17078 1430 1592 -1575
-2030 6721 16742 1598 1693 -1829
-1624 6456 16287 1821 1739 -1637
-1120 6634 15888 2287 1870 -1369
-906 6778 15740 2475 2017 -1207
-1166 7277 15506 2197 1990 -1231
-1392 7956 15104 1296 1729 -1511
-1418 8114 14864 399 1374 -1722
-1600 8217 14984 -513 985 -1962
-1485 7958 14964 -1268 554 -2142
-1234 7578 14840 -1408 375 -2091
-978 7348 14474 -1210 352 -1878
-574 7178 13829 -860 327 -1661
-212 6978 13234 -551 332 -1610
149 6598 12677 131 274 -1654
642 6541 11964 1173 292 -1967
1214 6897 11434 1698 133 -2192
1334 7138 10890 1283 -18 -2290
1724 7445 10561 -178 -526 -2153
1856 7508 11086 -1894 -641 -2183
1270 7322 11817 -3789 -33 -2686
789 6557 12169 -5829 855 -3462
850 5896 12230 -6968 2061 -3992
97 5557 11965 -7558 3762 -4318
-110 4596 11478 -7713 5409 -4674
5 3935 10743 -7147 7113 -5229
-129 3808 9977 -6645 8311 -5698
-734 3966 9441 -6338 8575 -5984
-1653 4644 9476 -6689 8714 -6225
-2645 4916 9468 -7685 9054 -6675
-2838 4373 9462 -8621 9371 -6922
-3378 4525 9948 -9544 10268 -6962
-4093 4501 10217 -10772 11169 -6662
-4026 4125 10614 -11724 12264 -6247
-5000 3780 11988 -12357 14019 -5962
-6940 3750 13121 -12626 15682 -6202
-7662 3498 14000 -12981 16963 -6492
-8460 3268 14744 -13542 18015 -6457
-9241 2857 14882 -13961 18326 -6178
-9558 2228 15161 -13760 18212 -5431
-11029 1992 15724 -13508 18160 -4777
-12025 1789 15809 -13221 17456 -3914
-12128 1281 15909 -12745 16402 -3040
-12305 698 15720 -12096 15100 -2605
-12486 104 15841 -11601 13691 -2331
-13201 -322 16277 -11396 12682 -2326
-14109 -737 16526 -11337 11782 -2669
-14946 -1066 16888 -11623 11008 -3038
-15869 -1325 17450 -12206 10497 -3250
-16218 -1484 17958 -12813 10326 -3285
-16037 -1716 18093 -13134 10446 -3102
-15842 -2412 17942 -12721 10399 -2851
-15626 -2770 17438 -11837 10095 -2414
-15348 -3140 16925 -10620 9567 -1930
-14988 -3365 16569 -9264 8881 -1390
-14446 -3734 16378 -7816 8253 -744
-14386 -3818 16212 -6444 7600 -86
-14492 -3802 16056 -5341 6961 481
-14498 -3850 15965 -4394 6191 841
-14178 -3941 15612 -3366 5402 948
-14165 -3685 15350 -2425 4682 955
-14249 -3370 14860 -1635 3842 880
-13978 -3200 14465 -1133 2779 747
-13652 -3361 14118 -701 2300 714
-13226 -2909 13405 -20 1829 748
-13520 -2162 12892 214 1025 779
-13246 -1656 12617 5 158 815
-12901 -1604 12401 -309 -372 1045
-12516 -1538 12142 -562 -781 1255
-12322 -1521 12105 -830 -1046 1476
-12246 -1486 12116 -1077 -1231 1637
-12125 -1561 12002 -1348 -1233 1536
-12082 -1636 11956 -1540 -1087 1381
-11984 -1650 11724 -1532 -838 1120
-11962 -1464 11545 -1475 -641 865
-12093 -1272 11376 -1513 -509 693
-12121 -1358 11197 -1454 -282 666
-12196 -1416 11124 -1295 -125 658
-12377 -1404 10909 -1133 -108 672
-12492 -1477 10550 -979 -359 652
-12818 -1290 10358 -947 -1159 534
-12630 -1466 10296 -983 -1385 295
-12356 -1564 10156 -738 -1333 208
-12846 -1309 10224 -594 -1516 111
-12958 -733 10162 -785 -1625 -48
-12981 -488 10141 -1187 -1558 -102
-12869 -20 10248 -1860 -1638 -96