-15648 5965 10192 -7419 -2973 2205
-16849 5597 10688 -7867 -2835 2897
-16822 5294 11304 -7279 -3083 3406
-17184 5336 11822 -6169 -3882 3794
-17288 5434 11973 -4857 -5263 4326
-17390 5797 11982 -3701 -6895 4899
-17701 6225 12064 -2903 -8510 5459
-17910 6845 12257 -2627 -9885 5994
-18226 7469 12554 -2860 -10991 6545
-18514 7849 12877 -3428 -11688 7024
-18685 7730 13098 -3989 -12122 7624
-18940 7813 13154 -4419 -12402 8357
-19617 8200 13317 -5129 -12831 9189
-20302 8248 13501 -5921 -13659 9769
-20545 8205 13473 -6665 -14707 10272
-20572 8218 13234 -7426 -16039 10707
-20361 7988 13049 -8104 -17468 11137
-20130 7588 13060 -8313 -18660 11616
-20240 7358 13301 -8014 -19283 12075
-19930 6962 13350 -7533 -19524 12565
-19002 6268 13189 -6509 -19804 13052
-18153 5660 12933 -5004 -19495 13490
-17570 5365 12550 -3673 -19226 13774
-17282 5324 12278 -2518 -18978 13745
-17192 5556 12145 -1939 -18490 13668
-16920 5640 11948 -1819 -18129 13338
-17417 6236 12302 -2298 -17826 12895
-17670 6348 12477 -3240 -17780 12488
-16909 6004 12364 -3970 -17821 12094
-16108 5598 12094 -4272 -17717 11663
-15349 5112 11528 -4196 -17745 11405
-15144 5357 11420 -4187 -17586 10952
-15082 5246 11178 -4058 -17625 10146
-14030 4658 11082 -2751 -17214 8816
-13345 3569 11034 718 -15874 6588
-11412 2229 10636 5304 -14705 5073
-9724 2865 9829 8741 -13298 5706
-8833 2949 9178 10204 -12393 6877
-7718 2932 8698 10716 -11553 8908
-6760 3461 8204 10576 -10690 11190
-6364 3984 8012 9672 -9985 13006
-6070 4512 7729 8154 -9112 13993
-5248 4533 7297 6805 -8499 14070
-4268 4476 7066 5494 -7464 13345
-3664 5176 6808 3921 -6603 12612
-2489 5425 7012 1816 -6182 11778
-2326 5845 7340 -472 -5979 10688
-1834 5822 7384 -2914 -5947 9683
-690 4988 7234 -4739 -5284 8507
-386 5285 7164 -5967 -4128 7657
-512 5125 7185 -6338 -2695 6510
414 4762 7318 -6112 -1156 5557
704 4713 7906 -5804 185 4937
654 4581 8256 -5619 1331 4609
698 4536 8812 -5338 2217 4426
294 5161 9304 -5120 2609 4099
42 5198 9582 -4964 2634 3507
-42 5698 9716 -5386 2221 2695
-297 6150 9850 -5910 1549 2029
-296 5940 10052 -5837 393 1546
-457 5865 10214 -5490 -473 1056
-592 5941 10186 -4870 -833 885
-1142 5874 10337 -3974 -804 493
-1601 5872 10685 -2811 -251 80
-2718 6188 11117 -1932 290 -309
-3940 6893 11764 -1975 583 -925
-4976 8352 12438 -3284 253 -1333
-5297 8912 13338 -5366 -701 -1702
-4977 8365 14245 -7299 -1674 -1998
-4094 7200 14901 -8129 -1830 -2170
-3637 6217 15765 -8231 -1153 -2152
-3424 5602 15941 -7241 163 -2789
-2701 5045 16206 -5926 1850 -2883
-2758 4600 16289 -4528 3448 -2968
-3432 4392 16288 -2822 4550 -3243
-4040 4934 16889 -877 4238 -2379
-5012 6014 17314 544 2468 -1453
-5136 6084 17488 2191 218 -939
-5456 6930 17868 2762 -1767 -441
-5781 7824 17902 2151 -3317 -350
-4830 7893 17789 1073 -3675 -837
-4020 7492 17592 261 -2803 -1103
-3534 7392 17249 -5 -1116 -1282
-3076 7182 17156 23 480 -1357
-2657 6740 16946 541 1927 -1549
-2194 6277 16274 1168 3432 -1646
-2024 6198 16162 2087 4300 -1852
-2126 6566 15960 2404 5025 -2185
-3203 7201 15938 1919 4320 -2503
-3270 7122 16132 1516 3563 -2653
-3763 7384 16254 846 3106 -2723
-4004 7271 16140 59 2886 -2953
-4302 7095 16074 -556 2863 -3390
-4346 6945 15850 -798 2832 -3783
-4606 6206 15459 -209 2836 -4221
-4570 5634 14976 1733 3292 -4425
-5065 5394 14805 3549 3297 -4336
-5226 5769 14289 5234 3023 -4240
-5245 6781 13969 5884 2112 -3535
-5369 8032 13570 4542 306 -3002
-5128 8732 13540 2412 -2100 -3374
-5268 9526 14189 -479 -6022 -3857
-4318 9408 15038 -3002 -10173 -4605
-1806 8101 14996 -3013 -11153 -5317
-677 6956 15405 -2240 -10995 -5624
-1162 6209 15658 -1019 -10217 -5744
-1694 5128 15786 1412 -8690 -5980
-1750 4917 16042 4145 -6273 -6094
-1868 5268 16580 6692 -3431 -6349
-2928 6498 17010 8127 -595 -6748
-4005 8012 17050 7727 1163 -7441
-4270 8096 17198 6130 2272 -8491
-4366 8085 16709 5299 3515 -9822
-4268 7656 16313 4683 4444 -10374
-4342 7260 16293 4610 5045 -10626
-4274 6857 16540 5118 5142 -10231
-4033 6782 16493 5340 4829 -9842
-4090 7041 16362 4853 4223 -9761
-4404 7488 16020 3801 3290 -10037
-4222 7689 15694 2573 2187 -10543
-4289 7953 15217 1416 1485 -10965
-4561 8170 14834 553 917 -11413
-5230 8542 14688 -251 494 -11700
-6212 8830 14549 -1761 256 -12134
-7036 8218 14509 -2842 -392 -12548
-7006 7560 14422 -3686 -1321 -12960
-7285 6600 14149 -3862 -2033 -13240
-6993 5865 13890 -3096 -2346 -13664
-6688 5534 13688 -2274 -3095 -13747
-6848 5854 13544 -2355 -4200 -14070
-7477 6634 13673 -2963 -5542 -14570
-7718 7146 14161 -4625 -6471 -14980
-8062 6665 14436 -6225 -6762 -15537
-7824 5889 14078 -6485 -6109 -16150
-7138 5062 13722 -5528 -4574 -16397
-6640 4596 13548 -4156 -2900 -16192
-6734 4337 13260 -2246 -1789 -15854
-6626 4404 13346 -563 -1250 -15482
-6640 4724 13373 507 -1302 -15443
-6866 5308 12980 871 -1872 -15928
-6704 5888 12870 601 -2527 -16742
-6466 6408 12898 -430 -2982 -17470
-6546 6860 13366 -2055 -3083 -18180
-6544 6505 13925 -3308 -2290 -19046
-6360 5966 14512 -3847 -1015 -19745
-6476 5717 14996 -4415 384 -20211
-6912 5424 15286 -4682 1633 -20379
-7256 4814 15582 -4087 2765 -20412
-7458 4230 15912 -2810 3699 -20391
-7505 4024 16146 -1391 4423 -20065
-7942 3902 16277 -44 4776 -19556
-8297 3629 16236 1446 4806 -19159
-8516 3614 16313 2869 4755 -18576
-9482 4000 16413 3584 4538 -18170
-10130 4250 16444 3767 3867 -17866
-10434 4833 16624 3039 3175 -17518
-10785 5188 16820 1612 2585 -17001
-10188 4866 17010 446 2046 -16621
-9484 4373 17065 -350 1907 -16086
-9104 3698 17198 -717 2025 -15439
-8609 2968 17121 -546 2143 -14902
-8221 2310 17138 90 2308 -14377
-8148 1813 17082 785 2586 -13885
-8685 1684 17230 1481 2992 -13591
-8772 1684 17341 1931 3340 -13513
-8797 1761 17333 2034 3499 -13408
-8658 1653 17286 2045 3622 -13241
-8464 1418 17126 2223 3692 -13145
-8285 1408 17054 2402 3549 -13013
-8266 1386 16969 2458 3396 -12782
-8396 1266 17152 2500 3243 -12532
-8464 1204 17566 2355 3101 -12192
-8697 904 18076 2327 2838 -11941
-8513 297 18661 3023 2637 -11610
-8540 153 18886 3908 2389 -11366
-8342 184 18760 4999 1917 -11226
-8396 573 18436 5815 1120 -10926
-8225 1006 17926 6173 36 -10683
-7889 1184 17548 6220 -1052 -10402
-7461 1358 17142 6193 -2099 -10173
-6697 1385 16794 6057 -2896 -9976
-5966 1232 16493 5901 -3314 -9841
-5520 1176 16225 5844 -3417 -9844
-5293 1292 16178 5635 -3325 -9911
-5246 1438 16150 5331 -3108 -10168
-5057 1586 16112 4953 -2641 -10525
-5041 1966 15866 4469 -2247 -10892
-5125 2130 15618 4015 -2018 -11142
-5141 2046 15548 3717 -1800 -11201
-5176 2061 15438 3595 -1682 -11085
-5312 2688 15277 3419 -1893 -10991
-5366 2898 15026 3053 -2244 -10775
-5000 2986 14792 2831 -2488 -10442
-4712 3034 14794 2624 -2469 -10171
-4396 2880 14852 2535 -2344 -9939
-3950 2682 14816 2734 -2083 -9781
-3742 2465 14700 3040 -1753 -9711
-3572 2078 14676 3413 -1324 -9553
-3445 1874 14666 3995 -836 -9371
-3646 1953 14676 4512 -349 -9225