-19226 1533 -6164 -2011 -665 -3795
-19964 3060 -5800 -3308 -1831 -4234
-20165 4496 -5153 -5156 -3225 -4276
-19966 5308 -4446 -7570 -4562 -4156
-19881 5637 -3785 -9881 -5929 -3638
-19416 5282 -3104 -11423 -6570 -3124
-19029 4524 -2816 -12233 -7217 -2127
-17812 2874 -3271 -11808 -7574 -938
-17181 1710 -3420 -9824 -7713 349
-17350 2541 -3168 -8703 -7915 1136
-17785 3384 -2822 -8613 -8379 1867
-18486 4305 -1876 -9552 -8687 2617
-19553 5674 -1016 -11060 -9704 3441
-20789 7350 -133 -13995 -11320 4307
-21478 7942 400 -17625 -13041 5079
-21797 7021 986 -20188 -14639 5597
-22686 6470 1588 -21270 -16446 6252
-23440 6116 1908 -21590 -18453 7030
-23904 5284 2585 -21144 -20236 7395
-24616 4641 3421 -20306 -22397 7373
-25730 4624 4281 -18887 -24622 7674
-26086 4288 4673 -17061 -26202 8362
-26274 3517 4878 -15154 -27108 8957
-26634 3160 4801 -13348 -27558 9584
-26460 2073 4082 -10625 -27805 10610
-26068 1400 3632 -6741 -27422 12128
-25614 948 3609 -2027 -26491 13920
-24928 173 4253 3354 -24650 15836
-24794 253 4880 8933 -22561 17932
-23973 586 5198 14096 -20514 20198
-22889 1133 4588 18351 -18545 22303
-22037 2408 3425 21811 -16847 23928
-21568 3406 2013 24190 -15086 24934
-21277 5157 814 25103 -13588 25745
-20945 6620 -81 24397 -12409 26381
-21016 7774 -736 22463 -11519 26722
-20801 8274 -1093 19456 -10735 27055
-20336 8698 -1269 15694 -10034 27455
-20650 9365 -1116 11843 -10158 27757
-21244 10128 -1062 7076 -11019 27791
-20869 10302 -1112 1705 -12490 27483
-20306 9897 -782 -3403 -14349 26843
-19210 9104 -544 -7680 -16316 26238
-18046 8542 -116 -11016 -18228 25653
-16761 8110 365 -13664 -19582 24971
-15361 7825 682 -15477 -20314 24118
-13848 7213 960 -16442 -20585 23250
-12572 6566 1318 -16268 -20432 22466
-11081 6193 1776 -15895 -20169 22031
-10113 6328 2357 -15495 -19935 21662
-9476 6614 2566 -15310 -20303 21469
-8556 6686 2933 -15440 -20480 21288
-7629 6722 3241 -16352 -20436 20953
-6493 6576 3541 -16859 -20080 20714
-5461 6273 4080 -16889 -19340 20562
-3936 5965 4769 -16365 -18101 19979
-2536 5681 5194 -15427 -16511 19111
-1377 5504 5586 -13914 -14771 18118
96 5005 5673 -12060 -12847 17287
1252 5608 5949 -9470 -10381 16598
1636 6214 6058 -7816 -8616 15796
2862 6020 6000 -5965 -7150 15348
4085 4538 5526 -3372 -4628 15343
5133 3940 5742 -1188 -1066 15805
5665 3613 6786 545 1122 17160
6538 4218 7402 2853 3713 18138
7498 5286 8094 4482 6451 17778
7089 6054 8608 5874 9614 16553
5872 7948 8552 6092 12827 14114
5146 8930 8920 3744 15638 10466
4397 9292 9634 -785 17775 6292
3564 10192 10660 -5846 18486 3251
2530 11382 11476 -12204 18543 1555
1037 11976 11912 -17451 17194 730
589 11572 12564 -20643 15587 449
4 11277 14008 -21652 14017 677
-838 10565 15326 -20818 12191 603
-932 9202 16289 -18760 10134 187
-1486 9061 16401 -16603 9133 417
-3045 9776 16060 -13813 9041 1332
-4518 9913 17198 -10250 8558 2135
-5121 10461 18060 -7738 7966 3110
-5532 11742 18129 -6990 7418 4427
-5584 12722 18148 -7689 6117 5089
-5441 12816 17852 -8807 3996 5582
-5117 11682 17208 -9665 1797 6013
-4173 10932 18117 -12711 -707 6519
-4178 11733 18240 -15024 -3757 8073
-3816 10680 16973 -13424 -4349 9233
-2256 6689 16392 -7476 -1059 8992
-1485 6040 16418 -2107 3064 9463
-1641 7714 16376 902 5490 10891
-2202 9257 16354 2523 6070 11414
-2324 9665 16102 3617 6515 11381
-2320 10246 15797 3877 6900 11384
-2416 11322 15925 2892 6870 11150
-2465 11622 16094 1265 6984 10370
-2086 11600 16100 506 7432 10048
-2266 12136 15940 -36 7780 10042
-2520 12641 15362 -939 8649 9846
-2880 12449 15129 -1432 9386 10445
-3266 12241 14893 -1761 9712 11095
-3826 12321 14568 -2380 9481 11462
-3841 12386 14584 -3330 9083 11829
-3893 12424 14646 -3947 8757 12430
-3936 12269 14690 -3965 8866 13085
-4433 12698 14324 -4013 8555 13865
-4528 12801 13609 -4531 8242 14611
-4322 12322 13117 -5037 7983 14970
-4610 11984 13025 -5407 7886 15060
-5122 11905 12950 -5525 7767 15074
-5804 11342 13244 -5647 7354 14853
-6196 12137 13049 -6453 6509 15256
-6620 12301 13341 -7648 4908 15695
-7094 12296 13432 -8982 3320 16441
-6757 12438 13641 -10087 2045 17674
-5350 11642 13698 -10035 2912 18469
-4216 10632 14124 -9875 4762 18841
-3329 9426 14070 -10752 6572 18714
-3649 8540 14489 -13181 7184 17930
-6150 12352 14878 -15587 5587 18001
-7400 9099 14227 -14308 3291 17864
-5904 6745 14644 -9756 3151 17692
-6672 7946 14342 -7116 3639 18291
-6868 7883 14692 -4484 3851 18719
-5896 8072 15508 -1995 4626 18725
-6098 8358 15262 -452 5037 18730
-6285 9181 15505 -122 5386 18662
-6714 9489 15483 -962 5050 18379
-6684 9062 14744 -1240 5320 17543
-6921 9454 14778 -1709 5060 17009
-6617 8922 14765 -1491 4703 17099
-6124 8756 14651 -80 4970 16809
-6209 9031 14646 385 4685 16449
-5876 8635 14184 174 4743 15538
-5624 8304 13920 414 5252 14913
-5657 8431 14170 771 6268 14786
-6904 9373 14045 892 6334 15176
-7286 10411 14062 -1004 4919 15641
-6704 9296 14100 -2658 3601 15305
-6218 8480 14028 -2837 3620 14796
-6112 8242 14005 -2592 4208 14081
-6036 7868 14180 -2361 4789 13210
-6124 7744 14472 -2312 5125 12618
-6319 8214 14696 -2673 4998 12351
-6088 8446 15071 -3761 4388 11723
-6000 8555 14861 -5009 3717 11326
-5610 7950 13778 -6376 3157 10142
-5087 7526 12633 -7388 3309 9279
-4981 8054 12178 -9150 2813 8880
-4136 7638 12094 -11300 2313 8217
-3670 7265 12401 -13205 2233 7643
-3330 6734 12853 -14710 2707 7020
-2799 5696 13453 -15633 3495 6211
-2502 4866 13964 -15686 4091 5870
-2667 4203 14368 -14866 4261 6128
-3148 3915 14690 -13496 3522 6917
-3609 3486 14828 -12406 2904 7402
-4125 3337 15158 -11629 2251 7545
-5325 3562 16092 -11631 1993 7344
-6269 3262 16749 -12085 1843 6870
-6199 2430 17473 -12439 1936 6315
-6625 2128 17869 -12728 2147 6133
-6576 1612 17873 -12756 1916 5889
-6535 1193 17844 -12490 1703 5600
-6728 836 17652 -12251 1554 5393
-6416 280 17381 -11594 1232 5270
-6102 -404 17004 -10451 1021 5235
-6186 -538 16831 -9413 977 5304
-6364 -412 16802 -8732 929 5308
-6705 -311 16933 -8554 837 5138
-7146 13 17092 -8962 866 4889
-7070 -321 17037 -9384 1095 4691
-6873 -752 17076 -9527 1533 4398
-6942 -1188 16964 -9210 2261 4063
-6841 -1553 16680 -8627 2909 3545
-6717 -1642 16330 -8185 3320 3206
-6616 -1988 15650 -7473 3603 2762
-6570 -1410 15532 -7173 3933 2300
-6308 -1655 15186 -7000 4370 2445
-6298 -1380 14772 -6940 4530 2456
-6515 -1284 14545 -6920 4040 2834
-6422 -1616 14449 -6639 3449 3312
-6534 -1949 14380 -6232 2863 4007
-6688 -2011 14497 -5778 2135 4595
-6614 -2422 14774 -5232 1609 5134
-6722 -2460 15084 -4751 1334 5518
-6930 -2390 15356 -4439 1203 5713
-6878 -2424 15476 -4283 1174 5677
-6813 -2540 15716 -4288 1217 5680
-6758 -2758 15848 -4301 1402 5656
-6707 -2852 15790 -4093 1524 5549
-6557 -2770 15657 -3746 1487 5243
-6666 -2682 15412 -3493 1119 5052
-6586 -2578 15081 -3154 633 4853
-6461 -2123 14812 -2899 -79 4655
-6272 -1996 14620 -2801 -561 4653
-6282 -1857 14574 -2614 -911 4723
-6284 -1930 14477 -2427 -1035 4829
-6538 -1558 14493 -2254 -1065 4968