-20817 648 5862 11506 -27147 11164
-20681 1278 6040 13592 -26269 12251
-20542 2298 6008 14530 -25603 13186
-20353 3678 5812 14281 -24829 13963
-20476 4734 5996 12687 -24471 14374
-19960 4997 6133 10886 -24029 14253
-19322 5457 6245 9449 -23502 14183
-18836 5660 6194 8010 -22560 13842
-18282 5841 6205 6514 -21481 13257
-18609 6666 6258 4556 -20723 13073
-17890 6534 6138 2677 -20188 13222
-16961 6052 6101 2036 -19688 13086
-16350 5917 5812 2310 -19318 13247
-15424 5761 5765 2711 -18606 13477
-14673 6306 5758 2060 -17559 13636
-13990 6941 5952 944 -16258 13451
-13620 7382 5968 -834 -15478 13229
-12384 6849 5673 -2358 -15122 12880
-11153 6797 5484 -3676 -15258 12531
-10296 6685 5349 -4730 -15960 12116
-9180 6276 5534 -5193 -16401 11696
-8346 6048 5828 -5323 -16611 11423
-7400 6090 5997 -5492 -16648 10989
-6426 6177 6085 -5588 -16740 10747
-5316 5973 6241 -5358 -16506 10460
-4166 5760 6612 -4706 -15649 10168
-3596 5934 7020 -3897 -14821 9878
-3285 5690 6745 -3476 -14112 9406
-2186 6030 6286 -3124 -12720 7999
-2402 6881 6848 -3899 -11201 6521
-3608 6646 8030 -3846 -11895 5281
-3833 6776 9085 -3635 -13531 5132
-3962 8336 9886 -4523 -15003 5960
-3873 8106 11141 -4557 -16289 6426
-4348 8217 11772 -4489 -16528 6249
-4038 7625 11765 -4544 -15751 5446
-3192 6514 11732 -3594 -14074 4494
-2462 6481 11902 -2811 -11454 4301
-2556 6480 12448 -1918 -9778 4101
-2717 6662 12929 -1612 -8899 3622
-2802 6698 13160 -1535 -8270 3191
-2014 6544 13158 -1549 -7318 2633
-1593 6506 12980 -651 -6404 2227
-1521 6482 12982 34 -5044 1663
-2464 6413 13801 734 -3849 581
-2885 6018 14520 1395 -3122 -1074
-3561 6904 15030 382 -2195 -1915
-4421 8304 15842 -2082 -2214 -2163
-4945 8568 17281 -4535 -3654 -2085
-6340 9324 17654 -6768 -6052 -1881
-5210 9444 16750 -8567 -7057 -1725
-4237 9196 16604 -10825 -7417 -1503
-2541 7997 15509 -10356 -8219 -688
1214 7618 14737 -10032 -7374 -1469
2284 6354 14257 -9720 -5251 -2499
1176 3097 14336 -5765 -4047 -500
945 2972 14397 -375 -3951 2309
3761 3993 14682 4664 -3276 4150
4662 5749 14853 7277 -2077 4882
4814 6661 14710 7182 -447 4638
4248 7417 14410 5389 1074 4051
3817 7312 14381 3195 1518 3146
3677 6861 14581 1304 1421 2243
3653 6633 14766 -175 1250 1279
3693 6101 14853 -1443 1104 345
3834 5918 14824 -1733 1158 -482
4117 5412 14901 -1265 1426 -735
4429 5068 15333 -158 1685 -559
4334 4980 15486 948 1582 -291
4426 4644 15532 2133 1140 -172
4572 4768 15281 2944 860 -126
4518 4953 14966 3357 778 -336
4296 5125 14568 3545 1223 -399
3868 5533 14394 3520 1962 -860
2933 6122 14282 2827 2782 -1552
2285 6396 14145 1676 3623 -2155
950 6842 14396 451 4660 -2850
-302 7282 14642 -833 5472 -3249
-1028 7444 15033 -1627 6095 -3614
-1349 6672 15893 -1763 5956 -3955
-1229 7218 15896 -2907 5355 -3405
-1156 7962 15193 -5456 4785 -2888
-1098 7746 14850 -8244 4181 -2766
-1677 6570 14321 -10189 3961 -1969
-1388 4989 15028 -10318 3841 -1212
-1152 3922 16028 -9086 4537 59
-1398 4877 16688 -7490 5215 -194
-1676 4053 17894 -5420 6838 176
-2454 3724 18617 -3036 7105 176
-3492 4668 18125 -2382 7145 593
-3845 5145 17717 -2203 7321 119
-3716 4844 17613 -1457 7029 -471
-3322 4760 17349 -672 6329 -924
-3136 5026 16961 -262 5915 -1258
-2770 5184 16637 144 6061 -1081
-2550 4970 16418 146 6275 -1263
-3070 5196 16198 -481 6092 -1654
-3762 5494 16336 -1597 5796 -1854
-4008 5060 16610 -2062 5791 -1946
-3870 4254 16585 -1776 5499 -1692
-3574 3552 16349 -473 5394 -1140
-3390 3250 15850 1890 5632 -174
-3162 3548 15108 4306 5974 826
-3125 4413 14598 5759 6042 1529
-3617 5113 14678 7295 4596 1744
-3872 5902 14846 7916 3264 1502
-4174 6777 15178 7831 2133 1143
-4500 7253 15500 7538 1197 448
-4893 7612 15922 6948 797 -39
-4952 7917 16118 6370 962 -19
-4813 8306 16017 4855 1106 -56
-4710 8610 16041 2986 847 -144
-4565 7910 16213 2233 455 -267
-4040 8009 16269 876 -422 -63
-3620 7750 16442 -461 -1554 77
-3188 7052 16450 -656 -1852 282
-2534 6734 16516 -655 -1425 391
-2242 6394 16553 -138 -1306 259
-1274 5704 16262 709 -271 142
-597 5612 15876 1543 1076 -5
-1052 5577 15332 2205 2259 -12
-1569 5614 14926 2507 2934 70
-2064 5873 14418 2358 3003 255
-2050 5774 14081 2439 3047 329
-1894 5745 13400 2751 2638 599
-1521 6218 12537 2807 2671 988
-1354 6613 11632 2540 2743 1300
-1081 6808 10745 2043 3024 1469
-1102 6836 10016 1867 3400 1026
-650 7009 9164 1421 3539 270
-251 7064 8053 655 3850 -133
644 6510 7296 238 4633 -616
1002 5982 6768 260 5671 -837
596 6112 6798 104 7356 -1027
-637 6381 6804 -247 9739 -1139
-1244 6043 7015 -996 12658 -1223
-3226 6877 7145 -2357 16303 -1730
-4498 6873 6692 -3896 18312 -2903
-5062 6540 6279 -6162 18812 -4235
-5618 5498 6282 -8773 18195 -4951
-6113 4958 8500 -10475 19284 -6049
-9684 6018 11632 -12658 21920 -7207
-11870 5884 13912 -15307 24587 -8033
-11846 5045 15306 -17005 26734 -8766
-11805 3358 15212 -16755 28131 -9424
-11305 1800 14745 -14885 28449 -9496
-12338 1202 14634 -12424 28296 -9184
-14937 1474 15294 -10169 27477 -8688
-18025 2186 16196 -9372 25401 -8507
-19916 2550 17057 -9374 23172 -8254
-21220 2652 17813 -9114 20989 -8213
-22246 2772 18032 -8741 18970 -7870
-22796 2808 18018 -8323 17406 -7209
-23178 2626 17605 -7963 15920 -6510
-23130 2932 16680 -7739 13552 -5981
-22085 2737 15853 -7718 11296 -5251
-21013 2054 15000 -7322 9503 -4455
-19985 1390 14289 -6357 7955 -3535
-18968 1029 13462 -5142 6589 -2654
-18156 881 12700 -3948 5337 -1853
-17365 764 11861 -2989 4173 -1217
-16932 734 11322 -2350 3170 -749
-16626 801 10830 -2108 2264 -438
-16420 878 10368 -2275 1527 -357
-16397 1148 9945 -2564 958 -499
-16334 1198 9614 -3005 584 -721
-16204 1100 9189 -3513 438 -874
-15973 988 8970 -4036 511 -1042
-15801 844 8792 -4425 747 -1101
-15585 672 8676 -4681 1141 -1048
-15305 472 8545 -4709 1650 -950
-15162 405 8300 -4657 2042 -859
-15038 408 7986 -4551 2357 -796
-15058 445 7785 -4403 2468 -788
-15197 502 7617 -4451 2457 -745
-15156 317 7429 -4695 1975 -782
-15197 -338 7594 -4796 1894 -714
-15132 -350 7841 -4498 1928 -717
-15292 -1041 7740 -3961 1910 -701
-15364 -1176 7526 -3127 1612 -686
-15388 -1077 7417 -2348 1400 -844
-15513 -808 7220 -1824 1168 -922
-16164 -114 7273 -1742 909 -1172
-16801 633 7369 -2281 572 -1420
-16681 564 7596 -2937 669 -1651
-16625 194 7813 -3254 1092 -1768
-16521 -172 8192 -3187 1551 -1723
-16064 -376 8433 -2830 2170 -1533
-15913 -402 8377 -2296 2748 -1284
-15842 -28 8400 -1962 2793 -1063
-15693 -62 8633 -1808 2819 -927
-16036 60 8849 -1742 2798 -762
-16377 268 9177 -1939 2232 -569
-16340 276 9265 -2332 1362 -423
-16034 31 9371 -2632 411 -315
-15997 -18 9302 -2696 -834 -247
-15682 -261 9214 -2451 -1916 -224
-15433 -332 9252 -1927 -2752 -270
-15350 -161 9261 -1373 -3273 -327
-15200 33 9326 -869 -3727 -412