-18228 5140 6252 -6320 31303 -14773
-18465 4961 5697 -5799 32767 -16102
-19446 4614 4666 -4967 32767 -16933
-20602 4997 3526 -4478 32767 -17864
-21446 5893 2574 -4906 32767 -19303
-21864 6128 2112 -5846 32211 -20099
-21224 4773 1876 -5372 30397 -19436
-20716 3548 1336 -3180 28404 -16951
-20324 2265 678 -13 25498 -13426
-20301 1653 -9 3178 22601 -9453
-19992 946 -581 6521 19991 -5392
-19914 -494 -50 10078 19074 -1993
-19162 -2299 -491 19888 18436 2137
-19109 1509 -2066 27370 19278 5139
-20478 3950 -2930 26749 18955 6905
-21101 5492 -3078 22344 18997 6713
-24961 5144 -798 17123 13903 5602
-20933 6166 1576 14348 5366 4636
-22233 7694 806 11187 375 4832
-20562 3437 1268 9207 -4391 4995
-17445 3700 594 8749 -6139 5397
-18125 4008 -472 7636 -6636 6127
-17150 2774 -668 6673 -8351 5416
-16358 2460 -1072 6225 -7317 4424
-17244 2750 -1048 4703 -5994 3093
-17449 2827 -1212 3507 -5286 1772
-17964 2786 -973 2295 -4210 920
-18582 3594 -789 1437 -4768 450
-18988 4160 -544 145 -5179 -41
-19974 4668 62 -1210 -6037 -366
-21124 4973 596 -3788 -7282 -657
-23265 4889 1553 -7591 -10477 -1129
-24298 3800 2217 -8711 -14245 -1973
-26037 4209 2659 -8713 -18236 -1761
-27286 4182 2922 -9594 -21519 -1773
-29217 3571 4036 -11682 -27001 -3566
-31296 2756 4969 -13676 -32768 -8209
-30265 539 6278 -12850 -32768 -10948
-28092 -365 8032 -13975 -32768 -6907
-24924 -3517 9197 -13446 -32768 -2684
-22253 -6026 11054 -8788 -32768 2318
-20637 -7439 12783 1110 -32768 9627
-19956 -7188 14108 7727 -32768 12578
-20029 -4212 14937 10367 -32768 13724
-21181 381 15956 9055 -32768 13846
-21420 2212 16252 6696 -32768 12869
-19780 2757 16073 5057 -32241 11353
-18218 2930 15592 4753 -28738 10516
-17636 2968 14902 5528 -24407 11237
-16777 2385 13562 7177 -19888 13133
-16308 1862 12616 8419 -17917 14963
-16565 1572 11484 9804 -16953 17238
-15517 966 9879 11555 -17879 19225
-14698 904 8738 12173 -19594 20453
-14044 541 7761 12938 -20842 21434
-12787 -143 6553 14308 -21782 22586
-11977 144 5640 15340 -22074 23805
-10853 366 5168 15562 -21959 24772
-9464 554 4910 15673 -21092 25450
-8061 377 4563 16361 -19250 25408
-5935 812 4098 17306 -16140 24555
-4160 1081 3484 17425 -13302 22659
-3525 2523 3618 15298 -12527 20021
-3756 4663 4053 10718 -16079 16417
-1276 4950 4582 7510 -19235 14037
1513 3630 5705 7314 -19390 13174
3693 3742 6968 9217 -18476 13135
4756 3990 7677 12478 -16001 12486
5254 4558 8002 14647 -12213 11969
4756 6324 8444 14736 -7274 11649
4384 7465 9253 12647 -1659 10376
4708 8042 9268 10288 1082 10390
3914 7423 8442 8061 3592 10510
3164 7348 7957 6769 5284 9791
3092 7108 7752 5964 5618 9585
2936 7147 7885 5123 5467 9935
2925 7353 8516 4377 4956 9915
2866 7562 9024 4008 5040 9418
3034 7686 9545 3779 5214 9168
3793 8600 9957 3076 6553 9118
3894 9086 10001 2486 8164 8808
4192 9887 10274 1590 10444 8237
3724 10264 10807 179 12469 7645
2648 10618 11084 -292 13832 7537
1456 11205 11496 -285 14609 8104
716 12382 12112 -875 14709 8576
333 13400 13485 -3661 14093 8990
269 13406 14868 -7826 13084 9171
856 12560 15882 -10389 11977 8927
844 11322 16544 -11378 10786 8752
1357 9686 16064 -9965 9690 9242
2057 8898 16029 -8079 9720 9707
1244 8678 16424 -5853 8851 10199
550 8368 16661 -3511 7522 11005
573 7672 17098 -1222 6941 11360
349 8706 17301 -154 6485 11747
524 9726 17576 -229 6165 11649
1169 10059 18173 -565 6481 10874
1189 10361 18398 -1104 7365 9977
816 9896 17905 -1481 8366 9194
268 9505 17485 -2178 8953 8583
-170 9348 17450 -2569 8426 8291
-390 9477 17137 -1839 7792 8100
168 8508 17204 -643 7961 7540
137 8540 17198 419 8489 7536
-384 8618 16704 1777 9053 7677
-793 9112 16416 2557 9546 7890
-2115 11475 16684 89 8919 7730
-2712 11244 16768 -2159 7388 7442
-1672 10283 16628 -2553 6733 7572
-1153 9313 16438 -2048 6209 7895
-973 8974 15717 -692 6023 8345
-1441 9652 15372 53 5733 8713
-1965 10212 14965 -337 5439 9158
-2117 10212 14434 -974 5291 9483
-1964 9545 14446 -1688 5448 9416
-2829 8600 14189 -1964 5900 8786
-3298 8153 14394 -2590 4778 8580
-3493 8389 14260 -3609 2924 8696
-3329 8593 14184 -4505 1121 9294
-2506 8608 13804 -4746 164 9566
-1238 8551 13205 -4442 319 9846
369 7858 12631 -2667 2373 10235
1342 8312 12620 -1262 5765 10181
394 9230 13688 -1733 7375 9623
-36 9425 14217 -1373 7957 8904
254 8337 14652 -345 8509 8805
136 8268 14709 566 8690 9661
-232 8476 14656 1314 9016 10696
-857 8685 14938 2235 8867 11861
-1134 9188 14913 2478 9182 12560
-1373 9981 15040 2553 9352 12478
-1532 10417 15366 3246 9338 12026
-996 11025 15656 4966 9448 12521
-664 12334 15272 5663 10427 12084
-878 12632 14910 5226 11239 11885
-953 13889 14032 3784 12438 11691
-1921 14704 13304 1197 13317 10749
-2481 14814 12153 -1144 13550 10276
-2412 14793 11421 -3762 13636 10090
-3333 14660 11329 -6251 12190 10464
-3425 14284 11378 -8555 9751 11208
-2729 13249 11516 -10073 7428 12363
-1373 11836 11384 -10261 6233 13279
-484 10844 11112 -9533 5900 14098
256 9937 10576 -8370 5873 14528
772 9520 10174 -7540 5969 14652
24 10033 10402 -7757 6313 14103
-1385 10740 10928 -9282 6681 13124
-2836 11057 11484 -11809 6724 11719
-3505 11081 12381 -14899 7399 10562
-3836 10301 13117 -17325 8584 10048
-3758 9229 13748 -18067 9518 10020
-4036 8402 14993 -17735 10398 10440
-5138 7668 15737 -16785 10949 10587
-6189 7008 16402 -15748 10368 10241
-7393 6765 17517 -15303 8978 9724
-8144 6265 18012 -15284 7109 9451
-8266 5569 18361 -14939 5492 9027
-8268 5182 18860 -14013 4878 8997
-8148 4749 19052 -12898 4572 9321
-7857 4506 19160 -11763 4587 9671
-8001 4453 18940 -11025 4813 10035
-8072 4180 18654 -10691 4761 10273
-8272 4096 18826 -10670 4787 10158
-8505 3749 18985 -10679 4671 9537
-8457 3193 18866 -10402 4129 8639
-8018 2646 18545 -9962 3580 8066
-7654 2202 18182 -9178 3141 7857
-7697 2084 18205 -8293 2667 7876
-7984 2294 18280 -7585 2178 7928
-8082 2313 18341 -7056 1625 7955
-7961 2345 18238 -6566 1099 7846
-7914 2044 18142 -6038 690 7649
-7458 1968 17889 -5360 329 7462
-6878 1908 17411 -4568 25 7306
-6397 1835 16943 -3949 6 7135
-6184 2109 16601 -3625 229 7041
-5689 1820 16426 -3398 502 6803
-5593 1839 16234 -3200 669 6595
-5431 1489 16027 -2911 643 6101
-5215 1563 15914 -2624 625 5726
-4980 1436 15724 -2507 791 5391
-5132 1692 15768 -2727 720 5401
-5204 1590 15846 -2887 542 5389
-5240 1658 15840 -2995 266 5379
-5183 1564 15910 -3035 -40 5306
-5160 1564 15928 -2937 -116 5243
-5078 1421 15960 -2856 -170 5182
-4940 1285 15862 -2614 -157 5028
-4860 1200 15881 -2258 -204 4909
-4772 1061 15933 -2090 -123 4791
-4570 977 15985 -1735 50 4693
-4782 934 15922 -1500 87 4617
-4790 1058 15852 -1383 -3 4385
-4553 882 15668 -1196 42 4256
-4466 938 15592 -910 21 4166
-4632 1412 15390 -698 -190 4003
-4642 1470 15185 -654 -335 3885
-4444 1265 15074 -511 -262 3899