-21460 7457 12676 -2456 -28104 15275
-20938 7272 13252 224 -28950 15629
-21248 8448 13490 1602 -29800 15306
-21460 9241 13556 1326 -30518 14453
-21020 9928 13241 445 -30440 12944
-21034 10357 12965 -415 -29441 11587
-21330 10872 12496 -1070 -27557 10570
-21765 11241 11862 -1483 -25309 9960
-22312 11786 11105 -1912 -23728 10189
-23180 12057 10253 -2818 -22834 10597
-23785 12004 9553 -3984 -22839 11390
-24194 12300 9273 -5174 -23034 11709
-24757 12744 8701 -7153 -23954 11774
-24034 12153 8236 -8678 -25003 11815
-22996 11322 8053 -9028 -25640 11964
-21704 10210 7933 -8604 -25515 12380
-20650 9420 7725 -7111 -24775 12947
-19468 8725 7668 -4842 -23465 13286
-18614 8686 7664 -2525 -22027 13750
-18401 9038 7697 -1100 -21072 14199
-18181 9114 7370 -767 -20844 14275
-17025 8864 6906 -775 -20826 14124
-16165 8686 6561 -899 -20912 13866
-14800 7812 6041 -778 -20908 13512
-13242 7320 5874 -394 -20414 13129
-11930 7217 5853 -130 -19701 12864
-10345 7053 5904 -25 -19325 12715
-8974 6794 5553 -147 -19404 12557
-7596 6324 5461 -161 -19436 12466
-6605 6276 5728 17 -18884 12173
-6110 6281 5950 164 -17897 11617
-5505 6434 6141 387 -16542 10959
-4498 6006 6117 801 -15541 10470
-3696 5544 6336 1033 -14868 10259
-2985 5796 5950 2191 -12772 9618
-2085 5498 5213 3581 -10341 8583
-1716 5858 5280 3991 -9065 7855
-1316 6097 5357 4236 -8116 7182
-861 6346 5944 4253 -7488 6626
-708 6808 6634 3919 -7201 5899
-228 6602 6509 3531 -6794 5015
434 6258 6292 3547 -5819 4018
1145 6097 6422 4510 -4643 3550
1697 6413 7125 5245 -3535 3497
2294 6549 7680 5893 -1942 3033
2568 5845 8352 7321 -927 2533
2925 5662 8132 8560 215 2218
3144 5453 7846 9695 1184 1749
3006 5588 7762 10933 1801 1447
2908 5830 7957 11926 1986 1105
2410 6558 8496 12496 1901 428
1725 7866 9042 11711 1980 -568
1181 8802 9770 10129 2257 -1781
373 9490 10558 8756 3536 -3376
318 10614 11190 6539 5084 -4551
-297 11476 11718 3795 6838 -5859
-742 12601 13030 67 7677 -6488
-1378 13372 14182 -4849 7396 -7094
-2905 13676 15301 -9157 5909 -7272
-3234 13212 15922 -11255 3726 -6779
-2868 12377 16050 -10631 2407 -6053
-2558 11669 16033 -8583 2202 -5434
-2522 11169 15961 -6352 2743 -4960
-3184 11369 16308 -4289 3147 -4478
-4101 11698 16369 -2835 3191 -3728
-4398 11676 15977 -1698 3095 -3427
-4216 11648 15693 -841 3099 -3389
-4337 11878 15329 -786 2401 -3504
-4137 12690 15120 -1399 1121 -3214
-3569 12668 15504 -2441 100 -3245
-2713 12142 16341 -2042 -891 -2775
-1981 12224 16693 -1037 -1343 -2264
-1557 12786 16570 -1022 -937 -1682
-1317 13014 16030 -1677 -167 -1568
-1332 12458 15464 -2048 647 -1406
-1352 12014 15065 -2336 1165 -1300
-1414 11633 15092 -2522 1684 -1307
-1808 11486 15241 -2565 1764 -1456
-2112 11218 15206 -2103 1454 -1480
-2244 10886 14962 -929 1436 -1390
-2232 10841 14266 122 1593 -1186
-2324 10764 13946 810 1858 -1160
-2418 10781 13778 1103 1748 -1182
-2294 11316 13744 910 1712 -1021
-2164 12018 14330 -362 1157 -541
-2137 12465 14737 -2439 185 -49
-1873 12280 15065 -4435 -679 47
-1644 11940 15253 -5896 -1263 -28
-1338 11284 15116 -6604 -1393 -275
-714 10341 14766 -5995 -920 -679
-280 9756 14616 -4937 84 -755
-436 9686 14544 -4016 930 -587
-833 9521 14534 -3244 1195 -511
-940 9240 14324 -2218 1361 -589
-1252 9665 14381 -1131 1400 -368
-1368 9753 14804 -729 1393 -344
-1384 9662 15030 -441 885 -134
-1434 10204 15057 34 445 239
-1429 10368 15149 678 167 226
-1429 10226 15446 1282 -74 219
-1149 10670 15368 2080 2 16
-742 10721 15210 2447 381 -306
-646 10657 15180 2881 1111 -326
-578 10945 15306 3131 1837 -299
-481 11025 15318 3169 2346 -456
-594 11125 15417 2921 2989 -596
-1168 11438 15069 2720 3537 -626
-1812 11785 14568 2367 3861 -676
-2425 12260 14328 1510 3626 -696
-2993 12352 14392 607 2751 -600
-3225 12020 14558 -22 1683 -410
-3286 11885 14701 -268 840 38
-3416 12120 14676 -369 448 375
-3254 11977 14748 -339 352 594
-3213 11813 14792 -265 310 732
-3133 11736 14944 -161 390 781
-3032 11746 14824 18 559 793
-3164 11691 14361 689 982 677
-3108 12153 13761 896 1219 530
-3417 12481 13678 -355 1123 501
-3405 12554 13892 -2004 1003 578
-3229 12051 13852 -2841 595 575
-2877 11445 13549 -2394 728 704
-2795 10964 13335 -1605 929 906
-2774 10638 12939 -878 958 1194
-2677 10269 12608 -300 948 1360
-2551 9791 12341 488 984 1471
-2248 9682 12224 976 1082 1591
-2405 9793 12094 664 674 1785
-2394 10142 12009 -43 156 1817
-2079 9804 11489 -953 -153 1774
-1607 9349 11051 -1318 514 1623
-1477 8854 10801 -1167 1737 1400
-1697 9296 10222 -680 2625 1569
-1778 8496 9829 -550 3428 475
-1544 8016 9970 -287 4305 -475
-1698 8416 10654 -215 5181 -1281
-2173 8529 11292 -96 6174 -2227
-2558 9184 11873 -470 6893 -3282
-2674 9573 11748 -1283 7736 -4360
-2742 10009 11061 -2518 8941 -5074
-2820 10209 10922 -3798 9726 -5380
-3054 9609 10997 -4383 9597 -5608
-3422 9530 10980 -4924 9228 -5730
-4401 10276 10726 -6969 8608 -5890
-5318 10421 10706 -9470 7892 -6361
-6210 10374 10870 -10911 7473 -6819
-6820 10391 10932 -12397 7772 -7215
-7293 10472 12064 -14186 8309 -7170
-7980 10584 13629 -15831 8445 -6729
-8385 9960 15009 -17104 8279 -6045
-9096 9297 16264 -17384 7631 -5236
-10010 8058 17128 -16236 6198 -4105
-10694 7248 17530 -14348 5216 -3334
-11012 6506 17574 -12674 4741 -3040
-11576 6332 17472 -11031 4402 -2862
-12112 6266 17239 -9560 4078 -2651
-11868 5926 17213 -8301 3156 -2545
-11521 5537 17149 -7515 2510 -2336
-11408 5386 17066 -7176 2139 -2060
-11372 5260 17065 -6977 1768 -1737
-11414 5124 16888 -7012 1373 -1533
-11173 4885 16741 -7202 1070 -1445
-11060 4685 16630 -7383 820 -1495
-10916 4484 16386 -7390 642 -1586
-10532 4153 16153 -7438 343 -1752
-10141 3644 16092 -7209 166 -1905
-10026 3520 15954 -6856 36 -2009
-9808 3144 15822 -6292 -42 -2128
-9576 3094 15640 -5474 -195 -2170
-9182 2876 15538 -4880 -417 -2035
-8894 2630 15444 -4214 -539 -1927
-8708 2462 15405 -3462 -627 -1767
-8444 2425 15254 -2856 -579 -1884
-8410 2647 15025 -2666 -775 -2046
-8307 2849 14824 -3273 -1275 -2257
-8222 2826 14624 -3824 -1535 -2457
-8027 2695 14615 -4440 -1626 -2626
-7765 2370 14700 -4778 -1431 -2926
-7576 2304 14658 -4832 -1326 -3139
-7441 2274 14514 -4999 -1274 -3293
-7193 1994 14434 -4955 -912 -3716
-6984 1718 14716 -4720 -130 -3886
-6998 1469 14946 -4135 607 -3892
-6932 1196 15180 -3523 1056 -3817
-7228 1237 15256 -2965 1362 -3680
-7405 1144 15386 -2549 1367 -3653
-7421 1133 15690 -2320 1410 -3614
-7500 1128 15966 -2200 1433 -3674
-7604 972 16101 -2355 1306 -3814
-7507 514 16131 -2135 1127 -4133
-7394 221 15738 -1558 790 -4424
-7200 257 15324 -767 70 -4832
-6934 21 15221 -112 53 -4889
-6850 410 14918 595 126 -4905
-7220 862 14920 847 -75 -4886
-7384 1228 14854 950 -140 -4940
-7396 1388 14722 946 -172 -4814
-7361 1653 14542 887 -203 -4769
-7449 1892 14517 719 -226 -4779