-5540 1274 4389 15497 24103 -7863
-5953 986 4270 16148 25828 -9032
-6478 802 4552 16948 27806 -10548
-7776 1194 4750 18219 30484 -12726
-10538 2054 5356 19796 32691 -15682
-12966 2810 5630 20752 32767 -19021
-15957 5362 5813 19067 32767 -21834
-20094 9788 5629 13117 32767 -23593
-22690 11913 5590 4473 32767 -24274
-24622 11650 5361 -1172 32767 -23954
-26477 10810 6098 -3970 32531 -21964
-26757 9793 5652 -2897 31427 -19454
-26138 8741 4968 934 30371 -15904
-25630 7960 4472 4991 28825 -11944
-26721 7845 4333 12426 29023 -7739
-28796 -478 9074 25134 25944 -1069
-27182 7398 11584 32767 13329 3290
-29857 13206 11809 32767 7801 1739
-28061 17552 9836 32369 5499 1156
-26842 17344 10325 23097 4869 -975
-22674 15581 8116 11359 6600 -1815
-24037 12192 7437 5606 9003 -1405
-24086 10190 6682 4989 7701 -1564
-23074 9042 5213 5670 7739 -1624
-22969 7892 3505 4927 6420 -1846
-22213 6353 1874 2878 4998 -2592
-21274 5852 1182 234 3534 -2791
-20577 6284 742 -3064 1611 -3095
-20202 6204 662 -6850 -441 -3289
-19617 5660 646 -10495 -1886 -3450
-19174 5096 1190 -13376 -3361 -3159
-18153 4393 2221 -15524 -5433 -2272
-17008 3926 3096 -17101 -5989 -1608
-16053 3424 3596 -17749 -6771 -869
-14224 3169 3862 -18335 -6069 -1160
-16470 3188 4193 -17545 -7719 -729
-14820 3318 3774 -17410 -5705 -1921
-16380 3976 4096 -17382 -5988 -2577
-17232 4734 4225 -18168 -5102 -3657
-19246 5713 4524 -19711 -4947 -4856
-20738 6004 5214 -22037 -5783 -5192
-21260 6294 5081 -23882 -6214 -5367
-22993 5868 5733 -25864 -7536 -5851
-24142 5857 5998 -26618 -9686 -5565
-25449 5773 6400 -26398 -12709 -4788
-26141 5250 6725 -25607 -16245 -3532
-27085 5048 7062 -24636 -20338 -2220
-27418 4774 7412 -23398 -24503 -689
-27608 4005 7713 -21072 -28446 623
-27186 3190 8312 -18264 -31290 2349
-27196 2154 9065 -14457 -32724 4088
-26454 1337 9777 -10112 -32768 5935
-24785 -14 9993 -5786 -32768 7897
-23293 236 9922 -2265 -32768 10156
-21986 689 9680 -565 -32768 12280
-21514 1033 9564 186 -32768 13618
-20652 1036 9416 942 -32768 14669
-19753 1312 9545 1579 -32768 15779
-19292 1552 9200 2190 -32218 16530
-17858 1674 8616 3414 -30264 17147
-17174 2262 8280 3752 -28434 17399
-17209 3674 7457 2414 -27417 17036
-16137 4020 6969 1231 -26810 16570
-15092 4757 7117 -720 -27724 15582
-14257 4456 7345 -2170 -28854 14486
-12054 3489 7970 -1852 -29781 13750
-9649 2336 8994 -591 -29390 12921
-7902 1690 8736 1891 -27022 12291
-6141 1564 8170 4886 -23170 12909
-5466 2792 8424 5837 -20171 13690
-5505 3933 7840 4624 -18605 13559
-4900 3761 7544 3156 -17179 11970
-4550 4569 7260 1272 -16393 9978
-3820 4844 7116 -1304 -15357 7969
-3266 5229 7394 -3786 -14111 6344
-3065 4805 8113 -5242 -13686 5255
-2530 4425 8648 -5810 -12686 4807
-1980 4022 8881 -5588 -11202 4576
-1317 3597 9154 -4983 -8810 4532
-1105 3385 9408 -4188 -6300 4451
-2073 3786 9774 -3496 -4404 4263
-2549 3776 10216 -2640 -3016 3782
-3102 3949 10289 -1829 -2042 2887
-2922 5398 10270 -2278 -1862 2191
-2585 5926 10504 -4768 -2356 1621
-2570 5849 10985 -7653 -3603 1451
-2113 5532 11124 -9064 -3931 1109
-844 4157 11685 -8924 -3322 1007
-1049 3684 12404 -8657 -2164 1190
-1634 3286 12942 -7556 -1024 1495
-1136 2744 13248 -5290 480 2267
-756 2912 13686 -3280 1850 2511
-1054 3561 14146 -2194 2263 2722
-1380 4077 14506 -1734 1943 3166
-1410 4344 14885 -1609 1620 3269
-1613 4473 15045 -1742 1681 2980
-1762 4830 15466 -2450 1640 2798
-1858 4848 16017 -3115 1429 2603
-1893 4338 16037 -2568 1548 2166
-1262 3376 15680 -1261 2739 1917
-750 3514 15981 -233 3206 2389
-1710 4290 16130 500 2721 2730
-2089 4342 15817 572 1884 2314
-2246 4528 15626 484 1396 1929
-2218 4298 15652 98 1197 1684
-2278 4496 15576 -619 1121 1515
-2425 4865 15745 -1909 853 1488
-2709 4854 16108 -2880 211 1104
-2178 4196 16206 -3210 -244 641
-1498 3701 15950 -2861 -159 251
-1105 3574 15605 -2094 523 40
-978 3546 15145 -995 1468 35
-1241 3469 14974 -148 2629 -123
-2383 3906 15266 635 4219 -347
-4105 4684 15976 -235 5655 -690
-4864 4638 16529 -1135 6149 -1278
-5553 4548 16566 -1711 6135 -1300
-5516 4858 16732 -2177 5338 -840
-5316 4529 16733 -2378 4408 -151
-5156 4626 16228 -2642 3590 514
-4373 4325 15798 -3208 3539 858
-3276 3861 15365 -3442 3980 701
-2352 3386 15049 -4976 4840 268
-2377 3690 14706 -7458 5606 -934
-3470 4453 15190 -11225 5605 -1998
-5069 4492 16534 -14500 3251 -2546
-4842 1704 16373 -13243 1718 -2849
-3361 -706 16000 -8829 2171 -2654
-3462 -236 15762 -4850 2809 -1270
-3996 526 15840 -2677 2112 -186
-4797 953 15580 -1466 880 140
-5397 1430 15424 -774 -434 205
-5877 1814 15434 -570 -1308 706
-5985 2232 15245 -939 -1763 1080
-5557 2536 15225 -1738 -2368 1372
-4968 2516 15213 -2281 -2518 1904
-4412 2332 15048 -2422 -1909 2290
-3857 2677 14885 -2748 -1166 2553
-4194 2222 15434 -2742 -841 2744
-3916 1432 15515 -2175 -61 2785
-5117 1529 15695 -2081 1303 2729
-6091 1445 15820 -2224 2187 2463
-6313 1260 15886 -2103 2857 2360
-6648 1155 15808 -1690 3456 2380
-6696 1308 15950 -1438 3631 2499
-6857 1382 16256 -1508 3413 2652
-7369 1276 16715 -1534 2848 2650
-8065 1176 17072 -1560 2238 2468
-8131 995 17372 -1969 1540 2491
-7745 477 17479 -2131 770 2815
-7052 62 17490 -1602 525 3157
-6432 -84 17370 -642 454 3597
-5782 -13 16952 566 599 3914
-5416 474 16753 1238 722 4095
-5282 938 16593 1536 677 4246
-5178 1350 16364 1392 472 4361
-5078 1672 16281 1034 95 4371
-4861 1953 16061 497 -245 4296
-4721 1952 16073 -88 -561 4314
-4541 1904 16019 -757 -796 4295
-4320 1678 16057 -1453 -941 4291
-4005 1453 16217 -1943 -914 4375
-3686 1017 16189 -2025 -638 4456
-3466 876 16280 -1869 -178 4487
-3465 892 16197 -1766 139 4528
-3421 772 16154 -1754 425 4579
-3521 821 16105 -1737 713 4548
-3588 730 16230 -1696 917 4520
-3738 796 16177 -1765 1008 4483
-3872 945 16197 -1891 988 4403
-3964 924 16161 -2089 914 4309
-4169 1030 16268 -2297 839 4198
-4237 980 16314 -2555 638 4177
-4208 928 16329 -2743 500 4165
-4190 746 16408 -2806 437 4219
-4138 701 16381 -2706 429 4204
-4197 701 16346 -2603 362 4200
-4245 704 16364 -2516 322 4193
-4442 690 16522 -2523 368 4220
-4546 630 16665 -2506 288 4210
-4618 636 16748 -2567 133 4234
-4878 730 16812 -2659 -96 4250
-4792 649 16762 -2666 -234 4261
-4702 702 16709 -2494 -265 4298
-4637 858 16585 -2416 -223 4343
-4628 788 16762 -2309 -148 4399
-4756 781 16801 -2154 7 4470
-4648 868 16789 -2019 213 4557
-4414 717 16576 -1780 464 4595
-4704 645 16625 -1481 569 4512
-5138 672 17088 -1664 872 4339
-5194 750 17304 -1739 1225 4282
-5184 1222 17264 -2019 1311 4175
-5346 1428 17274 -2394 1359 4119
-5350 1424 16990 -2557 1292 4251
-5253 1478 16770 -2460 991 4381
-5202 1625 16504 -2380 510 4641
-4874 1604 16346 -2231 61 4906
-4680 1852 16226 -2041 -212 5068
-4712 2138 16141 -1883 -363 5221