-12548 4464 1526 -3441 -1562 -1228
-12980 5028 1570 -6971 -114 -1532
-13313 5012 1725 -10115 1345 -2368
-14152 4581 1858 -11890 2909 -3093
-15405 3788 2782 -10679 3588 -3220
-16486 4450 4192 -8427 2846 -2048
-16632 5145 4938 -6161 747 -922
-16668 5910 4514 -6104 -424 -763
-17056 6329 4028 -7302 -1154 -1184
-16689 6400 4021 -9128 -881 -1478
-16353 6277 4194 -9545 -830 -1280
-16666 6673 4754 -10029 70 -1667
-17120 7040 5502 -10422 742 -1635
-17736 7576 6134 -10754 1359 -1371
-18169 7789 6973 -11616 1849 -1037
-18537 8082 7729 -12512 2320 -868
-19065 7914 8268 -13035 2284 -647
-19318 7169 8834 -12322 2600 -364
-20116 7649 9429 -10515 3160 206
-21273 7724 9780 -9344 3740 1010
-22458 7910 9993 -7642 3424 2650
-23230 7998 10532 -6483 1786 5053
-24186 8104 11257 -5231 -941 7428
-25108 8129 12046 -3727 -4195 9341
-25264 7996 12577 -2214 -6905 10944
-24861 7832 12810 -494 -8486 12288
-24458 7962 12469 1316 -9070 13367
-23924 8128 12024 2695 -9328 14329
-23734 8449 11292 3707 -9274 14846
-23726 9440 10761 3486 -9848 15197
-23789 10522 10174 1729 -11344 15548
-23536 10608 9521 -206 -13206 15754
-23096 10597 9014 -1716 -14940 16111
-22906 10686 8405 -2837 -16826 16768
-22113 9952 7805 -3057 -18340 17225
-21282 9373 7096 -2557 -19170 17680
-20729 9177 6636 -1892 -19614 18187
-19732 8736 5954 -1038 -19531 18387
-18922 8704 5505 -281 -19268 18601
-17576 8572 4980 239 -19030 18887
-17068 8758 4565 598 -18762 19144
-16357 8706 4140 767 -18931 19427
-15792 8884 3784 807 -18848 19802
-15534 8977 3560 780 -19074 20357
-14806 8865 3537 1111 -19046 20809
-14245 8705 3401 2136 -19001 21353
-13526 8305 3041 3759 -19170 21791
-12680 7836 2656 5889 -19884 22446
-11232 7016 2252 8267 -21100 22886
-10505 6908 2110 10751 -22025 23323
-9662 6892 1876 12374 -23067 23090
-8601 7508 1872 12702 -23057 22462
-8001 8081 1858 11852 -22397 21504
-6806 8081 1932 10060 -20968 20263
-5605 8430 2305 7899 -18725 19144
-4198 8917 2904 5213 -15708 17817
-3070 9298 3546 1993 -11800 15695
-2416 8909 3814 -931 -8206 13433
-1710 8062 3844 -3076 -5359 11416
-1421 7821 3922 -4428 -2837 9463
-1586 7761 4020 -5220 -973 7767
-1280 7774 4348 -5966 -76 6537
-886 8425 4536 -6282 796 5707
-657 8837 5240 -6883 1163 5360
-352 9210 5924 -7650 1061 5276
-176 9688 6518 -8404 494 5188
-66 9798 6838 -9021 -100 4924
-218 10300 7333 -9810 -658 4715
-478 10858 8041 -10898 -1267 4543
-954 11469 8618 -12339 -1987 4267
-1040 11687 9316 -14281 -2436 3814
-1100 11838 10298 -15123 -1831 3415
-1502 12205 10969 -15462 -1236 3345
-1918 12574 11677 -16417 -976 3167
-1582 12322 12169 -17167 -414 2494
-810 11344 12221 -16557 724 2224
-500 11381 12442 -16601 2181 2040
-734 12040 13306 -17410 2543 2223
-970 12106 14293 -18539 1721 2386
-621 11186 14933 -18083 1149 2018
449 8714 15281 -14518 2477 1377
136 7950 15468 -9769 3859 1232
-953 10065 14585 -8023 4744 2283
-3090 12481 15005 -9128 4149 3192
-3600 12466 15637 -10379 2598 3209
-3972 12473 16145 -11925 730 3873
-4526 12078 15774 -13390 -1215 4228
-3594 9797 15592 -12165 -1958 4009
-3072 9693 15516 -10944 -1719 4287
-3030 9806 16122 -10082 -1659 4288
-1596 9826 17057 -9797 -1258 5297
-665 10102 17593 -9378 252 6239
-284 10301 17484 -9720 2343 5951
-114 9877 16426 -12218 4528 4664
-940 9146 15661 -15727 5776 2831
-1778 8384 16148 -17714 5647 2229
-1794 6760 17428 -17755 3857 3294
-1078 5314 18053 -14645 1872 4177
-1501 4184 18126 -9882 -825 5367
-1644 4052 17849 -4292 -2941 6419
-1522 4730 17762 812 -3643 6723
-869 4894 17749 4372 -2824 6211
-94 5394 18000 5830 -1796 5836
230 6984 17609 5822 -897 5536
485 7270 16632 5584 598 5131
696 7768 16180 5087 2438 4643
672 7523 16056 4004 3904 3935
395 7228 15795 4000 4171 3087
197 7546 15332 4068 4246 2902
-60 7945 15117 4176 4506 3024
-934 9473 15234 2254 4071 3830
-1238 9644 16066 -802 2978 4240
-712 9089 16341 -2492 2723 3915
-840 8824 15961 -3399 3298 3536
-837 7724 15466 -3978 3997 2988
-1850 6992 14749 -3608 4183 2533
-2352 7129 14460 -3078 3794 2617
-2228 7394 14818 -2858 3383 3110
-1594 7406 15417 -3034 2643 3911
-1156 7864 16092 -3903 1589 4669
-1082 8004 16433 -5551 329 5071
-764 7988 16720 -7367 -303 4760
-268 7537 16864 -8459 -130 4192
372 6592 16754 -7739 922 4067
929 5326 16388 -5359 2541 4014
696 4978 16226 -1600 4201 4004
-187 5511 16074 1808 4893 3865
-818 5921 15861 3979 4761 3831
-1277 6436 15880 5118 4275 3984
-1233 6492 15693 5876 3817 4028
-1033 6677 15905 6208 3506 3671
-1325 7087 15816 6457 3204 2882
-1462 7662 15656 6820 2892 1880
-1425 7846 15797 6322 2333 1458
-1418 8578 15563 5279 1957 1161
-1815 9081 15555 4227 2135 1097
-2245 9280 15292 3157 2658 1288
-2570 9390 15338 1874 2852 1607
-2722 9150 15248 964 2716 1841
-2869 9045 15254 419 2181 2288
-2611 8659 15389 -261 1598 2829
-2413 8589 15369 -676 1132 3154
-2160 8310 15385 -901 975 3360
-1845 8025 15313 -1030 964 3419
-1832 7776 15198 -760 1283 3284
-2432 7933 14650 -624 1879 2660
-2165 8694 14530 -435 2035 2351
-1280 8976 14698 -1904 2060 2503
-994 9723 15262 -5349 1047 2650
-236 9575 15099 -7474 313 1712
901 8828 14792 -7402 1733 1315
126 9634 15002 -8068 3065 1254
-278 9532 15501 -8054 4353 806
-364 9236 15701 -7334 5283 706
-382 9126 15636 -6675 6196 818
-734 8920 15803 -6252 6818 1725
-1238 8652 15417 -5775 6818 2690
-1664 8566 14926 -5488 6526 3201
-2205 8239 14647 -5541 5705 3557
-2526 7864 14336 -6006 4281 3883
-3134 7698 14640 -6747 3134 4196
-4268 7558 15095 -7951 1827 4317
-4888 6804 15754 -9720 367 4129
-4844 5573 16164 -10489 -51 3936
-4678 4817 16261 -10313 272 3909
-4898 4241 16370 -9979 969 3763
-4874 3721 16305 -9319 1640 3635
-4764 3056 16264 -8379 2200 3627
-4905 2724 16136 -7269 2425 3760
-5200 2736 16069 -6341 2398 3738
-5472 2845 16205 -5875 2131 3887
-5778 2822 16356 -5828 1872 3966
-5889 2705 16585 -6078 1610 4023
-6151 2542 16749 -6562 1343 3997
-6001 2194 16888 -6790 1298 4075
-5794 1800 16980 -6786 1342 4198
-5926 1392 17092 -6501 1458 4244
-5988 855 17274 -5949 1538 4289
-6050 616 17108 -5415 1548 4342
-6141 456 17117 -5021 1432 4359
-6022 246 17076 -4564 1375 4344
-5886 236 17008 -4206 1300 4405
-5759 253 16976 -3893 1205 4453
-5481 188 16904 -3681 1128 4411
-5426 314 16933 -3745 1066 4293
-5268 377 16898 -3980 977 4142
-4952 321 16701 -4035 965 4017
-4706 221 16470 -4040 993 4020
-4494 113 16410 -3920 1073 4125
-4543 195 16279 -3776 839 4264
-4363 113 16264 -3595 728 4383
-4412 236 16286 -3404 679 4412
-4457 460 16273 -3406 597 4452
-4413 388 16226 -3343 849 4483
-4478 420 16121 -3194 1000 4510
-4711 524 16207 -3319 901 4460
-4581 333 16186 -3173 985 4466
-4649 529 15980 -2888 691 4377
-4413 904 15901 -2770 551 4394
-4344 1216 15949 -2781 448 4532