-14536 4809 -7617 -20845 663 -7637
-14790 4193 -8044 -20735 1142 -7883
-15714 4132 -7780 -20502 1334 -8058
-16221 4240 -7467 -20735 1126 -8092
-16526 3942 -7204 -21047 1043 -8335
-16677 3540 -6875 -21389 456 -8487
-16332 2853 -6794 -21461 -79 -8602
-15962 2616 -6878 -21409 -466 -8700
-15508 2170 -6908 -21338 -657 -8668
-14944 2078 -6849 -21017 -622 -8501
-14424 2018 -6938 -20367 -141 -8111
-14300 2196 -6808 -19517 91 -7684
-14406 2290 -6698 -18552 -213 -7087
-14136 2588 -6966 -17581 -690 -6385
-14217 2934 -7430 -16862 -647 -5871
-14544 3060 -7753 -16458 -399 -5799
-14804 3480 -7889 -16152 -145 -5909
-15286 3857 -8001 -16191 -372 -5954
-15617 3716 -8041 -16146 -855 -6015
-15714 3938 -8361 -15959 -1399 -6048
-15817 3796 -8682 -15833 -1993 -6019
-15704 3710 -8834 -16253 -2320 -6085
-15512 2621 -8558 -17000 -2876 -6147
-15257 1450 -8165 -17175 -3206 -6213
-14968 810 -7777 -16991 -3322 -6164
-14949 361 -7324 -16512 -3208 -6068
-14804 326 -7066 -16248 -3161 -6009
-14741 166 -6708 -16075 -3255 -5788
-14462 84 -6478 -15865 -3162 -5470
-14210 292 -6448 -15483 -2742 -5111
-14389 1229 -6385 -15200 -2116 -4971
-15472 2602 -6268 -15502 -2294 -5217
-16716 4360 -6328 -16613 -3342 -5382
-18633 6597 -6252 -18517 -5834 -5123
-20345 8093 -5605 -21081 -9658 -4156
-21117 7406 -4734 -23103 -13195 -3853
-22345 7464 -2964 -25258 -16124 -3990
-23410 7836 -1778 -27044 -17364 -4192
-24302 7901 -514 -28517 -16923 -4203
-22093 8700 669 -28276 -13804 -3631
-24321 7785 1512 -27024 -14330 -1601
-23316 7448 2112 -24452 -14082 658
-24778 6764 1580 -22064 -14301 2306
-26469 7440 1382 -20723 -15121 4378
-27070 7569 2085 -20403 -15846 5275
-28701 7880 2856 -19339 -19353 5990
-28540 7512 3668 -17216 -23287 6229
-27881 6516 4145 -14543 -26411 7164
-27429 6304 4148 -12683 -28652 8545
-26870 6082 3812 -12011 -29906 10186
-26068 5661 3797 -11506 -30220 11767
-25345 5008 3872 -11010 -30194 13442
-25613 5649 3761 -11000 -30913 14567
-25400 5822 3761 -11673 -32182 15145
-25214 5653 3737 -12575 -32768 14937
-24028 4812 3720 -13344 -32768 14502
-22373 3816 4100 -13274 -32768 14319
-21394 3706 4533 -12646 -32768 13926
-20754 3637 4921 -12222 -32768 13624
-19333 3089 5318 -11455 -32768 13501
-18153 2718 5408 -10307 -32768 13453
-17204 2318 5433 -8697 -32681 13444
-16356 2521 5616 -7292 -31564 13249
-15889 2862 5593 -6410 -30250 12784
-14705 2748 5568 -5581 -29129 12163
-13502 3470 5669 -4685 -28432 11153
-12133 4872 5454 -3847 -27780 10063
-10097 5397 5250 -2442 -26084 9112
-8833 6625 5370 -1166 -24079 8309
-8052 7505 5530 -758 -21816 7648
-6961 8017 5582 -1147 -19885 7674
-5541 8029 5742 -2141 -17574 8259
-5242 8257 5710 -3022 -15414 8778
-5380 8112 5966 -3840 -14111 9121
-5466 7644 6649 -4544 -13482 9517
-5393 7017 6985 -5283 -13649 9531
-5757 6350 7408 -5830 -14630 9314
-6058 5629 7722 -6576 -15533 8928
-5648 4256 8013 -6835 -16426 8675
-4925 3008 8424 -6268 -16986 8428
-4270 1705 8964 -5290 -16669 8181
-3705 1109 9728 -4044 -15407 7934
-3086 952 10313 -4275 -14233 6765
-3874 508 9868 -4968 -14104 6251
-2837 330 9608 -6008 -13447 5087
-2028 -764 10072 -5072 -12364 4108
-1948 -626 10868 -2937 -10544 3050
-1576 -1280 11245 -595 -8989 2487
-1088 -1349 11134 1884 -6268 2339
-688 -641 10709 4627 -2663 2287
-716 1536 10981 3827 -305 3529
-1041 3694 11828 106 -332 4892
-2652 5021 12916 -3852 -2498 5040
-2526 5056 13473 -7288 -4892 3913
-1680 3737 13416 -9552 -5602 2488
-937 2146 13168 -9251 -4591 1320
-296 1257 13560 -7378 -2753 949
444 414 13822 -4679 -862 1152
578 681 14125 -2326 659 1375
152 1497 14369 -631 1739 1925
245 1886 14798 593 2339 2570
456 2468 15468 2000 2738 3228
153 3501 16045 2541 2857 3502
129 3837 16468 2505 2737 3358
454 4764 16638 2265 2681 3019
592 4860 16738 1798 2848 1981
1096 4669 16740 1568 3220 1061
1954 4029 16772 1928 3919 710
2488 4142 17042 2336 4616 683
2797 4054 16998 2948 5140 691
2864 3918 17028 3390 5838 478
2469 4530 16966 3636 6120 229
1805 4990 17441 3322 5661 48
1264 5350 17750 2515 4810 -115
1021 5609 17444 1291 4201 -619
918 5470 17109 482 4171 -816
529 5204 16866 541 4225 -654
525 5234 16658 694 4536 -202
561 5609 16660 21 4678 560
1192 4914 16549 -270 5125 1554
1793 4874 15266 471 6905 3325
1616 5086 13944 1080 9800 5196
1087 5784 12721 1925 12753 7036
900 6247 12659 1652 13709 8613
353 6376 14222 856 12793 8568
-1832 6482 15736 -1175 11832 6306
-4558 6591 17221 -5994 9628 1969
-6165 6133 18341 -10289 5252 -925
-5037 3569 18682 -9468 1348 -1621
-3289 1080 18050 -4249 -67 -602
-3122 1145 17540 2392 -729 1005
-3361 2625 17542 6774 -1070 1890
-3124 3752 17608 10070 -1503 2585
-3202 5333 17492 11055 -1990 2438
-2990 6396 17764 9528 -2442 1872
-2701 6826 17992 7214 -2224 859
-2540 7036 17901 5448 -1431 152
-1965 7312 17794 3677 -216 -169
-1837 7229 17438 1993 1177 -375
-1582 7206 16969 695 2440 -754
-1140 6705 16786 -336 3333 -1388
-954 5777 16401 -666 4045 -1621
-1306 5625 15881 -1000 4533 -1803
-1769 5501 15340 -1385 4886 -2006
-1952 5597 14806 -1589 4962 -2005
-2140 5744 14192 -1876 4920 -1843
-2272 5769 13788 -2297 4356 -1660
-2342 6009 13210 -2724 3225 -1507
-1909 5973 12582 -3294 2114 -1309
-1404 5957 11632 -3926 1238 -1148
-366 5360 10845 -4074 957 -757
1282 4421 9980 -3142 1432 -192
1928 4478 8920 -2390 2043 194
2294 5266 7916 -3064 2349 683
2437 6440 7094 -5417 2600 1036
2212 6736 7196 -8616 2927 459
1458 6857 8329 -12027 3681 -716
-218 6993 10262 -15826 5050 -1763
-2080 6754 12566 -19336 7071 -2662
-3980 5865 14528 -22318 9261 -3322
-5041 3846 15716 -23459 10855 -3811
-5734 1570 16274 -22385 11438 -3535
-7021 492 17086 -19749 12087 -2817
-8616 -10 17858 -16737 12312 -1995
-9953 336 18838 -13929 12385 -1276
-11085 724 19752 -12046 12101 -599
-11988 430 20292 -10496 11632 -268
-12149 418 20680 -9121 10627 250
-12337 286 20513 -8213 9504 546
-12188 69 20021 -7551 7993 810
-11886 -138 19729 -7102 6529 1016
-11548 -386 19524 -6483 5412 1261
-11177 -596 19205 -5879 4649 1353
-11045 -628 18930 -5210 4188 1336
-11006 -834 18808 -4725 3782 1373
-10865 -929 18544 -4152 3555 1411
-10616 -1082 18360 -3733 3207 1490
-10361 -1205 18221 -3257 3002 1614
-10293 -1252 18032 -2869 2710 1624
-9978 -1422 17718 -2455 2143 1615
-9385 -1640 17298 -2103 1699 1679
-8978 -1633 16922 -1627 1283 1739
-8609 -1660 16585 -1213 889 1867
-8190 -1850 16468 -763 771 1968
-8122 -1566 16324 -386 864 1897
-7973 -1577 16260 -99 831 1636
-7961 -1432 16054 78 779 1396
-7834 -1454 15796 175 665 1164
-7576 -1457 15598 290 518 970
-7624 -1220 15346 404 327 786
-7608 -1130 14902 589 51 714
-7544 -885 14805 728 -355 760
-7601 -882 14721 774 -370 627
-7316 -1158 14545 1389 -298 642
-7276 -1112 14580 1905 -5 543
-7389 -782 14418 2366 78 489
-7308 -520 14378 2603 166 394
-7688 377 14173 2391 -88 186
-7849 726 13964 1773 -372 -37
-7842 640 13822 1200 -571 -143