-14344 1993 -6202 -374 255 -1029
-14840 1809 -6094 -370 105 -1249
-15152 1798 -6114 -520 -65 -1458
-15182 1686 -6422 -677 -116 -1645
-15180 1474 -6841 -828 320 -1812
-15178 1270 -6998 -925 342 -1937
-15369 1520 -7232 -1235 94 -2183
-15328 1360 -7480 -1506 -466 -2315
-15275 1343 -7450 -1837 -642 -2597
-15165 1222 -7467 -2193 -827 -2743
-14980 910 -7204 -2197 -591 -2737
-14766 506 -7004 -1767 -431 -2414
-14552 139 -6960 -907 101 -1911
-14544 144 -7124 -97 334 -1732
-14561 268 -7548 532 540 -1633
-14913 374 -8033 1125 794 -1311
-15646 761 -8433 1471 883 -1039
-16476 880 -8729 1704 726 -918
-16977 1290 -9104 1743 492 -916
-17348 1924 -9176 1429 61 -1139
-17252 2128 -9212 1012 30 -1389
-16768 2305 -8406 -32 -769 -1716
-16064 1548 -7078 -1056 -1749 -1995
-15180 175 -5543 -1099 -2412 -1795
-14468 -564 -4528 -777 -2690 -1403
-14151 -920 -4214 -543 -2482 -1141
-14277 -624 -4468 -149 -1974 -1023
-14801 348 -5035 -254 -1907 -1023
-15740 1309 -5414 -634 -2381 -899
-16743 2168 -5452 -1644 -3703 -651
-17752 2720 -5061 -3191 -5412 -495
-18318 2810 -4581 -4299 -6838 -396
-19360 3086 -3710 -6247 -9316 -146
-20185 3008 -2818 -8485 -12139 241
-20248 2692 -2812 -9367 -13205 396
-20717 2388 -2818 -10882 -13437 950
-21078 882 -2194 -11265 -12605 2494
-20278 1745 -1717 -10602 -10548 4560
-21044 2380 -1254 -10136 -8514 7094
-23243 3331 -532 -9051 -6488 9839
-25782 4640 -190 -7700 -6710 11684
-27466 5395 -732 -7492 -8850 11915
-28052 4798 -1162 -7673 -11628 10637
-28537 5669 -1180 -8408 -14884 10263
-29176 6346 -1257 -9448 -19035 10421
-29466 6574 -1534 -10304 -21866 10193
-29687 6310 -1330 -12596 -27010 9919
-29697 5609 -1051 -15552 -32552 9970
-30737 5487 -826 -17957 -32768 10395
-31276 4476 -708 -18723 -32768 10205
-32333 4261 -605 -17698 -32768 9800
-32768 4829 -277 -16810 -32768 8492
-32768 4641 388 -15635 -32768 6334
-31972 2677 876 -12540 -32768 5281
-28225 926 1071 -10010 -32768 5941
-22352 -1692 1034 -8529 -32768 7846
-18628 -3230 1324 -5775 -32768 9211
-14652 -3113 1544 -878 -32768 11179
-11284 -1606 1812 4814 -32768 13033
-9561 -634 1790 7131 -32768 13742
-7844 97 1584 7842 -32768 13618
-7624 1650 2210 6851 -32768 12775
-7248 2840 2720 4704 -32489 11093
-4722 1676 3728 2539 -30011 9371
-2785 1734 4146 889 -26731 8162
-1833 928 4833 318 -23971 7584
-597 594 4685 1720 -20453 7654
-358 1393 5086 2379 -16902 7143
-1432 3662 5354 562 -13851 5614
-2042 4897 5758 -3301 -10464 3287
-1642 5401 7000 -7434 -6850 986
-1841 5690 7829 -11040 -3556 -1093
-1645 4573 8302 -13692 -497 -2943
-1361 3497 8942 -14068 1779 -3772
-1862 3197 9196 -13247 2934 -3078
-1696 3528 8608 -12513 3159 -2443
-1489 4134 7814 -11845 3475 -1395
-1200 3592 7770 -10876 3662 -737
-582 2373 7700 -9410 3531 -536
-113 2182 8190 -7884 3194 245
-296 2202 9096 -7226 2053 786
-277 2006 10469 -6303 323 774
33 980 11426 -4195 -876 1568
-270 737 12240 -1531 -1362 2715
-1049 897 12872 937 -1746 3860
-1784 1266 13257 2736 -2149 4536
-2013 1856 13972 3784 -2935 5033
-2346 2542 14685 4480 -3925 5130
-1949 2553 15245 4842 -4945 4892
-1781 2765 15433 4598 -5484 4598
-2161 2721 15752 4566 -5552 4194
-1829 3625 15638 5394 -4422 3903
-1317 3525 15844 5946 -2466 3509
-900 4154 16324 5889 -368 3054
-877 4994 16932 4616 456 2871
-293 5418 16934 3979 1565 2853
-360 5334 17013 3911 2671 2215
-696 5792 16782 3844 3390 2258
-1158 6301 16468 2948 3770 1991
-1798 6632 16134 1515 3518 2049
-3080 6761 16062 -126 2665 2023
-3972 6581 16152 -1398 1177 2123
-3849 5700 16429 -1892 -679 2381
-2769 4877 16676 -1484 -1674 2483
-1672 4276 16642 -534 -1433 2585
-1402 3986 16844 886 -518 2706
-1632 3965 17168 2082 591 2619
-2208 4248 17185 2694 1545 2547
-2809 4318 17236 3081 2348 2444
-3298 4233 17341 3652 3026 2352
-3545 4408 17418 4240 3580 2535
-3993 5388 16994 3805 3863 2849
-3814 6288 16552 1989 3790 2732
-4245 6844 16492 -808 2716 2241
-4162 6656 16400 -2834 1594 1602
-3178 6162 16686 -4588 1132 971
-2728 5400 17312 -5431 946 530
-2770 4529 17853 -4683 722 583
-2232 3652 18033 -2988 513 1006
-2040 3125 17806 -37 958 1712
-2561 2905 17698 2680 1110 2292
-2345 2908 17444 5017 1282 2808
-1941 3976 16861 6462 1970 2938
-1745 4497 16357 7198 2928 2658
-1836 6018 16364 7274 3775 2733
-1490 6328 16781 7098 3653 2856
-1281 6642 16918 6190 3125 2325
-1453 7218 16892 4732 2405 1880
-1130 7508 16301 3381 1763 1621
-937 7369 15928 2162 1736 1086
-682 6733 15733 1475 1889 552
-577 6286 15370 1475 2183 236
-1022 6445 14941 1539 2395 104
-1618 7053 14568 1095 2213 88
-2205 7385 14357 160 1808 58
-2258 7261 14326 -716 1617 -113
-2142 6976 14224 -1397 1776 -333
-1893 6581 13810 -1666 1935 -501
-1536 6062 13172 -1609 2192 -645
-1684 5936 12913 -1413 2495 -814
-1813 5717 12656 -1337 2744 -1187
-1770 5858 12030 -1515 3006 -1540
-1424 5962 11369 -1988 3360 -1857
-1002 5881 10630 -2552 3747 -2139
-877 5830 10194 -3072 4249 -2559
-824 5630 10098 -3587 4909 -2879
-534 5398 10001 -3972 5583 -3287
-692 5329 10284 -4408 6223 -3905
-1452 5602 10708 -5114 6909 -4552
-1936 5769 10972 -6138 7324 -5325
-1945 5836 11333 -7318 7819 -5971
-2794 6050 11804 -8355 8457 -6361
-3068 5756 12053 -9027 8741 -6575
-3072 5424 12193 -9218 8979 -6393
-4201 5392 12756 -9070 9391 -5830
-5540 5382 13470 -8856 9766 -5443
-7452 5686 14744 -9088 10434 -5336
-8916 5764 15578 -9910 10915 -5350
-9286 5458 16220 -10959 11200 -5496
-10276 5086 16716 -11840 11405 -5276
-10996 4496 17290 -12219 11185 -4767
-12733 3924 17933 -12078 10920 -4372
-13894 3470 18294 -11528 10072 -3783
-14161 2958 18549 -10715 8974 -3389
-14620 2874 18310 -9850 7639 -2872
-14496 2582 18022 -9014 6241 -2506
-14413 2461 18085 -8157 5153 -1951
-14530 2241 18041 -7428 4209 -1184
-14173 1974 17897 -6602 3358 -583
-13512 1728 17637 -5633 2553 -119
-13206 1586 17589 -4784 1902 230
-12944 1594 17312 -4178 1396 484
-12113 1572 16987 -3781 925 662
-11392 1602 16634 -3688 477 791
-10904 1404 16406 -3826 387 921
-10724 1349 16400 -3957 482 1095
-10383 941 16294 -3890 549 1174
-10079 790 15931 -3603 490 1263
-9912 704 15602 -3308 349 1349
-9698 707 15322 -2909 48 1393
-9513 825 14882 -2648 -435 1500
-9538 990 14625 -2564 -744 1613
-9333 978 14476 -2646 -1040 1656
-9213 977 14286 -2824 -1261 1780
-8988 680 14236 -2898 -1307 1814
-9049 669 14260 -2967 -1341 1737
-8925 550 14234 -3126 -1258 1652
-8792 466 14101 -3233 -1154 1507
-8852 253 13958 -3336 -1098 1432
-8484 -66 14020 -3206 -847 1371
-8473 -186 13978 -2729 -334 1434
-8749 -154 13888 -2394 -360 1433
-8528 -276 14061 -1983 -335 1424
-8552 -38 13976 -1597 -159 1465
-8668 481 13821 -1498 -389 1297
-8810 896 13680 -1747 -730 1103
-8758 997 13525 -2098 -929 1099
-8374 665 13438 -2193 -902 1227
-8136 466 13380 -2053 -707 1368
-8038 616 13384 -1805 -503 1518