-9564 4474 8849 -4473 -22040 5354
-8580 4290 8798 -3411 -20794 5214
-7685 4221 9010 -2564 -19351 5109
-7025 4066 9134 -1780 -17911 4959
-6157 4230 9156 -1180 -16510 4735
-5325 4142 9368 -763 -14974 4580
-5316 4449 9408 -380 -13429 4344
-4941 4501 9481 -24 -12012 4074
-4484 4686 9452 201 -10835 3806
-4117 4653 9341 398 -9896 3401
-3928 4550 9314 570 -8967 3066
-4040 4606 9461 470 -8299 2601
-4444 4961 9624 -79 -7911 2161
-4273 4716 9676 -569 -7664 1629
-4024 4533 9856 -845 -7365 1341
-3684 4305 9997 -950 -6941 1099
-3309 4342 10101 -648 -6479 833
-2868 4470 10265 -137 -5736 626
-2574 4812 10505 348 -4942 618
-2313 4962 10884 929 -4156 687
-1986 5181 11161 1618 -3417 668
-1842 5612 11418 2133 -2685 732
-1801 5977 11650 2292 -2260 643
-2052 6405 11837 1974 -2084 417
-1968 6405 12012 1513 -1780 134
-1801 6569 12372 915 -1333 8
-1837 6596 12984 279 -928 -40
-2116 6564 13482 -393 -329 -368
-2204 6333 13938 -870 124 -634
-2258 6250 14446 -1427 301 -610
-2462 6221 14945 -1832 76 -501
-2161 5777 15478 -1895 -195 -443
-1906 5266 15677 -1640 -332 -667
-1894 5481 15589 -1352 -499 -665
-1805 5513 15630 -1465 -261 -780
-1541 4984 15805 -1218 265 -1302
-1413 5425 15910 -645 776 -1295
-1213 5694 16266 -207 956 -1595
-1220 5533 16848 -120 1042 -1684
-2021 5868 17105 -358 966 -1825
-2593 6530 17058 -1077 1007 -1916
-2898 6605 16733 -2005 1476 -2002
-3249 6538 16384 -2925 1779 -1993
-3180 6081 16377 -3581 1707 -1989
-3200 5785 16418 -3953 1312 -1770
-3132 5454 16478 -3930 774 -1780
-3025 4846 16556 -3279 646 -1977
-3632 4097 16056 -1789 1092 -2099
-3566 4826 15728 452 2324 -1947
-2976 4997 15946 1401 3603 -982
-3236 6172 15740 424 4144 -196
-3640 7077 15961 -2435 3656 -480
-3846 6978 16296 -5821 2675 -1410
-3598 6145 16470 -8295 1390 -2532
-2868 5072 16452 -9075 436 -3110
-2965 4288 16749 -8460 -260 -2730
-3173 3188 16921 -6294 -728 -2272
-2908 2577 16993 -3153 -387 -1565
-2874 2716 17136 -558 -138 -713
-2778 3733 17348 927 -222 -97
-2956 4492 17601 1068 -622 -194
-3058 4490 17865 527 -951 -485
-3049 4614 17697 -217 -596 -909
-2778 4445 17208 -562 313 -1433
-2152 4617 16809 -228 1183 -1589
-1574 4640 16588 39 1798 -1777
-1516 4368 16705 298 2004 -1429
-1977 4870 16841 450 1401 -1093
-1762 4566 17037 290 730 -1013
-1821 4589 16937 178 -4 -1275
-1928 4829 16817 -179 -284 -1469
-1957 4837 16829 -370 -397 -1358
-2424 4949 16794 -589 -681 -1147
-2934 4896 16921 -696 -986 -972
-3270 5062 16817 -804 -1088 -550
-3062 5136 16410 -1071 -574 -334
-3002 4850 16497 -711 26 -415
-2841 4581 16588 48 520 -546
-3108 4482 16318 957 965 -259
-3296 5186 16154 1307 1771 471
-3326 5934 16341 853 2237 1380
-3008 6137 16509 -1095 2198 1929
-2565 6008 16500 -3496 1728 1772
-2586 6306 16966 -6395 742 1062
-2233 5141 17636 -8659 -1229 -59
-1809 4724 17526 -9373 -2019 -1118
-1638 1884 16892 -6970 -40 -1442
-2494 -650 17049 -2789 2475 -490
-3276 113 17410 634 2923 1366
-2782 2010 17117 3061 2556 2431
-2653 2994 17110 4524 2628 2480
-3744 4172 17377 4216 3051 2186
-5084 4992 17632 2136 2800 1432
-5577 5244 17421 -180 2467 904
-4989 5034 17401 -1127 2345 597
-4304 4458 17584 -1482 2393 196
-3809 4082 17790 -1328 2516 199
-3429 3914 17926 -439 2395 -23
-3022 3462 17726 883 2226 -169
-2640 2901 16932 2450 2729 -489
-2949 3730 16132 3084 3271 -908
-3362 4620 15688 3236 2917 -544
-3753 5370 15584 2386 2385 -357
-4617 5518 15522 1463 1905 -279
-6445 5809 15578 770 852 -81
-6101 5992 15625 -337 -301 270
-4970 5940 15676 -1783 -1080 667
-4392 5398 15842 -2967 -1393 621
-4402 4670 15889 -3245 -1510 567
-4190 4290 15729 -2857 -1321 275
-4118 4076 15524 -1981 -1001 96
-4413 4240 15376 -1373 -443 -138
-5352 4202 15236 -715 162 -389
-6094 4652 15356 295 609 -648
-6805 5293 15350 480 793 -523
-6926 6089 15292 200 788 328
-6708 6201 15318 61 1278 966
-5732 6498 15346 -689 1965 1642
-4544 5889 15213 -2665 2368 1889
-4614 6102 15570 -6084 1471 1031
-5350 6492 15984 -9111 -911 0
-4416 5121 16156 -9678 -2385 -432
-2786 2453 16004 -7081 -2034 -558
-2634 1437 15958 -3382 -350 134
-3996 2021 15901 -433 66 1283
-4580 2592 15844 2287 86 1737
-4269 3481 16193 4077 201 1631
-4070 4033 16393 4896 798 1314
-4340 5053 16148 4472 1570 768
-4921 5952 16060 2704 2263 -193
-5025 6089 16237 735 2621 -1165
-4106 5085 15924 -102 3838 -1567
-3174 5283 15729 538 5042 -1285
-3127 5053 15574 1149 4906 -678
-3781 5538 15504 1234 3423 -557
-4140 5688 15450 1087 1415 -481
-4877 6271 15398 228 21 -630
-5776 6828 15226 -1020 -743 -767
-5702 6655 14987 -2068 -526 -1001
-4736 6144 14638 -2850 432 -968
-4180 5826 14444 -3358 1346 -575
-4077 5832 14510 -3769 1823 -348
-3946 5556 14468 -4006 2335 -394
-3768 5428 14582 -4386 2651 -539
-3557 5282 14417 -4815 2727 -675
-3581 5260 14658 -5228 2750 -860
-3821 5173 14901 -5670 2574 -963
-3857 5034 15116 -6047 2215 -1125
-3758 4760 15380 -6236 1879 -1217
-3821 4528 15496 -6311 1722 -1140
-4000 4317 15653 -6418 1690 -1089
-4092 4253 15780 -6704 1793 -1041
-4238 4078 15930 -7085 1892 -1007
-4336 3976 16193 -7534 1926 -979
-4345 3762 16401 -7878 1958 -1030
-4492 3320 16677 -8014 2044 -1064
-4636 2917 16762 -7927 2031 -1027
-4840 2421 16840 -7625 2035 -966
-5154 2260 16822 -7180 1919 -811
-5237 1894 16826 -6873 1560 -564
-5269 1585 16784 -6596 1016 -398
-5268 1332 16781 -6357 394 -387
-5302 1161 16806 -6176 -115 -501
-5314 926 16941 -6037 -415 -542
-5396 660 17004 -5858 -509 -620
-5210 329 17056 -5651 -433 -644
-5181 32 17065 -5298 -321 -700
-5222 -197 16917 -4860 -108 -735
-5164 -344 16718 -4345 91 -762
-5073 -469 16584 -3759 381 -748
-4954 -850 16606 -2755 804 -546
-4878 -1018 16558 -1559 1167 -404
-4985 -1112 16410 -631 1139 -440
-5193 -1306 16478 411 990 -666
-5234 -1137 16204 1636 649 -873
-5414 -724 16218 2170 316 -1661
-5356 -700 16286 2131 384 -2211
-5405 -181 16317 1867 525 -2447
-5494 588 16516 1267 539 -2462
-5568 1046 16626 491 766 -2452
-5510 1172 16592 -331 1053 -2285
-5417 1085 16588 -1102 1287 -1972
-5305 708 16334 -1507 1473 -1826
-5238 333 16257 -1491 1619 -1611
-5244 138 16229 -1208 1721 -1426
-5182 328 16166 -959 1548 -1359
-5232 505 16165 -933 1246 -1311
-5204 457 16213 -1008 1053 -1338
-5292 554 16260 -996 1048 -1472
-4940 224 16225 -920 1310 -1698
-5128 124 16300 -737 1746 -1844
-5577 94 16333 -538 2096 -1875
-5812 272 16192 -488 2150 -2035
-6080 450 16150 -521 2044 -2205
-6356 629 16057 -573 1843 -2363
-6319 488 16073 -546 1546 -2295
-6525 369 16044 -367 1327 -2193
-6792 538 16036 -255 982 -2158
-6857 639 16060 -221 581 -2156
-6592 753 15918 -166 199 -2077