10357 368 9864 -7123 789 4524
10609 1161 10912 -11710 416 4428
10754 1512 11512 -17234 -165 4162
10957 1177 11498 -22500 -835 3677
11257 158 10389 -27170 -1562 3281
11494 -1549 9088 -29922 -2014 3470
11625 -3436 8020 -29163 -2718 3998
11846 -4432 7824 -26248 -2944 4532
11878 -3853 7517 -22909 -2667 5389
12078 -3676 8084 -19994 -2798 6101
11989 -3410 8145 -17815 -3117 6164
12042 -2976 8149 -16713 -3053 5895
12109 -3406 7520 -15930 -2704 5596
12008 -4242 6920 -14277 -2339 5140
11940 -4544 6334 -11932 -2248 5011
11829 -5261 5992 -8435 -2665 4931
11821 -5312 5649 -4639 -3120 4847
11834 -4784 5841 -1594 -3439 4695
11789 -4742 5889 394 -3608 4607
11801 -4632 5908 1535 -3536 4414
11709 -4285 6350 2011 -3028 4060
11625 -4390 6660 1926 -1953 3747
11532 -4648 6905 1382 -662 3510
11121 -5018 6777 234 385 3478
10876 -5182 6740 -1178 1034 3554
10700 -5164 6977 -3049 1271 3767
10446 -5308 7252 -4787 1187 3804
10316 -5818 7252 -5951 612 3773
10310 -6681 7360 -6094 -76 3833
10386 -7190 7554 -5660 -695 3839
10397 -7426 7992 -5237 -1015 3735
10444 -7374 8016 -4958 -1155 3450
10554 -6861 8098 -5021 -1964 3034
10346 -10996 8016 -2777 -2768 661
10356 -9196 8110 -721 -3152 1477
11241 -8954 7869 292 -2957 681
11109 -8556 7792 612 -3108 149
11768 -7997 7704 731 -3015 -583
11934 -7786 7657 -11 -2804 -858
12102 -7458 7410 -848 -2446 -959
12036 -7008 7172 -1556 -2152 -901
11933 -6922 6793 -2149 -2061 -1101
11786 -7397 6289 -1898 -2208 -1227
11593 -7744 5896 -641 -2242 -1397
11192 -8188 5241 1533 -2434 -1794
11022 -9069 4876 4970 -2581 -2504
10958 -9178 4433 8808 -2311 -3405
10334 -9901 3996 12371 -1540 -4709
9912 -10353 3217 15749 -713 -6347
9654 -10858 2480 20053 -13 -8293
9202 -10365 1458 24817 434 -10259
8825 -9826 840 30826 706 -12209
9057 -8397 1342 32767 1553 -14161
9000 -6278 1993 32767 2405 -15884
9225 -5125 3469 32767 2992 -17763
9377 -3028 4322 32767 3566 -19704
9230 -1465 5097 32767 4943 -22030
9222 -105 5270 32767 6795 -24037
9257 1113 5078 32767 8556 -25621
8761 1612 5108 32767 9989 -27163
8162 2824 4993 32767 11391 -28036
7148 4326 4518 32767 12338 -28540
6244 6266 4232 32767 13638 -28565
5764 8558 3981 32767 14380 -28287
5032 9910 4290 32767 13802 -27640
4998 11282 4550 32146 13141 -26723
4677 11294 4245 27244 12681 -25616
4276 11306 4045 21352 12575 -24380
3936 11648 3958 15730 12048 -23392
3150 11640 3221 10361 10699 -22243
2526 12189 2858 5790 9390 -21395
2386 13386 3892 1597 9060 -20561
2680 14270 5557 -2848 9528 -20131
2802 13998 6930 -7226 10566 -19698
2576 13414 7961 -10414 12135 -19085
2617 12524 8549 -11144 13774 -18640
2049 11325 9249 -8695 15229 -18630
1270 11297 9946 -4945 15899 -19141
692 12128 11234 -1476 16070 -19662
636 13125 12632 -12 15802 -20198
570 14045 13832 -762 15170 -20427
469 14626 15253 -3125 14739 -20246
170 15490 16585 -8463 14517 -19133
-29 17437 16704 -15582 14271 -16709
-841 18412 17042 -22163 14080 -14508
-1406 18712 18658 -28394 13452 -13910
-1453 18334 19598 -32768 12138 -13695
-1266 15133 19225 -32768 10175 -13767
-1953 11544 20438 -31289 8910 -14392
-1954 11097 22236 -28041 7616 -13205
-1637 11510 23776 -28076 6403 -11094
-1757 11628 23908 -29377 4810 -9038
-1504 10946 23104 -29344 3963 -7156
-1596 9032 23140 -27752 3699 -6622
-1340 7740 23170 -25092 4402 -6512
-1436 6176 24357 -21575 3921 -7514
-1753 4566 24248 -19524 2880 -8226
-2341 4661 23938 -18386 1984 -8443
-2545 5704 22958 -18558 1841 -8749
-2582 5556 21932 -18642 1567 -8744
-2861 5620 21309 -17963 2092 -9208
-2934 5177 20794 -16915 2314 -9575
-3049 3637 20224 -14006 2488 -9745
-3293 2985 20336 -10535 2800 -9294
-3588 4398 20449 -8851 3112 -8997
-3752 5640 20065 -9570 2717 -8827
-3818 6006 19649 -12370 2224 -8650
-3705 5966 18876 -15920 1878 -8447
-3676 4624 18133 -18522 1428 -8221
-3089 3177 18252 -18920 1990 -8319
-3042 2536 17904 -18615 2955 -8321
-2952 1793 17694 -18092 4342 -8072
-3057 1920 17425 -18600 6285 -7740
-3372 2504 16824 -20706 7535 -7385
-3624 1626 16206 -22593 8804 -6642
-4062 690 15249 -22712 8624 -6262
-4445 -1432 14418 -19895 8151 -5972
-4714 -2605 13548 -13981 6715 -6423
-4744 -3420 13338 -6207 5730 -7207
-4618 -2764 13725 1528 5599 -8279
-4780 -960 14252 7421 5776 -9760
-4828 978 14585 10527 5917 -11328
-5108 2394 14786 11392 5536 -12298
-5413 3281 15330 11060 5236 -12347
-5497 3840 16200 10017 5056 -11594
-5305 3756 16870 9185 4738 -10462
-5337 3801 17154 8560 4236 -9037
-5458 3556 17069 7968 4099 -7351
-5546 3572 16812 7561 4103 -5638
-5393 3772 16926 7194 4065 -4253
-5484 3916 16870 5989 3810 -3313
-5530 3788 16938 4505 3641 -2615
-5558 3380 16860 3267 3699 -2054
-5722 2740 16832 2505 3755 -1528
-5732 2070 16946 2183 3553 -1035
-5974 1425 16964 1966 3227 -531
-6134 801 16986 1955 3098 -70
-6141 430 17097 2043 3044 161
-6274 321 17092 2021 2695 195
-6276 212 17128 1972 2256 159
-6264 125 17148 1892 1908 56
-6244 -26 17258 1860 1466 -119
-6222 -232 17102 1843 1008 -287
-6066 -369 17088 2044 593 -450
-6072 -356 17046 2199 337 -479
-6010 -317 17009 2323 191 -504
-5920 -71 16937 2257 -76 -454
-5786 268 17052 1908 -266 -404
-5698 360 16964 1570 -430 -370
-5602 229 16892 1350 -684 -349
-5388 281 16753 1347 -846 -334
-5309 282 16665 1461 -858 -306
-5122 369 16634 1570 -895 -331
-4962 523 16395 1695 -948 -423
-4862 581 16193 1746 -977 -380
-4712 509 16092 1942 -991 -279
-4584 576 16201 2113 -967 -238
-4528 778 16240 2003 -813 -206
-4449 857 16266 1745 -645 -199
-4360 958 16385 1586 -414 -251
-4276 1089 16454 1408 -178 -286
-4278 1186 16521 1094 69 -315
-4405 1096 16408 795 166 -242
-4298 1110 16380 571 139 -131
-4628 826 16351 369 157 -43
-4629 588 16450 626 231 -39
-4932 648 16180 1012 107 -161
-5076 932 16192 1335 -137 -250
-4954 1098 16277 1398 -420 -283
-4974 1104 16216 1384 -653 -275
-5098 1300 16281 1085 -829 -218
-4968 1436 16231 694 -922 -181
-4866 1401 16045 509 -1050 -175
-4858 1310 15980 604 -1129 -125
-4827 1404 15834 606 -924 -77
-4797 1526 15696 509 -637 -5
-4701 1397 15718 306 -435 178
-4646 1390 15692 38 -219 361
-4600 1556 15800 -338 69 504
-4638 1574 15840 -786 294 567
-4625 1498 15925 -1157 510 611
-4596 1382 15985 -1276 755 643
-4610 1200 15996 -1194 1050 647
-4624 1156 16037 -1053 1225 640
-4590 1212 16102 -1012 1195 688
-4670 1066 16186 -1079 1180 706
-4789 1046 16284 -1096 1326 701
-4918 820 16409 -1001 1399 629
-5057 701 16538 -944 1252 539
-5154 701 16448 -808 1016 420
-5310 682 16542 -534 697 381
-5259 750 16509 -200 277 301
-5131 824 16440 49 -39 204
-5090 814 16380 100 -413 121
-5505 869 15913 185 -665 66
-5001 1166 16136 264 -706 72
-4977 1094 15942 86 -765 -14
-4716 1353 15969 -192 -693 -8
-4657 1674 15876 -476 -569 -93
-4729 1436 15681 -563 -653 -51