9206 3709 14689 2875 1366 -1478
9286 3714 14454 3330 1508 -1368
9145 4152 14250 3528 1509 -1418
8912 4561 13996 3084 1073 -1275
8916 4922 13765 2108 666 -1139
8817 5076 13693 1139 480 -1144
8396 5105 13585 281 213 -853
8270 5056 13534 -554 46 -495
8086 4989 13645 -778 -24 -239
7937 4958 13590 -715 109 -167
7555 5330 13694 -933 -88 9
7549 5346 13832 -1135 -475 -141
7624 5220 13820 -928 -649 -131
7741 5106 13566 -862 -671 77
7684 5390 13524 -1220 -673 235
7626 5620 13622 -1845 -802 405
7761 5388 13825 -2255 -913 712
7818 5268 13984 -2556 -1001 738
7964 5210 14256 -2654 -1069 732
8162 4952 14424 -2362 -1004 725
8404 4657 14573 -1974 -838 699
8486 4613 14476 -1481 -648 658
8592 4630 14337 -1114 -652 510
8614 4706 14233 -914 -777 366
8485 4920 14069 -1140 -1078 327
8550 4889 14153 -1674 -1485 349
8761 4644 14354 -2257 -1817 484
8764 4730 14621 -3136 -2126 792
9014 4584 14812 -4138 -2315 958
9140 4325 15142 -4923 -2326 986
9496 3642 15289 -4755 -1953 762
9716 2977 15230 -3607 -1395 319
9490 2673 15150 -2370 -1050 198
9536 2764 15020 -1230 -872 184
9480 3221 14970 -660 -923 -27
9380 3596 14648 -484 -1091 -102
9525 3385 14553 -420 -1037 -218
9678 2893 14664 87 -779 -458
9728 2500 14362 955 -430 -594
9797 2122 14004 2362 91 -1036
9748 1748 13604 4217 658 -1581
9889 1490 13076 6467 1384 -2338
9642 1964 12504 8321 1972 -2929
10140 1421 12305 10214 3056 -3727
9778 1721 12002 11974 4129 -4342
9774 2008 11966 13398 5267 -5209
10305 1484 12357 15651 6854 -7150
9678 1558 12664 18036 8016 -9468
9440 1829 13106 20356 8877 -11332
8837 2809 12992 22452 9744 -12493
8146 3882 12861 23586 10217 -12930
7348 4613 12432 24454 10485 -13017
7242 4062 12440 27105 11522 -14184
6585 3345 12274 31398 13006 -14883
5280 4809 11408 32767 14011 -15134
4540 5817 9594 32767 14494 -15400
2893 7386 7744 32767 14064 -15409
2114 8300 6762 32767 12881 -14688
962 10492 5620 32767 10909 -13623
-408 12404 4765 32767 8278 -12411
-185 12940 4010 32767 5861 -11254
-13 12574 2908 31868 5063 -10640
-112 12978 2002 30480 4730 -10267
292 12434 1273 29811 5217 -10403
-308 13206 725 28054 5481 -10299
-764 14253 344 25290 5396 -9963
-872 14510 157 21931 5065 -9481
-1241 15274 53 18258 4643 -8923
-1030 15596 185 14569 4356 -8457
-917 15392 600 11818 4410 -8367
-1246 15313 818 9945 4470 -8381
-1634 15358 789 8672 4461 -8663
-2076 15588 1000 7725 4426 -9042
-2061 16134 1608 6890 4780 -9382
-2240 16953 2184 5858 5186 -9568
-2165 17560 2646 4727 5617 -9624
-1961 17526 2941 4406 6299 -10008
-2022 17448 3266 4623 6829 -10557
-2577 18456 3701 4661 6779 -11174
-2616 19636 4366 3859 6316 -11581
-2968 20172 4740 2464 5587 -11726
-3546 20886 4948 234 3935 -11333
-3149 20757 5518 -1854 2426 -10851
-2237 19357 6065 -2114 2099 -10802
-3110 19905 6233 -2347 1305 -10709
-2806 19658 6701 -2421 226 -10975
-3368 20504 7116 -3912 -836 -11413
-4240 22822 7788 -9023 -3040 -10800
-3497 23378 8418 -16444 -5357 -9776
-3320 22600 9169 -24361 -7009 -8341
-3762 22301 9680 -31504 -8597 -6648
-1401 17544 11142 -32144 -8133 -6855
-2320 15812 12012 -29036 -6565 -8463
-3125 15654 13192 -25807 -7051 -9468
-2997 15789 14165 -24369 -8119 -9701
-3233 16492 14672 -25065 -9282 -8857
-3224 17022 15196 -28385 -10430 -7101
-3630 17474 15650 -32318 -12107 -5353
-3298 16086 16264 -32768 -13400 -3668
-3086 14797 16694 -32768 -14171 -1644
-937 11561 17962 -32768 -12402 -1468
25 9532 19313 -32285 -10046 -2936
-481 8204 19993 -27989 -8776 -3485
-802 8964 20718 -23654 -8121 -3901
-1609 10108 20928 -21673 -7998 -3561
-2234 11977 20716 -22983 -8288 -2476
-2978 13264 20756 -26128 -9955 -685
-2854 14034 20550 -30677 -12485 1293
-2293 12204 20100 -32768 -14189 3215
-1009 10140 19704 -32768 -13926 4615
-213 8736 19510 -32768 -13651 4839
348 7132 19164 -32385 -12645 3536
498 5545 18789 -28479 -11576 1999
630 4796 18782 -23331 -9944 141
464 4562 18868 -18308 -8499 -1769
422 5097 18800 -14273 -7123 -3422
-192 6254 18758 -12289 -6208 -4496
-204 6708 19186 -11460 -5416 -5141
-528 7057 19413 -11330 -4902 -5010
-1076 7297 19492 -11878 -4787 -3718
-1034 7196 19406 -12249 -4688 -2537
-1374 6964 18921 -12433 -4882 -1265
-1149 6568 18385 -12151 -4887 -578
-860 5694 18232 -10984 -4874 -609
-825 5610 18136 -10081 -5147 -717
-814 6106 17784 -10067 -5206 -646
-510 6550 17905 -11220 -4964 -94
-672 8056 17673 -14269 -5003 1269
-212 7808 17544 -16528 -4973 2225
438 5610 17176 -16767 -4071 3188
692 2061 16573 -10979 -2445 2844
700 1134 16426 -4961 -1888 1296
919 707 16463 -162 -1620 -354
1115 880 16611 3170 -974 -1454
909 1470 16831 3318 -710 -1409
747 1335 17061 2026 -681 -818
632 960 17100 1277 -456 -465
191 393 16714 1178 -569 -84
207 -314 16425 1933 -807 7
459 -749 16266 2811 -915 -80
721 -821 16060 3475 -789 -214
941 -752 15948 3431 -636 -227
1345 -758 15960 3211 -344 -355
1466 -816 15921 2998 -2 -423
1500 -461 15728 2415 134 -284
1672 -412 15748 1727 126 -234
1916 -506 15614 1330 297 -131
1990 -576 15528 1153 397 -46
1978 -303 15286 741 280 27
2132 -148 15467 184 173 -19
2144 80 15522 -287 185 -86
2173 411 15662 -1061 10 80
2426 436 15812 -1515 4 438
2500 558 15644 -2363 -141 1029
2658 266 15596 -3028 -365 1487
2952 29 15542 -3422 -262 1555
2873 70 15536 -3854 -307 1541
2901 -72 15569 -4062 -366 1235
3016 -500 15793 -3828 -192 910
3016 -345 16228 -3143 245 531
2941 -132 16409 -2355 499 196
2862 58 16765 -1618 657 -19
2612 332 16919 -1133 729 -39
2212 428 16981 -1158 453 153
2188 370 17058 -1333 97 232
1908 -82 16929 -1164 -270 286
2068 -110 16901 -721 -495 232
2437 -246 16687 194 -463 0
2688 -186 16385 1130 -399 -307
2926 148 16344 1627 -344 -549
3150 661 16420 1607 -178 -631
3236 1078 16470 1106 55 -492
3206 1316 16580 309 161 -207
3173 1188 16659 -476 126 116
3213 697 16957 -818 129 428
3116 660 17254 -1082 119 663
3004 421 17546 -845 138 625
2620 32 17589 -212 -23 544
2616 60 17542 121 -262 385
2406 -27 17512 275 -284 432
2196 -57 17298 338 -450 482
2083 -340 17269 512 -554 589
1978 -451 16993 748 -838 688
2154 -470 16849 987 -1083 693
2245 -473 16668 1204 -1102 637
1832 -660 16192 1228 -1364 694
2221 -165 16037 702 -1498 526
2716 -620 15928 691 -1041 435
2829 163 15850 406 -543 428
2851 202 15905 -159 -149 520
2793 180 15980 -496 67 716
2746 105 16125 -525 72 906
2616 -102 16426 -115 19 993
2434 -219 16889 355 -256 940
2366 -199 17330 882 -592 652
2520 -313 17474 1211 -947 403
2892 -170 17504 1428 -1116 215
3120 126 17636 1574 -1135 24
3200 542 17641 1414 -1113 -51
3144 861 17306 957 -1203 -63