3635 4339 15834 3384 -13114 15364
3609 4325 14828 3304 -14136 15628
3773 4505 13884 3125 -14733 15849
4437 4201 12958 2607 -14605 15940
4954 4024 12430 2136 -14001 16075
5344 4110 11894 1905 -12948 15807
5328 4154 10919 1658 -11738 14993
5434 3540 9589 1066 -11103 14437
5570 3256 8921 554 -10671 14033
5550 2930 8302 177 -10535 13943
5716 2430 8058 -301 -10557 13697
6206 1936 7834 -299 -10475 13325
6673 1300 7255 425 -10274 12874
7568 944 6750 1658 -9720 11992
8267 778 6743 2465 -8772 10916
8578 694 6429 2589 -7834 9462
8976 88 6505 2816 -6822 8084
9142 34 6973 2912 -5518 6834
9382 669 7252 2139 -4461 5998
9972 1000 7648 987 -3569 4900
10033 1126 7821 -85 -2662 3881
9967 268 8199 -940 -2005 2300
9464 487 8901 -3089 -877 782
9824 -337 10144 -3196 -117 -139
9808 -302 10754 -1322 273 -450
9300 815 11037 270 225 -424
9010 2178 11472 72 99 -312
9394 2746 12110 -564 84 -368
9581 3087 12502 -1163 78 -401
9599 3361 12594 -1986 -135 -226
9722 3630 12354 -2267 -529 -148
10068 3728 12198 -2300 -803 -121
10558 3568 12245 -1710 -764 -197
10946 3294 12500 -388 -144 -76
11208 3534 12550 697 272 -263
11189 3726 12534 1605 568 -490
11170 4209 12689 1729 864 -620
11077 4724 12853 1034 1002 -606
10933 4872 12874 -4 815 -433
10866 4809 12836 -1114 392 -254
10854 4698 12805 -1892 19 -3
10819 4423 12551 -2352 -563 358
11166 4206 12406 -2373 -1171 694
11362 4095 12520 -2349 -1056 823
11656 3468 12770 -1518 -448 378
11470 3304 12880 -515 11 164
11349 3634 12744 473 425 -250
10978 4003 12273 422 381 -182
10833 4389 12177 -117 201 -28
10766 4385 12125 -773 85 78
10860 4141 12276 -1263 16 108
10937 3971 12183 -1466 41 29
10978 3733 11965 -1410 170 0
10896 3432 11821 -1227 330 57
11042 3271 11751 -715 608 8
10919 3553 11893 -409 912 -33
10780 3627 12076 -477 943 11
10781 3754 12244 -771 730 -87
11056 3409 12422 -789 479 -212
11262 3045 12386 -485 432 -354
11360 2632 12381 182 458 -562
11380 2377 12308 815 550 -718
11554 2368 12221 1153 728 -953
11654 2096 12216 1342 919 -1207
11926 1549 12312 1892 1308 -1657
12134 1158 12138 3230 1959 -2217
12320 346 12122 5124 2508 -3144
12225 180 11929 7410 3191 -4175
12470 -650 11846 10595 4101 -5583
12496 -918 11652 14424 5406 -7276
12206 -761 11180 18748 7423 -9217
12114 -1085 10633 24261 9976 -11508
11541 -784 9912 30552 12528 -13729
10382 640 9112 32767 14597 -15295
9830 1777 8376 32767 16825 -16480
9225 2580 7526 32767 19490 -17548
8009 3521 6790 32767 21630 -18106
6602 5310 5558 32767 23381 -18209
5356 6450 4368 32767 24849 -18420
3893 7930 3049 32767 25485 -18281
2410 9672 1877 32767 25151 -17278
1176 11294 889 32767 24286 -16052
-148 13408 -2 32767 21923 -15193
-861 14984 -298 32767 18647 -13518
-1524 16324 -549 32767 14795 -11926
-1626 16498 -682 29603 11281 -10694
-1416 16248 -625 23807 8623 -9816
-902 15692 -169 19722 7258 -9057
-357 14818 -341 18203 7095 -9096
-749 14689 -384 17634 6598 -9198
-752 14872 -516 17504 5951 -9166
-880 14936 -734 16901 4367 -9225
-1213 14897 -929 14966 2406 -8635
-1783 16354 -959 11571 393 -8023
-2497 17830 -767 6663 -1495 -6944
-1508 16813 -128 3924 -2240 -6606
-1218 15766 320 4629 -1368 -7023
-1635 15719 711 6497 -2805 -5945
-2821 17166 805 6550 -6143 -4925
-3772 19755 1250 2182 -12493 -2920
-4330 24380 2166 -11326 -19914 -944
-3837 28318 4326 -28427 -24702 1754
-437 27282 6636 -32768 -24435 4460
1514 27573 8944 -32768 -20683 7499
1818 26706 10332 -32768 -18513 12231
3622 21496 11318 -32768 -16278 14773
1753 20700 11116 -32768 -16263 17986
2156 15834 10756 -32768 -18385 20679
4832 10372 11978 -32768 -18288 18670
6436 7130 13457 -32768 -15385 17050
8922 4521 14877 -32768 -10993 13561
9954 4001 16193 -32768 -6853 8457
9670 3134 16902 -27023 -3251 3909
9168 3832 18316 -18954 -106 662
7609 6454 19074 -15712 828 -79
7688 8252 19258 -17647 1550 614
7224 8044 19649 -21273 3799 2488
7509 7506 18998 -25066 3263 4100
7464 5761 18670 -26263 2955 5257
8162 3609 18394 -25875 2224 4974
7826 2420 18600 -24116 2244 3872
7541 2146 18857 -22162 2761 2358
7512 2266 18673 -20011 3884 -236
6666 1720 18792 -17326 5687 -1713
5837 2572 19072 -16213 7003 -1880
6060 2505 19405 -16489 8421 -1367
5696 2873 19950 -18123 9501 -553
5052 2741 20148 -19327 10606 1006
5070 1988 20236 -20465 12020 1806
5064 1045 20193 -20953 13596 1553
5030 -4 20208 -20564 14749 423
5045 -1292 20409 -19988 15651 -1136
4793 -1960 21416 -18691 16289 -2794
4109 -1878 22272 -17375 17251 -4056
3830 -1641 22888 -17365 17794 -5402
2754 -1558 23225 -18103 17747 -5565
1682 -1850 23058 -18300 16560 -6230
406 -2585 22346 -17319 15178 -7093
-229 -2797 22153 -15511 13950 -8231
-948 -2629 22216 -13350 12499 -9548
-1453 -2716 22184 -11030 10846 -10033
-2174 -2222 22110 -8834 8966 -9721
-2652 -1245 21888 -7535 6567 -9156
-2540 54 21684 -7064 4240 -8691
-2292 741 21412 -6921 2499 -8524
-1928 793 20966 -6445 1455 -8452
-1873 961 20273 -5808 601 -8269
-1930 1302 19424 -5201 -183 -8061
-1990 1333 18385 -4475 -799 -7906
-1986 1478 17550 -3515 -1242 -7693
-1801 1489 16674 -2696 -1551 -7393
-1581 1572 16004 -1883 -1562 -7086
-1545 1594 15156 -997 -1269 -6617
-1762 1622 14553 -468 -1050 -5669
-1913 1465 14010 -527 -1395 -4469
-1926 1492 13570 -901 -1884 -3124
-1546 1392 13250 -1156 -2152 -1869
-1077 1057 12889 -1443 -1973 -901
-700 680 12766 -1719 -1571 -174
-438 152 12648 -1840 -1130 387
-296 -297 12733 -1688 -646 807
-264 -486 12636 -1488 -251 1181
-208 -865 12605 -941 311 1596
-138 -1340 12701 -779 732 2078
-98 -1444 13118 -513 1011 2458
-125 -1438 13309 -398 1213 2798
17 -1774 13670 -235 1562 3039
70 -2088 14102 -251 1763 3193
5 -2225 14210 -153 1953 3284
-80 -2460 14210 -220 2094 3133
-218 -2653 14374 147 2315 2858
-350 -3053 14474 494 2541 2540
-357 -3378 14790 619 2621 2221
-300 -3692 15084 920 2750 1871
-358 -3618 15236 939 2858 1543
-258 -3928 15629 956 3150 1372
-434 -3936 16001 563 3255 1312
-744 -4126 16176 -182 3004 1429
-937 -4353 16092 -852 2614 1440
-946 -4732 16084 -1171 2304 1483
-797 -5010 16018 -966 2094 1460
-813 -5258 15973 -806 1816 1342
-632 -5353 16037 -572 1619 1221
-428 -5310 16038 -362 1556 878
-337 -5177 16070 -309 1499 517
-369 -5209 16021 -287 1645 269
-432 -5253 16013 -427 1644 73
-522 -5057 16106 -398 1479 -84
-577 -4888 16112 -328 1216 -299
-521 -4954 16241 -247 1018 -492
-437 -4748 16190 -147 839 -609
-619 -4480 15968 90 737 -731
-820 -4797 15600 548 396 -810
-612 -4267 15434 445 -143 -796
-664 -4405 15245 622 211 -850
-536 -4046 15291 429 43 -907
-505 -3856 15335 285 182 -909
-334 -3818 15386 -1 301 -894
-319 -3569 15254 -112 431 -798
-458 -3236 15133 -339 268 -870