-2321 14041 22753 19466 -5215 8820
-2258 13600 21693 18118 -5226 9459
-2200 13206 20765 17666 -4720 9853
-1665 11910 19649 17819 -4139 9489
-2777 12444 18632 17007 -4384 10179
-3274 13800 18573 14938 -6579 11153
-2960 13812 18212 12179 -9079 12148
-1908 13072 18533 9042 -10549 13622
-1373 13568 18165 5818 -11988 14963
-897 13113 17644 3208 -13250 15288
-414 11993 16430 1685 -13886 15036
-141 11098 15416 1346 -13618 15116
513 9692 14781 1433 -12381 15338
1816 6940 14572 2666 -10172 15914
2374 7346 13662 3902 -7782 16491
1356 8632 12701 3396 -6974 16703
1412 8672 12273 2915 -7498 16100
1782 8438 11616 2226 -7854 15489
2182 9110 11214 618 -7788 15081
2848 8616 11140 -1294 -7183 14723
2648 8084 11190 -2617 -6994 14676
3101 7081 10889 -3292 -6945 14505
3246 6570 10490 -3509 -7140 14493
3796 5636 10242 -3092 -7326 14402
3992 5282 9766 -2321 -7465 14171
4040 5037 9304 -1827 -7828 14144
4636 4862 8972 -1535 -8092 14100
5005 4825 8953 -1750 -7928 13806
5173 5045 8724 -2806 -7761 13651
5385 5358 8530 -4120 -7444 13278
5136 5352 8220 -6035 -7111 12585
5281 4942 7804 -7749 -7017 12267
5942 4132 7652 -8788 -6903 11851
6529 3048 7473 -8688 -6619 11225
7078 2265 7585 -8078 -6279 10602
7354 2542 8305 -7776 -5861 10104
8104 2792 8682 -7951 -5280 9496
8349 2877 8917 -8508 -4758 8565
8460 2692 9094 -8761 -4673 7751
8781 2616 9086 -8938 -4417 6987
9080 2492 9304 -9212 -4101 6190
9561 2308 9898 -8863 -3884 5227
9780 2472 10377 -8219 -3587 4413
10344 1934 10628 -7156 -3348 3474
11013 894 10832 -5876 -2523 1986
10904 753 11118 -4339 -1402 858
11068 668 11181 -2591 -2 -164
10872 718 11369 -778 1053 -665
10356 1793 11326 121 1364 -978
10024 2582 11406 741 1241 -1418
10046 2669 11290 1174 1108 -1442
10297 3568 11521 1495 1209 -1236
10096 4805 11762 895 1160 -970
10078 5590 11793 -455 1031 -641
10148 5894 12001 -1630 837 -443
10188 5764 12137 -2314 698 -312
10306 5434 12105 -2266 750 -234
10552 5169 12342 -1541 915 -381
10496 5184 12521 -701 1066 -373
10381 5234 12590 -9 1160 -180
10192 5605 12900 13 908 -22
10228 5646 13198 -197 436 76
10324 5272 13292 -595 -165 320
10394 4673 13153 -579 -856 480
10352 4456 12862 -287 -1277 422
10610 4232 12630 -73 -1354 431
10797 4101 12481 57 -1170 355
11180 3440 12486 359 -653 248
11410 3253 12701 632 18 205
11640 2921 12884 509 669 244
11889 2338 13020 822 1186 163
11933 1725 12877 1151 1579 -218
12001 1313 13065 1521 1511 -537
12330 1021 13358 1837 1304 -972
12481 494 13750 2306 936 -1703
12965 -681 14298 3817 713 -2658
13333 -1813 14458 7154 949 -3769
13044 -2301 14402 11575 1120 -4690
13266 -2749 14353 17298 1870 -5895
13248 -2254 13952 23961 2906 -7115
12905 -1576 13622 30625 4290 -8274
12349 -748 12892 32767 5906 -9341
11556 1150 12114 32767 7206 -10360
10054 4118 11025 32767 7297 -10879
9050 6476 9953 32767 6282 -11318
8437 7558 8816 32767 5053 -12024
8054 7396 7805 32767 4221 -13051
7245 7208 6602 32767 3292 -14235
6093 8328 5550 32767 1720 -14914
6432 7677 4741 32767 689 -15756
5958 7638 3609 32767 377 -16358
5186 8874 2294 32767 -118 -16658
4562 9264 1014 32767 -489 -17092
3352 9673 -370 32767 -645 -17423
2733 10588 -1718 31135 26 -17945
2164 10812 -2801 28927 1550 -18325
828 12249 -3661 25888 2903 -18665
-22 13117 -3933 22692 3678 -18610
-968 14397 -4678 18632 3794 -18117
-1854 14261 -5337 15237 3519 -17436
-1945 13497 -5573 13459 3162 -16084
-2560 13672 -6210 12534 2603 -14234
-2838 13980 -6417 11821 1649 -12820
-2953 14390 -6264 10839 582 -11360
-3642 15804 -5834 9329 -570 -10770
-4389 17874 -5114 6267 -2169 -10120
-5117 18830 -4872 2741 -3457 -9721
-6172 18445 -3880 80 -4505 -8280
-5825 17877 -3101 -155 -4561 -6922
-5966 18245 -2208 774 -4309 -6260
-5717 19193 -1532 1641 -4253 -6135
-4558 20121 -750 1682 -3966 -6917
-3324 20248 237 1339 -2938 -8428
-2025 20856 1145 760 -1520 -10159
-1073 21010 1797 -397 -177 -11659
-792 20669 2196 -2072 285 -12442
-614 19692 2480 -4292 262 -12302
-396 19540 2865 -6318 -375 -11672
-210 20276 3152 -8947 -1254 -11049
-365 21753 3362 -13359 -2746 -10074
-153 22841 3481 -19359 -4257 -8689
1321 21469 4468 -23488 -4476 -8331
1376 21333 5468 -25991 -3883 -7969
1521 21870 6180 -28356 -3858 -7809
804 22694 7172 -32331 -5262 -6318
1498 22872 8468 -32768 -7023 -4281
1322 22766 9749 -32768 -8376 -1077
2213 21273 11108 -32768 -9595 2545
1494 21661 11925 -32768 -10493 7143
3278 18324 13110 -32768 -10784 10996
2825 15940 13492 -32768 -10444 14966
3841 11265 14509 -32768 -10248 17898
5486 8022 15673 -32768 -6980 17181
3914 5858 16081 -32768 -4767 16361
4159 1265 17481 -32768 -2348 13847
3796 -1552 19365 -32768 788 9447
2827 -1778 21059 -32768 2056 5333
1784 -709 22576 -31746 1757 2393
1373 -582 23645 -28757 1425 1741
2046 -788 24094 -27001 2192 1531
1891 -708 24377 -26556 3490 1776
3185 -1414 24361 -27471 4321 1523
3062 -1886 24231 -26372 5551 4
2002 -2891 23922 -22931 7037 -2245
704 -4136 23896 -18663 7690 -4635
-132 -4334 24422 -15772 6731 -6245
-878 -3506 24727 -12445 5167 -7231
-317 -2180 24492 -10206 3345 -8121
-292 -1816 24284 -9392 2315 -8497
-95 -1113 23928 -8645 1529 -8717
58 -292 23006 -6876 768 -9043
150 207 21834 -4855 112 -9797
-262 975 20502 -3324 -644 -10176
-392 1048 19425 -1814 -1131 -9951
-480 1369 18690 -1156 -1484 -9280
-394 1602 18084 -935 -1865 -8186
-233 1861 17477 -1375 -2210 -6888
-102 1740 16834 -1856 -2281 -5628
-220 1542 16201 -2462 -2368 -4329
-98 1306 15676 -2714 -2506 -3333
31 892 15234 -2930 -2554 -2134
357 631 14587 -2912 -2461 -1139
772 128 14206 -2620 -2197 -771
904 -300 13840 -2192 -1887 -522
1001 -613 13593 -1921 -1609 -228
1125 -1013 13401 -1672 -1341 -82
978 -1213 13313 -1588 -1312 236
941 -1434 13046 -1557 -1420 588
1109 -1594 12880 -1445 -1629 837
1402 -1886 12708 -1054 -1574 818
1524 -2025 12566 -668 -1441 802
1868 -2088 12508 -433 -975 690
2046 -2317 12714 -332 -363 706
2022 -2641 12876 -412 64 867
1981 -2798 13072 -597 323 1120
1966 -2934 13238 -734 376 1291
1866 -3288 13367 -701 440 1412
1772 -3470 13700 -533 559 1409
1873 -3654 14288 -382 645 1254
1969 -3858 14702 -131 745 1093
1975 -3931 15079 54 737 935
2040 -4066 15310 352 787 766
2086 -4282 15630 506 837 696
2012 -4332 15872 661 867 703
1742 -4270 15879 539 669 604
1694 -4584 16090 643 254 428
1703 -4459 15984 1053 37 142
1697 -4393 15853 1204 -239 -82
1728 -4472 15750 1473 -329 -209
1975 -4405 15773 1418 -441 -258
1958 -4297 15882 1426 -409 -240
2036 -4368 15756 1450 -445 -253
2061 -4545 15535 1593 -586 -420
2175 -4282 15251 1962 -717 -654
2320 -4180 15108 2006 -835 -787
2454 -4324 14803 1795 -776 -847
2462 -4020 14580 1500 -505 -950
2601 -4032 14477 1425 -26 -1079
2508 -3766 14442 1664 387 -1250
2398 -3553 14509 1730 485 -1416