9522 4569 13624 -3565 -1979 6224
9658 4745 13540 -1913 -1537 5731
9301 5065 13186 -1195 -1410 5349
9424 5317 12710 -999 -1510 4866
9164 5708 12406 -1176 -1778 4357
8897 5669 12054 -1438 -2424 3899
8858 5522 11764 -1515 -2920 3601
8652 5824 11952 -1539 -3065 3533
8564 5766 11847 -2493 -3257 4091
9046 5468 11658 -3422 -2875 4881
8747 5590 11664 -4125 -2731 5456
8825 5469 11718 -4935 -2765 5810
9192 5166 11842 -5601 -2720 5917
9292 5142 12094 -6725 -2737 5781
9524 4836 12536 -7831 -3097 5150
9955 4008 12877 -8284 -3188 4782
10486 2828 12733 -7231 -2750 4486
10432 2858 12728 -6029 -2182 4136
10250 2586 12465 -4503 -2131 3929
10561 1742 12136 -2781 -1581 3065
10408 1345 12290 -926 -978 2291
10244 1840 12204 -169 -553 2040
10218 2604 12120 -159 -814 1729
10456 2994 11969 -760 -1568 1238
10590 3206 11802 -1308 -1690 1029
10644 3510 11500 -2199 -1648 619
10809 3680 11375 -2943 -1299 289
10841 3724 11514 -3208 -461 197
10896 3634 11813 -2980 332 293
11016 3197 12092 -2073 1014 138
10732 3210 12226 -1330 1332 51
10477 2871 12245 -670 1259 37
10449 2418 12300 267 1188 -76
10500 1942 12192 1183 1055 -224
10602 1811 12113 2609 1008 -569
11089 1846 12004 4211 1228 -1140
11402 1993 11885 5064 1671 -1711
11422 1793 11951 5923 2374 -2287
11680 1656 12072 6652 3144 -2897
11968 1372 12244 7150 3849 -3461
12810 333 12857 8726 5042 -4682
12873 -176 13487 12305 6220 -6379
13181 -742 13724 17581 7732 -8325
13356 -872 13522 21827 9155 -9616
11591 732 13024 25653 9477 -10730
11494 1241 13072 29822 10004 -12377
10092 2413 12040 32767 10636 -14592
8908 3168 11346 32767 10190 -16332
8018 3948 9755 32767 10056 -18288
5828 5951 7617 32767 8521 -19562
4619 7037 5606 32767 7501 -19617
3312 10029 4173 32767 6901 -18635
2385 13198 3301 32767 6458 -16928
1726 15164 3080 32767 6168 -15775
1800 15890 2564 30526 5991 -14318
1506 16164 2240 23500 5604 -12580
1775 14767 1730 17736 5694 -10653
1606 13020 1221 14814 5941 -8737
1178 12208 305 14798 5926 -7696
1084 11640 -806 16289 5312 -6874
500 12561 -1749 18096 4434 -6686
200 14718 -1577 18091 3460 -6363
-449 18314 -1958 14092 3551 -5389
-1365 21934 -2117 6005 3473 -4593
-2048 23640 -2064 -3560 3317 -3009
-2412 24778 -2065 -14656 3028 -1774
-2894 25280 -1694 -25510 1381 -233
-1110 22712 -1014 -31377 694 616
205 18677 -212 -32768 1920 692
1578 13796 1480 -29255 2926 453
2056 11613 3309 -21468 2723 -927
805 13945 3725 -18485 -435 -996
2412 13769 5214 -17168 -2165 -1175
2980 14372 6549 -17530 -1196 -2090
3826 13828 7618 -17888 1181 -2246
3749 13148 8546 -15836 3700 -3191
2383 14182 8967 -13397 4156 -3221
2088 14216 9620 -12018 3243 -3134
1333 14498 10920 -10926 781 -2492
114 15670 11853 -12901 -4803 514
408 17420 12054 -18215 -9777 2258
1958 16822 12310 -24110 -12261 4342
4012 15053 12582 -27887 -10476 6252
4728 15690 12790 -31898 -6437 7316
6314 13839 13840 -32768 -1200 7812
6269 10897 14589 -32768 3681 7657
5152 8109 15718 -32768 5700 7926
3937 6782 17345 -32488 5483 8426
4141 4805 19390 -29861 4341 8684
4937 4301 20876 -26126 4400 7854
5258 4250 21922 -23057 4106 6723
5994 2736 22716 -18691 4608 5624
5562 3085 22502 -16334 6244 4420
5182 3380 22468 -16939 6740 3953
5026 3016 21970 -18425 6850 4081
5376 1602 21914 -18588 7662 3838
4792 1350 21701 -17725 8175 3369
4397 1489 21321 -16998 7693 2290
3937 1130 21300 -16470 6953 894
3728 1048 21334 -16098 6321 137
3345 576 21588 -16692 5233 261
4188 -209 22144 -17965 5095 628
5128 -765 22768 -18596 6808 277
5158 -722 22901 -19516 8276 -472
5005 -1138 23097 -19741 9384 -1407
4210 -1672 23658 -19178 9058 -2128
3389 -2198 24434 -17924 7556 -2526
3137 -1698 24653 -16981 5955 -3057
3044 -1304 24632 -16715 4940 -3647
3402 -1448 24478 -16545 4059 -4827
3473 -1997 24237 -15996 3456 -5906
2919 -1649 23600 -15979 2402 -6696
2900 -2024 23050 -15405 1852 -7457
2595 -1865 22530 -14527 1947 -8138
2069 -1468 22248 -13419 1639 -8735
1770 -1452 21801 -12642 1016 -8814
1414 -1389 21246 -11882 387 -8605
875 -974 20520 -11683 -859 -8160
958 -884 19680 -10982 -1856 -8484
1113 -523 18776 -9819 -1900 -9266
861 10 18068 -8823 -1609 -9822
372 332 17398 -7787 -1501 -9965
-318 765 16600 -6574 -1725 -9654
-914 1210 15773 -5790 -2340 -8965
-946 1787 15135 -4905 -2955 -8171
-549 2266 14634 -4003 -2901 -7521
-162 2510 14094 -3411 -2612 -7155
-232 2541 13528 -2433 -2000 -6728
-231 2701 12866 -2023 -1522 -6027
-64 2454 12430 -1938 -1176 -5231
-183 2213 11928 -1879 -893 -4358
364 1841 11716 -1487 -469 -3284
810 1178 11792 -1271 -84 -2418
1214 644 12080 -823 624 -1454
1304 392 12360 -785 825 -862
1550 -348 12542 -875 869 -245
1746 -971 12903 -944 961 442
1970 -1224 13067 -474 1392 686
1938 -1352 13013 -328 1913 896
2017 -1874 13368 -422 2219 1146
2177 -2281 13800 -496 2507 1480
2309 -2912 14232 -647 2588 1545
2354 -3574 14469 -389 2573 1300
2412 -3918 14590 103 2675 974
2060 -4266 14737 523 2301 -22
1824 -4826 14633 1412 1880 -1039
2158 -4733 14962 2830 2030 -1821
2484 -4746 15268 4020 2381 -1889
3017 -4668 15608 4884 2895 -1643
3109 -4313 15912 5271 3505 -930
2789 -4424 16056 5226 3436 -203
2484 -3429 15734 2713 2748 322
2750 -4446 15838 609 2025 729
3208 -5141 15872 398 2094 910
2996 -5066 15921 335 1945 798
3096 -4860 15980 -71 1573 388
3236 -5168 16041 -283 1385 16
3196 -5201 15966 -59 1507 -355
2876 -4996 15960 -102 1394 -643
2842 -4734 16124 -186 1274 -695
2790 -4576 16212 -205 1190 -800
2724 -4486 16426 -386 1038 -756
2614 -4386 16528 -386 813 -716
2580 -4116 16518 -346 543 -708
2450 -3876 16354 -289 380 -748
2432 -3776 16421 -284 163 -802
2596 -3780 16320 -357 -7 -839
2604 -3854 16244 -250 29 -880
2528 -3717 16102 -236 70 -901
2390 -3604 16050 -235 102 -995
2246 -3677 15820 -174 53 -1094
2089 -3737 15621 50 -59 -1152
2090 -3540 15474 316 -300 -1155
2202 -3416 15490 466 -434 -1127
2092 -3176 15333 542 -469 -1010
2290 -3150 15248 468 -587 -1040
2494 -2684 15462 -380 -438 -866
2528 -2865 15561 -359 111 -401
2409 -3006 15492 -536 234 -4
1830 -3137 15541 -783 7 160
2212 -2916 15649 -1525 -306 -137
2445 -3629 15614 -737 272 -121
2344 -3440 15329 69 554 -225
2385 -3130 15063 1 -32 -548
2574 -2876 15101 27 -7 -611
2281 -2780 15141 -200 294 -526
2390 -2681 15049 -352 543 -412
2434 -2758 14969 -625 588 -295
2445 -2641 14878 -493 657 83
2425 -2717 15052 -349 715 536
2400 -2830 15202 -343 622 692
2480 -2910 15330 -425 528 716
2442 -2910 15473 -414 473 733
2505 -3144 15612 -370 335 609
2588 -3208 15672 -121 234 352
2664 -3142 15652 163 244 143
2723 -3144 16045 524 287 -103
2728 -2880 16245 692 304 -210
2597 -3037 16432 761 189 -250
2524 -3081 16502 800 -12 -90