-1649 18768 14612 26059 -11351 13801
-781 17777 13301 22855 -11132 15761
708 15925 12409 21979 -10158 17363
1726 15781 11661 21898 -8657 18486
2642 15334 10940 20918 -7426 19319
3470 14485 10218 19418 -6352 19744
4094 14250 9660 17171 -5417 20163
4834 13617 9192 14467 -4363 20234
5386 12344 9110 12160 -3409 20351
5828 12174 8924 9328 -2510 20402
6054 11328 8688 5864 -2165 20816
6708 10474 8738 2715 -1675 21128
6509 9869 8334 16 -1504 21423
6485 8577 7686 -3170 -1336 21640
6418 7650 7387 -6717 -1472 21332
6680 6040 7294 -8588 -2028 20698
7305 5040 7348 -9057 -1869 20225
7657 4844 7482 -9642 -1811 19455
8136 4366 7565 -10039 -1608 18604
8153 4208 7612 -10343 -1613 17769
8553 3772 7822 -10613 -1299 16992
8681 3932 8178 -10998 -796 16119
8622 3914 8406 -11783 -552 15417
8409 4025 8390 -13063 -395 14755
8525 3802 8446 -14583 -68 14367
8541 3757 8328 -16217 188 13867
8218 3996 8406 -17595 -6 13202
8232 3245 8344 -18964 -531 12720
8408 2486 8250 -19819 -1388 12611
8793 1838 8513 -20216 -2346 12607
9194 748 9117 -19810 -3000 12673
9457 21 9486 -18760 -3247 12505
9817 14 9972 -17205 -3019 11840
10136 -624 10160 -15498 -2712 11036
10800 -966 10548 -13320 -2078 9793
11158 -1257 10809 -10966 -1345 8231
11142 -1705 10724 -8606 -961 6989
11317 -1633 10622 -6489 -762 5765
11318 -1597 10646 -4330 -623 4623
11277 -1325 10670 -2742 -390 3880
11538 -1045 10950 -1638 -49 3269
11654 -510 11228 -938 658 2811
11365 -241 11272 -450 1130 2584
11349 -130 11080 -311 1516 2359
11537 -61 11310 -149 1761 2093
11694 -205 11349 60 2097 1682
11593 -253 11276 431 2194 1280
11473 -328 11144 959 2201 982
11426 -452 11062 839 2347 361
11497 -689 11190 934 2405 -189
11778 -1226 11477 1522 2644 -789
11840 -1074 11534 2426 2826 -1096
12009 -1633 11322 3873 3180 -1536
11980 -1653 11146 5974 3948 -2195
12034 -1886 10982 8664 4645 -2994
11684 -1285 10716 10888 5185 -3592
11978 -1066 10784 13319 5915 -4519
12470 -1620 11073 16307 7244 -6370
11565 -713 10734 18594 7903 -7988
11352 -268 10802 19543 7859 -9342
11158 -58 10888 20453 8589 -10837
10798 330 10934 21389 8918 -12418
10717 277 11253 23922 9496 -13191
10441 -2 11516 27417 10073 -13188
9437 2088 10746 29555 10409 -12522
9030 2944 10178 31403 10099 -12162
8678 3389 9420 32767 9697 -12253
7818 4084 8408 32767 9179 -12538
7061 4809 7456 32767 8645 -12785
6236 6884 6730 32767 7651 -13071
5389 8386 6617 32767 6328 -13148
5126 9381 6236 32767 5347 -12904
5313 9489 5544 32003 5117 -12277
5057 9998 4581 30551 5654 -11806
5309 9348 4450 30993 6870 -11943
3768 10273 3698 31850 8180 -12031
2622 11176 3110 31529 8415 -12094
1566 12480 2397 30231 7672 -11981
542 13462 1825 27207 6064 -11556
-6 15308 1673 21997 4629 -10600
314 16270 2274 16492 4094 -10131
261 15930 2544 12586 4305 -9903
10 15373 2645 10406 4885 -9502
-56 14945 2608 10103 4901 -9623
-1017 15482 1537 9713 3605 -9792
-1526 15620 528 8787 1389 -9478
-1497 16426 -284 6555 -585 -9052
-2153 18165 -422 3310 -2169 -7911
-1461 18402 -141 736 -2045 -7112
-1100 18809 289 312 -399 -6720
-1116 18762 669 1982 1050 -6471
-2286 19685 669 3583 1416 -5736
-1866 19662 1229 4374 1199 -5259
-2037 20242 1656 3218 1143 -4790
-1646 20616 2509 1052 735 -4378
-1544 21342 2732 -2651 611 -3999
-1498 20353 3068 -5576 690 -2912
-1940 19541 3685 -6326 412 -1771
-2645 19256 4385 -5452 -1936 -475
-1772 20226 5196 -4906 -5189 -304
-941 21144 5810 -4957 -7675 -157
797 21456 6150 -5403 -9009 -659
2384 21748 6394 -8000 -8213 -1192
2550 23150 6944 -12462 -6883 -410
3208 23770 7800 -19004 -4890 1595
2969 22526 8560 -25579 -3345 4942
3490 20582 9732 -30759 -2402 8443
4178 17621 10732 -32131 -1947 10747
6116 14362 12216 -29955 -2425 10068
6632 13420 13574 -27155 -3619 8929
7160 13320 13922 -26310 -3356 7734
6324 13842 14017 -28791 -2984 7948
7244 12673 15032 -31484 -1247 9320
8320 11901 16276 -32768 2126 11227
8234 12684 16978 -32768 5000 13882
8890 10378 17514 -32768 6592 15081
8637 7886 18009 -32768 7941 15398
7790 5758 18088 -32768 8763 14607
6845 3793 18060 -32768 8597 13130
6809 2308 18168 -32768 8570 10767
6812 1181 18306 -30499 8896 7899
6286 916 18849 -25787 8897 5178
6025 1078 18830 -22781 8761 2798
6010 1614 19165 -21498 9207 1399
6473 1876 19424 -21681 11093 494
6714 1893 19873 -22214 13599 -352
5850 1508 19940 -22765 15048 -785
4780 706 19882 -23178 15157 -776
3908 -36 19809 -22819 14897 -731
3286 -232 19968 -22059 14351 -1333
3534 -470 20090 -21182 13885 -2265
3948 -798 20634 -20988 13923 -3402
4024 -1116 21212 -21259 14574 -4275
4053 -1497 21890 -21777 15221 -5124
3149 -1906 22645 -22265 15265 -5430
2249 -2697 23349 -22449 14765 -5395
1077 -3378 24005 -21847 13501 -5509
586 -3908 24792 -20796 11552 -6124
740 -3805 25018 -19297 9674 -7549
1116 -3648 25060 -18217 8719 -8870
607 -3656 24880 -16357 6871 -11176
-219 -2774 24399 -13257 3601 -13962
-477 -1354 23535 -11083 1478 -15371
-648 -377 22530 -10070 -87 -15444
-1141 571 21704 -9552 -1478 -14637
-1578 1066 20660 -8772 -2380 -13871
-1601 1499 19809 -7594 -2683 -13230
-1520 1904 19256 -6387 -2865 -12601
-1332 1875 18511 -5560 -3335 -11608
-1361 1900 17673 -4665 -3677 -9713
-1261 1530 16737 -3953 -3708 -7968
-1126 1576 15872 -3694 -3848 -6845
-655 1519 14993 -3296 -3539 -5918
-232 1225 14133 -3032 -3061 -5303
-249 809 13564 -2469 -2450 -4612
-508 676 13154 -2236 -2127 -3874
-302 685 13050 -2071 -1939 -3017
74 318 12810 -2279 -1713 -2149
264 124 12640 -2639 -1451 -1248
466 -61 12344 -2872 -1125 -608
609 -588 12157 -2935 -685 -246
690 -788 12182 -2344 -137 -4
846 -1120 12425 -2044 147 134
900 -1209 12606 -1722 481 152
938 -1464 12670 -1553 834 187
1028 -2040 12984 -1590 1059 413
956 -2114 13245 -1414 1127 767
1105 -2276 13552 -1519 1041 997
1265 -2532 13965 -1519 1174 1231
1222 -2886 14398 -1635 1285 1459
1056 -3269 14705 -1419 1233 1677
969 -3453 14806 -1428 864 1647
949 -3845 14785 -881 576 1508
1126 -4132 14809 -356 377 1279
1293 -4361 14821 -103 260 1092
1463 -4198 14716 -209 257 940
1468 -4405 14646 -634 170 965
1529 -4519 14771 -979 169 1181
1288 -4278 14749 -1815 -85 1574
1173 -4093 14577 -3088 -95 2124
1257 -4619 14942 -3491 -307 2369
940 -4782 15444 -3483 -712 2679
1238 -5339 15866 -3155 -1067 2729
1446 -5484 16081 -2642 -1576 2721
1701 -5818 15909 -2194 -1779 2531
1897 -6261 15734 -1643 -1617 2319
1817 -6440 15510 -1177 -1641 2046
1970 -6693 15346 -651 -1807 1598
2070 -6764 15178 13 -1724 1207
2171 -6723 15005 559 -1646 787
2165 -6541 14914 831 -1411 599
1985 -6480 14556 1044 -1315 558
1942 -6318 14158 880 -1566 544
2153 -6298 14045 830 -1424 516
2186 -5896 13841 601 -1276 435
2310 -6002 13688 445 -976 468
2304 -5980 13577 133 -954 561
2321 -5720 13378 -31 -804 501
2338 -5666 13328 60 -600 337
2389 -5619 13469 189 -508 210