4433 4698 6725 12056 -1713 12115
4157 5493 6562 10000 -950 12948
3198 6248 6478 7769 -1207 13116
3386 5466 6280 5502 -2065 12960
3160 5694 5801 3458 -2699 13085
4105 4620 5598 2479 -3477 12229
5212 3238 5145 3790 -4503 10681
6246 1821 4097 6211 -4698 8959
7185 473 3770 8928 -3994 7342
7578 1124 4768 10689 -2795 6204
8498 3044 6428 9481 -675 5677
9406 5934 8625 5178 1843 5624
9756 7965 10958 -1311 3675 5856
9840 8376 12197 -8677 4520 6997
8984 7753 13013 -14661 3422 7877
9129 4604 13970 -17307 442 7465
10146 68 14692 -14352 -1877 5350
11036 -2538 14993 -6882 -2829 2674
11754 -1789 14474 -446 -2794 1084
12114 62 13737 2758 -3238 -391
12017 2086 12541 4193 -3142 -2135
11712 4637 11188 4310 -1707 -3165
10633 7414 10590 1718 -348 -2830
9993 9606 9866 -2825 -15 -1598
9372 10761 9656 -7726 -272 -167
9046 10869 9625 -11834 -1093 1209
9325 9692 9937 -13947 -1811 2091
9910 8209 10553 -13265 -2221 2406
10542 7097 11030 -11223 -2163 2631
10960 6938 11330 -9132 -2035 2648
11206 7172 11630 -7430 -1710 2186
11576 6830 11866 -5929 -1176 1472
11678 7016 11992 -4781 -575 912
11745 6944 12300 -4172 -46 646
11826 6686 12806 -3184 236 129
11541 6645 12813 -2112 258 -81
11436 6982 12676 -1547 254 -67
11238 7004 12553 -1390 -134 43
11066 6961 12388 -1446 -339 421
10986 7296 12368 -1770 -705 975
10776 7692 12156 -2727 -1330 1563
11042 7345 12229 -3919 -1755 1844
11454 6837 12398 -4661 -1976 1944
11774 6274 12336 -5334 -2144 2176
11969 5662 12398 -5702 -1976 2130
12373 4992 12502 -5067 -1561 1752
12381 4596 12344 -4008 -1099 1241
12602 3774 12048 -2185 -432 388
12568 3393 11712 -37 391 -563
12460 3476 11577 1596 997 -1364
12388 3654 11322 2747 1626 -2259
12686 3258 11113 3868 2585 -3742
12789 2478 11050 6169 4536 -5573
13324 1409 11537 10961 6658 -8020
12776 1300 10916 16457 8880 -10286
13674 -49 11114 24310 12530 -14240
12638 -396 10258 32087 15878 -17787
10749 1652 9070 32767 18009 -19743
9816 3250 8404 32767 19046 -20976
9168 4034 7989 32767 19842 -21668
8641 3965 7390 32767 20269 -21427
7202 4938 5637 32767 20152 -20627
6292 4622 3832 32767 19830 -20081
4482 5786 2189 32767 18875 -19735
2370 9249 744 32767 17057 -19661
1225 12132 -166 32767 14917 -19628
233 13898 -990 32767 13699 -19623
-398 14189 -1945 32767 12987 -19416
-929 13748 -3426 32767 13181 -18662
-1966 13172 -4202 31738 13018 -17267
-2182 12490 -4888 28126 12152 -15813
-2634 11745 -5694 24900 11087 -14112
-3081 12241 -5860 21188 9696 -12935
-2816 11640 -5444 18730 9043 -12746
-3146 11965 -4914 16876 9226 -13208
-3572 12368 -4073 15072 8811 -13840
-4133 13021 -3530 13389 8115 -14821
-3976 13657 -3330 11253 7139 -15512
-4321 14289 -3496 8932 5645 -14998
-4534 15201 -3490 5996 3632 -13878
-3685 14602 -3256 4018 2539 -13135
-3842 14844 -2817 2863 1859 -12582
-4450 16214 -2246 1834 517 -12590
-4746 17441 -1880 -335 -1085 -13162
-5506 19321 -1500 -4648 -3209 -13505
-5501 20593 -702 -11520 -5656 -13313
-4984 21072 464 -18489 -6209 -12950
-4044 20289 2428 -23075 -5262 -13302
-5342 21876 4132 -28297 -5908 -12898
-6202 24424 5536 -32768 -8308 -12092
-5474 23904 7201 -32768 -10267 -11525
-6050 23700 7789 -32768 -11463 -11007
-3028 17757 10538 -32768 -9260 -12396
-4149 16901 12821 -32768 -6397 -13091
-5144 17812 14545 -30162 -6950 -12034
-5077 18820 15060 -26348 -7716 -12015
-6032 21106 15172 -28740 -9363 -11034
-5158 20966 16066 -32451 -10404 -10320
-5014 20372 17057 -32768 -11078 -8925
-5278 19772 17257 -32768 -12389 -6814
-3200 15088 18552 -32768 -11399 -5975
-2852 12192 19274 -32768 -9669 -5726
-3496 11117 19812 -32768 -9954 -5315
-4188 11040 20212 -32768 -10642 -5308
-4134 10396 20544 -32768 -12652 -5275
-3265 9755 20794 -32768 -13589 -5204
-3257 9428 20221 -32768 -14016 -4246
-2561 7656 19671 -32768 -13353 -2866
-2141 5892 19542 -32768 -11953 -1977
-2485 4825 19551 -32768 -11011 -1781
-2118 3778 20900 -32608 -9880 -3184
-2387 3543 22701 -28651 -8476 -5041
-1898 4297 24525 -24400 -6586 -7296
-2834 5150 25080 -22578 -5162 -8612
-4041 5389 25201 -21124 -5198 -8928
-4173 4201 25976 -19180 -6026 -8604
-4232 2904 26489 -16221 -6878 -7368
-4120 2516 26266 -12365 -7589 -6069
-3945 3042 25342 -9164 -8239 -5585
-3650 3661 23926 -6970 -8677 -6144
-2749 3310 22808 -4855 -8246 -6921
-2709 3554 22082 -2866 -7894 -7766
-2860 3461 21322 -1355 -7491 -7889
-2730 3716 20526 -140 -7043 -7609
-2784 3937 19582 541 -6798 -7070
-2641 4008 18556 969 -6491 -6289
-2616 4000 17516 1178 -5995 -5522
-2561 3872 16521 1502 -5308 -4824
-2496 3841 15560 1624 -4781 -4278
-2346 3724 14950 1577 -4374 -3624
-2014 3545 14466 1335 -4090 -3225
-1864 3417 14048 822 -3955 -2677
-1488 3281 13786 154 -3722 -2142
-1182 3196 13598 -286 -3281 -1634
-1050 3173 13254 -595 -2736 -1116
-929 2990 13058 -612 -2280 -634
-813 2764 12844 -380 -1703 -280
-538 2575 12932 133 -1000 10
-416 2442 12933 714 -284 69
-349 2343 13063 1209 210 9
-21 2310 13524 1400 808 68
136 2296 13864 1038 1408 290
210 2216 14004 523 1933 566
230 1941 14241 525 2537 718
169 1309 14192 1256 3240 766
146 1000 14448 2499 3872 582
17 1262 14938 3317 4148 463
142 1404 15449 3214 4025 493
326 1606 15992 2459 3811 616
452 1577 16253 1206 3424 933
632 1309 16428 263 3067 1277
822 1144 16404 -257 2836 1406
882 874 16374 -392 2709 1334
1106 570 16517 -57 2782 1125
1041 570 16545 442 2956 853
890 568 16717 660 2970 563
746 743 16975 743 3059 466
617 806 17210 472 2974 477
424 776 17385 149 2853 522
232 758 17523 -166 2524 570
102 602 17543 -346 2068 513
93 344 17673 -303 1690 467
5 258 17693 -227 1394 461
-13 72 17816 0 1052 384
-63 99 17718 375 769 309
-31 243 17687 473 488 196
101 163 17553 448 429 81
87 146 17291 480 424 -65
144 119 17116 418 405 -258
171 105 17042 504 442 -410
80 131 16875 722 399 -577
21 -174 16689 1266 412 -657
286 150 16752 1808 429 -964
254 108 16893 2115 731 -1114
164 440 16725 2708 1154 -1119
157 909 16800 2404 1024 -1187
396 1077 16825 1862 984 -1335
230 1233 16829 1134 1001 -1221
172 1607 16871 147 873 -921
385 1877 16837 -1015 893 -816
246 1476 16758 -1403 1070 -789
86 1532 16693 -1343 1153 -730
14 1377 16609 -1065 1208 -627
-92 1478 16698 -575 1239 -605
-94 1604 16721 -204 1169 -711
-122 1646 16844 149 1101 -851
-181 1804 16914 212 999 -828
-223 1980 17130 -47 925 -782
-354 2140 17095 -359 911 -692
-626 1874 16973 -471 656 -457
-670 1925 16874 -27 295 -274
-659 2072 16890 355 -22 -250
-459 2137 16910 728 -15 -303
-425 2124 16955 903 146 -318
-338 2101 17173 1091 267 -264
-288 2294 17178 1255 318 -269
-362 2354 17128 1372 265 -268
-384 2318 17133 1533 148 -199
-362 2237 17062 1646 12 -78
-468 2329 17029 1594 -263 117