9269 4913 13212 -1345 1183 -733
9392 5044 13656 -611 710 -481
9550 5497 13734 -101 424 -306
9604 5661 13562 247 299 -445
9710 5448 13456 744 368 -515
9900 4970 13289 1563 870 -573
9968 5026 13054 2461 1542 -716
9933 5148 13094 3120 1776 -1080
9871 5329 13188 3221 1701 -1510
10005 5252 13506 2883 1860 -1924
10396 4693 13889 2756 2309 -2593
10356 4128 14293 3404 2425 -3142
10758 3542 14294 5389 2975 -4233
10810 2891 14000 9009 4064 -5553
10285 2702 13480 12650 4671 -6552
10062 2901 13196 15407 4965 -7329
9757 3475 12784 18624 5489 -8359
9585 3642 12420 22122 6679 -9707
8720 4690 11764 24417 7417 -10401
8305 5421 11156 26039 7934 -10874
8064 5836 10469 27514 8889 -11704
7438 6529 9893 28397 9939 -12129
6661 8124 9173 27846 10461 -12155
5925 9502 8668 26072 10336 -12280
4740 10345 8002 23669 9538 -12145
4080 11016 7585 21134 8598 -11303
3980 11408 7689 19305 8069 -11065
3536 12062 7917 17981 7145 -10593
3342 12604 7836 16795 6285 -10358
3201 12638 7578 16265 5465 -10125
3229 12404 7050 16777 5292 -10172
2872 11870 6400 18309 5309 -10255
2292 12713 5774 19340 4960 -9780
2384 13242 5249 19455 4694 -9491
2186 13613 4909 19106 4787 -9337
1829 14008 4424 18733 5349 -9297
2440 12681 4562 19754 6939 -9543
2121 12641 4025 21583 8459 -9402
2474 11601 3964 24582 10168 -9256
2004 11646 3286 27729 11569 -9484
873 13420 3513 28344 11451 -9360
1410 13328 3224 27810 11602 -9754
-32 13785 2625 26741 11174 -9474
-664 14753 2040 25236 9304 -9437
-1114 15173 1200 24269 7444 -9811
-1438 16870 382 22193 5355 -10016
-1365 17817 21 19806 3059 -10216
-1730 18118 -353 17660 1642 -10941
-2181 19042 -718 15370 711 -11733
-2536 19122 -1214 13567 -90 -12428
-2446 18614 -1593 11877 -419 -12627
-2733 18888 -1609 9994 -1284 -12524
-3337 19856 -1768 6621 -3287 -11439
-3316 20680 -1853 1445 -5121 -10326
-3457 20574 -1500 -3722 -6373 -9819
-3984 20901 -1246 -8390 -7712 -9696
-4408 21184 -1382 -12144 -8784 -9933
-3461 18630 -240 -12727 -7881 -11041
-3837 18082 632 -10830 -6494 -11367
-3893 18669 1560 -8700 -5710 -11350
-4613 20292 2134 -8659 -5548 -10879
-5054 21638 2401 -10979 -6302 -10139
-5332 21941 2982 -14773 -7073 -9024
-5630 22641 3376 -18574 -7605 -8022
-3982 18025 4860 -15698 -6175 -8213
-5466 17630 5522 -9104 -5097 -8729
-5116 17410 6110 336 -5496 -9037
-5514 19686 6262 7116 -4794 -9830
-5521 23128 6592 10611 -3843 -10628
-5982 27013 6853 9113 -1804 -10399
-6581 28966 7314 4096 -1080 -9025
-7029 28297 7729 -1577 -2221 -6655
-7388 27036 7840 -6581 -4556 -3938
-6348 24746 7730 -9340 -5714 -2372
-5561 22114 7710 -8797 -5976 -1754
-5385 21301 7698 -6558 -6778 -1854
-4984 20685 7684 -4507 -7471 -2649
-4748 20137 7725 -3358 -8050 -3312
-4706 19674 7506 -3561 -8592 -3496
-4604 19133 7346 -5608 -9056 -2954
-4601 19040 7281 -9441 -9721 -1923
-4876 19030 7281 -15382 -10849 -296
-4564 18520 7285 -22322 -12044 1165
-4149 16873 7314 -27436 -12194 1585
-3122 14540 7468 -29150 -11896 741
-3344 13408 7978 -28420 -12353 -355
-2194 11766 8409 -25930 -11529 -2325
-2661 11524 9081 -22779 -10500 -4350
-2665 12420 9716 -22055 -9882 -5777
-2871 13488 10870 -25735 -9563 -5974
-3276 14041 11692 -32020 -9668 -4462
-3792 14086 12117 -32768 -10281 -2662
-3697 13013 12153 -32768 -9137 -1015
-3586 11580 12584 -32768 -7703 238
-3638 9536 13420 -32768 -8452 1180
-3465 8029 14090 -32768 -9241 1945
-3037 6193 15393 -32768 -8298 2299
-3368 5905 16842 -32768 -7073 2547
-3028 5804 18432 -32768 -5793 2052
-2677 4376 20469 -32768 -3965 1412
-2556 3586 22082 -32768 -2474 1175
-2713 2936 22838 -32768 -1440 591
-3474 2322 23686 -32768 -1722 -214
-3513 1418 24365 -31333 -2569 -1105
-3606 824 25213 -26156 -3681 -1830
-3461 1576 25672 -21488 -4770 -2621
-3292 2358 25688 -17811 -6546 -3619
-2568 2993 25284 -14643 -7560 -5026
-1301 3072 24693 -11688 -8186 -6040
-1160 3218 23509 -9205 -8101 -7052
-1509 3400 22173 -7352 -8249 -7634
-1744 3494 21273 -5938 -8240 -7744
-1648 3301 20536 -4698 -7723 -7247
-1537 3145 19952 -3863 -6906 -5922
-1480 4052 19278 -4003 -6706 -4510
-1414 4104 18745 -4964 -6684 -3271
-1005 3428 18346 -5820 -6423 -2083
-781 3249 17756 -6142 -5820 -1274
-602 3102 17477 -6372 -5745 -832
-513 2677 16882 -5869 -5379 -570
-312 1946 16405 -5173 -4806 -572
-336 1502 15968 -3742 -4097 -656
-664 1225 15545 -2609 -3929 -624
-749 681 15133 -1674 -3780 -365
-812 408 14946 -582 -3959 70
-805 100 14824 207 -4376 674
-616 262 14869 536 -4889 1094
-440 82 14716 629 -5245 1377
-162 -256 14417 680 -5125 1600
101 -221 14389 610 -5094 1824
458 -544 14389 468 -4935 1900
716 -793 14221 685 -4490 1828
934 -948 14021 904 -3951 1726
1106 -1372 13961 1064 -3252 1603
1261 -1524 13822 1185 -2584 1478
1109 -1698 13733 1107 -2139 1411
880 -2005 13722 770 -1840 1539
860 -2029 13862 543 -1785 1611
777 -2178 14013 246 -1889 1809
1136 -2369 14106 93 -1831 1796
1309 -2514 14225 91 -1639 1672
1506 -2614 14208 248 -1179 1364
1561 -2740 14188 516 -652 979
1554 -2800 14168 681 -184 698
1335 -2719 14463 446 68 581
1500 -2828 14768 -210 310 786
1462 -2889 15025 -768 485 1180
1529 -3034 15234 -1186 543 1429
1546 -3210 15309 -1334 659 1503
1576 -3257 15344 -1281 675 1270
1578 -3318 15358 -795 732 809
1640 -3438 15394 -166 876 294
1478 -3373 15417 373 881 -174
1340 -3205 15489 853 754 -560
1414 -3126 15788 1071 598 -659
1534 -2925 15989 1255 590 -604
1548 -2655 16096 1238 601 -506
1399 -2539 16135 1293 417 -348
1150 -2398 15900 1331 67 -155
1744 -2148 16126 879 14 -185
1604 -2085 15942 1530 321 -355
1379 -1874 15874 1755 334 -438
1249 -1955 15761 2275 268 -633
1235 -1943 15733 2777 202 -629
1248 -1836 15744 2865 205 -697
1256 -1570 15446 2796 403 -780
1469 -1430 15328 2780 934 -921
1618 -1280 15209 2480 1370 -1065
1806 -1324 15389 2312 1893 -1106
1818 -1328 15506 2168 2618 -1043
1756 -1188 15841 1294 3109 -838
1613 -1262 16069 90 3587 -419
1550 -1370 16509 -1430 3904 125
1580 -1570 16766 -2667 4021 609
1488 -1902 16736 -3091 4067 864
1350 -2072 16477 -2582 4059 970
1052 -2050 16382 -1853 3936 759
764 -2297 16578 -950 3837 582
368 -2004 17049 -1007 3349 143
548 -2388 17441 -1166 3769 68
484 -2394 17709 -959 4310 -7
-5 -2211 17872 -1815 4032 -1
-68 -2313 17805 -2629 3852 223
-17 -2380 17764 -3000 3453 552
205 -2334 17773 -3052 3032 809
233 -2221 17342 -3087 2477 944
382 -2349 17246 -2972 1763 963
724 -2334 17046 -2657 1405 968
961 -2316 16948 -2632 1058 801
1150 -2333 16748 -2690 803 667
1238 -2408 16557 -2677 598 402
1368 -2513 16398 -2636 438 180
1493 -2584 16160 -2252 393 -226
1546 -2506 15970 -1636 399 -663
1316 -2554 15454 -807 216 -1171
1272 -2429 15230 25 -68 -1773
1196 -2226 15149 894 -301 -2365
1101 -1817 14934 1490 -423 -2773
1160 -1512 15062 1713 -468 -2950
986 -1110 15062 1635 -503 -3052