-11622 8973 9928 615 -216 189
-11632 9017 10026 558 -213 181
-11766 9058 9964 442 -171 95
-11769 9109 9950 281 -110 -5
-11912 9117 9836 91 -76 -132
-11933 9164 9748 -178 -26 -238
-11996 9183 9742 -390 37 -333
-12102 9278 9717 -575 98 -337
-12165 9205 9748 -649 149 -362
-12142 9193 9756 -692 201 -352
-12268 9034 9753 -667 258 -307
-12394 8810 9797 -490 315 -183
-12576 8634 9907 -67 334 -55
-12603 8637 9933 381 235 40
-12726 8888 9922 619 67 134
-12756 9040 9917 664 -196 142
-12649 9209 9842 567 -526 154
-12604 9376 9809 418 -806 196
-12564 9481 9733 204 -1075 239
-12520 9517 9774 12 -1284 303
-12454 9729 9785 -185 -1437 328
-12404 9852 9892 -457 -1520 357
-12332 9840 9913 -640 -1599 439
-12348 9829 9904 -739 -1651 530
-12314 9921 9838 -735 -1686 729
-12394 9896 9985 -776 -1733 1116
-12405 9824 10081 -692 -1894 1656
-12373 9669 10166 -370 -2185 2244
-12138 9830 10337 -136 -2577 2847
-12082 10197 10526 -361 -3245 3560
-12102 10489 10712 -721 -4147 4481
-12406 10736 11240 -836 -5051 5593
-12504 11160 11758 -903 -6082 6755
-12744 11418 12446 -936 -7236 7964
-12928 11604 13236 -794 -8427 9249
-12941 11689 13782 -291 -10061 10380
-12570 11990 14233 49 -12104 11289
-12430 12426 14414 229 -14260 12163
-12480 12710 14600 501 -16368 12973
-12424 13025 14937 924 -18173 13741
-12189 13734 15382 1183 -19444 14525
-12109 14360 16020 1032 -20174 15152
-12048 15152 16692 714 -20642 15568
-11394 15334 17045 441 -21467 15866
-10432 15309 17025 760 -22289 16260
-9394 15761 17205 1621 -22926 16879
-8477 16732 17293 2214 -23107 17334
-7454 17777 17256 2030 -23128 17847
-6678 17789 17006 1402 -23395 18659
-5774 16986 16772 983 -23824 19577
-5086 16912 17102 1056 -23816 20500
-3958 17036 17569 1632 -22810 21190
-2805 17621 18209 2227 -21190 20771
-2289 18678 18200 1220 -19965 20397
-1236 19278 17804 -1031 -19375 20053
-873 19412 17065 -4139 -19665 20214
-77 18918 16066 -6793 -20523 20647
397 17309 15102 -8145 -21514 21497
1504 16580 14532 -7948 -21829 22141
2337 15624 14366 -8224 -21947 23160
3504 15401 13862 -8483 -21492 23876
4034 14974 13465 -8316 -21268 24775
5126 14826 12924 -8233 -20312 25375
5489 14398 11981 -9034 -19236 25918
5673 13226 10981 -10207 -18186 26442
5993 11837 10256 -11004 -17238 26967
6354 11290 9696 -11609 -16065 27229
6469 10478 8868 -12801 -14850 27442
6149 10026 7829 -14672 -13604 27477
5865 9253 7342 -17297 -12829 27353
5586 7682 6602 -18988 -12832 27096
5581 5894 6212 -19096 -12474 26623
5609 4730 5594 -18737 -12054 26292
5897 3736 5034 -17547 -11444 25381
5957 2844 4158 -16066 -10535 24434
6313 2001 3592 -14393 -9400 23550
6230 1534 3365 -12703 -8462 22320
6468 1297 3556 -11586 -7516 21399
6177 685 3614 -10877 -6861 20491
6041 178 3906 -10262 -6593 19617
6232 -374 4297 -9566 -6743 18642
6665 -1169 4373 -8960 -7105 17794
6737 -1960 4469 -8209 -7551 16917
6900 -2422 4629 -6713 -7904 15952
7104 -3416 4661 -4827 -8200 14962
7162 -4009 4982 -2883 -7995 14039
7160 -4692 5308 -1469 -7800 12951
7126 -5285 5754 -221 -7550 11724
7262 -5860 6117 857 -7092 10383
7358 -6726 6550 1911 -6682 8931
7333 -7258 7129 3066 -6157 7311
7552 -8398 7452 4418 -5856 5479
7845 -9589 7593 7025 -5877 3607
7950 -10408 7630 10826 -5837 1432
8129 -11058 7776 14713 -5479 -778
8202 -10238 7242 18124 -4939 -3395
8349 -10784 6610 22539 -4416 -5846
8308 -10713 5857 27910 -3422 -8277
8414 -9213 5050 32214 -1514 -10444
8324 -7716 4118 32767 133 -12099
8194 -5908 3586 32767 1685 -13367
7789 -4382 3884 32767 2575 -14367
8022 -3462 4196 32767 3888 -15082
8008 -1644 4326 32767 5563 -15371
7761 724 4710 32767 6098 -15255
6960 2412 4813 32767 5901 -14935
6456 2794 5362 31142 5928 -15066
6176 3417 5620 25206 6027 -16036
5856 3496 5500 19629 5981 -17023
5433 2970 5253 15669 5817 -18236
5284 2558 4658 13361 5814 -19217
5112 2148 3945 13268 6146 -20023
4630 2985 4205 14362 7340 -20653
4350 4572 5021 15484 8894 -21614
4022 5917 6072 16287 10849 -22986
3338 7782 7609 15523 12575 -24494
3288 9408 9016 13069 13609 -26184
3130 10825 10017 9648 13883 -27709
2652 12552 11026 5836 13668 -28481
2681 13996 12606 988 13132 -28286
2982 15642 14281 -4845 12580 -27328
3542 16837 15920 -11278 11989 -25807
4232 16541 17329 -16664 12150 -24021
4525 17409 19270 -21145 13357 -22239
4805 19194 21008 -27911 14399 -20205
4709 20369 21646 -32768 14511 -18387
4176 20637 21442 -32768 13718 -17535
4396 17790 21292 -32768 12938 -16980
4848 14140 20677 -32768 12693 -15209
4577 10010 21124 -32768 12719 -13344
4318 7696 22368 -32768 12629 -11626
4106 6780 22760 -32508 12413 -9996
3510 5014 23157 -27839 12030 -8981
2400 5689 22574 -22047 12456 -7580
1612 6914 22854 -18264 13518 -5898
712 8585 23197 -19252 14371 -5652
228 9258 23554 -24527 13999 -5545
52 8790 23438 -29544 12836 -5119
106 6606 22301 -32476 11005 -5295
-1 3916 21105 -32289 9447 -5329
-489 1338 19908 -29833 8476 -5188
-1092 -906 18277 -25591 8064 -5062
-1680 -2141 16826 -20379 7093 -4395
-1977 -2653 16393 -13983 5877 -3831
-1953 -1326 17348 -9467 4874 -4084
-1616 -218 17956 -6973 4090 -5138
-1366 214 17536 -5414 3699 -6376
-1301 269 17461 -4264 3658 -7076
-765 250 17724 -2990 4231 -7798
-1034 392 17486 -1614 5071 -8156
-1268 734 16913 -591 5609 -8050
-1670 493 16640 409 5468 -7717
-2073 462 16454 1672 4815 -7309
-2262 1028 16541 2707 4101 -6994
-2296 1490 16709 3132 3470 -6914
-2300 1809 16870 3220 2904 -7013
-2338 1976 16926 3228 2736 -7284
-2406 2600 17180 3352 2975 -7665
-2558 2876 17488 3558 3036 -7922
-2742 2760 17509 4203 2762 -7866
-2957 2900 17484 5057 2251 -7256
-3002 2865 17556 6020 1568 -6456
-2977 3184 17561 6750 734 -5569
-2785 3536 17598 6886 -127 -4699
-2509 3806 17826 6510 -560 -3875
-2132 3888 18153 5759 -588 -3348
-1860 3877 18320 4757 -416 -2805
-1720 3490 18350 3798 -226 -2311
-1705 2964 18196 3266 -210 -1772
-1694 2498 17890 3139 -354 -1208
-1706 2133 17793 3299 -613 -731
-1672 2029 17681 3471 -813 -316
-1494 2014 17742 3409 -871 -21
-1308 1980 17806 3116 -727 221
-1150 1797 17748 2604 -544 460
-1140 1673 17682 1926 -277 688
-1316 1193 17437 1150 -124 844
-1494 1090 17173 725 -209 955
-1317 765 17152 683 -51 1003
-1392 109 16984 1108 373 932
-1333 321 16976 1751 811 785
-1397 505 16656 2586 889 599
-1368 469 16673 3493 618 318
-1308 598 16786 4449 560 201
-1236 917 16916 5517 629 110
-1132 1538 17042 6286 736 43
-1152 2376 16817 6095 828 -1
-1201 2958 16778 5098 1023 124
-1344 3449 16681 3386 1219 254
-1562 3445 16689 1533 1562 600
-1610 3393 16786 186 1566 891
-1697 2845 16842 -461 1353 1127
-1757 2229 16652 -397 985 1227
-1826 1854 16620 57 835 1257
-1918 1718 16661 635 859 1187
-1952 1576 16749 1169 954 1073
-2294 1372 16716 1515 1029 952
-2456 1474 16826 1501 943 710
-2541 1828 16874 1253 630 235
-2684 1920 16838 815 206 -104