1596 14257 19848 22531 928 2602
1686 13820 19372 22631 1194 3282
1369 13266 18444 23745 1184 3915
1274 13202 17889 24326 750 4982
1842 13398 17997 24363 -134 6101
2336 14096 17785 24279 -613 7193
2885 14625 17696 23726 -798 7785
3000 15501 17742 21794 -942 8467
3513 14790 17450 19504 -665 9479
4372 13878 17232 18763 863 10219
4305 14232 16610 18496 2167 10920
3753 14456 15462 16825 2509 11953
3717 13536 14464 13928 2264 12657
4026 12989 14173 11646 1722 13421
4322 12752 13834 9975 836 14215
4308 12354 13173 8349 -417 15132
4506 12037 12568 6164 -1401 15959
4573 12024 12239 3701 -1986 16439
4921 11122 11741 1272 -2416 16869
5289 10841 11632 -156 -2233 16939
5525 10012 11313 -1093 -1741 16599
5608 9122 10726 -1383 -1518 16346
5760 8228 10067 -1934 -1635 16178
6173 7408 9301 -2710 -2078 15722
6204 6793 9208 -3242 -2207 15377
6481 6584 9521 -4664 -2145 14944
7123 6313 9700 -6336 -2006 14475
7204 6136 9346 -8203 -2128 14204
7236 5829 9324 -10145 -2674 13804
7496 4769 9245 -11999 -3325 13312
8264 3842 9738 -12750 -3177 12573
8631 3060 10272 -12858 -2558 11498
9141 2283 10726 -11751 -1999 9876
9708 1182 10922 -9761 -1759 8465
9960 753 10933 -7425 -1474 7202
10104 537 10760 -5286 -1312 6059
10362 444 10664 -3207 -1200 5116
10574 865 10601 -1082 -907 4009
10022 1606 10450 9 -762 3359
10043 2322 10574 580 -640 2592
10038 3781 11210 -439 -29 1698
9562 4928 11890 -2316 606 982
9617 4770 12220 -3483 798 666
9846 4048 11817 -3799 1584 -187
9646 3221 11175 -2286 2443 -785
9416 3436 10812 -1110 2762 -816
9555 3515 10954 420 2535 -598
9621 4376 11282 1554 2287 -199
9321 5204 11498 1367 2044 -170
9036 5736 11653 810 1705 -195
8806 6412 11933 55 1401 -377
9032 6546 12158 -634 1255 -475
9453 6490 12544 -817 1379 -520
9560 6398 13040 -589 1654 -609
9312 6662 13287 49 1994 -551
9205 6861 13452 769 2062 -640
9240 6818 13517 1387 1933 -543
9233 7082 13382 1775 1815 -283
9156 7292 13484 1796 1686 -102
9072 7692 13756 1338 1166 -8
9012 7859 14045 182 449 111
9060 7616 14027 -301 -60 108
9269 7139 13881 158 -370 98
9617 6855 13696 1273 -435 219
9896 6740 13733 2583 249 83
9796 7081 13783 3644 1196 -27
9620 7063 13863 4324 2157 -252
9226 6737 13554 5085 2291 -201
9659 5879 13754 6708 2016 -32
9836 5610 13632 8757 1472 15
10324 5140 13554 10342 1160 -174
11069 4156 13808 12304 1124 -848
11209 3846 13893 14249 1246 -1724
11698 3609 14402 16670 1931 -2767
11960 3874 14396 20058 3303 -4073
11452 4878 14000 22668 4345 -5091
11156 5261 13656 25827 5492 -7561
11168 5284 13178 29653 7283 -10104
10634 5964 12366 32180 8465 -10952
9686 7358 11380 32767 8342 -11232
8729 8361 9630 32767 7697 -10976
7972 8585 7723 32767 7514 -10732
6497 9810 5973 32767 5512 -10086
6032 10192 4904 32767 4233 -9955
5551 10559 3650 32767 3297 -10140
4338 11244 2458 32767 2514 -10313
3592 12332 1137 31882 2277 -10696
2664 12970 -98 29005 2174 -10981
2201 12985 -732 26629 2316 -10770
1839 12680 -1805 24561 3228 -10519
824 13433 -2478 22911 3224 -10425
409 13705 -2836 21370 3059 -10652
-44 14328 -2959 18675 2552 -10692
-651 14406 -3637 15307 1749 -10656
-959 12968 -4598 13930 1116 -10099
-891 12983 -4976 14344 757 -9397
-1309 13488 -5272 15201 592 -9405
-1831 14825 -5250 14574 -50 -9532
-2080 15602 -5471 12345 -289 -9809
-2308 15506 -5620 9832 374 -9891
-2524 15152 -5706 8635 2132 -9888
-3065 15906 -5648 7625 3150 -9449
-3274 15961 -5660 6521 3504 -8930
-2854 15333 -5369 6198 4219 -8716
-3442 15972 -5141 5741 4327 -8256
-3962 15964 -5097 4951 3043 -8128
-3954 15576 -5108 4261 1623 -8055
-5164 15492 -4882 4176 -1182 -6576
-6297 15087 -4472 4252 -6644 -2830
-6320 17587 -3823 5521 -10354 965
-6717 21044 -4654 2684 -14781 2724
-4458 22921 -4165 -674 -16397 870
-1306 22972 -3766 -2540 -14883 -2846
122 23724 -3465 -4963 -11579 -6728
1486 23244 -2338 -7636 -7146 -9185
248 24524 -695 -13357 -2179 -8647
-1213 25772 1283 -22977 -2554 -3849
218 26162 3554 -29620 -3515 -346
1940 26655 5980 -32748 -4839 2457
3823 24947 7704 -32768 -4577 5094
5489 22950 9326 -32768 -4354 6370
5428 22028 11073 -32768 -4463 8051
5646 22112 12286 -32768 -4139 9626
6183 21115 13637 -32768 -2903 11162
6594 18168 15655 -32768 -1482 12773
6328 16756 16870 -32768 -456 13797
5624 15436 17602 -32768 -149 14179
4320 12932 17974 -32768 -249 14861
4683 11548 18599 -32768 -147 13688
4436 10650 19305 -32768 -305 12181
3860 9564 19416 -32768 -604 11199
4136 9174 19976 -32768 -1126 10236
4427 8599 20172 -32768 -843 9386
5506 7205 20520 -32768 1126 7930
5674 6489 20672 -32768 3362 6711
4256 6052 21008 -32768 6305 6114
4058 4081 21328 -32768 7068 5290
3473 4258 21842 -32768 7733 4449
3268 3637 23020 -32768 7425 3400
3032 2974 23672 -32768 7444 2518
2949 2137 24452 -32768 7277 1315
2713 964 24342 -32618 7305 -309
1946 120 25023 -30951 6893 -2250
1302 -1068 25465 -29425 4953 -4679
1162 -1944 25789 -26346 4150 -7070
577 -1449 26180 -23909 2841 -8963
-258 -1360 25793 -21671 519 -10726
-512 -1254 25105 -19149 -1616 -11956
-726 -464 24280 -16728 -2887 -12870
-864 625 23324 -14506 -4176 -13956
-346 1311 21896 -11339 -4502 -15011
-564 2627 20452 -8546 -4634 -15055
-796 3717 19369 -7154 -5010 -13822
-717 4204 18260 -6644 -5275 -12119
-358 4612 17088 -6580 -5109 -10305
160 4712 15665 -6271 -4284 -7880
-76 4258 14174 -5791 -3771 -5604
-172 4266 13672 -5559 -3729 -4466
-1 3762 13052 -5032 -3629 -3238
298 3492 12760 -4498 -3254 -2165
635 3181 12365 -4599 -2815 -1388
1018 2077 12058 -4144 -1792 -132
1036 1429 11948 -3331 -1004 798
1108 894 11828 -2793 -845 1232
1253 89 11581 -2226 -665 1589
1584 202 11728 -1814 -437 1710
1818 -200 11835 -1479 -116 1647
2153 -1042 11963 -835 618 1514
2092 -1864 12126 -785 562 1652
2330 -2144 12584 -914 221 1824
2677 -2502 12800 -824 215 1781
2788 -2978 12961 -627 431 1621
2874 -3252 13154 -432 570 1371
3148 -3333 13321 13 891 853
3128 -3534 13186 212 1210 404
3163 -3876 13410 248 1338 298
3270 -3846 13752 136 1316 448
3297 -3973 14006 52 1251 617
3345 -4068 14281 -142 1182 666
3430 -4434 14462 -67 1339 659
3289 -4646 14598 -11 1311 647
3232 -4640 14930 10 1084 793
3443 -4704 15180 -67 740 855
3748 -4884 15438 -180 645 822
3820 -5108 15505 -182 752 621
3632 -5321 15624 -30 758 364
3453 -5394 15768 436 693 106
3146 -5238 15794 746 215 -131
3209 -5178 15817 833 -245 -97
3401 -5048 15710 594 -435 -169
3424 -5105 15410 572 -394 -304
3285 -5016 15336 676 -370 -487
3349 -4976 15369 801 -452 -635
3071 -5099 15332 1142 -535 -857
3374 -5162 15440 852 -731 -1218
3194 -5148 15273 1059 -737 -1440
3290 -5021 15062 1587 -722 -1627
3385 -4721 14968 1839 -771 -1849
3725 -4385 15170 1747 -853 -2075
3926 -4136 15346 1623 -667 -2263