3778 11680 7728 -5877 254 8130
4018 11206 7701 -8100 -1108 7967
4290 11090 7781 -10671 -2666 7826
4033 11324 7798 -13245 -4748 7364
5060 10254 8109 -15397 -5311 6544
6342 8665 8734 -14924 -4187 5472
6932 7460 9480 -12193 -2311 4050
7237 7109 9917 -8663 -594 2873
6866 7581 9810 -5145 672 1681
6180 8224 9648 -2506 1222 783
5852 9188 9622 -1181 1317 206
5338 10612 9493 -1551 770 -276
4861 11441 9602 -2890 -314 -862
5116 11712 9848 -4497 -1218 -1245
5206 11740 10220 -5667 -2011 -1411
5185 11916 10520 -6229 -2535 -1601
5008 11965 10720 -6055 -3108 -1757
5364 11837 10792 -5401 -3285 -1813
5754 11562 11117 -4548 -2757 -1495
6290 11252 11308 -2643 -1426 -1216
5740 12004 11109 -602 -439 -1186
5522 13321 11034 345 0 -1167
5076 14198 11041 248 -98 -1178
4697 14484 10825 -426 -631 -1255
4914 14314 10696 -994 -966 -1146
5090 14270 10608 -1415 -1090 -986
5018 14180 10589 -1559 -1412 -885
5297 13973 10705 -1330 -1608 -795
5604 13932 10717 -1114 -1716 -487
5848 13969 10737 -780 -1720 -207
6006 13769 10684 -284 -1713 62
6026 13952 10525 113 -1543 268
5946 14260 10400 127 -1532 394
5745 14501 10281 -399 -1891 448
5609 14873 10381 -1440 -2259 424
5973 14530 10474 -2302 -1999 225
6141 13974 10614 -2502 -1671 128
6364 13506 10538 -2371 -847 260
6412 13406 10669 -1954 2 343
6558 13008 10536 -1338 906 214
6518 12801 10297 -456 1833 181
6089 12789 10153 220 2421 267
5950 12752 10297 934 2514 191
5548 12965 10333 1829 2326 -77
5509 12956 10412 2505 2054 -133
5322 13370 10478 2637 1693 47
5332 14349 10396 1756 1305 441
5188 14773 10508 216 1151 626
5030 14996 10984 -1372 917 700
5072 14858 11160 -2948 647 737
5298 14180 11258 -3887 391 779
5677 13144 11108 -3611 606 768
5684 12769 11322 -2514 776 926
6117 12298 11698 -793 778 856
6110 12172 11816 1122 910 758
5917 13066 11705 1993 954 830
5736 13645 11602 1858 661 748
5657 14077 11614 1072 121 568
5752 14334 11664 -124 -299 366
5945 14053 11544 -1060 -714 235
5966 13718 11286 -1876 -918 253
5956 13444 11320 -2367 -1219 343
5918 13256 11248 -2535 -1547 367
6214 12900 11361 -2256 -1695 339
6520 12488 11322 -1410 -1407 329
6393 12749 11240 -398 -1114 262
6518 12962 11113 289 -796 113
6454 13346 10938 422 -479 -40
6344 13573 10952 77 -215 -74
6205 13649 10912 -533 -167 -39
5964 13673 10918 -1322 -292 -101
5846 13720 10880 -2346 -709 -247
5953 13606 10976 -3110 -1281 -266
6356 13318 11420 -3485 -1410 -275
6836 13049 12034 -3197 -1101 -413
7085 12874 12442 -2573 -615 -573
7209 12628 12614 -1502 -64 -689
7498 11993 12694 118 565 -1011
7741 11830 12716 2111 1085 -1238
7824 12089 12614 3793 1133 -1322
7589 12649 12432 4670 842 -1435
7598 12658 12562 5279 510 -1643
7870 12637 12774 5748 318 -1669
8264 11704 12733 7255 470 -1817
8314 11505 12273 9207 621 -2062
8418 11558 12168 10986 534 -2483
8958 11803 11906 13778 460 -3678
8865 11986 11280 17161 1113 -5188
8962 10614 10921 20935 3741 -6276
7852 9632 9818 26574 6432 -7382
6702 9114 7765 31924 8064 -7915
5594 9438 5896 32767 7629 -8268
4830 10084 4665 32767 6473 -8699
3694 11105 3603 32767 5245 -8705
1932 11700 3052 31053 4159 -8919
669 11658 2325 28427 3209 -9132
776 10370 1193 28194 3379 -9541
329 9482 89 29603 3498 -9432
152 8946 -1250 31744 3271 -9399
-373 8772 -2609 32767 3036 -9243
-910 9957 -3654 32767 2573 -9326
-1150 10990 -4416 32767 2576 -9748
-2218 12053 -5042 32594 2697 -10263
-2224 12452 -6317 30425 3538 -10492
-2718 11669 -7334 28029 4653 -10709
-3368 12309 -8722 25154 5527 -9863
-3378 12681 -9318 21420 5747 -8406
-3489 12144 -9570 17914 5599 -7310
-3016 12178 -9222 15099 5062 -5947
-2929 12569 -8828 11626 4774 -5287
-3328 13440 -8310 7259 4417 -5470
-3524 14145 -7484 3194 3722 -6119
-2400 12897 -6440 1010 4792 -7890
-2173 11977 -5588 1419 7575 -10047
-2297 12169 -5092 2869 9320 -11932
-2624 12860 -4589 4112 9339 -14058
-3245 14749 -4124 3139 8166 -15467
-3664 16644 -3170 -671 6169 -16135
-4260 19069 -2398 -7052 4226 -17187
-5269 20290 -1574 -15322 1925 -18005
-6278 20950 -1573 -21477 -940 -18697
-5421 16796 -1806 -21901 -1795 -20688
-6372 16905 -757 -19297 -3279 -23227
-7041 20377 521 -19224 -7414 -24978
-6317 20978 2080 -21084 -10754 -25577
-7966 23064 2577 -24513 -13149 -25818
-6925 20762 4413 -24830 -13755 -25088
-8890 20940 6004 -23988 -13580 -25619
-10190 24466 7098 -23928 -16750 -26203
-10673 23914 7540 -23828 -18985 -27524
-11028 24465 8149 -23265 -20108 -27712
-11756 25350 8614 -23165 -20249 -27030
-11946 24369 10069 -23989 -19636 -24950
-12850 26438 11001 -27523 -17758 -23300
-13700 28678 11430 -32501 -17262 -22529
-13938 27796 12080 -32768 -16632 -23363
-15368 27672 11086 -32768 -17753 -23981
-13898 22092 11485 -32768 -19286 -25170
-11281 12714 13561 -32768 -16389 -26360
-11292 6220 17656 -32768 -10949 -26326
-14942 8346 19701 -29210 -10852 -23331
-17332 11621 21041 -23504 -13934 -20316
-19190 16530 22256 -26842 -18419 -17519
-19434 18381 22012 -32629 -23714 -14915
-19053 17136 20818 -32768 -28119 -12364
-15860 12581 20329 -32768 -28908 -10541
-13448 8302 19516 -32768 -26582 -10304
-12569 4649 18596 -32768 -26425 -10185
-11668 1410 17829 -32768 -25406 -9308
-11374 317 17868 -32768 -24287 -8906
-12209 1254 17545 -32768 -24521 -7860
-11288 966 18037 -32768 -24730 -7585
-10545 -60 18708 -32768 -23086 -6864
-10094 -334 18810 -32578 -21576 -5686
-8612 -1554 19098 -29682 -19423 -5086
-7368 -2829 19393 -24943 -15274 -5225
-7796 -2030 19242 -20114 -13026 -5441
-8042 -780 19117 -16670 -12831 -5590
-7774 -612 19673 -13707 -13464 -5954
-6558 -793 19317 -10287 -13509 -6525
-5597 -353 18708 -6857 -12592 -6663
-5840 752 17376 -4780 -12266 -6645
-6017 402 16484 -4392 -12418 -5999
-5917 16 15840 -3597 -11928 -4944
-6141 -50 15364 -2245 -12012 -3970
-5116 -122 14873 -1348 -12413 -3486
-4613 -153 14060 -567 -12026 -3199
-3730 218 13328 -381 -11507 -3076
-3209 216 12753 -736 -10480 -3112
-2890 193 12068 -1564 -9348 -2862
-2814 -550 11565 -2124 -7897 -2289
-2718 -1585 11165 -2747 -7097 -1047
-2320 -2269 11069 -2506 -6799 84
-1880 -2608 11108 -1878 -6538 520
-1785 -2558 10650 -1454 -6494 914
-843 -3119 10272 -959 -6099 902
-672 -3284 10176 -391 -5036 671
-226 -3297 9874 3 -4032 405
325 -3521 9948 51 -2853 219
370 -3726 10084 -52 -1853 284
434 -4046 10309 -281 -1254 618
453 -4445 10317 -660 -1076 889
569 -4744 10692 -846 -839 1119
804 -4830 11194 -445 -462 1157
900 -5136 11456 -231 -221 1033
908 -5380 12031 -21 -60 988
1100 -5549 12598 316 314 866
1132 -5637 13006 571 727 687
967 -5749 13210 862 915 445
753 -5934 13097 1168 895 256
481 -5916 13200 1514 571 191
366 -6146 13224 1924 257 313
416 -6404 13518 2236 -59 336
1072 -6370 14166 2165 -199 258
1214 -6590 14346 2526 173 20
1182 -6514 14480 2575 129 -138
874 -6432 14596 2704 6 -377
822 -6674 14569 2838 -424 -407
1021 -6344 14477 3142 -708 -638
1190 -6201 14408 3649 -662 -900