5474 5749 19995 -565 -32 1618
6025 6094 20770 -195 -18 1728
6321 6980 21988 983 95 1334
6131 8061 23506 1933 -105 1182
5806 8937 24933 2142 -1166 1476
5850 9622 26424 1553 -3114 2740
5781 10682 27570 264 -5583 4462
5792 11192 28238 -444 -7506 5548
5772 11905 28284 -29 -9006 6130
5578 11809 27565 1118 -10403 6257
5569 11910 26904 2576 -11624 6296
5757 11802 26178 3921 -12417 6469
5725 11681 25129 4980 -13101 7344
5728 12546 24302 4630 -13369 8794
5269 12618 22972 1881 -14521 10591
4307 12490 21061 -2374 -16441 13489
3626 11284 19546 -6255 -18229 15949
4021 10273 18523 -9031 -19782 18296
5172 7356 17714 -8673 -20713 19259
5688 6605 16648 -6564 -21317 19581
6086 5465 14841 -4835 -21670 19746
6073 5020 13089 -3736 -21263 19787
6239 4282 11115 -3220 -19952 19423
5666 4073 9237 -4688 -18887 19191
5247 2765 7416 -6468 -17898 18775
4695 1176 5582 -7305 -17010 18693
4693 38 4124 -6782 -16380 18532
5008 -1164 3053 -6189 -16178 18161
5722 -1938 2632 -5010 -15407 17414
6088 -2704 1947 -3454 -13911 16078
6730 -2877 1967 -2878 -11717 14420
7152 -3394 1878 -3098 -8934 12851
7516 -3748 2238 -3926 -7077 11715
7749 -3978 2404 -4885 -5102 10411
8029 -4373 2941 -4934 -3848 8918
8464 -4886 3470 -4616 -2668 7870
8885 -4966 4554 -3005 -1524 6382
9334 -4958 5304 -2036 -204 4645
10135 -4696 5779 -768 944 2878
10473 -4176 6313 947 2745 836
10447 -4031 6650 2197 3479 190
9863 -3713 6478 2555 3434 436
8960 -3444 6128 1209 2777 655
9195 -4292 6048 -1190 1969 715
9962 -5224 6528 -3244 1050 741
10560 -5507 7133 -2978 438 436
11042 -5797 7152 -1545 -52 57
11727 -5687 7628 287 -194 -394
12300 -4837 8510 1798 657 -684
12472 -3561 9048 1756 1277 -1322
12456 -2940 9430 1186 1449 -1914
12344 -2417 9674 519 1489 -1630
12576 -1935 9728 -224 1084 -1289
12837 -1792 9885 -503 981 -675
12977 -1378 10169 -836 959 -48
13012 -1342 10390 -977 451 441
13076 -1770 10094 -441 111 826
13117 -2000 10072 -110 -377 987
13533 -2456 10174 327 -449 1143
13794 -2841 10274 240 -33 1284
13662 -3317 10244 -222 450 1429
13658 -4185 10342 -814 580 1654
13749 -5017 10044 -1094 580 1479
13838 -5739 9499 -352 691 799
13968 -6513 8905 1026 1146 -170
14045 -6673 8712 2813 1777 -1337
14037 -6591 9024 4601 2508 -2722
13910 -6046 9044 5709 3009 -4221
13875 -6152 9426 6855 2832 -5750
13843 -5942 9684 8290 3157 -6920
13689 -5116 9838 8756 3304 -6938
13569 -5021 10000 9261 3430 -7043
14236 -6036 10274 10955 3971 -7872
13416 -4936 10346 12639 3797 -8864
13737 -4877 10617 14754 4137 -10575
13530 -4637 10821 16950 4939 -12269
12614 -3062 10388 18660 5222 -14260
12211 -1965 10077 20968 6196 -16511
11445 -1329 9529 23091 7165 -17578
10662 -632 8858 24562 8439 -18604
9970 470 8781 26995 9334 -19882
9111 1539 8613 30121 9784 -21381
8120 2653 8128 32376 9976 -22385
7011 3628 7485 32767 10472 -23495
5506 5304 6578 32767 10754 -24094
4608 6154 5533 32767 10487 -24334
3838 7545 4221 32767 10136 -24240
2952 8937 3260 32767 10357 -23889
2018 10152 2496 32767 10943 -23339
500 12622 1561 32767 11398 -22166
274 12957 1349 32767 12239 -21638
-750 13644 544 32767 12648 -20865
-1393 14042 -272 32767 12368 -19715
-1509 14052 -1520 32767 11379 -18009
-952 14275 -2301 32767 10573 -16543
-2172 15944 -3170 32331 10039 -15938
-1741 16886 -3226 29687 9882 -15189
-1655 16874 -3268 26792 11070 -14574
-2530 17560 -3964 24376 11883 -13528
-2882 17468 -3974 22544 11849 -12623
-3084 17942 -4585 20387 11066 -11762
-3258 18488 -5265 18454 10014 -11168
-3408 18836 -5122 17242 9968 -11013
-3101 19249 -4672 16256 10411 -10950
-3156 18684 -4214 15899 11416 -11212
-2976 18385 -3799 16150 12348 -11534
-3141 18022 -3910 16371 12652 -11554
-2965 19004 -3945 15556 12091 -11509
-2953 18946 -3988 14254 11258 -11398
-3449 19901 -3949 12173 10243 -11107
-3346 21316 -3325 9109 9295 -10640
-2931 20656 -2411 6424 8835 -10330
-3096 19677 -1549 5406 8484 -10007
-3116 19458 -1444 5149 7794 -9757
-2933 19098 -1073 5027 6570 -9796
-2632 18894 -746 4253 5811 -10085
-2574 18940 -571 3006 5485 -10508
-2994 18673 -558 857 4491 -11112
-4186 19884 -267 -3105 1966 -10907
-4104 21332 684 -8723 -394 -10632
-3976 21418 1362 -13402 -1975 -10361
-4379 22463 2072 -19637 -4232 -9279
-3564 21836 3254 -25581 -5470 -8763
-3875 22067 4404 -29714 -5878 -8078
-3615 21281 6230 -31927 -5748 -7902
-4773 22248 6903 -32768 -7195 -7427
-1230 18008 9329 -31984 -5062 -8097
-3472 18852 10840 -29001 -2887 -9056
-3966 20554 12102 -30135 -4614 -8771
-4402 22085 12764 -32768 -6967 -8020
-3233 19639 12475 -32768 -7949 -5195
-2892 13317 14113 -32768 -4750 -4714
-176 7448 16854 -32768 900 -7556
-3448 9282 18433 -27859 4712 -11123
-6415 14690 18638 -21104 3299 -12982
-9183 20888 16153 -32047 -1255 -11176
-8874 18584 14961 -32768 -5564 -6826
-8453 12508 15864 -32768 -7195 -2814
-4958 5374 18786 -32768 -6207 -2160
-5719 3287 21843 -32768 -6060 -3946
-5632 4380 23624 -32768 -6431 -5315
-7028 6260 23856 -31604 -7553 -6795
-7469 5058 24524 -31881 -11307 -5376
-9189 6432 24329 -32768 -15761 -1294
-6766 4550 24476 -32768 -18063 990
-5500 2166 24365 -32768 -17309 1612
-4472 558 23594 -32768 -16060 1774
-3145 -918 22725 -31637 -14480 85
-1785 -1850 21844 -26468 -12142 -2535
-2132 -1264 20750 -21958 -9924 -5459
-2917 -995 19579 -19136 -8887 -7697
-4153 -796 18213 -17062 -9063 -8193
-4480 -781 17928 -15606 -10649 -7393
-3413 -645 17586 -13585 -12480 -6042
-2354 -704 16713 -11509 -11635 -5673
-859 474 15529 -8564 -8198 -7110
-845 1110 14752 -5253 -3714 -9038
-1518 1370 14210 -3919 -1614 -9534
-2171 1473 13457 -2547 -274 -9020
-2853 2018 12576 -2165 266 -7092
-3226 2444 12397 -2546 -228 -5318
-2988 2465 12221 -3117 -260 -3855
-2660 2229 12134 -3834 -256 -2495
-2024 1625 12284 -4104 54 -1615
-1634 1052 12174 -3745 516 -1112
-1482 366 12073 -3404 784 -666
-1545 -82 12078 -2764 971 -614
-1649 -629 12121 -1873 969 -484
-1544 -1101 12488 -1002 831 -365
-1358 -1388 13140 -786 621 61
-1238 -1720 13534 -899 419 794
-954 -2078 13986 -1441 196 1402
-770 -2666 14498 -1807 -207 1847
-345 -3232 14789 -1476 -343 1855
-156 -3725 14970 -646 -409 1554
2 -4105 14957 364 -393 1246
93 -4230 15159 1151 -409 766
-46 -4358 15300 1371 -624 540
172 -4542 15290 1459 -538 458
25 -4604 15289 1407 -305 454
219 -4705 15538 939 -294 577
335 -4721 15739 719 -214 621
313 -4797 16033 614 -105 644
307 -5052 16168 520 -107 653
341 -5180 16254 634 -122 546
209 -5416 16174 685 -170 353
76 -5442 16036 859 -322 201
-62 -5296 15925 919 -645 145
6 -5037 15880 1001 -942 130
141 -5050 15764 958 -1058 256
277 -4981 15683 818 -970 354
-30 -4940 15277 496 -1062 591
136 -5068 15084 49 -1443 475
361 -5250 15025 273 -1007 404
416 -5009 14961 415 -925 248
493 -4894 15149 368 -588 151
411 -4877 15155 166 -450 109
338 -4890 15246 -18 -468 108
284 -4931 15531 177 -609 103
394 -4985 15738 666 -1029 -91