11272 204 12169 5254 -2231 4054
11161 1672 11328 6895 -2500 3589
10824 3137 11138 6422 -3139 3326
10848 4233 11064 3888 -3332 3162
10900 4977 11382 573 -3106 2566
11070 4978 11628 -2289 -2742 1911
11354 4334 11101 -4950 -1857 623
10850 3852 11025 -6343 -584 -265
10600 3469 11306 -6609 230 -362
10913 2778 11418 -4977 180 -291
10844 2844 11568 -2920 354 -296
10200 3677 11761 -1445 275 311
10149 4589 12113 -612 -102 314
10050 5132 12510 -147 -758 312
10788 5196 13073 -81 -685 202
11040 5280 13302 -38 -324 -194
10909 5410 13261 -315 -48 -659
10798 5493 12960 -1006 167 -891
10652 5564 12717 -1593 622 -925
10533 5621 12429 -2061 1338 -855
10529 5984 12448 -2327 1762 -642
10568 6114 12614 -2649 2076 -445
10508 6096 12836 -2817 2019 -302
10645 6093 13102 -2952 1852 -80
10834 5976 13433 -3062 1755 -53
10838 5708 13529 -2946 1517 -41
11165 5434 13513 -2828 1589 38
11090 5405 13546 -2851 1698 27
10934 5390 13608 -3080 1549 153
10994 5260 13578 -3528 1502 204
10929 4660 13673 -3676 1402 344
10841 4350 13350 -3455 1238 418
10789 4058 13030 -3012 918 600
10794 3812 12622 -2486 615 591
10810 3676 12633 -2148 454 740
11284 3501 12676 -1721 894 788
11278 2953 12676 -1010 1722 634
11617 2444 12900 372 2596 552
12278 1122 13041 2857 4138 413
12578 -26 12948 6903 6368 243
13021 -1377 12788 12495 9371 -390
11826 -569 12361 17987 11467 -1004
11618 -45 11688 22399 13239 -2159
10445 1573 10882 24460 14002 -3524
10466 1608 10914 25877 14757 -5122
9860 1792 10580 27208 15644 -6638
9058 2185 10502 29287 16313 -7811
8925 969 10449 32518 17125 -8448
7413 2264 9106 32767 17277 -8232
6405 4170 7750 32767 16508 -8068
5890 5070 6786 32767 15696 -8278
4500 6438 5272 32767 14364 -8593
3489 8260 4240 32767 12596 -8463
2905 9592 3933 32767 10480 -8460
2224 10366 3572 32767 7892 -8855
1621 10256 3537 32759 4977 -9062
1446 9885 1897 32460 2434 -9118
399 10406 -341 32242 -186 -8244
46 10609 -1967 32767 -2102 -6614
-1362 11792 -1394 32767 -4706 -5400
-1173 13041 -1072 32767 -6925 -4696
-1979 17224 -2407 32767 -6668 -4868
-1789 19883 -2908 32271 -5624 -6020
-1106 20405 -2748 26706 -2942 -6967
-628 20033 -2685 22029 -512 -6926
-577 19215 -2877 18323 757 -6116
-1534 19345 -3286 14126 212 -4825
-1674 19589 -3188 9322 -1040 -4144
-1712 19428 -2956 4648 -1305 -4142
-2046 19393 -2238 1124 -1469 -4305
-806 17888 -772 203 -1373 -4622
465 16957 -118 2160 -503 -5364
1089 17782 666 3665 -5 -6098
2274 18764 1434 4183 487 -7335
3054 18394 1632 3596 716 -8483
3093 18640 1561 1426 123 -9119
3262 19292 1985 -2177 -1127 -9646
3006 20186 2588 -7770 -2606 -9690
3061 20842 3520 -14200 -4042 -9423
2864 21544 3749 -20964 -4657 -9041
3400 20136 4509 -23741 -3894 -10045
3137 19120 5962 -23147 -2734 -11028
3152 18293 7389 -20857 -1842 -11893
2377 18497 8405 -21123 -1913 -12058
1346 19793 8917 -26153 -3051 -11008
417 20125 9125 -32212 -4823 -9261
280 20560 9366 -32768 -5554 -7812
-748 20434 10617 -32768 -7175 -5414
238 18981 12454 -32768 -7734 -2901
1386 17529 14334 -32768 -6904 -1353
789 18096 15670 -32768 -8019 704
2249 15312 16690 -32768 -8125 1410
3296 13408 18177 -32768 -6851 420
4004 12630 19782 -32768 -5668 -1125
3896 12632 21094 -32768 -4663 -2169
4440 11973 22018 -32768 -4101 -3052
4580 11054 23142 -32768 -2488 -3059
3721 11608 23510 -32768 -1593 -1888
2481 11081 23309 -32768 -2219 17
2841 10192 22800 -32768 -2265 1280
2826 8941 22736 -32768 -3219 1958
3288 7160 22580 -32768 -3299 2093
3472 6314 22985 -32768 -2831 1268
3790 6070 23629 -30604 -2808 -683
3634 5261 23558 -26487 -1152 -2502
3014 5140 23673 -22676 -267 -4157
1953 6037 23905 -20826 -777 -4733
1661 5994 23960 -20123 -1979 -4398
1910 5465 24385 -19874 -2804 -3453
2540 5010 24240 -19683 -2723 -2759
2706 4432 23586 -19505 -2448 -2650
2753 3337 22994 -17774 -1549 -3026
2486 2898 22402 -15932 -1055 -3690
2061 2836 22048 -14014 -1355 -4908
1460 3044 22057 -12525 -1897 -5720
848 3124 21780 -11081 -2325 -6159
204 3746 21478 -10134 -3127 -6239
-40 4149 21250 -9270 -3964 -6211
-68 4244 20773 -8346 -4519 -6034
-41 4500 20126 -7304 -4689 -5893
-306 4981 19170 -6511 -4841 -5836
-521 5005 18185 -5838 -4896 -5729
-677 4940 17145 -5248 -4828 -5669
-816 4833 16237 -4628 -4848 -5610
-862 4522 15329 -3685 -4805 -5402
-862 4557 14482 -2638 -4730 -5246
-792 4518 13776 -1685 -4598 -5078
-673 4428 13274 -987 -4326 -4882
-785 4225 12834 -197 -3838 -4394
-841 4129 12476 -92 -3421 -3654
-677 4334 12348 -266 -3092 -3048
-482 4293 12262 -491 -2834 -2429
78 3857 12302 -611 -2272 -1902
466 3386 12409 -670 -1720 -1613
677 3069 12466 -439 -1355 -1615
981 2561 12588 187 -1036 -1843
1201 2100 12576 1205 -820 -2098
1597 1697 12860 2053 -651 -2272
1781 1961 13282 2251 -578 -2260
2006 2165 13798 1921 -523 -2069
2272 2142 14132 1278 -319 -1718
2509 2004 14448 740 -15 -1424
2605 1850 14524 384 70 -1362
2682 1541 14525 519 83 -1372
2822 1389 14680 1158 55 -1477
2662 1441 14558 1906 12 -1610
2709 1374 14662 2401 -103 -1590
2837 1329 14982 2894 -142 -1388
2716 1469 15289 3165 -566 -1014
2790 1348 15472 3263 -1128 -438
3150 1177 15765 3100 -1629 -30
3208 1260 15785 2813 -1936 239
3462 1138 15912 2459 -1932 313
3682 1144 16152 1919 -1486 317
3898 1149 16400 1364 -901 407
4137 1044 16836 1011 -224 549
4311 986 17156 902 557 768
4370 1137 17601 800 1218 987
4361 1334 17916 451 1515 1024
4160 1496 17928 -276 1554 958
4064 1256 17681 -508 1530 840
4089 1145 17496 -384 1388 737
4070 1084 17334 74 1182 636
4116 1290 17170 395 1030 563
4009 1449 17034 366 913 528
3866 1494 16696 121 842 458
3865 1418 16387 -156 1172 426
3810 1637 16469 -280 1451 364
3637 1695 16422 -362 1358 378
3582 1578 16569 -450 1194 505
3430 1593 16732 -475 903 727
3498 1543 16678 -304 560 949
3534 1560 16732 -170 308 935
3432 1628 16605 -53 -107 985
3404 1712 16578 -99 -675 1096
3244 1864 16560 -327 -1233 1341
3148 1882 16490 -801 -1815 1531
3239 1492 16635 -1248 -2495 1725
4082 503 16775 -938 -2481 1891
4513 426 16721 -496 -1594 1780
4418 672 16840 -141 -975 1606
4365 628 16870 97 -546 1401
4356 558 16972 283 -176 1201
4116 706 17046 346 -27 1190
3880 595 16889 475 -131 1137
3616 534 16795 87 -600 841
4268 394 16968 151 -448 793
3776 624 16802 454 -627 821
4089 411 17069 -163 -971 681
4219 365 17049 -10 -713 641
4129 478 16801 -10 -950 392
4162 421 16486 90 -1179 211
4228 572 16258 365 -1178 150
4362 508 16018 537 -1166 161
4444 759 15911 521 -1138 22
4522 851 15877 382 -940 -27
4510 1066 15834 323 -751 -37
4455 1039 15804 312 -603 -78
4318 1041 15860 288 -634 -100
4468 955 16109 185 -622 -54