-6461 4360 19817 976 4067 1200
-6996 4028 20573 1889 4724 1544
-7441 4037 21041 3240 4513 1552
-8068 3221 21517 5192 3729 1805
-8588 2470 21940 7435 2073 1620
-8912 1653 22736 10017 -788 1346
-9205 1510 23620 13470 -3924 1641
-9180 2478 24778 16685 -6429 1969
-9461 4237 25213 17698 -8574 2220
-8521 5837 24884 17531 -10437 2152
-7664 7853 24161 16836 -12019 2384
-6758 9833 22880 15953 -13686 3052
-6365 11762 21806 14993 -15183 3855
-7157 12821 21028 13909 -16467 4987
-7362 13608 20769 13309 -17981 6270
-7174 13857 21248 13558 -19661 7103
-6456 15128 21448 12925 -21817 8026
-5421 16818 21190 11226 -23478 9244
-4528 17818 20490 9371 -24130 10359
-3092 18554 19953 7911 -24560 11502
-1910 19008 19045 6264 -24986 12506
-937 19470 17793 4431 -25086 13608
-374 19894 16665 2307 -24931 14914
369 19774 15961 457 -24433 16186
878 19234 15476 -800 -23595 17165
1493 19328 14672 -2223 -22914 18187
1953 19500 13714 -3846 -22601 19231
2272 19012 12382 -4489 -22456 20489
2500 19136 11854 -4105 -21552 21638
2638 20778 11150 -4991 -20547 22792
2941 20501 10225 -7147 -19881 23618
3050 19032 9098 -9191 -19303 24441
3100 17818 8130 -10357 -19101 25528
3252 15825 7364 -10761 -18682 26876
3922 14690 7077 -10465 -17526 28038
3809 12974 6705 -10377 -16166 29251
4120 11192 5922 -10677 -14321 30724
4417 9442 5158 -10884 -12312 32138
4000 8818 4276 -11009 -10644 32767
4044 7433 3846 -11374 -9186 32767
3633 6049 3790 -12527 -8396 32767
3370 4286 3149 -14118 -8042 32767
3325 2860 2770 -14524 -8190 32767
3260 922 2861 -13827 -8803 32767
2948 -680 3026 -12971 -9602 32235
3113 -2090 3128 -11386 -9977 30344
3318 -4009 3169 -8942 -9596 28043
3804 -5417 3649 -6371 -8349 26003
4148 -6150 4049 -4648 -7093 24158
4325 -6682 4340 -3569 -4960 22162
4441 -7334 4945 -2999 -3666 20044
4330 -7642 5684 -3406 -2543 18405
4330 -7092 6534 -4880 -2123 16799
4422 -6812 7426 -7039 -2356 15517
4560 -6765 7460 -9358 -2974 14343
4768 -8009 7225 -10802 -3846 13343
4762 -9441 7489 -10838 -4741 12342
5186 -9929 7552 -10134 -5311 11410
5761 -10394 7313 -9039 -5492 10500
5777 -10625 6996 -7414 -5161 9393
6294 -10776 6969 -5857 -4741 8221
6668 -10428 6940 -4707 -4261 7014
6949 -10085 7033 -4120 -3876 5678
7189 -9988 6948 -3800 -3569 4398
7262 -9577 6860 -3785 -3263 3290
7373 -9426 6664 -3798 -3174 2306
7482 -9562 6296 -3207 -3304 1554
7197 -10232 5732 -1436 -3882 865
7093 -10629 5398 1492 -4322 88
7140 -10872 4856 5142 -4873 -1074
6673 -12484 3968 10705 -5540 -2766
6232 -13357 3296 18080 -5803 -4395
6700 -12605 2860 25462 -6078 -5600
6513 -12048 2209 31842 -6250 -7299
6465 -12222 2178 32767 -5582 -9442
6566 -10944 1618 32767 -4698 -11784
6480 -9964 653 32767 -3681 -14384
6657 -9282 62 32767 -1805 -16954
6342 -7008 -304 32767 305 -19628
6189 -5085 62 32767 3159 -22135
5612 -2949 772 32767 6486 -24269
5361 -198 1582 32767 9561 -26172
4497 2284 2522 32767 12070 -27692
3924 3980 3660 32767 14444 -29206
3573 5048 4080 32767 16472 -30186
3153 5562 3938 28707 17653 -30028
2886 5652 3786 21040 18403 -27890
2944 6377 4152 14325 19278 -24204
3090 8550 5373 8419 20883 -20010
2474 10686 7436 3177 23217 -17006
1293 12726 9618 -2587 24599 -17027
224 14825 11510 -8326 24011 -19591
821 14664 13134 -12750 22468 -22666
1296 13662 14037 -15076 21252 -24376
1725 12030 15370 -14892 21060 -24262
1452 11790 17838 -15198 21021 -21892
1697 11518 19177 -14990 20517 -18411
928 8569 20736 -11019 19694 -16166
100 8200 22909 -6014 18517 -14601
94 8765 24941 -3660 17262 -13760
-465 9780 26610 -5175 15131 -14102
-930 11530 27888 -10331 12335 -15073
-977 12790 28313 -18545 10385 -15868
-1317 11594 26408 -25595 8206 -15960
-1776 4949 25012 -23756 5376 -16422
-1990 2914 25053 -16562 2865 -16826
-1638 3418 25182 -10806 907 -16255
-1876 3638 25185 -8157 -579 -15877
-1872 3949 24978 -7435 -1615 -15860
-1892 4644 24438 -8389 -1981 -16075
-2065 6025 23798 -11492 -1299 -16268
-2320 8182 23358 -14860 69 -17092
-1914 8778 22237 -18191 957 -18250
-1561 8874 21438 -20784 996 -18756
-1284 8120 21149 -23026 1103 -18456
-1217 8021 20240 -24556 1300 -17822
-1464 6385 19354 -25187 1492 -16570
-1893 5821 18778 -24331 1564 -15512
-1542 5380 18989 -22570 2699 -14699
-1572 5452 18878 -19008 5659 -14772
-1538 4925 18857 -15300 7741 -13207
-2038 4508 19082 -12046 7688 -12721
-2496 4284 19025 -9242 5757 -12741
-2893 4036 18370 -6139 3095 -12166
-2636 3844 18297 -2950 745 -11834
-2205 3218 18324 540 -287 -11302
-2045 3329 18266 3438 -457 -10488
-1749 3589 18317 5096 -726 -10190
-1482 4398 18465 5009 -1048 -10254
-1122 4690 18541 4027 -903 -10213
-809 4868 18400 2891 -247 -10332
-561 4638 18013 2199 497 -10174
-484 4616 17574 2163 1187 -9808
-646 4418 17062 2634 1654 -9268
-1065 4626 16801 3340 1826 -8642
-1433 4974 16857 3873 1786 -7840
-1634 5152 16800 3971 1457 -7202
-1598 5197 16829 4218 1112 -6621
-1514 5349 17149 4304 923 -6110
-1322 5805 17492 3906 947 -5664
-1229 5648 17737 3301 1109 -5216
-1266 5720 17841 2576 1438 -4699
-1362 5593 17629 2066 1755 -4172
-1560 5350 17258 1671 1834 -3497
-1858 4984 17258 1624 1645 -2723
-1929 5010 17336 1529 1356 -1936
-1845 4782 17325 1471 1132 -1278
-1813 4477 17388 1436 825 -774
-1680 4094 17396 1445 473 -327
-1633 3850 17504 1286 333 138
-1637 3316 17648 829 252 724
-1268 3098 17889 494 303 1039
-1041 3230 17828 125 437 1075
-1225 2986 17577 -398 377 1167
-1188 2681 17248 -608 174 1158
-1212 2372 16993 -202 125 1200
-1236 2156 16921 610 215 1480
-1184 2113 16848 1421 162 1836
-1136 2289 16872 1865 -152 2213
-1252 2310 16733 1895 -616 2460
-1230 2469 16430 1641 -1053 2563
-1050 2552 16132 1351 -1282 2474
-980 2604 16094 1011 -1229 2212
-789 2585 16214 647 -939 1938
-733 2648 16472 374 -533 1631
-636 2632 16745 216 -325 1467
-681 2464 16806 230 -133 1320
-1077 2340 16678 82 -128 1284
-1394 2644 16561 476 425 1225
-1797 2257 16413 173 374 1514
-1456 2174 16522 536 29 1332
-1746 2156 16714 886 297 1357
-1457 2422 16900 675 339 1172
-1565 2317 16768 644 183 876
-1470 1992 16566 686 -302 649
-1360 1781 16646 848 -388 598
-1373 1856 16614 951 -183 679
-1197 2102 16552 1085 91 614
-1120 2284 16548 1156 368 545
-898 2506 16746 982 357 429
-819 3076 16897 155 257 219
-809 3484 16901 -1028 530 176
-740 3112 16718 -1340 752 243
-1157 2469 16622 -1411 1171 601
-1044 2533 16685 -1333 1617 797
-1134 2406 16885 -808 2059 974
-1308 2484 16897 -524 1923 1034
-1386 2601 16870 -228 1353 839
-1905 2541 16940 -528 675 985
-1344 2636 16929 -723 26 791
-1657 1922 17034 -522 164 816
-1516 1866 17200 -352 584 797
-1498 1996 17294 -321 978 594
-1486 2093 17006 -420 743 271
-1643 1927 16724 -537 83 -14
-1636 2108 16680 -528 -419 -258
-1424 2153 16521 -189 -393 -344
-1418 2120 16417 217 -213 -309
-1430 2299 16242 465 4 -166
-1336 2541 16165 504 -106 -151