1437 5364 4501 -32768 -7747 26164
2437 3530 4364 -32768 -9998 25449
3502 2401 4313 -32000 -11036 24502
4658 1460 4662 -29858 -10995 22955
5730 145 5434 -26636 -9887 20805
6306 -140 6024 -24561 -9153 19306
7169 335 5824 -23693 -8805 17830
8246 676 5912 -24940 -8078 15527
8840 702 5836 -26611 -6789 14037
9281 -702 6336 -28124 -4559 12173
9121 -1905 6637 -28094 -1983 10592
8987 -3212 7157 -25643 -694 9012
8793 -3914 8117 -21479 -391 7619
8610 -3549 8462 -18060 -874 6986
8912 -3410 9348 -15656 -1558 6555
9507 -3252 10112 -13405 -1649 6026
10082 -2576 11209 -10755 -1668 5286
10743 -2513 12201 -7698 -919 4517
10856 -2112 12813 -4409 78 4007
10801 -1244 13365 -1390 854 3268
10477 -789 13240 128 1416 2758
10405 -176 13408 1137 1528 2238
9932 306 13023 1458 1160 1748
9701 806 13008 768 284 1482
9753 1217 13010 98 -233 1339
9752 1278 13014 -40 -617 1333
9900 1272 12963 -137 -814 1477
10099 1422 12928 -451 -921 1440
9958 1466 12877 -883 -1065 1362
10025 1478 12708 -1307 -939 1134
10102 1549 12648 -1857 -786 714
10104 1301 12578 -1965 -592 233
10220 1101 12729 -1633 -511 -103
10438 876 12766 -1155 -464 -118
10633 826 13010 -644 -288 -85
10649 919 13107 -139 -156 -87
10681 1146 13092 -163 -102 -28
10582 1142 13042 -246 -134 15
10532 1336 12874 -368 -293 -16
10417 1196 12500 -495 -859 325
10418 808 12541 -290 -1735 896
10510 264 12670 198 -3074 1756
10508 586 12594 -62 -4483 2574
10680 384 13081 -635 -6299 2760
11421 -386 13666 -710 -8045 2631
12038 -885 13804 -322 -9047 2532
12674 -1233 13309 332 -9138 2377
13736 -2374 12881 2077 -7780 1956
13946 -2229 11956 3920 -5154 1402
13789 -1957 11453 4796 -3125 642
13909 -1832 11086 5382 -1116 -520
13449 -1396 10537 5327 363 -1735
13313 -2118 10129 5590 1948 -3000
13274 -3080 9840 7420 3826 -4621
13288 -3788 9642 10983 5967 -6486
13284 -4654 9766 16392 8164 -8645
13390 -5053 10160 22633 10468 -11233
12742 -4392 10252 29190 12545 -13694
11568 -3554 10002 32767 14216 -15354
10924 -2586 8762 32767 16475 -16896
9638 -1040 8141 32767 18891 -17741
8010 1585 8185 32767 19818 -17929
7129 3445 8710 32767 20032 -18283
5734 5298 8550 32767 20205 -18389
4202 5729 8406 32767 19815 -17490
2697 5986 7122 32767 19127 -15821
430 8165 5462 32767 16811 -13282
-2390 12105 3865 32767 11655 -9664
-3217 14572 2604 32767 5882 -6628
-3133 15521 1188 32767 2223 -4444
-2262 15838 21 31828 1036 -2503
-910 16038 -536 28997 923 -1175
820 14341 -1144 27590 1267 -737
1853 13542 -1985 26437 989 -749
3094 13522 -2293 25105 500 -1393
3692 13570 -2424 23895 388 -2665
3856 13989 -2409 22002 753 -3583
4657 13649 -1824 20106 1769 -4554
5256 13548 -1353 18749 3232 -5302
5421 13764 -594 17895 4455 -5963
5082 15121 -333 16632 4779 -6547
4604 16453 -388 14384 4722 -7148
4512 16376 -465 12379 4598 -7852
4140 16253 -465 11182 4735 -8743
3360 16638 -413 10083 4273 -9330
2876 17021 -216 8533 3475 -9970
2194 17560 -4 6447 2588 -10156
2090 18002 577 4033 2315 -10190
1692 19505 2062 1357 1869 -10703
1365 21372 3237 -2718 845 -11039
994 22418 3788 -8791 -820 -11183
1254 22500 4226 -15760 -2333 -10985
1352 21880 4890 -22636 -3605 -11248
816 22456 5718 -28774 -4829 -10868
2452 19961 7506 -30887 -3900 -11355
2017 19693 8862 -31524 -2415 -11837
2550 19038 11005 -30137 -721 -12355
2765 17961 13037 -28008 964 -13242
1925 18381 14522 -27552 1435 -13516
2108 18646 16397 -29518 1644 -13674
1622 19189 17890 -32768 1696 -13333
964 19194 18739 -32768 702 -12079
1262 18077 19368 -32768 -338 -10819
1722 14665 20042 -32768 -1773 -9516
2629 10178 20702 -32768 -1244 -8272
1394 7554 21114 -32768 -2099 -7352
1227 4961 21350 -32768 -3012 -7371
1252 3013 22092 -32768 -2988 -8227
1370 1962 22331 -30145 -2549 -9143
1098 1768 22460 -22372 -2101 -9544
645 3248 22456 -18623 -2300 -9135
-6 4996 22170 -17658 -3093 -8147
358 5656 22121 -17938 -3002 -6923
478 6077 21885 -19218 -1780 -5835
234 6977 21440 -21374 -2420 -4737
589 6381 21037 -22533 -4334 -4326
1409 4846 20680 -21972 -4686 -4447
1436 4010 20524 -20788 -4608 -4467
1346 3982 20092 -19376 -4766 -4806
1176 3350 19626 -17256 -5055 -5228
850 2712 19057 -15420 -5440 -4881
1029 2629 19401 -14316 -5321 -4544
584 3157 19306 -14231 -4970 -4092
262 3361 18928 -14576 -5012 -3556
336 2814 18813 -14327 -4692 -3178
829 2264 18665 -13409 -4080 -3245
1069 1692 18285 -12064 -3699 -3706
1378 1292 17805 -9816 -2822 -4696
1508 726 16868 -7497 -2163 -5987
1898 309 15973 -4760 -1233 -7463
1681 552 15336 -2434 -118 -8832
1637 1045 15316 -773 1114 -10157
1210 1668 15060 553 2611 -11692
482 2356 14946 2064 4279 -13130
-445 2777 14625 3699 5771 -14215
-1541 3141 14437 5949 7075 -14534
-2694 4188 14693 7633 7216 -13862
-3018 5497 15797 7898 6199 -12242
-2928 6766 16602 6344 4949 -10219
-3241 7073 17137 4167 3513 -8197
-3428 7182 17448 2023 1881 -6374
-3110 6113 17465 541 986 -5003
-2906 5274 17310 242 647 -4185
-2690 4820 17068 1198 321 -3829
-2438 4025 16713 3200 283 -3760
-2065 3604 16382 5461 404 -3842
-1861 3664 16100 7315 423 -3773
-1662 3744 16133 8490 508 -3580
-1517 4144 16317 7669 374 -2848
-1138 4510 16589 5729 -22 -1823
-796 4520 16454 3412 -227 -954
-538 4209 16360 1298 -375 -50
-141 3704 16240 -274 -493 878
426 3330 16090 -925 -220 1574
877 2940 16032 -1140 97 1830
1101 2608 16144 -966 480 1974
1176 2261 16353 -822 833 2074
1293 1853 16693 -1025 1046 2172
1265 1630 17113 -1460 1114 2174
1174 1628 17405 -1784 930 2031
1240 1352 17325 -1792 817 1775
1261 1138 17206 -1020 852 1449
1288 1302 17045 1 920 1211
1370 1474 17116 832 947 1040
1480 1800 17133 1481 1069 911
1324 2069 17133 1570 1279 939
1332 2334 17146 1000 1503 1056
1549 2453 17357 237 1842 1274
1200 2410 17436 -550 2182 1542
1258 2510 17693 -1346 2334 1377
1273 2066 18044 -1979 2855 1126
1036 1506 18025 -1394 3477 989
706 1578 17836 -788 3621 229
456 1360 17728 191 3592 -715
449 1078 17666 1684 3826 -1685
148 1186 17405 3497 4019 -2372
-129 1570 17296 4472 3864 -2700
-218 2121 17316 4319 3341 -2614
-226 2573 17425 3296 2842 -2311
-181 2977 17473 1651 2436 -1778
113 3196 17532 277 2273 -1223
-717 2670 17280 -1081 2226 -779
-956 2140 17336 -1749 1901 -264
-546 1705 17070 -1658 1434 76
-604 1228 17044 -1074 1363 317
-304 1504 17152 -284 1162 459
-94 1541 17269 287 1264 267
-166 1588 17338 446 1278 294
-201 1725 17534 332 1166 432
-433 1901 17497 -499 739 733
-272 1746 17522 -1153 414 944
-352 1953 17548 -1603 157 1031
-166 1846 17406 -1813 -96 983
-54 1649 17282 -1570 -130 854
-46 1447 17227 -986 -91 627
13 1202 17282 -160 55 435
-7 1407 17303 831 194 166
2 1418 17406 1767 218 -31
69 1609 17478 2467 265 -246
-104 1833 17600 2804 115 -419