12146 3478 11338 -2384 -1111 400
12176 3418 11304 -2334 -258 102
11981 3344 11286 -2379 536 -187
11756 3204 11405 -2082 1027 -191
11722 3076 11482 -1625 1350 -353
11288 3154 11665 -985 1167 -336
11421 3005 11861 -391 1069 -114
11606 3028 12086 108 1069 40
11665 3156 12273 444 1119 220
11637 3397 12298 591 1249 209
11704 3144 12234 830 1454 -178
11722 3156 12249 1246 1539 -573
11892 3049 12280 1666 1523 -754
12084 3036 12088 2254 1556 -849
12077 3100 12017 2426 1661 -884
12197 2962 12110 2526 1978 -1090
12041 3097 11901 2305 2200 -1257
11910 3168 11838 1638 2287 -1212
11950 3202 11916 958 2174 -1211
11768 3128 11822 394 1731 -1010
11564 2852 11633 -241 1034 -626
11814 2485 11694 -449 368 -394
12218 1960 11589 64 66 -426
12246 1873 11514 757 -194 -444
12581 1889 11596 1550 -239 -701
13266 1425 11797 2865 420 -1357
13085 1508 11732 4452 1179 -2013
12988 1644 11753 5477 1978 -2901
12957 1704 12032 7063 2656 -3910
12621 1596 11784 9025 3096 -4780
12450 1546 11558 11706 3713 -5687
11882 1928 11142 14080 3690 -6432
11366 1930 11149 16228 3018 -6782
11498 1497 11350 18771 1951 -7191
11356 1794 11074 21569 1286 -7385
12001 1182 11264 25525 1918 -8310
11380 2473 10901 28975 2759 -9716
10858 4030 10508 30591 3184 -11539
10305 5432 9650 30399 3212 -13198
9980 6140 8593 29121 3444 -14513
9976 5848 7822 28448 4423 -15809
9190 6245 7204 28153 5344 -16823
8017 7110 6752 26889 5163 -17162
7405 7493 6556 25455 5003 -17123
7176 7133 6329 24851 5468 -17162
5936 8038 6184 24247 5237 -16644
5704 8553 5797 23594 4402 -16294
5278 9010 5260 22898 3805 -16513
4364 9701 4317 22212 3325 -16721
4014 9522 3580 22207 3359 -17068
3353 10394 3044 22401 3923 -17369
2513 11086 2550 22187 4612 -17317
2401 11792 2538 22338 5937 -17070
1708 12906 2072 22247 6608 -16590
580 14414 1066 20776 6068 -16112
37 14378 449 19193 5329 -16064
-388 14358 -180 17735 4573 -15879
-870 14842 -630 16735 4157 -15624
-870 14848 -622 15860 4350 -15640
-2120 15441 -1422 15760 4550 -15654
-3052 15501 -2385 16132 4465 -15518
-2593 15470 -2594 16566 4573 -15165
-2434 16017 -2666 15642 4653 -14628
-2520 16508 -2688 13320 4162 -13705
-2881 17644 -2716 9182 3438 -12643
-3482 19213 -2142 4037 2672 -11643
-3229 20288 -1290 -1212 1980 -10650
-2860 20042 -417 -4426 1972 -9623
-2289 19708 700 -5629 2261 -8772
-1730 19522 1736 -4970 2669 -8445
-1304 19546 2872 -2754 3507 -8572
-593 19206 3698 120 4544 -9459
-1516 20545 3861 1416 4304 -9865
-1489 21776 4497 339 3062 -9811
-1594 23482 4704 -3484 1808 -9026
-2926 25148 4478 -10775 -792 -6327
-2230 25181 4917 -19671 -2954 -2862
-73 22525 5514 -24792 -2124 -309
201 19494 6562 -24768 -1073 1547
737 18092 7530 -22148 -931 2107
1410 17560 8330 -17552 -628 159
438 18268 8774 -15722 -1639 -1639
900 19784 9708 -16848 -2482 -3470
1114 20976 10568 -19965 -2702 -4735
638 21781 11124 -25932 -2787 -3895
765 21625 11996 -32157 -3166 -1104
602 21292 13093 -32768 -2824 2449
485 20240 13736 -32768 -2288 6672
1125 17828 13916 -32768 -2198 9977
2904 13068 14770 -32768 -1914 10181
2972 11598 15493 -32768 -1657 8283
2393 10472 16233 -32768 -3007 5820
3053 9437 17082 -32768 -4186 3050
3006 9958 17513 -32768 -4773 1830
3024 10486 17802 -32768 -4446 1704
3138 10576 17750 -32768 -3208 2534
2773 9784 18088 -32768 -2148 4127
2417 7765 18129 -32768 -1382 6260
2766 5786 17766 -32768 -73 7944
2594 4017 17929 -32337 -284 8227
3418 3573 18120 -28620 429 6721
4366 3626 18576 -24707 2072 3657
4257 3841 19138 -21288 4025 284
3777 4133 20252 -19009 5701 -2565
2386 4181 20686 -17923 5724 -3301
1508 3526 21076 -17232 4929 -3176
785 3306 21356 -16936 3446 -2533
766 3245 21665 -16491 1961 -1950
1066 2340 21817 -15444 785 -1747
1593 2232 21425 -14571 19 -2285
1808 2104 21358 -13423 86 -3083
2468 2529 21513 -11783 592 -4701
2056 2849 21620 -10222 1368 -6473
812 3013 21501 -8794 1409 -7168
296 3497 21716 -7428 798 -7504
74 3990 21694 -6525 117 -7313
353 4326 21298 -5685 -236 -7295
72 4463 20678 -4695 -226 -7269
-133 4583 19950 -3669 -157 -7106
-532 4474 18987 -2618 162 -6936
-910 4488 18447 -2347 -97 -6498
-1190 4506 17844 -2233 -528 -5974
-1106 4492 17490 -2315 -936 -5364
-970 4322 17277 -2388 -1090 -4900
-890 4218 16824 -2396 -958 -4510
-948 4118 16650 -2370 -836 -4204
-1014 3844 16552 -2095 -460 -3818
-814 3680 16498 -1660 -156 -3475
-917 3548 16282 -1734 -34 -3058
-733 3328 16196 -1602 23 -2668
-762 3256 16101 -1356 4 -2437
-700 3141 15981 -954 -51 -2319
-812 3045 16101 -502 -56 -2196
-734 3002 16102 -302 -299 -1987
-629 2882 16226 -394 -507 -1711
-352 2808 16337 -555 -545 -1215
-188 2717 16308 -846 -563 -777
45 2262 16323 -1032 -602 -522
213 2157 16413 -845 -518 -427
316 1974 16332 -481 -302 -496
344 1912 16300 -68 -27 -530
384 1724 16204 193 232 -419
552 1445 16341 188 356 -162
629 1583 16459 -127 359 55
672 1375 16412 -431 305 156
694 1268 16499 -591 271 365
888 1230 16869 -911 250 717
1036 1145 16897 -1064 140 930
991 815 16930 -839 132 1045
882 538 16786 -430 123 999
943 403 16728 -140 -217 859
1146 357 16607 161 -389 582
1443 320 16474 269 -213 360
1557 434 16546 47 -20 186
1660 613 16649 -168 221 128
1744 529 16726 -513 599 60
1449 463 16744 -643 803 169
1316 395 16629 -803 622 171
1063 354 16659 -872 253 122
1144 186 16762 -571 54 93
1227 276 16701 -196 -104 71
1332 373 16646 42 -300 -52
1480 534 16553 257 -293 -185
1529 645 16380 288 -154 -357
1521 734 16285 7 89 -407
1411 813 16247 -281 263 -326
1276 857 16283 -492 369 -229
1204 845 16311 -629 488 -167
1054 884 16245 -559 494 -180
1115 893 16244 -486 439 -216
1353 832 16438 -345 555 -216
1350 965 16501 -143 839 -160
1259 954 16752 -293 832 -65
1276 1024 16814 -439 723 110
1260 906 16858 -538 611 230
1320 840 16831 -528 507 236
1387 763 16873 -216 578 205
1352 665 16806 -76 630 100
1503 724 16782 -64 651 -137
1525 699 16784 -9 796 -340
1427 610 16821 21 879 -334
1327 644 16920 -92 797 -196
1289 659 16979 -483 669 -4
1219 489 16805 -762 548 116
1193 477 16828 -840 407 27
1333 414 16789 -445 410 -227
1230 460 16774 -173 341 -494
1156 484 16849 0 297 -530
1059 615 16832 205 276 -412
1142 667 16865 110 172 -281
1203 624 16907 7 114 -187
1324 792 16858 74 177 -181
1270 829 16837 75 221 -209
1117 813 16696 240 152 -174
1332 893 16870 -34 -22 -210
1451 597 16960 336 98 -245
1403 761 16880 209 -161 -404
1387 815 16858 400 -83 -666
1208 797 16866 763 38 -834
1015 976 16733 938 -41 -909