-9310 16116 10518 32767 32767 -22713
-10193 19074 8320 32767 32767 -13438
-10868 24286 6602 32767 32767 -4071
-12353 27674 5757 32767 32767 5521
-14104 28682 6580 32767 32767 14163
-15736 27890 6881 27636 29986 22106
-12640 22242 7499 15428 18121 27075
-9846 18282 7272 8416 12181 27736
-8045 16777 7063 4418 9115 26814
-6259 15890 7676 -778 6126 24768
-3547 13712 9191 -4605 2950 24884
-1964 13289 10156 -6868 1461 24860
-2115 13572 9848 -11396 -30 25465
-1960 13120 9256 -15711 -1129 26556
-1014 12006 8861 -19609 -1565 26550
-926 11222 8813 -23942 -3195 26150
-236 9361 8581 -25509 -5013 25840
524 8216 8843 -26748 -5892 24934
630 8068 9038 -28400 -7737 24239
1457 7258 9007 -30060 -9793 23518
2884 5931 9038 -31769 -10603 22230
4452 4831 9368 -31797 -9532 20505
5202 3540 9399 -29541 -8299 18514
6440 1766 10018 -23822 -6184 15420
6254 2136 10218 -18832 -4857 13251
7440 2240 11409 -12673 -3691 10099
7278 3857 11800 -7695 -2818 7063
6920 5159 11404 -7621 -2868 5784
6801 5821 11574 -8762 -3417 4711
6496 6293 11306 -10058 -4316 4476
6572 6398 11264 -11786 -5138 4855
7096 6507 11788 -13742 -6200 5105
7358 6184 11925 -14653 -7432 4942
8357 5188 12377 -13987 -7155 4727
9306 4041 13298 -11426 -6155 3891
9298 4246 13642 -8478 -5720 3465
9437 4363 13401 -4964 -5458 2533
9778 4472 12653 -2234 -4255 942
9923 5029 12386 -1785 -2826 -20
9754 5847 12388 -3008 -1509 -653
9438 6144 12252 -5106 -674 -1285
9360 5800 12200 -6409 -283 -1575
9435 4329 12154 -7614 167 -1749
10984 1844 11710 -6599 2196 -2130
13128 -2128 11332 -1098 7131 -2774
14265 -3633 10590 9412 14407 -4250
12820 -2861 9408 18983 21890 -5777
10408 -1033 8870 25891 26764 -6841
7993 1644 8257 30291 29192 -8392
5461 3410 8382 32522 28419 -9000
3799 5046 8153 32767 24975 -9693
3246 6809 8065 32767 20509 -9190
2858 7538 7912 32767 16695 -8585
2535 8830 6791 32767 13287 -8171
1458 11753 4564 32767 10086 -6315
556 14527 3611 32767 6304 -5046
519 15670 2520 32767 5056 -5196
108 16620 1150 32767 6409 -5083
-1068 19350 -227 32767 7408 -4773
-1395 19848 -1315 32382 7143 -4268
-1380 20552 -2218 28751 6955 -3546
-1216 20718 -1762 23785 5975 -2892
-1096 19850 -1605 18982 4940 -2618
-417 18068 -860 16889 4888 -2269
-271 17477 -125 16322 4737 -2480
-4 16986 528 16669 4098 -2649
336 16815 536 16914 3768 -3064
76 17373 742 15984 2292 -3721
-116 17713 998 14452 693 -4371
-636 18330 640 12046 -739 -4987
-828 18832 777 8934 -2095 -5201
-532 18549 921 6226 -2042 -5669
-729 18822 1116 4080 -1158 -6370
-588 18465 1556 3422 65 -7695
-752 18185 2036 4095 875 -8826
-1550 18000 2785 5121 1642 -10331
-2093 16500 3724 6785 3112 -11741
-2610 15989 4078 8871 4446 -13286
-2840 15019 4665 13059 6211 -15203
-2612 13518 3792 19777 9327 -16836
-3106 13857 2182 24978 12399 -18202
-5244 15791 -1218 26960 12375 -18011
-7438 19796 -4170 20818 8713 -15539
-8367 23007 -4490 9009 3074 -12516
-8045 23497 -3433 -139 -1558 -11906
-6620 22536 -1700 -3744 -4450 -12567
-4396 20984 1324 -7508 -7145 -14224
-3291 19568 3651 -11432 -10499 -16105
-3566 18982 3706 -13690 -12829 -16408
-5234 20930 3592 -16807 -15975 -15713
-5519 21836 3122 -22142 -18801 -15584
-5776 21164 3749 -28412 -19825 -16077
-6148 20775 4692 -31784 -18976 -15668
-5822 18702 4882 -30167 -16273 -15434
-7450 20002 5952 -28199 -12464 -15366
-8449 21105 7478 -26648 -10511 -13573
-8562 21988 8526 -27117 -8779 -12769
-11035 25192 9520 -31776 -10994 -10088
-11030 25429 9330 -32768 -13739 -6953
-10753 23136 11014 -32768 -14014 -4600
-9544 20822 13880 -32768 -14180 -2665
-7633 17394 17084 -32768 -12752 -1376
-7184 16242 20165 -32768 -9809 -595
-7944 17020 20218 -32768 -9325 691
-8194 17212 20133 -32768 -8082 1877
-9160 17712 19968 -32768 -8562 3352
-8210 15341 20059 -32768 -8258 3956
-7897 12617 20642 -32768 -7896 5136
-6889 10736 20581 -32581 -6602 5444
-6136 9163 21137 -28603 -6110 5005
-6840 9926 20775 -25218 -6094 4601
-6625 9410 20312 -23892 -6182 3639
-6753 9488 20080 -23405 -6047 3429
-6334 9092 19541 -23072 -5871 3645
-7049 8972 19129 -22961 -6044 4436
-7072 8442 18349 -23470 -6905 5627
-6312 7353 18258 -23253 -6671 6151
-6129 7046 18414 -22222 -6858 6727
-5672 7008 18150 -21542 -7428 6910
-4863 6620 18141 -20789 -6938 6365
-4620 6082 18508 -20089 -6267 6093
-4715 6989 18406 -20998 -5603 6290
-4960 6746 18268 -22364 -5425 6297
-4536 5280 18334 -22310 -4753 6309
-4482 3884 17970 -20972 -4287 6473
-4475 3093 18030 -19374 -4233 6466
-4473 2758 17805 -17065 -4443 6228
-4232 2664 17705 -15261 -4742 5164
-3902 2570 17693 -14224 -5114 4468
-3358 2141 17294 -13324 -4909 4130
-3357 2166 16422 -12287 -4350 3854
-3320 1926 15820 -11272 -4039 3641
-3331 1751 14968 -10317 -4081 3324
-3282 1588 14104 -9277 -4150 3081
-3287 1382 13533 -8188 -4158 2967
-2961 1078 13202 -6736 -4024 2762
-2816 857 13102 -5587 -4002 2893
-2656 997 12772 -4859 -3874 3292
-2277 1278 12280 -4544 -3684 3325
-2193 1182 12111 -4550 -3300 3312
-2048 1044 11919 -4322 -2655 3649
-2076 702 11822 -4262 -2336 4137
-1906 285 11480 -4356 -2381 4562
-1840 -366 11429 -4155 -2462 4690
-1819 -562 11449 -3570 -2791 4890
-1580 -886 11646 -2443 -2615 4836
-1434 -838 11940 -1685 -1960 4517
-1482 -738 12266 -1218 -1409 4344
-1596 -1020 12376 -621 -659 3960
-2026 -1150 12384 -24 -272 3955
-1876 -1458 12860 2 -259 4380
-1818 -1580 13098 -75 31 4933
-1877 -1949 13544 -847 -135 5463
-1458 -2585 14338 -1163 18 5491
-1168 -2896 14604 -1005 759 5119
-1166 -3014 14938 -928 1324 4862
-1190 -3176 15166 -957 1801 4737
-1546 -3506 15237 -1168 1799 4735
-1808 -3718 15637 -1197 1286 4709
-1720 -3632 15930 -1237 900 4554
-1622 -3666 16268 -1133 648 4392
-1570 -3845 16268 -812 779 4186
-1630 -3856 16414 -716 782 4114
-1720 -3917 16586 -706 549 4103
-1744 -3964 16661 -939 300 3941
-1881 -4130 16594 -1178 -52 3740
-1734 -4370 16485 -1071 -346 3484
-1688 -4353 16468 -669 -542 3237
-1646 -4224 16418 -358 -724 3066
-1648 -4149 16376 -149 -834 2870
-1808 -4040 16089 -199 -896 2854
-1784 -4077 16006 -572 -969 2808
-1785 -3869 16077 -907 -1084 2809
-1800 -3714 16041 -1013 -1248 2747
-1746 -3920 15850 -1113 -1218 2600
-1849 -3924 15712 -1096 -1114 2449
-1869 -3912 15650 -900 -1098 2270
-1946 -3837 15598 -780 -1009 2177
-2116 -4012 15308 -602 -1131 2123
-2601 -4340 15045 -193 -1314 2006
-1768 -3920 14920 -409 -1254 1835
-3534 -4460 14658 993 -2315 1689
-2212 -4489 14685 -317 -1390 1212
-2276 -4214 14808 507 -2035 811
-1774 -4578 14741 963 -1036 584
-2382 -4037 14740 1038 -1081 432
-2108 -3770 14636 585 -1031 115
-2004 -3716 14749 484 -847 73
-1721 -3228 14733 747 -418 76
-1647 -2933 14766 756 -122 49
-1874 -2523 14812 381 45 178
-2038 -2226 14989 -210 -37 415
-1909 -2284 15154 -709 25 674
-2006 -2488 15184 -1140 253 921
-2146 -2613 15288 -1175 217 984
-2116 -3033 15301 -791 209 965
-2185 -3414 15364 -27 272 1006
-2038 -3661 15288 691 384 1027
-2129 -3388 15430 902 252 1053
-1913 -3377 15592 894 94 1019