337 2738 14465 23740 2300 -8018
206 3204 14862 23962 2956 -8372
209 3437 15586 22841 3832 -8358
244 4317 17269 21693 4577 -7842
62 6288 19625 20753 4894 -7489
-352 8130 22088 20328 4357 -7348
-802 9325 23838 20277 3014 -7375
-1378 10430 25065 20538 1270 -7299
-1777 11754 26104 21271 -603 -7193
-2089 13582 26980 22737 -1733 -7541
-2506 15338 28018 24371 -2331 -7784
-2749 16476 28206 25998 -2700 -7620
-3022 17473 27918 27239 -3191 -7065
-3573 18768 26888 27288 -4120 -5769
-4437 20838 25437 25127 -5520 -3845
-4696 23214 23828 20231 -6879 -1256
-4814 24353 22922 14225 -7874 1502
-4672 24292 21998 8858 -8682 4059
-4072 22865 21596 5908 -8980 5983
-3328 20692 21348 5324 -8859 7530
-2097 18980 20928 6016 -8447 8951
-814 17173 20560 7393 -7714 10102
189 15984 20252 9510 -6961 11038
858 15797 19640 11693 -6076 11815
721 16285 18837 12785 -5013 12918
222 17258 17816 12668 -3462 13787
250 16477 17460 12235 -1233 14202
-492 16922 16721 12331 900 15028
225 13962 16885 14918 3614 14800
-409 13037 15809 18733 6070 15172
629 11137 15140 23821 8686 15606
1036 9725 14110 29612 11386 16115
710 11164 12154 32244 12827 17468
772 12213 10681 32131 12864 18228
926 12978 9241 29650 11653 18235
806 12982 8188 26168 9643 18300
28 13421 7348 21411 7614 17593
-622 14525 6812 15527 5271 16570
-901 14817 6276 9395 3272 16148
284 12958 6413 5498 1498 14847
285 12278 5802 2304 -2 14035
792 11906 5270 84 -1614 13697
454 12585 4192 -1545 -3231 11872
-68 13205 4069 -4522 -6063 10626
-965 14604 3488 -7328 -9181 8550
-2905 16042 1930 -11166 -15194 4947
-3268 15238 94 -15229 -21813 1828
-5170 16493 -1009 -21661 -30146 975
-6086 19037 -357 -31601 -32768 2194
-2201 14749 713 -32768 -32768 4420
370 11809 1628 -32768 -32768 8618
3126 10312 3418 -32768 -32768 12996
6926 5254 5040 -32768 -30882 17268
8886 1004 7021 -32768 -24090 19669
9474 -1356 8480 -32768 -17986 18266
10796 -2550 9817 -26323 -15339 17930
11125 -2149 10104 -17349 -13605 16639
10776 -642 10008 -11811 -12712 14702
11041 -18 9478 -9492 -11689 12575
11192 12 9301 -7703 -10466 10231
10557 814 8796 -6668 -9242 8235
9536 1678 8014 -6663 -7722 7209
10063 1789 8780 -6777 -7263 5867
10694 2229 9530 -6132 -7436 5170
11897 2453 9494 -6061 -6538 3874
11604 3657 9210 -7817 -4646 2579
12418 3160 9154 -8966 -1652 1737
13241 2891 9642 -7816 1747 1069
12746 3150 9692 -6291 3675 317
11961 3184 9646 -4809 4434 -502
12425 3546 9660 -2000 4704 -1443
12820 3494 10138 122 4457 -1913
13104 3140 10514 883 4051 -2069
13530 1809 11066 1951 4491 -2438
13968 -486 11201 5467 6213 -3256
14021 -1449 10750 11154 9282 -4794
13977 -2112 9592 18484 13410 -6887
13657 -2170 8758 26011 17789 -9205
13661 -1949 7260 32100 21654 -11103
12858 -633 6490 32767 25473 -12509
11856 489 7180 32767 27191 -13504
10798 1958 7686 32767 26574 -13890
9201 3749 6908 32767 26543 -14298
7212 5730 6206 32767 26559 -14004
6600 5861 4460 32767 27481 -13048
5046 7476 3649 32767 27416 -11817
3489 9636 3509 32767 25638 -9601
2448 10916 4077 32767 22216 -8621
1286 10958 3557 32767 16805 -9043
-21 12034 1310 32767 11091 -9028
-12 11454 -637 32767 6640 -9123
-482 11229 -2652 32767 3582 -9513
-865 12588 -3362 32767 1224 -9829
-364 14649 -3881 32767 328 -10515
-45 15714 -4397 32767 554 -11036
96 15818 -5548 32767 1750 -10786
793 15089 -6273 32767 4015 -10642
-152 14465 -7473 32157 5593 -10796
-682 14789 -7672 31033 5717 -10268
-414 15081 -8016 29556 5071 -10055
44 14685 -7733 28033 4865 -10016
112 15497 -7578 25907 5111 -10350
45 16130 -7394 23547 4896 -11148
124 15968 -6570 20958 4070 -12266
-169 16574 -6581 18042 2891 -13328
-40 17308 -6722 14614 1698 -13922
930 17041 -6088 9720 -276 -14900
3012 17502 -4894 3572 -2338 -15185
4818 18040 -3935 -1024 -2980 -15114
5394 18650 -2728 -3478 -3378 -15931
4152 20698 -2320 -6203 -4398 -17126
2478 21480 -1458 -10520 -5974 -18905
-438 22441 -408 -17321 -7928 -20130
-2725 23160 941 -26320 -10394 -19666
-4144 24336 1608 -32768 -12231 -18213
-4696 24088 3153 -32768 -14664 -14257
-3608 20025 5088 -32768 -11947 -9441
-5644 18320 7336 -32768 -10912 -6900
-5619 16617 8649 -32768 -10943 -5703
-5162 14200 9908 -32768 -10464 -5946
-6291 12869 11489 -32768 -10551 -5866
-6797 11746 13538 -32768 -12332 -5310
-7012 10973 15608 -32768 -13390 -4342
-7318 11292 17542 -32768 -13958 -3829
-7904 12132 20052 -32768 -13235 -2842
-6832 10796 22096 -32768 -11036 -938
-5047 9684 23845 -32768 -9288 212
-3941 7392 25418 -32768 -8028 256
-3489 6388 26262 -32768 -7775 -904
-3813 6496 27155 -32768 -7766 -3452
-3322 5194 27798 -32768 -6927 -5246
-1972 2294 28756 -32768 -4751 -7261
-2098 682 28714 -29255 -2694 -8949
-3124 345 28203 -21519 -2802 -10070
-4073 2046 27310 -12048 -5025 -11450
-3394 4000 26814 -7915 -6203 -12194
-2411 4941 25695 -6163 -5724 -12844
-3302 5824 23259 -3736 -5183 -13217
-3872 6613 21272 -1790 -5214 -13182
-3894 6806 19796 -159 -5287 -12275
-3624 7108 18468 1060 -4807 -11434
-3465 8033 17334 1856 -3977 -10246
-3581 8420 16086 1709 -3547 -8904
-3337 8284 15667 1113 -3082 -7612
-3132 8288 15344 828 -2397 -6238
-3012 8102 14996 565 -2028 -5297
-2961 7770 14902 -45 -1973 -4318
-2848 7188 14368 -554 -2239 -3069
-2625 6785 14122 -462 -2421 -2218
-2216 6428 14006 -182 -2428 -1847
-1667 5798 13791 896 -2002 -1730
-1244 5370 13581 2410 -1182 -1412
-909 5383 13707 2948 -434 -1095
-507 5064 13965 3185 252 -577
-312 4825 14138 2945 572 -181
-165 4022 14425 2521 675 309
-50 3432 14689 1963 529 689
-62 3146 15192 1303 398 909
196 3033 16183 514 508 719
430 2961 17220 196 1383 216
244 2788 17816 53 2434 -269
-46 2496 18237 95 3457 -552
-530 2258 18498 223 3934 -476
-1196 2288 18305 137 3511 -37
-1448 2089 18156 -43 2530 419
-1656 1860 18014 -332 1046 1014
-1344 1657 17988 -327 -314 1336
-703 1277 17800 259 -823 1332
-385 1387 17089 1485 -786 1043
-212 1226 16830 2617 -615 717
-69 1328 16538 3839 -318 639
180 1754 16200 3989 183 834
167 1914 16087 2244 101 1114
381 1777 16185 756 7 1319
688 1958 16213 95 266 1360
728 2186 16156 -509 465 1251
713 2049 16253 -1077 378 1029
1140 1994 16137 -1513 612 454
1100 1828 16016 -1355 925 160
896 2044 16048 -1479 925 -178
810 2126 16013 -1762 949 -491
549 2228 15929 -1704 1062 -657
389 2204 16033 -1678 1073 -756
389 2149 16106 -1529 1148 -776
378 2369 16210 -1176 1384 -809
289 2518 16240 -863 1613 -896
172 2697 16414 -856 1650 -874
149 2834 16679 -904 1772 -789
-135 2971 16899 -1312 1920 -529
-347 3115 17098 -1576 1944 -117
-465 3026 17374 -1666 1952 169
-617 3062 17352 -1820 1733 353
-496 2878 17357 -1667 1512 371
-454 2674 17349 -1318 1422 278
-420 2612 17380 -1042 1441 181
-512 2582 17482 -518 1174 28
-1139 1888 17027 714 678 108
-1908 2260 17128 636 -100 -158
-721 1837 17218 1041 103 -301
-917 2287 16832 1421 -312 -459