6868 3925 8346 -5038 -2325 12939
7073 3678 8216 -5996 -3023 12224
7436 3313 8352 -7101 -3608 11516
8265 2748 8418 -8321 -4038 10659
8681 2196 8508 -9222 -4615 9730
8864 1829 8696 -9456 -4922 8432
9208 1160 8930 -9300 -5008 7285
10258 597 9073 -8326 -4538 6246
10794 101 9582 -6179 -3324 5018
11489 -196 9720 -3159 -2155 4114
11657 236 9998 -719 -1277 3692
11682 1085 10276 739 -548 3411
11260 2074 10612 1994 -411 2554
10740 3157 10496 2245 -703 1423
10797 3834 10225 957 -714 370
10980 4398 10418 -669 -316 -892
11293 4654 10940 -2194 151 -1954
11390 5113 10945 -2828 545 -2789
10953 5326 10929 -2583 318 -3309
10886 5218 10437 -1978 132 -3230
10770 5476 10402 -1247 -74 -2740
10857 6001 10393 -471 -370 -1945
10717 6861 10310 -116 -473 -1204
10784 7529 10624 -213 -384 -571
10853 8084 11000 -860 -118 -105
10740 8400 11272 -1651 -64 141
10800 8200 11190 -2500 -135 285
11090 7750 10986 -2586 -257 318
11332 7301 11110 -1894 -150 100
11438 7001 11161 -764 180 98
11542 7256 11274 46 684 157
11516 7326 11614 869 1016 224
11261 7492 11780 982 1403 468
11248 7698 11926 853 1525 723
11076 7732 11976 342 1598 920
10900 7641 12110 -162 1460 954
10762 7534 12116 -814 1037 934
10790 7141 12042 -1319 647 1004
10944 6537 12114 -1395 471 927
11070 6013 12204 -1067 558 737
11018 5798 12133 -683 652 582
11030 5533 12238 -307 948 368
11104 5320 12388 -4 1324 102
11005 5424 12297 11 1540 -36
11017 5373 12255 -181 1351 -247
11257 4826 12221 -98 1185 -572
11522 4253 12245 464 1326 -852
12057 3502 12297 1745 2000 -1408
12092 3370 12296 3620 2668 -2203
12236 3146 12246 5599 3311 -3053
12420 2982 12170 7861 4328 -4126
12301 3054 12130 10131 5032 -5139
12400 2628 11902 12393 5888 -6568
12494 1893 12126 15263 6735 -8244
11880 2208 12289 18761 7772 -9894
11944 1726 12433 23345 9030 -11165
10986 3702 11393 26447 10102 -11946
10081 4450 10997 28641 10049 -12558
9493 5082 9945 30595 9869 -13094
9154 5136 8757 32502 10115 -13660
8529 5762 7630 32767 10633 -13818
7422 6857 6592 32767 10692 -14056
5922 8712 6166 32767 10278 -14230
4949 10390 6018 32767 9375 -14112
4250 11944 5556 32706 8453 -14017
3834 12457 5053 31311 8832 -13575
4246 11800 4645 31288 10509 -13285
3346 12589 3426 32321 12408 -12761
2208 13601 2008 32767 13116 -12238
1180 13708 574 32767 12716 -11840
379 13214 -1326 32767 11367 -11215
187 12953 -3434 32767 9649 -9946
-412 14142 -4886 32767 7920 -9065
-437 14737 -5619 32767 6696 -8588
-777 15244 -6448 31051 5450 -8256
-882 15333 -7194 26753 4527 -7582
-504 15453 -6662 22277 4093 -6909
-694 15755 -6377 16742 3220 -6635
-130 15369 -5814 12204 2148 -6944
72 14961 -5189 10222 1887 -8076
-12 14916 -4762 8709 1790 -9069
88 15650 -4211 6751 1628 -10544
-37 15754 -3956 5048 1553 -12124
-484 15998 -3818 2938 1189 -12787
-588 15965 -3226 869 779 -13463
-934 16142 -2573 -865 405 -14292
-1557 16213 -1954 -2820 -16 -14725
-2122 16274 -1725 -4228 -558 -15418
-2525 15310 -1741 -4494 -1011 -16872
-3609 15397 -1426 -3427 -2619 -17710
-2980 14654 190 335 -4058 -20032
-2776 13809 1858 6638 -4778 -23215
-4008 15256 3022 11842 -6227 -25736
-4330 16864 3914 16346 -7187 -27867
-4544 18112 3600 18938 -6938 -29344
-6612 21912 2558 16939 -5835 -29460
-8665 25357 2014 9388 -5857 -28465
-9952 27792 1776 -2768 -6491 -25741
-10074 27756 1673 -15024 -6964 -22866
-10929 27497 2009 -24659 -7599 -19823
-11526 27537 2342 -31194 -8764 -16672
-11022 26916 3876 -32768 -10311 -14984
-11288 27394 5872 -32768 -11255 -13335
-10942 27692 7584 -32768 -12314 -12145
-11689 28917 8662 -32768 -13793 -9891
-11257 29245 9781 -32768 -15445 -6868
-11217 28538 10732 -32768 -16133 -4347
-11818 27497 11453 -32768 -17861 -1614
-10745 25181 12790 -32768 -18898 27
-11032 23601 13917 -32768 -20114 1170
-10137 21641 15138 -32768 -21534 1913
-9045 20089 15944 -32768 -22253 1597
-8492 18776 16668 -32768 -22614 1501
-8000 17182 17194 -32768 -22884 1831
-7349 16241 17846 -32768 -22522 1592
-7082 14622 18264 -32768 -22078 1973
-6068 12716 18668 -32768 -21070 2275
-5765 11669 18340 -32768 -20227 2717
-5644 10193 18052 -32768 -19797 2968
-4705 8450 17977 -32768 -19199 2752
-4330 7562 17717 -32768 -18758 2293
-3486 6209 17353 -32768 -17962 1584
-2684 4849 17242 -31973 -17050 534
-2217 4077 17333 -29243 -16013 -657
-2216 4188 17242 -27139 -14708 -1607
-2401 4062 16722 -25554 -13708 -2729
-2656 3541 16445 -23182 -12251 -3651
-2996 3194 16240 -20784 -10882 -4098
-3590 3472 16332 -18528 -10372 -4427
-3596 3833 16273 -16195 -10273 -4674
-3254 4148 16180 -14212 -9996 -4877
-2420 4129 15824 -12305 -9259 -5361
-1976 4117 15564 -10042 -7519 -5831
-2392 4549 15066 -8362 -6293 -6179
-2485 4610 14797 -7279 -5341 -6285
-2572 4632 14554 -6290 -4654 -6447
-2810 4549 14357 -4958 -4001 -6232
-2920 4206 14106 -3661 -3220 -5750
-2834 4030 14138 -2571 -2753 -5126
-2473 4057 14152 -1419 -2515 -4637
-2074 4176 14174 -263 -1953 -4483
-1729 4121 14269 557 -1345 -4238
-1528 4186 14417 1087 -684 -3843
-1765 4193 14652 1158 -272 -3143
-1878 4054 14776 772 -269 -2006
-1434 3616 15197 -208 -463 -770
-1158 3313 15344 -1112 -642 505
-770 2912 15200 -1873 -895 1434
-170 2378 15120 -2233 -908 1990
125 1826 15109 -2278 -786 2318
545 1209 15142 -2063 -350 2471
625 949 15181 -1668 195 2508
641 581 15312 -1360 588 2608
800 176 15474 -957 1041 2701
822 -94 15417 -639 1413 2861
762 -152 15226 -610 1603 2856
810 -609 15260 -571 1690 2873
912 -717 15381 -572 1910 2964
921 -786 15585 -742 2068 3012
913 -984 15897 -948 2154 3177
1026 -1050 16086 -876 2398 3297
894 -1000 16154 -830 2597 3339
730 -1069 16286 -1054 2640 3250
650 -1160 16594 -1132 2554 3457
573 -1266 16665 -1240 2485 3400
562 -1456 16781 -912 2381 3194
418 -1745 16910 -629 2069 2965
408 -1661 17086 -359 1789 2601
502 -1588 16981 -113 1512 2189
502 -1734 16901 325 1401 1756
513 -1772 16853 809 1298 1398
457 -1629 16737 1255 1306 1141
561 -1474 16745 1478 1353 971
426 -1297 16810 1303 1346 791
390 -1126 16929 942 1369 684
460 -1229 17164 555 1460 681
318 -1085 17130 252 1468 750
209 -1121 17038 -35 1356 846
154 -1245 17201 -124 1240 925
138 -1317 17353 -197 1152 1041
272 -1434 17461 -301 985 1034
181 -1450 17450 -477 710 847
260 -1719 17442 -428 441 480
205 -1743 17426 -38 235 188
225 -1658 17234 298 -75 -37
274 -1621 17097 505 -288 -194
313 -1446 16811 805 -277 -316
333 -1341 16788 750 -273 -319
339 -1395 16705 642 -194 -403
378 -1139 16627 452 -133 -540
444 -1233 16763 211 -95 -631
240 -1327 16543 325 -138 -616
291 -1178 16404 374 -476 -940
441 -1225 16454 590 -415 -1055
341 -1124 16372 970 -277 -987
361 -912 16349 1010 -372 -1037
348 -761 16296 1034 -417 -986
195 -662 16164 1077 -460 -854
87 -267 16009 1031 -565 -850
183 -242 16017 883 -665 -818