4194 10172 17651 19680 5510 -4393
3536 11181 17830 19135 5170 -3466
3002 11930 17318 18782 4434 -2553
3075 13425 17380 19082 3660 -1389
3804 14952 18468 19227 2453 153
4702 15400 18850 19224 1534 2338
5290 15862 18842 19257 1503 4235
5550 16348 18564 19420 1916 5394
5435 16663 18196 19212 2605 6632
5756 16933 17984 19303 3881 7251
5468 16565 17070 18746 4672 7614
5343 16058 15486 18207 5344 8944
5021 15860 15130 16869 5684 10399
5216 16164 15414 13429 5041 12092
5188 16258 15946 9391 4608 13371
5793 14984 16017 7335 4617 13757
6504 13830 15874 5853 5193 14256
7169 12741 15653 3867 5357 14740
6750 12313 15806 3212 5507 15149
5981 10758 15145 1277 4114 15437
5936 9579 14583 -2078 2007 16487
6048 8236 14324 -3882 504 17474
6133 7120 14593 -4852 -1262 18532
6846 5912 14589 -4344 -2932 19164
6754 5497 13973 -3354 -3554 19242
7263 5092 12667 -1721 -4470 18283
7326 4835 11572 -2120 -4986 16719
7037 4716 11005 -4193 -5388 15379
6710 4141 10597 -6238 -5889 13975
6856 3446 10140 -7263 -6155 13101
6976 2984 9880 -7757 -6262 12426
7022 2284 9612 -7914 -6420 11695
7197 1869 9188 -7807 -6821 10688
7689 1730 9009 -7563 -6811 9922
8208 1325 8988 -6907 -6388 9201
8526 1232 8886 -6197 -6004 8791
8586 1573 8788 -5694 -5558 7921
8492 1944 8504 -5606 -5365 7204
8554 2200 8434 -5742 -5633 6026
8573 2541 8566 -6320 -6153 4349
9139 2955 9138 -6868 -6030 3293
10153 2677 9808 -6576 -5087 2221
10856 2146 9728 -5243 -3712 1363
10854 1674 9714 -3375 -2040 840
10857 2196 9920 -1092 -913 556
10726 3150 10103 -288 -302 388
10812 3733 10273 -763 -307 82
10830 3852 10534 -1412 -313 -307
10741 4074 10633 -2103 -461 -518
11237 4053 11153 -2404 -454 -757
11781 3870 11757 -2295 -318 -924
12174 3904 12034 -2078 -156 -771
12397 3763 12003 -1491 -258 -561
12950 3042 12174 -377 -52 -406
12946 3135 12179 569 505 -200
12893 3405 12456 644 871 -78
13014 3198 12626 468 1094 -378
13243 2947 12589 133 1296 -732
13373 2441 12347 -437 1210 -1042
13404 1976 12069 -586 1175 -1368
13208 1985 11746 -380 895 -1677
12981 1949 11408 -385 568 -1911
12765 2085 11303 48 403 -2474
12336 2302 11036 688 426 -2897
12256 2477 10921 1873 873 -3142
12264 2566 10604 3402 1556 -3655
12708 1663 10409 5868 3134 -5076
12294 1866 10200 8909 5194 -6460
11954 2313 10869 11325 6184 -7936
11528 2760 11729 14508 5877 -8821
11302 3548 11648 16606 5959 -9141
10930 4960 11474 16637 6227 -9245
10707 5068 11409 17239 6957 -10277
10244 4562 11061 19490 8378 -11786
9373 5177 10373 21155 9309 -11886
9276 5108 10324 23658 10085 -12260
8690 5794 10010 25788 10423 -12804
8272 6813 9417 27537 10122 -13037
7434 7774 8372 29192 9056 -13354
7124 8124 7152 29739 8051 -13536
6558 8380 6296 30398 7595 -13593
6434 8508 5544 31232 8103 -13474
5449 10136 4992 30830 8981 -12948
4358 11706 5006 29611 9353 -12816
4357 12263 5093 28064 10101 -13117
3584 13664 4810 26445 11485 -13528
4882 11426 5067 28683 15776 -14497
3950 11520 4977 32471 20348 -14953
3457 11809 4404 32767 23255 -14744
1718 13294 2972 32767 24612 -14504
109 15189 1196 32767 23845 -13981
-822 16272 -212 32767 22706 -13191
-1451 17644 -2483 31380 21459 -12430
-1927 18155 -4520 25093 18716 -10872
-2688 18416 -4940 21819 15813 -9144
-1764 18046 -5622 18553 12402 -7904
-1928 18434 -5882 16287 7873 -6457
-1216 18228 -5694 15687 5967 -5960
-322 17481 -5454 16023 5048 -5876
237 17315 -5426 16975 5754 -6342
132 17576 -5676 17217 6212 -6657
-296 17582 -5614 16644 6670 -7087
-814 17950 -5956 14674 6954 -7315
-984 17908 -6183 12595 7171 -7179
-1242 18112 -6069 10942 7317 -7319
-1533 18734 -5980 9737 7291 -7982
-1442 18190 -5648 9262 7045 -8108
-1614 18049 -5524 9388 6913 -8606
-1988 18712 -5453 9176 6246 -9353
-2068 18801 -5174 8105 5785 -9707
-2073 18364 -5064 7562 6102 -10294
-1840 17640 -4720 8064 7062 -10589
-2400 17871 -4174 9690 9953 -11290
-2836 19118 -3408 11338 15510 -12190
-3320 20157 -3330 11500 19746 -12851
-4241 22221 -4222 9383 21539 -13653
-4726 22729 -4933 5321 21417 -14220
-5215 22969 -4284 -861 16214 -14705
-5836 22440 -2705 -5511 9230 -14898
-5683 20662 -1468 -6081 4439 -14599
-5742 18716 -293 -4578 1312 -14082
-5688 18292 -292 -2184 -310 -13967
-6420 18666 -646 -1265 -1723 -14420
-7675 20837 -1314 -4066 -5563 -15292
-8930 22649 -2296 -11024 -12694 -17363
-9412 23352 -2314 -18594 -17297 -19625
-8812 19776 -716 -22260 -19030 -21692
-9570 20013 210 -23303 -20103 -22675
-9750 19214 864 -23803 -19802 -22238
-10246 18398 1786 -23232 -20317 -21951
-11693 20177 3137 -24446 -22103 -21692
-12708 20702 4416 -27768 -24857 -21621
-13892 22157 4805 -32233 -29106 -22399
-13920 22716 4769 -32768 -32591 -23815
-13534 21070 5238 -32768 -32768 -25414
-12342 18128 6132 -32768 -32768 -26649
-10924 15422 7218 -32768 -32768 -27439
-10129 11626 9827 -32768 -30644 -26857
-9914 8710 12820 -32768 -23987 -24864
-10186 7212 14606 -32768 -19284 -23221
-10566 6088 16172 -28199 -13706 -20630
-11954 6500 17646 -20785 -10499 -17114
-13201 8046 18100 -20802 -11325 -15152
-15276 10642 17985 -25795 -15967 -13794
-14917 9790 17837 -31802 -20971 -13176
-12448 6936 17476 -32768 -23069 -13045
-9877 3432 17076 -32768 -24019 -12150
-7213 -625 16808 -32768 -24405 -11503
-6482 -3924 17150 -29275 -23887 -9212
-6654 -4442 17348 -19690 -22160 -6552
-7468 -1404 16972 -13156 -21372 -5310
-8172 54 17450 -10931 -21943 -6054
-8226 997 16938 -12630 -21651 -6147
-7466 694 16944 -13913 -20549 -6667
-6244 90 16416 -13590 -18033 -6771
-5774 -852 16267 -10343 -13880 -5595
-5925 225 15848 -4999 -10257 -4271
-5878 1100 15088 -2890 -9467 -3970
-5442 1368 14692 -1981 -9375 -4235
-5241 1373 14198 -1472 -8609 -4277
-4838 1480 14125 -1762 -7999 -4239
-4558 1342 14018 -2160 -7307 -4058
-4173 852 14098 -2226 -6464 -3641
-3757 488 14013 -1634 -5154 -3159
-3610 544 13898 -721 -4051 -2603
-3361 364 13773 -164 -3037 -1638
-3050 132 13766 21 -2133 -1067
-2922 -69 13835 177 -1140 -540
-3075 96 13924 -180 -430 -163
-2558 -598 14065 -130 155 163
-2141 -854 14131 322 1120 722
-2039 -1291 14244 15 2025 1553
-2044 -1984 14086 646 2749 2133
-1930 -1929 14120 1007 2739 2038
-1879 -1668 14170 1478 2894 1723
-1906 -1450 14432 1427 2945 1317
-1992 -1586 14624 1422 3163 1265
-2048 -1540 14593 1063 3449 1442
-2242 -1691 14852 -518 3256 1715
-2162 -2128 15353 -1631 2873 1955
-2189 -2398 15836 -2533 2578 1922
-2358 -3064 16040 -2988 2190 1909
-2281 -3410 16184 -2834 1873 1851
-2017 -3708 16244 -2019 1376 1724
-1720 -3673 16288 -1037 1180 1427
-1693 -3482 16319 -92 1162 955
-1830 -3302 16349 535 1174 682
-1978 -3292 16410 727 1110 579
-2232 -3094 16370 762 952 674
-2215 -3253 16160 521 583 819
-2444 -3517 15952 454 -286 1134
-2077 -3577 15994 337 -742 947
-1940 -3727 15926 990 -538 684
-1996 -3283 15558 1315 -450 271
-1781 -3158 15234 1571 -59 -158
-1831 -2765 15140 1584 304 -180
-1690 -2615 15414 1626 880 -99
-1972 -2397 15385 2157 1349 -130
-2505 -2228 15546 2915 1090 -342
-2824 -2088 15508 3242 877 -424