-5029 -2273 18368 17907 326 -903
-5246 -828 19291 19734 -138 -708
-5456 480 20236 20308 -715 -598
-5989 1632 20920 19908 -1252 5
-6725 2975 21666 19443 -1993 1216
-6932 4282 22065 18942 -2084 1889
-7269 5587 22301 19005 -2681 2684
-7284 6834 22448 19585 -3676 3465
-7206 7624 22569 20424 -4921 4329
-6716 8284 22584 21165 -6105 5137
-6008 9477 22642 21357 -7626 6401
-5214 11002 22278 20428 -9376 7462
-4524 12260 22238 19198 -10015 8050
-4083 12478 21616 17174 -11278 9472
-2819 12676 20271 14881 -12820 11055
-1730 13034 19052 12824 -13810 12009
-757 12741 18041 12005 -13923 12343
389 11762 17252 12766 -13451 12586
1626 10260 16809 15304 -12964 12577
2222 11461 15364 16632 -11378 13047
2297 13061 14934 15039 -10199 14434
2672 13898 14610 12287 -10119 15877
3738 12934 14096 11234 -9889 16167
3958 13005 13529 10024 -8288 16416
3802 13416 12769 7427 -7519 16895
3684 12640 11852 4912 -7103 16844
3441 11814 10788 2628 -6663 16792
2996 11340 10252 1544 -6676 16943
3685 9407 10293 1468 -6467 17040
4113 7654 10336 2640 -6507 17411
4240 7608 10334 3041 -7201 17667
4743 6196 10147 3443 -8355 17886
4862 5340 9906 3361 -8934 18131
5029 4536 9528 2665 -9078 18239
5189 4026 9326 1765 -9060 18219
5286 3804 9010 641 -9081 17847
5669 3183 8659 -1105 -9148 17017
6497 2107 8145 -3446 -8930 15663
7144 1773 7924 -5085 -8645 14290
7633 1280 8025 -6351 -8395 13013
8314 644 8222 -7029 -7758 11637
8588 670 8572 -7217 -7082 10235
9115 356 8592 -6698 -6076 8628
10190 -272 8780 -4856 -4183 6953
10446 -124 8756 -3121 -3150 6219
10640 504 9126 -1372 -2279 5436
10882 1468 9394 82 -2224 4562
10821 2250 9688 308 -2642 3851
10806 2844 9748 197 -3282 3368
10850 3454 10027 -563 -3781 2797
10962 3709 10464 -1335 -4199 2241
11133 4180 10590 -1846 -4509 1864
11464 4269 10149 -3547 -4145 1541
11580 4253 10325 -4657 -3205 1218
11874 3962 10721 -4750 -1953 622
12178 3328 11299 -3608 -663 171
11853 3301 11257 -1815 115 -35
11728 3341 11066 -391 130 160
11726 3615 10902 751 -297 343
11617 4416 11090 1057 -958 347
11748 4822 11381 530 -1446 63
11704 5129 11903 -718 -1442 -393
11594 5268 12106 -2252 -1478 -784
11853 4776 12104 -2668 -1281 -1398
11700 4708 12008 -2531 -1107 -1624
11733 4413 11523 -2018 -940 -1559
11971 4049 10940 -345 -66 -1730
12164 3915 10685 1768 1242 -1857
12418 3822 10944 3726 2697 -2263
12186 4269 10956 5361 3574 -2574
12076 4466 10916 6313 3898 -2879
12106 3983 11106 6688 3448 -3406
12973 2702 11697 8021 4405 -3792
13649 1904 12393 10206 6508 -3825
14354 1162 12600 13591 9603 -3963
15152 -177 13544 21067 15881 -4870
14809 -569 13216 31809 24886 -6299
11601 2071 10928 32767 31554 -8204
6044 8301 8065 32767 32767 -10716
3441 10520 7061 30304 31863 -11107
2788 11248 6524 25963 28770 -10711
3214 10785 6694 20842 21512 -8827
4021 8006 6177 20405 13365 -5258
4877 7148 4918 23266 9110 -3231
5162 6968 3344 27659 5535 -1260
5234 8205 1814 32498 2866 195
4136 11670 1963 32767 2956 -444
3466 13486 2208 32767 3337 -2224
2789 14178 2057 32615 3518 -4144
1737 14640 946 29604 3249 -5827
1141 14608 -431 28365 2791 -6658
924 14612 -1665 28931 1903 -6780
948 14402 -2608 29854 751 -6797
922 14568 -3612 30906 -664 -7206
163 15904 -5487 29941 -1453 -7520
-470 17386 -6174 27332 -1054 -8263
-1188 19055 -6577 23460 -98 -9355
-1506 19757 -6997 19076 609 -10240
-1654 19878 -7641 15653 766 -10770
-1524 19140 -7985 13047 1023 -11047
-1684 19202 -8048 11353 1108 -11308
-2074 19272 -7999 10380 878 -11683
-2839 20249 -7688 8815 342 -12361
-3789 21485 -7236 6070 -83 -13132
-4065 21259 -6724 3105 -595 -13613
-3969 21064 -5948 -132 -1616 -13915
-3913 21117 -5237 -3576 -3253 -13823
-4448 22984 -4450 -11931 -6275 -13615
-4630 24542 -3783 -25126 -11285 -13015
-4004 23117 -2328 -32445 -11984 -13501
-2877 20930 -189 -32768 -11909 -13116
-1412 18172 2352 -31476 -9397 -13869
-2376 19278 5202 -28349 -9111 -13002
-3155 22741 7190 -29288 -10344 -10998
-3130 23230 8074 -32690 -12418 -9832
-3278 22952 8814 -32768 -13340 -9491
-2614 20525 9561 -32768 -15090 -8790
-509 14571 11589 -31828 -11923 -9165
-206 13660 12932 -23849 -8272 -8537
-1496 15359 12930 -17593 -6407 -7464
-2961 18336 12414 -17937 -6532 -5675
-3710 19465 12188 -23148 -7388 -4214
-3444 18557 12682 -27965 -8050 -3256
-2998 17286 13294 -32005 -7588 -2632
-1985 14988 14425 -32768 -7265 -1753
-966 12780 15863 -32705 -6047 -1327
-740 12013 16536 -30845 -5270 -1484
-1026 11336 16640 -28887 -3987 -1823
-1696 11756 16948 -28046 -3491 -2135
-1599 11107 17514 -27247 -3306 -2277
-1886 11292 18201 -27806 -2776 -2230
-2138 10986 18606 -28826 -2963 -1663
-2086 9796 18802 -29870 -2651 -1121
-2229 8216 19315 -30873 -3112 -210
-2145 6253 19765 -30600 -3370 120
-1313 4665 20834 -28169 -3871 -236
-1025 3933 21337 -24513 -3713 -1182
-1290 4459 21041 -22890 -3395 -2427
-1823 3917 20909 -22788 -3061 -3461
-2327 3581 20161 -22528 -2902 -3769
-2489 2908 20006 -22588 -3088 -4142
-2163 1696 20150 -21156 -3311 -4722
-2092 1551 20321 -18821 -3205 -5559
-1968 2090 20523 -16540 -2824 -6471
-2677 2640 20016 -15362 -2749 -7333
-3213 2634 19304 -15066 -2999 -7765
-3966 2256 19084 -14134 -3670 -7882
-3497 1853 19318 -12383 -4677 -7618
-3689 2414 19358 -10143 -5096 -7350
-3309 2995 18863 -8908 -5272 -7447
-3494 3524 18532 -8424 -5161 -7433
-3424 3696 18380 -8064 -4630 -7010
-3054 3631 17993 -7323 -3512 -6648
-2809 3909 17572 -6676 -2740 -6781
-2674 3922 17162 -5757 -1896 -6894
-2850 3621 16873 -4832 -1193 -6734
-3072 3121 16452 -4112 -682 -5970
-3283 2598 16315 -4028 -1023 -4978
-3317 1989 16228 -3366 -1553 -3932
-3073 1766 15743 -2340 -1999 -3302
-2569 1480 15246 -1521 -2383 -3035
-2270 1466 15152 -820 -2334 -2891
-1868 1450 15157 -269 -2015 -2694
-1596 1462 15281 -109 -1568 -2416
-1550 1404 15250 -342 -1164 -2161
-1658 862 15041 -664 -473 -1596
-2133 444 14618 -798 -620 -1059
-1950 125 14692 -656 -1300 -633
-1437 -160 14882 -85 -1485 -272
-1185 -80 14826 299 -1368 -84
-888 -359 14840 305 -1104 -5
-641 -511 14930 483 -601 47
-604 -668 14978 587 -430 129
-600 -893 15205 504 -341 349
-616 -1015 15302 61 -476 638
-537 -1328 15452 -572 -635 906
-516 -1426 15470 -1163 -817 1237
-279 -1283 15577 -2065 -1043 1539
-311 -1280 15433 -3357 -1469 1983
-88 -1668 15178 -4705 -1736 2627
41 -1941 15000 -5241 -1798 3113
170 -2225 15096 -5629 -1805 3392
134 -2646 15081 -5147 -1469 3586
-20 -3332 15064 -4767 -1622 3483
-720 -2864 15165 -4309 -1796 2868
649 -4087 15444 -2424 -554 2044
48 -3163 15216 -960 -389 1234
192 -3437 15052 74 -7 550
0 -3048 14829 755 487 -86
-121 -2780 14716 1202 527 -682
-280 -2664 14720 1780 429 -1038
-176 -2258 14901 2466 333 -1139
-124 -1478 14702 2595 -48 -940
202 -1339 14645 2349 -291 -650
733 -1259 14737 2177 248 -331
1070 -1053 15069 1925 1283 -187
932 -918 15458 1444 2028 -52
902 -988 15828 1177 2478 126
755 -1247 16510 1036 2722 301
408 -1561 17118 1175 2541 231