2863 1673 13134 14447 -242 12924
3165 2083 14062 13865 -187 12566
3500 1503 14110 13251 -1871 12326
4565 1037 13616 14057 -2796 11885
5468 -492 13644 15628 -3007 11023
5593 -57 13309 16837 -2354 10470
4466 2027 12643 17356 -1847 9616
4166 3256 12112 15813 -2391 8775
4200 4512 11796 12891 -2929 8229
4824 4356 10609 8645 -3442 8629
5137 4073 9970 5895 -3458 9816
4929 3876 9166 4493 -3680 11248
4884 3786 8750 3283 -4320 12766
4874 4132 8493 2344 -4796 14020
5264 3916 8177 1720 -5166 14597
5474 3412 7660 1431 -5377 14706
5736 3362 6872 870 -5757 14551
6345 3261 6458 -205 -5958 14233
6486 3853 6509 -2206 -6213 13664
6586 4072 6766 -4807 -6735 13173
6747 4511 7194 -8396 -7102 12522
7020 4504 7720 -11416 -7130 11861
7580 3739 8064 -14085 -6927 11027
8348 2192 8316 -15127 -6328 9626
9145 699 8800 -12588 -5830 8552
10265 53 10013 -8300 -5073 7586
11266 -78 10148 -5725 -4159 6372
11590 -362 10822 -2703 -2003 3702
10960 241 10590 -803 325 1265
10206 1844 10250 -800 85 1091
10024 2902 9872 -1908 -1337 1665
10514 3766 10006 -3057 -2520 2186
11473 4011 10306 -2842 -2869 2009
11728 4314 10794 -2791 -2886 1648
12544 3469 11503 -1653 -1727 1005
12797 3062 11957 41 676 -76
12435 3060 11986 715 1944 -320
12646 3008 12008 902 2963 -551
12460 3008 11984 1111 3273 -722
12457 2618 11803 1113 2975 -557
12657 2002 11785 948 2143 -483
12888 869 11940 1533 1618 -745
13195 -845 11767 4260 1936 -1559
13285 -1789 11620 8436 3275 -3085
12950 -1801 11038 12585 4574 -4819
12222 -1141 10566 16893 5188 -7101
12120 -1120 10216 21076 5947 -9155
11530 -710 9600 25150 6332 -11313
10948 -214 8415 29473 7913 -13164
10440 400 7896 32555 9655 -14415
9415 1800 7397 32767 10393 -14946
8254 4018 6806 32767 10623 -15927
6841 5614 6212 32767 9973 -16660
5902 6668 5465 31930 9355 -16793
5458 7306 5504 29760 8863 -16432
5718 6715 5572 29484 9225 -16595
4862 6881 4697 30953 9994 -16714
3318 8585 3653 31440 9732 -16402
1333 11066 2417 30199 7458 -16395
905 12045 1283 28676 5260 -16149
353 12439 136 28111 4904 -15375
-414 13454 -976 27675 4964 -14719
-1258 14502 -1646 26668 4863 -14398
-1592 14872 -2274 24858 4411 -14056
-2069 15649 -2696 21776 3999 -13957
-2534 15860 -2970 19513 3807 -14115
-3142 17049 -3073 15890 4455 -13753
-2596 17688 -2380 11957 5212 -13069
-3506 18893 -2617 6899 5243 -12124
-4345 19338 -2853 776 3447 -10851
-4012 18665 -2937 -4948 1984 -9652
-4637 19020 -2670 -10953 514 -8000
-4385 20074 -1857 -17377 -1744 -5993
-2862 19396 -694 -22046 -3220 -4569
-1188 18205 544 -23378 -1658 -4351
1494 15061 2722 -19126 2559 -5415
868 15478 4370 -13581 6613 -7823
464 16361 5948 -10137 8282 -9615
-309 18348 6688 -10873 8713 -11045
-798 18705 8232 -13556 8078 -11248
-709 17880 9658 -16929 7347 -10693
-890 17358 11118 -21085 5600 -9666
-548 16472 11745 -24696 3559 -8277
1061 12841 12288 -23191 3882 -7990
1040 11985 13234 -18697 4309 -9070
692 13190 14021 -14277 4209 -10908
-178 14090 14249 -9830 4879 -13133
-952 14218 14594 -5688 5951 -14874
-1980 16200 14665 -4343 5650 -14858
-1934 17844 15328 -5514 4550 -13806
-2102 19284 15805 -9213 3528 -12455
-2016 20834 16589 -14621 2509 -10631
-1857 21576 17686 -20542 2835 -8703
-1634 20321 18496 -25830 3830 -6715
-1134 18006 19248 -29098 4136 -4559
-269 15378 19902 -29092 5171 -3822
-706 14617 20360 -27745 4775 -4437
-825 13689 21852 -25819 4732 -5398
-1000 13997 23193 -24849 5144 -6260
-1397 14264 24056 -25323 4617 -6546
-1637 13858 24993 -26795 3643 -6183
-2217 13126 25080 -29527 1646 -4852
-2020 11848 25525 -31950 47 -3534
-2188 10890 25708 -32768 -1091 -2516
-1576 8872 25616 -32602 -1758 -1860
-1506 7937 26060 -30925 -2165 -1848
-1232 7524 26370 -29458 -2964 -2733
-1777 6566 26172 -27531 -4592 -3456
-1136 5112 26272 -24650 -5563 -4978
-1325 4548 26320 -21430 -6375 -5952
-1838 5437 25701 -19478 -7625 -5934
-1765 6369 25282 -18231 -8515 -6051
-1888 6681 24798 -17831 -8996 -5814
-1814 6114 24398 -17299 -9229 -5289
-1716 5860 23541 -16029 -9331 -5173
-1722 5442 22625 -13933 -9413 -5271
-1596 5393 22148 -11794 -9765 -5926
-1352 5096 21376 -9647 -9854 -6356
-1301 5178 20668 -7677 -9493 -6615
-1328 5417 20012 -6479 -9123 -6575
-1416 5908 19622 -5997 -8940 -6230
-1316 6229 19190 -5751 -8707 -5752
-1474 6334 18692 -5411 -8352 -5249
-1692 6584 18228 -5366 -8347 -4548
-2193 6537 17516 -5405 -8748 -3635
-2030 6429 16816 -5389 -9149 -3003
-1822 6062 16353 -5111 -9282 -2346
-1310 5737 15950 -4844 -9105 -1787
-1017 5642 15650 -4584 -8622 -1457
-766 5380 15517 -4344 -7971 -1235
-690 5349 15250 -4214 -7285 -1074
-909 5194 14909 -4129 -6799 -832
-1062 4873 14504 -4120 -6574 -488
-1124 4670 14298 -3911 -6415 -255
-972 4465 14256 -3620 -6179 -34
-864 4309 14434 -3438 -5774 113
-732 3921 14444 -3335 -5385 212
-692 3761 14560 -2908 -4957 237
-616 3865 14860 -2473 -4608 221
-646 3734 14702 -2192 -4372 144
-658 3404 14658 -2015 -4111 367
-489 3252 14770 -1584 -3733 451
-545 3318 14829 -1256 -3393 610
-410 3256 14773 -1121 -3507 740
-232 2954 14740 -568 -3650 857
-38 2657 14716 -157 -3738 1134
158 2446 14814 107 -3837 1487
408 2488 14718 297 -3842 1686
737 2236 14676 536 -3626 1719
886 1952 14540 652 -3345 1783
1133 1690 14373 898 -2963 1843
1262 1673 14186 913 -2631 1992
1453 1662 14188 883 -2484 2083
1602 1504 14349 886 -2271 2103
1589 1338 14360 901 -2076 2127
1562 1314 14458 711 -2055 2186
1616 1177 14478 528 -2038 2284
1721 1325 14548 163 -2070 2357
1924 1260 14740 -115 -2053 2330
2202 860 14862 42 -1796 2382
2508 624 14966 462 -1371 2441
2590 658 15172 744 -1027 2356
2689 532 15356 859 -791 2211
2596 342 15242 1030 -479 1940
2389 160 15292 1329 -165 1746
2294 172 15268 1406 0 1735
2245 332 15373 1406 44 1819
2272 284 15618 1094 -57 1977
2372 252 15872 679 -134 2148
2482 172 15997 220 -211 2245
2505 138 15937 -49 -154 2247
2486 -66 15948 -214 -80 2195
2554 -197 15981 -153 64 2106
2576 -258 16126 -86 248 2095
2538 -290 16145 106 539 2025
2398 -385 16245 -4 810 2031
2402 -486 16382 -208 1050 2024
2342 -752 16635 -534 1118 2057
2226 -921 16714 -522 892 2014
2174 -1207 16942 -228 652 1838
2086 -1042 16845 307 455 1655
2212 -829 17060 557 380 1448
2310 -728 17136 425 529 1268
2283 -860 17175 351 662 1126
2181 -900 17128 330 532 1036
2044 -1064 16913 367 193 981
2126 -966 16820 506 -201 861
2332 -904 16800 732 -329 725
2576 -770 16738 916 -225 646
2581 -693 16770 808 -124 738
2647 -723 16650 320 9 711
2530 -939 16388 296 269 927
2340 -829 16254 -32 72 974
2504 -892 16088 -200 24 942
2593 -780 15802 -284 223 1039
2765 -406 15766 -1029 305 1120
2975 -256 16037 -1718 674 1283
2851 11 16221 -2401 1328 1374
2823 417 16520 -3122 1848 1134
2969 314 16992 -3295 2550 838