-1114 10242 18585 12377 -1747 -1666
-1036 11492 18546 13024 -1558 -964
-956 12111 18470 13776 -1968 -240
-1030 12408 18194 14377 -2743 529
-822 12770 17941 14935 -3632 1330
-492 14054 17532 15383 -4295 2138
-90 14726 17430 15683 -4343 2840
268 15490 17433 15659 -4063 3774
480 16124 17598 15434 -3788 4591
533 16895 17316 14260 -3385 5762
406 17022 16960 12028 -3357 7295
797 16746 16664 10605 -3443 8346
770 16546 16377 9466 -3761 9449
802 16486 15677 8082 -4610 10347
1290 15728 15348 7231 -5268 11231
1354 16161 15300 6555 -5606 11938
1820 15481 15132 6387 -5694 12333
1965 15221 14808 6694 -5410 12976
2278 14974 13965 6312 -5745 14019
2856 14564 12876 4425 -6392 15018
3310 14308 12241 1750 -6698 15898
3492 14422 12144 82 -6661 16105
3575 13694 11687 -3067 -6919 16448
3961 12662 11628 -6400 -6879 17181
4686 11190 11720 -7653 -6080 17619
5035 10836 12227 -8248 -4994 17726
5561 9532 12500 -9026 -4235 17747
6268 7969 12547 -9525 -4220 17937
6609 6152 12020 -9944 -4473 18166
6844 5097 11702 -9973 -5013 18060
6668 4452 11236 -9691 -5407 17969
6850 3228 10588 -9506 -6094 17265
7053 2544 10281 -8851 -6004 16227
7624 1242 9976 -7994 -5803 15049
7986 789 9698 -7001 -5112 13816
7985 861 9560 -6298 -4685 12331
8281 438 9151 -5788 -4319 10735
8521 302 8950 -5480 -3697 8906
8577 195 8963 -5177 -3079 7328
8488 308 9088 -5359 -2659 6521
8436 836 9252 -6056 -2450 5945
8504 1053 9251 -6802 -2853 5360
8706 964 9352 -6941 -3416 4978
9000 863 9770 -6509 -3830 4795
9344 1242 10032 -5722 -4000 4149
9905 1356 10491 -4791 -3962 3537
9900 1708 10620 -4109 -3735 2978
9634 2228 10718 -3659 -3828 2797
9458 2584 10700 -3517 -4181 2492
9620 3005 10980 -3646 -4640 1820
9881 3165 11318 -3086 -5161 1503
10182 3261 11713 -2152 -5463 1415
10748 3228 11504 -1101 -4915 1246
11014 3029 11268 -479 -2920 939
10921 3261 10902 -281 -1858 902
11170 3006 10846 -468 -1082 640
11284 2628 10976 280 -640 62
11138 2524 10954 1156 -393 -449
11033 2875 10579 1595 -545 -795
11016 3258 10365 993 -726 -981
10871 3501 10423 829 -667 -1314
10571 3610 10251 641 -686 -1225
11064 3677 10468 425 -305 -961
11090 3570 10638 600 88 -731
11322 3424 10710 1014 251 -417
11704 3247 11040 1874 787 -12
11450 3958 11654 2560 1531 159
11581 4118 12041 2318 1790 249
11660 4476 12546 1694 1774 175
11582 4458 12946 1295 1476 -121
11541 4382 12990 839 1124 -157
11612 4201 13088 538 726 26
11452 4340 13178 317 353 102
11194 4518 13262 44 -126 249
11386 4296 13144 -128 -398 410
11244 4229 12818 -155 -613 516
11027 4397 12362 -181 -888 575
11098 4168 12067 112 -836 632
11152 4287 11928 391 -351 531
11172 4453 11705 224 -49 340
11030 4489 11721 -175 12 182
11226 4220 11750 -499 232 151
11268 4018 11857 -499 485 -16
11141 3738 11904 -171 531 -181
11089 3790 11889 78 509 -235
11212 3653 11992 209 409 -292
11502 3267 11961 751 448 -491
11615 3239 11912 1237 579 -653
11637 3248 11788 1480 587 -959
11502 3421 11449 1700 473 -1134
11765 3252 11286 2067 634 -1294
11996 2914 11065 3000 1090 -1597
12017 2777 10728 4341 1667 -1925
12977 1080 10696 8254 3464 -2824
12472 1249 9898 12274 5371 -3497
12376 1436 9435 14858 6474 -4378
11943 1575 9143 17305 7186 -5767
12202 644 8502 20645 8593 -7610
11548 562 7841 24100 9618 -9488
10888 154 7066 26647 9638 -10408
9718 570 5761 29976 9134 -10764
8494 1576 3984 32545 8183 -9918
7230 3706 2441 32540 6396 -8210
4829 6134 1395 30106 2809 -6146
4022 7962 598 28495 1872 -6520
3889 8430 720 29707 2653 -8507
2952 10252 529 31044 4854 -11091
2293 12626 650 30788 7251 -12641
2237 12980 934 32002 9531 -13618
1592 12948 808 32767 10733 -13531
1224 14199 542 32767 11992 -12807
686 15080 835 32767 11643 -11419
1078 14713 413 32767 10184 -10463
1300 14332 8 32767 9969 -9958
896 15687 273 32767 9138 -9794
922 17232 844 32767 7303 -9903
706 18362 1324 32729 5570 -10178
1104 18901 1299 29671 3804 -11022
1572 18608 1548 26287 2511 -12574
2506 17446 1669 24828 2088 -14034
2842 17758 1490 23417 2573 -15015
2233 20505 896 17890 2697 -14947
2105 22370 930 9502 1220 -15032
986 22754 -148 3459 -128 -14796
310 22701 -354 -3250 -2370 -13803
-78 21725 336 -7988 -3971 -13357
-278 20969 1465 -10383 -4514 -13517
-377 20874 2800 -10866 -4487 -14296
-534 21136 3582 -10922 -4128 -15448
-612 21673 4825 -11582 -3371 -16738
-792 22476 5945 -13534 -1810 -17706
-773 22694 6417 -15874 -508 -17848
-1324 22373 6766 -19110 211 -17290
-1538 22286 7530 -23187 142 -16074
-1866 21665 8246 -27399 -164 -14523
-2330 20572 9121 -31097 -468 -13575
-2614 20090 10156 -32768 -1024 -12898
-2183 19401 11819 -32768 -1305 -12352
-1881 18582 13250 -32768 -472 -12240
-1601 17349 14098 -32768 1501 -13503
-2966 18081 14708 -30889 2964 -15828
-3545 19045 15730 -30172 4436 -17894
-3805 20865 17545 -32440 5612 -17921
-3521 21454 19328 -32768 6668 -16703
-3760 20268 20853 -32768 6713 -14751
-4264 18728 21468 -32768 6094 -12815
-4268 14385 21016 -32768 5288 -10795
-4952 9928 21130 -32768 3479 -10048
-6767 9801 21768 -32768 21 -9515
-7081 10362 22900 -32768 -4450 -8772
-6441 10809 24504 -32768 -6087 -8248
-5654 10700 25212 -32768 -6545 -7917
-5526 10182 24898 -32768 -6680 -7697
-5237 9017 23996 -32768 -6724 -7875
-4846 6937 23602 -30241 -6732 -7935
-4759 5679 22761 -25320 -6305 -8226
-4653 5012 21941 -20359 -6491 -8788
-4636 4810 21486 -16345 -6519 -9198
-4551 4848 20838 -13309 -6597 -9480
-4884 5895 20615 -11486 -6363 -9616
-5192 6004 19930 -11058 -6226 -9346
-5664 5920 18885 -10262 -6214 -8733
-5824 5574 17736 -8939 -6616 -8059
-5671 5369 16964 -7054 -7094 -7577
-5327 5364 16278 -5156 -7364 -6841
-5070 5541 15507 -4361 -7202 -6355
-4809 5172 15110 -4055 -7054 -5920
-4584 4716 14704 -3546 -6631 -5370
-4556 4717 14193 -3478 -6131 -4467
-4313 4381 13665 -3316 -5738 -3820
-4057 3963 13326 -2888 -5308 -3413
-3670 3708 13218 -2099 -4925 -3105
-3342 3702 13209 -1457 -4322 -2815
-3154 3400 13212 -1052 -3616 -2430
-3004 3064 13125 -926 -2994 -1968
-2890 2797 13178 -1149 -2442 -1489
-2661 2540 13346 -1397 -1974 -1071
-2445 2076 13489 -1771 -1447 -772
-2488 1830 13596 -2075 -1161 -509
-2426 1608 13676 -2130 -1154 -399
-2512 1104 13844 -1914 -1224 -235
-2334 730 14284 -1222 -1194 182
-2251 644 14763 -391 -954 695
-2198 508 15139 -105 -769 998
-2287 220 15422 -159 -715 1032
-2133 1 15622 -236 -699 1005
-2056 -196 15724 -175 -580 1031
-1868 -401 15859 120 -404 1117
-1856 -586 16041 539 -368 1378
-1833 -757 16078 798 -538 1544
-1492 -1010 16257 1123 -754 1676
-1250 -1024 16312 1624 -828 1511
-1352 -1402 16143 2256 -848 1432
-1690 -1114 16096 2687 -1429 1223
-804 -1157 16624 2474 -1020 950
-614 -647 16887 2559 -754 1163
-199 -238 16685 2197 -1083 1042
243 -108 16454 2104 -1186 844
525 154 16377 2149 -1058 884
655 453 16564 1685 -838 858