-2702 6264 19436 13851 -14 -3452
-2825 7132 19809 14827 -468 -2649
-2689 8044 20117 15519 -1389 -1665
-2486 9026 20241 15444 -2627 -691
-2097 9740 20114 15268 -3980 256
-1834 9993 19468 16264 -4724 1016
-1190 9467 17967 18382 -5194 1412
-896 9202 16084 22497 -6252 1981
-325 9078 14153 25759 -7503 2920
679 10082 11910 28433 -10665 5530
3514 11116 12849 30312 -14247 6981
5785 13280 13681 32066 -15205 6937
7410 17873 13812 27087 -12906 7067
8353 20216 14806 18238 -7600 6841
8116 19700 14772 14049 -4309 6930
6381 18281 14736 10372 -1991 7798
3934 15628 13730 9425 -1588 10222
2626 14416 13628 10035 -3054 11925
2206 15058 14305 12063 -4421 12706
2679 15648 14587 12488 -4887 12810
3772 15281 14345 11964 -4233 12655
3938 15073 13968 11107 -3199 12737
4267 14728 13742 9856 -1877 12864
4632 15108 13560 8751 -803 12726
4640 14796 13294 7880 -168 12755
4824 14426 13120 6201 1090 12633
4577 13684 12898 4543 1544 12805
4281 12448 11965 2966 837 13831
4204 11592 11762 -213 -319 14340
4256 11066 11766 -1804 -1398 14800
5060 10521 11651 -3189 -2380 14934
5457 10516 11416 -4683 -2962 14817
5984 10032 10868 -5883 -3007 14235
7001 8630 10345 -5546 -2301 13830
7428 8189 9981 -4138 -959 13409
7401 8153 10052 -3840 326 13049
6694 8365 10584 -4478 922 12864
6600 8376 10786 -6024 632 12758
6444 8126 11108 -6901 161 12905
6369 7452 11498 -7678 -789 13256
6312 7632 11558 -8041 -2193 13461
6786 7126 11684 -7982 -3466 13144
8087 6538 11940 -7689 -4060 12664
9249 5756 12146 -7354 -3766 11504
9538 5277 11886 -6964 -3558 10458
9794 4780 11494 -6610 -3291 9749
9676 4462 11248 -5845 -3506 8920
9397 4556 10530 -4993 -4315 8101
9409 4664 10176 -6042 -4418 7743
9658 4657 10501 -7771 -4852 7575
10077 4173 10868 -8772 -5400 7792
10184 4018 10781 -9697 -5926 8127
10441 3793 10557 -10538 -6443 8067
10585 3944 10166 -11032 -6810 7628
11076 3406 9684 -11211 -6774 7195
11734 3012 9298 -10967 -6208 6670
12032 2692 9312 -10483 -5651 6168
12080 2610 9005 -9491 -4690 5498
12078 2362 8780 -8441 -3534 4482
11962 2387 8856 -8001 -2670 3531
11696 2612 8806 -7845 -2260 2760
11746 2558 8620 -7976 -2122 2489
11632 2472 8332 -8567 -1961 2238
11412 2448 8036 -9933 -1524 2072
11486 2320 7832 -11159 -1274 1975
12050 1638 7750 -10672 -855 1625
12349 1120 7953 -8995 -272 1293
12217 1034 8040 -7015 108 1268
12181 1021 8421 -5774 486 1229
12206 1390 8924 -5039 794 1066
11804 2394 9504 -5242 994 574
11713 2666 9973 -5913 684 113
12145 2601 10246 -6494 574 -211
12440 2161 10686 -6260 650 -422
12194 2061 10834 -5259 582 -456
11860 2205 11025 -4473 244 -236
12145 2148 10933 -3591 -105 70
12256 2034 11045 -2441 -181 27
12401 1984 11146 -1060 -179 -38
12409 2277 11059 116 5 -51
12568 2050 10756 944 282 -201
12818 1576 10722 1981 946 -470
13066 1437 10665 3187 1685 -906
12762 1693 10465 3945 1829 -1162
12697 1661 10361 4063 1634 -1220
12764 1616 10362 3835 1386 -1178
12712 1526 9958 3533 988 -1204
12720 1316 9764 3355 509 -1247
13384 -42 9628 4218 584 -1512
14013 -1764 9400 6425 1758 -1850
13930 -2101 9125 10085 3201 -2577
15200 -3902 9496 15727 5905 -4452
14420 -2893 8842 21384 8819 -6269
13453 -1405 8570 25890 10395 -7542
13488 -633 8217 29261 12119 -9997
12064 589 7965 31177 12873 -12033
11882 648 7614 31885 13647 -14686
11261 1094 7508 31788 14352 -17270
11393 -122 9142 32742 15785 -20157
10917 -72 8836 32767 17757 -21261
8393 3205 6956 32767 18439 -20077
6800 6566 5778 32767 17860 -19056
6005 7282 5648 32767 16585 -18609
5833 6832 4782 32767 16239 -18683
4838 7934 3648 32767 15901 -18642
3614 9500 2678 32767 14986 -18177
2546 11268 2644 32767 13741 -17951
1590 12500 2965 32767 11425 -17110
1520 12700 2500 32767 9309 -16279
1106 13022 1796 32767 6804 -15319
717 12729 837 32657 4288 -13849
177 13474 246 30291 2752 -12369
144 14045 1013 27500 1906 -11466
-298 14337 1646 25429 1031 -10678
-876 15153 1306 22587 -144 -9656
-1284 15000 1500 20722 -955 -9697
-1828 14616 1409 21114 -1492 -10697
-2174 15094 81 21950 -2093 -11736
-2366 14937 -1173 22706 -2466 -13084
-2321 15440 -1973 23519 -2316 -14917
-2569 16872 -2912 23387 -1647 -16261
-2614 18078 -3170 21618 -488 -17096
-2842 18901 -3292 18541 824 -17365
-3769 19858 -3681 14162 2095 -17034
-4334 19917 -3473 9161 2342 -16165
-4937 20058 -3281 4405 1408 -15190
-5373 20145 -3274 -169 -195 -13918
-5058 19662 -3226 -3501 -1579 -13129
-4842 18514 -2949 -4859 -2197 -12968
-4818 18416 -2397 -4679 -2392 -13178
-4705 17913 -1898 -2614 -1684 -14158
-5322 18544 -1444 -864 -1107 -15292
-5286 19262 -984 -876 -772 -15832
-5583 20088 -213 -2692 -690 -15769
-6176 21010 598 -6025 -1424 -15177
-6949 22547 1109 -12998 -3384 -13391
-7482 22521 1668 -20619 -5963 -12245
-7530 22081 2836 -23482 -7116 -11638
-6737 22034 4077 -24568 -7551 -11500
-6389 21180 5220 -24725 -7240 -11927
-6801 21506 5921 -24879 -7341 -12148
-7073 20134 6869 -23870 -8118 -11721
-7589 19445 7656 -23117 -9793 -10573
-8096 20552 9024 -24446 -12912 -8911
-8245 21633 10754 -28100 -17117 -6713
-6664 22306 12978 -32347 -20130 -4281
-4646 22533 14801 -32768 -19915 -2245
-2529 20962 15897 -32768 -16880 -1233
-2975 18032 16658 -32768 -12888 -1215
-4910 15772 17222 -32768 -12361 -1488
-4505 14681 18509 -32768 -13808 -1276
-4024 14853 20328 -32768 -14923 -261
-3834 15482 20585 -32768 -15663 1083
-2690 14293 21045 -32768 -15017 2031
-2125 13613 21209 -32768 -13197 2600
-2265 13081 20798 -32768 -12642 3031
-1896 11698 20154 -32768 -12043 2569
-2154 10629 19862 -32768 -11482 1614
-1678 9364 19831 -30693 -10323 -541
-1573 8702 20053 -26524 -8598 -3024
-1780 8629 20112 -23220 -7222 -4557
-1989 8916 20154 -19124 -5651 -6004
-2675 9204 19917 -16390 -4754 -6118
-2887 8665 19135 -15012 -4410 -5631
-2641 8219 18519 -13254 -4090 -5324
-1940 8088 17896 -11396 -3331 -5641
-1552 7418 17134 -9065 -1684 -5839
-2110 6548 16480 -7382 -638 -5223
-2331 5663 15891 -6340 -776 -4227
-2343 5263 15351 -5223 -1246 -3229
-1792 5036 15179 -4021 -1774 -2430
-1180 4856 15422 -2531 -1704 -1681
-1096 4546 15589 -1821 -1969 -1203
-1048 4313 15556 -1429 -2419 -800
-913 3770 15434 -1050 -2688 -518
-590 3622 15200 -482 -2586 -411
-614 3715 14986 137 -2407 -490
-492 3594 14833 740 -2069 -465
-396 3445 14873 1042 -1775 -362
-268 3484 14905 1220 -1502 -71
-100 3109 15096 1207 -1055 273
158 2869 15202 1299 -588 620
402 2829 15317 1041 -248 852
746 2753 15606 478 184 1020
1000 2484 15994 219 557 1055
1032 2358 16198 28 740 1140
900 1837 16494 29 567 1281
682 1574 16598 591 45 1595
526 1000 16568 983 -574 1704
1116 951 16775 1454 -988 1314
1204 722 16630 2473 -979 950
1288 970 16430 2838 -1100 588
1602 1246 16528 2847 -1025 357
1663 1548 16501 2565 -880 395
1506 1590 16478 2192 -779 487
1439 1548 16432 1796 -918 562
1834 1355 16232 2015 -826 638
1898 1769 16113 2574 -702 289
1815 1877 16042 3059 -622 -148
1867 2112 16392 3252 -448 -462