796 6978 14872 7675 -611 -2910
814 7168 14892 7779 -93 -3187
636 7330 14864 7987 373 -3378
742 7472 14988 8567 815 -3380
829 8048 15277 8966 1175 -3378
768 8260 15260 9194 1170 -3309
706 8332 15392 8846 815 -3079
1122 8711 15956 8470 30 -3158
1666 9298 16366 8565 -386 -3613
1950 9528 16456 8979 -557 -4115
2284 10041 16575 10767 -10 -4966
2144 11201 16776 13219 884 -5756
1876 11774 16678 14814 1208 -6009
1445 12577 16656 16312 1290 -5918
1170 13970 16510 17663 1251 -5472
673 15316 16437 18499 951 -4742
1056 16412 16133 18518 500 -3665
1500 17156 16100 17805 -13 -2433
2106 17454 16330 17001 -267 -1067
2555 18594 16524 15075 22 701
2715 19413 17015 11677 723 3325
2417 19436 17074 9787 778 5351
2284 19029 16902 9322 535 6538
2464 19062 16930 9169 68 7344
2602 18932 16882 9249 -335 8232
3008 19918 17502 9075 -28 8882
3322 20313 17782 8533 142 9532
3346 20262 17727 7705 38 10694
3250 20821 17448 6543 -173 11788
3008 20574 17096 5893 -367 12621
2848 20590 17002 5293 -699 13692
2529 21248 17282 4603 -1088 14550
3026 19481 17121 3893 -2137 15425
3377 19010 16966 2790 -3180 16498
3730 18601 16308 754 -4378 17079
3945 18000 15925 -1119 -5474 17198
3872 18242 15514 -2350 -6035 16601
3249 17094 14714 -3606 -6749 16189
2401 16117 13876 -5351 -7536 16088
2604 15301 14068 -6845 -8034 15884
2940 13462 14426 -7826 -8810 16044
3500 12076 13988 -8782 -9037 16391
3816 10378 13149 -10679 -9915 16761
4234 9100 12206 -11963 -10167 16816
4065 7632 11148 -13054 -10822 16716
3938 5882 9484 -13692 -11293 16007
3992 4790 8246 -13457 -11180 15063
4732 3667 7515 -12436 -10081 13484
5086 2936 6473 -10728 -8881 11455
5646 2129 5689 -9087 -7503 10015
5913 2269 5214 -8434 -6016 8995
5922 2488 4982 -8121 -4893 8463
5889 3167 4952 -8992 -3493 7894
6070 3941 4973 -11082 -2240 7509
5529 4379 4651 -13077 -2756 7067
5548 3989 4872 -15091 -4228 6669
6205 3114 5249 -15975 -5194 6474
6852 2648 5970 -16193 -5573 6261
7370 2703 6803 -16004 -5361 5852
7882 2325 7489 -15324 -4764 4802
8630 1764 8154 -14342 -4143 4125
9496 1402 8972 -11568 -2839 2759
10330 650 8901 -8498 -1490 470
10062 458 8806 -7072 246 -613
10260 1109 8682 -5763 1397 -1022
10202 1423 8798 -5154 1940 -974
10148 2326 9618 -5309 1871 -712
10122 2500 10288 -5377 1571 -810
10620 2397 11322 -5184 1463 -1293
11269 2080 12193 -4121 1728 -2485
11410 1892 12315 -2351 1750 -3514
11254 1961 12334 -552 1448 -4183
10950 2682 12526 756 1144 -4564
10605 3310 12649 1189 739 -4452
10469 3584 12562 963 194 -3759
10954 2701 12660 1914 411 -3458
11162 1984 12900 3724 1362 -3573
11287 1883 12738 5034 2248 -3390
11858 807 12671 7367 4191 -4218
11622 546 12662 9293 5519 -5160
11585 394 12195 10886 6666 -5618
11497 529 11718 12929 7787 -6767
11298 604 11516 14434 8443 -7502
10640 1804 11195 15668 8910 -8103
10628 1954 11345 17102 9258 -9255
10658 1590 11414 18591 9870 -10510
10746 446 11361 21211 11348 -11993
10494 -302 11412 25105 13502 -13463
9630 332 11608 28556 14988 -14206
8515 2408 11609 32288 15695 -13806
7364 5330 10792 32767 16724 -12912
7340 5922 10554 32767 18883 -11222
7782 6772 9452 32767 24146 -8885
7530 7236 9386 32767 29411 -5465
4052 9596 7869 32767 31595 -2027
1092 12078 5357 32767 28396 -1710
-592 13446 3188 32767 19674 -2116
-282 13528 1898 32767 11202 -2711
161 13706 1032 32073 6196 -2514
638 13064 640 30091 3006 -2169
973 12852 448 30100 1532 -1655
925 12940 296 32004 1507 -1520
-213 14832 -574 32767 2239 -2108
-1704 17152 -1782 32562 1112 -3313
-2852 17010 -3771 29726 -2832 -3001
-2365 16091 -5003 27704 -7630 -1645
-1640 17769 -4909 26184 -11027 -1685
-576 19561 -3741 23887 -12216 -4182
1104 20792 -2589 21145 -11343 -8333
2109 21369 -2065 17850 -8869 -13202
2196 22095 -1468 11638 -5212 -18090
1186 21339 -1299 2806 -3065 -19904
-121 20885 -1833 -3260 -3425 -18137
-668 20795 -1607 -7982 -4158 -15695
-560 20984 -798 -10522 -4367 -14238
-175 21465 497 -12428 -4101 -13969
408 21097 2025 -13764 -3530 -14173
-2 21429 3240 -15756 -3408 -14099
-751 22064 4954 -20959 -4559 -13198
-909 22225 6160 -28800 -5768 -11894
-1452 21112 7001 -32768 -6789 -9704
-578 18604 8310 -32768 -6728 -8825
-814 17353 9707 -32768 -6019 -8665
-1277 17536 11367 -32768 -6203 -7957
-1402 18270 12536 -32768 -6173 -7726
-1808 18877 13837 -32768 -6249 -6957
-2096 18301 15297 -32768 -6907 -5224
-2224 16511 16502 -32768 -8059 -2985
-1618 13988 17755 -32768 -9010 -1373
-936 11052 19496 -32768 -8749 -1308
-529 9693 20632 -32768 -8990 -981
-77 8532 21545 -32768 -8861 -974
-6 7566 22062 -32768 -8991 -643
-37 6128 22206 -32768 -9126 -329
-60 4726 22240 -32768 -9267 -429
-372 3058 22535 -32768 -9450 -261
-186 1308 22434 -32768 -9064 -180
249 535 22348 -32017 -9311 -1090
906 101 22112 -27839 -9277 -2613
1170 -421 21806 -23451 -8356 -4511
674 27 21484 -17365 -7099 -7219
-517 1017 20710 -12977 -6810 -8873
-1112 1917 20187 -10715 -7416 -9143
-1397 2440 19565 -8682 -7849 -8912
-1532 3872 19040 -7485 -8412 -8476
-1150 4418 18602 -6893 -8681 -8281
-501 4348 17757 -6196 -8549 -8341
-214 4954 17054 -5379 -7883 -8585
-128 4956 16461 -4856 -7334 -8677
89 5024 15825 -4372 -6537 -8658
-214 5008 15545 -4059 -5848 -8060
192 4707 15016 -3740 -5207 -7277
173 4558 14849 -3408 -4661 -6473
117 4380 14501 -2962 -4161 -5994
308 4052 14443 -2221 -3275 -5694
484 3788 14396 -1031 -2365 -5518
518 3780 14602 116 -1528 -5336
728 3604 14842 725 -895 -4987
759 3688 14976 958 -275 -4429
696 3445 15018 1014 221 -3742
680 3192 15104 1152 455 -3255
641 3035 14974 1439 712 -2721
713 2938 15074 1840 1072 -1967
848 2734 15182 1449 1208 -1151
1093 2640 15565 855 1332 -236
1237 2452 15832 -119 1358 624
1521 1892 16030 -1039 1306 1271
1826 1268 16354 -1377 1389 1656
2125 738 16456 -1324 1602 1697
2361 116 16577 -1053 1917 1554
2384 -174 16668 -724 2118 1371
2449 -534 16681 -307 2297 1166
2384 -882 16865 138 2187 1014
2405 -1024 16802 567 1997 913
2409 -1076 16953 679 1715 915
2440 -1382 16877 779 1612 921
2477 -1318 16970 737 1470 923
2590 -1294 17065 649 1136 829
2694 -1324 17077 617 965 716
2668 -1241 17000 504 860 608
2664 -1222 16796 439 754 550
2589 -1280 16745 434 677 455
2470 -1268 16718 353 553 386
3123 -1044 16932 94 794 184
2914 -1184 16818 245 1129 177
2702 -1009 16805 68 926 16
2581 -1152 16698 166 766 -237
2454 -1070 16562 540 676 -481
2386 -1004 16486 1115 593 -687
2314 -789 16385 1593 359 -940
2302 -342 16396 1775 84 -1076
2408 -41 16261 1957 48 -1165
2482 248 16174 1982 44 -1175
2466 326 16268 1920 112 -1107
2870 384 16268 1885 317 -1046
2892 606 16205 1898 608 -1016
2938 672 16149 1964 791 -1029
2860 756 16169 2096 815 -1066
2841 754 16266 2510 916 -996
2582 964 16513 2631 884 -936