-986 10175 17828 18876 6364 -5023
-1551 10225 17409 21078 7732 -3941
-1524 10665 17665 23276 9284 -2769
-1484 11985 17686 25228 11385 -1941
-1153 14215 17495 26187 13498 -1131
-3593 20178 16744 18157 13839 1971
-6954 29466 16666 -7524 8522 8505
-8183 28809 16627 -30291 1882 12667
-7038 19545 17188 -32768 -3745 14882
-3649 11850 19207 -32768 -5219 15173
-1958 8682 21053 -27042 -4967 14425
-1864 7006 22048 -18526 -5128 13881
-1849 6652 22564 -12266 -5326 13510
-1447 5773 22739 -7026 -5437 13420
-1089 5310 23011 -3732 -5762 14119
-803 5542 22898 -1863 -6778 13750
-1078 5505 22240 -1357 -8087 13131
-1151 4936 21449 -2125 -9104 13413
-828 4701 20522 -3115 -11008 13778
-142 3998 19541 -3616 -12456 13895
752 3345 18689 -3789 -13702 13657
1512 2427 17520 -3575 -14484 13320
2748 1554 16345 -2913 -14832 13351
3463 1206 14982 -1999 -15129 13076
4002 1021 13732 -1247 -15471 12840
4190 981 12934 -1209 -15602 12719
4677 637 12373 -1219 -15521 12710
4536 1142 11905 -1936 -15357 12183
5237 749 11412 -2346 -15352 11194
5769 223 10953 -1989 -14993 10041
6024 358 10179 -1607 -14719 9049
5983 809 9567 -1349 -14483 7743
5953 705 9334 -1450 -13971 7014
5902 917 9589 -1344 -12800 6488
5698 1080 9426 -1311 -12033 6383
5849 1033 9208 -941 -11273 6553
5956 728 8774 -34 -10501 7026
7062 593 7845 2060 -9654 7530
7789 1149 6998 4135 -9162 8195
8416 2007 6323 4483 -9228 8547
8793 2168 6224 3939 -9832 8270
8553 2881 6542 2336 -10396 7855
8302 3194 6969 -258 -10496 7400
8746 2640 7556 -2594 -9580 6621
8777 1779 8367 -3946 -7750 5623
8781 769 9065 -4526 -5765 5004
8819 264 10552 -4987 -4107 4245
9003 -898 11498 -5512 -3044 1604
9065 -1888 11528 -5690 -2746 -299
9544 -2397 11416 -5041 -2805 -1212
10228 -2455 10957 -3710 -2432 -1757
10560 -1836 10758 -2358 -2575 -1732
10805 -1001 10804 -1241 -2402 -1571
11480 -77 10763 -264 -1646 -1653
11666 646 10724 605 -295 -2049
11460 1020 10596 1204 467 -2298
11270 1410 10265 1550 988 -2359
11203 1498 10332 1557 1636 -2414
11058 1453 10449 1602 2080 -2586
11054 1241 10804 1689 2512 -2782
11293 434 11069 2440 3051 -3479
11598 -836 11336 4370 3865 -4295
12114 -2108 11621 7457 5226 -5249
11988 -2453 11721 12003 7031 -6753
11697 -2368 11582 15755 8472 -8754
11221 -2103 11361 18483 9550 -11111
11125 -2106 11354 21855 10812 -13332
10597 -1504 10930 24756 11887 -14682
10013 -170 10609 26632 12567 -15398
9446 1072 10348 27404 12777 -15854
9260 1417 10365 28486 13383 -16452
8684 2028 10096 31061 14338 -17951
7470 3408 9196 32767 14113 -19641
6252 4900 8526 32684 12596 -20602
5955 5050 7988 31585 10709 -22153
5069 6493 8044 29283 9349 -23432
4846 7834 8324 26854 9295 -24063
4326 8204 8235 24387 10968 -24823
4181 7249 7474 24289 14079 -25006
1370 9228 5444 25475 15439 -23774
-725 11031 3316 26668 13704 -21913
-2535 12365 2046 28154 11021 -20317
-3677 14552 917 28048 8791 -18437
-4790 16074 326 27259 8556 -17187
-4918 17166 438 26577 9084 -16035
-5809 19157 66 24622 9342 -14775
-5441 18963 38 22828 9947 -13539
-5250 18793 -577 22002 11053 -12492
-5828 19130 -1203 20543 11287 -10723
-5505 18708 -1633 19282 11511 -8989
-5986 19348 -1940 18003 11648 -7807
-6040 19720 -1813 16109 11493 -6673
-5758 20021 -1354 14073 11874 -5933
-5312 20332 -800 12405 12314 -5659
-5316 21036 -419 9404 12610 -5658
-5166 20960 -58 5204 11409 -5692
-4644 20656 312 2120 10109 -5878
-4105 20010 634 -489 9344 -6160
-3157 18272 2085 -876 10229 -7218
-2780 17413 4262 483 12794 -8949
-3556 17421 5461 2442 14634 -10736
-4428 17932 6164 3767 15330 -12104
-4863 17923 6135 4853 16064 -13432
-6305 18843 6270 5547 14467 -13791
-5874 18050 6180 4668 13393 -13282
-6390 18362 5707 4741 12486 -11756
-6802 20202 4040 4563 10611 -11237
-6936 20240 3682 4519 7700 -11327
-7572 20114 3338 4655 4194 -11186
-7557 20359 2852 3584 322 -11245
-7784 21373 2184 -120 -3472 -11080
-8258 23007 1434 -6916 -6850 -11368
-8340 23164 1868 -14556 -10251 -12433
-8392 23508 2298 -19625 -12597 -13391
-7706 21888 3323 -23630 -13148 -14097
-7836 20174 5701 -22875 -12271 -14238
-8783 19905 7566 -22789 -11956 -13285
-9733 20906 8108 -26210 -13150 -12718
-10040 20093 8348 -29787 -14441 -12528
-10256 19531 8802 -32609 -15936 -12581
-10640 19042 10314 -32768 -16699 -12831
-10806 17402 12304 -32768 -16354 -12551
-10427 16017 13665 -32768 -15955 -11721
-10502 14024 14644 -32768 -16590 -10455
-10394 12536 14804 -32768 -18510 -9126
-10160 11944 15112 -32768 -19565 -8466
-9833 10386 16083 -32768 -20789 -7644
-8053 6881 17957 -32768 -20673 -5807
-6525 3796 19495 -32636 -16895 -4151
-6551 3879 20008 -26222 -13894 -3856
-7260 4330 20118 -19604 -12491 -3667
-7290 4516 20038 -15862 -11990 -3857
-7113 4688 19668 -13017 -11535 -4201
-7757 5720 19136 -12313 -11808 -3910
-7437 5873 18279 -13684 -12826 -3448
-5940 4118 18081 -13289 -13178 -2403
-5068 3202 17898 -9853 -11848 -1600
-4836 4355 17208 -7755 -10780 -1726
-5025 4788 16632 -8014 -10283 -2265
-4558 3981 16447 -7734 -9129 -3051
-4634 4004 16065 -7202 -7695 -3204
-4369 3866 15880 -6868 -6876 -3132
-4217 3865 15864 -6542 -6085 -2898
-4218 3988 15618 -6727 -5625 -2410
-4068 3582 15812 -6995 -5246 -1874
-3765 3009 16049 -6689 -4308 -1244
-3592 3121 16108 -6061 -3288 -1071
-3582 3128 15762 -5776 -2678 -1121
-3529 2814 15498 -5591 -2315 -1038
-3524 2466 15200 -5509 -1978 -979
-3572 1890 15189 -5340 -1913 -589
-3496 1734 15280 -4661 -1931 -198
-3354 1621 15350 -3994 -1982 27
-3204 1354 15324 -3343 -1833 102
-3053 1108 15241 -2754 -1504 140
-2961 1056 15238 -2123 -1184 71
-2742 985 15332 -1461 -744 -46
-2640 889 15383 -873 -207 -97
-2808 903 15393 -690 66 -40
-2887 922 15466 -974 68 106
-2852 854 15732 -1363 -77 333
-2823 757 15799 -1583 -245 556
-2808 614 15643 -1643 -508 933
-2756 396 15705 -1481 -757 1152
-2718 286 15832 -1190 -1014 1302
-2426 170 15991 -848 -1001 1415
-2299 51 15964 -684 -833 1394
-2069 -85 16024 -693 -498 1375
-2086 -98 16138 -733 -156 1373
-2133 -64 16122 -909 27 1338
-2316 -165 16178 -1234 -191 1430
-2320 -564 16054 -1196 -488 1542
-2210 -689 15926 -784 -756 1631
-2079 -771 15937 -305 -885 1608
-2218 -1077 15712 249 -936 1698
-2162 -958 15844 107 -1066 1377
-2033 -916 16042 101 -761 1164
-1972 -1153 16125 293 -551 1151
-1846 -949 16154 323 -457 988
-1720 -866 16090 521 -401 892
-1605 -761 15901 431 -329 876
-1515 -772 15837 493 -376 1028
-1373 -602 15722 541 -373 1125
-1285 -273 15706 325 -364 1027
-1155 -388 15951 145 -256 910
-953 -385 16174 205 130 665
-1121 -383 16154 175 440 514
-1172 -589 16252 284 517 440
-1162 -517 16453 383 597 430
-1295 -534 16515 310 454 543
-1166 -418 16680 171 327 588
-1178 -400 16753 -29 258 606
-1270 -520 16532 -393 190 668
-1177 -634 16671 -350 157 649
-1217 -475 16577 -130 40 587
-1102 -478 16531 238 133 332
-1098 -512 16458 763 404 28
-1207 -366 16369 1150 591 -151
-1391 -47 16398 1192 595 -200
-1646 181 16394 939 376 -42