8888 -114 10622 -9785 -5817 6408
9104 -316 10519 -8702 -5664 5371
9667 -528 10496 -6506 -5306 3576
10196 -689 10530 -4756 -4633 2410
10334 -374 10696 -4068 -4284 1943
10409 -270 10674 -3310 -4071 1399
10380 90 10288 -2277 -4050 1161
10144 1258 9106 -3179 -3536 1089
10128 1364 8354 -5109 -3121 881
10373 1590 8432 -7220 -2795 690
10661 730 8538 -7716 -2748 553
10741 172 8475 -7305 -2335 499
10976 82 8685 -6224 -1910 358
11279 -115 9229 -4469 -911 -366
11294 170 9598 -2576 -116 -1025
11394 352 9921 -1360 447 -1531
11200 921 10324 -560 967 -1880
11156 1198 10692 98 1053 -1900
11524 1297 10952 1142 1234 -2055
11612 1330 11197 2590 1308 -2076
11581 1845 11253 3951 1225 -1987
11669 2246 11498 4702 1462 -2050
11680 2780 11844 4900 2008 -1999
11536 3340 11884 4391 2251 -1761
11402 3358 11945 3173 2365 -1512
11293 3101 12189 2309 2024 -1214
11346 2684 12284 2326 1890 -1187
11468 2393 12391 2706 1774 -1411
11588 2013 12561 3687 1758 -1683
11738 1713 12456 4810 2245 -2095
11280 1888 12028 5855 2511 -2364
11268 2034 11660 6348 2851 -2496
11212 2305 11706 6550 3149 -2792
11240 2402 11813 6888 3352 -3133
11080 2658 11878 7013 3478 -3416
10933 2959 12105 6913 3533 -3780
10945 3081 12616 6909 3867 -4342
10902 3208 13022 7064 4203 -4698
10780 3553 13198 7279 4140 -4778
10794 3706 13316 7672 4221 -5035
10365 4333 13225 7865 4121 -5132
10310 4661 13142 7545 3782 -5214
10181 4781 13126 7294 3396 -5287
9978 4937 13158 7196 2972 -5122
10197 5046 13144 7501 3038 -5136
10460 4704 13218 8339 3536 -5380
10360 4983 12900 10172 4388 -5624
10572 4769 12673 13068 5679 -6610
9897 5574 12373 14763 6117 -6882
9637 6322 12153 15439 6283 -7265
9226 6742 12017 15464 6324 -7582
8921 7078 11818 15185 6646 -7462
8640 7378 11409 15130 6838 -7397
8286 7202 11366 15487 6837 -7421
7837 7870 11097 16136 6325 -7404
7442 8795 10876 16652 5026 -7526
7510 9290 10666 16706 4344 -7659
7578 9541 10526 16811 4372 -7796
7418 9928 10241 17021 4851 -8063
6969 10618 10128 17231 5207 -8280
6733 10937 9985 17560 5536 -8454
6321 11269 9612 17989 5790 -8416
6177 11172 9033 19038 5853 -8263
5717 11717 8474 19926 5699 -7979
5438 12445 8012 20518 5354 -7756
5405 12889 7616 20686 5359 -7747
4958 13707 7015 20490 5464 -7613
4684 13958 6530 20394 5746 -7603
4605 13996 6008 21408 6622 -7926
4089 14641 5240 22795 7189 -8357
4002 15461 4651 22657 7735 -8565
3522 16423 4282 21088 8131 -8424
3020 17458 4004 18209 8028 -7728
2507 18332 4322 14518 7590 -6997
2033 19148 4476 10327 6582 -6395
2188 18922 4674 7339 5513 -5936
2487 17872 4743 5927 4723 -5573
2628 16834 4357 6384 4457 -5373
2841 15935 3935 8646 4251 -5519
2769 15448 3462 11711 4331 -5867
2326 15542 3236 14085 4698 -5929
1674 15644 3188 15934 5164 -6001
701 16385 2946 16663 5337 -5963
-526 17656 3101 15527 5714 -5639
-1118 17913 3684 14478 6355 -5435
-1897 19316 3500 12430 7118 -4689
-1952 19102 3294 12280 7031 -3757
-1117 18078 2648 14511 7516 -3655
-252 17240 1994 17503 7646 -3611
384 17624 985 20663 7127 -3520
1382 19174 25 21202 5112 -3337
2208 20209 -650 18154 3163 -3338
2579 20448 -1230 13359 1182 -3627
2754 19838 -1486 7266 -811 -4467
2833 20165 -922 2936 -1049 -5614
3156 19533 -240 1080 381 -6080
3112 19168 345 405 2382 -6433
2813 18962 788 252 3729 -6829
2157 18524 1199 425 4464 -7242
1136 18181 1622 480 3336 -7442
816 18740 1849 -290 1067 -7397
1136 19113 2010 -1476 -626 -7277
2012 18644 1833 -1823 -1384 -7620
2319 17838 1480 -342 -1308 -8377
2405 16541 1226 3251 -333 -9874
1796 15463 757 8513 1201 -11737
344 15593 79 14194 2844 -13336
-1926 18071 -430 14414 2983 -13567
-3337 20656 -282 9273 1393 -12737
-3844 21835 220 777 -666 -11583
-4221 21125 577 -7495 -2218 -11040
-4930 19466 974 -9228 -3101 -10996
-5342 18952 1527 -8424 -3282 -10843
-6054 19292 2132 -8053 -3520 -10328
-6770 20130 2618 -9604 -4427 -9402
-7048 20618 3154 -12757 -5718 -8504
-7369 20764 3761 -18694 -7476 -7069
-7058 19723 4258 -23605 -8679 -6075
-6682 17975 5008 -23934 -8469 -6316
-6277 17230 5944 -22416 -8063 -6811
-6434 17305 6578 -21931 -8067 -7081
-6436 17410 7077 -23124 -8520 -7007
-6504 17496 7783 -26431 -9545 -6100
-7493 18482 7988 -31880 -11447 -4420
-6852 17820 8365 -32768 -12555 -3178
-6239 15912 9504 -32768 -12348 -2113
-5403 13939 10863 -32768 -10877 -2154
-5189 12686 11972 -32768 -8765 -3573
-5495 12703 12963 -30283 -7641 -4877
-5215 12742 14163 -24299 -6091 -6629
-5182 14018 14792 -20352 -5112 -7676
-4067 15085 15353 -15714 -3303 -9675
-3993 15896 16132 -11552 -1047 -11844
-4236 16533 16726 -8977 688 -12723
-5154 16977 16813 -8405 2384 -12864
-7218 17274 16817 -10414 2153 -11029
-8005 17222 16434 -13956 49 -8272
-8373 16476 16180 -17559 -1840 -5877
-9040 15306 15890 -21187 -4761 -3394
-8258 13257 15608 -22579 -7630 -1904
-7480 11246 15804 -21650 -8754 -1773
-6763 10063 16160 -19151 -9034 -2158
-6589 9346 16960 -15653 -8632 -3043
-7211 9796 17358 -13567 -7863 -3238
-8020 10048 17283 -13662 -7074 -2400
-9020 10142 17153 -15390 -8160 -842
-8560 9889 17086 -16565 -9072 179
-8000 9026 17140 -17276 -9605 694
-7190 7753 17476 -16268 -9969 1064
-6518 6912 17397 -14019 -9846 996
-6001 6918 17377 -11569 -9404 560
-5888 6858 17270 -9690 -8896 194
-5828 6943 17062 -8304 -8181 135
-5701 7163 16502 -7720 -7462 594
-5924 7098 16092 -8302 -7278 1169
-5830 7174 15569 -8730 -7471 1832
-5677 6380 15130 -8336 -7320 2167
-5209 6109 15019 -7264 -6545 1982
-4669 6040 15170 -6445 -6090 1592
-4046 5284 15268 -5229 -5361 1196
-3862 4996 15176 -3969 -4295 740
-3749 4917 15323 -2717 -3195 440
-3738 4848 15298 -1976 -2458 326
-3640 4875 15014 -1458 -1753 315
-3808 4969 14929 -1520 -1565 589
-3859 4740 14781 -2129 -1970 1135
-3715 4623 14810 -2926 -2222 1771
-3096 4145 14868 -3048 -2568 1845
-2862 3708 14820 -2571 -2517 1673
-2484 3447 14771 -1707 -2029 1325
-2480 3475 14739 -861 -1347 887
-2697 3441 14597 -390 -776 753
-2612 3316 14560 -25 -400 742
-2654 3260 14342 459 -99 666
-2633 3223 14167 1038 181 479
-2432 3221 13925 1718 435 137
-2385 3205 13673 2396 718 -236
-2068 3332 13644 2969 1004 -549
-1788 3771 14067 3128 1377 -508
-1630 4094 14642 2345 1542 -14
-1682 4520 14953 967 1488 579
-1754 4464 15110 -328 1375 1062
-1610 4024 15282 -1260 1332 1544
-1476 3750 15537 -1577 1395 1674
-1609 3590 15697 -1306 1578 1366
-1577 3428 15903 -762 1830 935
-1534 3246 16458 -173 2283 655
-1707 3409 16956 64 2679 523
-1977 3421 17281 29 2463 497
-2142 3424 17437 31 1955 519
-2540 3192 17210 458 1275 608
-2564 3220 17160 700 536 325
-1962 3009 17170 1519 613 -2
-2324 2924 17160 2468 642 -193
-2131 3780 17212 2967 622 -381
-2382 4032 17170 2869 724 -452
-2592 4207 16938 2546 552 -312
-2656 4362 16916 2140 358 -248
-2556 4351 17213 1870 417 -204
-2601 4241 17141 2027 506 -363