-5105 20598 17337 12655 -10873 21412
-4088 19106 16246 11230 -10526 22670
-3330 17261 15317 10715 -9958 23518
-2989 16527 14227 9299 -9578 24477
-2634 15964 12902 6264 -9323 25219
-2293 14464 11640 2666 -9509 25995
-2222 13728 10650 -268 -9951 26287
-1534 11511 9701 -2788 -10252 26497
-1025 10194 8774 -4745 -10966 26517
-394 8954 8014 -5292 -11694 26520
707 7243 7346 -5419 -12517 26743
2644 3968 6848 -3547 -13324 27284
3557 2892 6243 1559 -13644 26957
4500 3347 5374 5712 -14538 26563
5840 4038 4876 6323 -13927 25289
6727 4650 4572 5240 -11913 23912
6813 6896 5114 2635 -9336 21473
7200 7139 5815 -1228 -7051 18894
7613 6403 6467 -4894 -3840 16388
6870 5256 6366 -6419 -1971 14636
5992 5260 6390 -6834 -1744 13787
5408 4896 6531 -7389 -2040 12928
5428 3913 6786 -7077 -2365 12476
5932 3825 7278 -6101 -2758 12425
6696 3870 7517 -5524 -2993 12537
7030 4016 7580 -5708 -3569 12519
7814 4173 7845 -6762 -3934 12185
8537 3637 8101 -8125 -4401 11405
9258 3305 8578 -8533 -4716 10474
10092 2593 8549 -8996 -4300 9566
10212 2589 9250 -8852 -4246 8456
11332 1602 9438 -8288 -4420 5715
12305 -536 10076 -6378 -3985 2611
13038 -1164 10281 -2425 -2480 565
13376 2 10149 1139 -519 -922
12865 1417 9826 2859 415 -2030
12836 2454 9698 3650 1005 -2592
12888 3410 9322 3220 2092 -2802
12462 4033 9385 2270 3082 -2403
12244 4969 9182 762 3688 -1654
11870 5645 8985 -1096 3715 -1264
11784 5213 9214 -2321 3287 -843
11921 4637 9368 -3217 2476 -432
12110 3592 9360 -3170 1880 -682
12418 2410 9277 -1228 1936 -964
12474 1476 9609 1699 1760 -1303
12622 1157 9626 5073 1531 -2184
13730 -438 9669 9137 2613 -3525
14077 -877 9301 14327 4211 -5191
14349 -1846 8838 19278 5619 -7258
14802 -3204 9204 25499 6845 -9774
14156 -2456 9457 30217 7124 -12169
15700 -2989 11222 32767 8605 -16041
15804 -1210 13124 32767 10199 -20668
15457 -1409 14308 32767 11382 -24962
14924 -652 14190 32767 12455 -28075
11605 1930 12430 32767 11635 -29153
9506 3537 10729 32767 10225 -29638
7497 4980 8410 32767 8156 -29615
4289 7802 4945 32767 4451 -28265
3777 9374 1606 32767 1437 -25923
2605 10962 -486 32767 -201 -22553
1748 13037 -2166 32767 -1262 -18258
881 13606 -3316 31266 -1787 -14647
-917 13706 -5082 22992 -1512 -11752
-1128 12009 -5748 16890 -1558 -10296
-1645 11428 -6726 14531 -1171 -10629
-2638 9984 -8128 14182 -615 -11393
-2268 9237 -8448 15446 656 -12125
-2042 8162 -9377 18474 2495 -13042
-3644 8336 -10744 20680 3410 -13213
-3476 9501 -11138 21633 3729 -12953
-4306 11245 -11730 20523 3230 -13131
-4053 13001 -11518 17273 3127 -13124
-3253 14149 -10856 13172 3856 -13322
-3566 13757 -10730 9462 4087 -13087
-3514 13217 -10416 6984 3594 -12225
-3086 12725 -10438 5365 3283 -11922
-2968 12885 -10240 4467 3110 -12193
-2721 13501 -9752 3396 3104 -12999
-2741 14298 -8865 1739 2727 -13858
-2366 14528 -7908 -42 2468 -14946
-3000 15256 -7157 -1726 2360 -15829
-3512 16945 -6468 -4377 1871 -15941
-3696 17697 -5744 -7196 1365 -15981
-4093 18280 -5502 -8980 1126 -15725
-4309 18277 -4788 -9703 601 -15615
-4406 18460 -3956 -8288 -1 -15798
-4064 17644 -3064 -4556 -155 -16782
-4532 18777 -2524 -761 -522 -17876
-4980 20553 -1526 1180 -1505 -18978
-4613 21522 -550 1896 -2231 -19712
-4796 21640 -157 1656 -2395 -20447
-6348 23584 -121 -1062 -4100 -19592
-5433 22205 582 -3353 -5183 -19010
-5684 21630 890 -4541 -5306 -18252
-6170 21280 997 -4673 -5137 -17825
-7325 21509 912 -4497 -5768 -17890
-7880 21685 968 -4419 -6468 -18140
-7574 21445 1338 -3826 -6169 -18201
-7080 21341 2033 -3006 -4802 -18666
-7784 21829 2740 -3257 -4264 -19314
-7970 21522 4238 -4421 -4577 -19538
-8513 22178 4941 -7787 -5682 -19443
-9920 21944 5040 -12738 -8161 -17929
-10925 21752 5516 -19375 -11588 -15694
-10886 21714 6480 -25661 -13829 -13379
-10518 20817 7556 -29038 -14385 -11983
-11268 20372 8445 -29971 -14856 -11486
-11348 19672 9604 -27736 -14851 -12054
-12164 19757 10429 -23466 -13893 -13209
-13616 21809 11154 -21275 -13798 -13670
-14541 23717 11064 -22028 -13344 -12815
-15374 23771 11669 -25120 -13780 -10393
-15650 23697 12693 -29492 -15368 -6265
-16266 22856 13630 -32539 -17642 -2606
-14799 21502 14170 -32768 -19234 -324
-13714 18927 14370 -32768 -20404 1264
-12452 16054 14484 -32768 -20658 1138
-11296 13717 15800 -32768 -18503 -995
-11872 13432 16668 -32768 -17038 -1921
-11719 13245 17503 -30405 -15575 -2450
-12273 13486 18417 -27232 -14193 -2203
-12633 13298 18973 -27477 -14860 -928
-12530 12954 19021 -28382 -15817 524
-11629 11846 18941 -28873 -15876 1695
-10912 11148 18556 -28812 -15386 2154
-9968 9391 17785 -27225 -14794 1976
-9348 8004 17300 -24641 -14076 1349
-9228 7600 16943 -22302 -12945 449
-8975 6693 16555 -20176 -12265 365
-8828 6569 16378 -19083 -12304 859
-8409 6176 16561 -18121 -12614 1370
-8029 5864 16285 -17330 -12661 2014
-7936 6149 15746 -17123 -12703 2781
-7142 5287 14903 -16101 -12194 2770
-6361 4729 14390 -14082 -11384 2562
-5636 4534 14141 -11239 -10127 1828
-5404 4794 13778 -9133 -9178 1106
-5293 4708 13661 -8257 -8526 796
-5077 4196 13561 -7388 -7551 643
-5332 4088 13325 -6808 -6672 755
-5529 3632 13158 -6758 -6234 1033
-5405 3272 13357 -6465 -5828 829
-5134 2922 13373 -5156 -5369 388
-4790 2748 13476 -3224 -4620 -5
-4797 3118 13438 -1865 -4389 -280
-4005 2988 13471 -114 -3980 -276
-3089 3039 13582 1310 -3303 110
-2257 3148 13693 1735 -3089 704
-1464 2890 13796 1783 -3054 1269
-1050 2961 14036 1578 -2999 1888
-592 2874 14478 1091 -3031 2506
-205 2912 14903 605 -2890 2966
-21 2733 14917 -84 -3064 3498
269 2521 14921 -583 -3205 3735
494 2228 14884 -687 -3236 3724
697 2037 14686 -107 -2924 3431
815 1969 14498 838 -2727 2691
1064 2003 14710 1922 -2235 2122
1165 2045 14921 2399 -1593 1851
987 2298 15108 2085 -1161 1735
928 2442 15224 1259 -986 1586
759 2236 15272 622 -742 1589
629 2006 15372 535 -645 1690
416 1865 15422 624 -799 1859
486 1792 15534 744 -996 1873
555 1710 15724 839 -952 1871
614 1512 15766 862 -727 1926
717 1532 15954 590 -278 1803
637 1521 16033 448 13 1515
690 1152 16128 865 307 1322
857 1061 16376 1859 745 1004
562 1692 16071 2305 1323 730
701 1415 16422 2275 1750 238
421 1626 16582 2177 2121 276
308 1486 16675 1343 1895 350
106 1420 16616 924 1487 525
64 1282 16682 564 1119 841
167 1100 16944 166 792 1276
262 1238 17156 -12 619 1377
402 849 17378 17 854 1333
209 879 17489 127 1115 1193
329 530 17747 -268 1027 971
129 263 17732 -638 427 955
427 -29 17746 -493 31 630
384 -237 17841 217 -323 305
491 -549 17459 1379 -577 -265
290 -498 17024 2562 -934 -826
33 -870 16357 4084 -1393 -1392
558 22 16416 4996 -1638 -2299
856 256 16419 5976 -634 -2389
325 1378 16700 5029 -833 -2524
347 1543 16958 3333 -995 -2224
269 1705 16806 2193 -1072 -1956
260 1904 16506 1659 -1313 -2045
308 1680 16476 1708 -1321 -2139
554 1866 16660 2319 -920 -2233
501 2288 17134 3124 -389 -2446
412 2642 17339 3629 -254 -2492