-6641 11676 20394 3390 3900 1031
-6980 12078 21356 5035 4351 1242
-7032 12270 22370 6893 4107 1354
-8031 11893 23350 8917 2418 1729
-8725 10321 23938 10740 -418 2584
-9772 9099 23692 14882 -4857 3558
-9664 11965 22740 21716 -11080 7946
-7848 16442 20416 24434 -13171 11319
-7313 20776 19252 24612 -14103 14358
-7948 22826 19768 23387 -16422 16862
-7733 25152 19933 20679 -19433 19104
-6773 28196 21088 13086 -23471 20873
-5860 28992 21058 4039 -25961 21493
-4560 27912 20177 -3250 -26554 21535
-2973 25810 19020 -8712 -26275 21725
-2294 23934 17697 -11845 -25546 22362
-1633 21547 16226 -13637 -24961 23323
-15 19631 14497 -14583 -24620 25209
1334 18327 13188 -15433 -24276 26266
1692 17812 12324 -15874 -23692 26894
2527 16952 11482 -16400 -22630 27327
2941 15738 10158 -16871 -20971 27770
3238 14409 9164 -16332 -19750 27997
3520 13197 8121 -15882 -18620 28577
3556 12522 7260 -15707 -17754 28990
3787 11742 6311 -15519 -16923 29700
4164 10544 5640 -15311 -16176 29936
4046 9764 5104 -15322 -15452 30354
4164 8866 4902 -15270 -13865 30520
3876 8363 4554 -15693 -12480 30167
4000 6060 3501 -15601 -11182 29506
3928 4408 2968 -14738 -10367 28942
3996 3831 2954 -14020 -9473 28538
3590 3232 3155 -12770 -8253 27367
3272 1806 3114 -11819 -7648 26471
3342 247 2934 -10606 -7283 25830
3253 -1418 2743 -7948 -7243 24513
3490 -2598 3018 -4950 -6921 23075
3644 -3206 3336 -3116 -6651 22321
3702 -3869 3777 -1909 -6472 21716
3798 -4768 4004 -856 -6535 20918
3775 -5222 4425 80 -6555 20050
4174 -6618 5067 453 -6390 18854
4516 -7500 5942 -36 -5865 17269
4822 -8318 6218 -1668 -5621 15780
5020 -8925 6268 -3676 -6140 14138
5197 -9963 5908 -5389 -6617 12029
5590 -10654 6005 -6568 -6937 10527
6028 -11174 6261 -7126 -7270 9546
6537 -11353 6533 -7522 -7281 8677
7044 -11320 6694 -8174 -6980 7943
7455 -11303 6491 -9709 -6872 6683
8600 -10992 6681 -11273 -7162 4196
8681 -15374 4813 -9703 -6341 -84
8924 -16316 3705 -7895 -4663 -1270
9636 -14947 4291 -5070 -2163 -1533
9922 -13641 4714 -2808 -844 -2089
9362 -11673 5137 -1346 -493 -1848
9702 -9557 5722 -1827 -447 -1871
9741 -9136 5822 -3109 -873 -2283
9573 -10188 5372 -2601 -1957 -2806
9521 -11974 5137 1055 -3029 -3857
9617 -12949 4408 6837 -3661 -5322
9348 -14113 4228 13606 -3290 -7418
9105 -13885 4100 20079 -2254 -9699
8428 -13669 4022 26272 -1415 -12513
8028 -13193 3866 31823 -628 -15414
7978 -11933 3537 32767 731 -17639
7538 -12034 3553 32767 2183 -20148
6994 -10040 4120 32767 3539 -22371
5913 -7409 4873 32767 4253 -24668
4933 -5020 5729 32767 4398 -26739
4566 -2346 6209 32767 4125 -28047
5209 434 6678 32767 3199 -28704
6342 2325 7061 32767 2174 -29440
6782 4057 7040 32767 1555 -29461
7089 6024 6870 32767 1019 -28546
6724 7032 6098 32767 426 -27269
6009 7028 4700 32767 -791 -25737
5746 6812 2982 32767 -2496 -23680
6300 7088 1406 32767 -4007 -21725
6458 7565 161 32767 -4962 -20007
6696 8381 -537 31717 -5767 -18933
6480 8865 -885 27215 -5830 -18141
5833 9372 -1126 22052 -5361 -17688
5572 10297 -909 16566 -4142 -17328
5974 11173 -494 11687 -2594 -17571
5560 11480 5 7739 -1044 -18436
5448 11596 328 4374 296 -19127
5550 11606 389 2542 1057 -19716
4840 11245 410 2422 1386 -20280
4332 11809 708 3010 1331 -20311
4393 13426 1470 4338 1077 -20338
4917 15126 2578 6049 558 -20870
5762 16901 4038 6925 451 -21250
6232 18429 5580 6734 540 -21474
6629 19384 6532 5752 793 -21407
6754 20314 7833 3265 716 -20223
6457 22096 9860 -2270 399 -18475
6738 24124 11257 -9455 -653 -17176
7172 24893 12034 -15879 -1950 -16690
7912 24196 12702 -19212 -2649 -16457
8529 23832 14182 -20503 -2607 -16150
8982 23850 15865 -21344 -1987 -15458
9372 23588 17432 -23970 -790 -13654
9676 22886 17956 -26908 10 -10720
9512 22081 18341 -29188 1163 -7379
9340 21413 18894 -31302 2659 -3497
8165 21274 18822 -32754 2642 -1881
6708 20400 18057 -30081 246 -3214
5961 18352 18462 -26214 -2698 -6011
6074 17932 18102 -26314 -4870 -6676
6072 17728 18116 -28994 -5594 -6353
6657 17349 18208 -31462 -5400 -6309
6749 16874 18048 -32768 -4699 -6161
5901 15602 17040 -32768 -4191 -6030
5413 13356 15970 -32768 -4557 -6305
4960 10500 15798 -31178 -4766 -7752
4042 10800 16202 -28291 -5457 -9465
3802 11065 16545 -28036 -6152 -10349
3992 11037 16284 -28469 -6352 -10578
4354 10682 16196 -27909 -5470 -11059
4668 10000 16286 -26190 -3541 -11230
4280 9365 15748 -22201 -2176 -11967
3606 9348 15582 -17048 -1416 -12986
2872 9745 15272 -12589 -916 -13264
2345 10278 15017 -10121 -258 -12969
2110 11357 14950 -10226 198 -12356
2054 11601 15448 -11575 500 -12069
1821 10741 15561 -12689 596 -11903
1657 9677 15110 -12526 556 -11690
1232 8982 13884 -10311 669 -11883
840 8698 12909 -6676 736 -12446
398 9036 12454 -3317 614 -12772
333 9893 12826 -916 624 -12966
642 10697 13866 227 1118 -12905
874 11844 14564 302 2032 -12542
972 11868 14958 -362 2625 -11677
868 11890 15094 -1316 2696 -10560
846 12028 14597 -1918 1968 -9478
1092 12162 14042 -1541 1117 -8448
1521 12165 13933 -404 792 -7560
1950 12065 14349 445 1265 -6510
2218 12373 14798 668 2003 -5303
2285 12065 15402 62 2803 -3922
2132 11588 15641 -1297 3282 -2514
2149 10981 15712 -2677 3341 -1123
2304 10450 15678 -3754 3177 14
2429 9813 15650 -4008 3148 664
2584 8924 15854 -3702 3535 991
2328 8105 15969 -2908 3829 1015
1962 7221 16144 -2192 3953 1036
1780 6650 16186 -1546 4007 990
1428 6068 16254 -990 3804 997
1450 5989 16465 -274 3270 739
1497 6097 16765 311 2525 393
1492 6509 16708 601 1317 54
1577 6781 16449 758 -113 -455
1614 6370 16197 1029 -924 -631
1697 6296 15930 1567 -807 -557
1828 6436 15888 2390 -365 -652
1961 6642 16029 2987 11 -686
1893 6832 16134 2877 74 -661
1821 6913 16096 2547 100 -655
1797 7037 16105 2043 138 -623
1958 7169 16132 1608 396 -630
2262 7384 16182 1187 818 -689
2522 7302 16277 862 1310 -727
2684 7358 16316 594 1591 -733
2568 7580 16377 216 1730 -609
2478 7465 16529 -100 1769 -378
2294 7576 16612 -446 1873 -137
2118 7517 16536 -620 1911 91
1973 7492 16677 -751 2074 323
1844 7421 16762 -953 2184 447
1554 7080 16748 -1084 2081 544
1604 7122 16816 -992 1704 454
1568 7046 16864 -769 1386 254
1765 7101 16758 -371 1147 -24
1749 7061 16670 203 887 -290
1856 7026 16760 611 813 -383
1893 7116 16970 792 746 -328
1930 7261 17062 810 614 -173
1959 7477 16988 535 416 69
1936 7337 16884 313 219 329
1993 7345 16885 41 136 502
1913 7329 16769 -173 111 523
1896 7192 16570 -219 128 471
1910 7052 16461 -90 164 387
1969 7103 16471 -22 512 308
1894 7214 16574 -138 804 277
1649 7374 16445 -358 801 331
1450 7292 16485 -601 708 473
1312 7177 16374 -738 576 648
1262 7186 16173 -749 461 722
1289 7086 16109 -553 321 691
1309 6973 16086 -302 327 609
1224 6928 16101 -301 433 560
1184 6856 16038 -243 384 467
1080 6839 15890 -55 120 461