-405 7706 19685 15287 666 -4445
-441 8782 20501 14605 180 -3916
-416 8989 21681 15502 86 -3033
-229 9510 22322 18567 388 -2002
-889 11829 21498 20279 1279 171
-1044 13716 21249 20146 1245 1484
-1204 13612 21604 20582 539 1916
-1503 13996 21086 20429 -1149 3266
-698 14965 20399 19952 -3725 4726
-354 15815 20115 18073 -4436 5902
34 16960 19858 15333 -4725 7660
-52 17720 19345 12187 -5072 9719
112 17093 18478 9963 -5614 11982
1125 15003 17606 9030 -6470 14468
2448 13373 15975 7785 -7535 16274
2702 13193 14841 6679 -8542 16625
2505 14190 14549 6424 -8471 15713
2676 13668 13980 7020 -7633 14920
2736 13856 13445 7161 -6966 15121
2644 14316 12749 6405 -6831 15642
2342 14845 12152 4599 -7319 16489
2258 15070 11450 2181 -7925 17186
2009 14914 10562 -601 -8462 17914
1596 14660 10080 -3376 -8890 18725
2002 13572 10309 -5223 -8885 19000
2521 12821 10686 -5971 -8691 18741
3292 11402 11166 -6100 -8816 18539
3965 10093 11052 -5829 -8715 18471
4389 8352 10702 -5579 -8803 18423
4480 7956 10516 -5161 -8945 18433
4844 6480 9950 -4840 -8887 18486
5008 6312 10005 -4450 -8529 18371
5193 6532 9877 -4916 -8569 17743
5344 6274 9638 -5984 -8958 17148
5632 5464 9297 -6739 -9315 16334
5878 5080 8956 -6678 -9308 15406
6194 3788 8524 -6421 -9153 14988
6523 3368 8350 -5811 -8340 14272
6877 2981 8250 -5353 -7642 13611
7145 2365 8169 -4792 -7287 13260
7325 2244 8053 -4563 -6847 12711
7420 2024 7838 -4563 -6533 11743
7752 1673 7904 -4646 -6280 10717
8054 1784 7872 -4682 -5734 10055
8544 1277 7796 -5037 -4896 8857
9126 1288 7898 -5256 -3535 7496
9500 678 7648 -5094 -2543 6690
9710 -88 7648 -5025 -1725 6229
9573 273 7924 -5212 -1224 5961
9538 348 8108 -5845 -2149 5407
10117 384 8484 -6159 -3300 4885
10978 -12 8488 -6037 -4154 4056
11388 281 8583 -5731 -4688 3078
12290 -260 8616 -5479 -4495 2714
13050 -70 8863 -5230 -3484 2247
12878 320 9178 -5594 -1915 1813
12884 444 9425 -6572 -563 1839
12998 592 9968 -7782 128 1684
13228 360 10562 -8167 569 1076
13425 -486 10938 -7146 129 996
13938 -926 10818 -5966 -378 853
14131 -1440 10247 -3210 -820 593
14338 -1365 9542 666 -621 117
14276 -980 9158 2724 -11 -111
14463 -811 8883 4178 1283 -537
14742 -846 8756 5625 2960 -1312
14667 -895 8428 6973 4574 -2259
14322 -1009 8265 7946 5872 -3635
13993 -1185 8261 8136 6105 -5405
14134 -2148 8616 9189 6339 -7097
14617 -3493 8993 12256 7232 -8859
14460 -3645 9181 17550 9400 -10966
13748 -3330 8970 23780 12065 -13341
12012 -1821 7836 28406 13302 -15658
10154 -865 6101 32225 14091 -18059
9346 -912 4425 32767 15000 -20193
7193 -114 1812 32767 15500 -21690
5460 617 -46 32767 15654 -22729
4232 1306 -1294 32767 15709 -23216
1442 5494 -2115 32767 14798 -22893
13 9486 -1804 32767 13422 -23325
-765 11244 -1229 32767 13475 -23898
-1646 12342 -550 32551 14573 -22907
-1974 13042 14 29168 15367 -21079
-3600 14228 24 24957 13553 -16941
-5736 16510 -937 18086 8273 -11671
-7145 17828 -816 9531 -267 -6538
-7876 19469 -993 726 -8942 -2750
-6258 19281 -352 -6898 -15233 518
-3540 18382 820 -11895 -17159 2014
-1898 20544 2218 -16272 -16695 3069
212 20326 3116 -21744 -13627 3442
1514 17314 4010 -23116 -9529 3596
1997 16260 5376 -21528 -6069 3833
1974 16006 7054 -19065 -3716 3912
2748 14933 8377 -13696 -2352 2578
3774 14562 8768 -9356 120 1160
4278 14486 8708 -6253 2413 -814
4646 14065 8756 -3443 4938 -3771
4258 13674 8614 -2735 6996 -6053
3756 12916 8987 -2265 8837 -7510
2942 12454 9360 -1659 10081 -8387
2156 12014 9624 -1273 9253 -9234
2718 11701 10217 -702 6767 -11081
4021 11418 11174 -1676 6433 -12104
5889 11508 12044 -3524 8475 -12967
6696 12516 13553 -6853 11521 -13879
6730 12788 15317 -10728 14754 -13546
5457 12492 17178 -14250 16604 -12763
3356 12266 18732 -17175 16003 -11476
1736 12220 20759 -19030 13613 -10001
2152 12698 22685 -19494 11846 -9392
2865 13498 23917 -19684 10221 -9015
3653 13876 24886 -19154 10598 -8374
3258 13638 25104 -21664 7960 -8370
2768 14821 25100 -26690 7525 -6802
2378 14133 25905 -32329 7797 -3430
1608 12362 25920 -32768 8422 -111
1402 10336 25871 -32768 9764 1473
816 7950 26819 -32768 10808 713
202 5977 28202 -32768 10326 -1824
-362 5588 29320 -30641 8468 -5981
-842 5638 29273 -26177 6889 -9861
-1718 5321 29046 -22973 6050 -12156
-3016 5616 29187 -21329 2758 -13374
-2501 5899 28445 -20953 -365 -13014
-1677 5620 27217 -21738 -1400 -12635
-1108 4820 26244 -21254 -1059 -12559
-982 3849 24828 -19844 44 -12199
-1816 2908 24561 -16402 594 -11571
-2869 3032 23912 -15510 -741 -10305
-3332 2680 24128 -15997 -2676 -9433
-2594 1816 24044 -15439 -5035 -8080
-2246 1483 22677 -14546 -8405 -6723
-2039 1471 21332 -13900 -11015 -6939
-1594 738 20189 -12013 -11919 -7603
-1338 568 19657 -9584 -11516 -8097
-1534 1214 18856 -8384 -11666 -8313
-1357 1633 17848 -7385 -11393 -8630
-1132 1369 16718 -6585 -10667 -8518
-928 1244 16408 -6219 -9989 -8048
-702 1423 16023 -5463 -8949 -7262
-618 1770 15290 -5213 -7719 -6116
-856 1768 14539 -5162 -6638 -4837
-1168 1568 13754 -5205 -5951 -3557
-1321 1430 12902 -4909 -5682 -2949
-1298 1104 12250 -4091 -5514 -2771
-1122 1177 11870 -3658 -5354 -2735
-736 884 11449 -3073 -4835 -2618
-310 950 11359 -2285 -3881 -2360
-52 866 10978 -1564 -2783 -2168
-4 931 10869 -1275 -1774 -2041
-270 942 10686 -1108 -886 -1841
-354 508 10933 -636 -460 -1580
-262 97 11077 -224 -222 -919
651 101 11919 428 66 -481
1148 342 12194 430 553 -506
1409 297 12336 472 1163 -623
1444 -105 12877 902 1903 -431
1486 -256 13440 1062 2023 -16
1630 -548 13773 818 2161 432
2324 -923 14645 272 2697 1067
2471 -1042 15123 -414 3105 1381
2318 -1468 15377 -551 3125 1275
1860 -2028 15195 173 3016 1080
1725 -2335 15781 1153 2191 1094
2124 -2180 16030 1697 1895 1080
2441 -2169 16338 1597 1991 1140
2428 -2132 16286 896 2201 1301
2483 -2525 16433 410 2486 1637
2378 -2628 16652 664 2546 1817
2130 -2402 16528 757 2694 2200
1976 -2892 16733 693 2779 2678
1676 -2754 16481 148 2664 3355
1600 -3289 16545 -848 2005 3684
1820 -4077 16540 -709 1423 3476
1894 -3841 16448 -784 876 3193
2180 -3838 16460 -984 844 2810
2328 -4084 16565 -1074 1021 2265
1974 -4332 16525 -870 1229 1436
1552 -4345 16435 -990 1019 831
1521 -4673 16586 -497 828 577
1594 -4678 16324 11 848 331
1345 -4669 16313 285 661 122
1150 -4564 16195 582 224 -144
932 -4564 16146 1042 -47 -324
729 -4485 15938 1540 -395 -567
1157 -4092 15648 1919 -533 -948
1411 -3987 15528 2132 -303 -1398
1546 -3464 15448 1987 0 -1531
1682 -3124 15489 1614 518 -1537
1482 -2926 15532 1111 759 -1353
1352 -2789 15456 590 536 -1120
1286 -2784 15394 534 329 -919
1442 -2644 15410 653 105 -843
1753 -2286 15408 841 113 -935
2293 -2080 15716 773 529 -1155
2330 -2024 15862 747 1015 -1117
2236 -2080 16360 531 1119 -932
2086 -2214 16886 520 985 -824