7684 4084 5110 3706 -3303 3018
8325 3614 5621 7352 -3747 2786
9260 4074 6253 7778 -3554 3455
10596 4686 6986 5542 -2859 4724
11136 5483 6903 1991 -2413 5153
11572 4916 6869 -733 -2423 4853
11622 3684 6784 -1268 -2296 4157
11125 2130 6589 -536 -2045 3733
10790 1450 6609 322 -2065 3679
11349 16 7124 709 -1355 2121
11434 -122 6994 1438 1240 1970
10856 1692 7020 339 2227 2719
11631 2392 8388 -265 962 2408
13100 3113 8965 349 237 1440
14016 3900 9705 733 1144 904
14210 5385 10094 -279 2308 828
14220 5346 10998 -1307 3734 788
13878 5617 11150 -1214 4923 901
13436 5545 11130 -774 5732 1046
12824 5485 11597 -199 6015 1318
11678 6225 11470 -597 5497 1301
10822 6510 11282 -1860 4028 881
10713 5919 11418 -2843 2105 499
10854 5510 11634 -3161 742 594
11383 5003 11356 -2761 -401 901
11908 4457 10842 -1433 -820 806
12144 4480 10201 367 -10 354
11886 4938 9732 1049 1068 -483
11972 5109 9341 894 2097 -1936
11909 4396 9245 1303 3573 -3862
12002 3881 9640 3459 4513 -5202
11977 3697 9517 6832 5040 -6286
12008 3434 9316 10093 5653 -7227
11887 3159 9020 13460 6244 -8556
12055 2841 9032 17536 7784 -10042
11715 3440 8953 19921 8964 -11154
11338 4050 8854 21009 9727 -12015
11082 4005 9080 22518 11156 -13272
9918 4719 8653 25063 12228 -14723
8776 5694 7946 26778 12474 -15536
7990 6456 7346 27490 11989 -16098
6520 7910 6970 27622 10637 -15998
5945 9740 6706 26181 8767 -15300
5000 10991 6620 24354 7869 -14780
5265 10542 6294 25349 8879 -14740
3839 11452 5488 27925 9273 -14900
2956 12516 4634 29677 8956 -15600
1345 15043 4334 27910 7620 -16221
1055 16273 5026 24264 6743 -18016
-168 17444 4960 21388 5461 -19834
33 17080 5236 18611 4159 -20316
329 16337 4309 18197 3355 -19298
370 15968 3414 18514 2839 -17778
-408 16408 1664 18990 1403 -16336
-572 16196 630 19296 48 -14975
-1615 16489 -1061 19670 -799 -14548
-3448 18232 -2757 18255 -1539 -14364
-3068 18644 -3812 14860 -631 -13785
-3042 18565 -4773 11606 780 -12899
-3176 18366 -5410 9424 1562 -12129
-3524 17937 -5534 7116 1564 -11265
-3874 17249 -5492 5075 883 -10038
-4264 17120 -5176 2866 -859 -8892
-4170 17169 -4722 2319 -1385 -8797
-4241 17588 -4292 2432 -962 -9057
-4022 17728 -3793 2629 -271 -9318
-3769 17481 -3545 3156 704 -9439
-4333 17874 -3552 3162 1511 -9096
-4271 18188 -3020 3076 2668 -8588
-5621 19236 -3410 2389 2807 -8128
-5479 19673 -2776 1453 2134 -7883
-6165 20649 -2428 240 1424 -7633
-5445 20540 -1481 -87 799 -7866
-5501 20568 -722 327 654 -8480
-4436 19236 496 3766 1789 -9502
-4497 18241 493 10119 3938 -11372
-5863 19624 422 16324 3876 -12784
-6316 21705 -718 19754 3092 -12871
-6928 22778 -1642 18640 2384 -12428
-7229 23301 -2526 16058 2393 -11540
-7982 23570 -2654 13190 2159 -10713
-8154 23630 -2558 10525 1134 -8974
-8221 24240 -3170 7011 431 -7349
-8570 23944 -3508 4321 -307 -6408
-8446 23718 -3716 1722 -817 -5376
-8402 23498 -4154 -731 -1214 -4269
-8697 23006 -4517 -3294 -1640 -2919
-8922 22417 -4508 -5038 -2420 -1954
-8778 21930 -4312 -6097 -3026 -1120
-8589 21306 -3718 -7292 -3812 133
-8620 21102 -3143 -8824 -4954 1828
-8541 21348 -2656 -11112 -6080 3209
-8254 21072 -2181 -13714 -6997 4644
-8381 20880 -2187 -17409 -8128 6393
-9361 21578 -2289 -23587 -10442 8518
-8300 20508 -2081 -28951 -11656 9932
-6718 17450 -1178 -29770 -10087 9757
-6425 15968 -245 -26930 -8080 8856
-6930 16049 362 -23695 -7806 7761
-6682 16670 825 -22342 -7895 6727
-6777 17766 945 -24457 -8546 6094
-6169 17877 1362 -28809 -8553 6451
-4809 15734 2266 -31226 -6730 6123
-4497 14010 3408 -31482 -4915 6057
-3726 12982 4329 -29547 -3299 5225
-2702 11246 5540 -26152 -1446 3376
-3290 11153 6530 -23509 -752 2406
-3608 11620 7749 -23002 -1144 1428
-4218 13254 7970 -26323 -2322 660
-4026 13326 8632 -31672 -3588 319
-3381 12966 9677 -32768 -3884 182
-3072 12752 10622 -32768 -3473 841
-1613 9864 12560 -32768 -1762 335
-2674 10286 13813 -32768 -763 569
-3141 10913 15114 -32768 -1661 638
-2734 10834 16833 -32768 -1883 -36
-3134 10217 18452 -32768 -2173 137
-2425 9500 20593 -32768 -2376 137
-2388 9070 22194 -32768 -2703 622
-2508 8253 23049 -32768 -2972 1148
-2797 6950 23202 -32768 -2896 1633
-3340 5444 23377 -32768 -3782 2190
-3396 4366 23762 -32768 -4652 1920
-3434 3606 23933 -32768 -5532 1103
-3186 3306 24089 -32768 -6281 46
-2317 2849 23906 -32527 -6524 -1435
-2024 2169 23868 -29802 -5927 -3286
-2297 2118 23394 -26515 -5173 -4919
-2913 2024 22984 -23218 -4716 -5757
-3400 1949 22726 -21670 -5407 -5754
-3812 1949 22497 -20763 -6668 -5368
-3448 1933 22178 -19595 -7615 -4911
-2988 1864 22025 -18529 -7945 -4585
-2241 1436 21686 -17692 -7972 -4373
-2041 1430 20841 -16550 -7682 -4398
-2106 1598 20618 -15707 -7490 -4580
-1640 1234 20250 -14195 -7103 -5203
-1938 1462 19745 -12660 -6572 -5521
-2196 1662 19277 -11825 -6540 -5601
-2109 1420 18874 -10515 -5987 -5653
-2424 1733 18293 -9095 -5536 -5398
-2720 2192 17796 -7817 -5978 -5130
-2530 2498 17328 -6611 -6174 -4734
-2208 2734 16852 -5759 -6003 -4509
-1950 3146 16220 -5218 -5715 -4145
-1398 3256 15650 -5186 -5409 -3902
-968 3305 15177 -4728 -4391 -3575
-898 3401 14656 -4058 -3414 -3091
-844 3326 14349 -3886 -2759 -2473
-1009 2796 14002 -3993 -2473 -1765
-1308 2481 13276 -3657 -2522 -988
-1120 2017 13105 -3093 -2988 -607
-704 1642 12833 -2312 -3173 -257
-342 1621 12637 -1385 -3042 54
74 1480 12766 -889 -2898 359
406 1356 12768 -510 -2475 486
544 1460 12841 -325 -2020 467
696 1192 12944 -254 -1584 608
782 799 12889 -89 -1049 758
799 555 12903 250 -590 1165
803 16 13126 220 -275 1694
777 -566 13790 -77 -311 2435
1280 -1222 14244 523 13 2988
1621 -1260 14529 1130 589 3100
2233 -1533 14755 1966 1829 3147
2022 -751 14942 1703 2950 2942
1881 -1222 15438 428 3083 2725
1513 -1793 15634 -118 2932 2788
1187 -2219 15651 -243 2372 2857
1244 -2456 15753 425 1597 2711
1326 -2532 15901 1009 1135 2263
1233 -2534 15970 1144 984 1930
1145 -2722 15905 1121 844 1662
1048 -2836 16008 1061 716 1621
904 -3024 15938 659 327 1605
978 -3296 16178 517 8 1740
931 -3456 16071 457 -224 1775
813 -3449 15897 374 -492 1656
897 -3588 15906 453 -629 1392
1008 -3514 15885 640 -586 1085
969 -3364 15949 983 -359 824
804 -3302 15934 1024 -183 742
753 -3520 15951 600 -137 900
802 -3509 16000 393 -28 1180
771 -3303 16015 88 73 1388
772 -3361 15978 -469 94 1341
738 -3492 16049 -385 22 1305
817 -3485 16186 -55 -42 1099
814 -3463 16283 273 -110 778
726 -3455 16351 496 -245 518
767 -3412 16458 513 -288 404
852 -3419 16399 302 -441 339
884 -3405 16241 473 -532 159
868 -3446 16014 894 -649 -58
512 -3468 15749 1863 -888 -261
677 -3300 15709 2133 -979 -772
864 -3021 15601 2450 -796 -921
1010 -2798 15717 2377 -640 -992
1174 -2601 15740 2481 -433 -1017
1087 -2421 15714 2162 -528 -1009