-3732 6790 22123 22120 -6267 -1211
-3759 9372 23007 21945 -9464 1689
-1789 11537 24900 22279 -10657 3420
348 12383 25827 25530 -9237 4187
466 14014 24996 27863 -7844 5234
524 14178 24121 28492 -7118 6493
849 14652 23352 29033 -5947 8110
1597 15182 23120 28714 -4838 9786
1810 15160 22470 28028 -4412 10984
2457 14629 21243 28761 -3954 11757
3033 14160 19878 29668 -3829 12127
3634 13222 19020 29366 -3536 12369
4044 13134 17702 28893 -3125 12777
5004 12886 16601 27104 -2687 12969
5049 12388 16056 24772 -2313 13894
5521 12181 15728 23061 -2032 14275
5269 11967 14123 19751 -1397 14824
5616 11252 13465 14896 -1175 16047
5996 10964 13012 12203 -954 16500
5964 10196 12620 9280 -1315 16770
5267 10026 11358 5415 -2015 16927
5153 8637 10395 2085 -2971 16714
5056 8521 9972 92 -3896 15818
5369 7793 9743 -1470 -4655 14698
6158 6562 9555 -2700 -4231 14189
6570 5510 9013 -2716 -2018 13846
6016 5871 8754 -3772 -697 13300
5815 5661 8498 -4852 83 12806
5372 5848 8566 -6890 505 11908
5201 6140 8876 -9810 -293 11615
5410 6036 8930 -12231 -1599 10860
5605 5310 9170 -13417 -2366 9958
6915 2814 9376 -12737 -1909 9796
7473 2873 9621 -11728 -997 9856
7728 2680 9963 -9863 -1946 9132
8326 2659 10259 -7433 -2514 7946
8647 3217 10298 -6612 -2886 6709
8612 3078 10236 -6541 -3132 5276
8539 2806 10020 -6427 -3194 4046
8737 2194 9553 -6158 -3046 2976
9064 1588 9624 -5089 -2728 2463
9141 1893 9338 -2805 -2797 1618
9716 1642 9770 -1397 -2196 -230
10492 1510 9934 -1301 -533 -951
10388 2759 10419 -1807 1057 -1157
9802 3996 10740 -2972 1644 -1522
9662 4295 10674 -4053 1834 -1738
9389 4673 11121 -4755 1658 -1585
9860 4941 11836 -4553 1362 -1299
9917 5750 12462 -4280 1230 -1206
9764 6370 13006 -3907 941 -1422
9925 6060 13358 -3013 598 -1663
10644 5264 13898 -1310 913 -1664
10476 5535 13881 755 1248 -1506
10125 6149 13736 2589 1418 -1216
10288 6688 13680 3035 1567 -1156
10137 6984 13540 2811 1467 -912
9900 7205 13370 1719 1175 -700
9418 7185 13229 524 639 -491
9285 7233 13117 -747 -269 -340
9436 6685 13038 -1662 -1356 -285
9718 6040 12882 -1617 -2092 -40
9998 5680 12358 -1372 -2734 399
10638 5236 11928 -494 -2637 478
10940 4892 11870 318 -1879 300
10959 5182 12055 871 -714 -67
11004 5307 12536 1065 977 -699
10948 5430 13105 512 1873 -1084
10754 5436 13612 -227 1994 -1313
10752 4826 14088 -1208 1798 -1884
11136 3210 14929 -967 1208 -2832
10889 3069 15260 -571 18 -3286
11380 2306 15414 504 -1070 -4045
11944 1157 15402 2649 -1680 -4814
11676 1308 15132 4149 -2268 -5074
11874 1114 14669 6769 -2582 -5663
12059 962 13960 11538 -2230 -7290
11234 2232 12775 15597 -1518 -8744
11206 2730 11758 18507 -181 -10151
10836 3828 10698 20841 1413 -11542
9890 4801 9280 22548 2753 -12441
9716 5285 7890 24469 4758 -13739
8896 6183 6713 26636 7083 -14251
8064 6873 5788 28201 8620 -14664
7552 7277 5233 29026 9506 -14770
6341 8268 4790 29186 9914 -14845
5374 9089 4412 28489 9352 -14577
3945 10579 3716 25947 7711 -14442
3298 11515 3346 22222 5657 -14101
2473 11577 2681 20295 3829 -14410
1772 12925 1912 17034 1863 -14471
1396 12640 1598 15434 -656 -14705
616 13063 905 13465 -3309 -14901
65 13595 13 10859 -4759 -14135
-758 13113 -777 11696 -3619 -14022
-1774 14458 -1098 13486 -1925 -13249
-1841 15044 -800 16468 -318 -12951
-2338 16520 -1336 18320 657 -12583
-2347 17053 -1952 19462 1881 -12228
-2594 16874 -2354 19603 3457 -11860
-2516 16204 -2213 19912 4504 -11439
-3128 16483 -2862 18914 4813 -10322
-3141 16106 -3310 17324 4799 -9368
-3658 16456 -3534 15546 4309 -8406
-3254 16305 -3314 13995 4132 -7177
-2844 16374 -3064 12184 4128 -6344
-2644 15948 -2549 10283 4317 -5703
-4284 17400 -2769 6244 3163 -5048
-5136 18442 -2282 -3533 1462 -4026
-5188 19150 -1094 -13720 487 -3064
-4061 19384 455 -22160 1988 -2579
-1473 14479 3404 -21993 6328 -5143
-1149 13405 6265 -16925 8369 -7532
34 12474 8360 -11583 8150 -10368
-1324 14765 9433 -9921 5977 -12716
-2254 17503 10092 -12563 1885 -15231
-2565 19386 10838 -18506 789 -14677
-2988 19333 11578 -20825 2297 -13035
-4128 22854 12442 -23615 2268 -10537
-3520 24616 13312 -26256 1331 -8654
-2399 25233 14104 -28813 948 -6952
-1467 26090 15417 -32335 -523 -4023
-789 25428 16454 -32768 -1512 -1290
-214 24510 17428 -32768 -2157 1293
1620 21590 18272 -32768 -1416 3165
2496 17656 19908 -32768 -1110 2708
2633 14841 21703 -31771 -842 2021
4338 13382 22440 -32768 811 -27
3710 14242 23182 -32768 2424 -405
3040 14862 23200 -32768 3728 236
2421 13181 23253 -32768 5268 709
1047 10194 23861 -32768 5238 1504
-458 6918 25052 -32768 1937 2683
-576 5861 25967 -32768 -2398 2289
620 4524 26308 -32557 -3621 1404
1107 3614 26516 -31028 -2993 -115
620 2236 26580 -29166 -1434 -2449
-166 1503 26840 -27565 -210 -3902
-1330 1054 26309 -27050 -918 -4757
-2081 676 25922 -26930 -2286 -5047
-2330 408 25386 -26221 -3537 -5296
-1952 61 24681 -24795 -4058 -5884
-1861 -30 24213 -22878 -4063 -6613
-2417 -309 23762 -21348 -4980 -7425
-2533 -840 23256 -19558 -5784 -7873
-2744 -282 22480 -18076 -6224 -8403
-2786 -237 21764 -16821 -6274 -8825
-2854 -250 21224 -15448 -6143 -8999
-3096 502 20753 -14226 -6613 -8788
-3008 641 19840 -12653 -7080 -8251
-3070 1685 18816 -9812 -7076 -7526
-3510 2936 17373 -7734 -6811 -7295
-3680 3448 16808 -7077 -6793 -7077
-3597 4304 15957 -6595 -6571 -6622
-3500 4877 14605 -6272 -5998 -5608
-3608 5148 13796 -6257 -5626 -4815
-3292 5366 13145 -6172 -5138 -4104
-2712 4892 12357 -6013 -4439 -2695
-2012 4460 11835 -5454 -3597 -1461
-1806 3922 11670 -5167 -3186 -799
-1836 3164 11287 -4602 -2861 -318
-1487 2418 11023 -3427 -2525 192
-627 1957 11134 -2727 -1796 611
-268 1394 11354 -2700 -1286 811
42 824 11656 -2533 -616 1156
113 128 12129 -2288 -258 1359
285 -513 12545 -1765 -243 1324
492 -950 12854 -1340 -211 1428
571 -1392 13035 -1324 -413 1528
918 -1820 13414 -1005 -511 1413
1165 -1992 13697 -462 -313 1064
1428 -2576 13820 328 150 674
1432 -2654 14092 629 349 418
1460 -2642 14329 787 470 130
1264 -2982 14503 485 313 -12
1220 -3084 14700 494 89 28
1173 -3162 14805 268 -125 111
1198 -3390 14904 -128 -159 293
1323 -3421 15064 -390 -91 438
1608 -4096 15333 -97 586 969
1553 -3625 15232 66 1353 1289
1350 -3376 15609 -261 1538 1449
1026 -3648 15804 -747 1328 1654
1204 -3704 16170 -670 1156 1730
1184 -4126 16372 -308 952 1746
1142 -4368 16480 191 803 1680
1091 -4476 16459 553 388 1476
1047 -4746 16082 922 -205 1082
1106 -5069 15861 1376 -602 682
1208 -5160 15700 1696 -771 444
1236 -5172 15500 2074 -900 169
1202 -4944 15237 2352 -933 -214
1209 -4922 15216 2368 -852 -502
1262 -4685 15202 2529 -466 -654
1008 -4420 14928 2462 -209 -655
1030 -4042 14992 2203 -185 -458
1109 -3898 14857 1791 -204 -242
1076 -3880 14794 1456 -216 -32
1225 -4054 14630 1447 -168 88
1348 -4148 14722 1632 -83 95