5672 10534 21329 16501 -6654 2513
5040 10156 20658 17178 -7000 2685
4818 10486 19942 17650 -7170 3553
4001 10264 19046 18013 -7654 4823
3828 10048 18258 17243 -7975 6124
3782 9728 17790 16177 -8542 7346
4006 9495 17159 14395 -8875 8986
4548 8598 16646 13773 -8841 9834
4682 8694 16132 13851 -8343 9887
4684 8438 14901 13187 -7936 9397
4712 8198 13914 11901 -7900 9214
4959 8105 12955 10044 -7840 8800
5233 8189 12345 8743 -7343 8074
5393 7940 11922 7553 -7192 7734
4904 7840 11684 7173 -6776 7870
4664 8496 11258 6461 -6023 7666
5292 8147 10967 5887 -5682 7680
5942 8214 10430 5203 -5912 7640
6164 8104 9930 4940 -6060 7458
6123 8407 9409 4771 -5799 6810
6437 8337 8680 4117 -5184 5931
6712 7844 7980 3335 -4563 5565
6960 7756 7652 2173 -3490 5653
7327 7191 6964 -156 -2647 6060
7853 6624 7063 -1528 -2069 6172
7861 6861 7222 -2879 -1786 6034
8030 6108 7352 -3810 -2066 5876
7801 6186 7595 -4613 -2253 5647
7509 6497 7632 -5720 -2738 5089
7838 5720 7532 -5850 -3086 4873
8600 5147 7986 -4939 -3163 4791
9013 5623 8435 -4086 -2928 4839
9429 6423 9532 -4707 -2827 4241
10034 6418 10410 -5912 -2211 3328
10046 6340 10814 -6580 -1933 2704
10385 5556 10727 -6678 -1838 2110
9890 5382 10682 -5705 -2304 1743
9578 5761 10394 -4724 -3080 1871
9504 6216 11008 -3756 -4724 2874
9813 6872 11101 -3393 -6804 3923
10328 7158 11078 -3696 -8650 4090
11057 6585 10806 -4169 -10010 3985
11873 5940 10178 -4507 -10071 3552
12472 5548 9800 -4826 -9380 2825
13615 5062 9571 -5585 -6970 1189
14422 4049 9444 -6843 -2963 -1049
14417 3353 9176 -7951 -249 -2481
14094 2976 9128 -8575 1378 -3849
13353 1644 8566 -8959 2286 -5183
13162 632 8816 -7848 3340 -5768
12768 662 9932 -4816 2662 -5607
12389 1841 10970 -3387 2109 -5160
12981 1981 12251 -2282 2646 -5246
12620 2291 12377 -837 3392 -5407
11844 2824 11901 155 3755 -6094
11172 3309 11443 1232 3096 -6488
11824 2998 11184 3079 3190 -6900
11449 2974 11228 5357 3149 -7118
11321 3182 11225 7373 3025 -7107
10896 3850 11165 9603 2979 -7538
12035 2178 11886 14825 4913 -9068
11757 2588 12391 22209 7339 -10488
10928 4820 11607 27613 8713 -11659
10128 6496 10804 29080 9173 -12565
9776 7020 10205 29415 10170 -13102
9369 6620 9560 31270 11768 -13670
8550 6856 8198 32767 12683 -13620
6984 8055 7622 32767 13277 -12932
5722 9359 7016 32767 12092 -11792
3862 11101 5405 32767 7282 -9954
3508 10814 3053 32767 3382 -8521
3062 11629 2069 32767 1784 -7606
1374 13609 1448 32767 -167 -7064
-77 14586 216 32767 -1946 -6149
57 15524 -952 32767 -1901 -5970
-832 16980 -3539 32767 -2149 -5289
-1485 18114 -6537 32767 -2669 -3815
-226 18144 -7566 32767 -1861 -3039
-61 17270 -8297 31861 -388 -2092
-220 17504 -8356 26636 701 -1296
384 16982 -7313 22161 1454 -809
1436 15736 -6346 19328 2744 -1353
1508 15570 -5416 17537 3256 -1813
1636 15554 -4754 16231 2471 -2640
2054 15625 -3950 15150 813 -3430
2149 15637 -3872 12115 -1356 -3488
2608 15252 -3145 8047 -3606 -3336
1661 16577 -3038 774 -6653 -3211
129 18536 -2889 -10787 -12154 -1979
296 18566 -3245 -23646 -17227 220
2602 14016 -2120 -31488 -18185 1970
3465 13693 -1001 -32768 -16194 2366
5502 13180 1366 -31999 -15395 1722
7710 11528 1756 -26356 -12998 -2076
7604 11054 2181 -22106 -10882 -6545
9720 10674 3656 -17831 -5871 -12042
8677 11177 5025 -14114 68 -16131
5961 15010 5008 -14663 457 -20345
5152 15977 5416 -17842 2706 -23544
2821 17030 6141 -22149 5850 -21802
40 18268 6661 -26436 3487 -17313
649 18598 7012 -31630 3839 -12661
-2298 19077 7348 -32332 3733 -8098
1628 19665 9157 -31457 5264 -7159
1962 21177 10837 -30016 4436 -5640
3721 21220 12193 -29704 2005 -5655
4018 20292 13968 -30031 4801 -6073
3922 20533 14717 -32065 5117 -6851
3453 19598 16218 -32768 4779 -6336
1970 18390 17425 -32768 3198 -2800
2489 17496 18754 -32768 2420 470
2477 15352 19933 -32768 998 3429
2649 15130 20516 -32768 41 5274
2720 13088 20949 -32768 -1193 6978
3918 12562 20873 -32768 251 6242
3220 12414 21412 -32768 1858 4987
3959 11669 21858 -32768 3529 2488
2161 10881 22673 -32768 4058 1301
1699 10986 23769 -32768 3103 369
1856 10509 24124 -32768 2053 178
1961 9870 24341 -32768 1707 35
2424 8512 24489 -32768 2765 -121
2509 7315 24976 -32768 5051 -669
1937 6289 25322 -32768 6441 -1157
1739 5025 25838 -32768 7224 -3428
1190 4700 25498 -32768 7954 -5339
14 3681 26005 -32768 6646 -6198
853 1906 26342 -32768 4998 -7755
1065 872 25256 -32768 5397 -7705
825 465 25310 -30920 5672 -8118
-306 918 24382 -28274 5749 -9255
-952 270 23406 -25904 5796 -10678
-1494 -84 23501 -22921 5561 -11685
-2528 -229 22854 -20605 4157 -12104
-2929 -4 22506 -18889 2518 -12213
-2810 -37 22169 -16424 1138 -12018
-2393 218 21601 -13614 811 -11421
-3060 1205 20970 -12435 1 -10618
-3194 1540 20213 -11894 -1319 -10040
-2817 1840 19450 -10478 -1812 -9098
-2742 2153 18788 -9040 -2203 -7983
-2861 2669 17917 -8192 -2599 -6715
-2808 2826 17182 -7310 -3047 -5432
-2574 2557 16318 -6392 -3066 -4146
-2672 2646 15533 -5282 -3027 -3085
-2578 2697 15008 -4659 -3062 -2214
-2430 2817 14513 -4369 -3224 -1308
-2525 2045 13616 -4290 -3325 -351
-2221 1681 13544 -4162 -3678 670
-1642 1421 13325 -3870 -3630 1634
-992 1110 12908 -3740 -3200 2237
-821 833 12617 -3453 -2528 2619
-696 -288 12587 -2997 -1718 2880
-844 -874 12489 -2400 -1422 3080
-715 -1500 12389 -2259 -1281 3149
-521 -1921 12618 -2089 -1366 3021
-542 -2300 12134 -1748 -1456 2787
-588 -2640 12235 -1302 -1779 2407
162 -2812 12494 -458 -1929 1752
546 -2856 12512 223 -1441 1221
396 -3292 12438 621 -979 1063
338 -3368 12812 514 -591 1234
620 -3578 12954 254 22 1293
362 -3559 13116 -479 483 1325
229 -4159 13382 -893 906 1454
9 -4724 13689 -589 917 1684
-208 -4940 13836 -598 622 1656
-21 -5182 14071 -488 131 1730
740 -5558 14566 -42 26 1581
716 -5854 14682 351 170 1297
682 -5798 14764 593 297 1132
693 -5847 14700 871 548 745
420 -6108 14733 937 633 368
141 -6228 14904 777 407 384
89 -6152 14812 463 71 509
428 -6145 14796 209 10 496
652 -6181 14928 133 236 315
439 -6127 14858 412 438 170
271 -6252 15063 533 361 9
270 -6284 15069 863 239 -182
312 -6162 14966 1121 248 -323
357 -5972 14968 1014 231 -477
522 -5791 15000 922 289 -533
660 -5782 15137 526 262 -529
710 -5761 15184 302 284 -450
600 -5838 15170 24 171 -442
434 -5892 15001 126 21 -530
480 -5764 14821 535 -126 -756
581 -5825 14698 928 -144 -1044
653 -5601 14596 953 -153 -1265
657 -5486 14490 976 -29 -1358
565 -5424 14256 1192 109 -1372
312 -5512 14101 1347 98 -1247
306 -5092 14152 1343 -129 -1124
650 -4775 14276 1095 -48 -986
816 -4526 14334 505 202 -827
977 -4606 14434 -181 460 -744
1006 -4744 14444 -76 705 -752
816 -4961 14413 313 804 -839
910 -4938 14428 602 840 -965