461 2190 15312 -1337 -95 263
758 1977 15564 -1185 235 212
863 1729 15756 -752 670 123
616 1537 15766 -594 773 -68
529 1134 15731 -701 711 -159
852 1016 15712 -652 862 -319
1040 1225 15790 -904 906 -441
1464 1025 16241 -1449 1031 -552
1649 710 16672 -2075 1267 -713
1760 469 17026 -2666 1373 -877
1878 145 17388 -3112 1395 -1060
2134 -117 17866 -2930 1580 -1422
2154 -20 18468 -2520 1653 -1923
2290 -158 19012 -2136 1843 -2324
1967 -7 19679 -1270 2209 -2979
1496 92 20122 266 2197 -3803
646 540 20641 991 1347 -4441
317 965 20969 1632 801 -4834
-66 1248 21073 2373 465 -4897
-421 1584 20761 3131 -212 -5182
-650 1761 20474 3787 -1386 -5344
-664 1925 20385 4437 -2355 -5175
-592 1822 20817 4932 -2378 -5162
-1280 1486 20806 5133 -2176 -5542
-2854 1573 20354 6256 -1998 -6673
-3256 1876 19958 8431 -1613 -8209
-2946 2113 19942 10653 -890 -9096
-2626 3070 20085 13951 468 -9235
-2493 3808 19918 15274 1686 -8579
-2094 3797 20544 15271 2872 -7380
-1889 4181 21432 14227 3905 -6284
-1542 4878 22358 12867 4991 -5608
-1282 4730 22634 11589 6528 -5998
-1437 4469 22878 11612 8692 -7290
-2176 3598 22505 14012 11105 -9098
-2728 2536 21518 18295 13059 -10344
-3106 2496 21012 24386 15379 -10991
-6016 4546 19631 31999 14603 -9849
-9312 9045 18218 32767 8267 -4085
-9582 11188 17668 32623 2525 1043
-7273 14038 18894 31612 -2061 5296
-5246 17156 19444 30455 -5111 7709
-3828 18403 19666 29156 -6196 8889
-3068 19317 18681 27068 -6299 9939
-2044 18628 17141 23998 -6107 10797
-1854 18548 16014 20648 -5901 11827
-1725 18086 14266 16305 -6215 13156
-1130 18011 12495 11373 -6377 14729
-346 16912 12445 8745 -5908 16019
407 16916 12708 7567 -5445 17416
1209 15800 12210 7021 -4958 18735
1867 15576 10914 6798 -5008 19361
1989 15457 9575 4900 -5196 19855
1969 15222 8327 291 -5269 19849
2406 13807 7645 -4198 -5111 20416
2626 12379 7106 -8557 -5337 20940
3225 10382 7232 -11011 -5974 21447
3605 9599 7434 -12867 -7141 21515
4322 8506 7905 -14156 -7086 21029
4968 7137 7848 -15371 -6747 20551
6192 4445 8105 -15317 -5359 19237
6576 2838 8164 -14297 -4551 17715
6764 2233 8120 -13277 -4604 16451
6198 2618 8156 -12868 -4960 15615
7000 1693 8054 -12298 -5356 14782
7268 1711 8284 -11449 -5890 13626
8185 956 9154 -11188 -5581 13041
8859 460 9915 -9492 -4218 11692
8734 820 10349 -8263 -2989 10228
9134 465 10550 -7522 -2286 8862
8802 634 10433 -6959 -1813 7549
8800 172 10347 -6465 -2181 6911
8742 482 9742 -7229 -2354 5401
8376 1381 8988 -9380 -2077 4601
9144 369 9490 -9233 -1419 3752
9123 346 10134 -6865 -916 3129
9943 -208 10864 -3685 90 3174
10441 -369 11568 258 1996 2842
10385 240 11900 3622 2870 2964
10505 1065 11939 6836 3459 2963
10346 2301 11994 8983 3950 2809
10508 2999 12065 10290 4320 2031
11763 2770 12834 12118 5107 1425
12161 2914 13878 14125 6404 298
11697 3525 14654 16024 7220 -1054
11733 3976 14882 17318 8106 -2811
11377 4119 14443 18725 8836 -4884
10480 4413 13805 20679 9479 -6033
10094 4746 13248 22376 10117 -5799
9128 6100 11648 25631 9756 -4550
8564 7341 9988 28957 9288 -2966
8088 9136 9222 30211 8635 -2124
7870 10797 8985 28450 8228 -1819
7476 11473 9165 25442 7938 -2123
7584 10760 9083 22810 8523 -3371
7390 9513 8383 23711 10952 -5300
7381 8484 7100 29373 14762 -7108
5401 9873 5706 32767 16583 -7936
4532 11600 5194 32767 16499 -7986
4094 13606 4816 32767 15378 -7660
4148 15049 5104 32767 14015 -7003
3940 15676 4316 32767 13733 -6758
4188 15486 4024 32117 14179 -6541
3946 14376 3132 31374 14824 -6712
3605 13545 1873 31095 13977 -7395
3570 12542 1246 31262 13423 -8080
2469 11906 726 31638 12165 -8686
1593 12035 458 32367 10190 -9099
597 12678 244 32420 8001 -9569
312 13232 157 31913 6069 -9594
309 13224 -340 31218 4616 -9645
-68 13432 -1054 29880 3201 -9474
13 13586 -2302 27744 2100 -9288
-650 13834 -3141 25152 1103 -9099
-947 13915 -3786 22826 359 -9272
-1818 14048 -4696 21542 197 -9859
-2096 15021 -5298 20979 771 -10856
-2788 14827 -6229 21217 1931 -11578
-3227 15088 -7205 21440 2966 -12035
-4621 15235 -8636 20149 3315 -11627
-5368 15473 -9434 17753 3536 -10663
-5597 15105 -9709 15550 4064 -10010
-4947 15316 -8907 12764 4319 -9387
-4138 15118 -7726 11183 3499 -9400
-2541 14964 -7396 10903 2550 -9741
-1248 15342 -7648 11112 812 -10086
166 15622 -7888 11616 -634 -10497
-71 16525 -8508 12212 -3094 -10487
-981 18452 -9477 11840 -6765 -9989
-1776 20443 -9809 8977 -10049 -9195
-2751 22499 -9911 4115 -11736 -8634
-2798 22398 -10149 992 -11684 -8324
-3153 22613 -10696 310 -12074 -8529
-2768 22464 -10964 598 -12835 -8942
-2359 22753 -11596 366 -14410 -8952
-3433 25206 -11713 -3299 -16837 -8139
-4854 27981 -10864 -11101 -20224 -6167
-5510 29113 -9085 -21154 -22461 -3980
-3696 27090 -6001 -27666 -21038 -2856
-2883 26250 -2971 -32220 -15134 -1401
-4240 25783 -1844 -32768 -10432 906
-5729 24623 -1128 -32768 -9361 2073
-6378 21972 -82 -32768 -9531 1404
-6980 21576 552 -32768 -9853 841
-7638 20432 1861 -32590 -10648 910
-6808 18921 3935 -28615 -9379 664
-6193 20400 5409 -25956 -8469 982
-5988 20968 5718 -25901 -8064 1365
-7030 21532 5650 -27915 -8645 1933
-8570 22054 5438 -32093 -10129 2246
-9396 20100 6002 -32768 -10456 1698
-8952 19021 7422 -31139 -9928 1262
-8378 19074 8703 -28337 -8350 1109
-8332 18298 9633 -26997 -7482 1449
-8319 18615 10386 -28430 -7602 2629
-8588 18470 10958 -32383 -8712 4555
-8632 17279 11287 -32768 -10481 7146
-8044 15776 11605 -32768 -11052 8842
-7708 14934 12028 -32768 -11465 9165
-6480 13366 12491 -32768 -11108 8454
-5427 12130 12997 -26233 -9767 5690
-4745 11501 13660 -17708 -8312 3415
-4763 11748 13876 -14029 -7362 2582
-4713 11765 13946 -12583 -7122 2375
-4653 11133 13970 -12338 -7288 2538
-4199 10678 14037 -11533 -7144 2977
-3717 10508 14173 -10578 -6926 2967
-3036 10234 14445 -9118 -6529 2443
-3044 10361 14541 -7773 -5896 1779
-2841 10408 14842 -6720 -4852 1211
-2804 10702 15076 -6392 -3754 1147
-2554 10740 15198 -6796 -2933 1505
-2487 10753 14939 -8241 -2526 2463
-2329 10112 14769 -9671 -2533 3215
-2346 9690 14538 -10337 -2638 3733
-1853 8936 14574 -10505 -2604 4012
-1124 8080 14576 -9471 -2140 3606
-798 7613 14581 -8146 -1532 3053
-650 7082 14622 -6911 -913 2645
-650 7093 14646 -5713 -432 2283
-832 7100 14653 -4847 -237 2034
-1413 6946 14850 -4468 -252 2000
-1305 7549 15333 -5142 -443 2099
-1189 7336 15410 -5427 -450 2582
-1224 7378 15458 -5635 -669 2831
-776 7078 15445 -5283 -633 2753
-688 6889 15238 -4444 -359 2645
-624 6789 15154 -4031 -295 2544
-568 7113 15278 -4504 -396 2715
-52 6986 15507 -5111 -182 2866
352 6760 15805 -5308 307 2989
488 6544 15972 -5154 337 3073
-63 6120 16021 -4473 234 3119
169 6061 16458 -3606 353 3041
124 6105 16576 -2587 570 3147
29 6421 16662 -2134 515 3089
-218 6786 16448 -2166 141 3397
-161 7080 16060 -3532 -698 4255
204 6717 15816 -3949 -701 4749
485 6369 15746 -3738 -324 5156