-2884 -1228 17827 15435 -2622 -2934
-2945 778 18392 15940 -8627 610
-2051 3390 18800 14481 -10874 1980
-869 4580 19276 13030 -10743 1114
88 4222 19736 13249 -8757 -554
301 4048 20183 15589 -5399 -2162
36 4766 20370 18889 -3040 -3165
328 5414 20658 21063 -2239 -3400
760 7106 20795 22743 -1579 -3224
1273 10558 21740 23206 -691 -3685
1456 12287 22407 24350 1035 -5892
1805 13295 22787 28365 4730 -8512
1199 13208 21581 31632 8266 -7879
1116 13680 20492 31333 11598 -5404
-226 14891 18950 26950 11509 -2423
154 13907 17608 22622 9737 855
1178 12388 17126 21366 8588 3665
2381 12328 16854 21180 8065 6004
2776 13387 16660 20310 6971 7960
3248 13170 16656 18851 5951 8924
3514 13741 16837 15858 5138 9899
3912 13052 16908 11322 5019 10833
3616 12970 16732 8090 4279 11766
2715 13350 16111 3724 2632 13088
2427 12662 15588 -1730 -161 13768
1514 12203 15292 -6328 -3297 14313
1772 10972 14838 -10068 -6378 14677
2222 10046 14696 -12249 -9078 14631
3446 8040 14326 -14442 -12474 14941
4960 6355 14061 -15258 -14662 14479
5409 5615 13835 -15694 -15655 13707
5750 5266 13501 -15881 -15731 12596
6072 4746 12720 -16796 -15360 11964
6230 4768 12133 -18034 -14608 11534
6449 4124 11668 -19429 -13529 11134
6880 3282 11340 -20264 -12301 10484
6532 2558 10850 -20382 -11597 9472
6372 1814 10290 -19836 -11153 8077
6348 1633 10262 -19387 -11147 6479
6516 1460 9948 -19346 -11213 4989
6820 993 9673 -19113 -11224 3379
7133 792 9354 -18029 -10965 2750
7353 717 9345 -16651 -10465 2793
7653 854 9346 -15498 -9652 2846
7453 1606 9833 -14441 -8850 2809
7872 1424 10228 -13156 -7984 2753
8488 1117 10766 -10908 -6371 2150
8700 1285 10896 -9253 -4851 1435
8780 1022 10654 -9010 -3922 680
8551 436 10596 -8915 -2791 -11
8749 -334 10605 -8603 -1653 -467
8612 -364 10648 -7631 -1107 -793
8357 -385 10838 -6523 -1488 -890
8674 -749 11218 -5276 -2023 -1076
9116 -1132 11553 -3331 -2441 -1624
9377 -868 11772 -1327 -2918 -1731
9617 -213 11322 72 -2790 -1411
10229 -384 11065 1709 -1386 -1411
11264 -1750 11410 4917 1089 -1732
11172 -1208 11534 7845 3237 -1839
10789 -385 11760 9677 4434 -2085
10580 465 11630 10483 5000 -2811
10046 874 11088 9612 5168 -3556
9946 932 10841 9433 5338 -4271
11386 -1618 11506 12406 6839 -5497
11240 -1698 11482 16407 8762 -6255
10602 -1314 11568 19804 9542 -6566
10866 -1874 11792 23670 10397 -7853
10117 -1596 11862 27022 11376 -9383
10073 -1736 12257 31316 11586 -10586
9392 -977 12026 32767 11566 -11125
7776 2632 11425 32767 10818 -11112
7401 4904 11336 32767 10064 -11482
7030 5657 11258 32767 9862 -12210
6997 5288 10740 32767 10325 -12269
7488 5198 9232 32767 11597 -12486
6273 7196 7473 32767 12339 -12798
5346 7728 7045 32767 12233 -13258
3625 9793 6005 32767 11677 -13701
2294 11997 5177 32767 11032 -13845
1710 14157 4064 32767 11062 -14047
637 16358 2848 32767 10936 -13932
101 17298 1726 32767 10614 -13503
281 16289 840 32767 10204 -12716
1 15818 -698 32767 10729 -11326
-456 15666 -2009 32767 10660 -10063
-1709 16625 -3409 32610 10269 -9331
-2278 17502 -3970 29625 8850 -8557
-1984 17780 -3842 25592 7611 -8008
-1169 17002 -3662 22852 7374 -7984
-1141 15969 -3694 21489 7705 -8331
-1058 15005 -3753 21388 7744 -8434
-1492 14422 -4429 22312 7452 -8758
-1525 13936 -4937 23265 7030 -8793
-1274 14034 -5070 23659 7189 -8810
-1348 14812 -5708 23390 7366 -9074
-1972 15845 -6314 21196 7126 -9477
-2317 16888 -6198 17883 6436 -10119
-2593 17513 -5718 13794 5255 -10803
-2996 18085 -5728 9576 3679 -11282
-2934 17577 -5808 6617 2187 -11283
-2453 16826 -5590 5374 1733 -11716
-2468 17126 -5369 4905 1207 -11889
-2461 17338 -5049 4610 593 -11924
-2813 18248 -4528 3546 -243 -12348
-3782 20969 -4120 -624 -1960 -12362
-4241 23141 -3614 -7779 -3939 -11920
-3882 22450 -2492 -14490 -5314 -11784
-3770 22188 -1933 -19309 -6135 -11381
-3540 20906 -1312 -21409 -7101 -11422
-3494 20284 21 -21315 -8694 -11719
-3350 20438 1161 -20881 -10196 -11969
-3196 21282 2729 -21446 -11220 -11939
-2857 21932 4189 -23623 -11049 -11828
-3052 23180 5149 -26411 -10248 -11529
-2582 22506 5889 -27691 -8346 -11967
-3744 22837 6290 -28745 -7138 -12072
-4068 23134 6733 -29648 -7111 -11372
-5112 24068 7682 -31778 -7863 -10539
-5093 23713 9328 -32768 -9226 -8873
-4110 22340 10790 -32768 -9569 -7786
-3456 20532 12684 -32627 -9013 -7152
-2992 18944 14172 -30708 -8635 -6886
-3336 17868 14997 -29668 -9221 -6528
-3889 18105 15525 -32120 -10763 -5814
-3646 16728 16209 -32768 -12558 -4826
-3638 15716 16661 -32768 -14278 -4107
-2817 13382 17150 -32768 -16593 -3571
-2429 9902 17700 -32768 -18113 -3376
-2128 7588 17606 -32768 -19361 -3063
-2620 6488 17445 -32768 -18930 -4110
-3382 8538 18575 -30597 -14339 -5830
-3208 11280 20969 -24032 -9656 -6471
-4249 14640 21161 -22166 -7013 -6274
-4964 14783 20854 -23601 -6262 -5493
-5142 11954 20141 -23901 -7321 -3494
-4665 10456 19757 -21621 -8215 -2113
-4468 10470 19168 -20718 -9159 -1150
-2710 9021 19226 -19298 -9203 -1426
-2000 7840 19026 -18008 -8020 -1670
-1618 7549 19004 -17430 -6988 -2034
-1378 7240 19594 -16590 -5584 -2618
-1981 7640 20065 -16206 -4564 -2581
-2316 7081 19849 -16526 -4282 -1823
-2324 6326 20056 -15955 -4035 -1199
-2438 5793 20198 -14591 -4089 -542
-2069 5125 20254 -12739 -4186 -243
-1989 4352 19828 -10905 -3949 -263
-1810 3802 19349 -9477 -3794 -422
-1608 3286 19016 -8235 -3677 -823
-1289 3010 18804 -7199 -3408 -1204
-1334 3016 18448 -6772 -3261 -1336
-1342 2629 18096 -6605 -3341 -1351
-1514 2481 17750 -6178 -3494 -1249
-1713 2290 17400 -5811 -3846 -1065
-1677 2154 17237 -5534 -4237 -931
-1688 1810 17024 -5099 -4358 -808
-1693 1402 16562 -4213 -4226 -1141
-2285 1160 15718 -2890 -4251 -1836
-2449 1374 14998 -1372 -4084 -2635
-2074 1966 14534 84 -3560 -3250
-1796 2692 14181 868 -2679 -3300
-1797 3277 13922 823 -1825 -3090
-2010 3544 13816 -107 -1221 -2354
-1970 3398 13885 -1673 -767 -1475
-2154 2785 13950 -3233 -265 -631
-2066 2245 13957 -4465 126 -45
-1854 1856 14165 -5069 250 209
-1658 1152 14174 -4984 253 102
-1537 662 14196 -4387 324 -254
-1392 -72 14156 -3676 322 -594
-1116 -890 14088 -2801 106 -1012
-870 -1472 13793 -1982 -416 -1554
-585 -1805 13710 -1337 -874 -2270
-846 -1781 13606 -912 -1111 -3127
-1196 -1317 13440 -437 -1035 -3975
-1362 -1730 13110 -114 -1022 -4323
-1561 -1529 12884 376 -1240 -4464
-1737 -944 12850 453 -1434 -4383
-1540 -362 13313 63 -1281 -4459
-1486 210 14137 -324 -620 -4654
-1614 1538 15157 -1078 764 -4893
-1536 2054 16113 -1865 2315 -5171
-1777 2438 17044 -2260 3471 -5202
-2048 1980 17373 -2201 3864 -4857
-2774 1252 17284 -1855 3539 -4266
-2574 1098 17620 -1873 2812 -3925
-2166 594 17794 -1040 2463 -3354
-2014 310 17941 -197 1965 -3149
-1413 394 17636 228 1394 -3298
-998 50 17333 896 1117 -3442
-774 -6 16920 1840 998 -3666
-806 541 16560 2298 667 -3800
-609 1168 16410 2073 344 -3743
-449 1285 16368 1969 386 -3533
-349 1396 16294 1694 500 -3043
125 1364 16620 1306 812 -2508
390 1570 16882 819 1281 -2144
574 1626 17318 601 1565 -1973
870 1557 17793 816 1941 -1961