2739 -555 16607 4198 -418 -8056
2772 -137 16201 3848 -486 -7457
2916 -62 15967 3504 -311 -6851
3058 4 15988 3045 -258 -6218
3456 45 16090 2692 277 -5689
4137 -172 16272 2417 1611 -5416
4466 -248 16728 2384 2900 -5313
4406 -226 17238 2429 3281 -5255
3627 -653 17175 3061 3477 -5119
2322 -1073 17174 3890 3153 -4891
1741 -839 17856 4311 1272 -4204
2379 -63 18621 5404 322 -4047
2695 882 19184 7186 668 -4872
2140 1627 19497 9578 1046 -6324
596 1901 18720 11041 799 -7115
-37 2246 18917 12299 -86 -7200
558 3667 20152 13251 -1869 -6731
1757 4834 21272 13611 -3740 -5993
2818 5960 22119 13402 -4342 -5257
3361 6653 22808 13467 -3921 -4869
3069 6773 23133 13518 -3462 -4746
2258 6465 23074 14578 -2610 -5305
1862 7084 23297 16834 -1375 -6275
2394 7902 23516 18657 -265 -6978
2700 8407 23442 20652 619 -6933
2707 9540 23635 22910 1007 -6513
2366 11194 23587 23998 209 -5090
2644 11836 23674 22401 -1385 -2857
3354 12659 23852 18764 -3107 -33
3553 12976 23226 14069 -4899 3239
3934 12726 22793 9753 -6885 5814
4104 12629 22348 5784 -8878 7737
3770 11345 21434 3200 -10991 9298
4193 9917 20282 2022 -12881 10512
4678 9189 19318 1548 -14530 10930
5140 9426 18601 2538 -15605 10509
6020 10890 17983 3580 -15807 9203
6720 11840 17577 4013 -15004 7604
6465 12853 17398 4790 -13833 6820
6022 13840 16920 5340 -12569 6881
5770 13962 15941 4938 -11341 7109
5428 14310 15196 4573 -10567 7585
4817 13835 13912 4116 -10600 8682
4301 13225 11997 2745 -11475 10925
3902 12794 10328 5 -12693 13204
4395 10871 9425 -2967 -13922 15002
5336 8742 9104 -5814 -13893 15909
6637 6697 8914 -6283 -13274 16162
7197 6220 8472 -5465 -11893 16266
7560 5942 7860 -5064 -10803 16144
7900 5134 7540 -4168 -9567 15753
8531 4234 6952 -3948 -7125 14803
8472 4308 6950 -3805 -4631 13638
8025 4234 6456 -4466 -3221 12473
7560 3996 6286 -5146 -2181 11767
7099 3952 6514 -5984 -1151 11409
6380 4101 6197 -7191 -402 11768
5745 5452 6909 -8535 254 11862
5802 5602 6865 -10011 46 11170
5852 4534 7308 -10566 -153 10725
5873 3979 7282 -11128 -1449 10169
6509 2654 8286 -11895 -3645 8882
7306 956 8896 -11238 -4893 6797
8408 -237 10184 -9365 -6132 4342
9798 -1634 10134 -6838 -6144 1923
11317 -3474 10138 -2931 -4906 -381
11824 -4162 9920 349 -2792 -1876
11262 -3656 9407 2016 -1285 -2307
10740 -2905 8842 2408 408 -1757
10101 -1444 8781 1964 716 -1625
10088 -1810 8668 2160 -122 -974
10141 -1245 6518 472 285 -267
9444 368 6512 -4147 12 630
10214 -804 6934 -5831 -926 375
10942 -1517 7100 -5551 -409 39
12049 -2699 7943 -3566 677 -891
12748 -2803 8710 -1145 3232 -2467
13126 -3130 9317 1196 5314 -3416
13912 -3802 10144 3803 7042 -4293
13468 -3843 10147 7260 8597 -5199
12596 -3174 9856 10740 9326 -5598
12358 -2438 9872 12736 9291 -6303
11856 -1102 9402 14712 8806 -6902
11968 -366 9401 16694 8791 -7491
11920 244 9893 18123 9358 -7971
11840 720 10421 19764 9994 -8487
11985 845 11013 21631 10502 -9687
11676 560 11154 23224 11310 -11198
11958 -783 11527 27214 13157 -13287
11682 -806 12230 31660 16052 -15292
9915 1894 12132 32767 16635 -15546
8903 6445 10398 32767 16610 -14671
8209 7820 9880 32767 16545 -13071
6850 9413 8452 32767 16181 -11524
5649 10774 7696 32767 14592 -9559
4606 11989 6532 32767 13401 -7857
3242 13546 4941 32767 12768 -6850
2596 14335 2784 32767 12681 -5410
1517 16433 975 32767 12825 -3726
788 17888 -48 31707 12049 -2931
36 18264 -1110 27096 10891 -2170
40 18346 -1641 21708 9187 -1418
737 17022 -1497 18415 7588 -1162
481 16210 -1793 16866 6368 -621
1991 14956 -1375 17260 6787 -260
2033 15479 -1218 18492 7299 -946
2220 15734 -949 17894 6891 -2247
2306 15248 -808 15929 5800 -3222
2849 13994 -922 14117 5228 -3931
2494 14258 -1376 12389 4624 -4629
2004 15462 -1236 8393 3033 -4343
2959 15316 -877 5130 2574 -4893
2736 15232 -500 4279 2934 -5231
2624 15162 11 4909 2621 -6204
2233 15312 670 6143 1431 -7742
2308 16841 1510 4832 1124 -8817
1505 19666 1355 299 812 -9741
1626 17818 1352 -1874 1513 -11539
1545 16777 1417 582 3538 -13693
908 17506 1758 5843 5278 -15478
-468 21180 2270 8864 4757 -16246
-176 23590 3196 9122 2414 -15907
232 24266 3346 7193 1147 -15360
-1416 24668 3053 5014 239 -13897
-3317 25422 1810 4470 -974 -12506
-3340 24868 1840 3887 -1508 -10699
-2802 23398 2152 -925 -3162 -7802
-2263 21356 2579 -8020 -5203 -5995
-1532 20108 3076 -11442 -6330 -6019
-974 18791 3594 -12973 -6434 -6636
-789 17433 3956 -13165 -5808 -7120
-1738 17948 4207 -13021 -5829 -7136
-2086 18682 5000 -14217 -6345 -6746
-1827 19108 6254 -19103 -6751 -5588
-1344 18976 8120 -27153 -7176 -4759
-1044 18408 8888 -30558 -7212 -4499
-481 17646 10088 -32462 -6802 -4766
-226 16889 12140 -32734 -6491 -5610
-84 17157 13458 -31221 -6162 -6691
-910 17562 14784 -30979 -6466 -6943
-936 18460 15514 -32363 -7413 -5893
-717 18332 15941 -32768 -8659 -3911
-95 16317 16829 -32768 -9261 -1057
213 14614 17617 -32768 -8510 -137
268 13591 18406 -32768 -8304 -523
842 12333 19323 -32723 -8191 -1770
1489 11258 19546 -31403 -7198 -3540
1386 11036 19674 -30065 -6636 -4810
1356 10155 19519 -29349 -5608 -6335
281 9680 19739 -29290 -4681 -6938
-108 8448 19884 -29028 -4531 -6571
-664 7981 20122 -27988 -3914 -6158
-1435 8516 20239 -26545 -4395 -5400
-1336 8744 20206 -25565 -5636 -5017
-725 8212 20133 -24205 -6355 -4882
-580 8148 19764 -23530 -6846 -5043
-116 7368 19436 -23244 -6810 -5317
-581 6890 19010 -21986 -6526 -5283
-375 6029 18545 -19912 -6196 -5149
118 5386 18552 -18287 -5097 -5153
-42 5332 18458 -15753 -3297 -5028
-269 5142 18194 -13049 -1573 -5127
-730 5321 18202 -11120 -727 -5132
-978 5668 18294 -10291 -545 -4786
-1202 5229 18153 -9866 -757 -4307
-1251 5033 18110 -9270 -1263 -3568
-782 4340 17893 -8452 -1444 -2840
-540 3416 17732 -7707 -1208 -2422
-1133 3117 17260 -7201 -926 -2373
-1572 2696 16882 -6339 -685 -2928
-1416 2340 16600 -4714 294 -3929
-907 2410 16132 -2410 1491 -4615
-1037 2461 16120 -883 2078 -4482
-1613 2612 16280 -592 1833 -3384
-1916 2242 16464 -1404 1542 -1759
-1937 2195 16631 -2439 879 -256
-1555 1907 16417 -3222 -215 867
-1342 1420 16096 -3013 -889 1222
-1080 759 15633 -2084 -1481 867
-669 121 15044 -283 -1673 289
-124 -169 15170 719 -1153 -69
-12 -338 15378 1259 -465 -489
-38 -692 15378 1868 71 -1012
-121 -1022 15385 2604 169 -1712
33 -1367 15481 3974 345 -2440
-214 -644 15485 4611 227 -2949
-260 -374 15314 4345 119 -3457
-557 114 15225 3601 -99 -3521
-634 386 15234 2686 -352 -3202
-583 676 15350 1790 -249 -2722
-814 764 15223 1220 52 -2146
-780 800 15264 1211 275 -1933
-570 702 15760 1314 656 -2010
-660 656 16175 1500 1318 -2159
-1417 306 16445 1688 1328 -2338
-1036 -229 16777 2037 1725 -2242
-1112 10 17000 2454 1915 -2035
-1120 376 17265 2379 1594 -1858
-960 624 17292 2111 1245 -1578
-845 600 17241 1700 830 -1271