-6806 22822 1091 10477 12734 22218
-5420 16430 1695 -8055 5878 27758
-3098 12166 1189 -17299 3110 31001
-2668 8873 894 -22781 -286 32687
-1806 6814 -125 -25041 -2022 32265
-1992 5525 -309 -26008 -3597 30505
-1081 4920 -202 -26737 -5828 29077
390 4013 597 -26879 -6221 27158
2136 3358 1310 -26273 -5137 25169
3136 3376 2777 -24879 -3375 22710
4358 3250 3842 -23564 -464 19920
4324 3814 4722 -23126 1067 17474
4209 3878 5146 -23344 2022 15166
4065 4122 6213 -23878 2422 13103
4384 4474 7044 -24148 2448 12020
4802 4894 8127 -23091 3388 10301
5240 4912 8878 -21641 5048 7571
6104 6093 9158 -21346 5044 6010
7978 5900 9380 -20136 4143 5057
8975 6567 9278 -18869 3078 3483
9537 7498 9557 -17462 733 2275
10098 8955 9439 -15903 -1950 895
10884 9098 8936 -15573 -3285 -481
11649 9570 9277 -15660 -2644 -867
12836 9360 9929 -15116 -1332 -1162
13261 8471 10276 -13104 288 -1285
12800 7214 10386 -9504 1569 -1866
11430 7454 10197 -6930 1462 -1654
10628 7994 9956 -5556 473 -1571
10480 8498 9752 -4920 -942 -1592
10286 8882 10110 -4500 -2376 -1531
10272 9052 10293 -4897 -3007 -1158
10096 8712 10514 -5339 -3091 -712
10328 8556 10668 -6049 -2743 -285
9704 8524 11010 -7068 -1659 -449
9228 7966 11056 -7431 -1502 -851
9455 6825 10847 -7042 -1204 -1101
9405 6176 10738 -6124 -966 -1226
9192 6350 10916 -5584 -1052 -1382
9545 6515 11111 -5257 -1149 -1621
9503 6520 11676 -5067 -1247 -2075
9373 6273 11508 -4956 -1560 -2396
9502 6304 11206 -4903 -2121 -2676
9828 5989 10997 -4507 -2462 -2841
10171 5596 10950 -3561 -2330 -2895
10781 5568 10926 -2612 -1484 -2892
10352 6389 11128 -2639 -310 -3118
9809 6820 11468 -3454 498 -3362
9157 6573 11621 -3910 999 -3908
8630 6318 11886 -4002 986 -4338
8257 5793 12064 -3322 649 -4669
8182 5224 12628 -2252 135 -4881
8606 4922 13138 -1082 -420 -4752
9204 4791 13620 183 -1275 -4598
10478 4665 13697 1346 -1986 -4345
12088 5045 13382 2047 -2087 -3943
13102 5514 12929 2280 -1572 -3363
14297 5918 12728 2779 -844 -3711
15265 6090 12813 3269 23 -4361
16269 6455 12481 3733 1368 -4823
16492 6860 12284 3796 2526 -5409
16179 7980 12507 2728 3203 -5842
15343 8824 12845 252 3940 -5902
14548 8864 12953 -2188 4185 -5397
14253 7786 13346 -2707 4551 -4398
14200 6580 13870 -1373 5653 -4013
13333 6640 14086 -52 5804 -3716
12616 6785 13984 1244 5143 -3805
12092 6424 13818 2681 4391 -4343
11213 6413 13149 4229 3771 -5015
10292 6604 12377 5683 3372 -5611
9864 6868 12096 6596 3288 -6060
9482 7311 11825 7085 3487 -6277
9149 7604 11690 7859 4335 -6439
8554 8058 11600 8404 5316 -6662
8072 7762 11601 9309 6312 -6815
7948 6797 11360 11153 7663 -7097
6993 6482 10682 13043 9156 -7431
5819 6241 10090 15977 9884 -8063
4540 5914 9258 19876 9873 -8591
3572 6461 8470 23012 8937 -8963
3079 6919 7960 26414 7339 -9271
2828 7674 7188 29098 5839 -9694
1964 8968 6444 30794 3959 -9839
1119 10221 5180 31963 3273 -10649
410 11689 4230 31485 3048 -11308
-329 12796 2964 30241 2423 -11655
-694 13170 1797 28325 1271 -11596
-1253 13469 508 27115 103 -11564
-1509 13346 -920 26867 -592 -11241
-2991 14755 -2819 26122 -1087 -10686
-3326 15496 -4048 24830 -963 -10298
-4097 16468 -5201 23083 -321 -9876
-4708 17149 -6184 21055 279 -9474
-5450 17267 -7568 19184 710 -8802
-5389 16470 -8168 18464 1326 -8164
-5349 16240 -8598 18330 1920 -7584
-5314 16642 -9269 17811 2187 -6895
-4590 16797 -9093 16544 2762 -6746
-3950 17410 -8868 14943 3242 -6912
-3936 17790 -8712 13889 3540 -7199
-4008 18005 -8889 12486 3829 -7453
-4064 18192 -9140 10874 4017 -7604
-4350 18541 -9397 9262 4029 -7858
-4198 18977 -9892 7962 4158 -8266
-4773 20716 -10460 6979 4422 -9235
-5188 22712 -9317 5183 5350 -10642
-4082 22784 -6432 5032 8455 -12768
-3047 19737 -4675 8538 12066 -13666
-3141 17222 -4950 15434 15115 -13317
-3804 17930 -5210 19533 15010 -11899
-3718 19873 -5113 19772 13453 -10565
-3903 22761 -4401 15492 10409 -8942
-3760 24533 -3477 8169 7140 -8052
-3458 25897 -2373 395 3963 -7785
-2710 24934 -1837 -6276 1171 -8098
-1263 21175 -1166 -7768 50 -8407
-955 19854 -400 -3978 490 -9774
-1047 20140 271 536 361 -10333
-1630 20916 12 2403 -883 -10252
-3049 22368 -353 -927 -3590 -9276
-3536 22900 -264 -7711 -6833 -8149
-4316 23716 -354 -16023 -10164 -6914
-3745 23266 -196 -24786 -12488 -6664
-2895 20673 287 -31691 -12708 -6545
-2058 17432 2708 -32768 -12206 -7615
-2092 17595 5215 -32768 -11846 -8265
-1373 16780 7453 -32768 -10723 -9250
-2056 16486 8370 -32768 -9981 -9352
-3221 17161 8529 -32768 -10155 -9083
-3696 16988 8220 -32768 -10213 -8710
-4377 16182 8949 -32768 -9910 -8653
-4921 15568 10852 -32768 -8935 -7688
-4974 16414 12635 -32768 -9261 -6211
-4168 16440 14573 -32768 -8274 -5818
-4828 17196 15954 -32768 -7712 -5594
-4416 16442 17356 -32768 -6226 -6241
-5516 16416 18292 -32768 -4467 -7280
-6494 16538 18992 -32636 -4291 -7675
-6780 15584 20076 -31939 -4638 -7320
-8045 14941 20997 -32554 -6003 -6237
-8413 14138 21295 -32768 -8523 -4883
-8196 13540 21756 -32736 -9860 -3786
-7933 12852 21853 -31648 -10238 -2923
-7695 12547 21780 -30513 -10853 -3030
-7961 12166 21544 -29007 -11235 -3393
-8661 12526 20596 -29222 -11661 -3517
-8938 11814 20369 -31318 -12571 -3490
-8360 10740 20076 -31505 -12264 -3456
-8322 9836 19658 -29443 -11370 -3460
-8154 9098 19204 -25137 -10271 -3805
-8006 8464 18812 -20000 -8831 -4333
-8111 8713 17894 -15399 -7672 -4915
-8004 8988 17309 -12556 -6605 -5236
-7833 8592 16641 -10862 -5892 -5343
-7816 8114 15978 -9830 -5305 -4783
-7941 8116 15370 -8784 -4686 -4021
-8012 7700 15160 -8277 -4668 -3324
-7786 7217 14982 -7666 -4644 -2575
-7350 6545 14627 -6479 -5036 -1508
-6758 5844 14216 -4900 -4984 -892
-6284 5323 13747 -3431 -4378 -611
-6076 4848 13428 -2851 -3774 -455
-6007 4872 13291 -2659 -3357 -12
-5806 4892 13154 -2911 -3120 449
-5595 4764 12998 -3145 -2665 906
-5479 4637 12852 -3435 -2147 1358
-5162 4421 13094 -3587 -1741 1592
-5038 4220 13152 -3603 -1269 1783
-4732 3825 13326 -3537 -872 1736
-4557 3450 13462 -3167 -469 1596
-4492 3166 13528 -2741 -108 1336
-4218 2629 13393 -2112 376 1155
-4090 2385 13584 -665 867 735
-3662 1656 13556 1710 1727 233
-3445 1522 13548 4445 3016 -255
-3402 2073 13741 7055 3921 -733
-3408 2304 14078 8623 4284 -1079
-3403 2634 14746 9190 4538 -1262
-3361 3170 15630 8418 4745 -1206
-3726 3829 15818 5995 4391 -897
-3820 3860 15892 3258 3767 -439
-3876 3575 15949 195 2986 319
-3900 3238 15883 -2298 2280 1114
-3793 2945 15682 -2835 1844 1347
-3736 2630 15806 -2545 1824 1262
-3656 2608 15772 -2231 1786 1068
-3617 2356 15922 -1570 1874 710
-3498 2182 16124 -648 2180 241
-3574 2245 16320 -216 2378 100
-3777 2261 16516 -274 2326 264
-4213 1944 16586 -349 1864 569
-3921 2208 16655 -1180 1055 663
-3760 1940 16470 -1310 839 690
-3741 2155 16268 -1255 704 402
-3418 1920 16262 -694 997 91
-3292 1952 16346 41 1467 32
-3344 2213 16453 456 1686 -27
-3490 2516 16438 354 1536 -67
-3149 2270 16697 236 1427 -99