-7441 15784 17104 11840 -4771 24097
-6818 15362 16872 11187 -5712 25167
-5741 15849 16348 10626 -6618 25929
-4577 15690 15011 9803 -6628 26333
-4592 16985 13477 8561 -5864 26325
-4532 16041 11912 6127 -5596 26822
-4014 14652 10550 4500 -5639 28082
-3701 13764 9205 2898 -6142 29396
-3113 12853 8117 916 -7065 30538
-2320 12196 8088 -1304 -8151 30946
-370 9664 8359 -4086 -8457 31039
336 9134 8102 -5598 -8334 30514
848 8150 7449 -7067 -8322 29968
1836 6361 7221 -7688 -7557 29309
1364 8077 7270 -8418 -6632 28185
718 9018 6801 -11033 -6594 27489
652 10014 7490 -14400 -6617 26817
1177 10326 8109 -18974 -7058 26223
1263 10539 9227 -24840 -7488 26321
1321 9037 9402 -30886 -9377 26394
1790 6177 9017 -32761 -12142 26043
2239 1698 7396 -31882 -16133 25461
4628 -5189 6490 -25800 -18921 23444
7022 -8985 5857 -17625 -19329 21059
9388 -12022 5352 -9165 -18416 18941
10438 -12540 4820 -3432 -15812 16800
11208 -11632 4860 1052 -11309 13744
11758 -10858 4096 2886 -5643 10722
11506 -8506 1926 -73 119 7795
8632 -6677 1707 -5711 3107 6722
9041 -7653 3136 -7202 4395 5904
8882 -6986 4242 -5693 4400 5291
8596 -6574 5361 -3834 3836 4986
7964 -5452 6810 -2057 2324 5448
8609 -4656 7816 -419 597 5747
8906 -2908 9587 484 -982 5778
9354 -2377 10954 733 -2931 6464
10585 -2335 11587 1019 -2780 6049
11700 -3168 12193 2895 -3021 5442
12558 -3198 11990 4702 -3130 4867
13038 -3336 11662 6122 -2754 4080
13335 -2836 11378 7516 -2273 3147
13026 -1420 10669 7395 -1248 2149
12341 49 10462 5246 -11 1640
11861 558 10421 2408 850 1684
11676 546 10552 361 1109 1935
11732 -278 10192 -792 1580 1955
11391 -1269 9557 -133 1570 1947
11240 -2197 9209 1687 1042 2281
11302 -2580 9092 3586 1145 2379
11176 -2528 8845 5036 1341 2612
11364 -2105 8909 5771 1875 2673
11308 -1786 8988 5708 2226 2607
11186 -1366 9188 4727 2327 2250
11220 -1668 9690 3129 2009 1844
11302 -2132 10045 1919 1736 1657
11426 -2434 10449 1101 1355 1477
11549 -2596 10517 529 818 1412
11872 -2570 10677 95 403 1336
12158 -2680 10669 161 67 1189
12288 -2605 10601 557 -144 1024
12160 -2412 10482 985 -262 874
12201 -1884 10422 1244 -202 733
11925 -1272 10488 688 55 456
11741 -925 10821 -79 148 394
11794 -1124 11025 -594 161 422
11868 -1300 11104 -812 240 470
11716 -1627 11124 -616 160 520
11627 -2058 11083 139 -13 758
11757 -2311 10987 988 177 901
11576 -2090 10684 1362 258 851
11769 -2046 10475 1054 228 611
11810 -2266 10354 872 97 433
11904 -2529 10030 1028 190 359
11640 -2425 9650 1085 326 302
11573 -2476 9404 1017 396 350
11638 -2677 9358 1245 587 299
11756 -3383 9120 1898 996 174
11825 -4290 8795 3916 1761 -3
11980 -4568 8689 6429 3093 -351
11621 -3841 9646 7761 4637 -1439
11610 -2924 10269 7077 5098 -2275
11234 -2242 10713 6007 4740 -2634
11237 -2286 11002 5122 4021 -2667
11441 -2137 11384 4762 3306 -2713
11309 -1840 11304 4961 2360 -2558
11614 -1492 11257 5320 1873 -2674
11704 -1264 11280 5682 1826 -2863
11881 -1105 11301 6132 2130 -3409
12297 -1418 11302 7177 2766 -4022
13272 -2480 11686 10269 4873 -4681
13142 -1934 11604 12759 6693 -5136
12631 -1451 11541 13593 7544 -5169
12160 -924 11608 13794 8035 -5162
11469 -708 11734 13775 7384 -5041
11667 -1651 12323 16025 7295 -5588
12142 -2545 12523 21388 8364 -6439
11301 -1297 11730 25800 8977 -7121
10554 249 10729 28313 8737 -7817
10236 666 10094 29293 8529 -8489
9585 1797 9155 29595 8221 -8836
9434 1862 8516 30481 8712 -9589
8862 2059 8152 32344 9880 -10679
7614 3950 7839 32767 10121 -11612
6467 5497 7620 31732 8953 -12592
6276 5037 7711 30309 8815 -13156
5486 6086 7068 29607 9448 -13174
4617 7205 6883 28677 8321 -13484
4036 7718 6404 27279 6925 -13664
3524 8156 5774 27046 5757 -13672
3254 7316 5180 28966 5299 -14082
2074 8161 4472 30351 5050 -14577
1665 8501 4005 30945 4638 -14990
758 9600 3018 31194 3549 -15528
392 10972 2470 30048 2362 -15654
281 11992 2145 27826 1836 -15722
269 12571 1591 25598 1285 -15793
-521 13472 802 24902 1071 -16227
-1698 14793 -216 24247 847 -16090
-2568 15668 -820 23744 298 -15753
-2811 16520 -1461 23037 -531 -14635
-3260 17832 -2580 21823 -1278 -13267
-3092 18423 -2868 20681 -1888 -12310
-3092 19921 -2913 17939 -1422 -11539
-2882 20129 -2302 15243 -568 -11450
-3672 20422 -1891 11961 -90 -11452
-3733 20322 -2097 8650 -156 -11003
-3489 20147 -1810 5329 -1992 -9035
-2642 19593 -1124 2668 -3967 -7128
-3033 21109 -906 1112 -6403 -5883
-3000 22120 -1140 964 -8371 -5530
-3180 21494 -2744 4718 -11824 -6156
-2466 23565 -3406 7577 -17063 -5826
298 27212 -1192 2353 -17468 -5159
1091 27898 383 -7176 -16168 -4350
732 26212 1268 -13043 -14004 -4535
162 25588 2505 -17049 -12373 -3923
832 24150 3933 -19074 -10681 -3333
624 23716 4404 -20360 -9724 -2870
-464 23586 5458 -22309 -8615 -2744
-2094 22710 5962 -20875 -6893 -3503
-2734 22305 5830 -18058 -6334 -4473
-2322 22295 6564 -15168 -4865 -4701
-2876 23850 6972 -15551 -4195 -3915
-3067 24756 7391 -19636 -3789 -1886
-1798 24305 8705 -23745 -2085 164
-1670 25114 9568 -26850 -584 1913
-767 23692 10288 -29035 538 3411
-350 22160 11116 -30436 1244 4445
-312 21768 11828 -31333 1379 5053
97 19886 12566 -31508 1122 5335
-57 17630 13396 -29404 1523 4812
-424 16611 14415 -28002 362 4940
178 16365 15643 -26347 -766 5194
308 16730 16090 -26141 -1351 5643
688 16226 16389 -26033 -1906 5779
387 15473 16705 -26271 -2438 5865
173 13856 16716 -25783 -2808 5301
-451 12985 16556 -24367 -3353 4149
-113 11988 16838 -22474 -3551 2770
-312 12142 17219 -20518 -3453 1854
-1092 12874 17210 -21088 -3754 2443
-1014 12020 17016 -22046 -3938 3466
-988 10816 16853 -22166 -3707 4209
-336 9906 17143 -20363 -3238 4076
-239 9842 17729 -18248 -3429 2992
-437 10302 17810 -18220 -3845 2571
16 9705 18267 -18137 -4065 2219
161 9169 18329 -17883 -4129 2109
350 8401 18361 -17339 -4087 1925
550 7697 17978 -16315 -4093 1565
718 6724 17753 -14786 -3880 864
765 6510 17576 -13358 -3658 345
948 6753 17801 -12232 -3174 -252
882 7544 17860 -11711 -2409 -720
661 7217 18096 -11264 -2069 -1087
168 6903 18241 -10199 -2247 -1201
-5 6656 18173 -8747 -2830 -1213
60 6524 17866 -8195 -3382 -1226
32 6430 17292 -8192 -3847 -1279
456 5780 16860 -7821 -3880 -1375
782 5455 16533 -6852 -3132 -1217
707 5400 16016 -6422 -2707 -805
584 5057 15790 -6018 -2536 -269
501 4722 15642 -5608 -2509 167
399 4342 15275 -5047 -2694 564
597 4210 14980 -4604 -2846 623
1057 3906 15112 -4071 -2394 728
1274 3805 15357 -3648 -1967 1022
1363 3586 15462 -3639 -1947 1500
1537 3492 15493 -3791 -2044 1819
1943 3395 15256 -3806 -2140 2028
2204 3288 15112 -3622 -2056 1992
2496 3293 15008 -3255 -1899 2180
2642 3185 15024 -2856 -1630 2330
2466 3144 15236 -2630 -1653 2580
2470 2858 15248 -2252 -1730 2682
2612 2876 15541 -1952 -1938 2579
2776 2641 15868 -1507 -2123 2585
2808 2609 16140 -1126 -2280 2509