-2220 7913 15385 -609 -1655 1461
-2249 8413 15598 -829 -908 1431
-2362 7600 16242 -981 -930 1184
-2121 7577 16889 -1316 -941 1177
-1869 7398 16634 -1568 -784 1344
-1449 7204 16716 -1700 -580 1083
-1536 8037 16564 -1773 -200 962
-1260 8434 16481 -1733 74 972
-1361 8914 15973 -1405 364 1004
-1146 9118 16088 -1134 571 815
-1128 8919 16358 -842 811 801
-916 8530 16762 -568 1332 878
-820 7889 17048 -305 1787 1084
-962 7997 17341 -411 2144 1134
-997 7996 17325 -660 2354 999
-1021 7494 17161 -714 2532 939
-1122 7124 17053 -460 2611 945
-1096 6664 17062 -80 2738 963
-1125 6172 17010 387 2886 925
-1254 6013 17065 669 3016 817
-1438 5950 16973 818 3003 670
-1586 5950 17026 1026 2795 552
-1549 6084 16958 1490 2192 505
-1461 6390 16786 2263 1475 516
-1290 6916 16558 3016 1003 409
-969 7584 16486 3502 979 201
-876 8277 16409 3775 1171 -5
-877 8656 16257 3976 1492 -74
-1048 8986 16180 4001 1772 -70
-1450 9640 16242 3214 1986 -327
-1778 10134 16001 1875 1926 -801
-1813 9458 15609 718 1616 -1018
-1705 8938 15321 332 1292 -867
-1734 8672 15057 438 1142 -642
-1624 8522 14913 601 1061 -559
-1500 8272 14718 907 1131 -585
-1438 7930 14696 1421 1230 -570
-1365 7825 14792 1909 1394 -405
-1274 7889 14776 2368 1587 -263
-1265 7798 14966 2729 1849 -81
-1400 7960 15057 2791 2052 52
-1657 8170 15282 2343 2162 96
-1657 8301 15693 1683 2249 80
-1692 8310 16169 1135 2468 64
-1616 8278 16698 601 2716 267
-1641 8649 16973 84 2892 390
-1716 8744 17081 -377 3065 459
-1764 8848 17518 -946 3392 497
-1972 9053 17622 -2156 3619 626
-2208 9333 17390 -4276 3873 857
-1965 9120 17281 -7200 4515 871
-2233 9666 17990 -9393 5625 758
-3093 9661 19021 -10696 6193 1116
-3052 8078 19730 -10831 6626 1173
-3913 7365 20218 -9698 5537 603
-3916 6632 20552 -6861 3174 15
-4762 5144 21401 -3143 1075 -248
-4301 6109 22109 423 -1350 220
-4448 7174 23325 2152 -4167 391
-4497 8346 24845 3218 -6519 575
-4025 9766 25157 5953 -8854 2074
-3661 11800 25640 7496 -11423 3765
-4845 15249 27408 6063 -14463 5297
-5081 16448 28920 1659 -17659 6234
-4510 15234 29645 -1058 -20696 6297
-3228 14624 29800 -1930 -22843 6999
-2414 14222 29302 -695 -25639 8082
-1677 14285 28794 2079 -28081 9187
-1046 15380 28106 4300 -30240 10528
-566 16142 27068 5463 -32075 11738
-133 17309 25261 5708 -32768 13245
746 18069 23338 5202 -32768 14993
1785 18461 21449 4124 -32768 16897
2145 18641 19686 3024 -32768 19020
2854 18394 18202 1582 -32768 21442
3505 18497 16490 20 -32768 23187
3541 17994 14813 -2080 -32723 24562
3621 16826 12717 -3701 -32036 25889
3621 15141 10704 -4752 -31214 27337
3738 14255 8683 -5360 -29812 29032
3928 12317 6380 -5390 -28226 30146
4180 10448 4832 -4700 -26323 31109
4381 9076 3810 -3405 -23744 31899
4970 7906 3260 -1900 -20279 32456
4766 7301 2722 -1275 -16631 32702
4397 6598 2525 -1784 -13203 32761
4120 5740 2532 -3096 -10679 32559
3800 5261 2132 -5575 -8542 31764
3506 3205 1468 -7769 -6818 30293
3314 1565 760 -8549 -5506 29000
3500 848 724 -8735 -4709 28160
3704 -560 585 -8209 -3411 26822
3569 -2837 652 -6447 -2054 25440
3181 -3428 1473 -4750 -1495 24537
3280 -4690 2301 -3577 -2073 23613
2928 -4824 2360 -2837 -2071 23251
2691 -5588 3215 -2599 -3435 22344
3085 -6949 3260 -2360 -4236 21491
3530 -7578 3540 -2208 -4473 20853
3960 -8479 3528 -1981 -4307 19696
4308 -9142 3733 -2381 -3822 18025
4500 -9937 3733 -3463 -3367 16339
4677 -10462 3786 -4805 -3077 14692
4754 -10702 3614 -5814 -2651 13124
4784 -11472 3670 -6865 -2451 11834
4777 -11796 3685 -7996 -2548 10858
5273 -12057 3637 -8590 -3018 9783
5593 -12274 3541 -8823 -3607 8662
4789 -13982 4730 -7072 -5618 6140
5157 -18523 3129 -2596 -5994 1169
6122 -18494 2448 22 -3738 -918
6230 -16918 3117 1743 -1443 -1824
6168 -15296 3256 2048 -1130 -2194
7032 -12380 3295 1855 -1205 -2455
6600 -9738 3045 907 -2880 -3161
6328 -9650 2394 1273 -3733 -3931
6353 -10779 2027 3460 -4944 -5257
6265 -11866 398 10818 -6165 -7879
6166 -12755 -1008 22224 -5622 -11670
6429 -11985 -1428 31354 -3356 -15096
6338 -9666 -1150 32767 -188 -18529
6220 -6060 -1445 32767 3062 -21686
6183 -5132 -805 32767 6237 -24456
6274 -3400 45 32767 10402 -26601
5780 -1938 848 32767 13894 -28014
4906 -1002 1424 32767 15930 -28713
4034 -858 1860 32767 17444 -29166
3178 354 3720 32767 18669 -29330
2287 2966 5298 32682 18301 -28744
1662 3792 5216 30993 16414 -28100
1472 4632 4919 29566 14228 -27517
1450 6065 5322 28964 11852 -27652
1334 7812 6204 27558 9993 -27672
1904 10789 8856 24435 8970 -28236
2761 13501 11969 19112 9343 -28599
3361 15274 13900 13276 10258 -27781
3808 16416 15568 6563 10697 -26139
3718 17470 16834 -20 10172 -24543
4036 19796 18035 -10607 7832 -23051
5091 18223 18832 -18818 4973 -22025
5894 16656 20014 -20580 4006 -20862
6623 16371 21231 -22558 3611 -19331
7160 15430 22150 -24593 3956 -17708
7208 14453 22336 -26423 5470 -15764
5797 11811 21169 -24007 6540 -13940
4126 11956 21258 -19139 6219 -14808
4127 12482 21094 -16858 4960 -15225
4038 11534 21805 -17327 3887 -14452
3978 12196 22257 -22072 4341 -12568
3878 11774 21716 -27928 4907 -10738
3596 10097 20592 -31479 5290 -9540
2798 8012 19339 -30213 5813 -9722
1865 6883 18397 -26474 6507 -10874
896 6358 18628 -24388 6575 -11898
371 6197 18211 -23614 6717 -12114
-458 5097 18050 -23053 6460 -11794
-409 4777 17374 -20468 5996 -11031
-422 4344 18049 -16019 6156 -11466
-190 4960 18397 -11027 7082 -12385
-106 5218 18808 -6763 7410 -13046
-950 4805 18795 -2008 6685 -14099
-1612 5501 18260 2342 5777 -14580
-2136 6802 18053 4285 5046 -14266
-2321 8210 18330 5481 4569 -13924
-2298 9077 18542 5433 3692 -13304
-2168 9250 18104 4492 2381 -13118
-1961 9156 17306 4184 2003 -12773
-1917 9105 17108 4393 2360 -11917
-1881 9272 17094 4436 2821 -10752
-1865 9398 17618 3897 3061 -9510
-1768 9626 17633 2721 2930 -8387
-1549 9072 17464 1803 2877 -7446
-1092 8849 17656 1252 3754 -6356
-1008 8633 17849 870 4808 -5373
-1223 8501 17911 262 5109 -4379
-1709 8037 18018 -170 4340 -3232
-1985 7688 18077 -373 3299 -2266
-2037 7332 18132 -386 2584 -1274
-1954 7022 18014 -83 1936 -527
-1564 6322 17812 342 1170 -65
-1440 5792 17590 1125 534 6
-1036 5565 17506 1653 270 -118
-1172 5270 17325 1945 63 -368
-1115 5059 17112 2512 -250 -794
-1361 4672 16765 3018 -821 -1057
-1568 4400 16282 3752 -866 -1012
-1441 4064 16288 4182 -1132 -847
-1217 4436 16342 4561 -1235 -959
-712 5206 16425 5083 -1370 -1394
-668 5605 16278 4897 -1344 -1755
-678 5765 16345 4394 -1120 -1831
-676 5990 16525 3718 -513 -1716
-657 6244 16696 2928 347 -1516
-710 6609 16802 2019 1256 -1284
-901 6876 16842 1089 1884 -1048
-1212 6810 16873 303 2082 -763
-1402 6600 16886 -367 2019 -489
-1504 6472 16916 -652 1874 -384
-1856 6281 16992 -651 1746 -252
-2133 5779 17029 217 1380 -312