-16398 3252 685 6287 1877 3953
-16513 2470 768 5909 3241 3201
-17394 1392 682 6026 4232 2674
-18548 553 493 6328 4578 2244
-19850 134 302 6527 4574 1858
-20987 393 27 6695 3771 1297
-22195 1721 -201 5933 2246 572
-22996 2960 180 3920 984 99
-22772 3833 778 1447 180 -141
-22176 4400 1320 -1002 -80 -92
-20938 4075 1832 -4433 56 542
-18892 2476 2120 -7461 967 2239
-17296 1130 2016 -7675 1853 3980
-16044 478 1880 -6424 2502 5348
-15344 293 1648 -4433 2945 6494
-15020 316 1612 -2081 3092 7356
-15160 224 1792 411 3222 7863
-15690 64 2018 3874 2839 8199
-16028 385 1772 6566 1510 8090
-15816 292 1132 7352 434 7869
-16457 1935 789 6929 -1459 7266
-17789 3851 1505 4069 -2917 6261
-18103 5384 2860 700 -2037 5580
-18414 5465 3234 -1337 119 5486
-19420 6521 3312 -1944 1559 6973
-20715 8992 3456 -1994 2254 9439
-22186 11136 3714 -1904 2401 11016
-24064 12836 3621 -1578 1802 12076
-25339 14109 3294 -1320 1020 13719
-25669 13998 2742 -1204 1341 16101
-26411 13803 1601 686 2316 18797
-26958 13578 502 3678 3089 21051
-27199 13735 -207 6661 3796 23255
-28227 15129 -1481 9208 4112 26116
-28630 15368 -2152 9856 4094 27864
-29257 15756 -3580 9603 4550 29467
-29469 16138 -5012 7594 5284 31689
-28784 15594 -5734 5983 6941 32725
-28638 15833 -6348 4360 8936 32767
-28196 16153 -7470 2279 10007 32767
-27457 16472 -7756 -810 9865 32767
-25694 15246 -7402 -2876 9775 32767
-24303 14502 -8078 -4036 10086 32767
-22962 14018 -8868 -6534 9939 32767
-21012 13012 -8930 -7979 10654 32767
-19454 12526 -8455 -9814 10804 32767
-18264 12668 -8080 -11837 10307 32767
-16525 11320 -6988 -13920 9652 32767
-14250 10873 -6258 -16207 9555 32767
-13165 10620 -5832 -18468 8992 32767
-11397 9887 -5619 -20270 8383 32767
-9814 9840 -4893 -22952 7093 32767
-7842 9623 -3400 -25953 6280 32767
-6592 9344 -2154 -28597 5097 32767
-5834 9644 -1850 -31100 4676 32767
-5224 9180 -1044 -32768 3496 32767
-2945 7462 -412 -32768 3190 32760
-1690 6693 424 -32768 1789 32295
-353 5958 972 -32768 -112 30300
164 5104 1200 -32768 -1496 28806
1488 3830 1467 -32768 -2265 28078
2302 3276 2439 -32768 -3382 26313
3456 2588 3196 -32768 -3703 25264
5578 265 4781 -32408 -2116 23738
6030 418 5860 -28388 706 21218
6208 -88 6548 -25290 1880 20055
7366 297 7255 -20408 3986 17626
7754 1304 8133 -16394 5812 13878
7962 995 8448 -15250 6108 11080
7960 725 9026 -13592 5083 8472
8512 695 9446 -12287 3731 7297
8618 1085 9564 -10693 2455 6395
8342 1194 10462 -10055 1208 6196
9489 1084 11932 -8074 191 6203
10060 1753 13414 -5708 -3 5906
9493 3993 14116 -4843 -761 5362
11277 1084 15382 -3757 -1914 669
11494 1010 15705 -1788 108 -1786
11225 2160 14469 -2476 2051 -2685
10514 2270 13686 -2554 3096 -3473
10061 3176 12771 -2266 4132 -4049
9081 4590 11490 -2565 3428 -3825
8892 4906 11372 -2615 2280 -3019
9328 4771 11595 -1733 1310 -933
9400 6172 11904 -711 1021 525
9418 6750 12154 612 1184 1260
9461 7192 12177 2500 1942 801
10270 6178 11836 3967 2997 -224
10348 5974 11066 5677 4563 -2076
10161 5530 10756 7822 4969 -3804
10410 4741 10694 10051 5550 -4885
10153 4021 10984 14827 6918 -5588
9250 4393 11381 19584 8136 -6531
8619 4734 11402 23309 9068 -7333
8134 4364 10938 28169 10641 -8382
7490 4092 9737 32580 12323 -9257
6458 5121 8232 32767 12641 -9441
5429 5569 6998 32767 11445 -9826
4870 5676 5808 32767 10088 -10291
4352 6012 5128 32767 9387 -10498
4044 6076 5055 32767 8528 -10999
2660 7181 3904 32767 6683 -11506
2177 8162 2376 32767 5061 -11668
1571 9128 1116 32767 4320 -12091
973 9943 76 32767 3852 -12973
400 10229 -604 32767 3336 -13663
470 8913 -1190 32767 3583 -13817
-388 8830 -2766 32767 4317 -13277
-1261 9330 -4062 32767 4247 -12711
-2883 9925 -5952 32767 2825 -12761
-4092 10130 -7536 32767 607 -12998
-4664 10856 -8260 32767 -1481 -13641
-5545 11073 -9586 31706 -3926 -14694
-5384 10209 -10461 31661 -4754 -15679
-5018 9713 -11274 31748 -3532 -16793
-5948 9840 -11690 31134 -2217 -17136
-7080 11173 -11979 28464 -2249 -17206
-7420 12247 -11802 24175 -2075 -17941
-7716 13652 -11481 20101 -1665 -18520
-8172 14734 -11524 16164 -1515 -18982
-8016 15121 -11605 12606 -1805 -19134
-7674 15246 -11646 10106 -2031 -18735
-7265 15196 -11586 9230 -1599 -18738
-7698 16649 -11526 9067 -1154 -18858
-7633 17016 -11248 9442 -977 -19309
-8009 17629 -10832 10223 -1009 -19716
-8568 19695 -9883 9936 -1442 -19870
-9582 21942 -8564 5246 -3048 -19067
-10547 24164 -7095 -2832 -5222 -17727
-11838 25042 -6326 -10885 -8154 -16884
-12734 25758 -5858 -16774 -11283 -16313
-12936 26821 -5681 -23092 -15106 -16559
-13352 26557 -5257 -26978 -18823 -17856
-12118 24145 -3585 -25570 -18803 -19009
-12518 22205 -1929 -19707 -18032 -20529
-14055 22041 -1140 -14450 -20350 -20928
-15650 23065 -1320 -15654 -25638 -20286
-16216 23084 -586 -19252 -29268 -18914
-15758 22675 111 -24925 -29593 -15995
-16604 24894 1301 -31613 -28164 -12417
-16328 24938 3340 -32768 -26001 -10318
-15221 22618 6104 -32768 -22192 -9751
-15469 22509 7772 -32768 -20155 -9791
-15392 20468 8249 -32552 -19545 -10028
-15862 18666 8140 -32737 -20683 -10108
-15806 17544 8805 -32768 -22591 -9548
-16448 17552 9452 -32768 -25510 -9207
-16503 17140 10550 -32768 -29125 -8066
-14813 15213 12254 -32768 -31107 -7160
-14273 14346 13458 -32768 -30230 -6657
-14590 13620 14244 -32768 -30716 -6095
-14833 12322 14843 -32768 -30872 -5646
-15401 11614 15012 -32768 -31076 -5570
-14148 9696 15314 -32768 -30874 -5366
-13325 8420 16558 -32768 -29085 -4417
-13784 8028 16864 -32768 -28075 -2946
-12818 6180 17536 -32719 -27206 -1626
-11185 4761 18087 -28262 -24256 -333
-10682 4693 17705 -22377 -21925 554
-9998 4456 17352 -18428 -20367 659
-9604 4620 16960 -14159 -17940 194
-9384 5300 16144 -11503 -16028 -33
-8733 5206 15377 -10638 -14675 -660
-7573 4878 14714 -9682 -13243 -954
-6855 3992 13998 -8117 -11464 -681
-6184 3388 13261 -6326 -9792 124
-5962 3436 13021 -5597 -9122 915
-5304 3369 13009 -5315 -8697 1173
-4950 3360 12942 -5699 -8219 1759
-4662 3218 12770 -6219 -7880 1924
-4268 2580 12441 -6413 -6999 2251
-3912 1726 12380 -6062 -5996 2591
-3826 1334 12542 -5460 -5438 2783
-3616 1309 12726 -4782 -5335 2821
-3253 1077 12805 -4052 -4980 2831
-2888 797 12986 -3500 -4285 2755
-2597 729 13268 -3067 -3597 2834
-2480 573 13342 -2892 -2991 2914
-2261 120 13490 -2781 -2385 2970
-2081 -285 13740 -2582 -2016 2967
-2037 -786 13892 -2185 -1855 3060
-1938 -976 13842 -1870 -1816 3123
-1649 -1205 13912 -1618 -1667 3052
-1510 -1405 14269 -1357 -1439 3003
-1142 -1633 14837 -1210 -1230 2961
-1020 -1721 15236 -1382 -1017 3043
-995 -1973 15702 -1830 -922 3014
-887 -2345 15831 -1838 -835 2932
-789 -2988 15910 -530 -363 2763
-1030 -2888 15674 1079 -53 2658
-1237 -2604 15442 2553 -75 2651
-1592 -2805 15310 3931 -268 2627
-1410 -2346 15476 4570 -462 2384
-1122 -2225 15724 5270 32 2479
-1322 -1236 16033 4872 130 2362
-1592 -634 15978 3544 -143 2382
-2156 -1203 16172 2498 130 2046
-2856 -1090 16064 2690 538 1529
-2436 -904 15678 2983 730 1148
-2180 -758 15610 3822 1052 849