7906 9914 5976 21807 8972 19109
5928 12157 7607 18661 8885 19848
4766 12980 10190 13092 7695 19903
3568 13350 12096 7923 6357 19800
4636 11138 13629 4695 6368 18600
5701 8266 14468 4535 7888 16560
6016 6258 14998 5827 9472 14924
6265 5989 15096 6446 10910 12731
5662 5790 14865 6024 11163 11239
4980 5369 14265 5294 10690 10545
4608 5296 13945 4317 7951 10405
4625 5726 13652 3839 4447 10533
5225 6710 13405 3285 1640 10379
6940 7186 12544 1957 499 9241
7425 7048 11565 551 805 8420
7844 7016 11185 -761 1595 8153
7711 6737 10898 -1095 1834 8488
7539 6847 10983 -266 1803 8693
7606 7228 11693 1052 1488 8285
8349 7696 12485 2068 1514 7309
8616 8108 13069 2520 1859 6408
9265 7601 13535 2998 2635 5600
9564 7334 13638 3809 3706 4978
9394 7266 13520 4388 4111 4901
9357 7430 12936 4831 4179 4951
9445 7677 12259 4258 3732 5251
9219 8027 12137 2757 2606 5674
9487 7699 12277 732 993 6190
10908 6792 12401 89 -135 6300
12141 5964 11942 938 -521 6174
12968 5261 11342 3318 -552 5553
13052 5172 11048 5221 -396 4914
12905 5561 11024 7048 -53 4207
12419 6056 11396 10322 892 2640
11330 6798 11732 12018 1480 1856
10928 7288 11816 12374 1767 1392
9673 7944 12056 12028 1849 1300
8751 8729 12245 10965 1593 1403
8430 9200 12253 10402 1486 1414
7944 9621 12090 9881 1499 1401
7889 9776 12214 9509 1772 1313
8244 9645 12328 9611 2475 883
8017 9940 12240 9787 3147 630
8196 10222 12197 9244 3734 173
8142 10612 12229 8502 3995 -74
7840 10844 12100 7532 3859 -72
7766 10965 12061 6383 3611 -182
7648 10774 12078 5421 3042 -284
7896 10533 12082 4962 2824 -415
8208 10326 12206 4927 2896 -632
8890 10125 12334 5930 3613 -1096
9001 10521 12316 6584 4311 -1682
8942 10644 12058 6698 4587 -2465
8528 10816 11742 6266 4187 -2888
8818 10159 11299 6166 4154 -3586
8815 9920 10620 6803 4186 -4617
8908 9566 10073 7635 3877 -5383
9522 9040 9990 8815 4164 -6195
9365 8388 9695 10574 4932 -7219
8584 7937 9241 12796 5552 -8269
8356 7824 8928 14241 5927 -9245
8230 7669 8598 15430 6372 -10108
8050 7273 8225 16803 7294 -11366
7384 7041 7693 18379 8325 -12799
6257 7136 7074 19637 8736 -14282
5122 6758 6277 20552 8859 -15554
4601 5936 5592 21909 9300 -16735
4112 5624 4924 23310 9600 -17322
3195 5935 4044 25572 10331 -18049
1494 6668 2781 28765 10884 -18865
-604 8551 1805 31606 10937 -19999
-1965 9580 725 32767 11911 -21339
-2812 10400 -706 32767 13309 -21917
-3981 11293 -2575 32767 15032 -22923
-4658 12090 -4605 32767 16785 -23671
-6301 13397 -7204 32767 17559 -23738
-8198 14583 -9894 32767 16789 -22131
-9341 14925 -12218 32767 15439 -20508
-9281 14553 -13977 32767 15561 -19282
-9324 14129 -15686 32462 15653 -17814
-9426 14126 -17284 30394 15913 -15684
-8810 14462 -17730 27118 15795 -14008
-8778 14169 -17276 23849 15936 -12964
-8822 13484 -16518 21710 15452 -12258
-8376 13386 -16280 18020 15372 -12128
-8513 12324 -14861 15287 14362 -13091
-8400 12370 -13833 14338 12797 -13708
-8201 13177 -13109 12671 11478 -14374
-8185 13905 -11982 10197 10326 -15780
-9106 15138 -11021 7708 8999 -17326
-9858 16324 -10428 5444 7275 -18206
-10102 16902 -9766 3534 5731 -18916
-10369 17825 -8980 1907 4003 -19439
-10582 19168 -8210 234 1936 -19153
-10761 20208 -7590 -1300 16 -18646
-11063 20581 -6936 -2290 -2157 -17799
-12480 22718 -6378 -4225 -4564 -17270
-13042 24524 -5454 -8145 -7386 -16588
-13293 24438 -4348 -13089 -10313 -16245
-13376 24966 -3422 -17794 -12913 -15808
-12919 23536 -2358 -22439 -15281 -15377
-12562 21898 -1214 -26374 -17681 -15088
-12469 20909 -321 -28946 -19549 -15248
-11787 18862 558 -29229 -20347 -14986
-13355 20659 541 -31976 -22773 -15266
-13914 22418 1954 -32768 -27431 -14870
-13754 23134 3223 -32768 -31591 -15262
-12264 20474 4294 -32768 -32753 -15658
-10150 15500 7949 -32768 -30715 -16859
-7221 7202 12299 -32768 -24023 -17586
-6992 4392 14888 -32768 -19105 -17846
-9138 6285 17248 -32542 -17504 -16381
-11857 10232 18521 -29496 -16990 -14204
-13384 13297 18470 -31686 -16930 -13488
-13886 12406 17866 -32768 -16886 -13066
-13364 9634 18362 -32768 -16890 -12766
-11643 7242 20155 -31208 -15632 -12451
-11677 5978 21584 -24850 -14877 -11743
-11691 5277 21396 -19598 -14526 -11660
-12174 5070 20337 -17381 -14522 -12047
-12312 4660 19358 -16898 -14832 -12299
-12232 4258 18434 -16638 -14940 -12280
-12152 3505 18174 -16282 -14413 -12286
-11856 3034 18400 -15005 -13369 -11957
-12331 3623 18510 -13807 -12465 -11313
-11970 2953 18290 -11407 -11417 -11003
-12204 2720 18136 -9320 -11310 -10670
-12397 3058 17773 -7123 -11199 -10178
-12690 3442 16779 -5634 -11882 -9270
-12920 2835 15359 -4766 -12270 -8666
-13526 2100 14613 -3630 -12308 -8320
-13216 2446 14536 -2288 -12152 -8305
-12305 3599 14075 -883 -11204 -8448
-11181 4677 13133 -63 -9992 -8009
-10352 4493 12862 1 -8103 -7041
-9869 4392 12757 -442 -6487 -5484
-9346 4158 12608 -1404 -5095 -4216
-9336 3817 12342 -2690 -4316 -2894
-8905 3369 11964 -3540 -3746 -1892
-8393 2520 11703 -3474 -2948 -1216
-7674 1747 10832 -2079 -2931 -815
-7110 1480 10656 -662 -2839 -804
-6896 1392 10608 29 -2620 -687
-6620 1130 11052 293 -2026 -738
-6528 960 11226 521 -1387 -870
-6130 573 11645 774 -399 -1010
-5769 62 12102 1206 387 -1155
-5805 53 12248 1529 1121 -1622
-6118 29 12385 1740 1243 -2183
-6029 -280 12846 1817 1348 -2612
-6023 -354 13023 1891 1634 -2550
-5897 -382 13329 1796 1699 -2067
-5860 -317 13597 1379 1629 -1586
-5760 -216 14041 512 1384 -1203
-5750 -317 14398 -363 1359 -1001
-5558 -460 14737 -1238 1641 -994
-5566 -892 14786 -1709 2036 -1033
-5626 -1200 14869 -1839 2327 -1063
-5606 -1709 14998 -1522 2800 -1165
-5627 -1946 15051 -946 3004 -1264
-5780 -1926 14970 -705 3058 -1334
-5864 -1893 14997 -652 2962 -1424
-5877 -1889 15146 -543 2759 -1451
-5788 -1854 15272 -480 2573 -1373
-5839 -2199 15438 -129 1941 -1089
-5776 -2337 15644 393 1353 -728
-5682 -2189 15605 839 893 -696
-5550 -2116 15541 1002 902 -995
-5538 -2118 15410 1390 962 -1265
-5620 -1912 15302 1517 993 -1591
-5656 -1998 15213 1504 936 -1641
-5582 -2292 15013 1646 1027 -1514
-5786 -2122 15294 1739 697 -1349
-5262 -2076 15384 2016 615 -1202
-5330 -2182 14984 2554 577 -1008
-5239 -1911 15136 2404 -224 -931
-4828 -1842 15380 2453 -52 -987
-4991 -1328 15270 2082 -247 -745
-4822 -1208 15261 1486 -133 -791
-4732 -1214 15266 1167 -23 -793
-4553 -1160 15137 1032 188 -662
-4446 -1154 15116 955 281 -511
-4223 -1092 15391 822 786 -407
-4381 -931 15822 625 1236 -258
-4589 -897 15968 331 1468 -149
-4803 -1009 16237 -27 1316 86
-4838 -1289 16542 -306 841 392
-4717 -1410 16514 -156 637 477
-4807 -1473 16426 253 408 545
-4879 -1437 16398 768 317 455
-4956 -1428 16346 1144 300 434
-4920 -1393 16168 1366 559 480
-4985 -1245 16202 1297 723 634
-4986 -1118 16261 972 740 698
-5097 -1072 16374 562 797 695
-5072 -1136 16430 303 882 607
-5114 -1312 16609 174 1047 533
-5277 -1294 16826 318 1111 478
-5446 -1311 16780 656 718 578
-6054 -2183 16586 1498 547 504