-12198 13684 1248 -1085 2757 2296
-11776 13201 1102 -81 3321 2259
-11640 13116 865 1788 3891 2340
-11751 13593 818 3291 4495 2232
-11874 14181 981 3449 4818 2159
-11927 14536 1013 2936 4969 1974
-11885 14708 820 2002 4820 1698
-11646 14508 910 1620 4818 1504
-11561 14732 986 1053 4658 1458
-11440 15074 1017 438 4491 1204
-11473 15154 964 321 4500 840
-11458 15157 934 802 4589 660
-11569 15658 1009 1321 4510 548
-11557 16376 1113 1435 4412 426
-11664 17124 1255 1321 4249 369
-12313 18349 1081 697 3531 148
-12676 19006 890 -420 2920 270
-13488 19614 921 -1269 1615 580
-13850 20006 979 -2558 861 458
-14338 20494 1036 -2721 265 959
-14172 21023 926 -2543 -14 1806
-13631 22822 1239 -2656 114 3001
-13308 25538 1758 -5243 -213 4605
-13130 27280 2590 -8387 -1002 5871
-12849 27590 3401 -11216 -2161 6699
-12510 27873 3878 -14139 -3849 7589
-12276 28143 3432 -16315 -6131 8270
-12166 28289 2662 -17748 -8138 9234
-11786 28185 1862 -17956 -9002 10397
-11758 28424 1478 -17498 -9346 11720
-12146 28637 1316 -17171 -9943 13359
-11940 27929 1396 -16851 -10242 15182
-11889 28029 1184 -16949 -10719 16852
-11537 27510 1156 -17276 -11122 18215
-11148 27473 654 -17709 -11489 19151
-10743 27386 -116 -18444 -11697 19719
-10453 27038 -1026 -19767 -12203 20332
-10221 26845 -1824 -21537 -13126 20873
-10137 26028 -2572 -22997 -13993 21227
-9730 24676 -3229 -23955 -14572 21755
-9162 22992 -3418 -23886 -14962 22535
-7996 21057 -3060 -22645 -14761 23175
-7528 20312 -2813 -21295 -14495 23838
-6618 19148 -2750 -20340 -14528 24553
-5656 18181 -2336 -19895 -14700 25034
-4873 16949 -2106 -20395 -14779 25250
-4157 15810 -1563 -21344 -14839 25256
-3944 14658 -1089 -22014 -14840 24981
-1868 11484 -209 -20907 -13903 24585
-546 9949 665 -18308 -11754 23708
366 8521 1301 -15659 -10198 22995
1033 8131 1578 -12637 -7755 21697
2121 6738 2124 -9601 -4866 20082
3366 6068 3058 -7725 -1559 17472
4036 5752 3196 -7596 512 15999
4238 5241 3530 -8090 1876 14932
4650 4556 3777 -9598 4200 12979
5030 3686 3810 -11092 5898 11644
5432 2863 4130 -11890 7074 11148
5022 3370 4636 -12905 6801 11173
5196 3381 6567 -13587 3675 10809
6394 2662 8707 -12570 -586 10063
7564 2400 9848 -11578 -2494 9678
7864 2041 10824 -10515 -3124 9102
8148 1454 11288 -9002 -2584 7919
7944 997 11428 -7230 -2074 7001
7952 746 11596 -5095 -1645 6541
8326 1364 11742 -2183 -1744 5269
9645 1281 11704 -598 -2106 3171
9923 1636 11687 -1632 -1213 699
10283 1208 11994 -2780 -330 -1540
10514 670 12042 -3034 864 -2775
10106 1487 11978 -3985 1735 -3026
10112 1813 11984 -4983 1658 -2907
10620 1806 12377 -4866 1626 -3157
10945 2084 12984 -4048 1059 -2808
11532 2244 13445 -2115 816 -2444
11390 2701 13816 89 1117 -2331
11034 3318 13948 1306 1432 -2257
10857 4014 14233 2033 1702 -2265
10708 4408 14336 2425 2110 -2487
10533 4741 14253 2807 2488 -2737
10580 4736 14280 3038 2791 -2866
10676 4504 14384 3599 2986 -2875
10724 4170 14721 5140 2929 -2893
10995 3593 15208 7405 2758 -2840
11018 3564 15160 9924 2877 -2925
11390 3216 15104 12223 3414 -3004
11483 3019 14755 15738 4557 -3156
11006 3418 13749 19593 5550 -3212
10736 4040 13014 21770 5845 -3284
9962 5027 12460 23892 5720 -3628
9097 6987 11883 24673 5550 -4326
8896 7306 11424 25009 5866 -5540
8593 6634 10553 27034 6948 -6692
7662 7041 9925 28743 7884 -7566
7002 7078 9614 30282 8153 -8121
6080 7586 8501 31424 7995 -8219
5937 7397 7581 32505 8173 -7809
5697 7454 6349 32767 8967 -7180
5318 8128 5276 32767 9495 -6396
4727 8702 3214 32767 11095 -5727
3056 10825 1821 32767 11056 -6536
1792 12560 1380 32767 9787 -7760
670 14852 416 31785 8087 -8780
388 15140 -372 27453 6872 -9286
-72 14865 -1662 24195 6145 -9251
-21 14005 -2944 22621 5962 -8893
-296 13968 -4375 23194 5626 -8614
-841 14698 -5142 23897 5046 -8290
-417 14796 -5221 24401 5242 -8042
-658 15929 -5882 23973 5284 -7994
-985 15982 -6292 22161 5454 -8009
-785 15770 -6422 20513 6054 -8376
-1129 15584 -7228 19418 5822 -8350
-1410 16256 -7809 18308 4826 -8369
-1200 16500 -7651 16412 3788 -8740
-1237 16692 -7021 14335 3430 -9403
-1298 16485 -6480 13095 3955 -10191
-1714 16565 -6285 11903 4935 -11306
-2250 17128 -5792 10548 5240 -12163
-2260 17621 -5537 8649 5531 -13060
-2664 17481 -5702 7013 5690 -13783
-2857 17389 -5262 5874 4935 -14364
-3042 17642 -4932 5231 4267 -14948
-4021 18854 -4964 2745 2300 -15317
-5062 20778 -5396 -2798 334 -15718
-5071 20736 -4480 -7019 326 -16028
-5052 20894 -2842 -9608 1308 -16505
-4879 19968 -1610 -9482 3074 -16850
-5809 20432 -830 -8874 4062 -17082
-6601 22046 45 -11091 3206 -16869
-7402 23932 -109 -14688 1833 -16266
-7019 23421 294 -19056 1931 -15726
-7214 24860 1256 -24370 1773 -14488
-6984 23909 2309 -27086 2494 -13518
-7654 24182 3422 -29283 2032 -12627
-7401 23014 4386 -29124 1888 -11234
-5974 19338 5456 -25436 3923 -10470
-7356 20222 6245 -21024 5875 -9771
-8417 22096 6920 -18163 5463 -9040
-9250 23804 7643 -19598 4118 -8339
-9394 24410 8264 -23986 2525 -7246
-9281 23807 8768 -30475 487 -5288
-9143 21468 9210 -32768 -582 -2571
-8381 19376 9365 -32768 -1141 -1173
-8189 17674 9782 -32768 -1993 -1262
-7488 16361 10898 -32768 -2108 -1557
-7589 16412 12270 -31172 -1208 -1353
-7587 17563 13370 -27979 -1026 -243
-8306 18800 13726 -28913 -310 79
-8924 19212 14096 -30410 -715 476
-8653 18012 14528 -32349 -1151 1083
-8527 16619 14338 -32539 -1851 2804
-7945 15065 14258 -29958 -2858 4623
-7466 14480 14900 -26157 -4137 5561
-7362 14648 15365 -24534 -4989 5756
-7815 14489 15593 -24490 -5260 5866
-7658 13924 15505 -24117 -4755 5929
-7244 13450 15010 -22834 -4274 5888
-7013 12840 14454 -20744 -3534 6084
-7000 12666 13924 -17982 -2468 6347
-7161 12506 13539 -16135 -2181 6748
-7028 12085 13400 -15329 -2183 7080
-7017 11885 13448 -14806 -2426 7683
-6695 11463 13429 -14482 -2331 8346
-6746 12036 13348 -14483 -2400 8953
-6806 11840 13194 -14888 -2391 9355
-6996 11332 13157 -14990 -2078 9851
-6946 10808 13070 -14624 -1851 10088
-6937 10586 12798 -14212 -1773 10252
-6721 9768 12556 -13550 -1693 10383
-6606 9654 12644 -12809 -1481 10450
-6355 9229 12972 -11778 -902 10711
-6251 9262 13078 -10616 -80 10662
-6577 9178 13246 -10056 431 10683
-6661 8809 13306 -9710 790 10863
-6850 8609 13322 -9485 932 11028
-6927 8436 13446 -9130 695 11339
-6834 8110 13540 -8706 673 11760
-6791 8120 13856 -8384 867 12095
-6836 7884 14286 -7579 1101 12398
-6962 7717 14229 -6918 1173 12662
-6932 7620 14158 -6403 1122 12776
-6960 7489 14230 -5939 1090 12958
-6928 7438 14020 -5677 950 13224
-6692 7461 14015 -5448 1133 13537
-6512 7436 14069 -5249 1561 14205
-6324 7498 14254 -5750 1383 14620
-6085 7288 14412 -6063 1523 14906
-6062 7459 14423 -7142 1443 15210
-5912 7265 14512 -8574 1199 15464
-5719 6983 14777 -9873 1373 15505
-5797 6990 14866 -11218 1467 15551
-5831 6612 14657 -12328 1524 15304
-6040 6259 14687 -12655 1735 14919
-6141 5876 15029 -11765 1810 14730
-6683 5897 15460 -10263 1666 14838
-7134 5780 15925 -8752 763 15301
-7328 5359 16408 -7193 -143 15652