-15766 12986 6556 -21802 12076 7453
-17427 12764 6759 -25174 10885 8251
-18354 11926 7008 -27371 9626 9212
-19152 10845 7314 -28397 8546 10079
-19740 9465 7564 -28638 7442 10924
-20097 7835 7744 -27803 6182 11723
-19946 6181 7756 -25877 5215 12227
-19569 5005 7621 -23573 4713 12360
-19264 3894 7042 -20034 4472 12215
-19473 3384 6082 -16262 4267 11820
-20117 2902 5496 -13486 4223 11460
-20774 2682 4542 -10753 3774 11287
-20390 2757 3262 -8323 3007 11104
-19542 2728 2454 -6423 2608 11193
-18786 2288 1620 -4988 2776 11586
-17552 1172 1096 -3782 3024 12498
-13602 -1854 1492 -1659 4541 14156
-11267 -1895 1707 1154 6933 15042
-10129 -1561 2124 1451 9230 15034
-9545 -46 2478 -192 11589 14175
-9825 1170 2954 -2625 13876 12946
-10486 2464 3530 -5220 16118 10983
-11176 3522 3844 -7125 18076 8816
-12788 4706 4227 -9475 20076 5473
-14658 5241 5072 -10957 21108 1877
-16188 6928 4954 -13024 20740 -45
-18270 8401 4625 -15394 18616 -676
-20082 10370 4395 -17864 15366 -602
-21142 11513 4509 -20461 11580 -782
-21116 11930 3968 -22420 10100 -896
-21326 11942 4666 -24145 6504 -345
-19275 10493 4827 -23209 3618 198
-18586 10179 4668 -21178 2533 1002
-17942 10351 4829 -19006 2225 1900
-17422 10544 4940 -17100 2689 2489
-17092 10980 5193 -15304 3621 3100
-16864 11117 5309 -14139 4527 3569
-16706 10514 5344 -13160 4420 4001
-16256 10237 4949 -12205 4242 4351
-16054 10186 4780 -11721 3942 4597
-15623 10165 4647 -11459 3358 4881
-15148 10260 4695 -11771 2630 5291
-14849 10120 4766 -12324 2124 5615
-14506 9972 4728 -12538 1983 5721
-14280 9882 4823 -12553 1823 5794
-13894 9862 4892 -12216 1905 5796
-13643 9993 5012 -11527 2395 5801
-13630 10248 5437 -10509 2970 5791
-13821 10532 5578 -10092 3294 5783
-14061 10721 5680 -10092 3120 5825
-14164 10674 5608 -10295 2678 5868
-14218 10552 5444 -10467 2085 5986
-14186 10372 5370 -10320 1300 6142
-14389 10378 5474 -9789 468 6382
-14402 10312 5518 -9335 69 6506
-14144 10368 5812 -8726 -19 6567
-14178 10432 6093 -7813 191 6612
-14091 10790 6511 -7031 530 6709
-13808 11090 6568 -6424 556 6815
-13028 11226 6448 -4955 67 7043
-11952 12242 6232 -2776 -244 7319
-11909 13745 6438 -1596 359 7381
-13366 16328 7216 -1415 616 8108
-13840 18212 7740 -2820 431 9550
-13482 20574 8218 -5227 -696 11709
-11139 20501 8165 -3874 710 13332
-11131 24369 9262 1163 4874 12475
-13477 30101 11277 4258 5641 11054
-16372 32678 12292 3886 3932 12878
-18592 32767 12522 3396 2097 15738
-21144 32700 12494 3158 838 20055
-23050 32074 13254 3717 882 24610
-25016 31992 13703 3964 1588 28179
-26913 30753 13758 3073 2258 30849
-27764 29166 13613 1582 1624 32348
-28336 28225 12657 -896 -193 32767
-27947 26663 11298 -4381 -2404 32767
-27250 25165 9737 -7233 -3340 32767
-26932 23736 9002 -8143 -3414 32767
-27431 23672 7806 -8345 -3510 32767
-27962 24038 6846 -8662 -3438 32767
-27395 23452 5800 -9044 -3644 32767
-25485 21102 4178 -10045 -4629 32767
-23934 19349 2724 -10420 -6046 32767
-21752 15954 1352 -11144 -8586 32767
-22676 17113 -456 -13543 -12897 32767
-20914 13834 -1166 -15213 -16058 32767
-19529 11035 -2335 -14560 -18338 32767
-17866 8252 -3392 -13345 -19335 32767
-14218 4420 -4518 -11235 -19084 32767
-11071 472 -6391 -10500 -17407 32767
-8290 -2036 -7144 -13674 -14744 32767
-6146 -4008 -7677 -20305 -9610 32767
-5750 -8468 -8448 -27141 -4676 32767
-5056 -11980 -7886 -29277 -2388 32767
-3525 -14718 -6276 -27589 -1957 31926
-1585 -14924 -4296 -24617 -3073 28263
1036 -14551 -2298 -20690 -3247 23886
5048 -12447 264 -16815 -3527 17617
8783 -10492 3729 -12476 -3618 12103
12044 -8610 6942 -10566 -1949 10005
14477 -8118 8678 -9581 812 9087
16409 -6710 9912 -8417 3467 8160
19052 -7289 11219 -4179 6131 5074
20587 -8037 13072 4391 10437 705
21452 -6472 15768 11545 13281 -3330
21917 -4901 17021 15560 13904 -5916
21765 -2796 17481 18500 13800 -8973
20816 -2184 17596 19752 13550 -10741
19212 -1419 17420 20841 14401 -12881
15813 154 15961 21692 15901 -14713
14464 -1474 14630 23268 17130 -15798
11888 -2779 11286 28905 18591 -17602
9908 -3686 8421 32767 19392 -19984
7255 88 7999 32767 17150 -20575
4494 2750 7144 32767 13417 -20479
2704 3616 5628 32767 10843 -20052
2191 2098 3775 32767 7782 -17167
3410 105 1308 32767 7192 -14134
4672 408 628 32767 8061 -12582
3830 7101 -312 32767 8653 -10621
2433 14498 856 26068 4158 -7324
3967 16660 1344 11567 1472 -5635
6022 15538 1204 5965 2347 -5923
7876 13194 1093 9908 5327 -7665
6933 14241 1062 14797 7280 -8953
5472 15276 1972 16880 7703 -9430
1973 18009 2290 16776 6021 -10751
-3490 22202 1514 13315 2020 -10600
-4682 22090 909 10175 -613 -10312
-5238 22295 -295 7752 -1054 -10735
-5064 22498 -534 6645 303 -12705
-6065 20121 -356 8145 2361 -14428
-7516 18582 -110 9946 2802 -16549
-10117 18017 -577 8882 1244 -17997
-11430 16906 -722 6520 -1017 -18328
-13703 17105 -1949 465 -4030 -17985
-15170 16060 -3437 -8226 -7593 -16097
-15569 13844 -3937 -13868 -8385 -14956
-17145 13417 -4486 -18842 -11044 -12629
-15322 9606 -1310 -21710 -14027 -11710
-15368 10684 422 -24573 -18264 -10250
-13822 9635 973 -30815 -22414 -8136
-12557 10418 349 -32768 -26033 -5725
-10296 7533 -457 -32768 -26770 -6214
-11302 7273 641 -32768 -27109 -7227
-8200 6933 4893 -32768 -25870 -8879
-4100 6378 10306 -32768 -19901 -10776
-200 5088 16351 -32768 -7551 -7641
-4620 9649 17724 -32768 5480 -3412
-8144 11096 18810 -32768 3146 -4254
-5269 9827 22824 -31382 3157 -4823
-4490 12333 27776 -23666 4007 -6724
-4996 17234 30457 -22448 2420 -5780
-3614 18208 31857 -24472 1140 -4694
-2893 19492 32353 -27978 1545 -3035
-1534 20156 32767 -31468 2049 -1528
-1872 17783 32767 -31482 3536 -348
-4335 15452 32767 -24147 3402 -1587
-6258 15144 32767 -16093 1412 -4060
-6690 15008 32767 -9809 798 -6008
-7920 15733 32767 -6065 -145 -7054
-7624 15866 32608 -3816 -1163 -7669
-7249 15357 29724 -2172 -490 -8073
-7193 15369 26257 -3223 -190 -7651
-5345 14785 23149 -4498 673 -6940
-2387 14266 19576 -6103 2853 -5770
1338 12809 17073 -6936 5039 -4641
4054 12154 14873 -6432 6126 -4280
6962 11237 13574 -6107 6494 -3871
8308 10528 12888 -5427 6479 -2986
6908 10270 11310 -5294 5471 -1561
6093 9844 10646 -5157 3180 411
5278 9668 10054 -5504 1008 2211
4470 10074 9386 -5617 -358 4686
5682 11469 9216 -6389 -1257 6291
6378 11746 8764 -7325 -1631 7434
7452 11721 9370 -9968 -1811 9137
7098 11649 10314 -13720 -1066 10905
4870 10345 10997 -16936 -759 11307
3076 8728 12110 -18082 -1104 10692
1081 6783 12875 -16901 -1343 9670
-257 5100 15116 -14136 -542 10012
-1269 5361 18244 -12929 987 11185
-2969 4701 21181 -13592 2973 12010
-6198 4376 23057 -14838 4036 11421
-9732 3636 24386 -15785 2590 10359
-11532 1410 25158 -13611 92 8764
-12936 429 24925 -10304 -2212 6933
-13128 683 24408 -6383 -3786 4808
-12764 699 23286 -2511 -4487 3705
-12301 1496 21405 -1347 -4992 3473
-10352 1638 19962 -1564 -5674 3559
-7810 1722 19198 -2380 -5726 4227
-6102 2061 18146 -3633 -5430 4864
-5654 1752 16925 -4855 -5936 4964
-4452 788 15141 -4815 -7217 4982
-2241 333 13144 -4055 -9411 4824
-470 24 11624 -2103 -12050 4743
-76 -58 10402 -303 -14019 4478