2151 762 16162 110 374 657
2099 968 16089 498 899 582
1610 828 16169 840 1449 690
1026 104 16296 1136 1878 622
608 -34 16308 1371 1857 754
739 369 16452 1763 1708 561
929 333 16565 2740 2055 143
841 688 16583 4185 2362 -518
614 904 16496 5146 2405 -1247
247 904 16262 6855 2570 -1749
-5 1194 16336 8975 2905 -2102
-199 2057 16309 10518 3145 -2281
-313 2546 16276 11790 3202 -2187
-416 2832 16266 11725 3126 -1997
-1202 3364 16537 11044 3185 -2239
-1530 4632 17272 10360 3809 -3161
-780 5650 17718 10839 5098 -4467
-482 6080 18018 12268 6588 -5602
-955 6976 18499 16553 8147 -6955
-1553 8178 18210 20706 8741 -7595
-2206 8524 17806 22507 8150 -7297
-2717 9296 17196 22653 8141 -6160
-2580 10736 17816 21721 7710 -4636
-2740 12655 18834 20620 6543 -2962
-2176 14428 20308 19266 5552 -1575
-1801 14407 21231 19056 4796 -952
-1214 14509 21805 19823 4411 -649
-1264 14489 21808 21058 4306 -200
-1345 14372 21229 22472 4006 635
-1997 15182 20242 21802 3813 2313
-2600 16714 18843 18965 3238 4541
-3312 17945 18293 16767 2640 6047
-3274 18444 18137 15598 2111 7076
-2666 17724 17815 15541 1448 7718
-2365 17896 17252 15472 748 8342
-1938 18308 16682 14265 188 8918
-1134 18318 15924 11979 -113 9597
-905 18649 15182 9643 1 10465
-946 18928 14812 7343 351 11148
-1104 18581 14656 5180 190 12002
-1720 18889 13890 3079 -33 13629
-1292 17881 13662 1733 -839 15090
-809 16916 13524 815 -1297 15888
-694 16620 13084 -13 -1820 16447
-142 15680 12814 -537 -2637 16574
-244 15600 12236 -1731 -3712 16511
136 14714 12061 -3571 -4652 17121
597 13721 11601 -5462 -5775 17723
622 13009 11301 -6873 -6414 18477
636 12992 11032 -8457 -7291 18776
1555 11517 10569 -10104 -8455 18639
2084 10578 10137 -10498 -9137 18414
3022 9580 9884 -10790 -10001 18139
3580 8796 9952 -10877 -10248 18103
3864 9458 9771 -11872 -10532 17662
4372 8604 9157 -13692 -11402 17501
4361 8523 9076 -15044 -12348 17303
4897 6932 8656 -15494 -13382 16874
5955 5984 8782 -14010 -13584 15950
5994 6584 8804 -12736 -13889 15087
6956 5687 8724 -11851 -13801 14586
7821 5773 8842 -11194 -12828 13841
8438 5250 8760 -10813 -11726 13304
8584 5126 8456 -10670 -10958 12692
8668 4416 7774 -10681 -10657 11836
8712 4444 7644 -11034 -10712 10630
9126 4216 7865 -12931 -11136 9838
9754 4394 8142 -15153 -11384 8689
10173 3810 8279 -16504 -12042 8157
11281 3189 8484 -17135 -11763 7717
11990 2421 8445 -16826 -11558 7433
12852 1532 8084 -14823 -10666 6805
13124 1102 7704 -12681 -9896 6177
13996 1065 7932 -11792 -9184 5535
14304 1336 8210 -11590 -8703 4906
14254 1886 7913 -12600 -8894 3267
14228 1614 7378 -13373 -9443 831
14713 446 6868 -13291 -8869 -50
14980 22 7304 -12305 -8070 -295
15185 8 7084 -10825 -7194 117
15208 -56 7371 -8911 -5523 683
14685 201 8017 -7463 -4109 1721
14208 397 8230 -7384 -3536 2170
13696 177 8226 -7443 -3599 2202
13192 -818 7701 -6597 -3890 1708
13295 -3003 6836 -2576 -2987 0
13994 -4837 6906 4364 -652 -2484
13346 -4372 6546 9224 985 -3561
12874 -2655 5819 12036 2802 -3746
12085 -800 5382 12521 3889 -4015
11684 -212 5046 12074 4690 -4245
11818 -446 5292 12152 5844 -5288
11756 236 5347 11913 7337 -6750
11831 985 5376 12269 8471 -8561
11798 120 5828 14184 9488 -10189
12852 -1484 6846 18881 11091 -12615
12320 -1010 7053 23822 12546 -14582
12376 96 7484 25384 13722 -16650
12224 510 8863 27362 14667 -18952
10813 1650 8902 31748 14867 -20034
8769 5116 7565 32767 14795 -19127
8464 5762 7144 32767 14203 -19387
7794 6333 5765 32767 13672 -19966
6900 7794 5024 32767 12844 -20066
6543 9061 4352 32767 11026 -20284
6106 10101 3380 32767 9062 -20130
5920 11669 2781 32767 8494 -19621
6252 11910 2953 32767 9424 -19582
5328 12850 2988 32635 10122 -19629
5006 13794 2820 29972 10855 -18994
4646 13298 2635 27174 11978 -18815
3608 12735 1899 25443 12026 -17955
3190 12530 1386 24720 11560 -17321
1842 12950 428 24102 10190 -16833
1358 13494 170 23163 8784 -15465
2002 13249 41 22945 7953 -14502
1356 13800 -344 22380 7834 -13536
1246 14004 -60 22147 7604 -13322
955 14268 -325 21616 7341 -13245
-683 15626 -883 19277 6324 -13326
-423 17007 -317 15251 5237 -13392
-638 17470 -316 12556 4946 -13420
-990 17942 -313 9427 4314 -12578
-505 18040 -550 6268 4349 -11350
-1445 17258 -237 4654 3528 -8278
-1643 17315 -88 1934 2501 -4950
-3212 18445 1248 -1699 -1328 69
-2328 20196 2196 -7002 -5633 2879
-3111 22752 2050 -16234 -8926 5985
163 21974 3009 -22544 -10662 4829
1629 20260 4037 -23663 -9655 3246
3720 19504 5269 -22588 -7383 1826
3706 21177 5964 -23147 -5396 1167
3840 21426 6808 -26443 -4002 1918
4038 20860 7546 -29663 -2370 2990
3814 19830 8376 -31307 -865 4572
4348 18444 9304 -29704 395 4793
5085 18208 10355 -25767 2165 3878
6044 18113 11827 -21391 3928 2501
7890 18040 13362 -19597 5197 941
8457 18529 14689 -20215 5915 509
8562 19128 15500 -22831 6633 929
8522 18881 16726 -25708 7450 1853
7744 18860 17322 -28895 7851 3533
7201 17908 17898 -31865 8419 5508
7086 16266 18618 -32768 8371 7412
7108 14907 18548 -32768 8375 8350
7178 13560 18456 -32768 8469 8389
7055 12240 18710 -32768 9022 7903
7000 11660 19578 -32724 9265 7127
6186 10922 20891 -30377 9325 6222
5596 10381 22256 -26752 8853 5218
5322 9996 22686 -24596 8253 4533
4820 9849 22776 -22929 7343 4234
4589 9994 22396 -22385 5931 4061
4309 10065 21848 -22507 5208 4061
3893 9490 21426 -22546 4481 3759
3253 9014 20917 -21890 3545 3280
2590 8517 20600 -20588 2704 2543
1878 8442 20196 -19276 1767 1887
1554 7823 19764 -17567 736 894
946 7828 19500 -15334 -278 -203
824 8233 19254 -13733 -895 -951
736 8658 18952 -12452 -1087 -1635
496 8821 18966 -11514 -1229 -2214
286 8701 18944 -10088 -1553 -2650
-106 8761 18672 -7995 -1919 -2965
-512 8753 17962 -6466 -2421 -2982
-738 8778 17277 -5568 -2670 -2823
-826 8766 16430 -4955 -2647 -2450
-816 8476 16021 -5016 -2707 -1848
-329 7950 15874 -5249 -2576 -850
-131 7705 15506 -5452 -1998 123
-416 7199 15152 -5610 -1503 1004
-612 6932 14998 -5872 -1315 1539
-524 6194 14666 -6124 -1251 2069
-64 5496 14370 -5822 -839 2250
72 5088 14017 -5487 -217 2196
282 4505 13822 -5207 781 1870
216 4224 13717 -4939 1709 1683
178 4006 13918 -5157 2230 1639
454 3874 14504 -5522 2805 1659
625 3986 15128 -5939 3467 1772
883 3646 15936 -6133 4116 1873
812 3304 16540 -5943 4219 2019
591 2688 16832 -5505 3746 2230
362 1893 16828 -4600 2636 2153
428 1390 16748 -3549 1631 1847
989 598 16430 -2042 657 1359
1386 436 16191 -1175 417 882
1516 270 16212 -1131 473 697
1433 237 16090 -1231 444 355
1314 100 16100 -1188 413 101
1238 96 16085 -789 170 -176
640 -92 15884 -298 -228 -397
814 -60 16054 308 -811 -724
1296 -602 16210 1002 -1045 -1418
1189 264 16052 1778 -890 -1704
918 182 15960 1993 -993 -2107
1152 768 15794 1787 -888 -2669