-13842 15068 10845 19593 -16057 -9020
-13353 15134 10818 18745 -16406 -7866
-12918 15150 10817 17757 -16616 -6612
-12276 14764 10768 17124 -16569 -5759
-11920 14872 10877 16095 -16582 -4415
-11297 14531 10779 14158 -16686 -2844
-10974 14706 11134 12602 -16604 -1976
-10924 14896 11292 11022 -16340 -1514
-10870 14890 11890 8301 -15962 -452
-11033 15464 12561 4201 -15141 705
-10764 14290 13196 -1456 -14658 2195
-10137 12678 13513 -5607 -13792 3134
-10328 11772 13312 -7378 -13928 3545
-9416 10269 12930 -7751 -14339 3195
-8103 9193 12354 -5985 -14625 2004
-7384 9416 11748 -4546 -14648 1229
-6966 10333 11266 -4600 -15009 912
-6204 12410 11006 -6818 -15520 949
-5720 13534 10740 -9146 -15637 861
-4548 13366 10726 -12232 -15329 651
-3529 13870 11498 -15251 -13620 634
-2926 13533 11774 -16943 -12737 715
-2530 13046 11742 -17537 -12483 854
-2564 13089 12044 -17594 -12263 1208
-2832 12593 12211 -16932 -13332 2151
-2098 12208 12776 -15932 -14543 2553
-1706 12213 13158 -16236 -14727 2441
-1840 12326 13877 -16825 -14447 1496
-1515 11829 14572 -16540 -13305 299
-1632 11952 14425 -16728 -12013 262
-1204 10770 14078 -16148 -11507 253
-461 9408 13712 -13552 -10937 10
-304 8782 13356 -10816 -10962 254
-65 9057 13448 -10136 -11305 608
153 9269 13992 -10172 -11564 746
648 9056 14720 -10285 -11322 768
1007 8633 15577 -10061 -10688 731
1260 7674 15585 -9014 -10290 279
1720 6644 15245 -7203 -9853 -271
1966 5858 15128 -5351 -9416 -782
1908 6058 14762 -3618 -8996 -854
2140 6778 15367 -2926 -8266 -1006
2442 6953 15805 -2637 -7607 -1179
2745 6420 15708 -1917 -7283 -1122
3329 5534 16258 1080 -6728 -1286
3930 4862 16504 5338 -5797 -1556
3890 5877 16477 8296 -4606 -1761
3980 6984 17096 10697 -3963 -1811
4717 7198 18629 14611 -3100 -2296
4657 7970 19138 17850 -2464 -2194
4746 8900 18781 21323 -1994 -1514
5256 8972 18772 28074 -869 -1759
4211 12326 16807 30033 -1419 261
4064 14125 15977 26951 -2806 2090
4512 14943 15535 24690 -3404 3333
5416 13108 14572 24376 -2127 5146
4770 15098 12998 21503 -1174 7323
4890 15363 12100 16365 -1605 8796
5084 15046 11468 12541 -2427 10377
5016 14946 10850 9737 -2950 11621
5199 13702 9980 4695 -3458 13307
5924 11578 10065 1542 -3538 14238
6481 9982 9835 868 -3450 15712
6784 9780 9924 537 -3380 15991
7106 9163 9664 -529 -2989 16108
6908 9920 9872 -2652 -2547 15771
6808 9672 9428 -7157 -2132 15353
6209 9295 8933 -13332 -3106 14461
6114 7143 8478 -17743 -5360 14275
6771 4447 7852 -19249 -7741 13870
7533 2029 7398 -17907 -9127 13485
8050 1090 7368 -15936 -9271 12994
8393 460 7588 -13234 -8944 11929
8726 188 8113 -11037 -8554 10726
9474 -166 8790 -9919 -7903 9892
10235 -172 9618 -8797 -6109 8673
10492 110 10153 -7751 -4164 7086
11091 -354 10180 -6706 -2309 4576
10893 -1215 9639 -5282 292 2265
10677 -1723 9930 -3592 1719 657
10461 -2238 10297 -939 1045 -717
10326 -2589 10248 656 191 -1648
10100 -2720 10214 1234 -197 -1996
10413 -3205 10211 2289 -10 -2285
11342 -3694 10360 5534 1452 -2990
11626 -2769 10136 9187 3538 -4147
11598 -1788 10060 12218 5113 -5629
12594 -2345 10318 16247 7161 -7989
11628 -886 10047 19733 8531 -9768
11236 952 9834 21175 8748 -11200
11236 1809 9800 21146 8898 -13348
11602 831 11126 22356 9695 -16765
10450 1626 11865 25208 9212 -17975
9596 4298 11180 25728 7647 -17576
9101 5696 10888 25249 6770 -17235
7822 7386 10658 24479 5708 -16638
6794 9189 10461 22654 3859 -16076
5690 10940 10153 20260 2552 -15851
5461 11052 9438 19201 2507 -15665
5513 11200 9016 19263 3342 -15531
4724 11676 8290 20376 3726 -15607
3812 11593 6903 23603 3640 -15997
2710 11770 4733 27768 3557 -16230
1878 12789 3848 28532 2648 -15916
1956 12717 3040 29803 2991 -15660
-102 14266 1118 30254 3214 -15166
-764 15208 430 28383 2535 -14208
-1486 15928 54 25213 1237 -13589
-2057 16907 -336 19942 -477 -12537
-1808 16792 -124 15628 -906 -12308
-1646 16239 -284 12517 -389 -12255
-1388 15852 -444 10986 113 -12115
-1196 15385 -876 9397 297 -11966
-1589 15472 -1508 7855 -57 -10905
-2230 16324 -1598 6912 -409 -10614
-2638 17402 -1586 5459 -809 -10325
-2115 18241 -801 3598 -678 -10486
-2295 18033 -709 2964 464 -10836
-2796 18680 -998 2346 1258 -10769
-3494 19125 -1085 862 1396 -10626
-4106 20776 -243 -3107 233 -9915
-4905 22945 -395 -10930 -2197 -8462
-3450 20528 1406 -12419 -3061 -8740
-3766 20914 4249 -7986 -4034 -9569
-2985 21917 5985 -3627 -4951 -10032
-2389 23322 6428 -1591 -4104 -10181
-2377 24377 5866 -2986 -1938 -9601
-3868 25833 5403 -9827 -415 -6623
-4858 24742 5638 -16817 -57 -3772
-5900 23157 6092 -21054 -1512 -1009
-5834 21066 6424 -22255 -2965 816
-5321 19702 7334 -20716 -4311 721
-4437 18812 7828 -17881 -5659 218
-3876 18692 8057 -16532 -4856 -1013
-3946 18839 8299 -20070 -3884 50
-3617 17460 8786 -24754 -2938 1753
-3496 16396 9266 -28060 -2168 3295
-4096 16065 9932 -31096 -2132 5145
-3066 14605 10500 -32768 -1649 6683
-2061 13328 12022 -32768 -2164 7202
-1584 12650 13074 -32768 -2495 7465
-829 11840 14103 -32768 -2496 7489
-616 11312 15775 -32768 -1632 7021
-536 9749 17218 -32768 -903 6448
-16 8489 18652 -32768 -368 5934
346 8164 19428 -32768 20 5347
191 7306 20062 -32303 364 4758
159 5967 20960 -30123 261 3943
523 5186 21509 -27376 135 2512
492 4752 21809 -24975 18 852
561 4608 21913 -23540 -279 -606
426 4452 22358 -21498 -91 -1931
19 4348 22032 -19303 -224 -3185
-652 3837 22126 -17655 -1216 -3806
-837 3458 22252 -16191 -2246 -3946
-1016 3644 21970 -14424 -3134 -3810
-594 3602 21990 -13322 -3682 -3969
-132 3590 22062 -13242 -3479 -4271
-542 3775 21725 -13554 -3302 -4399
-832 3475 21364 -13647 -3598 -4215
-854 2534 21229 -12213 -3534 -3980
-743 2506 20958 -11169 -3713 -3797
-557 2494 20577 -10562 -3853 -3852
-513 2444 20142 -10530 -3945 -3778
-416 2101 20045 -10508 -3848 -3821
-550 1973 19698 -10054 -3545 -3848
-562 1808 19422 -9610 -3406 -3870
-625 1438 19240 -8783 -3309 -3861
-470 1144 18952 -7732 -3160 -3707
-588 1016 18722 -7028 -2970 -3646
-582 912 18540 -6301 -2849 -3483
-845 968 18052 -5858 -2960 -3192
-889 842 17731 -5780 -3309 -2940
-872 642 17373 -5470 -3800 -2478
-724 672 17248 -5396 -4125 -2011
-576 534 16964 -5473 -4392 -1317
-422 164 16471 -5598 -4442 -568
-312 14 16180 -5695 -4590 -361
-100 -209 15825 -5403 -4510 -329
-41 -152 15251 -4954 -4165 -503
45 -265 14925 -4972 -3926 -566
152 -320 14718 -4992 -3668 -473
12 -659 14378 -4922 -3216 -229
105 -1274 14180 -4958 -3046 358
737 -1696 14293 -4751 -2799 746
1099 -1887 14675 -4370 -2240 1046
1139 -2117 14916 -3866 -1622 1397
953 -2408 15218 -2937 -1373 1739
720 -2513 15090 -1868 -1556 2016
992 -2298 15046 -1493 -2493 1554
1658 -2602 14825 -476 -2668 920
1882 -2465 14676 -217 -3099 549
2017 -2718 14547 96 -3413 524
2163 -2720 14412 200 -3858 645
2058 -2672 14201 70 -4055 621
2234 -2532 14292 473 -3697 260
2210 -1996 14128 1326 -2897 -732
2192 -1674 14260 2326 -2131 -1630
2365 -1000 14753 3029 -1420 -2070
2325 -554 15189 3265 -796 -2126