12664 201 6786 2773 -3340 -24969
12476 1052 6933 2841 -896 -23205
10636 2269 6041 3086 440 -21554
9052 3497 6201 3701 410 -21024
9348 2585 6442 6214 53 -20991
9172 2950 6261 8307 -673 -22190
9842 3100 5544 11695 -1450 -23703
11084 2977 4692 16354 -676 -24658
10725 4822 3882 20347 1287 -24966
9912 7337 4012 21774 2972 -24966
9793 8254 4198 22212 4245 -24621
9786 9178 4833 22263 5209 -23876
9425 10869 5170 21445 5364 -23041
8665 10874 4702 21373 4475 -22237
8097 12372 4108 21924 2990 -21333
8346 13214 3613 21816 1852 -20326
8806 14241 3621 21371 1756 -19288
8988 15589 3769 19764 2233 -18506
8304 16264 3633 18184 2531 -17755
8488 16688 3614 17051 2182 -16906
8544 16744 3421 16337 1691 -15845
8268 16965 2809 16103 980 -14666
8766 17665 2493 15522 651 -13542
9306 17890 2602 14652 1068 -12486
9072 17985 2657 13689 1761 -11622
8474 18374 2604 12586 2078 -10882
8310 18390 2926 11536 2050 -10114
7698 18540 2958 10667 1576 -9146
8069 19252 2706 9110 979 -8034
8464 19330 2785 7128 805 -6994
8082 19342 2845 4776 125 -5734
7933 19384 2686 1272 -665 -3501
8150 19136 2908 -2281 -1045 -541
8018 18972 3289 -5460 -1228 2388
7834 18945 3585 -8917 -1651 4803
7822 18033 3953 -11937 -2382 7141
8893 17310 4452 -14361 -2449 9503
9876 15880 4976 -17237 -3267 12016
10257 15254 5592 -19147 -3051 14095
10526 14284 6324 -21318 -3706 16676
10882 13626 6142 -23760 -4159 18959
11025 12972 6612 -25958 -4838 21286
11828 11806 7233 -28451 -4822 23464
12428 10029 7801 -29928 -4593 25840
12766 8850 7813 -30860 -4184 27629
12801 6709 8145 -30141 -3467 28349
13121 5742 8369 -28262 -2884 28146
12896 3586 8008 -25490 -2507 27418
13921 3462 7970 -22573 -1905 25950
14538 2962 7662 -21052 -1113 23646
14656 1769 7690 -19265 -370 21684
15081 712 7790 -17661 1142 19735
15208 832 8056 -16301 2633 17760
15654 1476 8510 -15294 4100 15636
16017 1392 8638 -14512 4941 13100
15840 642 9044 -13228 5648 10964
16237 -2 9105 -12321 6360 9662
15877 -78 9264 -11878 6780 8811
16116 4 9577 -12128 7253 8180
15308 254 9273 -13056 7918 8053
14677 220 9380 -14310 8514 7788
14034 77 9476 -15461 8810 7223
13378 4 9906 -16319 8840 6803
12818 321 10237 -17350 8084 7000
13002 -658 10848 -17680 7309 6651
14002 -1292 10716 -17164 7303 6492
14636 -125 10656 -17168 8266 5591
15569 -442 11066 -16813 9395 3909
15482 -544 11476 -15131 10436 2245
15442 369 11870 -13776 10918 1070
15237 873 12722 -12563 10941 988
15064 2285 13525 -12940 11049 2015
15456 2001 13800 -13849 10831 3246
15126 1372 13861 -13683 10641 4096
15390 489 13682 -13089 10520 3803
14842 -190 14126 -11536 10012 2686
14833 46 14397 -9819 9376 1184
15076 38 14746 -8657 8600 -319
15062 244 15078 -7423 7844 -1306
14906 625 15170 -6727 7218 -1682
14520 682 15649 -5907 6296 -1387
14553 1494 15586 -6155 5512 -670
14401 1325 15578 -6478 5142 78
14205 1012 15474 -6601 4855 659
13750 496 15189 -6324 4701 679
13110 73 15004 -5494 4451 380
12254 221 14757 -4866 3935 -92
11446 277 14921 -4315 2971 -543
11490 400 15005 -3899 2055 -756
11454 440 14910 -3716 1481 -741
11422 314 14576 -3320 1193 -801
11093 162 14353 -2832 963 -1018
10613 33 14190 -2058 492 -1235
10084 124 13972 -1475 -74 -1360
9929 282 13616 -1033 -662 -1266
10123 132 13164 -784 -854 -1170
9906 -248 12548 -517 -803 -973
9442 -229 12128 -253 -894 -576
9568 -663 11684 -64 -934 -334
9381 -1074 11286 27 -635 -246
8757 -1661 11181 311 -683 73
9297 -1789 11028 368 -711 312
9844 -2120 10858 374 -297 363
9974 -2246 10921 466 147 429
9428 -2112 11038 15 443 622
9304 -2617 11286 -247 287 911
10037 -2965 11268 -150 326 1129
10516 -3193 11400 -25 754 1026
10129 -3282 11678 96 812 679
9529 -2906 11842 -94 440 341
9728 -3173 12186 -246 -198 -4
10662 -3513 12216 2 -337 -83
10958 -3272 12001 17 -13 -122
10613 -3185 11937 -126 231 -179
10361 -3166 12120 -202 90 -287
10446 -3080 12134 -330 -161 -402
10609 -3186 12174 -471 -303 -560
10696 -3197 12140 -544 -343 -634
10614 -3073 12037 -693 -395 -663
10488 -3086 11920 -751 -474 -774
10541 -3124 11821 -619 -592 -948
10769 -3034 11748 -491 -601 -1106
10549 -2792 11646 -531 -718 -1165
10684 -2696 11678 -655 -252 -1332
10446 -2820 11678 -911 -96 -1276
10392 -2650 11701 -752 -153 -1273
10524 -2561 11560 -656 -188 -1333
10810 -2457 11557 -608 0 -1187
10684 -2286 11462 -873 286 -877
10597 -2198 11564 -964 431 -505
10717 -1990 11605 -914 539 -273
10712 -1972 11730 -754 400 -249
10749 -1942 11706 -540 182 -330
10865 -2009 11736 -350 133 -331
10949 -1938 11582 -153 190 -263
11069 -1893 11617 -177 338 -109
11006 -1900 11672 -227 471 112
10844 -1978 11652 -310 384 158
10810 -2240 11464 -115 198 43
10929 -2366 11188 111 145 -125
10978 -2268 11200 67 270 -131
11069 -2230 11116 -151 566 18
11036 -2372 11248 -295 790 171
10820 -2438 11509 -346 813 414
10695 -2460 11502 -134 275 437
11027 -2474 11543 118 151 55
10988 -2362 11506 394 287 -263
10825 -2161 11639 612 318 -444
10557 -1971 11769 772 27 -327
10334 -1825 11733 648 -351 -233
10238 -1870 11610 701 -541 -316
10270 -1858 11468 881 -548 -600
10201 -1934 11346 985 -536 -897
10290 -1875 11308 1025 -333 -978
10316 -1788 11389 702 -129 -689
10424 -1916 11351 436 -129 -422
10492 -2192 11272 394 -214 -425
10797 -2348 11193 565 -243 -571
11096 -2253 11117 709 20 -712
11154 -2140 11228 755 231 -682
11134 -2128 11250 748 446 -659
11135 -2064 11288 855 629 -532
10894 -1910 11454 899 636 -383
11059 -1821 11821 794 555 -79
11249 -1558 11980 457 645 312
11375 -1650 11907 97 995 718
11701 -1856 11969 -104 1443 1040
11712 -2150 11925 -178 1918 1390
11247 -2149 12395 -175 2018 1882
10384 -2496 12338 51 1561 2016
10344 -3106 12081 30 1421 1928
10434 -3329 11966 195 1478 1350
10112 -3128 12028 708 1322 157
10014 -2912 12134 961 922 -732
9971 -2619 12101 873 623 -1054
10020 -2250 12177 450 439 -1125
10247 -2242 12126 299 237 -916
10496 -1981 12096 -32 166 -684
10659 -2024 12062 -289 290 -477
10709 -2137 12088 -455 375 -252
10720 -2290 12026 -515 445 -165
10593 -2257 12137 -466 485 -272
10588 -2362 12257 -280 266 -419
10582 -2241 12174 -294 78 -543
10753 -2187 12229 -324 -7 -555
10982 -2081 12106 -425 118 -512
11133 -2130 12072 -409 281 -422
11026 -1840 12105 -461 352 -303
11048 -1969 12117 -438 251 -236
11180 -1946 12116 -347 267 -109
11139 -1808 12076 -395 364 126
11092 -1936 12134 -335 510 384
11014 -1824 12122 -344 525 645
10628 -1678 12158 -397 467 757
10340 -1768 12290 -478 367 681
10390 -2088 12257 -500 158 643
10456 -2136 12244 -459 24 563
10512 -2161 12040 -347 -145 339
10433 -2170 11969 -372 -255 124
10420 -2220 11896 -358 -412 -29