-7696 6536 20429 -1209 3261 6473
-7307 6935 21596 7089 1018 4421
-7265 8172 21838 11469 1503 1954
-7056 9040 22024 12841 2370 1084
-8024 11397 21988 12979 2405 1629
-8510 13386 22064 11525 960 4119
-8626 15097 21937 9714 -947 5840
-8589 16958 22014 7391 -3406 7229
-8449 17808 22060 4077 -6229 8204
-7968 17974 22066 2060 -8437 8507
-8053 18645 21789 1213 -9987 9323
-8021 19708 21941 53 -11260 10492
-7832 20182 22262 -1123 -12013 11649
-7688 20936 22494 -2773 -13669 13712
-7233 20194 22676 -4513 -15774 16293
-6077 19534 23552 -5251 -17152 18244
-5081 19519 24199 -6089 -18687 19778
-4894 19054 24613 -6919 -20668 20777
-4046 17720 24853 -7641 -22347 21745
-3426 16262 24500 -7658 -23652 22781
-2502 15633 23350 -8210 -25396 24274
-1540 15416 21994 -10215 -27246 25597
-1825 15042 21004 -13137 -29433 27380
-1744 13173 19238 -15810 -31263 29001
-486 11041 17829 -17805 -32341 29888
476 9145 15629 -20012 -32763 30265
2295 5702 12177 -20049 -32768 30595
3489 3856 9981 -19431 -32393 30738
3520 2972 7848 -18536 -31129 30427
4061 1902 5857 -17505 -29430 29661
4949 2144 3840 -16963 -26289 28478
4705 760 1565 -16595 -22265 27163
5061 -448 716 -16440 -18111 25317
5718 -1610 352 -16804 -15242 23434
5385 -3245 -34 -13904 -12753 20914
5362 -4488 156 -11724 -10500 18116
5549 -4701 233 -10047 -8789 16120
5606 -5230 352 -8138 -7126 14335
5350 -5412 680 -6103 -6112 12630
5458 -5694 1577 -3260 -5343 11180
5344 -5605 2220 -745 -4427 9496
5050 -5336 2885 956 -4453 7710
5372 -5596 3436 2326 -4351 6270
5576 -5824 3996 3654 -3794 5054
5286 -5452 4504 4755 -2692 4202
4889 -4676 5149 4539 -2591 3448
5406 -4260 6036 3863 -2690 2922
6352 -4933 6880 3637 -2278 2046
6874 -5314 7566 3813 -1414 1315
7411 -5480 8004 4119 -384 629
7218 -5156 7978 4434 97 -283
6964 -5260 8291 5440 -413 -1993
7498 -5075 8834 6376 -2243 -4772
8262 -5908 9110 7767 -3323 -6782
8457 -5275 8808 8723 -3885 -8789
8184 -5765 8524 10950 -4087 -12212
7948 -5173 7362 12705 -4542 -16118
7646 -5200 7056 14520 -4836 -18916
8057 -2809 6830 14473 -3800 -21654
7965 -1698 6138 12605 -2550 -24510
7110 -5385 7031 15384 -2891 -27204
6792 -3340 7254 20513 -4577 -28757
7384 -1472 7060 22890 -5126 -29690
8334 932 6717 23977 -4723 -27912
9304 2534 5872 24063 -2981 -25642
7756 5608 4517 21290 -603 -24132
7160 6935 3838 17994 318 -23862
7385 6268 3678 17878 -237 -23420
7329 6472 3094 18269 -953 -22817
7688 7565 3406 18671 -774 -21615
7778 8561 3201 18498 -445 -20645
8222 10050 2938 17582 -444 -19689
8096 10014 2538 17556 -784 -18860
7852 11110 2252 17562 -1742 -18026
8088 12585 2220 16333 -2111 -16959
8514 14169 2754 13958 -1489 -16182
8594 14832 3156 12324 -1170 -15771
9046 15067 3216 11021 -1186 -15176
8692 15100 2872 10576 -1926 -13995
8612 14940 2864 10934 -3088 -12598
8321 15276 2712 11019 -4275 -10566
8464 17144 3192 9868 -4654 -8236
8638 17821 3500 8000 -4699 -6649
7708 18244 3138 5613 -5046 -4545
7869 17936 2820 2000 -5509 -2177
8254 17868 2156 -2136 -6161 511
8374 18041 2054 -7952 -6734 2679
8838 17440 2869 -13289 -6099 4305
9378 17025 3961 -15969 -5186 5558
9946 16497 4824 -17928 -4489 6839
10204 15342 5652 -18944 -4515 8296
10206 13540 5879 -18079 -4296 10162
10957 12987 6124 -17663 -3393 11728
11778 13197 6540 -18738 -1955 12162
12474 12518 7152 -19697 -661 12154
13546 11805 7558 -19799 551 12531
14026 10667 7992 -19700 1499 12542
14293 9636 8538 -19406 1848 13019
14348 8571 9181 -19474 1701 14110
14376 7920 9792 -19876 1816 15869
14888 7080 10004 -20012 2199 17498
15840 7022 10693 -20474 3351 17696
16257 6253 11148 -21059 4146 17550
16410 4577 11646 -19971 4769 17469
16636 4216 12509 -18295 5184 17181
16220 4384 12954 -17862 4744 16940
15836 3964 13157 -18403 3483 16675
16250 2133 13222 -18893 2457 16658
16909 292 13094 -18750 2212 16983
17856 -329 12836 -18477 2929 16557
17726 -450 12769 -17985 3922 15005
17821 -261 12501 -18236 4551 12350
18021 -1585 12437 -17866 5090 9417
17632 -2288 12594 -15937 5459 6778
17660 -1920 12793 -14498 5829 5025
17480 -964 12853 -13765 6274 4125
17042 -309 12905 -13630 6845 3855
16557 -157 13249 -13417 6951 4210
16502 398 13334 -13223 7117 4743
16298 436 13257 -12905 7483 4869
16242 936 13218 -12397 7740 4449
15749 1094 13089 -11722 7666 3640
15313 1310 12997 -10850 7561 2781
14552 1426 13470 -9509 6661 2170
14265 2098 13360 -8844 5968 1999
14274 2444 13324 -8407 5734 2029
14474 2538 13285 -8212 5780 2032
14070 2441 13190 -7942 5807 2099
13373 2594 12958 -7821 5712 2042
12801 2321 12914 -7410 5344 1982
12298 2157 12968 -6683 4622 1977
12180 1986 12909 -6200 4070 1853
12310 1534 12874 -5540 3831 1509
12192 1704 13006 -4745 3618 1058
11908 1824 13022 -4184 3327 687
11714 1936 12938 -3612 2992 614
11608 1933 12857 -3298 2731 713
11206 1836 12889 -3129 2399 717
10888 1440 12685 -2924 1935 573
10809 1172 12416 -2686 1536 167
10493 661 12557 -2148 1044 -235
10404 605 12192 -1567 611 -516
10656 614 12024 -1218 547 -811
10504 420 12010 -764 495 -1078
10320 378 12090 -481 260 -1188
10424 185 12041 -537 113 -1219
10442 -18 11938 -509 172 -1224
10234 -325 11904 -287 78 -1204
10057 -350 11729 -64 -77 -1213
10240 -573 11796 158 -225 -1178
10485 -786 11702 398 -133 -1021
10638 -832 11724 451 63 -651
10606 -897 11678 243 213 -256
10518 -1177 11569 195 322 18
10585 -1476 11498 247 418 140
10657 -1664 11464 288 515 86
10913 -1845 11462 338 796 -44
10912 -1994 11725 501 839 -118
10769 -1865 11776 525 794 -41
10806 -2012 11940 398 607 -20
11101 -2249 12025 444 579 -8
11177 -2188 12030 412 625 27
11093 -2162 11903 226 788 32
10774 -2015 11887 18 852 49
10665 -1927 11752 -22 704 2
10678 -1810 11769 29 590 -45
10691 -1927 11815 71 469 -71
10769 -1986 11753 228 431 -30
10790 -2005 11781 245 396 -93
10792 -1918 11750 245 421 -148
10790 -1876 11878 188 444 -190
10734 -1874 11996 151 383 -185
10813 -1914 12054 249 276 -236
10882 -1861 12130 306 125 -293
10988 -1953 12212 193 32 -319
10992 -1890 12116 24 57 -317
11006 -1917 12016 -109 180 -404
10985 -1926 12046 -210 310 -429
10980 -2006 11948 -238 545 -401
10912 -1977 12137 -210 736 -355
10625 -1994 12301 -140 682 -273
10534 -1954 12380 -196 644 -252
10466 -2082 12452 -158 556 -410
10584 -1928 12445 -154 382 -582
10648 -1862 12338 -283 291 -683
10781 -1816 12282 -485 337 -679
10946 -1917 12246 -486 320 -723
10908 -1881 12129 -311 324 -795
10856 -1782 12078 -255 190 -822
10805 -1816 11982 -231 70 -917
11108 -1802 12032 -152 8 -959
11404 -1706 12036 -97 65 -933
11465 -1617 12062 -145 147 -886
11446 -1638 12033 -105 150 -886
11596 -1513 11958 -21 129 -1012
11540 -1369 12018 -61 139 -1034
11608 -1200 12034 -209 42 -896
11498 -1196 12084 -381 -69 -706
11353 -1216 12065 -425 -278 -586
11358 -1217 12010 -179 -555 -641