573 4102 15846 10340 32375 -19456
-78 3885 17902 11909 29390 -20693
-484 3722 19530 12156 25329 -20661
-929 2528 20724 14018 16604 -17901
-425 1365 19684 20076 14130 -18699
3968 1302 22714 18571 10788 -14039
616 5264 19272 24171 225 -10978
3457 7232 19629 22650 -4164 -7355
3552 8178 20601 22616 -6153 -3875
6178 12585 19801 21549 -8667 -5559
3348 10424 19304 20566 -7130 -1822
7000 11276 19278 18003 -6531 -1325
6250 12125 18746 14423 -5290 678
5770 12586 17861 11145 -4402 3112
5098 12775 17064 9968 -4663 5842
5020 13717 16798 10019 -6046 8029
5268 13744 16516 9441 -8376 9849
5456 13464 16284 9134 -9742 11076
5551 13988 15690 8165 -10702 12320
5204 14172 14904 7322 -11681 13371
6052 15264 14670 4714 -11984 15253
7401 15914 14524 -491 -11304 17743
8272 15444 14452 -3640 -10160 19323
9000 14792 14379 -7392 -8506 21257
9638 13159 14051 -12109 -6125 24010
9386 12009 13326 -16701 -3747 26717
8848 10662 12138 -19750 -2750 28015
8207 8757 11052 -22079 -2141 29261
7708 6862 9760 -23723 -2530 30036
7582 5802 8814 -24611 -3322 30182
7687 4143 8336 -25468 -4901 30075
7633 2045 7697 -26320 -7615 29345
7372 933 7110 -27279 -10530 28846
6969 721 6022 -29133 -13378 28950
6758 -773 5704 -30343 -15263 28014
8102 -3282 5024 -30691 -15047 26942
8777 -5371 4547 -28856 -14758 25175
9646 -7375 4242 -25773 -12301 22997
9365 -8120 3970 -22591 -8763 20061
8918 -8866 3758 -19851 -6281 18122
8137 -8088 4108 -16791 -4005 15260
7274 -8308 4384 -12705 -2956 11203
6552 -8121 5174 -9351 -3636 9157
6801 -8256 6167 -6253 -5382 7886
8111 -8020 6735 -3855 -6154 7003
8634 -7405 6373 -3111 -5432 6233
9338 -7440 6844 -2094 -4122 5277
9718 -7678 7106 -1069 -2841 4234
9516 -7463 7220 -831 -1949 2806
9433 -7557 7474 -270 -1391 1085
9422 -7986 7514 354 -1130 -592
9532 -8646 7326 1786 -644 -2288
8728 -8930 6970 4395 -402 -3870
7822 -8621 7178 7556 -1157 -4761
7814 -8366 7128 10303 -2236 -5371
7977 -7260 7291 13400 -3582 -6706
8154 -5968 7400 15833 -4773 -8410
8358 -5125 7252 16406 -5257 -9924
8799 -4990 7062 16887 -4662 -11606
8624 -4076 6786 16958 -3587 -13452
8093 -4093 6612 17433 -2514 -15444
7702 -4228 6836 18143 -1941 -17184
7535 -3892 6784 19377 -1055 -19168
7034 -2677 6302 20777 704 -22127
7385 -3288 5749 22284 2997 -23512
8002 -2880 5797 23476 6034 -23392
7681 -816 6345 22761 7902 -23263
6717 -6 6441 21647 9086 -24916
6276 798 6904 21484 8141 -27498
6115 1542 6976 21714 5539 -29569
6708 1654 7050 24202 3841 -30725
7677 2794 7566 28779 3721 -29049
8105 4901 7437 32255 4016 -26101
7137 7929 6466 32767 3323 -23655
6768 10513 5358 32261 2111 -21887
7409 12977 5076 29806 1602 -20726
6848 13058 5506 27724 1184 -19604
7455 15075 6048 24082 1472 -17741
6974 15024 6766 21860 701 -15965
7018 15118 6146 21637 -1266 -14489
8110 15980 5303 21330 -3095 -13028
8121 17323 5043 19829 -3077 -12258
8306 18262 5933 18242 -2065 -11790
7848 19218 6453 16675 -1919 -11138
8385 19511 6688 14610 -1882 -10241
8129 18988 6562 13428 -2421 -9215
7735 18294 6033 13034 -3749 -7979
7253 18032 5345 12246 -5102 -6826
6480 18330 4789 10253 -6531 -5759
6158 17994 4138 8219 -7949 -4396
6287 18133 3330 6376 -9108 -3315
6836 17912 2866 3596 -10256 -1787
6646 17934 2106 983 -10977 -138
7289 17520 1522 -1780 -11096 1389
7904 17234 1058 -4797 -10439 3367
8376 17072 588 -7399 -9387 4640
8352 16450 674 -10118 -7871 6074
8364 15973 1106 -13531 -6984 8226
9068 16088 1738 -15360 -6701 9415
9463 15810 3547 -18605 -6316 11829
10537 15134 5048 -22601 -5884 14699
11469 13524 5573 -25109 -5292 16732
11722 12228 6388 -26287 -5202 18846
12130 11225 7164 -27261 -5373 20212
12392 10500 7656 -27585 -5214 20869
13726 8931 8274 -27678 -4076 21667
14702 6408 9018 -26922 -2318 22833
14192 4118 8986 -25983 -2044 23675
13982 2541 8750 -24440 -1688 23942
13750 2467 8896 -23085 -548 22417
13218 1145 8342 -21652 2033 22204
13984 2316 8734 -22652 3673 21410
14950 2461 9480 -23144 5110 19193
14922 2109 9474 -21624 6620 17317
13904 2314 9601 -19278 7922 15351
15540 3408 8969 -13277 9275 12145
15685 1172 12165 -13968 9647 10584
14822 2324 11533 -10041 9007 7953
15582 2801 12018 -11620 8307 8209
15536 3358 12770 -14191 7698 9548
15624 2945 13054 -16062 7560 10120
16193 2234 12902 -15632 9259 9900
16026 1112 12533 -14732 9994 10282
16364 -169 12212 -13022 10437 8936
16052 -1084 12293 -11812 10656 6367
15861 -996 12644 -10739 10822 3523
15209 -1100 13304 -9108 10515 1130
14616 -382 14022 -8521 9847 -361
14968 513 14550 -8364 8934 -561
15270 1638 14390 -9448 8735 -271
15260 1760 14421 -10484 9158 449
14713 1849 14804 -10439 9239 1317
14298 2372 14829 -10696 9058 1759
13417 2073 14653 -10199 8398 1492
13157 2098 14744 -9644 7705 706
12869 2096 14757 -9078 7045 -101
12510 2012 15057 -8226 6244 -644
12484 2605 14857 -7979 5553 -888
12129 2581 15210 -7268 4796 -890
12368 3094 14798 -7219 4458 -991
12365 3056 14592 -7271 4394 -1127
11986 2841 14632 -7072 4355 -1373
11468 2460 14569 -6343 4007 -1457
11272 2705 14242 -5881 3710 -1414
11170 2508 14025 -5277 3486 -1487
10829 2442 14029 -4458 3114 -1567
10508 2584 14129 -4026 2600 -1626
10593 2520 14296 -3654 2063 -1473
10976 2484 14234 -3384 1890 -1278
10734 2440 14078 -2918 1897 -996
10081 2142 14273 -2502 1440 -691
10581 1989 14190 -2100 907 -614
10990 1765 13974 -1713 1111 -687
10692 1510 13888 -1408 1326 -520
9873 1390 13945 -1170 1126 -73
10074 1206 13936 -1143 737 280
10597 861 13854 -1083 803 518
10280 650 13926 -934 784 656
9288 452 13753 -1165 498 739
9190 -192 13737 -907 -108 782
9892 -610 13378 -494 -238 602
10074 -710 13305 -216 48 279
9426 -660 13493 -110 14 -24
9144 -697 13592 -218 -301 -115
9170 -893 13480 -224 -614 -264
9224 -1140 13377 -19 -708 -394
9284 -1324 13381 -8 -833 -524
9294 -1524 13233 18 -929 -652
9225 -1352 13224 44 -1033 -617
9551 -1531 12997 71 -1041 -646
9885 -1571 12924 325 -766 -628
9676 -1266 12697 301 -546 -485
9617 -1281 12716 257 -516 -286
9595 -1171 12729 3 -658 40
9880 -1374 12718 -156 -767 289
10144 -1413 12630 -141 -746 347
10204 -1474 12538 -307 -562 301
10128 -1529 12538 -324 -418 241
10109 -1510 12514 -251 -326 133
10157 -1625 12392 -138 -129 39
10225 -1505 12451 -19 83 45
10118 -1289 12668 -124 221 84
9988 -1136 12868 -268 156 146
10016 -1146 12952 -484 36 213
10248 -1302 12974 -591 78 290
10224 -1268 12928 -632 98 271
9915 -1183 12890 -704 38 111
9796 -1482 13020 -435 -113 -54
10048 -1528 13002 -209 -199 -227
10213 -1354 12888 -211 -219 -368
10242 -1324 12900 -104 -276 -501
10197 -1208 12729 -153 -286 -546
10448 -1224 12689 -282 -222 -526
10549 -1070 12668 -427 -72 -442
10522 -1121 12610 -516 -53 -304
10374 -1137 12489 -532 -100 -138
10264 -1133 12444 -572 -285 -138
10433 -1294 12482 -393 -488 -265
10505 -1209 12220 -287 -548 -479
10594 -1306 12220 -180 -575 -724