-4940 5628 16426 2966 1986 16056
-4765 6152 16669 3463 1885 15418
-4649 6613 16930 4471 2350 14584
-4613 7905 17493 5973 2903 13752
-4074 8796 18549 7425 3576 13255
-3805 9813 19433 7426 4166 13206
-4022 10628 20242 7411 4497 13167
-4370 11994 21170 7192 4368 13240
-4605 13628 22465 6665 4243 13486
-4550 15154 24440 6820 3411 13960
-4094 17977 26009 7226 1699 14859
-4538 19358 26946 7960 -471 15631
-4873 21205 27624 9010 -4014 16734
-4941 22758 27734 8229 -7668 17223
-4785 23908 28220 5347 -10887 16972
-3953 23821 28542 2620 -14114 17580
-2894 23033 28472 695 -16436 18845
-2680 22677 27986 -1014 -17712 20700
-2360 21754 27097 -2277 -18324 23026
-2464 21182 25890 -3101 -18929 25078
-2933 20809 24914 -3352 -20058 26883
-3497 21120 23574 -4713 -21977 28643
-3573 19861 22230 -7075 -23862 30154
-3125 18214 21025 -9587 -25350 31511
-2829 17740 19772 -12316 -26138 32302
-2721 16644 18445 -15679 -26758 32766
-2342 13912 16989 -17973 -26931 32767
-1870 11581 15697 -19379 -26606 32767
-1392 10302 14436 -20309 -26162 32767
-1449 9430 12960 -21234 -26229 32767
-1150 7962 11484 -22790 -26068 32767
-834 6988 10162 -24611 -25740 32767
-544 4920 8625 -25918 -25581 32767
-116 3182 7293 -26788 -25391 32532
430 1609 5861 -27684 -25339 31918
677 -102 4320 -28080 -25083 31079
1448 -1606 2916 -27946 -24534 30300
1777 -2801 1753 -26889 -24003 29184
2514 -4105 1018 -25062 -23286 27947
3234 -5212 368 -22588 -22227 26410
3953 -5854 -278 -19604 -20751 24639
4844 -5884 -944 -16876 -18440 22775
5180 -5746 -1378 -14269 -16010 20412
5666 -6048 -1546 -11746 -13492 18211
5780 -6072 -1477 -9367 -11127 15987
6022 -6161 -1253 -7426 -9070 13807
6125 -6865 -860 -5358 -7075 11863
5805 -7569 -634 -3034 -5413 10388
5777 -7890 -118 -461 -3938 9364
5724 -7932 388 1864 -2886 8285
6090 -8053 1281 3876 -1908 7327
6109 -7825 1873 5357 -1009 6140
6449 -7673 2704 6338 -213 4914
6236 -7708 3480 6728 153 3734
6029 -7573 4237 6734 -362 3228
5926 -7780 4858 6933 -1409 3007
5816 -7561 5098 7443 -2570 2558
6274 -7374 5646 8182 -3666 1858
7284 -7088 6082 8202 -4293 1104
7825 -6920 6212 7476 -4108 193
7900 -6708 5968 6671 -3135 -1365
8025 -7234 5773 6029 -1879 -3490
8040 -8448 5990 6146 -451 -5449
7404 -8566 5952 7057 745 -7078
6844 -8565 6349 8093 1326 -9018
6746 -8636 6460 9596 1484 -10944
6384 -8840 6080 11587 1572 -12751
6028 -8906 6046 14475 1318 -15185
6381 -7836 5628 17630 389 -17813
6381 -7062 5328 19456 -209 -21187
6674 -5984 5654 20555 -481 -24030
6812 -4614 5984 20681 -654 -26699
6654 -3492 6285 20631 -1315 -29120
6742 -3070 6165 20395 -1877 -31890
6766 -1754 6625 19581 -2423 -32768
7022 -781 6712 18942 -2542 -32768
7350 -982 6837 18176 -1835 -32768
7086 541 7604 14213 -709 -32768
7508 1714 8362 9592 -17 -32768
8521 2092 8165 8483 937 -32768
8977 628 7796 10954 1979 -32768
8881 1713 6357 16272 2253 -32768
8990 3810 4790 19660 2937 -32652
9050 6364 4526 20551 4298 -30442
8974 9290 4972 19310 6494 -27641
7677 10602 5610 18195 8068 -25355
6153 11189 5645 18387 7681 -23820
5933 11316 4748 20196 5744 -22294
6202 12034 3676 21899 3393 -20471
6168 13670 2673 22467 1398 -18213
6416 16038 2657 21033 134 -16248
6910 17252 3185 18413 -339 -14428
7653 17560 4016 15807 -551 -12838
8160 16677 4288 14070 -1043 -11376
8246 16394 3782 13549 -2119 -10037
8896 15622 3436 13807 -3088 -8840
9188 15892 2868 14292 -4065 -7549
9513 16160 2309 14039 -4742 -5961
9350 16872 2426 12250 -4806 -3860
9580 18681 3217 8296 -4550 -2085
9256 18969 3810 3301 -4485 -338
8909 18620 3985 -1380 -5001 1302
9176 17433 4413 -5311 -6236 3370
9274 16462 4689 -8244 -7231 5869
10057 15165 4520 -11181 -9120 8365
11264 14634 5409 -13278 -8717 10985
13206 14072 5805 -15988 -7192 13418
14160 12508 6618 -18320 -4813 15712
14034 11468 7052 -19500 -2594 17637
14348 9720 8357 -20051 -649 18967
14673 8158 8936 -19923 620 19484
13957 7221 9141 -19053 1352 19293
13360 7253 9758 -18818 1651 18824
12692 7326 9821 -19507 1342 18501
12416 5769 9518 -19567 1136 19503
13310 4308 9866 -20099 1795 21805
13753 3732 10168 -21546 3170 24615
13958 1857 10160 -22649 4798 26879
14077 324 9941 -22422 6555 28227
14321 -1306 9842 -20789 8801 28022
14577 -742 9846 -19112 11327 25386
13785 -20 10190 -18752 12814 21223
13196 -1557 10829 -17141 13180 16441
12974 -2366 11745 -14266 12710 11979
12464 -2236 12714 -11390 10970 8400
12462 -1760 13413 -9421 8899 5830
13520 -400 13569 -9456 7837 4511
14961 -546 13678 -9913 7985 4060
16213 222 13142 -11035 9736 4403
16966 236 12969 -12623 11874 4625
16148 -436 13188 -12968 13460 4764
15053 -606 13461 -12942 13977 4349
14565 -1321 13844 -11929 13479 3459
14524 -1290 14241 -10708 12637 2239
14622 -1158 14158 -10282 12046 1032
14813 -1468 14349 -9387 11615 -66
14769 -961 14782 -8619 11198 -697
15004 -444 15014 -8638 10731 -1035
14870 114 15222 -9275 10671 -1153
14365 -348 15250 -9288 10541 -1295
13813 -9 15300 -9010 10148 -1422
13144 -57 15664 -8209 9258 -1756
12844 776 15678 -7829 8625 -2309
13070 1269 15949 -7604 7922 -2677
13182 1502 15953 -7588 7608 -2857
12749 1850 16038 -7383 7197 -2804
12266 1944 16240 -7086 6625 -2792
12004 2266 16213 -7111 6144 -2802
11972 1980 16086 -6918 5750 -2741
11889 1645 16206 -6002 5469 -2752
11250 1841 15990 -5156 5035 -2762
10582 2148 15885 -4733 4645 -2814
10433 1956 15700 -4453 4200 -2758
10092 1816 15389 -4188 3900 -2620
9701 1513 15140 -4040 3817 -2489
9150 1198 15230 -3553 3417 -2266
8718 1132 15336 -3070 2820 -2046
8613 960 15198 -3018 2383 -1882
8774 624 15116 -2716 2157 -1841
8590 264 14946 -2095 1868 -1978
8314 114 15025 -1540 1599 -2051
8204 177 14789 -1258 1327 -1955
8554 -28 14474 -1202 1372 -1789
8436 -112 14336 -1306 1569 -1658
7899 -591 14215 -1038 1311 -1544
7896 -654 14191 -675 812 -1418
8148 -690 14090 -634 647 -1242
8096 -844 14012 -463 659 -924
8200 -755 14018 -416 576 -587
8449 -870 14058 -366 562 -398
8581 -962 14072 -322 586 -263
8429 -1117 13970 -341 573 -116
8299 -1369 13987 -434 324 21
8494 -1675 13924 -445 89 -20
8628 -1908 13817 -257 238 -149
8654 -2032 13756 -84 455 -266
8662 -2192 13993 128 545 -353
8577 -2205 14050 229 609 -309
8493 -2174 14234 63 510 -288
8416 -2157 14294 -142 278 -276
8401 -2264 14276 -367 109 -320
8505 -2334 14236 -328 -11 -405
8536 -2293 14086 -163 -101 -654
8510 -2190 13988 30 -242 -916
8540 -1917 13904 126 -359 -1109
8541 -1696 13874 -61 -423 -1156
8572 -1752 13986 -176 -531 -1052
8728 -1704 13866 -325 -491 -860
8676 -1685 13833 -597 -397 -703
8608 -1808 13717 -693 -338 -612
8554 -1788 13745 -775 -293 -522
8577 -1872 13738 -668 -211 -516
8614 -1878 13808 -501 -142 -636
8441 -1648 13740 -485 -190 -802
8453 -1598 13853 -454 -375 -899
8734 -1504 13733 -560 -391 -868
8802 -1620 13696 -800 -172 -806
8864 -1844 13653 -719 38 -820
8821 -1748 13510 -503 209 -1046
8696 -1681 13522 -203 31 -1345