8534 8449 15537 -3365 -16992 13118
8688 8058 14688 -3052 -17070 14389
8900 7760 14230 -3562 -17507 15036
9144 6720 13244 -4057 -17900 15784
9774 5466 12126 -4804 -17952 16787
10120 4216 11317 -5541 -17695 17772
10553 3070 10166 -5524 -16983 18187
10860 2744 9354 -5439 -15868 17977
10933 2518 8721 -5731 -15019 17602
10866 1678 8014 -5944 -14212 16634
11024 588 7353 -5343 -13269 16076
11072 130 7088 -4324 -12338 15808
11329 -42 6639 -3355 -11089 15704
11338 245 6430 -2247 -9677 15281
11109 472 6002 -1989 -8654 15279
11001 504 5824 -1960 -7830 15309
10957 -97 5569 -2067 -7016 15365
10476 -623 5126 -2071 -6328 14586
10573 -1356 5082 -1462 -5474 13430
10876 -2401 5148 -271 -4391 12789
11132 -2337 5789 1006 -2519 12105
10884 -2308 5816 1518 -946 11894
9955 -2667 6298 2416 -503 11549
9954 -3129 6785 3976 -1145 11023
9840 -3392 7186 5061 -1697 10565
10054 -3561 7434 5987 -1795 10286
9970 -3177 7658 6607 -1677 9870
9933 -3394 7829 6851 -1632 9331
10262 -3346 7980 7069 -1592 8596
10788 -3734 8174 7554 -1110 7714
10772 -3861 8153 8014 -489 6972
10592 -4026 8068 8299 -37 6259
10569 -4302 7508 8381 463 5278
10354 -4145 7714 8901 786 4265
9717 -4258 7880 9810 817 4263
9908 -3877 8221 10118 594 4174
10025 -3564 8570 10195 129 4198
10248 -3114 8873 10056 -7 4126
10160 -2518 8910 9620 -37 3766
10397 -2752 9106 9181 145 3019
10477 -2585 9080 8923 344 2008
10708 -3689 8836 9093 894 1111
10680 -3998 8682 9624 2083 383
10397 -3581 9133 10251 2782 -9
10086 -3200 9746 10149 2707 -215
9965 -3369 10176 10144 2001 -648
10621 -3444 10734 10366 1275 -1296
10965 -3152 11273 10470 623 -2519
11066 -2749 11574 10811 87 -3803
11232 -2482 11586 11238 -306 -4999
11090 -2098 11644 11724 -773 -6034
11308 -2236 11574 12425 -930 -6831
11413 -2430 11477 13177 -585 -7208
11336 -2506 11104 14595 442 -7604
11034 -1045 10382 16505 851 -8742
10804 -785 10506 18771 1044 -10508
10510 -470 10498 20685 910 -12592
9888 740 10294 21620 288 -14593
9258 1162 10329 22023 -709 -15885
8554 1801 9768 21875 -1985 -16806
8240 1918 9276 22036 -2727 -17178
7848 2252 8788 22380 -3018 -17834
7381 3333 7928 21797 -3500 -18766
7496 3569 7172 21364 -3556 -19736
6921 4873 6786 20033 -3734 -21649
6897 4877 6425 20497 -4234 -23022
7642 3902 6486 22117 -4148 -23097
8220 3216 6078 24107 -3421 -22250
8380 4858 5496 25315 -2648 -20243
7457 5992 4794 25886 -1952 -18708
6220 7565 4568 25839 -1740 -17457
4768 10157 4474 24436 -2465 -17073
4828 12014 4581 22334 -3280 -16559
4958 13104 5078 20327 -3750 -15801
5253 12248 3802 20086 -4422 -15114
6841 13740 3776 19093 -3875 -13631
6088 13873 3372 18507 -3978 -12359
6414 14645 2700 17770 -4421 -11429
6174 14986 1913 16767 -5234 -10732
5993 15040 1216 16040 -6123 -9995
7148 15672 545 14817 -5835 -9394
7684 16904 500 12735 -4563 -8404
8504 17980 940 9941 -3454 -7581
8976 17813 1293 7297 -2017 -6149
8510 18210 1533 5054 -1274 -4495
8049 18702 2073 2544 -1565 -3030
7856 18717 2594 421 -2498 -1314
7962 18361 2970 -1194 -4056 -252
8164 18081 2921 -2834 -5285 1324
9350 17733 2534 -5215 -5627 2598
9638 17205 2637 -7356 -5509 4446
10610 16780 3056 -10170 -4825 6214
10594 16714 3805 -13037 -3917 7989
10345 16154 4208 -15492 -2853 9773
10497 15378 5032 -17165 -1741 12084
11146 14285 5498 -17640 -748 14351
11060 13510 5837 -17046 519 16176
11676 13009 6146 -16090 2397 17302
12404 13201 6400 -15784 5188 17429
13169 12529 7056 -15814 7957 17449
12920 11146 7734 -16110 10023 17645
12260 9874 8736 -16256 10952 18187
11942 8986 9304 -16651 10550 19459
11154 8421 9830 -17303 9598 20969
11562 7509 10192 -18459 8979 22529
12941 6972 10682 -19220 9332 23588
13810 6354 10866 -20207 10006 24149
14209 5466 10440 -21208 11387 23893
14293 3578 10782 -20679 12793 23747
14117 2941 11626 -19934 13687 22617
13717 1902 12980 -19251 12887 20839
12613 624 13801 -18348 10842 18450
12373 -1158 14580 -16459 8003 15991
12841 -1410 14950 -15100 5204 13863
13384 -2086 14692 -14123 3656 12209
14177 -2106 14050 -13178 3693 10747
15620 -2193 13689 -12753 4923 9564
15788 -1878 13616 -12652 6798 8752
15414 -2369 13809 -11444 8073 7875
15077 -1409 13878 -11074 8631 6993
14361 -1446 14212 -11258 8638 6313
15165 -2009 14417 -11199 8944 5799
15229 -2104 14558 -10963 9335 5277
15020 -2177 14772 -10787 9656 4829
14997 -1810 14966 -10556 9854 4392
14592 -1820 15069 -10504 10025 3715
14281 -1692 15216 -10006 9703 3035
14006 -1913 15170 -9854 9527 2312
13572 -1710 15605 -9263 8983 1775
13289 -1293 15786 -8752 8218 1067
13517 -464 15618 -8732 7911 358
13722 -434 15589 -8658 7880 -208
12961 209 15277 -8994 7964 -392
12112 -94 15410 -8932 7549 -586
11294 14 15741 -7984 6482 -835
11169 818 15681 -7760 5426 -1222
11140 1236 15741 -8011 4721 -1637
11244 1186 15585 -8035 4365 -1837
11112 1092 15380 -7577 4283 -1981
10690 1260 15354 -7093 4119 -2151
10060 1338 15341 -6607 3614 -2347
9626 1058 15302 -6135 2934 -2515
9673 1104 15313 -5691 2347 -2660
9692 1214 15208 -5510 1983 -2815
9602 1232 14825 -5336 1850 -2868
9288 814 14658 -4987 1787 -2884
8785 693 14606 -4357 1534 -2852
8296 645 14394 -3905 1074 -2722
8214 390 14254 -3503 533 -2545
8310 -34 14142 -3244 221 -2650
8257 -381 13832 -2927 1 -2749
7965 -521 13698 -2524 -75 -3007
7922 -549 13774 -2067 -352 -3045
8366 -648 13682 -1876 -344 -3054
8598 -880 13672 -1572 -197 -2977
8390 -877 13414 -1281 -27 -2763
8090 -784 13385 -1126 -6 -2440
7974 -820 13341 -945 -245 -2042
7881 -708 13220 -1103 -507 -1641
8261 -1176 12985 -977 -600 -1224
8552 -1424 12794 -970 -388 -930
8518 -1782 12672 -939 -26 -813
8289 -1922 12690 -744 132 -770
8084 -2028 12670 -482 148 -737
8172 -2053 12822 -290 93 -634
8465 -2211 12855 -139 52 -588
8793 -2389 12994 -136 219 -544
8809 -2556 13005 -228 485 -368
8733 -2713 12974 -311 681 -227
8454 -2705 13085 -460 738 -227
8358 -2998 13213 -386 482 -443
8570 -3093 13241 -236 242 -812
8798 -3070 13214 -239 229 -1163
8920 -3158 13177 -205 322 -1352
9048 -3172 13305 -208 435 -1282
9001 -2950 13309 -424 522 -1250
8914 -2940 13384 -647 465 -1232
8837 -2844 13256 -880 316 -1217
9038 -2942 13297 -961 251 -1268
9190 -2821 13178 -942 283 -1337
9153 -2704 13090 -935 371 -1421
9078 -2741 13001 -910 387 -1523
9008 -2592 12954 -860 423 -1670
9120 -2356 12896 -892 421 -1798
9258 -2306 12804 -968 607 -1782
9386 -2076 12793 -1114 813 -1586
9381 -1972 12866 -1295 966 -1408
9386 -2125 12968 -1179 994 -1332
9394 -1953 13029 -1123 1018 -1308
9428 -1941 13121 -1086 1081 -1274
9628 -1761 13145 -1094 1101 -1148
9702 -1772 13201 -1250 1216 -907
9553 -1877 13192 -1341 1215 -687
9496 -2238 13310 -1267 1138 -560
9425 -2353 13206 -1058 1005 -579
9290 -2482 13296 -938 752 -710
9380 -2556 13316 -748 488 -933
9594 -2444 13142 -556 334 -1198
9506 -2360 13070 -441 238 -1472
9622 -2414 13046 -212 135 -1754