9907 -252 15137 864 551 -1098
9862 -11 15328 1403 -56 -1617
9836 180 15248 1829 -377 -2283
9841 294 15473 2516 -763 -2996
10060 605 15694 2907 -1152 -3607
9819 860 15551 3118 -1495 -4229
9770 1094 15530 3510 -1700 -4561
10369 1620 15671 3766 -1563 -4941
10628 1792 15676 4039 -1248 -5378
11098 2088 15958 4920 -785 -5708
11346 2200 16154 6294 -82 -6003
11842 2291 16355 7654 810 -6017
11904 2985 16368 8131 2376 -6203
9335 4194 16299 8468 3752 -6795
8016 4821 17718 9114 2796 -6852
9274 4277 19117 10257 747 -6823
11797 4160 19920 12659 -439 -7484
13704 4176 20170 16057 904 -8705
14413 4409 20886 18027 2978 -9273
13320 4360 20049 19187 5365 -9633
9807 6151 18825 21302 6337 -9685
6725 9302 20350 22203 3625 -8347
5488 11274 21185 19666 -1977 -5389
6160 11561 22024 17461 -7498 -1703
9046 11804 22197 15318 -11138 1527
11066 11811 20592 12456 -12098 5066
11857 11632 18737 9026 -11305 8791
10664 11892 16632 5565 -10291 12401
9606 12202 16106 2269 -10363 15299
9476 11279 15596 -2651 -12129 18824
10002 8648 14378 -7017 -14078 22278
10148 6714 12754 -9730 -14701 24691
10778 4401 11173 -11671 -14457 26423
10881 2974 9239 -13784 -12982 26706
10878 1780 7740 -15186 -11638 25495
10987 -468 6592 -14735 -10444 23944
11421 -2070 5634 -12450 -8831 22354
10789 -1568 4856 -11398 -8032 21630
10485 -1723 3828 -11297 -7579 21163
10539 -1559 2866 -11405 -6266 20534
10338 -1382 2306 -12111 -5221 19445
10454 -2211 1732 -12876 -3914 17502
10325 -2709 1269 -13112 -2002 13867
11081 -3963 1521 -11998 463 10644
10204 -4687 1849 -10214 2614 8061
10039 -6149 2346 -6591 3958 6145
9716 -6060 3552 -2307 4010 4730
9518 -5758 3906 369 4047 4062
9184 -4942 4096 2532 3429 3598
9360 -4546 4474 4054 2687 3131
9717 -3785 4950 4554 2453 2654
10417 -4228 5571 4671 3850 1874
10090 -4322 6240 4885 4967 686
9341 -4702 6821 6270 4561 -1129
9114 -5628 7256 8706 3287 -3676
9043 -5930 7782 11146 1868 -6509
8741 -5271 8224 13582 -35 -10486
8838 -5464 7938 15113 -878 -13748
7749 -4984 7434 16216 -1381 -17198
7165 -4529 7653 17397 -1570 -22230
6831 -3824 7481 18612 -1200 -27595
5105 -2284 7088 18326 -1534 -32124
4938 -2741 7193 18820 -2517 -32768
5704 -3031 7638 22172 -3449 -32768
6838 -2149 7169 28234 -3354 -32768
7534 1015 6602 32337 -2443 -32345
7207 5077 5600 32767 -831 -29745
6576 8742 5608 31302 155 -27300
6179 10225 5921 27538 347 -24881
5624 11974 5851 23464 -84 -22040
5140 12213 5552 21106 -1156 -19828
4197 12533 4813 20623 -2534 -18273
4193 13262 3936 20760 -3999 -16958
4638 14346 3130 20654 -4985 -15868
5790 15364 2884 20018 -4593 -14919
6416 16420 2766 17798 -2782 -14284
6164 16687 3038 15755 -1671 -13683
6146 16405 3373 15369 -2160 -12834
6368 16233 3489 15676 -2960 -12016
6540 16716 3144 16075 -3686 -11457
6796 17213 2293 15610 -4108 -11001
7062 17818 1818 14350 -4276 -10570
7760 18152 2137 12189 -3654 -9919
8057 18480 3010 9650 -3461 -8919
7530 18262 3372 8532 -4258 -7730
7222 18012 3200 7701 -5751 -5843
6622 18061 2790 6192 -7589 -3143
6207 18137 1861 3829 -10082 -373
6660 18103 870 -723 -11476 2813
7201 17838 -64 -6017 -10837 5224
6956 17532 -702 -9820 -9471 6482
7854 16960 32 -14414 -7066 6837
7652 16061 646 -16971 -5148 6723
8248 15417 1541 -17358 -3929 6703
8665 15130 2624 -16637 -3342 6950
8738 15695 3270 -15953 -3183 7078
9621 16269 3873 -16461 -2998 7565
10316 16213 4138 -17893 -2573 8186
11295 15115 4694 -19565 -1665 9434
10466 14586 4649 -23228 -1540 10406
10474 12822 4990 -25017 -1536 10966
11212 11594 4986 -25707 -1241 11235
11376 9705 6047 -25189 -1431 12066
12696 9593 7249 -24676 -1007 12451
12692 10170 7884 -23740 262 13129
12876 10592 8880 -21855 1468 14196
13098 10885 9384 -20958 2160 15691
12750 12008 9916 -21583 2478 17160
12562 11436 10094 -23053 2395 18689
13667 8329 10208 -22637 2592 20981
13897 5471 10347 -20391 3082 23143
14957 4841 10354 -18116 4601 24170
18400 4692 11994 -16498 5016 21056
16757 4162 11028 -14693 6514 20511
16734 3638 11606 -12315 9500 18384
17073 2353 12165 -12568 9482 17703
16516 2778 12674 -11706 9539 15319
15211 2537 12331 -10950 8703 14356
15214 2328 12374 -9094 8554 14075
17122 1536 12330 -9483 9104 12746
16356 1515 12881 -9726 8964 10482
15797 965 12926 -8980 9289 8960
15545 1237 12928 -9123 9152 7949
15524 1584 12730 -9469 9074 6938
14806 1005 12780 -8729 8804 6288
14633 1398 13141 -7707 8783 5986
15009 1724 13464 -7937 8591 5421
14649 1437 13677 -7834 8261 5032
14016 1523 13598 -8084 7985 4913
13426 1124 13639 -8265 7702 4727
12980 1170 13720 -8292 7076 4433
12594 950 13642 -8369 6636 3759
12321 793 13568 -8431 6319 2991
11940 732 13649 -8304 6048 2190
11964 825 14044 -7862 5696 1617
12012 837 14152 -7684 5214 1051
11634 310 13964 -7516 4491 421
10988 164 13780 -7529 3564 -647
10368 825 14229 -7186 2496 -1725
10485 1758 14544 -7230 1668 -2480
10636 1972 14762 -6991 1026 -2901
10831 2092 14956 -6336 359 -2877
11360 1660 14962 -5141 -190 -2273
11897 1560 14804 -4252 167 -1713
11433 1464 14317 -3963 500 -1495
10954 1300 14052 -3269 569 -1491
10518 1218 13740 -2683 421 -1668
10098 801 13629 -2216 102 -1715
9574 828 13560 -1962 -182 -1606
9360 393 13316 -2014 -493 -1486
9541 -241 12961 -1974 -523 -1406
9430 -732 12602 -1877 -253 -1625
9460 -1061 12475 -1659 60 -1919
9530 -1438 12480 -1262 462 -2132
9090 -1481 12629 -1067 440 -2029
8893 -1425 12638 -994 241 -1776
9201 -1628 12604 -820 114 -1506
9430 -1842 12505 -595 253 -1390
9321 -1519 12449 -809 561 -1230
9524 -1595 12740 -971 657 -1170
9818 -1559 12985 -954 911 -1181
9234 -1214 13041 -1478 1034 -1346
9016 -1384 13422 -1424 699 -1475
9580 -1688 13562 -694 202 -1468
10018 -1229 13533 -352 30 -1522
10012 -978 13276 -554 151 -1470
9690 -1165 13105 -568 192 -1345
9518 -1304 12894 -313 326 -1235
9664 -1138 12804 -287 283 -1224
9925 -884 12831 -314 101 -1306
9702 -729 12566 -417 -20 -1219
9686 -626 12573 -493 -78 -1040
10118 -531 12420 -387 -30 -940
10388 -515 12215 -144 390 -841
10346 -645 12192 -36 867 -577
10131 -576 12286 -322 1191 -170
10103 -725 12438 -524 1195 254
10072 -888 12592 -613 1136 382
10090 -974 12483 -644 1123 458
10134 -1146 12567 -780 1138 407
10285 -1485 12720 -530 1117 300
10341 -1454 12705 -463 1216 207
10426 -1340 12872 -566 1289 99
10304 -1405 12910 -654 1217 -68
10162 -1709 12950 -360 1039 -134
10376 -1614 12978 -137 924 -207
10393 -1394 13034 -172 813 -353
10350 -1221 13120 -188 681 -508
10198 -1074 13145 -268 363 -742
10338 -1313 13278 -14 55 -800
10636 -941 13239 75 -7 -762
10730 -581 13209 -237 -62 -646
10689 -614 13056 -447 -77 -436
10650 -656 13048 -466 -63 -278
10596 -729 13029 -352 -57 -173
10397 -857 12882 -195 -111 -182
10342 -965 12886 89 -249 -351
10238 -813 12817 290 -379 -463
10276 -688 12773 378 -575 -649
10490 -760 12726 551 -588 -756