-6362 15476 17704 -1552 -6378 9098
-5622 15820 16602 -1533 -7650 10778
-6024 15621 16084 -367 -9089 12405
-6030 15518 14874 1217 -10490 14856
-5864 17457 15404 3723 -13256 18254
-6228 19986 17126 4863 -17712 21496
-5856 20056 18044 4210 -20504 22577
-4837 20014 18684 -461 -22107 22212
-3200 19886 18674 -6623 -23026 22600
-1161 17786 17598 -9797 -22857 23095
-138 16109 16606 -8708 -21915 23747
180 15153 15597 -6519 -21333 24436
688 13569 14720 -4680 -21301 25346
990 12836 14016 -3752 -21526 26313
1274 12861 13585 -3755 -21938 27366
1890 13222 13008 -4033 -21584 28167
2410 12872 12672 -4542 -20397 28809
2633 12434 11478 -5337 -19326 29412
2656 11285 10121 -5523 -18373 29961
3046 9925 8966 -5119 -17394 30324
3156 9377 8060 -5070 -16497 30570
3302 9241 7698 -5866 -16048 30508
3405 7852 7330 -7454 -16789 30089
3849 7125 7456 -9424 -17403 29812
4049 6969 7532 -11414 -16983 29645
4541 5925 7134 -12866 -16084 29449
4894 3618 6758 -13582 -14791 29263
5138 2949 6525 -13521 -13271 28690
5269 2116 5968 -12694 -12225 27903
5494 1173 5702 -12014 -11321 27091
5533 718 5730 -12040 -10917 25895
5408 288 5560 -11773 -10996 24369
5634 -1488 5156 -11059 -10993 23254
5917 -2609 4677 -9395 -10725 22348
6088 -3392 4204 -6797 -10303 21497
6526 -3696 4437 -4310 -9182 21006
6808 -3676 4958 -2299 -8378 20370
7129 -3354 5202 -1370 -7754 19523
7172 -3569 4582 -1434 -6609 18293
7526 -4526 3945 -431 -5480 16827
7685 -5665 3421 1287 -4559 15773
7618 -5860 3324 2692 -4012 14895
7685 -5221 3698 2944 -3394 14154
8001 -5266 4337 2135 -2996 13753
7970 -5328 5060 591 -2508 13509
8108 -5824 5414 -1208 -2337 13324
8161 -6850 5646 -2607 -2385 12935
8266 -7477 5748 -3534 -2441 12502
8045 -8142 5732 -3861 -2554 11628
7849 -8764 5581 -3688 -2627 10492
7780 -9770 5937 -3319 -2813 9336
7642 -10104 6234 -2710 -3123 8075
7758 -10842 6556 -1936 -3361 6810
7776 -11453 6745 -1078 -3516 5529
7756 -11680 6766 -253 -3576 4361
7848 -11125 7240 -48 -3682 3295
7469 -12792 6293 1325 -4079 626
7037 -13645 6405 2570 -3470 -205
7129 -12677 6193 3251 -3291 -1163
6692 -12564 6089 4007 -3257 -2373
7108 -11797 5461 4987 -3514 -3437
7410 -11776 5113 6798 -4053 -4394
7208 -11520 4866 9376 -5140 -5486
7036 -11424 4472 11719 -5891 -6542
7878 -11678 4496 17130 -5866 -9368
8518 -11956 3754 24464 -3983 -12803
7882 -12119 2768 30738 -749 -15837
6994 -9758 2126 32767 2354 -18955
6377 -6738 2097 32767 3865 -20999
5929 -3817 2632 32767 5287 -23085
5156 -1474 3514 32767 6198 -24674
4686 274 4332 30157 6910 -25217
4184 1826 4906 24251 7575 -25393
4113 1921 5073 19089 7997 -25364
4321 1977 4788 16067 8061 -25280
4504 2232 4405 14572 7899 -25035
4542 2454 3976 14863 7869 -24609
4388 3361 4206 15612 8437 -23935
4410 5428 5284 16304 9052 -24116
4658 6642 6741 15783 9468 -24983
5030 7849 8438 13872 9910 -25887
5084 9362 10320 10362 10258 -26343
5141 10525 11758 6192 10085 -26427
5493 11068 12786 2545 9695 -26586
6036 11296 13816 -328 9192 -26509
6396 11617 14845 -2423 8420 -26333
6932 12457 16189 -3864 7792 -26000
7299 14324 18436 -6864 7348 -24925
7430 15920 20344 -11183 7071 -23624
7908 16244 21462 -18033 5999 -21826
7982 15674 21528 -24578 4595 -20040
7872 14260 21140 -30291 2941 -17873
7788 11178 19934 -32132 1592 -15625
7597 8647 19952 -28308 1955 -14567
7580 8393 19715 -24073 2872 -13357
7481 8497 19461 -21576 3058 -12870
7608 8866 19890 -19450 4064 -12903
7488 9591 20037 -18104 6107 -13007
7129 9386 19380 -18358 7335 -11978
6717 8582 18710 -18507 7181 -11063
6198 7705 18025 -17717 6720 -10473
5340 6984 17164 -15923 6544 -10041
4558 6602 16685 -12612 6735 -10198
4145 6328 17268 -7570 6918 -10708
3685 8228 18731 -7381 7733 -10780
3328 9249 19426 -10845 8317 -10104
3338 7993 18492 -11385 8220 -9167
2199 6884 17284 -7285 7391 -8881
1708 6964 17140 -3864 6710 -8989
1092 7276 17156 -1315 6534 -8933
922 8589 17622 -294 7264 -8778
705 8998 17494 -460 8206 -8955
473 8966 17028 -514 8601 -9147
-200 8700 16876 453 7754 -9533
-770 8124 16166 2171 6681 -10181
-1291 7496 14968 5123 6561 -10857
-1737 7689 14613 9242 5818 -11477
-1850 8800 14502 10949 5589 -11177
-1454 10536 15075 10777 5225 -11005
-1076 11550 15894 8365 5740 -10904
-662 11422 15990 6132 6606 -10108
-722 10796 15939 4650 7453 -8750
-1024 10560 16140 3763 8110 -7550
-1410 10356 16076 2440 8626 -5751
-1880 10170 16513 792 8662 -3394
-2109 9910 16830 -586 8129 -2095
-2862 9032 17625 -1334 5678 -1218
-3734 8945 19908 -3071 436 -1239
-3452 8901 20861 -4777 -2171 -753
-2437 7581 20637 -5409 -3690 -299
-2164 5544 19784 -3460 -4667 -818
-1959 5359 19575 -1668 -4924 -964
-1460 5513 19581 147 -4156 -1127
-1155 5319 18874 1046 -3024 -1392
-1021 4980 18136 995 -2282 -1452
-1080 5052 17334 794 -1770 -1533
-1341 4932 16532 822 -1584 -1650
-1469 5072 15683 1005 -1144 -1869
-1766 5114 14977 1326 -840 -2312
-1804 5284 14712 1754 -699 -2565
-1690 5631 14344 2112 -450 -2755
-1455 6070 14517 2616 -233 -2649
-1045 6625 15246 2388 94 -2237
-802 6742 15708 1765 620 -1754
-657 6816 16132 1126 1389 -1171
-581 6581 16673 603 2027 -671
-667 6464 17114 109 2361 -372
-922 6465 17576 -216 1603 -356
-972 6308 17560 -225 1140 -235
-856 6206 17764 76 720 -205
-621 5750 18309 1191 141 -355
-370 6206 18704 1880 -291 -455
-224 6688 18565 2148 -462 -633
-145 7010 18233 1726 -387 -812
-121 7296 17826 1018 -106 -893
-30 7519 17611 159 499 -803
-49 7680 17436 -659 1192 -592
-198 7702 17136 -1264 1670 -324
-577 7353 16821 -1646 2120 14
-741 6747 16411 -1514 2469 338
-888 6507 16355 -957 2507 485
-984 6654 16402 -770 2496 395
-1105 6746 16220 -826 2213 274
-1124 6609 16096 -925 1896 187
-1144 6509 16085 -876 1523 145
-1119 6451 16037 -774 1253 112
-1076 6622 15986 -753 1050 0
-1144 6785 15910 -778 715 -231
-1218 6806 16073 -822 752 -246
-1268 6752 16144 -727 815 -134
-1232 6884 16245 -601 899 -91
-1258 6816 16372 -612 1111 14
-1337 6727 16301 -782 1245 31
-1465 6737 16170 -915 1030 31
-1643 6458 15914 -807 809 -18
-1611 6363 15908 -439 852 -61
-1601 6199 16073 -191 958 -65
-1618 6256 16358 -202 768 -45
-1614 6400 16298 -339 644 -19
-1740 6262 16329 -481 315 -5
-1693 6176 16385 -539 117 -14
-1533 6200 16405 -428 174 -52
-1383 6310 16620 -134 368 -103
-1290 6436 16760 110 488 -158
-1333 6459 16686 91 462 -202
-1434 6426 16554 120 230 -227
-1474 6593 16616 168 40 -247
-1436 6737 16470 237 79 -266
-1380 6785 16364 372 140 -226
-1348 6804 16456 380 158 -204
-1500 6738 16433 233 264 -115
-1531 6570 16294 -38 295 0
-1498 6402 16310 -124 267 106
-1565 6298 16268 -219 276 117
-1582 6111 16180 -72 216 56
-1604 6155 16196 150 115 -46
-1598 6378 16142 127 2 -81
-1502 6612 16018 40 -90 -75
-1498 6800 16119 -78 -151 -83
-1447 6996 16115 -95 -247 -88