4288 1980 16201 3726 -2623 -4238
4506 1844 16400 3117 -3095 -4215
4454 1614 16261 2814 -3464 -4418
5128 1613 16517 3048 -3938 -4788
6033 1327 16787 3245 -4355 -5681
6628 1449 16825 3855 -4558 -6860
7647 1730 17299 4902 -4324 -8176
8556 1856 17935 6277 -3861 -9229
9210 2520 18637 7616 -3600 -9991
9496 3004 19044 9043 -3603 -10527
9648 3040 19418 10568 -3881 -11007
9686 3217 19739 12884 -4484 -11670
9755 4077 20160 16098 -5843 -12923
11038 4624 20778 20388 -7161 -15398
12060 5717 20460 24331 -7920 -17687
13285 6772 19838 29293 -6935 -19717
13169 7630 18299 32698 -3405 -21317
12834 9597 16660 32767 2301 -23500
12213 12357 15323 32767 9835 -25211
10362 16190 13692 32767 18138 -24929
8069 19832 12950 32767 23841 -21818
4650 24022 11746 32767 27768 -16312
1440 27710 9880 32767 28128 -10463
-888 30021 9139 32767 26622 -2402
-2075 32444 8762 30966 22479 7119
-2108 32056 8596 19711 17775 15024
-1298 30409 8187 7200 14266 21567
-453 27817 8282 -3187 11016 26244
-22 24637 8032 -10144 8176 28360
1085 21901 8397 -13675 6048 29622
1014 20884 8141 -15913 3740 30581
760 20000 7488 -19649 759 32522
680 19384 7044 -22896 -1467 32767
1110 19735 6121 -28630 -3717 32767
1385 19549 4539 -32768 -5297 32767
234 18662 2832 -32768 -6140 32767
681 12829 1640 -32768 -5840 32767
2336 6302 2193 -32768 -5241 32767
3253 2753 2910 -32768 -6167 32767
2822 2383 2862 -32768 -9826 32767
3631 2301 1159 -32768 -11839 32767
3325 351 -361 -32768 -11481 32767
3614 -998 -1042 -32768 -9713 32767
4734 -2882 -831 -32657 -6614 30933
6533 -4798 82 -29841 -2473 27047
6714 -5489 680 -26237 87 24291
5873 -6204 2048 -21766 790 21784
5553 -7053 2530 -16972 819 19615
4796 -5412 3615 -13446 -610 17692
4882 -5654 4192 -12369 -2745 15982
5560 -6294 4799 -12142 -4009 14743
6721 -7862 5537 -12185 -4081 13324
7927 -9226 6287 -11921 -3647 11589
8140 -10664 6272 -10755 -3610 9212
8324 -11361 6192 -9108 -3483 7009
8260 -11675 5928 -6755 -3422 3694
8091 -12273 5258 -3038 -4384 -737
7622 -12476 4442 1097 -5519 -5781
8405 -12422 4029 4706 -6095 -9803
8648 -12222 4678 8062 -6283 -13518
8820 -11946 5138 11611 -6239 -16784
8046 -10644 4734 15571 -5564 -20122
7447 -6715 3851 17414 -4596 -23349
7294 -5220 3648 17255 -3481 -25864
6549 -4164 3765 16632 -2961 -27335
5970 -2216 3794 14838 -2825 -28195
5884 -832 4152 12807 -3101 -28875
6200 -408 4284 10639 -3739 -29854
7504 -643 4589 8703 -3819 -32198
8090 -585 5041 9297 -2319 -32768
9308 1523 5437 9719 756 -32768
8664 3097 5573 9228 2719 -32768
7045 3540 5965 9322 2379 -32768
6669 3712 6224 9875 952 -32768
6965 4262 6518 10603 -1039 -32768
7490 5392 6536 11452 -1862 -32768
9132 6855 6055 12788 -724 -32768
9378 8040 5532 13622 2834 -32768
8444 9116 4832 13997 5299 -32768
6896 9998 4332 15950 6664 -32768
5701 9843 3735 20399 6242 -32338
5474 11604 3472 23451 4626 -30844
5297 14018 3152 23772 3863 -29578
5136 15980 2712 22670 3701 -28252
4641 16521 2228 22234 3846 -26722
3632 17374 2254 21656 3393 -25178
3377 17802 2020 21010 2305 -24073
3588 19060 1466 19459 1186 -22613
4561 20397 1086 17829 667 -21038
5314 20839 1554 15863 1452 -19135
4937 20134 1798 15465 2186 -17865
4091 20303 1950 15676 2014 -16978
3737 20807 1473 15198 706 -15746
3987 20758 1063 14254 -388 -14124
3618 21046 770 13347 -901 -12726
4059 21431 674 11393 -862 -11453
4062 21103 720 8759 -474 -9938
3805 20526 781 6861 -602 -7857
3993 20570 970 4613 -874 -4481
4205 21465 1629 1099 -569 -1076
3755 20954 2097 -2967 -240 1891
3840 19708 2806 -6736 -22 4617
3961 18948 3029 -9769 -259 6485
4504 18800 3596 -11852 -666 7973
5374 19272 4096 -14718 -782 9474
6057 18946 4808 -17609 -288 11059
6644 17768 5574 -19705 48 13124
7048 17292 5852 -20819 -50 14787
6824 16542 6235 -22743 -491 18144
7578 16141 6545 -25772 -1040 21690
7944 14914 6842 -27190 -1296 24117
11165 13761 7530 -28894 781 27241
7609 15624 6232 -24668 -1472 28242
10941 11996 6941 -24200 -517 27679
10468 13132 7676 -20929 1918 27027
10453 10622 7279 -21631 2662 27300
11913 8669 7988 -21096 6106 26697
12347 9169 8846 -19615 10880 24268
12112 9980 9712 -19060 11743 21232
10842 9804 10453 -20885 11314 17958
10869 9074 11362 -25124 9074 16762
13297 7306 10356 -26510 9743 17268
15044 7220 12702 -23731 6511 12952
13258 5658 12936 -19409 4698 12897
15666 4251 13505 -17404 8108 10182
13328 3104 13026 -15414 7577 7352
13545 4014 13760 -11951 8481 6828
14713 4004 14003 -10955 8128 4319
13945 4743 13888 -11029 8691 3209
13905 3613 13609 -12188 9593 3578
13177 3100 13366 -13935 10054 3745
12290 2460 13142 -14923 10715 3463
11494 1769 13100 -14929 11399 2960
11194 1698 13282 -15140 11492 2509
10929 1504 14164 -15176 11575 2794
10872 1346 15190 -14806 11149 3662
11218 1490 15953 -14535 11026 4265
11506 974 16936 -12799 11051 4351
12409 1669 17658 -11517 11164 3389
12218 2300 18268 -11106 11053 2018
12017 2359 19206 -9879 10341 723
11778 2907 19823 -8881 8983 186
11694 2796 19680 -8318 7745 -453
11153 3036 19329 -7622 6545 -1410
10729 3052 18818 -6967 5780 -1974
10434 3228 18457 -6412 5392 -2090
9714 3226 18021 -5775 4988 -2005
8988 3573 17536 -5414 4605 -1850
8314 3549 17328 -5251 3965 -1831
7904 3348 16982 -4852 3356 -1783
7684 3477 16678 -4442 3130 -1633
7469 3396 16389 -4191 3115 -1438
6866 3356 16085 -3719 3065 -1232
6397 3280 15913 -3229 2877 -1039
6158 3274 15828 -2788 2629 -934
5832 3339 15678 -2566 2375 -656
5690 3134 15609 -2320 2300 -234
5794 2825 15710 -2106 2231 -6
5393 2785 15694 -1956 1996 213
5318 2473 15584 -1643 1771 324
5785 2345 15645 -1535 1852 258
5845 2122 15656 -1451 1963 91
5060 1934 15713 -1358 1676 54
5304 1781 15801 -1285 1234 -68
5549 1544 15740 -1173 1079 -233
5200 1194 15664 -931 867 -226
5738 1264 15602 -654 693 -240
6116 1145 15597 -600 793 -377
5629 1137 15533 -688 776 -299
5371 1096 15596 -863 456 -211
6099 814 15446 -675 270 -202
6324 820 15225 -664 463 -201
5973 778 15125 -973 689 -126
5825 517 15323 -1143 571 78
6292 226 15321 -1183 449 83
6363 -48 15108 -1046 623 -5
6059 -312 15185 -838 815 -100
5874 -144 15005 -742 857 -113
5730 -102 15068 -812 731 -151
5861 -186 15110 -693 539 -307
5906 -182 15088 -557 503 -496
5842 -74 14986 -596 643 -555
5979 -54 15024 -515 719 -351
6196 -214 15054 -99 1002 -165
6257 -205 15138 432 1476 -11
6332 244 15238 612 2095 133
6207 441 15404 534 2656 244
5787 294 15944 454 2436 579
5156 105 16068 443 1334 912
5481 -56 15827 411 419 1053
6216 -279 15530 402 105 835
6358 -402 15318 567 306 523
6120 -215 15185 525 598 299
6084 -96 15266 394 697 260
6164 -134 15328 301 719 183
6138 -79 15324 134 642 155
6120 -186 15268 58 459 152
6188 -161 15258 5 358 25
6403 18 15152 -22 467 -185
6593 138 15302 18 681 -246