6774 4533 16644 21402 2127 -16283
6365 5581 15817 23727 2916 -17519
6690 6940 15572 26385 4311 -18558
7614 8514 15616 28584 5762 -19608
8373 10581 15812 31626 9267 -20975
7676 12900 15960 32767 13950 -22627
6808 14302 15886 32767 16409 -23580
4872 16458 15292 32767 18501 -23190
3502 18428 14712 32767 20631 -21493
439 21559 14209 32767 18831 -17328
-2254 24520 14630 32767 13796 -11226
-1573 27501 15276 31485 8089 -3170
-1288 29810 16042 24181 3307 3692
-156 29680 16490 18180 488 5578
1090 27108 16810 14717 -831 6736
1460 25517 16432 12064 -2205 8727
1702 24256 16532 10777 -3113 10976
2213 23868 16719 9740 -3614 14271
2013 24737 16780 7999 -4613 17808
1734 25418 16889 5669 -6469 20626
1118 26589 16677 677 -8961 23794
1400 25341 16384 -5018 -11248 26525
1914 23932 15448 -11058 -13077 29474
2820 21556 14582 -16282 -13922 32321
3232 19946 13724 -20636 -14384 32767
3208 16886 12236 -24040 -14208 32767
4100 12904 12226 -24065 -13133 32767
5142 10617 11780 -23396 -11994 32767
4921 8941 11440 -22141 -11729 32767
5277 6502 10090 -20294 -11828 32767
5248 6748 10336 -20557 -13270 32767
5060 6437 9249 -22406 -16406 32767
5744 3964 7510 -22161 -17682 32767
6529 5744 5781 -23664 -17535 32767
6784 3712 4585 -25030 -16768 32767
7482 1558 3502 -24353 -15530 32767
7658 1416 2680 -24450 -13260 32767
7470 1661 970 -24256 -10944 32767
7460 1270 786 -23726 -8651 32767
7016 1320 -2 -23141 -7007 32767
6421 953 376 -22489 -6104 31646
6664 -70 700 -21411 -5890 29711
7294 -2225 920 -19244 -5670 27535
7972 -2389 954 -17239 -4857 26149
7885 -2526 1000 -15863 -3878 24393
7622 -3437 1256 -14805 -2796 22445
7140 -4772 1154 -13639 -2062 20321
6537 -6046 1414 -11978 -1859 18288
6053 -6640 1593 -10541 -1895 16102
5676 -7517 2028 -9448 -2475 13955
6049 -8553 2529 -8423 -2958 12034
6328 -9400 2962 -7614 -3228 9935
6441 -10204 3054 -6444 -3039 7448
6445 -10500 3062 -4975 -2917 4205
6625 -11141 3073 -3071 -2921 739
6794 -12250 3205 87 -2652 -2823
6618 -11853 3346 3680 -2173 -6070
6288 -10145 3664 6213 -2169 -9679
6689 -9616 3846 8197 -2649 -13845
7334 -9822 4010 10234 -2741 -18067
7384 -8876 4221 11759 -2689 -21676
6936 -8102 4458 13147 -2946 -25096
6928 -7069 4866 14402 -3239 -28313
6944 -5653 5033 15176 -3815 -31158
6920 -4748 4616 15840 -3902 -32768
6958 -3429 4184 15911 -3378 -32768
6496 -2341 4481 15448 -2853 -32768
6177 -876 4676 15472 -2914 -32768
7002 517 4933 15071 -2618 -32768
7473 1524 5492 13586 -2417 -32768
8076 3202 5304 11953 -2212 -32768
8329 3513 4640 10238 -1136 -32768
8292 3660 4500 10064 36 -32768
8161 4168 4944 10856 1753 -32768
8449 4902 5281 12403 3052 -32768
7712 6497 4318 14215 3565 -32768
6976 7264 3770 16001 3890 -32768
7278 8944 3396 17994 4011 -32768
6748 10334 3080 19660 4208 -32768
6402 11732 2605 20255 5134 -32768
5289 13885 2397 20543 5706 -32768
4704 15538 1924 19903 5300 -31015
4577 16672 1194 19019 4438 -28624
4289 16936 790 17730 3414 -25983
3884 17580 394 16289 2532 -23696
4149 17417 433 14953 1852 -21652
3872 17496 176 13762 1060 -20448
5218 17261 -182 12883 481 -19246
5304 17632 -672 12327 416 -18450
5642 17896 -540 12299 610 -17886
5404 18076 -353 12332 962 -17617
4918 17884 -252 12782 1095 -17224
4929 18318 -14 12646 931 -16807
4500 18917 -496 12121 521 -16029
4628 19668 -472 10936 341 -14854
4461 20134 -472 9044 315 -13543
4352 20296 -401 6682 186 -12021
4118 19768 -112 4270 -173 -10492
3690 19774 108 1504 -484 -8772
4078 20352 389 -1409 -700 -7068
4894 20258 901 -4131 -671 -4902
4718 19809 1349 -6389 -686 -2381
4808 19049 2008 -8249 -947 660
4257 19029 2520 -10437 -1704 3938
5009 19404 3574 -13411 -2572 7346
6061 19897 4613 -17059 -2916 10704
6580 19734 5544 -21070 -2476 13881
7113 18304 6040 -23899 -1758 16568
7682 16148 6182 -24734 -1528 19121
7850 14088 6370 -23978 -1489 21410
9208 12909 6860 -22494 -932 23540
10085 12634 7386 -21599 -312 24970
10953 12341 7350 -21760 746 25379
13706 10173 7689 -22411 5110 25821
9922 11201 6286 -17859 1599 27446
13841 10109 8519 -15134 4134 22828
13454 9900 9552 -13995 7958 20855
11974 9448 9349 -15519 9552 21086
12266 8969 10108 -16591 11308 21729
12625 8946 10352 -20646 10962 22876
13038 8958 10596 -25478 11261 23520
12665 7818 11272 -30614 9208 27998
15254 4448 13464 -31272 9287 30427
17662 6572 12246 -29378 13669 24008
14370 4621 12570 -22592 11310 20655
16040 3210 13397 -19087 15088 15711
13892 2262 14241 -14431 13803 11573
15996 3920 14912 -10799 13106 9598
16361 4184 15709 -10677 12529 7807
16061 3937 16576 -10278 11775 6770
16100 3314 16685 -11712 12022 7151
15685 2410 17164 -12976 11323 7800
14997 1974 16565 -13535 11090 7580
14764 1326 16269 -12709 11378 6712
14422 1042 16429 -11446 11062 5086
13804 1021 16677 -10521 10400 3674
13346 1286 17044 -9483 9315 2711
13126 1932 17242 -8849 8313 2291
13332 2562 17276 -8992 7668 2206
13184 2705 16961 -9561 7463 2470
12697 2633 16916 -10027 7548 2875
12025 2296 16674 -10230 7330 2952
11369 2158 16429 -9954 6963 2605
10532 2088 16666 -9151 6180 2096
10208 2573 16988 -8805 5428 1698
10433 2538 17034 -8453 4926 1322
10280 2882 17070 -8154 4589 1207
9948 2860 17112 -7924 4243 1111
9565 2886 16853 -7757 4027 923
9418 2720 16798 -7459 3783 502
8869 2574 16696 -6988 3324 77
8342 2414 16764 -6164 2703 -224
8098 2722 16772 -5693 2028 -458
8129 2608 16656 -5428 1467 -578
7905 2500 16368 -4987 1044 -643
7662 2565 16077 -4710 797 -830
7700 2474 15874 -4292 598 -1159
7661 2608 15562 -3834 356 -1369
7370 2576 15225 -3458 189 -1383
7174 2604 14814 -3049 70 -1263
6918 2482 14576 -2614 -178 -1020
6863 2195 14106 -2237 -312 -747
6760 1692 13974 -1982 -295 -527
6638 1454 13725 -1802 -220 -393
6845 1141 13652 -1512 -38 -346
7009 948 13632 -1342 228 -453
6932 765 13710 -1254 362 -446
7008 549 13872 -1252 388 -291
7632 472 13958 -1206 520 -209
7865 274 14120 -1088 776 -225
7556 148 14338 -1173 722 -240
7114 92 14500 -1317 410 -355
7712 -58 14573 -1139 -16 -677
8114 -82 14278 -908 237 -1179
8025 14 14342 -964 613 -1184
7717 185 14341 -1327 708 -957
7738 -165 14529 -1200 498 -881
7938 -219 14605 -851 205 -962
7949 -82 14544 -773 225 -1120
7942 54 14556 -768 275 -1112
7984 169 14472 -807 336 -1010
8054 66 14477 -846 387 -690
8199 -263 14415 -734 498 -133
8164 -265 14356 -1056 793 288
7953 -717 14382 -1190 970 454
7909 -1070 14454 -1042 1014 467
7974 -1076 14308 -920 1116 369
7802 -1254 14416 -806 1184 345
7649 -1290 14466 -776 1194 365
7454 -1321 14565 -992 986 313
7560 -1580 14577 -1018 753 155
7743 -1648 14496 -1051 735 -224
7673 -1689 14505 -1027 832 -571
7381 -1717 14531 -836 815 -801
7437 -1588 14568 -509 749 -985
7458 -1453 14664 -507 635 -1141
7445 -1206 14534 -623 482 -1237
7606 -1196 14420 -647 426 -1311
7818 -1085 14432 -696 567 -1277
7928 -890 14318 -813 741 -1212