8942 260 17301 8026 -974 -7636
9846 406 17685 9332 -711 -8035
10548 580 18142 11023 -230 -8573
10882 544 18086 12791 283 -9535
10384 168 17562 15309 787 -11091
9833 1326 17944 16654 1020 -13008
7998 2929 16941 16875 837 -14322
6148 4164 16233 19402 379 -15538
6312 5168 16954 22205 -802 -16075
8116 5962 17674 24388 -1934 -16667
9710 6533 17860 26304 -2470 -17572
10284 7186 17824 28162 -2223 -18555
10083 8281 17560 30303 -1804 -19581
9272 9490 16842 32457 -882 -20368
8578 10494 16350 32767 -745 -20046
7004 11813 16072 32767 -1890 -18205
5716 14464 15914 32767 -4866 -14826
6256 17942 15782 32767 -7716 -11898
6813 20453 15442 31723 -9005 -9273
7258 21370 14656 27856 -10315 -7249
8904 21212 14257 25837 -9908 -5675
9617 20721 14204 24932 -8857 -4009
9548 21030 14422 24695 -7889 -1345
9436 21534 14368 23326 -7587 2459
9056 22146 13780 20874 -7897 7012
9434 22490 13564 17569 -8420 11329
8912 23090 13177 13345 -8721 14606
8101 23537 12362 8367 -9512 17862
8033 23504 11452 3105 -10082 21343
8505 22036 10804 -1616 -10336 24525
8838 19868 10316 -4915 -10397 27806
9200 17117 9656 -6870 -9925 31277
9804 15540 9500 -8959 -9039 32767
9569 15425 8188 -12121 -8019 32767
9716 12608 6838 -14816 -5668 32767
9802 8521 6661 -15372 -2693 32767
9857 4402 6922 -14825 170 32767
10000 3297 9286 -17340 -401 32767
8569 1448 8776 -20769 -5849 32767
9078 -4028 5514 -16962 -9041 32767
8772 -2560 3644 -13908 -8071 32767
8193 613 2758 -15263 -7357 32767
8252 -809 1236 -17273 -6735 32767
8701 -3318 -65 -18006 -4650 32767
8704 -4584 -338 -17150 -1795 32350
8945 -4334 -234 -15961 684 29697
8568 -4816 168 -14834 2272 27201
8493 -5486 474 -12999 3473 25162
7557 -4505 871 -10605 4239 22779
6738 -2424 1293 -10728 3878 20656
7268 -2634 2913 -11889 2965 18057
7941 -4870 4297 -11849 2176 16551
7837 -5957 5057 -10676 1244 15798
7501 -6054 5509 -9703 -146 14930
7480 -6306 5757 -9100 -1731 13305
7608 -6522 5638 -8488 -3289 11089
8141 -7624 5526 -7264 -4211 8540
8637 -8985 5417 -5162 -4649 5438
8826 -9301 5138 -2779 -5012 1128
8621 -10472 4782 252 -5799 -3921
8729 -11072 4453 3654 -6071 -8122
9036 -10133 4316 7522 -6297 -13418
9293 -8538 4005 9856 -5831 -18164
9052 -6854 3826 10017 -5432 -21457
9130 -6126 3288 10038 -4791 -24751
8468 -4899 3203 9630 -3712 -29987
7646 -3410 3335 9162 -3054 -32768
7387 -2803 3439 9978 -2708 -32768
7577 -2980 3568 12262 -1578 -32768
7682 -1378 3618 13609 -602 -32768
7140 -6 3010 13975 97 -32768
6945 1340 2994 14713 792 -32768
6391 3202 2849 14748 1124 -32768
6910 4162 3112 15499 1159 -32768
8062 6153 3261 15971 2829 -32768
8090 7241 2800 16615 4340 -32768
7785 7418 2969 17956 5829 -32768
6124 8812 2705 21102 6241 -32768
4688 10185 1884 24304 4561 -32768
5112 12752 1265 25622 3218 -32768
4954 13622 932 25672 1993 -32768
4452 16042 322 25082 1301 -31390
4366 17386 -42 22332 1037 -28897
3732 17600 48 20535 639 -27299
3540 17275 -643 19091 -509 -25489
3476 17408 -1837 18955 -2152 -23292
4152 18228 -2721 18449 -2369 -21819
4268 19108 -2798 17080 -2020 -20595
4153 19181 -2796 15211 -1588 -19495
3744 18888 -2774 14254 -1563 -18678
3582 19114 -2687 13571 -2188 -17703
3320 19448 -3256 13061 -2736 -16713
4108 20470 -3301 12066 -2695 -15531
4122 20712 -3277 10647 -2006 -13913
3442 20932 -3058 8609 -1886 -12249
3100 21074 -2623 5655 -1658 -9692
2992 21322 -2273 2258 -1851 -6335
2948 21113 -2089 2 -2131 -3233
3438 21464 -1994 -1883 -2228 -616
3623 21509 -1723 -5243 -1966 2408
4464 20666 -797 -8588 -1245 5104
5076 20276 -441 -10924 -666 6557
5540 20036 -132 -11988 -535 7501
5810 20024 408 -14276 -240 9067
5973 19290 1128 -17487 52 11423
6070 19162 1412 -19585 383 12991
6051 18940 1812 -22493 995 14625
6146 18089 2576 -25244 1564 16309
6704 17221 2860 -26732 1892 17929
7933 16085 3752 -27047 2162 19822
9206 15930 4709 -28044 2685 22086
10168 15649 5428 -30077 2954 25022
10426 13548 5573 -31762 3510 28003
10342 12413 5837 -32715 4331 31322
10010 10052 6861 -31085 3914 32767
11392 8544 6556 -27101 5773 30790
11566 7437 6996 -23050 8327 27918
12574 7662 7287 -19827 8052 22387
13070 4960 8137 -18610 11483 20681
13161 4376 8864 -19277 12548 21698
13249 4464 9276 -21463 11280 23445
14810 3633 10906 -22134 10489 23267
14649 4512 11418 -22608 10629 24119
15654 6396 11377 -22103 9097 19908
14108 4880 11789 -22154 8916 18531
17770 420 13929 -24866 16072 20742
18548 1965 13944 -19008 17153 13071
13941 1422 13140 -13664 14694 9137
13289 1228 14280 -9014 13086 8114
15646 1142 15182 -7385 11843 5978
15421 2158 15357 -5847 10702 2342
15284 1629 15694 -6342 10787 1874
14776 2060 15824 -8367 11197 3803
14537 1637 15860 -10321 10580 5477
14997 1505 16645 -10500 10683 5527
14036 1626 16789 -10160 10722 5269
13728 1602 16776 -9205 10290 4519
13653 1317 16622 -8570 9369 3581
13054 1165 16801 -7997 8964 3191
12377 1222 17026 -7494 8208 2677
12121 1514 17521 -7412 7278 2385
12361 2048 17744 -7594 6638 2211
12249 2277 17601 -8129 6095 2167
11570 2154 17468 -8017 5632 2124
10840 2258 17269 -7618 5162 1824
10404 2234 17094 -7153 4659 1323
9921 2168 16946 -6361 4091 830
9686 2460 16858 -5838 3699 596
9400 2617 16764 -5573 3416 501
8957 2672 16398 -5503 3063 627
8449 2752 16128 -5393 2670 567
8148 2553 15920 -4928 2154 443
8130 2597 15645 -4408 1867 287
7944 2558 15534 -3937 1705 200
7658 2437 15524 -3448 1394 152
7744 2572 15340 -3192 1051 209
7922 2353 15164 -3094 934 355
7685 2173 14833 -3036 969 452
7334 1897 14601 -2855 897 516
7181 1662 14550 -2637 741 533
7156 1122 14473 -2103 515 526
7208 1356 14296 -1813 526 523
7356 1144 14293 -1530 516 382
7462 1064 14290 -1181 585 239
7494 942 14288 -1173 642 279
7290 858 14222 -1284 771 398
7518 597 14164 -1149 702 505
7756 364 14184 -973 641 509
7489 226 14145 -1064 575 472
7220 109 13972 -1247 514 403
7360 -284 14025 -1132 352 194
7644 -494 13902 -902 395 -51
7497 -424 13898 -766 557 -280
7460 -266 14020 -859 663 -328
7700 -370 14247 -897 663 -268
7828 -419 14200 -863 826 -245
7719 -518 14167 -784 976 -219
7776 -712 14218 -713 1013 -119
7590 -874 14333 -750 971 -63
7460 -1031 14291 -599 964 -101
7440 -1150 14369 -435 988 -269
7444 -1234 14306 -283 978 -357
7580 -1152 14388 -329 1041 -346
7609 -1296 14448 -345 1168 -304
7581 -1264 14476 -430 1324 -254
7317 -1321 14642 -496 1274 -210
7126 -1509 14918 -415 1108 -245
7101 -1514 14918 -457 947 -487
7076 -1568 14865 -409 722 -825
7129 -1622 14746 -216 622 -1209
7292 -1566 14697 -258 620 -1416
7240 -1433 14538 -266 568 -1409
7364 -1177 14401 -313 550 -1408
7398 -1018 14312 -382 507 -1349
7594 -872 14394 -390 459 -1380
7989 -696 14354 -358 476 -1491
8178 -434 14410 -217 480 -1567
8324 -312 14462 -107 511 -1467
8630 -80 14504 -15 535 -1164
8838 -77 14706 -44 621 -720