8214 7497 16257 16069 -10078 -11691
9536 8533 16390 15757 -12239 -10829
10917 9170 16080 14602 -13462 -9943
12280 9418 15926 13246 -13939 -9034
13798 9154 15944 12491 -13617 -8341
14612 9416 15594 12394 -12614 -7333
15328 10012 16076 12279 -11521 -6006
15796 10136 16450 12105 -10595 -4637
15930 10729 16413 11868 -9878 -3160
15821 11090 16665 11636 -9793 -1487
15768 11549 16738 11015 -9902 287
15628 12358 16740 9914 -10323 2311
15008 13070 16402 8653 -10755 4342
14448 14062 15962 6372 -11563 6283
14473 14305 15322 3762 -12152 7881
15081 13737 14709 1896 -12035 9240
15018 13200 14217 1490 -11782 10150
15209 12454 14090 2389 -11622 10966
15470 12206 13548 3331 -11496 12175
15244 12516 12860 3901 -11379 13779
14288 13474 11424 3225 -10868 16101
14446 12941 10672 2201 -9582 18696
14322 13178 9580 363 -7708 21932
13180 12900 8018 -2829 -5565 25113
12004 10952 6830 -5633 -3526 28190
11814 8464 5874 -7710 -1793 30611
11590 6858 5472 -9171 -373 32627
10293 6532 5089 -12593 -95 32767
7860 4842 3810 -16017 -518 32767
6637 3316 2761 -18254 -349 32767
6750 1230 1758 -20188 107 32767
6724 -1382 1133 -21303 317 32767
7012 -4361 486 -20670 472 32767
6785 -4981 152 -19894 1071 32767
6510 -5865 -240 -19571 1705 32767
6134 -6805 -540 -18347 2423 31386
6045 -7670 -98 -16317 2578 28413
5676 -7620 504 -14087 1991 25372
5582 -8436 1117 -11795 700 22601
5510 -7953 1293 -9944 -520 20202
5894 -7997 1914 -8777 -2129 17952
6298 -8860 2720 -7448 -3419 16031
6808 -9086 3146 -6453 -4254 14525
7450 -9093 3322 -6154 -4321 13052
7620 -9658 3454 -5773 -4020 11326
7917 -10552 3644 -5023 -3274 9227
7793 -10864 3636 -4016 -2807 6443
7492 -11824 3730 -2188 -2731 3278
7230 -12136 3837 185 -3056 -75
7090 -12188 3754 2559 -3834 -3803
7256 -12545 3613 5468 -4461 -8170
7914 -12213 3848 8392 -4966 -12562
8405 -12041 4330 11191 -5128 -16821
8146 -10528 4748 13154 -5554 -20179
8250 -9125 4701 14190 -5895 -22994
8393 -8376 4773 15172 -5918 -25594
8152 -6920 4316 15097 -6200 -27895
7396 -6012 4100 15083 -7096 -30683
7118 -5184 3486 15381 -7524 -32744
6328 -4709 2717 15533 -7928 -32768
5794 -4810 2533 16688 -7808 -32768
5721 -3086 2506 17193 -7253 -32768
5853 -1974 2124 17336 -6723 -32768
5514 -2248 2262 17525 -6107 -32768
6252 -1569 2750 17524 -5676 -32768
6624 -152 2429 16406 -4856 -32768
6665 1021 2553 15109 -3805 -32768
6737 1926 2762 14101 -2658 -32768
6996 3126 2773 13174 -1403 -32768
6445 3806 2101 12990 -536 -32768
6202 3037 1537 15398 -153 -32768
6210 4453 1540 17963 -315 -32768
5856 6441 1493 19044 -634 -32768
5374 7917 1657 19177 -1134 -32768
5414 9486 1600 18565 -1655 -32668
5642 11098 1525 16558 -2229 -31033
4858 11698 1236 15170 -3310 -29501
4337 12501 93 14733 -4302 -28423
4626 12621 -610 14570 -4528 -27551
4462 13017 -1113 14652 -4687 -27044
4486 13722 -2048 13999 -4129 -26736
4414 14356 -2578 13614 -2975 -26591
3818 15546 -2817 12633 -2128 -26367
3998 15990 -2838 11956 -991 -26058
3725 16730 -2761 11402 -280 -25718
3536 17404 -2682 10902 9 -24852
2978 17948 -2612 10559 -320 -23957
2605 18320 -2788 10511 -1035 -22713
2188 19342 -3405 10126 -1949 -21597
1962 20478 -4049 8993 -2574 -20466
2194 21552 -4160 7185 -2093 -19499
2454 22238 -3606 5524 -1202 -18793
2197 22133 -3254 3604 -319 -17721
1448 21784 -2823 1991 -15 -15511
1436 21442 -2618 785 -259 -12944
2309 21762 -2540 28 -48 -10349
2992 22380 -1570 -932 465 -7589
2900 23340 -589 -2818 1072 -4981
2508 23477 118 -5032 1417 -2436
2462 23146 820 -7048 1464 199
2386 22890 1293 -9273 1283 2659
2658 22322 1416 -11362 1273 5338
4313 21972 1600 -13506 1873 7849
5002 22354 1909 -15721 2660 10150
5116 21973 2333 -18264 3342 12648
5826 20780 2889 -20188 3583 15550
6392 20524 3200 -21519 3935 18326
7289 19838 3974 -22806 4415 21341
8001 18794 4622 -24221 5200 24038
8354 17558 5398 -25578 5863 26888
8360 15982 6094 -26552 6016 30472
8786 15025 6701 -27767 5973 32767
9204 13658 7030 -28222 5990 32767
10376 12084 7609 -28136 6495 32767
11070 11837 8100 -28349 8965 32767
10469 11088 7009 -29272 7970 32767
13298 9212 7968 -27542 8967 32767
13372 7078 8241 -25768 11296 32767
15034 5410 9025 -24889 14180 32767
14597 5034 9557 -22336 14669 32767
15288 3568 10581 -20582 15038 31951
15834 2502 11393 -18287 16001 27902
15524 520 12322 -15728 16030 23393
15601 -650 13236 -13502 15225 19196
15472 -1074 14032 -11744 14476 15838
15728 -1565 14860 -10693 13872 13092
15589 -1852 15414 -10037 13381 11224
15856 -2040 15936 -9569 12972 10174
15884 -1298 16134 -10028 12887 9507
15777 -1608 16408 -9929 13088 8720
15284 -1225 17022 -9658 12844 7868
14814 -668 17401 -9585 12203 6801
14314 -177 17480 -9677 11448 5716
14093 236 17486 -9834 11058 5062
13938 538 17494 -10309 10949 4775
13269 693 17706 -10634 10706 4725
12426 706 17992 -10280 10001 4542
12350 1324 17816 -10365 9442 4022
12206 1524 17360 -10849 9296 3154
11566 1237 17100 -10653 9077 2155
10434 1557 16841 -10127 8262 1203
9877 2153 16536 -9662 7338 146
9709 2357 16505 -8662 6411 -873
9532 3294 16280 -8046 5722 -1532
9145 3886 15957 -7683 5254 -1858
8820 4065 15981 -7167 4447 -1983
9041 4306 15878 -6789 3757 -1794
9069 4136 15513 -6648 3414 -1567
8836 3850 15280 -6174 3145 -1345
8690 3761 15048 -5646 2834 -1318
8212 3660 15070 -5027 2312 -1407
7896 3786 14938 -4466 1672 -1392
7972 3688 14713 -4126 1178 -1378
8130 3218 14654 -3723 927 -1134
8094 2721 14602 -3275 644 -738
7998 2492 14377 -3101 407 -390
7797 1844 14388 -2803 38 -168
7908 1240 14176 -2463 -216 -15
8300 904 14020 -2339 -181 -26
8317 434 13958 -1978 -201 -270
8285 178 13941 -1665 -239 -404
8385 -76 14280 -1193 -471 -586
8546 4 14328 -1002 -719 -661
8675 -179 14277 -889 -956 -727
9005 -414 14365 -714 -1025 -698
9040 -401 14441 -600 -1081 -713
8922 -222 14497 -723 -1141 -641
8834 -552 14496 -646 -1265 -522
8958 -468 14396 -587 -1248 -342
8753 -532 14413 -674 -1151 -202
8581 -753 14420 -572 -1187 -59
8590 -919 14378 -383 -1267 -56
8676 -1020 14345 -137 -1227 -261
8458 -1070 14266 -13 -1122 -380
8205 -929 14298 -155 -1053 -367
8282 -1116 14257 -206 -1022 -415
8200 -1097 14158 -187 -886 -534
7956 -1172 14165 -117 -777 -641
7868 -1037 14036 -20 -767 -612
7959 -981 13895 -2 -781 -581
7814 -958 13826 3 -789 -566
7973 -1085 13798 66 -753 -485
8297 -1123 13856 31 -556 -471
8150 -1017 13845 -102 -360 -485
8213 -1069 13824 -188 -242 -365
8261 -1044 13769 -274 -42 -222
8204 -1166 13789 -293 108 -66
8264 -1306 13943 -240 92 -23
8401 -1380 13973 -189 154 20
8344 -1306 13988 -394 209 118
8308 -1389 14088 -435 168 168
8225 -1306 14062 -385 54 -42
8362 -1248 13925 -252 -43 -402
8563 -1144 13919 21 31 -703
8822 -1144 14032 382 108 -803
9015 -993 14157 722 70 -665
9234 -982 14244 1012 25 -671
9272 -821 14126 1032 -48 -744
9361 -832 14175 884 -72 -918
9320 -774 14114 815 -89 -1198