4210 11102 13589 16221 3797 -19716
3472 14021 13576 14804 742 -20607
5120 14585 13750 13614 -1502 -21687
7162 13068 13725 13914 -1670 -20755
8188 14180 14090 15160 -765 -18225
9362 14573 13749 15092 891 -15849
9150 14002 13204 15851 3328 -14251
8868 14689 12533 15951 5633 -12889
7986 15056 12077 16435 7246 -11490
7074 16284 11945 17735 8049 -9638
5522 18097 12381 17565 7559 -6660
5028 19302 13157 17296 6052 -3432
6189 21008 13482 16121 5293 -316
7540 23245 13726 13249 6117 2890
7668 24245 14148 10345 6443 6751
8166 24714 14450 7284 6258 12381
8854 25322 15145 2649 5254 18147
7652 24773 16237 -1762 2481 22954
7002 24130 16850 -4935 -1290 27347
8216 22876 17560 -7743 -4762 31589
9224 20434 17964 -9013 -7677 32767
12029 17818 17692 -9052 -7852 32767
13058 14348 17224 -8662 -7254 32767
12500 12424 16726 -7708 -6755 32767
11226 11186 15839 -7690 -7159 32767
9980 10401 14404 -9306 -7048 32767
9061 6754 13092 -12011 -7800 32767
9459 4346 12700 -17721 -9940 32767
8400 2764 10816 -22122 -12838 32767
8705 -533 7810 -22849 -13797 32767
8952 -3735 5173 -21853 -11369 32767
8714 -5730 3450 -19829 -8447 32767
8082 -5006 2860 -18200 -6425 32767
7010 -3009 1964 -18374 -5459 31363
6472 -2390 1822 -19432 -5853 28193
7169 -4718 1704 -18665 -6210 24864
7783 -6393 1799 -15802 -5335 22094
7635 -5214 2001 -14422 -3204 19774
7357 -5401 2596 -13247 -1647 17378
6827 -6153 3425 -11616 -1428 15741
6274 -6464 4232 -8954 -1786 13759
6074 -6646 4556 -7882 -2748 11673
6106 -8175 4786 -6286 -3645 9154
6392 -8809 5252 -4466 -4897 5452
7116 -10000 5083 -1161 -5890 310
8569 -10476 5067 2954 -4875 -5251
8426 -9648 4976 4479 -2674 -10064
8313 -9178 5157 5556 -572 -13775
7866 -9124 5690 6451 -11 -16715
7458 -8805 6065 7423 -482 -19626
6734 -8881 6431 9443 -2148 -22927
5768 -9019 6014 13146 -4600 -27133
4618 -6856 5453 15769 -7127 -31117
4019 -5258 4695 17671 -9665 -32768
4441 -3894 4422 19288 -11189 -32768
5016 -2568 3904 20114 -11409 -32768
6121 -1616 3271 19654 -10009 -32768
6549 115 2289 17182 -6487 -32768
6032 1020 2032 15440 -4443 -32768
6220 1704 1937 13259 -2272 -32768
6118 2780 2477 9991 131 -32768
5266 3862 2365 7596 992 -32768
5689 4110 2665 7539 1485 -32768
5479 5663 2347 8093 1560 -32768
6327 6698 2002 9716 3159 -32768
6121 8961 1498 10924 5667 -32768
6288 9940 1349 11822 7832 -32768
5917 11676 1098 12456 9924 -32768
4367 12247 1541 13544 10812 -32768
3433 12518 1972 14895 9382 -32334
3837 13300 1734 15699 7589 -30750
3754 14665 1892 16223 6056 -28909
3115 16393 1501 16566 3623 -27187
3433 17037 661 16632 1813 -25570
3958 18261 398 16109 1816 -24539
3584 19228 441 15541 2021 -23812
3262 19688 905 15080 2078 -23368
2562 19638 462 15399 1155 -22609
2502 20210 221 15797 -149 -21302
1877 20736 -855 16450 -2201 -19497
2029 22069 -2289 16086 -3667 -16891
1950 23704 -2969 13096 -3398 -14983
2225 24761 -2766 8886 -2432 -13180
2470 24633 -2070 5240 -1123 -11203
2470 24372 -1128 3034 -418 -9328
1852 24364 280 -461 -630 -6578
2060 22649 1446 -2627 -2103 -2856
2789 21949 1713 -3374 -3211 321
3330 22434 1717 -5298 -3872 3490
3829 22313 1846 -8431 -3814 6567
4014 21832 2192 -12118 -2919 9724
5081 21788 3101 -16325 -1229 12599
5626 20664 4198 -19944 327 15156
5733 18956 5076 -21602 1174 17468
6202 17973 5800 -22257 1121 19461
7000 16726 6190 -22651 463 21040
7936 17070 5993 -23526 -596 22814
9021 16464 5624 -24512 -648 24381
10730 15300 5906 -25398 556 26472
12037 13974 7000 -26409 2447 28661
12014 12722 7689 -26977 3569 31070
13348 11201 8797 -27235 5702 32767
11286 10360 9282 -21997 4495 32563
12940 9890 9962 -20801 5594 32369
11702 8444 10004 -20641 8390 31349
13058 7560 10636 -17224 7025 27758
13292 6276 10212 -15706 8950 26307
13229 5506 10652 -17281 10864 27481
13969 5782 11082 -20709 11073 27499
13526 5005 11852 -22881 9309 26644
14277 5252 12634 -21971 7401 23265
14940 6 13289 -27236 11397 26372
16938 3062 13238 -22370 12064 22686
14954 2200 13456 -17997 11548 17147
14401 1436 13470 -13481 10205 14172
14157 1344 13857 -9038 9954 12543
16094 1385 14428 -8363 9116 10362
15724 1633 15141 -7509 9145 7474
15618 1385 14990 -8208 9581 6520
15290 1105 15112 -9510 10028 7534
14990 1144 15178 -11069 10158 8122
14997 1658 14865 -11305 11084 7408
14105 841 15245 -10673 11864 6903
13494 833 15757 -9643 11255 6456
13101 1313 16285 -9173 9954 5782
12929 1257 16541 -8587 9059 4939
12916 1204 16808 -8355 8540 4390
12802 1441 16832 -8372 8010 3660
12374 1706 16880 -8391 7476 3303
11952 2085 17050 -8712 6875 2932
11708 2189 16994 -8493 6382 2425
11626 2413 16993 -8072 6088 1920
11142 2473 16842 -7775 5391 1307
10489 2526 16821 -7010 4498 797
10178 2810 16942 -6384 3363 335
10245 2961 16852 -5923 2411 -68
10538 2921 16636 -5416 1873 -246
10412 3172 16332 -5194 1611 -214
10033 3229 16021 -5216 1450 -300
9538 3128 15666 -4851 1218 -493
9410 3025 15397 -4392 992 -506
9342 3062 15241 -4169 843 -286
9037 2830 14917 -4075 740 -26
8765 2444 14886 -3779 620 201
8360 2356 14806 -3518 308 161
8173 2142 14782 -2979 -123 21
8257 2194 14580 -2620 -307 -115
8349 2044 14357 -2481 -315 -124
8381 1718 14177 -2385 -275 -101
8177 1557 13968 -2237 -278 -114
8174 1314 13644 -1965 -206 -132
8117 1094 13544 -1794 -164 -220
7921 886 13354 -1622 -168 -280
8104 634 13278 -1422 -52 -261
8465 649 13190 -1578 371 -115
8364 396 13300 -1661 641 82
7777 485 13414 -1824 750 261
7737 208 13396 -1883 645 303
8013 -133 13521 -1561 533 135
8356 -178 13560 -1286 546 -75
8177 -94 13682 -1221 700 -187
8199 -267 13985 -1035 635 -17
8588 -168 14191 -819 593 275
8475 -400 14183 -748 628 388
8096 -562 14081 -584 557 385
8126 -707 14031 -470 351 403
8280 -954 13698 -331 373 413
8272 -1114 13585 -223 671 457
8084 -1109 13498 -193 950 492
8009 -1181 13621 -165 1081 526
8008 -1270 13877 -65 1113 345
7926 -1104 13908 -161 1142 194
8070 -1248 14058 -208 1090 224
8193 -1389 14202 -226 1020 428
8177 -1550 14236 -290 980 535
8149 -1766 14244 -218 932 522
8118 -1734 14228 -228 910 443
8142 -1785 14220 -230 896 364
8214 -1777 14200 -278 839 300
8253 -1802 14100 -448 977 224
8261 -2002 14165 -426 1088 89
8161 -2016 14212 -385 1086 12
8062 -1954 14228 -455 1016 25
8126 -1869 14172 -619 972 -83
8180 -1941 14085 -688 932 -206
8285 -2030 14138 -710 867 -346
8144 -2080 14084 -650 841 -532
8102 -1930 14002 -601 823 -731
8029 -1793 13866 -617 808 -925
8218 -1604 13870 -672 810 -938
8281 -1444 13965 -796 936 -833
8321 -1302 13821 -928 1036 -728
8266 -1148 13878 -1028 1087 -734
8220 -1186 13812 -862 993 -828
8221 -1017 13813 -782 935 -812
8309 -787 13864 -900 878 -709
8361 -898 13857 -779 713 -532
8430 -928 13815 -622 713 -460
8544 -899 13925 -540 776 -504
8616 -952 14041 -546 812 -635