-5109 8410 15009 -272 314 -63
-5116 8358 15013 -268 300 -60
-5129 8333 15038 -283 295 -67
-5112 8401 15057 -271 295 -65
-5109 8376 15021 -250 295 -57
-5097 8360 15062 -270 286 -65
-5093 8425 15142 -320 329 -66
-5122 8462 15145 -386 335 -58
-5123 8477 15254 -427 381 -13
-5242 8728 15761 -498 584 -31
-5520 9381 16648 -839 683 45
-5602 9673 17424 -1535 934 285
-5866 9834 18172 -2752 976 705
-6080 10004 18886 -4178 762 933
-6318 9754 19170 -5514 128 906
-6640 8894 19161 -6591 -1352 865
-6244 7664 18670 -6274 -2392 433
-6002 7454 18150 -5783 -1810 372
-6038 7520 18918 -5583 -1962 438
-6042 6765 19212 -5220 -3669 550
-5944 5388 19112 -2536 -6301 974
-6205 5370 19093 1174 -8722 1863
-5752 6852 19126 4897 -10128 2882
-4928 8054 19661 7544 -11415 3683
-4434 9749 20134 8743 -12373 4285
-4584 10769 20408 8124 -12973 4685
-4162 11862 20473 6000 -12942 5093
-3722 12277 20602 3253 -12596 5481
-3588 12646 20661 644 -12360 5981
-3609 13144 21013 -1292 -12693 6434
-3644 14153 21830 -2648 -13015 6952
-3698 15433 22692 -4174 -13691 7330
-3484 15649 22817 -5610 -15232 7828
-3049 14873 22600 -5865 -17026 8819
-2397 14197 22902 -4867 -18492 9952
-1852 14282 23136 -3587 -19862 11103
-1232 14214 23130 -2550 -21259 12253
-474 14332 23061 -2048 -22493 13273
502 14808 22830 -2418 -23345 14255
1353 15513 22588 -3524 -23790 15286
1781 15954 22154 -4933 -23839 16310
2136 15850 21361 -5689 -23637 17482
2516 15732 20270 -6317 -23790 18697
2736 14757 18950 -6653 -24558 20232
2998 14420 18141 -6917 -25250 22043
3277 14650 17810 -7670 -25463 23364
3389 14421 17564 -9345 -25252 24330
3316 13257 16357 -11874 -25376 25223
3049 10918 14461 -13867 -25821 26233
2814 8490 12592 -14014 -26465 27175
2952 5786 10818 -12560 -27257 28208
3264 4200 9433 -11071 -27773 28897
3332 2765 8482 -9897 -28451 29398
4306 1452 7665 -8184 -28251 29520
4434 688 6858 -6077 -27637 28975
5042 189 6238 -4463 -26294 28435
5408 -138 5560 -3545 -24489 27812
5405 -1033 4948 -3379 -22476 27123
5328 -1277 4560 -3745 -20575 26454
5381 -1612 3957 -4202 -18917 25754
5316 -2145 3105 -4761 -17759 25122
5185 -2625 2593 -4978 -16790 24372
5410 -3217 2134 -4506 -16019 23397
5566 -3762 1872 -4438 -15014 22219
6085 -4101 1822 -4646 -13241 21012
6105 -4453 1941 -5075 -10486 19652
6146 -4612 1993 -5802 -7722 18212
6126 -4785 2101 -6974 -5295 16975
5966 -5102 1864 -8430 -4072 15682
5989 -5557 1872 -9573 -3365 14618
6000 -6298 1472 -10112 -3087 13732
5693 -7206 1328 -9739 -2617 12990
5346 -8114 1470 -8795 -1883 12439
5150 -8606 1838 -7951 -1406 11836
4924 -9006 2112 -7503 -1181 11120
4932 -9412 2217 -7374 -1390 10350
5273 -9902 2373 -7190 -1927 9534
5802 -10609 2596 -6501 -2334 8692
6448 -11121 2784 -5682 -2412 7861
6648 -11306 2898 -4979 -2478 6931
6885 -11700 2964 -4417 -2395 5948
7025 -11625 3082 -4221 -2789 4376
7085 -16733 2533 -1451 -2349 582
6817 -16877 1325 800 -577 -861
7433 -16566 2594 2258 1610 -1355
7085 -14109 3249 1883 2403 -1594
7422 -12628 3942 995 2425 -1922
7325 -9889 4472 -1920 1527 -1769
7538 -9768 4284 -4787 351 -2279
7200 -11124 3585 -5776 -508 -2879
6693 -13042 2454 -4533 -1430 -3637
6016 -14368 1432 -1078 -2241 -5034
5450 -15200 298 4264 -2677 -6880
5006 -16040 -538 10781 -2891 -9221
4926 -15600 -758 17458 -2516 -11701
4922 -14840 -668 23122 -1624 -14290
4717 -13892 -778 27632 -280 -16936
4324 -12366 -1332 30954 1168 -19529
3874 -10909 -1869 32767 2880 -21756
3552 -9761 -2892 32767 3971 -23751
3397 -8049 -2702 32767 4998 -25572
2898 -5337 -3586 32767 5090 -27086
2569 -4141 -3952 32767 4422 -28196
2241 -2932 -3774 32767 4552 -29179
2200 1376 -3546 32767 5748 -29681
1893 6622 -3798 32767 4346 -30802
2350 7889 -3994 32767 3242 -32747
2169 10504 -3893 32767 2626 -32751
3566 13982 -3057 32767 2777 -32470
4553 15849 -2296 32767 4215 -32343
4914 16056 -1718 32767 6423 -31341
4854 15648 -889 32767 9024 -29662
5453 15604 800 31519 12184 -28067
5805 16488 2628 26079 14982 -26964
5940 17764 4652 20491 16411 -26648
6198 18222 6626 15740 16192 -26940
6412 18177 8392 11796 15242 -26916
6848 18966 10944 8109 14561 -26079
8112 20241 14365 2856 14807 -24674
8981 21117 17585 -5176 15395 -22150
9533 21946 21229 -16824 17321 -18087
9841 23913 24001 -30979 19913 -13042
8813 23960 23633 -32768 21114 -9014
7638 17665 20858 -32768 19257 -7608
6809 10689 20782 -32768 14319 -8032
7549 7334 21974 -32768 10070 -8048
7758 5422 22890 -32768 8034 -7547
7566 3262 23373 -32768 7511 -6354
7881 2594 23056 -32768 9130 -4686
6977 2137 21645 -32768 11495 -3373
5912 993 20774 -32768 13909 -3848
5040 34 19833 -32768 15562 -4461
4025 -1536 18790 -32768 15824 -5438
2745 -3762 17944 -32736 14544 -6074
2436 -4860 16904 -30024 12021 -6408
1830 -4902 16505 -24863 9707 -8013
2074 -4421 16842 -18797 8588 -10148
2042 -3912 16908 -12973 9298 -12453
1602 -3098 16514 -7706 10126 -14142
934 -2110 16902 -1858 10571 -15911
561 604 18006 3696 10828 -17947
286 3158 18902 6548 10727 -19362
110 5262 19469 6530 9752 -19795
214 6269 20073 5882 7980 -19592
142 7117 20274 6197 6500 -19385
50 8056 20310 7641 5693 -19136
20 8976 20218 9348 5383 -18901
-350 10229 19712 10281 4555 -18525
-382 11282 19288 11046 3943 -17922
-264 11693 19156 11450 3880 -17194
-253 12148 19537 11092 4073 -16093
-341 12592 20142 9837 3525 -14801
-501 11846 19774 8039 2942 -13746
-521 11158 18946 6416 3111 -12343
-674 10488 18421 6307 2893 -11269
-605 10477 17954 6929 2971 -9993
-872 9820 17709 7178 3209 -8836
-1036 9349 17733 7463 3478 -7786
-956 8834 17800 7566 3630 -6732
-769 8388 18048 7111 3750 -5690
-557 8202 18357 5899 3841 -4786
-562 7512 18160 4296 3689 -3870
-750 6737 17661 3065 3367 -2854
-944 6364 17166 2479 3203 -2009
-822 6302 16953 2365 3258 -1212
-756 6241 16988 2329 3431 -744
-660 6094 17173 1970 3739 -401
-769 5973 17317 1058 4049 -100
-896 5560 17388 111 4159 121
-1116 5065 17305 -405 4128 293
-1613 5244 17685 -1013 4075 327
-2000 5101 18285 -2054 3917 371
-2404 4746 18445 -2417 3105 401
-2650 4484 18314 -1978 2358 291
-2349 4282 18017 -657 2048 132
-2254 4437 17790 767 2297 -180
-2433 4714 17910 1537 2816 -566
-2432 4904 18134 1824 2996 -824
-2613 5490 18552 1503 2216 -805
-2746 6302 18038 259 1879 -611
-2909 5644 17332 -1300 2249 -531
-2869 4664 16972 -1661 2129 -618
-2972 4813 16797 -1438 1624 -626
-3010 5130 16621 -1280 1345 -554
-2870 5030 16406 -821 1526 -410
-2753 4828 16312 -439 2052 -260
-2690 4929 16478 -415 2547 -153
-2710 4866 16544 -947 2702 -90
-2896 4589 16349 -1480 2461 -110
-3214 4384 15937 -1689 2188 -66
-3465 3953 15654 -1582 1850 230
-3334 3745 15614 -1086 1299 355
-3065 3956 15590 -532 1062 378
-2638 4314 15758 -183 1198 180
-2277 4705 15825 7 1372 -194
-2026 5000 15956 128 1477 -553
-1913 5200 16016 8 1753 -745
-2105 5250 16342 -132 1900 -890
-2274 5308 17056 337 1634 -892
-2417 5346 17549 1093 925 -728