9088 9910 10312 6158 -5623 4415
9236 9272 9959 5542 -5952 6544
9798 8574 9649 4540 -6269 8942
10280 9280 9695 2482 -5978 10689
10652 8756 9448 59 -5076 11682
11476 8999 9310 -2234 -4098 13142
12350 8421 9305 -4597 -2942 14554
13048 7957 9656 -5338 -1961 15237
13628 6794 9740 -5242 -1504 16125
13828 7303 10361 -4545 -1440 17097
13845 7941 11100 -4293 -1830 18235
13604 8802 11417 -4364 -2125 18995
14112 9477 11248 -5164 -2590 19421
14086 8653 10997 -6111 -2870 19914
14476 8496 11352 -6949 -3533 20459
14903 6903 11112 -8404 -4678 21623
14524 5629 10892 -9810 -6235 23124
13801 4735 9892 -11177 -7273 24180
13022 3861 8722 -12025 -8363 25088
12834 2928 8066 -12215 -8668 25342
12804 2490 7602 -12509 -8907 25256
12617 825 6970 -12926 -9001 24889
13132 -863 6587 -12674 -8186 24494
12480 -1446 5554 -12574 -7035 24379
11364 -2062 5069 -12327 -6236 23932
10840 -2190 4750 -12924 -5724 23479
10302 -3414 4372 -13727 -5552 22824
10332 -4910 4300 -13460 -5127 21902
10391 -5477 3943 -13026 -4317 21054
10166 -6034 3608 -11893 -3289 19806
10044 -6529 3645 -10982 -2097 18599
9493 -6046 4008 -10347 -1208 17469
9792 -6181 4425 -9506 -625 16088
9686 -6272 4772 -8323 -357 14804
9845 -6150 4880 -7308 -175 13771
9765 -5957 5135 -6680 -223 11987
10116 -7438 5436 -5795 -189 9948
10154 -8128 5378 -4911 66 8907
9782 -8492 5304 -3768 185 7851
8979 -8480 4984 -2458 45 5775
8844 -9509 4941 -888 -634 2715
9150 -10577 5001 1171 -1022 178
9165 -11344 4929 3476 -1016 -2326
8540 -10732 5136 5024 -962 -4705
8250 -10357 5126 5884 -1180 -6911
7914 -10726 5136 6950 -1252 -9258
7475 -10249 5293 8426 -1838 -11972
7502 -9541 5280 10117 -2286 -15195
7661 -9013 5578 11722 -2919 -18250
7773 -8460 5836 13967 -3283 -21512
7580 -6864 5296 15615 -3606 -24220
7297 -5657 5068 16407 -3652 -27702
6478 -4072 4946 16493 -3906 -30689
6552 -3376 4684 16566 -3644 -32463
6749 -3308 4554 17329 -2473 -32768
6477 -2086 4512 17180 -1573 -32768
6889 -685 4234 16318 -575 -32768
7236 -146 4510 14274 736 -32768
7296 -124 4521 13362 1691 -32768
7433 1264 4297 12262 2069 -32768
7234 1537 4628 11388 1977 -32768
7205 2656 5005 11052 1542 -32564
7493 3280 5216 11316 1014 -32452
8388 3998 5046 12116 1033 -32545
8229 5094 4085 13232 990 -32768
9050 5554 3264 15356 1723 -32768
9460 7130 2808 17033 2983 -32256
8902 8886 3089 17401 4547 -31195
8426 10734 3738 16948 5824 -29919
7168 11213 2778 16354 5518 -28552
6220 12925 3229 15993 4412 -27513
6421 14008 2818 15316 2604 -26219
6937 14549 2297 15102 1321 -24386
6897 15544 2097 14559 538 -22503
6716 17406 2898 13373 608 -21143
6045 15940 1854 13380 422 -21151
6600 17117 1884 13073 546 -20339
6033 17048 1720 13345 275 -19794
5918 17446 1489 14067 -88 -19039
5940 17926 1092 14318 -343 -18114
5561 18250 676 14035 -636 -17452
5669 18901 522 13212 -594 -16453
6017 19414 580 11357 -186 -15289
5969 19176 838 9732 -43 -13857
5324 19249 1017 8459 -589 -12419
4390 19397 1062 7161 -1623 -11212
4826 19329 1361 6151 -2301 -10266
4946 19332 1149 4802 -2666 -9348
4962 18925 638 3626 -2872 -8212
5585 19089 420 2641 -2413 -6791
5805 19834 650 1180 -1481 -4859
5789 20240 928 -931 -668 -2219
5212 20398 1562 -3435 -383 1026
4385 20670 2046 -6704 -782 4381
4430 20693 2837 -10277 -1094 7729
5378 20185 3610 -13777 -951 10685
6362 18870 3909 -16715 -601 13184
7625 17646 4557 -18495 107 15524
8465 17173 5114 -20080 964 17822
9229 16302 5850 -21844 1811 20145
9370 14812 6508 -23403 2437 22445
8961 13632 7338 -24113 2430 24822
8817 13233 7698 -25126 2063 27031
9241 11180 8422 -25384 1675 28562
11200 10048 9026 -24581 1796 30166
12284 8845 9232 -23172 2920 30736
10889 7626 8236 -20913 5556 31391
12568 8494 9570 -17075 4890 29714
12428 8202 9929 -17246 5227 28149
12214 7837 9497 -18451 6592 26607
12646 6752 9806 -16469 6617 24025
13972 3685 10174 -14606 7837 21397
14426 3442 10634 -13969 10270 21400
14054 3128 10910 -15098 10856 21652
12702 4908 10848 -16415 9058 20718
13612 3152 12516 -18234 9327 19881
15510 2373 13004 -18466 11001 19499
15389 1081 12864 -16418 12731 16519
14660 1222 13084 -14362 13055 11528
13454 1844 13074 -9760 11595 7719
14382 1016 13913 -6272 12158 6095
15829 949 14393 -5541 11979 4535
15468 1545 15210 -4739 12004 2347
14916 1680 15500 -5936 11783 2053
14721 1801 15764 -7470 11973 3248
14609 1654 16036 -9404 11344 4048
14793 1250 16262 -9509 11687 4101
14318 1854 15820 -10006 12462 3570
13729 1665 15581 -10068 12766 2478
12797 1184 16073 -9345 12090 1567
12029 1294 16458 -8006 10845 946
11920 1806 16506 -7747 9851 535
12000 1973 16185 -8093 9553 66
11652 1758 16252 -8367 8985 41
11050 1712 16226 -8232 8231 77
10637 2006 15918 -8396 7567 -156
10349 1952 15941 -7888 7025 -571
10069 2132 15974 -7125 6344 -837
10013 2445 15913 -6817 5741 -1091
9894 2536 15652 -6673 5404 -1396
9510 2480 15502 -6203 4966 -1598
9314 2681 15465 -5769 4508 -1701
9226 3036 15417 -5567 4265 -1502
9317 3089 15224 -5788 4084 -1103
9212 2768 15005 -5903 4143 -743
8829 2326 14952 -5922 4071 -547
8528 1941 14908 -5613 3960 -597
8308 1906 14856 -5394 3724 -649
8454 1774 14885 -5266 3699 -611
8354 1641 14954 -5131 3730 -348
8162 1406 14932 -5030 3755 -148
8089 982 15048 -4523 3597 35
7933 1074 15088 -4352 3522 193
7981 870 15305 -4228 3430 282
7913 840 15306 -4130 3451 303
7838 736 15574 -3931 3304 225
7689 758 15686 -3567 3051 106
7918 693 15693 -3315 2882 65
8222 416 15682 -3066 2831 2
7962 273 15705 -2925 2891 -69
7684 5 15814 -2609 2805 -156
7262 81 15842 -2241 2558 -206
7150 153 15937 -1868 2090 -314
7205 218 15894 -1493 1706 -398
7232 432 15873 -1475 1441 -328
7100 416 15834 -1528 1213 -165
7168 249 15753 -1487 1052 47
7192 -5 15650 -1370 1043 167
7008 -189 15650 -1232 1011 158
6750 -285 15465 -1180 846 86
6565 -380 15421 -1149 676 -54
6621 -641 15285 -955 467 -165
6717 -727 15159 -694 287 -198
6868 -849 15072 -594 179 -269
6950 -1010 14968 -644 212 -366
6906 -1188 14910 -740 170 -441
6960 -1378 14808 -651 217 -587
6961 -1453 14774 -522 227 -813
6900 -1389 14726 -377 62 -1135
6932 -1366 14628 -267 -67 -1343
7145 -1286 14537 -330 4 -1318
7228 -1226 14549 -520 133 -1176
7190 -1284 14462 -587 171 -1084
7140 -1360 14484 -546 122 -1061
7206 -1380 14464 -462 75 -1161
7258 -1317 14480 -377 117 -1256
7496 -1122 14478 -295 187 -1223
7712 -840 14568 -363 378 -1009
7694 -584 14577 -498 574 -725
7577 -532 14582 -707 643 -370
7443 -802 14528 -682 576 -47
7379 -899 14487 -500 440 138
7402 -925 14390 -454 537 129
7464 -968 14416 -380 724 179
7391 -923 14542 -463 980 282
7240 -844 14642 -557 1084 321
7073 -852 14665 -622 1095 363
7196 -897 14708 -607 1214 394
7170 -882 14721 -499 1304 375
6946 -953 14734 -296 1248 372