5913 16697 16169 32767 12621 -8843
4992 18273 16192 32767 13860 -4883
3640 20608 16166 32767 13340 -28
2554 21924 16280 32767 11410 5906
1588 22536 15892 31940 9134 11573
1941 22240 15676 26450 7294 16513
1853 22361 15317 19859 5742 19239
1589 21010 15188 13832 3728 19848
1789 18996 14836 8911 805 20175
2162 17813 14458 5295 -1378 20550
3234 17861 14438 1705 -3109 20882
4041 16325 14256 -2070 -4313 21839
5137 14732 14176 -5712 -4636 23673
5712 12928 14150 -8387 -4495 25348
5617 11809 13728 -10698 -4664 26931
4954 12790 12676 -14150 -5491 28942
4417 12366 11725 -18551 -6521 30330
4561 12892 11273 -24176 -8196 31436
4410 11681 10676 -30941 -10019 32583
5448 7081 10784 -32768 -12303 32196
6245 3568 9974 -32768 -15085 32532
6768 -77 8418 -32768 -17164 32016
7052 -1600 6914 -32207 -17897 31231
7160 -2241 5218 -29982 -17310 29735
7138 -2862 3949 -27675 -16183 27255
7706 -2418 2773 -26473 -14711 24459
7884 -2606 1818 -26305 -13305 21768
8548 -2153 1012 -26826 -10728 19149
8610 -3365 390 -27241 -6889 17281
8302 -3650 789 -27316 -3978 17279
7773 -3757 1569 -26547 -2094 17140
7089 -3845 2076 -24420 -1868 17204
6680 -3521 2756 -22041 -2011 16986
7324 -3208 3609 -19730 -2748 16301
8264 -3464 4376 -17466 -3090 15388
8873 -3585 5365 -15442 -2997 14803
8968 -4022 5712 -14007 -2826 14678
8516 -4020 5872 -12967 -3154 14041
8442 -4800 5813 -12440 -3731 12961
8664 -6724 5392 -11560 -4140 11163
9188 -8584 4804 -10147 -3945 8457
8661 -10100 4300 -8481 -3087 5903
9052 -10232 3873 -6369 -2529 3261
9517 -11197 4106 -3443 -1867 547
9598 -10472 4396 -488 -1595 -1856
9354 -9938 4500 1893 -1436 -4419
9228 -9508 4113 3612 -831 -6994
8797 -9180 4044 4531 -429 -9101
8069 -8996 4048 5525 -487 -10891
7573 -7902 3942 6060 -727 -12748
6961 -6110 3749 5608 -1166 -15118
6876 -6260 3889 5786 -2217 -18080
7786 -7873 4321 8118 -2776 -21235
8722 -8481 4429 11995 -2617 -23840
8993 -7693 4118 15792 -1583 -26228
8777 -6004 3881 18752 -278 -28373
8458 -3549 3696 19755 851 -30177
8137 -2502 3957 19774 2135 -31994
7749 -972 3842 19162 3114 -32739
7250 517 3729 18077 3399 -32768
7220 1614 4304 16223 3139 -32768
7581 2689 4798 13588 2295 -32768
8024 2577 5194 11471 1809 -32768
7897 2437 5414 10409 1814 -32768
7854 3224 4850 11086 2035 -32700
7990 4428 4504 11798 2975 -32768
8160 5142 4257 13112 3610 -32768
8420 5948 4322 14327 4342 -32768
7900 7124 4424 14978 5065 -32768
6973 8928 4818 15916 5557 -32768
6784 9308 4849 17855 5444 -32093
6978 10349 5229 19492 5659 -31255
7112 11322 5162 20056 5390 -30392
6516 12830 4286 20359 4758 -29417
5698 14254 3473 20549 3802 -28648
5298 15746 2988 20753 3153 -27544
5456 17121 3130 20497 3286 -25784
4470 18025 3416 19881 3577 -24552
3549 18058 3160 19813 2935 -23845
2798 18552 1800 20314 1359 -22906
3905 19558 988 20188 161 -21281
4696 20686 836 19408 111 -19673
4553 22292 1082 17343 737 -18207
4224 22254 1426 15094 1296 -16774
3610 21834 1401 13536 1029 -15323
3222 20492 1253 13388 67 -14030
2622 20146 774 13864 -1617 -12581
3341 20662 -152 13972 -2819 -11151
3088 21112 -897 13303 -3031 -9852
3197 22278 -1210 11365 -2417 -8657
3948 22574 -1026 8508 -879 -7521
3606 21942 -950 5805 204 -5740
2873 21306 -326 3720 207 -3014
2836 21122 262 2113 -390 280
2900 21704 970 63 -955 3776
3285 22541 1933 -3060 -1069 6892
3752 22266 2462 -6690 -719 9379
3880 21384 2876 -10114 -452 11349
4289 19862 2889 -12726 -634 13404
5029 18586 3240 -14686 -889 15608
6328 18122 3742 -16269 -666 17721
6849 18041 4553 -18150 -292 19701
7285 17278 5316 -20150 -214 21512
7634 15885 5916 -21970 -282 23639
8712 15253 6469 -24360 -409 25493
8824 12974 6685 -25726 -292 27198
10250 12606 7157 -26348 219 29040
11546 10357 7573 -26659 588 29765
12046 9134 7726 -25942 1236 30478
12397 8872 7645 -25677 1912 30616
14314 8096 7642 -25919 4963 31534
12582 7320 7712 -23066 3376 29079
12273 5398 8306 -21172 3821 28171
13414 4792 8400 -18932 4177 24940
13257 3389 8942 -14194 6513 23100
14314 2350 9373 -13207 7382 20649
14718 2106 9365 -12688 9714 20057
14524 2133 9374 -13957 10634 19380
14392 897 9532 -15902 11336 19049
13741 357 10126 -16787 11055 16995
14069 -237 11056 -16727 11299 14611
14340 1538 11448 -16161 9799 10487
11389 1790 12016 -16311 13841 9815
14630 100 13789 -16757 14053 12041
16921 308 13982 -18108 16484 8420
15069 2324 13229 -14948 16552 4102
13396 1266 13225 -10516 14733 2913
14694 -28 13853 -9426 16140 1927
14641 988 15102 -7513 15853 437
13062 741 15876 -6116 13564 -1570
12524 1288 15610 -6774 13407 -1300
12774 2905 15936 -8471 12742 -37
14072 2845 15882 -10620 12644 1209
14378 2702 16052 -11523 13644 1795
13721 1874 16818 -10781 14003 2282
12436 2324 17633 -8968 12191 2164
12426 2842 18124 -8295 9619 1305
13486 3268 17968 -7755 8264 492
14080 2968 17808 -7412 7846 -342
13818 3098 17689 -7224 7708 -950
13284 3057 17768 -7531 7350 -1024
12852 3284 17304 -7732 6877 -968
12302 3049 16970 -7842 6493 -802
11405 2894 16686 -7778 6030 -621
10702 2532 16378 -7549 5334 -552
10066 2245 16160 -6860 4514 -640
9792 2372 15941 -6250 3960 -984
9813 2576 15670 -6011 3816 -1171
9489 2476 15433 -5937 3920 -1194
8817 2733 15477 -5794 3901 -952
8062 2914 15636 -5548 3451 -636
7722 3082 15893 -4882 2659 -248
7896 3316 15954 -4571 1986 36
8232 3229 15766 -4270 1788 70
8141 3044 15460 -3722 2011 -10
7898 3094 15280 -3324 2161 -183
7740 2890 15365 -2827 2208 -226
7276 2937 15326 -2664 2025 10
6977 2668 15193 -2819 1696 188
6956 2046 15177 -2298 1365 361
6689 1993 15020 -1596 1032 638
6784 1950 15102 -1381 767 819
7089 1670 15030 -1262 679 889
7019 1251 14916 -1295 796 841
6957 873 15013 -1111 778 858
6913 539 14950 -887 707 998
6698 446 14598 -927 648 1236
6766 30 14458 -1119 622 1280
6984 -624 14227 -920 864 998
6473 -524 14238 -818 998 654
6380 -726 14524 -825 566 360
6880 -818 14492 -472 397 -55
6952 -668 14484 -307 448 -362
7250 -652 14607 -109 452 -560
7409 -490 14680 -181 525 -622
7053 -369 14733 -439 485 -548
7198 -472 14822 -526 281 -461
7712 -639 14820 -317 234 -620
7456 -504 14785 -208 180 -882
7425 -458 14820 -158 39 -877
7600 -400 14641 -215 98 -797
7586 -494 14615 -107 362 -495
7682 -506 14637 -138 501 -187
7684 -488 14756 -292 662 48
7486 -539 14816 -517 677 171
7384 -802 14852 -405 522 145
7407 -796 14797 -321 384 135
7384 -807 14698 -296 349 174
7377 -822 14636 -471 475 338
7334 -1229 14609 -652 666 429
7061 -1294 14627 -662 760 284
6808 -1368 14613 -489 617 -75
6870 -1130 14600 -384 501 -456
6819 -790 14546 -431 460 -746
6877 -678 14489 -395 505 -857
7085 -710 14416 -195 522 -846
7278 -534 14280 -29 736 -804
7333 -303 14355 -164 1063 -668
7318 -262 14580 -328 1213 -435
7244 -310 14782 -273 1159 -275