13622 6064 13844 8153 -6601 15034
13168 5109 12919 7799 -5264 15669
13172 5633 12681 7184 -4783 15810
13142 5100 12412 6142 -4683 16286
13354 4827 11622 5409 -4639 17265
13848 4586 10720 4941 -3934 18120
13535 3837 9588 4397 -2880 19293
12348 3693 7966 2989 -1675 20560
10627 4564 7114 139 -1743 21515
9629 6060 7541 -4387 -2916 22980
8948 6885 7069 -10190 -4386 25424
8764 5701 6054 -14611 -4915 28597
10148 4712 5641 -18215 -3803 31930
10564 3612 5626 -21075 -2461 32767
9456 2360 5368 -22461 -2223 32767
8726 681 5097 -22690 -2144 32767
8888 -182 5312 -22314 -2168 32767
8836 -1501 5521 -21717 -2612 32760
8156 -3220 5055 -19972 -3481 30078
8204 -5309 5069 -16643 -3867 25787
8184 -6379 5045 -13038 -3983 21972
8182 -7694 5003 -8870 -3533 17915
8066 -8273 4632 -6283 -2752 14659
7906 -8695 4547 -4858 -1696 11965
7448 -8415 5107 -4245 -756 9524
6996 -8584 5410 -3777 -372 7907
6713 -8327 5573 -3407 -757 6665
6741 -8616 5705 -2653 -1328 5640
7185 -8258 6021 -1933 -1516 5273
7466 -7649 6066 -2261 -1488 5150
7404 -7210 6214 -3173 -1906 4579
7800 -7941 6212 -3666 -2249 3588
8008 -8289 6272 -3536 -2567 2437
8298 -8618 6188 -3100 -2669 1613
8315 -8908 6002 -2242 -2672 477
8433 -9134 5904 -862 -2464 -992
8673 -9145 5832 347 -2317 -2320
8933 -9204 5913 1478 -2098 -3784
8862 -9013 5872 2333 -1977 -5445
8792 -9213 5673 3225 -1949 -7244
8476 -9373 5770 4312 -1991 -9156
8244 -8993 5634 5685 -2017 -10935
7921 -9022 5672 7511 -2021 -12651
7458 -8250 5548 8989 -2034 -14312
7017 -7482 5193 10136 -2533 -15989
6962 -6992 4970 11153 -2917 -17988
6949 -6222 4924 12106 -3444 -19982
7324 -5668 4714 12669 -3711 -21784
7392 -4888 4736 12784 -3868 -23254
7680 -3852 4353 12170 -3581 -24595
8178 -3525 4426 11324 -2644 -26326
8645 -3681 4517 10574 -1398 -28055
8676 -3569 4309 10251 210 -30149
8525 -3273 4593 10248 1336 -31987
8185 -2585 4934 10454 1859 -32768
7756 -2380 4832 11105 1492 -32768
7494 -2522 4326 12933 1003 -32768
7628 -1722 4622 14512 575 -32768
7754 -108 4309 15883 899 -32768
8110 1957 4089 16744 1799 -32768
8717 3641 3560 16295 3392 -32768
8960 4733 3281 15993 5260 -32768
8480 5338 3665 16499 6922 -32768
7468 5584 3324 17491 7565 -32768
6529 6990 4089 19174 6503 -32768
6045 8540 3761 20864 4657 -32279
5950 10217 3032 21583 2661 -31326
6408 12398 2541 21168 2084 -30171
6996 14224 2561 20120 2795 -28640
7132 15221 3178 18215 4063 -26990
6076 15509 3432 16410 4281 -25463
5465 15696 3185 15245 3362 -23896
5330 15545 2952 15708 1817 -22807
5510 16560 2701 16352 -24 -21461
5848 17724 2720 15918 -972 -20633
6101 18534 2292 14820 -1106 -19821
6406 18988 1986 13125 -674 -18936
6104 18574 1636 12165 -426 -18121
5385 19129 1417 11548 -753 -17034
5288 19758 1421 10849 -1291 -15484
5246 20430 1628 9597 -1489 -13525
5052 21122 1977 7760 -1439 -11850
5361 21202 2281 5796 -1224 -10499
5210 20872 2473 4055 -1138 -9191
5190 20657 2786 2648 -1473 -7386
5874 20734 3240 1092 -1694 -5172
5849 20853 3436 -931 -1727 -2646
5830 20628 3586 -3070 -1716 -57
5741 20225 3738 -5097 -1749 2122
5996 19557 3562 -6830 -1683 3942
6844 19125 3652 -8020 -1581 5041
7152 18572 3869 -8846 -1259 6088
7374 18004 4221 -9675 -1012 7162
7449 18025 4988 -10836 -1174 8798
7417 17245 5649 -12484 -1355 11154
8010 17009 6362 -14079 -1232 13569
8532 16612 7137 -15447 -1073 15101
8528 16220 7286 -16817 -815 16258
9021 15221 7509 -17231 -320 16728
9112 14302 7674 -16616 191 17416
8565 14350 7564 -16128 163 17868
8628 14305 7600 -16027 -70 18438
8910 13705 7928 -16567 -473 19678
9425 13382 8082 -17267 -602 21840
10281 12585 8608 -18123 661 24580
9748 10630 8902 -15628 -1204 28063
11200 10784 9330 -14890 -1826 29893
11242 10498 9849 -15628 -718 32396
12593 10574 9080 -18259 -675 32767
12762 9466 8464 -18026 575 32767
14854 6576 7906 -18115 2352 32680
14886 5792 7224 -15965 4346 30769
14640 4322 7704 -15556 8980 26325
16090 2626 8210 -15018 12196 22599
15865 974 8654 -13838 14076 16266
15800 484 10214 -9795 14049 10068
13054 1377 11329 -4992 12322 4731
13072 1224 12440 -1640 10550 2920
14801 2138 13241 -1176 9756 1572
15033 2525 13485 -1374 9616 747
15217 2394 13532 -2431 10387 982
14842 2388 13526 -3808 11031 1576
14357 2398 13693 -4085 11124 1386
13822 2193 13677 -4487 11267 1378
13449 1834 13585 -4860 11454 1083
13266 1566 13568 -5006 11563 1220
13201 1534 13662 -5793 11829 1474
12901 1090 13938 -6663 12263 1684
12588 458 14725 -7102 12229 2043
12332 414 15262 -8060 11826 2475
12193 204 15477 -9571 11524 2569
12246 -476 15580 -9645 11019 2317
12164 -628 15737 -9038 10638 1925
12509 68 15512 -9055 10752 1241
12750 178 15612 -9305 11091 766
12450 168 16013 -8979 10979 516
12189 906 16173 -8689 10510 423
12368 1601 16654 -8656 9987 468
12545 2041 17042 -8392 9427 606
12897 2689 17161 -8561 8971 718
12913 2952 17244 -8712 8668 735
12837 3114 17068 -8605 8420 730
12532 3472 16978 -8331 8214 669
11944 3640 17138 -7709 7648 839
11642 4404 16834 -7873 7187 1115
11513 4336 16680 -7938 6939 1382
10818 4024 16449 -7435 6537 1591
10141 4257 16093 -7139 6107 1594
9712 4209 15912 -6736 5594 1468
9089 4297 15584 -6450 5204 1450
8789 4172 15502 -6196 4816 1513
8346 3936 15362 -5458 4462 1598
7753 4025 15190 -4888 4106 1730
7648 3782 15036 -4543 3748 1709
7529 3574 15013 -4064 3630 1569
6920 3484 15084 -3602 3344 1501
6777 3269 15213 -3382 2938 1554
6862 2990 15324 -2904 2678 1441
6562 2782 15406 -2487 2332 1335
5944 2572 15553 -2308 1604 1238
6233 2164 15605 -1992 873 1059
6506 1706 15396 -1603 613 748
6252 1464 15152 -1350 585 382
5782 964 15073 -1091 502 102
5846 575 15068 -713 330 -164
5754 466 15093 -565 210 -245
5266 245 15009 -837 46 -41
5672 -300 14901 -850 -92 69
5967 -469 14894 -785 65 -70
5738 -896 14992 -664 197 -243
5646 -1072 15085 -557 167 -332
5581 -1252 15272 -563 115 -440
5480 -1198 15462 -714 -14 -596
5462 -1290 15516 -733 -256 -810
5549 -1330 15280 -698 -436 -1085
5709 -1354 15201 -621 -404 -1370
5838 -1337 15046 -613 -212 -1547
5848 -1276 15158 -643 -139 -1626
5945 -1281 15356 -531 -168 -1757
6060 -1126 15380 -395 -345 -1887
6160 -940 15322 -290 -443 -2019
6426 -801 15242 -256 -421 -2094
6405 -441 14976 -368 -248 -2122
6312 -425 14913 -571 -148 -2027
6557 -448 14758 -684 73 -1848
6582 -285 14709 -795 262 -1805
6552 -360 14754 -744 283 -1854
6497 -301 14822 -511 165 -1851
6630 -297 14826 -257 -26 -1780
6858 -23 14551 -287 -80 -1705
7249 -53 14337 -302 232 -1589
7404 -13 14295 -208 645 -1296
7445 77 14400 -189 960 -873
7498 -124 14620 -296 1107 -509
7506 -458 14882 -297 993 -298
7465 -608 15033 -215 785 -393
7623 -704 15103 44 595 -747
7653 -633 15083 48 535 -1049
7753 -723 15164 51 603 -1133
7830 -750 15329 -7 697 -1205