10118 6868 12736 -870 12 62
9906 6768 12560 -430 152 -251
9961 6865 12534 -343 334 -330
9948 7087 12520 -519 572 -265
9728 7072 12592 -720 633 -82
9525 7152 12636 -805 416 66
9664 7067 12641 -698 151 27
9960 7078 12591 -557 204 10
9974 7048 12476 -482 466 6
9803 7165 12459 -530 699 59
9598 7214 12580 -514 711 68
9673 7159 12827 -654 749 40
9534 7273 12800 -542 510 48
9730 7169 12812 -307 379 107
9885 7230 12765 -367 452 84
10081 7222 12828 -568 701 160
9882 7172 12954 -802 819 205
9734 7116 13274 -895 627 363
9892 7015 13461 -984 252 705
10702 6872 14151 -1314 57 1402
11658 6803 15162 -2447 14 2790
12765 6336 16022 -3288 -219 4045
14102 5340 16906 -3225 -146 4588
15508 4468 17833 -2386 236 4570
15946 4525 19009 -1728 444 4696
16652 5160 20636 -1159 -77 4676
18420 6626 22400 -578 -499 4474
19189 8896 24049 -942 -1542 4151
19292 10214 25269 -1517 -3518 4991
19708 10829 25545 -1740 -5927 6706
20720 11144 25540 -1093 -7363 7818
21652 11655 25188 -1043 -7484 8169
20636 11962 24144 -928 -6552 8773
20152 12341 22552 -1598 -5782 9775
18022 12030 20704 -3340 -5176 11776
16734 11610 19774 -3756 -3923 12655
14894 11098 19056 -3998 -3391 13711
13092 11476 18330 -4091 -4236 14488
10380 11855 16448 -6433 -7067 16443
8153 10354 14281 -8477 -10504 17989
8056 9194 12825 -10071 -12044 19509
8049 8120 10930 -12575 -12494 20936
7416 6702 8315 -14925 -12580 22170
6972 5328 6298 -16409 -12153 23270
6714 3709 4449 -17890 -11736 23899
6688 2160 2600 -19018 -10619 23819
6432 682 1710 -18596 -9898 23372
6092 -297 1071 -18062 -9208 22762
6445 -2279 650 -16568 -8282 21577
6897 -3690 341 -15434 -7768 19908
6721 -5416 204 -14812 -7214 18375
6822 -6170 386 -14259 -6492 16711
6892 -6848 508 -13748 -5252 14359
6562 -7410 893 -12700 -4231 10756
7192 -8257 2029 -10514 -2906 6447
7310 -9339 3011 -6662 -1574 2314
7549 -9821 3358 -2649 -754 -440
7112 -9105 3654 911 -359 -3387
6985 -8660 4197 4310 -776 -6535
7206 -8620 4876 7161 -1114 -9394
7512 -8456 5773 10112 -1691 -12210
7741 -7645 6123 13936 -2514 -16126
7668 -6297 5980 16901 -3330 -19691
7425 -6537 5496 19594 -3551 -22805
6770 -5120 5032 21548 -3271 -25610
6444 -3906 4318 23046 -2931 -28328
6450 -2516 4397 24542 -1928 -31100
5610 -1246 3666 25616 -1193 -32768
5114 -644 3113 25913 -7 -32768
5164 1065 3212 24087 1326 -32768
4198 1040 3285 21188 2736 -32768
4672 1133 3333 18782 4236 -32768
5445 1249 3341 19041 5476 -32768
5250 842 3296 20968 6287 -32768
4541 2012 2832 23770 5787 -32768
4071 2981 3064 26719 4760 -32209
3978 6103 2714 28971 3408 -30644
3852 9705 2126 27701 2435 -28580
3856 12278 1529 24616 2314 -27012
3964 13904 1740 20799 2575 -25255
3380 14574 2125 17350 2307 -23622
3157 14664 2654 14755 1677 -22487
3198 14309 2468 13307 318 -21475
3778 13924 1929 13453 -918 -21015
4188 13381 894 14961 -1704 -20920
4148 15033 1355 16350 -1154 -20941
4285 13505 -2348 20630 -1326 -22389
7070 18026 288 19191 1908 -22036
3877 17765 1273 17342 3383 -21918
3390 18668 1478 16199 3333 -21414
3101 19238 1722 14664 2318 -20520
2101 19073 1566 13543 266 -19208
2761 20269 1256 11494 -1469 -17442
3189 20877 1172 8725 -2622 -14728
3441 21422 1309 6036 -3091 -11492
3489 22256 1801 2777 -3009 -8335
3233 22596 2332 -1077 -2589 -5670
3616 22650 3038 -6585 -2025 -2788
4505 21269 3906 -11178 -1222 -162
5184 19578 4764 -12835 -840 1617
5938 18396 5471 -13716 -964 3346
6590 18081 6033 -14653 -1434 4576
6736 18300 6425 -16503 -1990 5720
6376 18274 6693 -19700 -2422 7878
6834 18050 7401 -23234 -2746 10616
7390 16790 7930 -26244 -2717 13953
8266 15705 8428 -28418 -2429 16471
8798 15218 9070 -29775 -1726 18258
8814 14490 9334 -29544 1625 19159
5915 14879 9019 -25266 -1515 20791
10197 13552 10214 -23250 -1199 19475
8280 13836 9921 -22832 24 19708
10234 11540 9928 -28708 3225 25115
10200 12150 10069 -31794 1356 28567
13978 10017 12584 -27123 4857 27877
10560 9460 9837 -26444 5345 26556
11582 8828 11329 -23851 4595 24800
13251 8829 11836 -21333 6929 21201
11584 7754 12146 -19282 8644 17259
12721 7501 13157 -16338 9587 14974
13521 6341 13955 -14080 9673 12425
13504 6814 15096 -12577 10040 10611
13895 6699 15668 -12066 9836 8958
15256 5922 16404 -11792 10331 7177
15059 5876 17109 -11395 10886 6260
15020 5326 17750 -10853 11060 4968
14620 5225 18000 -10781 11123 3996
14368 4557 17965 -10800 11014 2766
14094 3672 17758 -10662 11368 1721
13250 3293 17586 -10794 11912 741
12366 3018 17428 -11324 12191 -194
11264 2824 17196 -11951 12386 -1105
10112 2933 17278 -12380 12074 -1793
8664 2796 17822 -12287 10635 -2021
7973 2388 18098 -11466 8763 -1902
8750 2981 18200 -10555 7409 -1466
9173 3146 18034 -9951 7002 -1401
9280 3578 17882 -9317 7160 -1384
9004 4256 17854 -9240 7315 -1425
8357 4214 18068 -8664 7128 -1427
7902 4605 18138 -8198 6583 -1363
7552 4618 18236 -8011 6047 -1343
7448 4250 18434 -7282 5531 -1214
7544 4072 18337 -6465 5064 -1066
7318 4405 18328 -6089 4693 -972
7170 4445 18226 -5770 4308 -988
6866 4438 18100 -5320 3829 -1029
6810 4208 17912 -4848 3407 -1039
6617 4261 17540 -4610 3131 -1116
6174 4150 17226 -4450 2832 -1078
6038 3805 17092 -3963 2511 -871
6005 3598 16910 -3403 2281 -496
5840 3677 16801 -3072 2236 -192
5660 3676 16744 -2886 2073 135
5636 3564 16746 -2687 1880 407
5613 3500 16625 -2498 1705 537
5385 3529 16530 -2487 1564 497
5588 3120 16593 -2282 1426 342
5545 2894 16408 -2079 1379 155
5357 2680 16384 -1799 1202 71
5342 2566 16489 -1568 917 -39
5444 2494 16528 -1549 659 -103
5358 2182 16460 -1390 427 -145
5542 2038 16373 -1172 323 -101
5829 1929 16241 -925 396 -83
5756 2060 16217 -706 438 -154
5374 2138 16266 -695 264 -255
5253 2049 16465 -590 -149 -359
5377 1824 16448 -439 -620 -486
5678 1670 16305 -346 -774 -639
5685 1576 16106 -213 -817 -863
5706 1590 15862 -171 -848 -1128
5740 1598 15693 -78 -886 -1364
5841 1490 15709 97 -916 -1376
5888 1640 15541 114 -923 -1342
5814 1741 15546 -5 -938 -1206
5960 1820 15466 -41 -1015 -1125
6097 1801 15261 -42 -892 -974
6355 1771 15262 -10 -681 -723
6290 1892 15172 -170 -461 -356
6332 1750 15274 -382 -345 1
6430 1498 15370 -476 -213 276
6430 1332 15517 -508 -161 384
6369 1065 15649 -315 -232 312
6345 1020 15773 -119 -315 187
6359 1118 15902 -3 -447 59
6415 1078 16042 -73 -505 13
6396 945 16204 -157 -483 -37
6416 840 16237 -116 -528 -332
6075 869 16239 56 -750 -756
5873 964 16134 153 -1042 -1137
5886 1133 15952 169 -1206 -1376
5861 1294 15782 77 -1257 -1486
5906 1297 15690 28 -1193 -1461
5981 1157 15624 155 -1100 -1448
6004 1158 15529 330 -1079 -1403
5877 1477 15478 408 -1170 -1575
5774 1888 15370 356 -1385 -1708
6000 1989 15154 217 -1465 -1696
6386 1896 15049 213 -1265 -1496