9642 960 18250 6534 1285 -6370
9437 1397 18434 7829 883 -7706
9580 1846 18440 9174 866 -8581
9632 2080 18760 10722 774 -9594
10493 2503 19455 13097 648 -11133
11728 2997 20046 15821 772 -12922
13043 3343 20500 18535 1829 -14988
13413 4849 20320 20353 4178 -16644
12313 7212 20134 22338 7081 -17161
11719 9459 21174 24526 10625 -16729
6610 13089 21826 25991 9425 -14580
5316 14996 22674 27473 4415 -11926
7230 15734 22908 27662 1491 -10219
8048 16330 22128 28314 482 -9320
8666 16618 20845 29230 1462 -8500
6769 18384 18672 27921 4289 -5975
2876 20313 17445 24603 4775 -563
344 21546 17306 20718 1833 5412
1186 22596 17641 16012 -1938 10822
2060 21806 17184 11020 -4338 15175
2657 19997 16394 5749 -5938 18917
3296 17782 15561 1776 -6817 21798
3562 16532 14288 -2548 -7076 24473
3362 14525 13158 -7708 -8419 27720
3236 12424 12673 -11452 -10739 30813
3873 10958 12223 -14694 -12833 32589
5485 8761 11925 -18932 -14471 32767
5994 7609 10858 -22917 -15511 32767
6444 5592 9341 -25880 -15933 32767
6344 4036 7509 -28556 -16653 32767
5512 1466 5841 -28837 -17538 32767
6418 -450 5322 -27567 -17770 32767
7436 -748 4558 -26353 -17499 32767
7968 -2442 2784 -23884 -16252 32641
8822 -2262 1968 -21538 -14178 30804
8468 -2174 611 -19304 -11469 28257
7249 -2452 -28 -15766 -8782 24768
6696 -2394 36 -12961 -8112 22552
6695 -2548 918 -11008 -7915 20596
7406 -3270 1440 -9788 -7174 19684
7034 -3240 1664 -9268 -6688 18988
7445 -3265 2456 -9237 -6078 18204
7637 -4492 3094 -8900 -5566 16593
8244 -5946 3769 -7429 -4807 14907
8073 -6208 4022 -5825 -4328 12664
8404 -7096 4264 -4101 -3779 10711
8649 -7690 4771 -1882 -2968 8191
8721 -8124 5662 1725 -2379 4795
8648 -8278 6377 4990 -2182 2116
8900 -8257 6991 7254 -2523 295
9057 -7344 7142 8270 -2548 -1801
9388 -6894 7337 7847 -2814 -3298
9477 -6061 7377 6779 -2997 -4266
9727 -5757 7272 3984 -3299 -5376
9877 -5901 7189 849 -3141 -5892
9408 -6189 6493 -1231 -2949 -6184
9901 -6148 5614 -3229 -1971 -6640
10064 -5514 5018 -5855 -860 -7290
10133 -8152 5105 -6069 778 -8990
9549 -9240 4908 -3261 2010 -11582
8609 -9481 4784 1695 1434 -15526
7782 -8764 4976 8542 -161 -21020
7996 -8660 4460 14542 -1352 -25583
7884 -8410 4060 18474 -1055 -28417
7627 -6487 3701 21928 -202 -31643
7462 -4666 3490 23909 1513 -32768
7178 -2972 3601 24279 3466 -32768
6664 -3168 3596 25135 5247 -32768
6147 -2598 2662 27531 7901 -32768
5412 -841 2564 29432 11035 -32768
4690 354 2658 31900 13207 -32768
3817 1827 2633 32767 12723 -32768
2574 5912 2025 32767 10635 -32768
1681 9746 1786 32767 8431 -32768
1834 10756 1716 32767 7202 -32768
2292 13039 2505 32767 5857 -31882
2288 14961 2384 31446 3156 -29197
2626 15881 961 29258 113 -26599
3377 16682 268 27647 -2309 -24271
3334 17964 -273 25935 -4150 -22793
3434 18520 -672 24607 -5188 -22020
3456 18902 -1890 23605 -5690 -21157
3398 18922 -2694 22939 -5561 -20231
3029 19962 -3122 22176 -5034 -19713
3104 21448 -3141 20845 -4667 -18849
2937 21517 -3512 19760 -4448 -17339
2142 21462 -3978 18964 -5195 -15467
2077 21520 -4357 17851 -6269 -13546
1870 21385 -4658 15493 -7284 -11619
1677 21388 -4568 12651 -7856 -9798
2194 21344 -4234 10094 -7615 -8108
2228 20973 -3846 7417 -7511 -6100
1442 20534 -3692 5639 -7988 -4321
1114 20716 -3525 2557 -9167 -2130
830 20708 -3342 -2208 -10590 272
1134 20630 -3272 -7076 -11321 2219
1776 20992 -3330 -12482 -11228 4018
2286 20825 -2856 -17823 -10539 6118
2877 20332 -2328 -22144 -9715 8722
3329 19645 -1374 -25172 -9390 11801
3713 19244 -234 -27794 -9422 15213
4918 18585 953 -30085 -9310 18717
5626 17732 1921 -32160 -8420 22215
6313 17124 3202 -32768 -6904 24671
7596 15794 3888 -32768 -5212 25980
8177 15261 4870 -32768 -3426 26381
9465 14709 6070 -32768 -1644 26490
9765 14718 5673 -31968 1833 27264
10609 15256 8184 -26658 968 26793
13686 13597 9593 -28108 3519 25344
12878 14276 9530 -26213 5884 26312
13286 12957 9909 -26212 7400 26118
13436 11173 10146 -28746 9970 26005
14044 9076 10453 -30157 11464 24485
13226 8726 10112 -30640 13311 23639
14041 8449 10733 -31651 12119 22649
13874 6460 11442 -32768 13145 23008
16074 7289 13526 -31448 12454 20603
15636 5397 14525 -26836 12996 15063
14681 5513 14726 -21223 13235 10947
14097 5217 15326 -16821 10974 9856
15448 4324 16004 -14054 10676 8494
14088 2802 18833 -10396 8906 6617
12713 -8804 24570 3751 1039 -1678
15973 13428 15629 -4900 4214 -4134
19852 22046 9586 -26047 12793 376
21345 -5676 12044 -19846 19221 -427
16468 217 16169 -8594 23100 486
10840 9744 14733 -12228 21405 4252
8212 2790 16325 -7851 17164 4405
6341 5756 18113 -2887 11557 3964
7141 8914 18338 -4364 5747 3105
9186 7584 18105 -6411 2456 2502
11757 6414 17354 -7338 2075 2213
12308 5753 16333 -8080 3557 2546
11724 6164 15722 -9177 5334 2814
10140 5669 15365 -10205 6337 2770
8561 4978 15509 -9803 5737 2507
7308 4970 15082 -8902 4584 2627
7417 4797 15289 -8667 3597 2825
7457 4230 15646 -8021 2607 3115
7924 4720 15593 -8044 2214 3282
8318 4704 15472 -8654 2325 3042
8426 4172 15266 -8410 2870 2574
8250 3804 15241 -7901 3369 2103
7980 3677 15298 -7473 3632 1619
7465 3676 15544 -7237 3409 1396
7301 3606 15820 -7125 2859 1319
7229 3385 16085 -6679 2289 1364
7428 3608 16162 -6736 1834 1357
7410 3389 16260 -6296 1383 1335
7682 3438 16178 -5858 1291 1213
8004 3418 16381 -5445 1484 1076
7833 3254 16282 -4846 1619 1069
7618 3382 16229 -4554 1644 1080
7410 3248 16196 -4307 1630 923
7352 3170 16242 -3934 1484 662
7318 3101 16154 -3525 1505 388
7200 3178 16381 -3348 1561 358
6729 2654 16088 -3069 1482 484
6796 2873 16445 -2600 1339 626
6897 2716 16450 -2250 1162 574
6774 2594 16453 -1833 1048 421
6322 2632 16217 -1559 796 266
6286 2393 16078 -1144 432 146
6793 2124 15928 -712 363 146
6757 2096 15698 -694 552 365
6566 1782 15472 -771 612 618
6604 1454 15408 -778 613 747
6465 1372 15132 -842 574 718
6386 1145 15060 -656 449 620
6618 866 15007 -460 203 573
6766 647 15103 -557 64 496
6961 336 15087 -510 51 315
7156 254 15029 -368 89 -56
7105 362 14980 -446 34 -452
7169 437 14973 -632 -152 -767
7361 281 14959 -754 -247 -866
7533 268 14937 -721 -159 -718
7329 362 14848 -727 -60 -585
7177 459 14854 -778 -176 -475
7400 469 14829 -886 -131 -306
7436 302 14924 -1047 -41 -216
7483 161 14857 -958 97 -277
7367 115 14988 -911 253 -494
7151 104 15129 -817 112 -810
7225 96 15259 -818 -63 -1017
7201 92 15328 -977 -246 -1203
7253 -136 15337 -953 -474 -1525
7200 -306 15280 -773 -606 -1912
6817 -98 15088 -806 -712 -2260
6600 -473 15013 -787 -857 -2502
6406 -454 15132 -451 -1071 -2552
6620 -509 15076 -254 -1182 -2653
6697 -252 14773 -151 -1074 -2707
6592 -14 14692 104 -873 -2772
6550 204 14709 294 -739 -2888
6724 329 14608 546 -690 -2972
6900 604 14725 628 -493 -3000
7121 876 14700 510 -300 -2946