1989 17718 16860 9338 -4598 6778
2078 19979 17536 8022 -4928 10498
3051 21701 18413 5072 -6184 14334
3986 22188 19136 2875 -6764 16345
4461 22722 20080 -283 -7448 18799
6209 21760 21144 -5004 -7518 22055
6901 20317 21512 -7213 -7111 24171
6797 19451 21734 -8561 -7179 26461
6205 19028 22048 -9969 -7931 28795
5693 18469 21838 -12617 -9674 31391
6108 18149 21298 -16826 -11737 32767
6280 16438 20240 -20294 -13365 32767
6629 14150 19064 -22744 -14441 32767
6610 11899 17348 -23799 -15480 32767
6356 10268 15845 -24354 -16518 32767
6405 7768 14650 -24226 -17874 32767
6488 5892 13678 -23677 -19207 32767
6365 4201 11687 -22613 -20606 32767
6453 2505 9385 -20753 -21667 32649
7164 2180 8240 -19889 -21243 31801
7760 1660 6828 -19651 -19688 29497
7966 424 5468 -18449 -17646 26682
7974 -502 4436 -17533 -16094 24758
8475 -1897 3520 -16125 -13329 22384
8211 -2975 2644 -14092 -10326 20560
7800 -2804 2037 -13545 -7931 19815
7197 -2305 1551 -13916 -6553 18082
7090 -3497 1305 -14613 -5371 15854
7697 -4612 1468 -14669 -4540 13546
8693 -6021 1708 -13419 -3238 11234
8772 -6254 1898 -11534 -2204 8929
8864 -6955 2889 -8114 -933 6581
8634 -7038 3785 -2860 133 4729
8704 -6018 4503 1475 527 3870
8291 -4564 5421 5351 -2 2688
7862 -3186 6048 6911 -1302 1141
7696 -3305 6787 7036 -3213 -228
8245 -3376 7719 7237 -4970 -1715
9114 -4845 8186 8778 -5245 -2975
9499 -4700 8320 10295 -5017 -4844
9432 -4816 8068 11550 -5369 -7112
9654 -6061 7372 14020 -5026 -10046
8426 -5345 7086 16717 -5338 -13942
7845 -3790 7094 18323 -6404 -17213
7413 -4343 6508 19527 -7363 -20741
7162 -5090 6456 20947 -7629 -23261
7546 -4628 5797 21437 -7487 -25162
7415 -4538 5176 21095 -6435 -27670
7548 -4482 3956 20388 -3741 -30074
7472 -3369 4224 20705 -948 -31756
6482 -2773 3881 21342 -535 -32669
5995 -2838 3878 23381 -818 -32768
6877 -2136 3890 25399 -735 -32768
7672 -992 4065 26450 291 -32768
7376 1129 4069 26049 900 -32768
6577 3245 3825 24065 933 -31752
5430 4198 3037 22032 -138 -30366
3690 5304 2053 20599 -2028 -28474
2830 7026 1192 19034 -4286 -27146
3481 7901 1101 17911 -5201 -26100
3566 9637 1305 16196 -5182 -25572
3445 11480 1301 14037 -4596 -25121
3065 12490 517 12220 -4347 -24714
3056 14096 286 10730 -4197 -23909
3560 14924 566 9171 -4092 -22868
3325 15438 621 8514 -4550 -21579
3702 15437 933 8753 -5181 -20502
3796 15376 1132 9494 -5838 -20138
4302 15704 490 10842 -6431 -20698
4576 16054 -462 12357 -6832 -21097
4593 17342 -800 13204 -6963 -21312
5346 19045 -830 12533 -5745 -21183
4570 19948 -626 10873 -4364 -20693
3433 19930 -769 9626 -3798 -20120
2268 20013 -1069 9198 -4075 -19566
1884 20402 -1658 8874 -4678 -18942
1356 20534 -2356 8286 -5620 -17753
1624 21054 -2993 7649 -5873 -16181
2681 21988 -3138 6394 -4779 -14370
3676 22053 -2753 4836 -2812 -12256
3469 21792 -1976 3873 -853 -9879
2878 22397 -1124 2828 392 -8155
1721 22506 -517 1203 406 -6876
1201 22918 -210 -556 -355 -5380
1578 23396 121 -2858 -1459 -3704
2589 23736 524 -5202 -2389 -1883
3318 24206 988 -7877 -2211 -76
4342 24116 1578 -10394 -1199 1704
5049 23442 2242 -12265 255 2913
4650 22316 2654 -12609 1170 4636
5004 22200 2729 -13568 2245 6596
5201 21637 3354 -15145 3096 7955
6002 20561 3958 -16696 3853 9923
6648 20145 4564 -18402 4516 11759
6881 18973 5052 -20074 4892 13309
6865 17586 5701 -21735 5136 15583
7192 16914 6385 -23101 5675 18107
8032 16498 7244 -24591 6475 19996
10814 13914 7982 -24771 10593 23206
6638 13970 7841 -21537 5430 23399
11817 11692 9276 -22332 8018 22449
8681 13305 8694 -20638 9363 22999
8200 11849 9034 -21454 12335 22286
11052 7854 11278 -29547 14198 26614
8258 10480 10858 -32476 9265 28838
11334 9546 13322 -27663 9023 25031
9145 8505 12516 -29078 9985 22958
8438 9070 13081 -25639 7032 21312
11748 7034 14460 -25403 7310 20545
12093 7057 14568 -26232 8075 19016
12326 5222 14506 -25155 7983 19190
13337 5488 15162 -22923 9035 17904
12164 4321 15109 -20603 9802 17133
13244 2901 15477 -18787 10281 14583
13636 2477 15929 -17076 10787 11905
13062 2417 16410 -15621 11366 9304
12745 1892 16769 -15023 11541 7201
12252 1706 17276 -14208 11367 6204
12101 1882 17485 -14172 11237 5488
11772 1920 17654 -13928 11409 5175
12156 1842 18130 -13691 11708 5212
12076 1857 18552 -13547 11847 4764
11365 1913 18674 -12981 11625 4083
10808 2150 18509 -12919 11385 2957
10758 1745 18692 -12411 11082 1851
10438 1909 19084 -11645 10551 1089
10254 2390 19400 -11056 9913 507
10004 2610 19720 -10261 9099 113
10112 3277 19721 -9684 8398 -56
10058 3726 19482 -9891 7898 -216
9822 3673 18970 -9815 7649 -577
9205 3521 18845 -8712 7069 -932
8726 4014 18450 -7667 6319 -1177
8361 4384 18372 -6864 5488 -1398
8496 4354 18448 -5901 4608 -1338
8381 4858 18280 -5856 3954 -917
8105 4844 17974 -5968 3294 -621
7825 4598 17781 -5733 2519 -515
7916 4376 17597 -5519 1955 -525
8041 4170 17468 -5194 1639 -500
7889 4078 17294 -4714 1483 -601
7722 3877 17465 -4141 1174 -843
7396 3946 17705 -3568 576 -1069
7013 3938 17706 -3305 -149 -1128
6957 3857 17554 -3301 -957 -850
6550 3484 17354 -3282 -1713 -403
6370 3153 16888 -3246 -2297 -126
6166 2505 16286 -2846 -2607 0
5850 2610 15726 -2518 -2659 41
5500 2378 15430 -2282 -2720 -19
5168 2272 15025 -2043 -2700 1
4938 2049 14642 -1919 -2685 81
4765 1933 14373 -1826 -2532 100
4558 1850 14178 -1725 -2396 62
4490 1722 13976 -1599 -2144 70
4489 1650 13780 -1388 -1823 240
4300 1517 13876 -1328 -1539 525
4596 1034 14132 -981 -1365 1031
4917 957 14218 -903 -1006 1378
4714 860 14244 -931 -656 1555
4436 766 14180 -1047 -519 1608
4693 477 14294 -1021 -432 1612
5111 42 14182 -874 -62 1568
4925 -242 14233 -791 340 1510
4984 -428 14408 -616 462 1464
5230 -526 14364 -391 594 1292
5472 -716 14380 -170 850 1038
5420 -500 14354 -222 1173 769
4960 -482 14425 -390 1358 470
5120 -629 14649 -178 1303 276
5524 -624 14884 -45 1262 200
5704 -582 14921 -263 1341 238
5505 -534 14861 -543 1454 283
5485 -1020 14936 -368 1513 445
5697 -1029 15129 -1 1548 433
5804 -937 15213 98 1645 229
5883 -904 15337 279 1736 -27
6020 -972 15468 421 1784 -116
5751 -550 15414 107 1732 -36
5660 -696 15545 -84 1448 122
6002 -893 15642 -119 1210 291
6224 -905 15634 -243 1184 304
6333 -1020 15474 -359 1290 183
6197 -1165 15517 -279 1361 79
6006 -1090 15513 -272 1326 -15
5954 -1101 15574 -194 1211 -82
6093 -1000 15553 -171 1139 -66
6204 -1028 15590 -334 1083 -33
6150 -1109 15618 -306 1123 -23
6102 -1028 15545 -257 1122 -77
5974 -1038 15597 -173 1083 -272
5758 -1082 15605 -40 1010 -477
5713 -876 15532 9 805 -705
5877 -819 15470 87 582 -846
6071 -634 15424 -2 585 -811
6081 -753 15370 -26 687 -793
6171 -755 15411 121 810 -846
6098 -456 15506 83 773 -868
6078 -366 15572 52 508 -811
6237 -244 15641 4 206 -788