9476 7061 23052 9130 -3905 -2462
10424 7709 23444 10575 -3789 -1917
11066 8440 23732 11976 -3125 -860
11642 8708 23766 12642 -2459 831
11693 9086 23366 12883 -1935 3065
11588 10444 22736 12639 -1182 5272
10904 11546 22278 11646 -643 7407
10609 12232 22632 10091 -630 9205
10777 11670 23070 8253 -1328 10533
10693 10782 23230 7358 -2547 10961
10798 10232 23156 7491 -3782 10892
10504 10229 23010 8134 -4718 11061
9604 10880 21760 8535 -5942 11875
8948 11154 20449 8426 -7372 12972
9132 11262 19605 8276 -8586 13810
9162 11398 18782 7505 -9789 14742
8709 12001 17513 6623 -10767 16111
8708 11334 16552 5944 -11595 17009
8773 11208 15353 5146 -11890 18054
8802 10832 14094 4265 -11951 18666
8860 9338 12761 3669 -11591 19334
8746 8882 11329 3116 -10895 20183
8228 8458 9906 2214 -10100 20601
7904 8100 8892 1405 -9078 20801
7424 6754 8116 834 -8441 20502
7212 6046 7390 267 -7925 20487
7214 5101 6765 -125 -7365 20334
7066 4284 6361 81 -6662 19784
7185 3476 5977 608 -5886 18959
7041 2261 5445 1226 -5075 18048
7042 1644 4952 2008 -4202 17133
6754 1526 4814 2386 -2881 16417
6590 2160 4868 2156 -1398 15596
6144 2232 4985 2182 -549 14298
5845 2082 5090 2444 43 13132
6096 2110 5621 3154 463 11930
6840 -218 6442 5865 1428 10181
6878 -244 6468 9554 2346 8586
6970 -485 6492 13795 3173 6517
6769 -826 6710 18115 3759 3771
6304 17 6828 21006 3182 368
6165 1285 6732 21317 2078 -3827
5413 890 7044 21233 484 -8436
4992 45 7284 21396 -1255 -12177
4349 1053 7241 21564 -3902 -15080
3984 1018 7112 21233 -7532 -16980
3512 453 6180 21542 -12105 -18388
2960 473 6158 23788 -17520 -19923
1782 -156 5186 27538 -23081 -21572
2709 2350 4861 27822 -27023 -22537
3525 4612 4334 25102 -29160 -23220
5185 3532 4302 23822 -28142 -25290
7766 710 3410 29816 -23859 -25959
9358 2762 2258 32767 -18731 -24833
7438 9305 2284 32767 -14013 -23528
5898 12456 2342 32637 -10746 -21687
5820 12089 2733 29152 -8301 -18928
5221 11056 2477 26278 -7547 -17107
4214 10446 1808 23287 -7514 -15306
4185 9586 1258 21111 -8333 -13745
3978 9402 178 18755 -9236 -12930
4021 8137 -322 18330 -10041 -12911
4285 9336 -1252 17530 -9941 -13755
4810 9824 -1136 16817 -9508 -14591
5009 10429 -1212 16155 -9013 -15427
4516 11250 -1778 16053 -8797 -15735
3945 12602 -2413 15475 -9557 -15289
4222 13728 -2822 14197 -10373 -13967
5029 15253 -3165 12382 -10685 -12932
4918 15893 -3720 10611 -10729 -12066
4312 15998 -4560 9292 -11372 -11161
2900 15941 -5385 7906 -12722 -9407
3677 15989 -5660 7066 -13895 -7895
4684 16140 -6289 5189 -13938 -6775
4014 16129 -7234 3260 -13730 -5641
4044 16846 -7909 689 -12805 -4522
4106 16664 -7562 -825 -11418 -3839
4308 17825 -7456 -2553 -10060 -3361
3325 18913 -7242 -4943 -9024 -2686
3016 19778 -6936 -6953 -8762 -2322
3974 20441 -6554 -9033 -8236 -1895
3957 21072 -6541 -12143 -7858 -931
3540 21822 -6108 -15101 -7387 781
4249 22241 -5640 -17783 -5858 2997
5648 22694 -4673 -20218 -3684 4853
6201 22205 -3782 -21888 -1609 6104
6350 21966 -2594 -22985 69 7241
6057 21738 -1668 -24495 1198 8943
5820 21385 -889 -26468 1458 11384
6120 21288 620 -29829 1346 14425
7204 20774 1610 -32655 950 17394
7873 17128 2594 -32768 878 19718
9290 15738 3420 -32768 1218 21062
8920 16029 3493 -31985 1553 21442
8854 15054 4093 -30118 1948 21385
10068 14808 4953 -28803 2977 21609
11021 15609 5496 -29265 4452 22666
11665 14054 6210 -28995 6131 23718
11656 13205 6188 -28438 8071 24846
11121 11982 6737 -27509 9388 25528
11362 11746 7586 -25931 10048 25114
11825 12861 8168 -26050 10539 23899
11828 12350 8550 -25719 10680 21858
12005 11384 9180 -24725 10773 20585
12633 11312 9860 -23430 10586 19930
13109 11773 10850 -22710 10377 20047
13413 11304 10957 -24035 10454 20742
14308 8348 11892 -23794 10191 21339
14886 7085 12154 -22985 10822 21351
14810 5924 12280 -22766 10791 20397
15044 3310 12822 -21488 10555 18148
14733 1421 13258 -18833 10441 15548
14449 1082 13865 -16311 10418 12154
14689 1801 14414 -14636 9937 9226
14062 994 15208 -12595 8816 6985
14100 1554 15906 -11276 7404 6326
14218 2405 16017 -11906 6196 6722
14077 1852 15517 -12960 5855 7919
14233 1353 15078 -14165 6162 8919
13766 569 14446 -14753 6477 9271
13396 -201 14008 -14604 6946 8655
12725 -672 13752 -13742 7269 7350
11980 -1357 13900 -12149 7199 5694
11648 -732 14400 -10571 6918 4174
11397 -204 14892 -9707 6188 3125
11609 653 14884 -9930 5845 2535
11948 278 15049 -10066 5810 2412
11662 809 15138 -9994 6082 2675
11822 1101 15186 -10484 6278 2892
11494 869 15350 -10178 6326 2789
11157 729 15146 -9603 6218 2372
10718 558 15254 -8500 5951 1774
10141 1278 15610 -7903 5266 1215
10378 993 15376 -7399 4604 641
10766 1468 15281 -7083 4567 519
10738 1124 15257 -6644 4665 373
10072 996 15438 -5796 4379 291
9824 1432 15593 -5212 3790 163
9846 1584 15657 -5016 3223 -13
10038 1522 15458 -4921 2921 -187
9856 1336 15433 -4724 2719 -276
9468 1174 15458 -4298 2287 -272
9274 1113 15300 -3972 1770 -308
9125 794 15148 -3408 1238 -543
9148 976 15118 -3028 932 -810
9137 896 14944 -2696 684 -1096
9009 744 15057 -2275 343 -1201
8904 986 14786 -2134 55 -1170
9010 825 14474 -2069 14 -1198
9106 608 14334 -1761 172 -1320
8592 549 14118 -1567 178 -1229
8093 613 13922 -1547 -75 -1106
8316 500 13880 -1594 -266 -1041
8621 46 13644 -1386 -215 -1125
8229 -380 13426 -996 -94 -1236
8310 -301 13496 -676 -141 -1308
8686 -310 13522 -459 -208 -1452
8686 -253 13516 -350 -203 -1414
8521 -156 13494 -368 -155 -1091
8926 -142 13625 -405 -176 -669
9150 -435 13614 -455 22 -395
8687 -664 13435 -401 107 -374
8380 -776 13521 -218 -118 -412
8703 -897 13463 -13 -297 -428
8815 -990 13305 -84 -162 -287
8680 -1105 13237 -260 0 -138
8591 -1484 13178 -62 -50 -9
8780 -1410 13239 9 53 -35
8868 -1572 13137 127 203 -240
8841 -1622 13178 259 364 -338
8769 -1454 13182 222 449 -331
8626 -1325 13164 170 445 -193
8738 -1430 13345 173 451 51
8838 -1338 13233 -14 609 383
8877 -1504 13293 -279 741 620
8832 -1628 13244 -350 798 632
8794 -1704 13272 -360 857 443
8714 -1940 13184 -275 1021 303
8594 -1881 13261 -195 1067 283
8582 -1701 13293 -299 1090 299
8620 -1697 13374 -371 1129 309
8814 -1762 13436 -348 1231 294
8773 -1656 13413 -246 1338 269
8756 -1613 13449 -238 1333 283
8850 -1584 13377 -151 1428 284
8825 -1533 13458 -84 1472 271
8934 -1584 13565 -16 1511 408
8880 -1565 13741 69 1543 475
8750 -1628 13897 148 1484 592
8530 -1545 13940 59 1426 642
8290 -1781 14101 85 1269 473
8418 -1832 14024 316 1161 290
8477 -1629 14097 304 1066 97
8341 -1435 14179 31 947 42
8225 -1552 14246 -70 630 -43
8283 -1504 14169 6 401 -331
8241 -1661 13981 211 222 -674
8465 -1552 13789 431 216 -914
8642 -1536 13822 544 306 -1076
8738 -1325 13892 693 450 -1118