-17085 27495 22673 -19374 -27048 32767
-16581 25435 21699 -20595 -29495 32767
-15725 23448 20366 -22292 -31445 32767
-14798 20846 18545 -23817 -32222 32767
-13612 17110 16309 -23511 -32144 32767
-13554 15032 14904 -22731 -32594 32767
-13006 11917 12119 -21357 -32768 32767
-11850 8508 9066 -18400 -32768 32767
-10296 8642 6948 -18197 -32268 32767
-9681 6865 4969 -18065 -30970 32767
-8129 4902 3385 -17603 -28914 32767
-6797 2909 1876 -16311 -26875 32767
-4757 2536 1253 -15718 -24306 32767
-2992 3717 1294 -15825 -21261 32767
-2772 2601 241 -15545 -19405 32767
-1788 1186 -61 -14228 -18313 32767
-928 -605 -528 -12449 -16975 32463
-509 -1329 -762 -10160 -16422 30440
604 -2758 -754 -7806 -15512 28191
1212 -3332 -720 -6061 -14443 24971
2318 -4825 -628 -4444 -13341 21530
3212 -5880 -368 -3022 -11196 17707
3424 -6514 -248 -1534 -9405 13722
3626 -6880 -97 37 -8075 9917
4196 -6546 113 1050 -6403 6912
4438 -6446 448 1342 -3704 4703
3965 -4861 1322 695 -1850 3337
4572 -5109 2209 -214 -650 2462
4616 -5417 3348 -467 -14 2139
5334 -5638 4196 -191 583 2383
5696 -4892 4838 -184 766 2376
6370 -4470 5734 -104 -142 2221
7329 -4501 6370 265 -864 1629
7888 -4057 6882 641 -1753 498
8866 -4310 7578 1638 -2462 -724
10165 -4269 8417 2655 -2636 -1943
10813 -3874 8920 3731 -2617 -3016
11356 -3801 9138 4997 -2427 -3703
11669 -3128 9252 5504 -2288 -4086
12041 -3314 9476 6014 -2131 -4575
11921 -2977 9160 6402 -2109 -5680
12166 -3653 8964 6286 -1973 -6438
11613 -3038 8382 6031 -1681 -7697
11288 -3052 8012 5296 -1719 -9332
11632 -4177 8098 5257 -1416 -11010
12285 -4658 8070 5359 -740 -12437
12442 -5269 7901 5855 358 -13639
11808 -5872 7488 7196 1965 -15294
10877 -5314 7317 7965 3059 -17888
10116 -5617 7101 9564 3253 -20742
9245 -5849 6784 11893 3093 -23898
8930 -5338 6781 13841 2536 -25951
8114 -4032 6649 14939 1305 -27651
7856 -3353 6436 15635 319 -28902
8160 -2878 6221 16582 95 -30276
7974 -1801 5696 17489 275 -31727
8050 -470 5513 19465 1108 -32719
8194 1157 5293 21422 2530 -32768
8058 2736 5125 23319 4316 -32768
7514 4073 4842 24579 5553 -31852
6572 5089 4733 26146 5317 -29963
5766 7365 4764 26656 4441 -27951
4966 8617 4198 26804 3358 -26091
4220 10021 3296 26532 1605 -24042
4249 11756 2454 24869 -238 -22448
4333 13246 1770 22529 -1679 -20447
4404 14820 1518 19762 -3079 -18566
4361 16306 3489 16197 -3675 -16809
4485 12361 -1012 17320 -5022 -16898
6780 14345 153 16749 -4314 -16033
6252 14072 176 16124 -3286 -16012
6136 14185 -53 16000 -2992 -15865
7134 14789 -558 15687 -2486 -15551
7270 14758 -792 15528 -1555 -15051
6828 15626 -609 14899 -915 -14620
6912 16566 -274 13736 -864 -14032
6852 16598 -72 12977 -1143 -13042
6260 16670 -93 12682 -1689 -11567
5865 16792 -33 12099 -2336 -9727
5280 17422 -106 10886 -2799 -7738
5273 18877 462 8144 -2695 -6225
5169 19508 898 4280 -2261 -5180
5037 19469 1281 613 -1682 -4194
4994 19520 1892 -2570 -1323 -2827
5109 18532 2884 -4725 -1372 -1155
5349 17974 3597 -6197 -1578 753
5070 17642 3866 -7826 -2684 1932
5589 17336 4048 -9454 -3734 2930
6626 16814 4022 -10740 -3694 3766
7730 17185 3944 -12129 -2639 3927
8394 17184 4176 -13048 -1023 4077
8713 16685 4580 -13193 629 4358
8546 16777 5022 -12877 1507 5094
8484 16482 5700 -12833 1510 6426
9376 17117 6208 -14292 1095 8226
9909 16733 6516 -17172 626 10133
10364 16310 6677 -20569 364 12139
10444 14754 6749 -23591 47 14405
10750 12861 6578 -26014 429 16909
11258 11154 7393 -26083 1731 18737
12782 11373 8578 -24841 4339 18794
13966 11194 9705 -23182 6541 17407
11066 13625 7632 -19067 9303 16171
12242 9886 10044 -13650 10940 12418
11625 10097 10878 -8449 9046 7452
11662 10214 11550 -9322 6349 5231
11450 10170 12032 -9200 4703 3954
11928 9041 12764 -12244 6941 7037
13274 9918 12789 -17336 8045 9906
12890 8032 12181 -22391 9425 13471
13346 6578 12208 -26145 8744 15662
13053 6997 11973 -29506 9289 16831
12084 5041 11907 -28139 9973 15343
11628 5824 13572 -26448 9632 15874
13949 3976 13644 -21043 13271 7721
11565 3077 13793 -16489 15061 5453
12448 5182 13886 -13641 13868 2435
12581 3640 15406 -11371 13761 1872
12836 4041 15473 -11362 14018 1359
11938 4408 15392 -11024 13654 -33
11481 3110 16693 -10253 13441 55
10732 4008 16702 -11473 12766 1483
11609 3694 16945 -13338 11672 1902
12053 3616 17121 -13859 12292 1555
11933 3260 17310 -13405 13662 767
11300 2858 17836 -12018 13700 75
10830 3656 18658 -11454 13071 -423
10426 3778 19193 -10723 11805 -855
10169 4209 19886 -10082 10831 -1413
10390 4621 20332 -9439 9734 -1457
10470 4681 20349 -9473 8917 -1192
10734 4889 20420 -9475 8470 -1087
10504 4697 20056 -9536 8335 -1297
10040 4493 19600 -9521 8345 -1842
9058 3841 19401 -8730 7784 -2119
8165 3524 19196 -7889 6917 -2336
7822 3585 18813 -7365 6150 -2683
7694 3658 18469 -7118 5668 -2975
7244 3278 18070 -6838 5289 -2917
6696 2970 17770 -6243 4902 -2746
6060 3024 17682 -5356 4200 -2639
5894 3281 17642 -4956 3613 -2741
5822 3384 17548 -4588 3100 -2879
5516 3516 17513 -4302 2629 -2848
5326 3616 17408 -4131 2262 -2794
5429 3581 17224 -4008 2030 -2795
5384 3432 16998 -3825 1938 -2925
5042 3437 16777 -3423 1685 -3099
4673 3449 16401 -2931 1501 -3131
4321 3605 16306 -2549 1245 -2921
4452 3336 16445 -2181 972 -2411
4456 3036 16362 -1970 702 -1847
4382 2893 16336 -1882 475 -1426
4337 2517 16181 -1622 264 -1342
4434 2232 16057 -1304 94 -1475
4449 2269 15773 -1061 137 -1728
4700 2048 15710 -900 274 -1888
4811 1842 15712 -828 572 -1695
4554 1553 15701 -810 670 -1467
4205 1457 15728 -638 307 -1391
4169 1414 15696 -428 -94 -1427
4650 1353 15660 -195 -337 -1508
5068 1364 15706 -3 -274 -1554
5246 1426 15584 32 -27 -1457
5126 1468 15593 16 102 -1304
5036 1422 15512 42 97 -1141
5084 1312 15501 -34 114 -1085
5145 1149 15556 -51 1 -1051
5185 1257 15365 3 16 -1072
5278 1274 15417 15 219 -892
5512 1185 15430 -63 380 -639
5501 1150 15614 -167 474 -427
5569 1165 15766 -279 536 -295
5684 958 15876 -240 581 -255
5773 802 15880 -64 666 -309
5807 789 15885 52 868 -280
5801 972 15914 -9 1029 -201
5562 912 16192 -91 873 -59
5305 946 16241 -151 414 -3
5426 856 16269 -46 -80 -157
5655 846 16143 174 -227 -407
5663 956 16095 59 -119 -559
5377 944 15974 -84 -27 -614
5231 720 16000 -43 -135 -668
5069 569 15985 278 -390 -821
5033 624 15905 568 -655 -1032
5185 848 15840 625 -699 -1140
5268 978 15814 472 -658 -1192
5309 1096 15784 296 -624 -1105
5357 1177 15828 31 -586 -976
5462 1185 15818 -108 -474 -903
5568 1236 15772 -155 -324 -905
5617 1220 15780 -136 -252 -887
5526 1226 15946 -106 -181 -885
5464 1221 16040 -69 -292 -880
5528 1232 16086 82 -430 -917
5714 1322 16160 152 -556 -1034
5692 1476 16146 189 -670 -1322
5744 1336 16040 343 -755 -1557
5806 1406 16074 605 -769 -1916