3773 8357 17154 12837 13037 -5443
2410 9126 18130 12628 12000 -4858
1250 10978 18864 11398 9934 -3632
364 13292 19836 10297 7183 -1979
1298 15298 21505 9311 4495 -80
2961 15329 24108 9852 927 1914
5049 15458 25793 11614 -1893 4420
7176 16745 26809 13876 -3461 7497
8520 19148 26965 14704 -3896 11521
8657 22237 26321 13096 -4044 15568
9516 24265 26885 7771 -3670 19398
9656 23098 28133 1303 -4177 22959
10294 20438 29397 -4197 -5097 26515
10918 17361 30489 -6838 -6178 28667
9382 14194 30760 -6164 -8214 30328
8652 13958 30618 -6026 -10593 31529
8940 13254 30842 -7727 -12645 31701
8490 11070 30416 -8998 -14701 30637
7900 8048 29437 -8135 -16306 29033
7774 6293 28478 -6009 -17418 27308
9938 2856 28204 -6436 -16677 26683
1002 8213 25242 -7780 -20109 21494
6037 6440 23378 -2928 -18045 19698
4304 3661 21022 -5230 -20907 21681
2056 4557 18832 -1660 -24224 24038
5893 5169 17394 1081 -25351 21876
4522 6550 14914 5201 -24566 14897
1001 5290 13340 3279 -18988 17273
3556 5772 10462 -2015 -17354 18307
4754 4016 8322 -8883 -16329 19826
4252 4086 6248 -13397 -15611 20955
4408 4852 4894 -16676 -12804 21649
3781 4762 3609 -19215 -9771 21378
4256 2952 2401 -19140 -8210 20453
4680 1884 1374 -18046 -7639 18259
5265 622 753 -16231 -6944 16521
5786 -28 405 -13919 -5889 14494
5773 -1432 349 -10914 -4554 13575
5392 -1500 116 -8527 -3782 13053
5500 -776 424 -7306 -3526 12560
5392 -581 470 -6713 -3391 11636
5688 -173 541 -6585 -3389 10460
6318 -346 914 -6506 -3064 9492
6713 -401 1270 -6085 -2195 8454
7113 -34 2117 -5535 -792 7728
6973 -274 2636 -5086 532 7049
6341 -38 3586 -4460 1396 6546
6009 -64 4337 -4019 1653 5974
6046 -161 5461 -3113 1316 5489
6706 -1070 6414 -1964 762 5043
7389 -1658 7128 -625 387 4519
8168 -2089 7618 464 180 3778
8268 -2758 7617 1991 65 2581
8040 -2874 7686 3206 -304 1387
8558 -3264 7930 4235 -561 156
8728 -3705 7928 4616 -645 -1087
8717 -4317 8062 4459 -926 -2131
8153 -5233 8104 4589 -1698 -3011
8208 -5436 8486 4431 -2553 -3613
8314 -5933 8698 4432 -3569 -3973
8353 -6966 8588 5074 -4264 -5005
8313 -6416 8216 5291 -5284 -6562
8744 -7278 8205 5937 -5867 -7986
9178 -7504 7912 7340 -6141 -9479
9388 -6905 8037 8682 -5770 -10668
9305 -5872 7956 9489 -5120 -12257
8892 -4789 7832 10101 -4911 -14541
9040 -4526 7750 10194 -4671 -17395
8920 -3724 7809 10081 -5043 -20596
9496 -4025 8209 10798 -5179 -22817
9812 -4120 8166 12773 -5096 -24527
9516 -3036 8050 13744 -4942 -26001
8994 -2085 7548 14564 -4968 -27212
8472 -1108 7368 15445 -4779 -29031
9222 146 6818 16532 -4010 -30724
9609 880 6952 17387 -2615 -32280
8902 1090 6212 19152 -1692 -32768
8072 2666 5537 21370 -1486 -32768
7210 4149 4657 24144 -1813 -32529
7557 6056 4298 25256 -1403 -31504
7334 8430 3964 25062 -731 -30279
6778 10348 3806 24212 -168 -29201
6850 11725 4002 22469 273 -27574
5222 12280 3988 21042 -365 -26027
3792 11801 2577 21547 -2610 -24403
4170 12721 978 22572 -4710 -22520
3994 14058 -573 23026 -6023 -20885
5281 16156 -358 21354 -5471 -19762
5306 16809 -138 18627 -4483 -19015
5124 16872 -373 16680 -3774 -18305
5121 16774 -981 15585 -3476 -17625
5400 16424 -886 15585 -3622 -17068
5105 16269 -1168 16572 -4164 -16760
5604 17114 -1833 17501 -4779 -16170
6874 17829 -2293 17657 -4256 -15428
6304 17610 -2621 17465 -3395 -14919
5500 18329 -3185 16418 -2593 -14454
4857 19054 -3150 14533 -1945 -14140
4801 19542 -2917 12405 -1441 -13600
4684 19504 -2264 10431 -1235 -12488
4552 19268 -1701 9070 -1309 -11068
4821 19085 -1122 8030 -1376 -9283
4544 18781 -1068 7302 -1580 -7254
5084 19688 -948 6041 -1441 -5483
5489 20484 -820 3629 -777 -4194
5190 20692 -526 788 -13 -3309
4514 21145 -326 -2122 504 -2453
4433 21453 586 -5312 568 -1466
5132 21608 1953 -8616 208 95
5958 21712 3004 -12291 -105 2245
7057 21005 4065 -15720 -399 4616
7514 20501 4600 -19152 -922 7136
8056 19070 4849 -21237 -1632 9438
8564 17457 5046 -21366 -2286 11294
9078 16476 4976 -20526 -2811 12610
9481 15961 4692 -20085 -2719 13360
9268 15626 4096 -19584 -2348 13673
9297 16041 3846 -19688 -1777 13834
9312 16090 3681 -20628 -1196 14167
9724 15785 4096 -22429 -638 15603
10294 15441 4314 -25001 -16 17672
10876 13857 4777 -26576 984 20081
11866 12828 5437 -26856 2539 21957
12324 11086 6069 -26486 3944 23168
12057 9422 6189 -26462 5377 23783
11301 9353 6868 -26480 5734 23749
11650 8168 7462 -26440 6495 22874
12182 7074 8078 -25194 8085 21259
11109 6295 10696 -17204 7852 18893
11426 5895 10647 -12591 8172 12515
11825 5796 11173 -14679 10421 10678
11442 5278 11826 -17874 8118 10911
11492 5578 11865 -21075 6583 10043
14534 3126 12812 -24273 4150 9776
10936 4214 9906 -21884 6038 5197
13657 4275 13112 -22654 6728 6980
12692 5028 13724 -18312 6195 7096
15644 4428 13938 -18615 10328 4710
14096 5062 14060 -14866 11127 4649
14641 4129 15628 -11457 11502 4488
14699 5092 15820 -10538 11215 3470
14984 4328 15587 -9361 12058 2512
15090 3758 15158 -9204 12936 1889
14053 3357 15085 -8804 13456 1743
13003 3690 15329 -8270 13958 1541
12041 3442 15976 -7909 13165 1636
12214 3492 16072 -8150 12513 1954
12117 3252 16504 -7830 11837 2004
12489 3409 17141 -7882 11340 2251
12992 3008 17994 -8418 10961 2766
12829 3186 18450 -8835 10560 3680
12361 3293 19280 -9436 10094 4680
11768 3115 19523 -9621 9045 5360
10996 2808 19403 -9261 8006 4977
10008 2917 19102 -8561 7185 3840
9329 3057 19009 -7995 6448 2872
8642 3336 18893 -7491 5504 2194
7904 3480 18517 -6676 4264 1750
7275 3691 17782 -5607 3467 1510
6792 3776 17554 -4636 2861 1396
6370 4108 17388 -4085 1962 1398
6300 4057 16984 -3656 1116 1496
6314 3818 16450 -3449 832 1475
6188 3377 16134 -3048 661 1205
6077 3024 15794 -2608 566 812
5903 2665 15520 -1816 641 642
5708 2820 15772 -1730 532 730
5527 2580 15556 -1827 402 852
5629 2210 15412 -1800 24 839
5736 1761 15226 -1384 -148 534
5624 1585 15088 -1233 -405 69
5692 1198 15050 -1107 -611 -336
5704 1053 14806 -1083 -589 -452
5593 842 14613 -960 -580 -538
5387 637 14650 -725 -807 -598
5732 537 14456 -513 -897 -629
6146 461 14305 -269 -420 -493
6060 495 14299 -185 130 -215
5994 409 14451 -193 219 -58
5949 146 14583 -245 142 46
6113 1 14611 -276 197 30
6444 -70 14816 -209 289 11
6533 -23 14784 -284 460 -75
6388 -182 14928 -275 551 -90
6376 -81 14793 -320 642 -21
6348 -148 14898 -227 664 -13
6572 -215 15030 -245 733 -54
6641 -268 15290 -386 719 -33
6578 -390 15386 -463 677 -55
6532 -550 15405 -386 627 -162
6255 -570 15358 -214 559 -536
6106 -706 15420 115 563 -797
5992 -615 15538 155 456 -951
5988 -334 15507 69 229 -998
6102 -134 15618 3 91 -986
6160 -2 15416 -116 61 -854
6269 261 15158 -302 100 -772
6521 297 14931 -246 246 -747
6633 381 14816 -133 450 -699
6862 286 14876 -42 661 -545