3623 5821 11438 12349 -2423 -176
3868 8092 10728 15317 -1068 -474
4016 10973 11064 15611 569 -447
4361 13457 12012 13578 3070 -517
4094 14776 12615 10785 5083 -847
3273 13428 12750 10299 6320 -1426
3104 12464 12320 12191 6734 -2123
2612 12578 11982 13679 6689 -2645
2468 12293 11713 15108 6403 -3549
2753 12450 11352 16632 6546 -4839
2636 12662 10846 17218 7253 -5872
2907 12954 10434 17744 8214 -7019
2712 13974 9948 17618 9546 -7945
2112 13551 9215 16321 10793 -8145
1410 12104 9589 16534 9301 -7770
741 13110 9626 17069 6260 -6771
598 14404 9010 16315 4144 -6187
694 15460 8647 14034 2725 -6073
785 15515 8972 11182 2280 -5728
459 16069 9213 9882 3009 -4552
749 17769 9353 8165 3979 -3706
439 18648 9731 6222 3928 -3629
346 20413 9872 1713 3135 -3279
600 21265 9770 -3763 2326 -2997
801 20077 10086 -7108 2004 -3189
338 18750 10516 -8780 2208 -2706
617 19143 11048 -10030 2543 -1986
585 19050 11656 -10926 2841 -1056
362 19019 12487 -11573 2453 363
261 18809 13203 -12372 1424 1491
659 18635 13683 -14309 305 2498
952 18250 13826 -16926 -431 3384
1411 16416 14555 -20241 -348 4799
2248 15782 15777 -20288 -1539 4223
2620 14265 16893 -17878 -1303 4043
3718 13869 18154 -14878 -791 3189
4484 15176 20009 -11021 664 2147
4960 17494 21698 -10208 2998 2120
4494 18749 22710 -9945 5059 3347
3776 18086 23540 -7974 6292 4456
2335 18111 25089 -7171 5824 5378
1426 16600 26004 -4451 2227 7448
1209 15441 24929 455 -843 8491
122 16937 25089 2981 -4927 9362
-660 18944 24617 3234 -11139 10650
-834 21659 22486 -692 -16110 12087
286 22176 21322 -5469 -18383 13247
1290 21976 19704 -9109 -18365 14571
1300 21700 18678 -12749 -17657 16849
666 20785 17721 -16016 -17578 20493
321 20776 16927 -18729 -18355 23575
-18 20317 16561 -21749 -20035 25511
-237 19502 15790 -25892 -22522 26936
-45 17881 14283 -30995 -24958 28248
717 15512 12865 -32768 -25623 28942
1937 11961 11540 -32768 -24875 29831
2315 8024 10117 -32639 -23599 30468
2539 5642 8535 -30166 -23012 29605
2316 3709 5885 -27534 -23320 28029
2964 1752 4306 -25490 -22731 26812
3421 432 2626 -24724 -21136 25968
4338 -234 1728 -25019 -19011 25421
4942 -866 1508 -24760 -16222 25067
5377 -762 1294 -25296 -13431 24913
5754 -1060 1274 -25977 -11714 24379
5960 -1678 1620 -25962 -10595 23673
5847 -3886 2117 -23290 -9448 21853
5497 -5378 2946 -17946 -9983 19619
5658 -5898 3486 -14868 -11035 18652
6101 -5683 3823 -11808 -12149 16752
7138 -5756 3698 -9328 -12573 14626
8498 -6411 3200 -6972 -10366 11948
9330 -7081 3656 -4473 -6736 9699
8484 -8084 3896 -2700 -4750 8144
8358 -8670 4019 -477 -3736 6286
8222 -8620 4249 615 -3671 4896
8445 -9370 4396 1866 -3359 3629
8286 -9721 4364 3021 -2498 1983
7788 -9651 4705 4072 -2322 -612
7498 -10367 4490 6039 -2658 -4182
6810 -10460 4677 8873 -3298 -7670
6888 -10441 5646 11803 -5051 -11572
7940 -10530 6254 15584 -7018 -17461
8980 -11272 6208 19937 -6883 -23354
8509 -9008 5704 22961 -5674 -28776
7116 -6875 5173 25002 -4276 -32589
6034 -2938 4808 23793 -3688 -32768
6126 -1445 5505 22218 -4389 -32768
6914 -1096 5940 20805 -4775 -32768
7296 -466 6240 19337 -3737 -32768
6763 -775 5343 19439 -2031 -32768
5899 1208 4246 19287 -558 -32768
5658 2470 4730 17890 333 -32768
5882 4002 5114 18084 -205 -32768
5824 4910 4596 20681 -855 -32768
5850 5517 4016 23693 -816 -32768
6437 6886 3445 25862 -289 -32768
6056 8296 2712 26379 -233 -32768
6647 9979 1924 25139 1200 -32768
7209 12377 1436 22796 2909 -32456
7324 13440 1426 20390 4388 -30010
6866 13964 2412 18672 4667 -27039
5908 13988 2473 17686 4172 -24514
4636 14065 2170 17206 2329 -22658
4638 13368 2253 17419 222 -21908
4910 12562 -28 20870 -1669 -21088
6122 14888 -570 20018 -884 -20764
6926 16327 -408 18083 909 -20136
6330 16850 -321 15370 2636 -19581
5452 15897 216 14001 2596 -18577
5025 16152 709 12958 511 -17276
5257 16938 745 12049 -1168 -16045
5660 17373 788 11238 -1996 -15098
5485 18504 670 9446 -2135 -14130
5301 18674 798 7306 -1742 -13143
4773 18914 812 4677 -1412 -11470
4209 19059 1664 1114 -1724 -8454
3754 19611 2180 -3483 -2727 -4465
4817 19350 2716 -7159 -2945 -1198
6112 19846 3288 -12098 -2922 2165
6852 19189 4490 -17155 -2792 4851
7825 18813 5133 -19780 -2772 6602
9072 17349 5864 -21581 -2463 8568
9506 16245 5896 -22267 -1969 11527
10656 16108 5916 -22866 -1396 13348
11313 14971 5804 -23757 -613 15918
11248 14228 6344 -24300 273 17948
10966 13956 6618 -24893 968 19466
10013 13565 6477 -25988 2074 21543
10288 12813 6687 -27207 4454 23127
10576 12202 7854 -27809 7379 23528
12713 11808 8600 -26432 11319 22236
12801 9890 10052 -21705 14188 19639
11045 10574 10748 -17705 13131 18152
11035 12644 11236 -16903 9814 17107
11652 12420 11818 -18457 7663 17122
13044 11227 12147 -19846 7062 18602
15678 8325 13614 -22499 7130 22014
12598 9158 11936 -20014 8291 20343
14972 8042 13081 -21927 8258 20487
15989 6113 13566 -21021 7349 17747
15975 4127 13899 -18579 7958 13568
15614 3852 14580 -15035 8225 10409
16404 4372 15568 -13177 7985 8787
15900 4394 16014 -12261 7045 8698
16188 3536 16173 -12489 7018 9490
15725 2562 16138 -12683 7500 9876
15160 2176 15992 -12520 7880 9506
14006 1636 16092 -12371 7896 8204
12177 1121 16357 -11218 6583 6152
12534 1243 16892 -10209 4894 5207
13205 1377 16920 -10176 4542 4722
13104 1387 17012 -9694 4734 4560
12504 2084 17002 -9576 4898 4269
11490 2591 17049 -9403 4565 3776
11279 2402 16973 -8870 3904 3365
11125 2629 17093 -8328 3332 2966
10859 2678 16823 -7661 2770 2546
10413 2645 16537 -7322 2473 2116
10008 2514 16181 -7252 2271 1782
9368 2189 15769 -6666 1743 1479
9165 2300 15369 -5997 1362 1088
9205 2490 14870 -5663 1274 747
9432 2396 14404 -5589 1362 604
8761 2437 14354 -4987 1400 640
8176 2467 14323 -4262 854 929
8245 2119 13960 -3911 674 893
7860 1960 13669 -3502 775 686
7630 1666 13656 -3179 723 632
7740 1457 13364 -2867 837 496
7614 957 13148 -2432 1059 257
7462 843 13306 -2087 1217 14
7418 787 13668 -1779 1246 -223
7444 844 13902 -1644 1081 -261
7774 727 14060 -1483 962 -215
8017 670 14023 -1566 1046 -267
8001 319 14132 -1301 957 -518
8048 134 14256 -1042 830 -785
8160 13 14152 -745 753 -1086
8216 -133 14080 -542 814 -1427
8130 -244 13989 -311 879 -1473
8110 -120 14208 -210 835 -1335
8312 -316 14346 -217 768 -1083
8478 -386 14368 -189 803 -804
8373 -502 14381 -161 846 -767
8286 -575 14258 -93 804 -797
8632 -726 14336 50 886 -748
8800 -778 14365 -28 1108 -582
8720 -790 14443 -250 1279 -404
8438 -848 14578 -380 1263 -365
8383 -981 14570 -118 965 -395
8417 -949 14574 -81 784 -422
8567 -1153 14524 -76 787 -351
8484 -1116 14422 -219 803 -245
8485 -1240 14333 -250 883 -212
8338 -1190 14318 -272 984 -241
8104 -1088 14288 -387 875 -402
7868 -1026 13970 -373 640 -648
8117 -1025 13828 -247 562 -896
8440 -992 13742 -110 669 -1083