7898 893 17586 7225 1536 -6442
7045 1306 16226 7782 1958 -7386
5422 1926 15472 9370 2908 -8396
4763 3011 16206 10514 2850 -9346
4497 3166 16557 10694 1611 -10235
3417 3664 16126 10566 375 -10434
3953 4609 16073 10563 1 -10638
4128 4830 15688 9144 -88 -10752
2847 5006 14492 9531 -465 -10601
3923 5066 14607 9621 -1180 -10805
5317 4626 14883 10102 -1387 -11747
6941 4489 14818 11479 -370 -12360
7828 5024 15004 12648 962 -12342
8745 5975 15559 13927 4147 -11579
8528 7313 16957 14525 6670 -9839
6544 9756 17304 13705 6286 -7762
6585 11668 18596 12320 4150 -5998
7649 11954 19628 11571 2027 -5343
9559 12026 20495 11826 613 -5170
10725 11649 21008 13567 50 -5530
11492 10901 20824 16331 166 -5989
11635 10930 20569 19923 696 -6399
10546 12728 20018 23863 685 -5333
9132 16230 19601 23549 -945 -2756
8922 18220 19272 20208 -2543 -85
8738 18796 18904 16116 -3909 2854
9257 17195 18426 12458 -4932 6293
9937 15617 18289 11004 -4739 8897
10135 14643 17900 12597 -3985 9231
9002 14616 17109 14647 -3919 9941
8017 16144 16229 15370 -4711 12402
6945 18856 15060 13284 -5898 16777
7363 19308 14295 8520 -6421 20601
8480 17830 13951 4646 -6036 23539
9104 16285 13745 3175 -4770 25244
8787 14972 13841 4076 -4464 27977
9218 15504 13724 3328 -3486 30899
8255 15449 13175 -130 -2817 32647
7207 13328 12693 -5542 -3259 32767
6816 11600 12116 -8534 -4008 32767
6244 8527 11074 -12325 -5791 32767
6207 4835 9713 -15170 -8180 32767
6909 2173 8961 -15167 -9179 32617
7040 442 7954 -13952 -10260 31180
7828 -750 6796 -12358 -10717 29281
8699 -1821 5801 -10086 -10219 25991
9060 -1997 4875 -8391 -9151 22628
9012 -2460 4252 -7247 -7776 20343
8721 -2654 3657 -5938 -6357 18811
8816 -2610 3578 -5297 -5203 17267
8498 -2427 3742 -4956 -4419 13053
8701 -3433 4224 -3934 -4332 7160
8372 -4366 3996 -1460 -4615 3010
8126 -4418 4073 1845 -5047 -756
7841 -3589 4197 4658 -5801 -4955
7334 -2604 3806 6752 -7144 -9589
7117 -2129 3917 8264 -8244 -13675
6571 -1929 4157 9848 -9619 -17988
6030 -353 3953 11286 -12134 -22221
5414 582 3546 11842 -14024 -25416
4722 1223 3597 12429 -15593 -27547
4865 1766 3629 12924 -16681 -29261
4954 3112 2574 12721 -16607 -30835
5419 3163 2070 12730 -15025 -32479
5378 3666 1781 13446 -13610 -32768
7344 4396 2003 16499 -11351 -32768
9911 5195 985 20080 -7161 -32696
8681 6309 288 22522 -3748 -30280
6640 9457 -418 21541 -2316 -26543
5705 12441 -106 16733 -1826 -23490
5541 10509 2 14107 -1331 -22526
5637 10888 -1958 16081 -2752 -21265
7263 11011 -884 17058 -1751 -20753
6625 12145 -1161 17233 -1894 -20786
7683 13712 -2121 16220 -1336 -20601
6704 14124 -2820 15477 -1042 -19953
5916 15359 -3480 13975 -1428 -18677
6493 16684 -3805 11714 -1606 -16883
6529 16754 -3448 9444 -1748 -15347
6362 16474 -3907 7265 -2486 -13715
7442 16762 -3948 5149 -2735 -12418
7679 17187 -3600 2604 -2518 -11117
8249 18140 -2746 -647 -1976 -9613
8266 17993 -1405 -3579 -1309 -8044
7570 17277 -388 -5574 -1665 -6288
7558 16816 -35 -6394 -2773 -4208
8318 16996 248 -7036 -3412 -2207
9000 17047 697 -8078 -3119 -425
8752 17288 1292 -10917 -2136 1285
8631 16523 1316 -12839 -1244 1825
8493 17244 1433 -13124 -276 1612
8924 18023 2277 -14109 879 1640
8900 18229 2870 -15374 1743 2949
8863 17787 3290 -16476 2624 5271
9384 17344 3741 -17032 3528 7496
9153 16796 3807 -18581 4397 9477
8500 15410 3980 -20161 4579 11629
8820 13907 4360 -21567 4359 14213
10001 12962 5280 -23083 4200 17146
10734 12639 6037 -24114 4289 20460
11044 11036 6565 -27095 4268 22729
11235 11410 6561 -25750 5986 23092
12094 11092 7086 -24037 7276 22320
12045 10134 7314 -20279 8239 19876
12988 9497 7416 -17240 8939 16679
12927 8695 7191 -15531 9498 15007
14129 7562 7422 -14773 10147 13669
13773 6421 7350 -14178 10802 12991
10921 7818 6286 -11321 11853 12807
16146 9092 10520 -2177 9635 2942
12352 6642 10186 -3509 10150 1804
12490 8284 9246 -6840 6889 -2627
11809 6682 10052 -9080 8626 -2982
13245 4994 10688 -10768 13104 -294
12980 5170 11354 -10906 14219 1476
13101 6196 11421 -10752 14627 2137
11426 4224 14154 -11462 16037 7333
12006 7734 12304 -17238 13939 7646
13241 9114 13133 -26743 3063 6861
12110 7829 13822 -29044 748 11020
13157 4565 15270 -29747 9793 14309
13409 6990 15012 -18184 18759 10153
14908 5232 15098 -15982 20716 5898
10569 4114 14557 -11735 14974 3234
11065 3412 15220 -8374 13064 4093
11585 3199 16519 -5879 12455 -938
10541 3008 17346 -3509 12874 -3076
11180 2769 18037 -6637 11293 -1499
11097 4204 18024 -9541 10175 920
12102 4326 18421 -10924 10315 1896
11644 3952 18453 -10253 12141 1280
11114 3492 18762 -9488 12516 693
10179 3682 18988 -8349 10898 237
10117 3204 18974 -7182 9547 -318
10015 3214 18952 -7102 9039 -1265
9780 2662 19356 -6287 8324 -1976
9852 3273 19776 -6226 7689 -2139
9661 3738 19936 -6404 6844 -2185
9561 4160 20054 -6662 6236 -2051
9408 4016 19985 -6636 5827 -1744
8973 3934 19511 -6293 5206 -1592
7656 3532 19154 -5394 4333 -1855
6967 3869 19033 -4826 2935 -2052
6904 3984 18736 -4442 1608 -2130
6670 4228 18286 -4453 1010 -2032
6215 4054 17650 -3859 463 -1770
5618 4132 17001 -3099 -113 -1495
5468 4045 16524 -2773 -363 -1353
5177 3960 16185 -2634 -569 -1148
5031 3932 15723 -2523 -612 -863
5044 3838 15402 -2440 -436 -531
4880 3780 15317 -2457 -401 -136
4833 3514 15168 -2521 -401 219
4999 3125 14912 -2479 -301 444
4912 2888 14794 -2315 -239 550
4922 2597 14949 -1876 -394 546
5208 2446 14875 -1563 -399 443
5310 2374 14850 -1437 -285 375
5289 2142 14856 -1260 -150 282
5205 2005 14826 -1184 -32 254
5125 1918 14745 -1228 -39 214
5022 1612 14801 -1027 -169 87
5076 1448 14862 -705 -224 -78
5288 1580 14728 -658 -100 -190
5191 1520 14766 -671 211 -238
5278 1413 14940 -544 377 -207
5277 1408 15078 -463 388 -279
5334 1366 15138 -450 409 -280
5560 1304 15184 -417 565 -246
5593 1058 15430 -240 795 -188
5443 1030 15560 55 801 -157
5538 1028 15588 125 705 -174
5685 857 15688 79 711 -221
5794 749 15705 93 749 -326
5849 637 15682 29 847 -341
5867 460 15850 49 875 -379
5853 211 15919 124 687 -697
5819 266 15805 207 545 -968
5800 445 15746 178 433 -1198
5985 604 15628 114 509 -1175
6130 733 15620 -60 686 -1014
6216 667 15531 -205 801 -883
6042 705 15526 -176 768 -868
6147 769 15571 -190 750 -913
6212 770 15609 -226 743 -1028
6216 848 15604 -159 730 -1189
6186 1125 15567 -96 686 -1247
6344 1183 15663 -66 603 -1136
6571 1241 15699 -167 667 -978
6402 1207 15807 -181 694 -927
6198 1176 15800 -82 584 -1125
6168 1166 15784 57 515 -1403
6356 1087 15830 223 533 -1675
6619 1255 15986 157 660 -1783
6446 1292 16186 97 551 -1712
6401 1285 16291 87 224 -1657
6521 1348 16309 77 -118 -1619
6618 1316 16221 49 -349 -1686
6437 1372 16281 99 -538 -1818
6232 1505 16192 107 -819 -1943