3172 1145 17575 1299 -106 -282
3337 1308 17533 1640 -254 -755
3416 1240 17398 2172 -308 -1164
3241 1543 17447 2597 -490 -1532
2890 1645 17440 2899 -876 -1706
2981 1744 17236 3328 -1378 -1843
3041 2021 16891 3512 -1685 -2040
3192 1786 16642 3819 -1673 -2191
3649 1624 16577 4320 -1392 -2177
3586 1790 16648 4369 -1197 -2040
3240 1981 16330 3787 -1131 -2012
2622 2082 16053 3562 -1108 -1989
2528 2162 16284 3666 -1378 -2022
2757 2221 16670 3886 -1975 -1987
3124 2357 16852 3972 -2491 -1803
4161 2775 17018 4007 -2322 -1345
4674 2898 16913 4180 -1665 -844
4702 2929 17030 4339 -1344 -577
4294 3191 16859 4061 -1382 -531
3625 3629 16554 4120 -1635 -798
4234 3760 17084 4479 -1916 -981
4960 3492 17596 4942 -2101 -1046
5444 3253 17906 5549 -2280 -1073
5823 3441 18228 6292 -2109 -1175
6631 4196 19307 6892 -1376 -1451
7224 5098 20742 7144 -683 -1618
6813 6077 21970 8407 -362 -1822
6760 6730 23524 10343 -799 -2394
7631 7084 25215 13407 -2146 -4548
8654 7566 26708 18089 -3889 -7636
9357 8608 27648 21238 -5616 -9196
9974 9829 28197 22966 -7006 -9207
10240 10985 28285 23611 -7687 -7782
10182 11704 27936 23551 -8240 -5394
10107 12660 27548 24314 -8195 -2531
10086 13201 27053 25283 -7952 -699
9204 13294 26286 26647 -7631 297
7850 14258 24756 28452 -7635 1035
6740 15495 22852 30266 -7581 1847
5484 16118 21376 32379 -7469 2204
5724 16624 19937 32767 -7029 2184
5141 18392 18316 32767 -5344 3097
4541 19212 16477 32767 -2794 5646
3668 19909 14398 32767 -809 9732
2145 18216 11773 32399 348 14575
1700 16717 10022 31609 1889 18573
520 16764 8396 29222 2457 21266
538 15489 7206 25062 2550 23327
1088 12485 6205 22454 2908 23602
1929 11076 5218 22311 3727 21993
3384 9221 4745 22407 4740 20608
3769 8917 4482 21341 5692 19706
4660 8938 4491 17752 6248 18668
4652 8919 4570 10786 6632 17352
4325 8674 3801 3298 6861 16459
3921 7470 3613 -2951 6915 15828
5105 4525 3837 -7118 6155 14553
5548 3758 4176 -8212 5326 13351
5763 3254 5768 -8903 3420 11707
6230 3344 6365 -9678 1061 9504
6285 2919 6269 -10321 -705 7397
4916 2944 5693 -10192 -4279 4757
4262 2956 5376 -10474 -9044 2376
4377 2240 5027 -9280 -12687 728
6314 1574 4353 -5870 -14185 -856
6976 564 3760 -3099 -14226 -2033
6437 853 2799 1644 -14453 -2658
5642 1206 1632 6554 -15102 -3401
5352 2486 958 9556 -15684 -4088
5081 3604 633 10586 -16422 -4880
5534 2774 464 11471 -16906 -5249
6237 3474 750 12939 -16615 -5589
6106 4005 847 14146 -15849 -6980
5741 4854 473 14896 -15162 -8481
6485 5143 -246 13817 -14020 -9296
6749 6229 -910 11678 -11988 -10466
7345 6608 -854 9758 -9909 -11536
7671 6246 -742 9086 -8726 -12906
7320 6786 -803 10318 -9093 -14581
8200 7942 -1012 11136 -10033 -15994
8194 8827 -1519 11852 -10304 -16956
8861 11210 -2055 10877 -9858 -17793
8157 12909 -2620 8512 -9053 -18429
8468 14769 -3157 5839 -8193 -18402
8154 15372 -3336 4235 -7628 -17931
8824 17160 -3602 3448 -7248 -17423
8512 18630 -3686 1946 -6850 -16938
7513 20422 -3728 626 -6306 -16516
6892 21070 -3656 -728 -5500 -15806
6501 21341 -3605 -2198 -4603 -14309
6574 21330 -3469 -3958 -3812 -11926
6569 20970 -3248 -6269 -3522 -8689
6026 21059 -2682 -11050 -3647 -4289
6412 21312 -1628 -16326 -3710 -514
6916 21348 -1118 -20548 -3644 2301
7184 20684 -428 -24523 -3470 4895
6812 19249 -121 -27162 -3460 7305
7258 19458 -68 -30221 -3395 10286
8153 18186 1245 -32553 -2965 12662
8777 17378 2536 -32768 -2205 14562
9346 16601 3748 -32768 -496 16332
9473 16485 4205 -32768 1286 18310
9633 17861 4292 -32768 2751 20999
10075 16661 5227 -32768 4740 23853
11597 14579 6137 -32768 7468 27738
11236 13220 5816 -32768 9475 29603
11037 10160 7048 -32059 10637 30735
11121 8504 7858 -29969 11577 31765
10857 9281 8266 -29131 12695 30143
9676 8164 8670 -27820 12171 27619
8531 5774 8756 -24183 10462 24879
9757 5302 10084 -21300 8738 22689
9817 5421 10281 -20609 7170 20925
10045 4450 10571 -20267 5922 18882
10634 2173 10754 -18740 5063 16407
8817 570 9678 -12648 8091 14933
16440 2926 12551 -8759 7966 6244
16070 2730 12969 -4105 9766 2911
16034 3465 13552 -4062 9635 2576
15386 4328 14180 -6789 9500 4227
15064 4773 14145 -9455 9073 5871
15503 2806 14337 -10954 10849 7390
13815 1818 13530 -9530 12215 6964
13598 228 13250 -8064 11419 5297
12733 -108 14099 -4690 10346 3863
12815 1428 14395 -2919 9185 1758
13116 1672 14460 -3379 9667 753
12710 1498 14558 -3822 9922 904
12491 1315 14585 -5030 9992 1567
11362 1394 14580 -5816 10141 1997
10929 913 14782 -5566 10119 1935
10690 1338 14906 -5659 9808 1486
10352 1235 14780 -5649 9741 693
9637 1153 15256 -4731 9580 -32
9846 1800 15794 -4388 9315 -77
9804 2202 16159 -5040 9133 20
9982 1856 16401 -5467 9010 143
9306 1432 16351 -5601 9074 -118
8614 1235 17047 -4619 8687 -881
8392 1847 17565 -4490 7971 -1658
8254 1890 17696 -4621 7541 -2134
8048 1836 18135 -4466 7172 -2532
7764 1981 18525 -4022 6571 -2905
7495 2205 18706 -3982 5775 -3518
7432 2296 18597 -4036 5306 -4230
7366 2282 18546 -3995 5195 -4693
6937 2333 18670 -3911 4923 -4768
6253 2366 18596 -3668 4126 -4663
6102 2507 18449 -3492 3189 -4563
6042 2660 18080 -3562 2754 -4436
5806 2582 17810 -3492 2197 -4014
5699 2374 17425 -3056 1477 -3776
5510 2345 17008 -2805 1196 -3908
5377 2080 16785 -2455 900 -3931
5304 2145 16716 -2061 598 -3746
5262 2161 16503 -1888 280 -3343
5359 2046 16288 -1636 -40 -2781
5580 1984 16004 -1520 -190 -2474
5650 1866 15838 -1479 -217 -2284
5762 1685 15661 -1161 -173 -2083
6014 1676 15564 -896 -19 -1844
5926 1565 15508 -773 -21 -1486
6062 1473 15546 -725 -151 -1190
6212 1378 15488 -786 -239 -1008
6257 1256 15285 -920 -215 -726
6582 1274 15116 -919 -66 -436
6769 1082 14966 -876 147 -251
6653 971 15016 -706 393 -29
6504 1024 15152 -768 390 110
6713 831 15207 -764 344 61
6802 771 15215 -706 403 -62
6810 816 15161 -655 488 -177
6762 732 15186 -635 575 -228
6450 736 15454 -530 557 -235
6362 625 15500 -591 293 -196
6451 556 15561 -597 156 -206
6356 394 15572 -511 127 -272
6216 492 15498 -551 134 -358
6317 474 15445 -625 227 -485
6279 607 15389 -665 304 -536
6035 695 15402 -610 120 -604
6421 826 15237 -642 43 -445
6299 1020 15148 -628 179 -297
6156 770 15188 -609 449 -54
6188 618 15145 -596 631 -84
6103 421 15136 -453 676 -228
6030 279 15264 -225 615 -308
6105 309 15280 -263 604 -205
6239 191 15380 -457 720 -176
6079 13 15382 -474 808 -340
5985 93 15567 -359 710 -621
5909 -63 15690 -262 547 -762
5797 -288 15830 -174 546 -995
5681 -139 15577 -38 323 -1566
5792 140 15545 -148 219 -1874
5900 358 15484 -339 326 -1798
5887 499 15366 -618 583 -1567
6212 489 15420 -662 786 -1443
6342 374 15713 -321 652 -1610
6624 390 15917 98 335 -1981