9550 -3457 4500 -5045 -1019 7181
9832 -4017 4969 -3762 -1152 7647
9765 -4396 5121 -2581 -1495 7676
9590 -5177 5381 -1669 -2002 7246
9074 -6330 5102 -828 -2559 6570
8826 -7805 4970 168 -3197 5608
8980 -9101 4914 1481 -3746 4581
8957 -10418 4585 3380 -4010 3304
8589 -10677 4350 4863 -4385 1960
7945 -10506 4394 5898 -5156 937
7684 -9738 4104 6092 -5741 369
7274 -9508 4212 5885 -6228 61
7820 -9032 4096 4831 -6125 177
8262 -9905 4008 3715 -5402 478
8745 -10729 3906 3676 -4009 86
8437 -10882 3545 4133 -3105 -1072
7809 -11578 3294 5526 -2927 -2694
7494 -13037 2957 8660 -3071 -4942
7010 -13910 2512 13458 -3246 -8279
6849 -13716 1990 18606 -3788 -11802
6782 -12946 1789 22945 -4074 -15226
7032 -11864 1673 26090 -4010 -18123
6805 -10649 1466 27513 -3491 -21074
7130 -9562 1828 28397 -2573 -23471
8014 -7841 2753 27278 -1271 -26403
8400 -6180 3145 24541 -511 -29425
7502 -6766 4137 22497 -21 -32500
7202 -4562 4650 20640 -532 -32768
7438 -5424 4981 19936 -1140 -32768
7484 -6153 4890 22034 -130 -32768
6717 -6366 4429 25537 315 -32768
5585 -4889 3920 29244 410 -32768
6481 -3606 3490 32113 1528 -32768
6934 -369 2902 32460 3953 -32768
6416 4360 3832 29194 4361 -32768
6556 5880 4038 24980 4670 -32768
6834 7073 4258 24544 3973 -32768
6972 7741 4398 25742 4109 -32768
6676 9449 2304 25659 3761 -32768
5258 11342 1494 24204 2437 -31029
3681 12857 477 22610 1708 -27287
3226 14000 536 20997 545 -24176
1886 11012 750 21949 -1812 -22955
5164 15552 -686 22518 -2773 -21507
5789 16532 -81 18652 -1637 -21048
4994 16902 -284 16049 -557 -20044
5246 16724 -649 13975 374 -19139
4337 16336 -889 13762 22 -17858
4962 17684 -1084 13483 -703 -16536
5382 17605 -968 13259 -790 -15378
4904 18349 -773 13399 -1214 -13892
5017 19936 -718 12052 -1154 -13078
4158 20432 -785 10206 -838 -12569
3798 20614 -781 8206 -432 -11876
3742 20046 -126 6017 -86 -10646
3230 20232 334 3323 -188 -8637
3620 21257 1104 -435 -670 -6273
4314 21118 2377 -4749 -1209 -3636
5140 21966 2918 -10273 -1613 -1282
6000 20189 4436 -14507 -1925 785
7052 17938 5264 -16378 -2329 2527
7708 16886 5452 -16934 -2050 4000
8248 15876 5708 -16976 -1552 5057
7497 15405 5425 -17619 -1372 6000
7084 15501 5422 -18635 -760 7400
7174 15597 5978 -20752 -37 8780
6960 15522 6257 -23637 -6 10263
7176 14468 6884 -26440 -242 12132
7896 13768 7426 -28689 -650 14673
8744 14064 7713 -30808 -422 17794
10100 13001 8940 -31730 1028 20349
12422 12660 10101 -31785 3418 22873
13528 12902 10492 -32494 5411 24748
13077 10106 10772 -32704 6744 25937
13160 8360 11069 -32416 7925 26799
13609 6280 12210 -31901 8200 26821
13344 4460 13029 -30566 7846 26848
13141 3028 13164 -29716 7504 26109
13984 2329 14158 -28750 7821 24605
14577 1386 14810 -27210 8432 22362
14201 893 15245 -25169 8529 19742
13166 622 15677 -23646 7014 17278
12317 -769 16393 -21412 4520 14594
13105 -2738 17249 -18407 2031 11978
14332 -3365 17845 -15733 339 9773
14877 -3258 17248 -14149 -417 8100
15624 -4020 16724 -13532 263 6944
16469 -5025 16492 -12814 1511 6091
17004 -5082 16497 -12522 3385 5220
16556 -4752 16325 -12450 4881 4403
16665 -4902 16398 -11856 6007 3583
16376 -4242 16952 -11154 6615 3021
15813 -3754 17206 -10690 6267 2575
15810 -2658 17173 -10924 5862 2488
16560 -2442 17249 -11170 5585 2838
17152 -1700 17604 -11051 6105 3327
18196 -540 17602 -11331 7001 3425
17313 -317 17781 -10266 7187 3412
16145 1130 18418 -9043 6515 3523
15638 1790 18477 -8373 5021 3576
15292 2164 17665 -7862 3636 3475
16097 2058 17381 -7567 3141 3539
16330 1602 16912 -7329 3708 3575
15649 1772 16876 -6622 4205 3503
14236 1658 17348 -5150 3446 3130
12757 1946 17732 -3708 1737 3242
12130 2952 17772 -3410 81 3574
12070 2918 17414 -3243 -1316 4011
11825 2660 16366 -2938 -2150 4489
11029 2410 15060 -2779 -2376 4926
9996 2024 13605 -2916 -2289 5193
9630 1598 12284 -3103 -1740 5090
9185 1268 11528 -3025 -975 4388
8696 841 11561 -1934 -394 3563
8316 1060 12273 -779 -198 2953
7885 1929 13181 -492 -458 2604
8034 2560 14088 -912 -1049 2551
8484 2797 14432 -1751 -1414 2836
8796 2553 14596 -2602 -1441 3135
8921 2061 14553 -3116 -1154 2963
8985 1709 14328 -3278 -630 2168
9076 1145 14286 -2964 -15 1000
8721 770 14094 -2639 538 -84
7788 401 13845 -2202 693 -933
6952 -150 13884 -937 603 -1510
5852 -213 13832 200 176 -1676
5020 -97 13710 418 -886 -1524
5286 -189 13802 332 -1893 -1343
5848 -172 13497 -240 -2256 -1287
6277 -269 12780 -1129 -1775 -1196
6540 -520 12610 -1911 -994 -1291
6524 -941 12408 -2162 -4 -1611
6396 -1029 12269 -2020 918 -1979
6040 -1212 12228 -1959 1333 -2286
5934 -1469 12228 -2080 1330 -2587
5780 -2038 12406 -1735 823 -2779
5828 -2400 12550 -1191 169 -2709
6034 -2397 12454 -1227 -355 -2653
6642 -2608 12382 -1533 -663 -2739
7332 -2812 12185 -1724 -598 -2864
7720 -3021 12016 -2063 -440 -2955
8325 -3284 11877 -2102 19 -2905
8661 -3245 11709 -2371 677 -2678
8752 -3446 11750 -2788 1403 -2390
8645 -3585 11745 -3067 1888 -2135
8616 -3794 12145 -3177 2028 -1887
8684 -3968 12490 -3018 1957 -1562
8568 -3726 12738 -2859 1867 -1146
7861 -3405 12816 -2859 1431 -688
7245 -3381 12842 -2899 952 -414
7997 -3568 12904 -2927 982 -200
8360 -3689 12654 -3096 1353 -324
8669 -3629 12438 -3345 2035 -600
8705 -3609 12478 -3559 2735 -979
8608 -3812 12760 -3485 3248 -1235
8670 -3972 12870 -3145 3495 -1360
8584 -3776 13065 -2961 3484 -1383
8836 -3620 13338 -2764 3288 -1268
8981 -3704 13602 -2673 3146 -951
8633 -3692 13293 -2854 2732 -656
8313 -3666 13020 -2943 2319 -989
8990 -3546 13298 -2549 2766 -1917
8932 -3436 13341 -2060 3829 -3095
8549 -3105 13682 -1198 4744 -4240
8168 -2284 13908 -329 5027 -4853
8049 -1598 14204 131 4776 -4979
8205 -1245 14609 -250 4761 -4655
8296 -1026 15109 -1287 5049 -4201
8382 -1332 15461 -2127 5611 -3830
8318 -1484 15688 -2536 5966 -3710
8421 -1510 15664 -2540 6073 -3875
8514 -1489 15606 -2134 6065 -3974
7912 -1346 15196 -1979 5971 -3679
7282 -1240 15101 -2414 5551 -2971
6501 -1328 14686 -3110 4799 -2216
6084 -1484 14312 -3423 4092 -1693
6688 -1568 14045 -3722 3979 -1649
7538 -1473 14045 -3530 4278 -2444
7973 -1094 14094 -2921 4808 -3518
7466 -793 14374 -2161 4919 -4248
7514 -196 14882 -1766 4569 -4449
7529 21 15257 -1945 4078 -4263
7890 284 15500 -2221 3489 -3913
8116 -76 15454 -2607 2918 -3411
8141 -568 15537 -2472 2460 -2655
7985 -1064 15550 -2315 2300 -1976
7666 -1141 15382 -2202 1971 -1735
7246 -1040 15140 -2212 1234 -2144
6941 -1529 14874 -2358 546 -2660
6730 -2220 14596 -2089 156 -2970
6701 -2201 14397 -1743 -33 -3105
6661 -2108 13986 -1767 -173 -3321
6752 -2394 13820 -1922 -253 -3393
6541 -2816 13662 -2027 23 -3275
6284 -2828 13357 -2201 177 -3086
5914 -2754 12930 -2334 -296 -3226
5993 -3033 12902 -2428 -548 -3270
6302 -3181 12917 -2205 -471 -3487
6824 -3324 13056 -1766 -138 -4082
7046 -3270 13212 -1186 197 -4779