1372 15788 11405 -9513 -16860 -13845
1617 15844 11314 -8548 -16803 -14405
1560 16178 11433 -7558 -16407 -15617
670 16976 11081 -6778 -16513 -16374
621 17121 10821 -6611 -17031 -16286
670 16959 10661 -6870 -17332 -15624
817 16318 10406 -7055 -17289 -14801
1084 15778 10277 -6963 -17136 -13945
1316 15638 10218 -6856 -16936 -13408
1574 15341 10149 -7049 -16439 -12954
1705 15146 10244 -7391 -15591 -12327
1873 15261 10537 -8004 -14702 -11785
2034 15098 11014 -9237 -13646 -10883
2261 14609 11344 -10506 -12689 -9918
2641 14099 11691 -10891 -12146 -9235
3034 13745 12277 -10699 -11423 -8969
3499 13726 13100 -10403 -10328 -8421
3907 13868 14008 -10715 -9043 -7505
4556 14535 15196 -12054 -7821 -6697
5025 14541 16630 -13960 -6747 -5896
5009 14410 17806 -15885 -5980 -4728
5264 14018 18984 -17381 -5957 -3736
5226 13092 19829 -18393 -5888 -3054
5352 12336 20712 -18752 -6255 -2476
6124 11221 21797 -18410 -6418 -2208
6070 9989 22210 -18790 -6524 -2101
6321 9589 22648 -19462 -6998 -2164
7004 8864 23100 -19568 -7370 -2748
6896 7990 23057 -18860 -8296 -3242
7256 7641 23093 -18934 -8770 -3319
6973 8068 22562 -20447 -9199 -3345
6464 8449 21766 -21388 -10337 -3980
6788 7640 21185 -21713 -11799 -5019
7730 7544 21108 -21952 -12735 -5668
7873 7812 20769 -22313 -14173 -5829
7082 8631 19388 -22616 -16186 -5027
7194 9093 17810 -22981 -18031 -4038
7748 9813 17140 -23547 -19439 -2479
8740 10634 15864 -25343 -19975 -570
8985 10522 14447 -27360 -19526 1036
9188 10357 13078 -30024 -18418 2343
8740 9826 11845 -32087 -18426 3008
8404 7988 10238 -32643 -18799 3836
8909 5314 9844 -31942 -18550 4564
9734 3603 9308 -30015 -18059 5057
9662 2848 8213 -28819 -16118 5339
9050 3237 6414 -28468 -14813 4757
8432 2016 4925 -27665 -14313 3710
8589 597 3841 -26346 -13525 3531
8094 -550 2662 -25733 -12358 3916
8229 -2097 2036 -25678 -10907 4350
8142 -2873 1014 -26075 -9155 3902
8037 -3817 88 -26305 -7914 3345
7982 -5353 -420 -25765 -6615 2639
7808 -6316 -725 -25235 -5528 1820
7693 -7240 -132 -23853 -4471 432
7994 -7666 354 -21973 -3187 -1195
7725 -8030 1066 -19549 -2083 -2869
8473 -8278 1796 -16032 -1114 -4351
8385 -8212 2594 -12114 -122 -5921
8219 -7957 3374 -6677 530 -7148
7852 -6696 4352 -2883 590 -8527
7935 -6857 4804 28 373 -9509
8413 -6506 5062 1968 648 -11264
8364 -7118 4906 3169 748 -12763
7672 -6548 4597 5621 177 -15195
7281 -6335 4608 9870 -593 -19720
7794 -5976 3881 14435 -439 -25904
6856 -6881 2612 19800 1309 -31062
5806 -5173 1856 23106 2789 -32768
4978 -4345 1872 24463 4389 -32768
4377 -2950 2117 25213 5922 -32768
4475 -2529 2559 26801 6394 -32768
5150 -1616 2736 27454 6963 -32768
4565 -949 2297 28873 7402 -32768
4109 332 1844 30621 7630 -32768
4797 2496 1633 31468 7072 -32768
5222 3632 1588 30808 6897 -32768
5064 4609 1735 30953 6744 -32694
5670 6792 2321 30166 6796 -31555
4657 8175 2917 29006 4997 -29772
4878 9990 2594 27695 2755 -28166
5434 11050 2391 25813 595 -26911
5284 12328 1645 24109 -1706 -25200
4768 14188 963 20990 -2909 -23595
5293 15413 498 17290 -3940 -21734
5497 15121 121 15038 -4368 -20038
5684 15528 -18 13588 -4889 -18137
6787 16384 9 11485 -4777 -16300
7130 17322 -26 10133 -4463 -15070
8327 18041 694 9439 -4129 -14156
9209 19182 974 8160 -3654 -13365
10432 19806 1308 6627 -2941 -12472
10906 19860 1554 4381 -2262 -10622
10626 19352 1101 1979 -2485 -8653
10453 19992 857 -549 -3106 -7188
11651 20559 1424 -5008 -3438 -5233
12873 19624 2488 -10686 -2754 -2706
13913 19816 3521 -15895 -1307 -48
14050 17947 5101 -21283 554 2904
12472 17263 6200 -24662 1709 5206
11952 16742 7066 -25182 1793 5653
11982 16458 6761 -24778 1908 5838
11912 15148 6623 -23559 1697 6407
13420 14330 7889 -23593 2149 8336
14401 13960 9268 -24105 3864 10017
14483 12689 10847 -25341 6881 11023
13097 11997 11597 -25771 8564 11652
11901 10286 12489 -25226 7861 12189
11386 10992 13230 -24700 7388 13332
11577 12968 14561 -25508 7730 13095
11332 12496 14972 -25367 7892 12938
11617 12264 15904 -23138 8563 11862
11648 11357 15912 -19136 8972 9924
9921 11476 15612 -16459 8096 8937
5913 12578 16285 -10042 8205 8346
8730 12408 14318 -6229 2066 2273
9780 9924 16365 -2053 8519 3147
9857 10048 14980 -8689 6824 3510
9556 7948 14546 -14281 7638 6134
8965 6860 13801 -18331 7369 9095
8747 6677 12749 -23711 4441 11954
10043 5482 12834 -29187 -104 14473
13508 5284 13637 -26429 6373 11636
12390 4548 13362 -19296 11192 7793
10846 4106 14062 -14798 11440 8478
12185 5120 15498 -12113 10186 7338
12372 6522 17220 -11992 9653 6574
13332 6232 17764 -12440 10396 5481
12904 5677 18361 -13174 12442 5609
11931 4569 18885 -16149 12705 7525
11312 3272 19692 -16957 12582 8907
10257 2907 19751 -17944 10874 8736
9337 1521 20278 -16313 9323 7995
8876 498 20406 -14547 7982 7333
8973 572 20210 -12685 7094 6085
9221 834 20216 -12243 6814 4554
8850 1464 19692 -11871 6743 3662
8150 849 19552 -11625 6562 2513
7381 901 20070 -11205 5499 2310
7024 760 20188 -10722 4782 2327
6876 1104 19632 -10333 3323 2468
6913 1430 18714 -10057 2647 2967
6210 1341 18065 -9792 2521 3273
5744 1017 17552 -9730 2146 3552
5660 576 17030 -9579 1644 3500
5739 70 16186 -9300 1303 3125
5694 -637 15501 -8845 1204 2715
5316 -1177 15070 -8776 1097 2640
5166 -1448 14742 -8770 852 2609
5868 -1890 14845 -8555 469 2461
6557 -2093 15044 -8611 621 2507
6577 -2066 15118 -8946 679 2348
6640 -2074 14875 -8999 1054 2028
6479 -2870 14612 -8922 1246 1772
6698 -3609 14516 -8652 987 1791
6745 -4309 14478 -8504 423 1801
6562 -4785 14261 -8451 68 1991
6762 -5196 14102 -8428 18 2261
6657 -5302 13672 -8284 33 2587
6770 -5468 13298 -8314 284 2869
6841 -5442 12838 -8417 770 3046
7070 -5760 12793 -8495 1348 3212
6925 -5919 12864 -8748 2722 3428
5715 -5741 12971 -8681 3648 3467
4596 -5882 13063 -8007 3863 3230
3383 -6345 12999 -6956 3233 2855
2497 -7045 13218 -5422 1945 2497
3198 -6675 13956 -4199 1329 2160
3801 -5909 14689 -3614 1842 1296
2908 -5248 14726 -2971 2885 -68
1548 -5164 14706 -1646 3038 -1649
776 -5432 15113 203 2767 -2886
525 -5130 15019 1177 2905 -3810
620 -4802 14892 2267 2608 -4674
626 -4278 14654 2881 2313 -4685
575 -3906 14186 2573 2288 -3987
569 -3862 13801 1763 2082 -2877
724 -3969 13194 1029 1705 -1834
973 -4149 12687 77 1045 -802
953 -4497 11949 -679 646 209
1826 -4730 12168 -914 153 949
2577 -4784 12434 -1316 961 891
2816 -4810 12768 -1426 1710 306
2897 -4893 13295 -831 2520 -801
2909 -4855 13924 421 2898 -2215
3360 -4426 14284 1188 2545 -3443
3786 -4214 14545 1001 2291 -3796
3900 -4248 14654 673 1946 -3579
3913 -4422 14668 397 1274 -3095
4122 -4676 14694 470 776 -2760
4650 -4686 15206 578 1191 -2366
4429 -4293 15210 219 1765 -2362
4826 -4591 15214 353 1595 -2489
5125 -4626 15080 975 1264 -2519
5296 -4455 14830 916 1205 -2376
5066 -4400 14637 830 620 -2365
5276 -4739 14422 822 178 -2137
4634 -4828 14108 1073 -493 -1837
5074 -5120 13817 988 -519 -1299