-10610 9964 10934 -204 342 -80
-10589 9908 10821 -322 334 -120
-10584 9866 10888 -391 322 -110
-10619 9839 10814 -415 265 -71
-10617 9744 10888 -392 231 -25
-10620 9672 10838 -355 229 13
-10645 9638 10845 -267 255 -15
-10638 9733 10888 -253 277 -54
-10638 9790 10846 -294 279 -75
-10693 9997 10928 -400 291 -30
-11040 10444 11230 -616 429 117
-11490 10505 11665 -994 658 404
-11505 10630 12176 -1746 573 958
-11606 10574 12728 -3181 -228 1648
-11906 10156 12930 -4152 -1242 2230
-12472 9444 13335 -3988 -3127 1768
-13317 9536 15148 -3311 -6090 -173
-14243 10268 18352 -6777 -10879 -1889
-13944 10728 19509 -12368 -17566 -2510
-13633 9427 19561 -11600 -22483 -1517
-13017 8850 19296 -7523 -25901 146
-12661 8784 19162 -3050 -28482 1827
-12062 9126 19424 1530 -30164 3199
-10760 9621 19517 4769 -30781 4360
-9328 11005 19493 7681 -30814 6351
-8070 11976 19454 10248 -30949 8281
-6510 13443 19635 12701 -30267 9498
-5221 14674 19703 11943 -29549 10557
-4360 15524 19588 8740 -29590 10693
-3336 16253 19093 5591 -29294 10575
-1416 16533 18655 2386 -27890 11031
-623 16766 17946 -397 -26197 11525
135 16343 17125 -2926 -24871 13019
1070 15995 16461 -3829 -23024 14468
1684 15540 16009 -4102 -21252 15432
1872 15316 15514 -3971 -20394 15884
2441 14963 15287 -3444 -19722 16230
2946 14247 14806 -2150 -19174 16739
3224 13240 14262 8 -19128 17288
3890 12648 13829 2378 -18810 17931
4352 12815 13324 4593 -18407 18692
4824 12538 12452 6540 -18154 19419
5397 11974 11521 9269 -17911 19893
5944 11485 10714 12248 -17041 20399
6395 10998 9927 15892 -15661 20569
6923 9665 8942 20642 -13657 20459
7841 9370 8652 24721 -10972 20635
8428 9668 8584 27344 -7837 20440
8749 10449 8328 28195 -4475 20161
8909 10869 7962 27063 -394 19963
8958 10708 7644 24941 4043 19468
8388 10737 7200 22778 8140 19011
7641 9841 6816 21303 12935 18396
7380 9148 6088 20800 17892 18067
6965 9038 5386 20875 22949 17742
5802 10454 4861 20778 26975 17710
6340 9193 4517 20113 30794 16227
5613 10622 7748 14443 30952 12462
5770 12970 6694 8136 29466 10120
5110 10068 5321 5058 28095 8149
4468 7796 5750 3360 24748 7274
4084 7326 6061 2555 20694 7751
4041 7012 6889 3249 17086 8392
4248 6957 7845 3588 14561 9558
4517 7009 8540 2858 13048 11264
4218 7338 9302 1477 11260 12303
4389 7385 9406 -187 9309 13304
4138 6957 9505 -1728 6760 13945
3914 6885 9710 -3694 3705 14441
3962 6732 10026 -6364 797 14852
3694 6794 10242 -9505 -1967 15020
3198 7550 11025 -13915 -4697 14399
3104 7916 11353 -20238 -7557 13254
3030 6594 11208 -26326 -10265 12210
3644 3629 11090 -30142 -11963 11314
4413 958 10857 -31016 -12110 11072
5417 -1392 11138 -29392 -10840 11552
6065 -3486 11768 -25957 -9366 11894
6909 -4709 12346 -21655 -8304 11683
7582 -5282 12381 -17539 -7854 11078
7857 -5882 12165 -14038 -7977 10362
8576 -6590 11674 -11042 -8380 10202
9081 -6912 11112 -8379 -8690 10616
9433 -7017 10453 -6368 -8521 11605
9893 -6906 10008 -4971 -7613 13055
10197 -6882 9760 -4355 -6154 14633
10433 -7088 10061 -5380 -4378 16889
9818 -6754 10400 -8074 -2612 19621
9104 -6036 10357 -13152 -681 22059
8600 -2641 12578 -22195 -1876 19334
7286 -13420 10861 -21801 -2764 8966
6154 -13613 8260 -19500 -1472 3245
8016 -13214 8688 -16884 -267 1221
7784 -12714 8440 -12542 162 -200
8066 -13734 8064 -6511 -837 -589
8148 -10581 8769 1023 -1874 -2186
8157 -6712 9197 6076 -2902 -4839
8564 -5437 8826 9127 -3486 -7837
9158 -5748 7517 12453 -4120 -10627
8970 -6466 6778 18375 -4567 -13032
9526 -5950 6501 26418 -3980 -15309
9148 -5258 6098 32555 -3065 -17542
8400 -3750 5909 32767 -2445 -19303
8456 -1180 5318 32767 -1939 -20729
8280 1364 4869 32767 -1173 -21154
8768 4292 4869 32767 208 -21218
9309 7056 5405 32767 1345 -21303
9896 8880 6754 32767 2212 -22131
9420 10089 7825 32767 3093 -23147
9329 11734 8213 32103 4229 -24149
9530 11540 7630 26918 4835 -24410
9386 9844 6674 22893 5859 -23779
8950 9512 5545 20572 6975 -22805
8054 9833 4669 18891 7343 -21674
7966 10265 4430 18197 7395 -20532
7352 10382 4820 17621 6654 -19413
7060 11590 5597 16904 5613 -19021
7074 12646 6641 15830 4936 -19339
6910 13481 7732 14350 4710 -19888
6901 14362 8726 12021 5023 -20086
6830 15845 9589 8319 5728 -20179
6481 16717 10264 3153 6539 -20188
6160 17134 10685 -3290 7886 -19970
5856 17661 11178 -10232 7894 -19607
5824 18502 11721 -17727 7666 -19037
5612 18561 12046 -24630 7190 -18590
5262 16633 12302 -28271 6650 -18428
4902 15001 13538 -29451 7188 -18431
4782 14153 15225 -30601 8172 -18797
4734 13922 16677 -32476 9195 -19074
4425 12762 17145 -32768 9898 -19213
3848 10836 16916 -32487 10305 -19089
2697 8945 16718 -29954 10371 -18345
1818 9262 16536 -26588 10146 -16415
1112 8940 16530 -22795 9930 -14946
617 8536 17089 -19386 9508 -14022
445 9010 18001 -17694 9240 -13076
625 9453 18228 -16897 9091 -12452
513 7612 18729 -15296 9604 -12190
182 6392 18393 -11984 10129 -11637
-741 5369 18010 -6532 10415 -11466
-2184 6321 17474 -821 9913 -11518
-3092 7977 17024 2199 7675 -11499
-2885 9617 15278 2170 6290 -11058
-2948 12298 16506 -2302 5802 -11092
-3066 14222 18037 -8564 3932 -11913
-2848 15542 19541 -16630 1758 -13204
-3254 12794 19168 -21341 -1096 -14675
-2948 7901 19074 -19716 -1932 -16348
-2385 5693 17940 -15875 -920 -15966
-2392 5778 17136 -9779 588 -14548
-2424 6684 16769 -5061 1449 -12484
-2778 9101 16736 -2419 1945 -11413
-3310 10580 17054 -3520 1843 -11324
-3661 10709 17041 -5984 1181 -11971
-3741 8576 16536 -6126 154 -12332
-3512 7276 16116 -3441 116 -12165
-3522 7649 16136 165 843 -11687
-3508 8230 15780 3978 1487 -11231
-3614 9144 15466 7073 1484 -10680
-3845 10025 15493 8523 865 -10236
-3872 10493 15768 8322 361 -9599
-3994 10786 16182 6919 175 -8692
-3820 10842 16434 4897 429 -7872
-3710 10606 16368 2896 763 -7323
-3656 10449 16132 1625 926 -6993
-3425 10420 15914 1262 1110 -6707
-3341 10132 15418 1823 1359 -6322
-3344 9916 15164 2834 1555 -5807
-3365 10128 15296 3290 1876 -5200
-3322 10416 15766 3172 2311 -4654
-3385 10530 16158 2614 2733 -4082
-3401 10372 16373 2164 3146 -3484
-3422 10085 16528 2082 3611 -2734
-3441 10218 16741 1637 4072 -2028
-3469 10130 16809 874 4222 -1486
-3602 9896 16873 147 4012 -1111
-3677 9728 16836 -549 3665 -853
-3746 9474 16869 -1107 3383 -662
-3876 9078 16817 -1487 3063 -517
-3908 8621 16708 -1254 2597 -364
-3897 8161 16610 -546 2190 -161
-3886 7932 16781 318 1913 78
-3976 7933 16973 1019 1733 198
-3976 8004 17250 1329 1565 204
-4201 7878 17229 1132 1351 172
-4208 7660 17062 686 992 201
-4181 7358 17222 44 410 108
-4146 7622 17260 -236 139 -125
-3993 7504 17030 188 211 -124
-3936 7621 16800 501 106 -163
-3822 7949 16433 838 -151 -93
-3790 8056 16214 999 -586 89
-3628 8122 16126 812 -1054 283
-3670 8220 15986 371 -1263 381
-3521 8424 15798 22 -1209 474
-3461 8373 15748 -189 -1086 552
-3512 8294 15702 -312 -882 624
-3449 8225 15528 -324 -641 670
-3480 8200 15457 -383 -483 651