-3594 8588 14244 3977 5685 15645
-3456 8764 14080 4369 5930 15357
-3422 9077 14030 4420 6202 15110
-3694 9751 13818 3747 6483 14999
-3804 10264 14090 2384 6598 15223
-3866 10137 14358 1223 6606 15444
-3785 9928 14630 275 6672 15802
-3728 10010 14892 -264 6673 15969
-3762 10238 15097 -379 6577 16025
-3812 10964 15321 -617 6456 16097
-3834 12404 15219 -2437 6514 16415
-4170 12885 14944 -5207 6472 16984
-4221 12166 15229 -7037 6189 17213
-4174 11278 15597 -8195 5544 17097
-4040 10676 15904 -8501 4890 16721
-3752 10340 16497 -8341 4585 16329
-3632 9950 16801 -8017 4311 15836
-3662 9882 17036 -7372 4274 15482
-3613 9686 17656 -6228 4324 15058
-3430 9662 18417 -5304 4239 14808
-3218 9845 19143 -4640 4339 14660
-3134 9854 20004 -4725 4693 14530
-3161 8884 20987 -4616 4018 14194
-2772 7925 21612 -3799 3084 13766
-2380 7295 22131 -2614 2128 13434
-2054 6912 22572 -1695 899 13293
-1740 6412 22821 -1138 -439 13347
-1082 5926 23108 -615 -2003 13529
-596 6010 23636 -695 -3126 13710
433 6228 24816 -1252 -3958 14150
1391 6781 27369 -2653 -4526 15178
1533 7437 29578 -3696 -5125 16409
1420 7886 30594 -4107 -5667 17133
402 7992 31544 -4106 -8641 18436
-282 8177 31746 -3590 -14354 19915
-342 8737 31126 -3751 -19715 20769
240 9224 30382 -4544 -23694 21244
1339 9737 28912 -6396 -26818 21503
2104 8718 26492 -8464 -28677 21937
3034 8061 25642 -9821 -28816 22536
3340 7410 24485 -11204 -28233 23355
3049 6672 23090 -12090 -27649 24140
3110 6338 21869 -12720 -27587 24488
2796 5714 20878 -12839 -28151 24525
2795 4088 18991 -12180 -29265 24337
3076 3585 16457 -11777 -30040 23802
4008 4054 15122 -12609 -29498 23422
4476 3204 14060 -13710 -28558 22985
5160 3057 12902 -14644 -26975 22624
5493 2148 11360 -15497 -25069 22338
5420 1900 10352 -15651 -24308 22396
5580 1292 9240 -15444 -23474 22211
5414 1313 7973 -15186 -22696 21557
5250 1060 6685 -15161 -22549 20737
5484 816 5744 -15156 -22479 20098
6021 116 4710 -14786 -21288 18849
6887 -43 3297 -14885 -18698 17301
7114 -465 2709 -15102 -15944 16098
7332 -1222 2376 -15221 -13482 14854
6948 -1684 2200 -14967 -12472 13573
7143 -3332 2173 -13627 -11794 11912
7032 -4336 2156 -12173 -11202 10627
6891 -4906 2266 -10540 -10404 9657
6861 -5076 2562 -8721 -9278 8669
6911 -5149 2900 -7809 -7964 8314
7152 -5570 3444 -7261 -6935 8551
7296 -6012 3772 -6613 -6603 8558
7695 -7037 4008 -5178 -7098 7998
7902 -7434 4224 -3901 -7799 7156
8523 -8057 4458 -2541 -8414 6367
8781 -9577 4265 -97 -8556 4843
8752 -11229 3704 2637 -8528 3403
8174 -11797 3012 4106 -8408 950
8324 -12429 2157 5092 -8210 -1588
8786 -13368 1577 6095 -6295 -4877
8002 -12845 1016 5769 -4323 -7827
6998 -13014 522 5761 -2886 -10185
5588 -12990 -9 6916 -1977 -12518
4121 -13033 -1045 10005 -1751 -15636
2812 -12296 -1082 16646 -2313 -21283
2033 -10482 -929 23944 -3381 -26852
1488 -8920 -800 27908 -3947 -30154
571 -6865 26 31660 -4599 -32642
-164 -5365 500 32767 -4914 -32768
933 -3353 616 32767 -3823 -32768
358 -1401 1208 32767 -3171 -32768
1165 -1686 1533 32732 -2711 -32768
2778 -670 1910 31024 -453 -32768
3114 -986 2525 28853 1628 -32768
3597 416 2277 28483 3119 -32768
4220 2438 1891 28542 3499 -32369
5486 4114 2274 27700 2689 -29385
6892 4870 2799 26705 1421 -26669
7255 6012 2533 26409 -506 -25052
8741 8045 1709 25546 -2035 -24569
9536 9378 984 24683 -2723 -24361
10948 11135 962 22379 -2094 -23872
11322 12733 1389 19312 -655 -23231
10526 13640 2090 16936 114 -22747
10578 14714 2859 14802 289 -21838
11059 15222 3428 12602 -8 -20280
10206 14914 3090 11516 -790 -18993
9228 15314 2512 11095 -1893 -17982
8160 16527 1606 9490 -3473 -16735
7816 17296 1114 7489 -4161 -15472
8404 18875 1469 3417 -3701 -13859
8342 20832 2034 -3171 -2309 -11314
8866 21460 2208 -8777 -1005 -9110
9412 20736 3046 -14300 301 -6858
9100 18948 3468 -18678 374 -4384
8408 17182 3768 -19910 -1133 -3195
8442 16561 4281 -19311 -2566 -2754
9118 16980 4757 -19528 -2930 -2194
9002 16924 4849 -21075 -1837 -977
8990 18014 5321 -21977 970 -57
8720 18640 5844 -21395 4373 120
8666 18726 6702 -21312 7166 516
8212 16992 8336 -20121 9216 956
7753 17038 9244 -19360 9563 2175
7960 17507 9909 -21196 9657 4288
9154 16661 10638 -22081 10986 6626
10006 16497 11382 -22443 12828 8841
10520 15192 12438 -21717 14347 10912
10810 15510 12134 -21886 15958 12312
10613 14518 12836 -23120 16852 13112
12408 12662 13500 -24849 17995 15432
10641 12957 13360 -20979 17275 14270
10053 11328 13914 -21004 15744 13514
9634 9081 13896 -23301 15489 14987
10148 7485 14360 -25409 14637 15035
10250 6637 15093 -21778 14538 13030
10644 7356 16165 -18458 15692 11571
9893 8301 17154 -17163 15663 10581
10226 8404 17984 -17037 14996 9800
10212 7801 18501 -17006 14379 9290
10509 5965 18626 -17255 14426 9731
9829 3899 19100 -16591 14158 9978
8008 3377 19413 -16207 12394 9687
7608 3016 19857 -16167 10650 8617
7310 2976 19810 -16053 9527 7454
7454 2496 19919 -15104 8518 5689
7970 1672 20220 -13118 7732 4309
8513 1881 20416 -12150 7641 3565
8340 2214 20374 -12034 7653 3082
7905 1988 20092 -12397 7574 2711
7426 1828 19898 -12556 7307 2622
6830 1106 19529 -12712 6346 2712
6311 406 19115 -12830 4793 3248
6538 -445 18625 -12610 4028 3545
6473 -728 17919 -12348 3958 3617
6233 -1208 17254 -11943 4137 3150
6214 -1595 17084 -11533 4214 2676
6488 -1937 17270 -11488 4143 2380
6582 -2210 17624 -11603 3988 1878
5865 -2412 17542 -11466 3246 1406
5568 -2645 17473 -10792 2222 888
6054 -2862 17155 -9830 1431 795
6376 -3068 17236 -9436 1496 1092
6367 -2929 17403 -9448 2009 1767
5549 -2510 17562 -9544 2591 2527
4886 -2695 17519 -9622 2356 2517
4437 -3005 17248 -9584 1757 1739
4632 -3361 17123 -9786 1994 602
4396 -3522 16932 -9601 2737 -220
3526 -3835 17012 -8787 3351 -890
2242 -3642 17296 -7637 3321 -1171
1590 -3278 17390 -7153 2684 -1212
1153 -3062 17126 -6539 2054 -1292
297 -3220 16454 -5863 1737 -1665
656 -3540 16312 -5330 1844 -2077
2024 -3472 16421 -4472 3169 -3074
2723 -2748 16713 -3157 5550 -5006
1897 -1941 16661 -1889 6896 -6594
1062 -1642 16573 -825 6388 -7589
1050 -1918 16417 119 5318 -7720
1052 -2034 16052 489 4015 -7268
1299 -2213 15698 983 2822 -5966
1387 -1808 14672 -12 1554 -3315
689 -1827 13564 -1963 604 -720
322 -2225 12645 -3443 67 1034
975 -2600 12530 -4157 183 1791
2328 -3161 12961 -4002 985 1613
2770 -3294 13630 -3048 2196 868
2213 -3298 14317 -1561 3120 123
1465 -3261 14988 100 3058 -460
1055 -3431 15750 1613 1882 -596
1691 -3024 16287 2112 138 -339
2580 -3245 16405 1791 -1294 -270
2780 -3393 15982 1505 -1768 -559
3468 -3017 15835 1619 -1956 -984
3542 -2533 15425 1136 -885 -1324
2548 -2025 15042 567 -420 -1485
2036 -1665 15320 548 -932 -1569
2694 -2213 16005 921 -2639 -1258
3370 -2293 15828 538 -4482 -319
3871 -2411 14905 -666 -4896 956
4248 -2890 14081 -1234 -4016 1780
4496 -3342 13722 -962 -3128 1796
4450 -3398 13804 -472 -2524 1519
4169 -3123 14090 31 -2004 1001