-9399 14102 8798 -2811 14296 11400
-9541 14589 8865 -2601 14265 11368
-9345 14737 8857 -2302 14030 11495
-8863 14949 8647 -2214 13667 11790
-8456 15106 8432 -2331 13535 12049
-8316 15297 8190 -2889 13463 12328
-8186 15437 8260 -4024 13123 12547
-8337 15637 8477 -5266 12689 12527
-8445 16139 9259 -7227 11687 12464
-8192 16410 10465 -9763 10294 12448
-7721 16512 11412 -11463 9584 12281
-7968 16869 12224 -13022 9205 12322
-8357 17205 12664 -14333 8624 12560
-8986 17366 13029 -16238 7574 13260
-8904 16885 13506 -17849 6345 13886
-8616 16088 13932 -18442 5443 14362
-7910 14276 14625 -18276 4070 14805
-6841 11414 15045 -15810 2388 15344
-6282 9970 14705 -12588 1553 15554
-5725 9990 14745 -10186 673 15491
-5206 10280 14852 -8790 41 15241
-4909 10612 14880 -8241 -81 15068
-4482 10562 14916 -8231 391 15007
-3967 10401 15273 -9245 1977 15503
-4489 10701 15894 -9772 2783 15330
-4364 10572 16840 -10297 3036 15160
-4506 10689 17441 -10587 3116 14509
-4818 10594 18112 -10464 2865 14265
-4477 10589 19154 -9921 2479 13740
-4308 11057 20809 -9308 1632 13077
-3922 11623 23056 -8606 911 12937
-3805 12449 24656 -7737 57 12770
-3738 13485 26753 -6676 426 13015
-3893 14501 28796 -6639 714 14031
-5845 15258 29958 -6717 -1386 15852
-6524 14944 30494 -6178 -4491 17174
-6068 15584 31410 -5818 -9800 17950
-5394 17132 31431 -6513 -17379 18286
-3944 17937 30488 -8386 -21226 18478
-3560 19824 29852 -11934 -22913 19624
-3800 20813 29025 -16796 -24767 21918
-3864 20634 28419 -22649 -28944 25777
-2146 18904 28150 -24999 -32226 28201
-1086 17305 26302 -24840 -32768 28871
-148 16691 24008 -24609 -32768 29432
-400 17568 20374 -26231 -32768 29545
-486 15726 17682 -27269 -32768 30049
398 13267 15509 -25905 -32768 30640
1478 11528 13906 -24751 -32768 31840
1428 10372 11436 -23684 -32768 32474
2250 8173 8847 -22858 -32519 32590
2160 6873 6082 -22920 -31633 31631
2305 5226 4213 -21870 -31734 29404
3307 2548 2551 -20199 -30879 27257
3512 1432 1240 -19328 -29455 25619
4338 -758 180 -16969 -28409 23036
5826 -4388 -332 -12554 -25468 20528
6412 -4842 -93 -10620 -23533 19103
6285 -4358 -265 -10128 -21623 17528
5824 -5910 -898 -9286 -20263 14887
6638 -8552 -1082 -7036 -18638 12898
6908 -8542 -826 -6098 -17258 11718
6484 -8724 -746 -3869 -15509 8886
5616 -9428 -716 -692 -13960 5538
5068 -9731 -605 3158 -12802 1845
3908 -10058 -716 8759 -11364 -2836
2938 -10162 -532 15445 -9913 -7669
2698 -8664 591 24865 -6664 -13781
2412 -6541 1346 30172 -4510 -17865
2040 -4856 2399 32606 -2963 -21376
1250 -3072 2958 32767 -2085 -24035
102 -2531 2914 32767 -1362 -26306
-1368 -1172 2848 32767 -1192 -28261
-2090 1087 2720 32767 -2239 -31974
-2204 98 3458 32767 -3665 -32768
-681 383 3516 32767 -4137 -32768
148 774 4034 32767 -4946 -31983
1290 2464 2877 32250 -5427 -28345
2002 3038 2120 30151 -6981 -25460
2789 3985 1954 27102 -8960 -23798
4985 3505 1502 24384 -10146 -22879
8308 3229 1357 23369 -9046 -22011
9867 3322 2254 21442 -6507 -22164
10966 3060 1676 20010 -2852 -22733
11164 3441 86 19782 -969 -24042
12152 4821 -1372 20511 -2 -24663
13572 7973 -796 19038 1326 -25146
14737 9084 794 17958 2923 -25295
13878 11239 2253 15891 4835 -25719
11696 12690 3060 14550 5202 -26495
9664 12983 2747 16105 3525 -27398
7241 14719 1167 19197 1297 -27863
5498 17636 -98 20581 -1026 -27325
4913 19928 -1700 21291 -2644 -25963
3899 22566 -3072 19968 -2965 -23474
2724 23777 -4509 16830 -2475 -21181
2268 25100 -4312 14741 -1995 -19908
2685 25117 -3828 12393 -1329 -17853
2001 25021 -3202 9228 -1266 -15020
1053 24458 -2660 6655 -3343 -13112
921 23609 -2603 4124 -6367 -10649
1009 22530 -2829 959 -8944 -7727
1074 22374 -3138 -1348 -10255 -5661
1777 22344 -3774 -5351 -9874 -2996
3663 21914 -3543 -9066 -6542 -942
4115 21328 -2896 -8607 -2282 -322
3823 21411 -2457 -6714 1089 166
2461 22291 -2535 -8551 2027 784
1888 23143 -2324 -14683 282 2139
3056 22760 -1746 -20900 -1348 3841
5454 19988 -941 -28619 -1793 7730
7016 17914 342 -32768 -245 11799
8088 16892 2423 -32768 2605 12391
8069 15444 4200 -30619 5246 10903
6548 16232 5426 -25779 5864 9211
6000 18984 6024 -25082 5112 8098
5562 19047 7088 -25250 3810 6654
6620 18376 8336 -25402 3348 6233
7716 17808 8906 -26193 3747 6855
8672 15779 9706 -28735 5742 9042
8272 14482 9750 -31410 7772 11329
8160 13174 10036 -32572 9209 12417
7900 11400 10524 -32623 10996 12504
7314 9411 11538 -30165 11695 10427
8210 7400 12412 -25995 11506 7818
8306 8040 12648 -23383 10728 5877
8604 8601 12831 -22041 9430 3906
8736 9082 13093 -21794 8307 2923
8708 9026 13520 -21508 7318 3224
9086 8917 13969 -21653 6825 4199
9990 9375 14012 -22933 7049 5421
10522 8698 14150 -23989 7650 6192
10550 7668 14544 -24556 8200 6938
10742 6293 15096 -24370 8562 8198
10780 4899 15954 -23211 8289 9891
12234 3318 17190 -21683 8078 10598
13022 3400 17868 -20926 8345 10092
12501 2821 18485 -19575 7872 8822
12977 2196 20152 -17765 7438 7562
13604 2040 21608 -17368 6981 7235
13374 1684 22104 -16971 6370 7234
13308 1934 22336 -16772 5831 7147
13168 1509 23339 -15846 5272 6229
12922 1537 23942 -14767 4428 5321
12386 1314 23960 -13913 4056 4522
11146 1849 23957 -13428 3410 3832
9561 2038 23981 -13597 2068 2856
8319 1569 23507 -12776 70 1314
6953 784 22630 -10886 -1248 -31
7450 1222 22154 -9866 -1460 -604
7737 1824 21377 -9017 -724 -1519
6606 2162 20509 -7416 -16 -2731
5574 2322 19973 -5990 18 -3352
4117 2444 18849 -4468 -389 -3602
3098 2808 17857 -3642 -843 -3603
2870 2588 17105 -2845 -917 -3156
2840 2808 16436 -2606 -855 -2692
2679 3046 15438 -2701 -798 -1786
3124 2750 14900 -3261 -547 -113
3271 2606 14565 -3998 -158 1207
2554 2102 14232 -5124 256 2705
1550 1580 14189 -5729 386 3406
852 908 14069 -5471 331 3574
1179 567 14041 -4914 349 3615
1448 566 14229 -4353 1027 3363
1077 921 14524 -3769 1701 2849
824 1242 14921 -3562 1711 2184
1442 894 15208 -3276 1564 1489
1922 557 15569 -2851 1407 941
2157 598 15745 -2712 1479 611
1853 392 15547 -2714 1469 258
1684 -247 15484 -2007 1014 -34
2086 -656 15374 -962 -54 249
2812 -642 15299 -971 -366 1018
2970 -434 15070 -1227 -226 1619
3279 -770 14973 -1403 -276 1906
3488 -1124 14469 -1359 43 1956
2534 -1242 13763 -24 920 1515
2546 -2003 13061 -8 1081 1420
3529 -1022 12943 1020 852 478
3290 -796 13572 1204 1079 391
3093 -820 13787 58 1975 1227
3346 -857 14420 -835 2396 2300
3329 -780 14624 -1467 2288 3160
3230 -392 15132 -1873 2053 3767
3210 -504 15422 -1808 1911 3870
2970 -715 15510 -1357 1496 3786
3111 -1008 15540 -678 917 3528
3310 -1316 15530 -341 477 3335
3684 -1805 15672 30 448 3445
3357 -1998 15452 -60 411 3567
3090 -2411 15419 23 -262 3610
3006 -2753 15438 11 -966 3513
3201 -2966 15326 41 -1550 3332
3250 -3121 15073 204 -1977 2939
3352 -3272 15126 558 -2385 2683
3635 -3517 15056 1072 -2576 2440
3823 -3339 15198 1725 -2673 2168
3952 -3009 15373 1860 -2459 1942
3959 -2816 15427 1677 -2277 1824