-10567 10245 13571 18169 -4799 -11023
-12453 12841 17356 15218 -4510 -12317
-15157 16276 21369 12822 -3975 -13047
-17712 20784 25371 10661 -3634 -13057
-19545 23417 28509 9077 -5508 -11395
-20441 24176 30623 9434 -11491 -6972
-20736 23728 31456 11020 -18562 -1863
-20096 23677 31660 12702 -23187 1692
-19361 25770 31609 13629 -28193 5674
-18514 27413 31117 12050 -31307 9245
-17661 28461 30238 9502 -32528 12215
-18118 30069 28877 5538 -32768 16216
-18296 30617 27454 642 -32768 21090
-17805 29774 25528 -5059 -32768 25123
-16418 28145 23136 -11095 -32768 28688
-15034 26710 21646 -16962 -32768 31090
-14694 24044 19209 -25980 -32768 32663
-13025 18454 16745 -32250 -32768 32767
-12336 16828 16132 -32768 -32768 32767
-11296 13513 14326 -32768 -32768 32767
-8877 7104 10061 -32768 -32768 32767
-6477 3684 8416 -28440 -32768 32767
-4534 2612 6556 -23581 -32768 32767
-4574 2970 4293 -18732 -32768 32767
-3922 2464 1998 -14782 -32768 32767
-2117 1200 -342 -12644 -32768 32711
-458 -492 -2002 -10548 -32768 31260
300 -906 -3162 -9830 -32412 28943
460 -2189 -4168 -9467 -26712 25961
469 -3450 -5302 -8811 -20561 22377
-30 -2766 -6770 -9610 -16478 19332
584 -2136 -6998 -11860 -13618 17062
2248 -3033 -6108 -14274 -9982 15791
3036 -4254 -5806 -15663 -7362 15954
4580 -3396 -5094 -16702 -6074 16801
5646 -3050 -3600 -16907 -3853 17450
6462 -2012 -1808 -16101 -2254 17841
7719 -1773 -256 -14900 -838 17899
8230 -1204 496 -13357 -714 17354
9031 -1411 1742 -12152 -881 16333
9572 -3242 3153 -10687 -1658 15090
10228 -5950 3858 -9071 -1994 14428
9830 -7693 4069 -8145 -1908 13860
9409 -9840 3729 -7305 -1557 13053
8674 -10934 3572 -6697 -1006 11287
8220 -13436 2557 -7361 -1058 7489
6745 -17610 2236 -5893 -568 3253
6938 -17522 758 -4238 -932 35
7545 -16684 934 -2473 1399 -2233
5825 -12792 1997 -2716 2288 -3299
4670 -11229 2945 -4627 1395 -4401
4725 -11894 3742 -5506 515 -6467
4584 -12808 3857 -4848 -229 -8235
4450 -14020 3365 -2457 -195 -9013
4653 -11796 3185 -145 -233 -9299
5626 -9544 4010 1118 -93 -9329
6417 -8110 4868 2340 -391 -10160
7878 -6587 5792 4329 -1718 -12195
9108 -6138 6428 6791 -3001 -15315
10216 -6152 7216 9525 -2612 -17902
10454 -5714 7622 12546 -2139 -20264
10151 -5491 7438 16968 -928 -22663
9548 -5618 7354 22059 296 -24936
8318 -3755 6548 27038 619 -28312
6624 -2060 6188 32013 -395 -32073
6666 -157 5961 32372 -1274 -32768
5876 -692 5662 32767 -2204 -32768
6036 -1838 5340 32767 -2041 -32768
6057 -121 5236 32383 -633 -32768
5750 684 5122 29800 243 -32768
5996 -392 5092 29624 800 -32768
6848 -296 4546 30589 2508 -32768
6890 1133 3611 32438 4334 -32768
6697 2520 2355 32767 6993 -32717
6110 3732 1528 32767 8976 -31799
6690 5518 1888 32767 10210 -30303
5625 6620 567 32767 9348 -27662
4043 11335 -1488 32767 5975 -23286
4064 14928 -1438 31730 3193 -19939
4716 16089 -788 26607 1461 -17611
5912 16381 -181 22434 492 -16148
6984 15400 94 20294 -591 -15441
8482 14833 -361 19593 -1947 -14627
9110 14499 -942 20194 -3649 -13765
8493 16352 -1702 20270 -5109 -13446
7760 17766 -1924 19170 -4952 -12886
6772 18384 -2330 17752 -4442 -12343
5348 19266 -3110 14701 -5102 -11632
4850 20630 -3100 10713 -5840 -10831
5169 21496 -2256 5560 -6093 -9683
5857 22132 -1388 -1423 -5936 -7424
6269 21204 -721 -7955 -5985 -4726
6092 19984 -402 -11724 -6946 -2694
7222 19086 385 -14251 -7491 -1182
8553 18750 1239 -16623 -7119 -263
9524 18737 2110 -18328 -5522 -23
9820 18852 2748 -19344 -3984 746
9525 19307 2973 -21415 -2524 1812
8303 19286 3856 -23202 -1669 3711
7833 18442 5314 -24273 -1187 5398
8966 17668 6822 -25404 -297 6994
9182 14988 8316 -24682 285 8327
9257 14109 9105 -22471 869 9767
8294 16838 9415 -23397 2712 9761
8101 19588 10212 -27193 5504 8120
9072 18322 11650 -30413 9796 4309
8646 14860 12370 -28235 11339 452
6395 12853 12113 -23293 9230 -2102
4182 13477 11374 -20022 4805 -3810
4180 13752 10992 -18128 1232 -4745
6293 14377 10896 -15126 876 -4255
7079 17226 9940 -6810 -3170 -9058
9024 14695 9702 -10197 3047 -9596
6634 13202 9642 -14894 7057 -7414
6066 13692 9253 -21353 10246 -3387
5395 12011 10046 -28580 6951 340
7670 10496 11322 -31719 6188 1119
6160 6814 11048 -32596 6600 5313
9058 4995 11495 -32768 6818 5201
9311 7491 11545 -22923 9387 -4872
8189 5364 14084 -14166 12344 -7744
9206 1400 15146 -16823 13685 -8664
9208 1009 15485 -20705 4323 -4503
12974 1406 16830 -26020 -3501 220
15940 1196 18770 -31898 -8481 5319
18169 -752 20212 -32768 -8623 9952
18640 -1060 21153 -32768 -6631 13500
19821 -3822 22780 -32768 3591 16891
20784 -2417 25036 -30042 15329 14103
15800 -1965 24588 -19777 13547 7031
13143 -1008 26577 -13888 7965 4687
12985 1125 27286 -11272 4039 2749
14718 2024 27780 -9798 2287 -600
13992 908 27031 -11483 5987 -35
11992 1244 25918 -15358 6557 1595
10009 1620 25016 -17166 3606 2513
6594 2142 24026 -18101 1725 3006
5226 2584 23714 -15852 1897 1528
5769 2360 23445 -12366 3597 78
5677 2534 22532 -10047 4129 -702
5392 3392 21714 -8048 4627 -2223
4280 3553 21056 -5823 5235 -3350
2508 3497 20444 -3914 5769 -3671
1330 4108 19996 -3756 5751 -2844
488 4907 19432 -4961 5750 -1438
249 5081 18518 -5999 5210 -377
860 4725 18018 -6021 4846 275
1074 4213 17541 -6162 4471 977
505 3542 16796 -5569 3971 1339
-336 2698 15926 -4370 3498 1417
-1025 2046 14904 -3380 2928 1404
-1637 1582 13826 -2619 2290 1142
-1468 1237 13148 -1890 1968 771
-452 962 12982 -1683 2106 479
414 646 13310 -2246 2872 152
650 732 13683 -3186 3901 -386
-174 563 14288 -3692 4565 -1559
-260 -229 15068 -3121 4775 -2369
-594 -545 15370 -2029 4562 -3124
-712 -827 15469 -12 2933 -4230
34 -1213 15685 1796 2579 -4830
96 -688 15010 2171 2065 -5149
258 -446 14712 1702 2054 -5030
140 -164 14360 1252 2011 -4687
-44 -321 14370 607 966 -4104
-372 -631 14571 646 -753 -2957
268 -822 15105 890 -2308 -1419
976 -828 15385 690 -2789 -101
1510 -484 15569 -59 -2620 1196
1490 -121 15390 -1240 -1870 2165
1428 -232 15544 -1722 -1578 2486
1702 -930 15527 -1644 -1252 2490
1560 -1506 15448 -1230 -1034 2547
1475 -1496 15455 -1099 -995 2448
1482 -1526 15394 -999 -1141 2195
1570 -1637 15338 -1064 -1269 2014
1686 -1734 15124 -1186 -1286 1971
1818 -1923 14935 -1136 -1239 1844
2040 -2152 14844 -1050 -1112 1823
2000 -2098 14912 -869 -923 1646
1645 -2061 15012 -515 -723 1464
1555 -1845 15056 -292 -866 1237
1762 -1949 15206 -112 -1241 1113
1996 -2121 15217 63 -1432 1158
1981 -1877 15188 46 -1327 1490
2024 -2054 15156 -415 -1385 1749
2254 -2412 15200 -484 -1520 1953
2418 -2713 15192 -399 -1383 1978
2342 -2595 15109 -257 -1461 1776
2700 -2622 15136 -112 -1350 1602
2836 -2786 15188 103 -1174 1513
2741 -3006 15056 250 -982 1474
2694 -3146 15156 583 -770 1456
2504 -3044 15232 707 -746 1429
2392 -2949 15145 774 -1161 1493
2978 -2964 15354 620 -1548 1605
3154 -3015 15334 369 -1435 1693
3217 -2878 15194 132 -1271 1590
4004 -2821 15185 2 -1442 1495
3247 -3059 15308 494 430 1913