-9601 18593 7230 -12642 10552 11773
-9809 18378 7854 -13286 10861 12411
-10120 18042 8358 -13408 10862 12777
-10115 18359 9008 -13629 10645 12940
-10098 18630 9121 -14455 10442 13204
-11110 18967 9140 -15814 10419 13886
-12353 19657 8804 -18517 9932 14811
-12910 19013 9389 -20785 8647 15430
-13027 18072 10283 -23290 6595 15983
-13288 17202 10956 -23858 4245 16044
-12859 15983 11479 -23096 2128 16424
-12549 15156 11753 -21336 278 17148
-11983 14552 11905 -18914 -979 18049
-11449 14206 11958 -16423 -1576 18934
-11021 13606 11757 -14239 -2033 19502
-10423 13784 12093 -12367 -2326 20032
-10344 14068 12362 -11584 -2653 20444
-9879 14019 13240 -11424 -3683 20995
-9426 13626 14001 -11105 -4879 21262
-8970 13950 14948 -11196 -5939 21149
-8550 13990 15754 -11271 -6656 20763
-8343 14470 17009 -11425 -7058 20943
-8022 14893 18612 -12067 -8027 22039
-7704 14572 19550 -12158 -9308 23556
-7102 14699 21201 -12479 -11124 25110
-6552 15042 22816 -12861 -13553 26567
-5910 15004 24320 -12733 -15377 27422
-4714 15252 25512 -13294 -16829 27986
-4282 15707 25849 -15553 -18675 28609
-3780 15432 25244 -18222 -21394 29240
-2902 14998 24836 -19972 -24199 29680
-1860 14780 24970 -21005 -25769 30027
-759 14303 24715 -22127 -27472 30805
817 13086 23556 -22557 -28623 31967
2072 13154 22086 -22794 -28641 32477
3077 12943 20849 -23090 -27815 32325
3672 11940 19458 -21599 -26189 31607
3978 10392 18240 -19236 -24513 31056
4172 10372 16266 -16219 -23233 30504
3564 10044 14336 -13937 -23047 30717
3455 9270 11688 -12883 -23330 31056
3032 8656 9252 -13050 -23555 31115
3718 6744 7472 -14326 -23067 31119
4188 3026 5142 -16501 -21215 30686
4424 -56 3668 -17643 -19444 29866
4934 -2148 2742 -18085 -17686 28770
5462 -3866 2184 -17421 -16226 27277
5719 -6008 1604 -14739 -14333 23880
6024 -8016 1237 -10036 -12700 19356
6048 -8721 1158 -5623 -11415 15948
6008 -8796 1526 -1345 -9756 12814
5414 -8222 2006 1831 -8117 10131
5432 -7172 3168 3743 -6934 8192
5683 -6666 3968 5326 -5547 6075
5057 -6421 4478 7578 -4836 3331
4712 -7074 5042 10949 -4528 1445
4164 -6252 5498 14052 -5141 69
4269 -6084 5965 16999 -5841 -1419
3701 -5728 6461 19601 -6915 -2749
3677 -5189 6530 21679 -8137 -3724
3404 -5005 5992 23350 -9116 -5191
3048 -4588 5936 24731 -9501 -6297
3067 -4332 5817 26291 -9801 -7433
2521 -3780 5478 27525 -9734 -9707
2295 -3417 4944 27680 -9725 -12562
1876 -2481 4054 26836 -9805 -15284
1109 -2951 3880 26648 -11197 -18224
1620 -3407 3272 28013 -13082 -21839
1832 -3684 2836 29016 -13607 -23795
2137 -3806 2615 29922 -13407 -25054
2426 -2361 2052 28452 -12250 -25872
2714 -2180 2016 27156 -11401 -25669
3021 -2039 1904 26876 -11250 -25187
3519 -1457 1415 27649 -12493 -24605
5254 -725 1368 30035 -13387 -23071
6364 276 1460 31241 -13255 -21935
6972 2460 1293 30498 -11381 -20717
6591 4390 1479 28007 -8288 -20193
6232 5958 1294 26732 -7067 -20862
6558 6338 1313 26692 -7490 -20859
6129 7657 1878 26762 -9294 -20576
6801 8776 1569 26318 -11007 -19990
6898 9720 958 25741 -12103 -19522
7568 11749 -70 24176 -12769 -19011
8474 12814 -813 22326 -12444 -19020
8632 13584 -1329 20593 -11225 -19117
8330 14437 -1785 18585 -10214 -19168
7842 14664 -1769 16646 -9760 -19051
7016 15032 -1940 15667 -10213 -18771
7555 16068 -2239 14383 -11046 -18135
9122 17062 -2953 12696 -10735 -17446
9604 17105 -3554 11167 -9873 -16994
8996 17472 -4142 9783 -9381 -16513
8922 17613 -4813 7830 -8646 -15861
8237 18180 -5269 5610 -7581 -15443
7814 19248 -4912 2694 -6295 -14838
7738 21281 -4644 -1568 -4697 -14160
7249 22142 -4002 -6106 -3291 -13247
6846 22454 -3446 -10100 -2040 -12326
6760 21214 -2678 -13340 -1513 -11477
6226 22082 -2136 -15327 -1494 -11116
5961 23950 -1295 -18048 -1050 -11069
6536 25428 -422 -21281 592 -10754
6706 26308 198 -24110 2501 -9656
6072 24906 1218 -25547 3451 -7778
6330 25154 2226 -25588 3554 -6108
6095 25820 2524 -25616 3479 -4918
6095 24930 2364 -23943 3772 -3359
7205 25078 3085 -22163 5041 -1069
7702 25297 4198 -22216 7051 1126
8108 25498 5074 -24168 9214 3367
7438 24468 5388 -26338 10217 5013
6793 22152 5789 -28487 10764 6632
6147 20191 5962 -29752 10914 7493
5018 18035 5519 -29722 10544 8259
5531 15451 5902 -27706 10040 8488
7170 13936 7121 -25537 10491 8602
8978 13009 8108 -25698 12119 9182
8465 12852 8436 -26818 13201 9399
9276 10892 10652 -28929 16651 9038
5614 12820 10417 -23293 13936 7937
7572 10052 12899 -26535 16992 6055
5396 9317 16168 -24288 16447 4272
5465 9488 14140 -18789 18241 1208
4074 8092 15917 -18892 17483 -784
2625 9498 15997 -19693 15719 -710
4006 9474 14649 -24758 9392 -1898
1106 10264 16800 -26136 978 -1050
4029 8116 17997 -29662 238 1473
4833 7968 18360 -32258 5531 3812
4532 9933 18534 -23982 14952 2264
3168 8502 18924 -20198 12212 1280
4528 8912 20114 -17909 10552 789
4104 8338 20477 -16993 11159 669
3701 7841 21502 -15585 12832 1186
3752 7769 21533 -17027 11651 1777
3738 7064 21286 -18722 9837 1666
4215 6623 21524 -19866 10167 2572
3802 6020 21886 -20684 10037 2695
3480 4740 21676 -19770 10369 2528
3469 4234 22176 -18318 9607 2221
3960 3961 21909 -17315 8818 1444
3542 3250 22254 -15816 7668 925
3106 2220 22512 -14128 6571 854
3350 1904 22604 -13284 5451 655
3196 1859 22447 -13023 4602 449
2777 1544 21796 -13522 3578 -306
2717 450 21462 -13749 2953 -1105
2670 -348 21056 -13102 2512 -2104
2422 -1204 20950 -11827 2480 -2820
2346 -1809 20609 -10405 2898 -3628
1810 -1609 20162 -8602 3947 -4569
1202 -996 19501 -7504 4763 -5750
570 -890 19160 -6787 5176 -6701
-73 -1122 18818 -5982 5737 -7585
-1533 -1374 18210 -5441 5345 -8182
-3040 -1653 17756 -4004 4224 -7921
-3512 -1334 18077 -3157 2232 -6970
-3708 -862 18112 -2222 182 -5748
-3358 -369 17817 -2378 -1010 -4665
-4232 362 16800 -2751 -2341 -4231
-4936 382 16339 -2736 -3702 -3751
-3163 244 16484 -2440 -3046 -3742
-2489 788 16590 -1072 -768 -4441
-2301 1490 16712 -23 1816 -5161
-3412 1928 16214 1260 3600 -5832
-4778 1749 15657 2660 3917 -6223
-5239 1526 15485 3832 2987 -6307
-4596 1738 15060 4280 2253 -5926
-4048 2094 14597 3479 1450 -4819
-3744 2406 14098 2175 1480 -3416
-3845 2276 13564 957 604 -2491
-3518 1778 13605 -292 687 -1088
-3701 1679 13183 -1191 1552 -316
-4086 2018 13236 -1564 2396 -361
-4156 2122 14095 -1035 2660 -793
-3840 1605 15075 -209 2564 -1323
-3579 1286 15684 511 2260 -1419
-3634 1172 16110 765 1922 -1131
-3378 1039 15879 816 1258 -1092
-3113 849 15794 946 496 -994
-2718 736 15672 737 171 -963
-2624 823 15320 287 189 -881
-2263 453 15097 -97 293 -801
-1870 -59 15077 -177 527 -723
-1791 -401 15088 112 801 -517
-1852 -503 15202 316 893 -187
-1899 -124 15356 165 746 139
-1829 -166 15504 -205 645 446
-1947 -525 15769 -586 681 865
-2073 -711 15943 -1166 730 1139
-2185 -898 16232 -1622 698 1064
-2222 -805 16392 -1618 473 707
-2070 -920 16641 -1313 142 354
-2035 -1045 16642 -703 -272 68
-1913 -671 16573 -81 -560 -66
-1567 -281 16275 13 -768 15
-1148 -141 16119 55 -998 105
-725 -26 16130 74 -1188 269
-442 37 16076 -78 -843 614