-12010 14060 12555 18399 3721 -7664
-11906 13503 11817 17995 1739 -5172
-11774 13073 11366 16962 -728 -3562
-11173 12413 10157 15580 -2991 -2546
-10897 12511 9515 12704 -4844 -2242
-10882 12380 8832 10318 -6597 -2276
-10323 11916 8553 7662 -8364 -2351
-9662 11528 8236 4623 -9701 -2405
-8999 11851 8010 2658 -9862 -2403
-8758 12336 7819 1139 -8843 -2583
-8778 13366 8096 -292 -7871 -2859
-8874 14224 8622 -1538 -7419 -3138
-8973 15961 9540 -4497 -6923 -3398
-9049 17780 10828 -9092 -6668 -3279
-8778 17664 11920 -12308 -6510 -3086
-8530 17108 13720 -14851 -6315 -2349
-8693 16266 16606 -16046 -6802 -602
-8629 16686 19350 -15528 -8335 918
-8875 18061 22689 -14867 -10452 2253
-8749 19597 26619 -14764 -13668 4413
-9214 20884 29902 -15918 -17291 7363
-9214 20852 31964 -17202 -20003 9175
-9486 21004 32767 -17313 -23852 10638
-8088 19209 32767 -14191 -29255 11851
-7629 18712 32767 -10660 -32606 13913
-7761 19344 32767 -9061 -32768 16377
-7248 20502 32767 -9776 -32768 18605
-6302 21754 32334 -12357 -32768 20339
-6285 21469 30356 -15912 -32768 21965
-6468 19548 28200 -18958 -32768 23842
-6341 17620 25920 -20351 -32768 25522
-6298 16744 23868 -21190 -32768 26755
-6394 16422 20682 -23313 -32768 29859
-5116 14820 16474 -26011 -32768 32427
-3758 13663 13616 -27973 -32768 32767
-2500 11848 10239 -28442 -32768 32767
-914 10157 7442 -27902 -32768 32558
-1942 8690 5273 -25043 -32768 32756
-837 6782 2556 -22742 -32768 32767
-989 5973 470 -21608 -32230 32767
-872 4637 -1088 -21519 -30364 32763
508 2489 -1843 -22027 -27821 31987
1569 -249 -2559 -23294 -24292 30521
2328 -2547 -3287 -24033 -20398 28138
2456 -5094 -3832 -22802 -17502 25054
3109 -6973 -3574 -19875 -15395 21870
3522 -8000 -2948 -16542 -13007 18395
3904 -8465 -2322 -13027 -10303 14419
3737 -9144 -1753 -8880 -7771 10379
3360 -9829 -1073 -3863 -5358 6417
3177 -9973 48 1611 -3656 2903
3005 -9773 949 7064 -2811 -368
2797 -9308 1566 11623 -2717 -3928
2474 -8558 1941 15005 -3557 -7938
3082 -8945 2821 18642 -4413 -11385
3840 -8577 3812 22949 -5333 -15433
4758 -7574 4364 26038 -5822 -18775
5030 -7788 4093 30090 -6115 -23851
3829 -7348 2236 32767 -5133 -31075
1532 -5068 886 32767 -5605 -32768
-48 -3396 734 32767 -7277 -32768
-588 -3121 1516 32767 -8553 -32768
171 -2285 1633 32767 -7614 -32768
2681 -1309 -272 32767 -3205 -32768
2977 2676 1132 32767 85 -32768
4014 5050 1432 32767 1326 -32768
4181 5356 2682 29191 1771 -31144
4388 6412 2937 22242 1662 -26270
3858 5704 3932 18162 -197 -23151
4322 5629 4144 14923 -1976 -20223
5130 6133 4421 12787 -4261 -18499
6444 5934 4848 11817 -6559 -16979
7609 5034 4721 12303 -8378 -15741
7786 5418 4088 13919 -9651 -15081
8052 6246 3616 15347 -10749 -15329
8657 7422 2894 15993 -11256 -16110
9410 8518 2492 16025 -11183 -16890
9563 9825 1439 15573 -11039 -17521
10128 11563 97 14247 -11019 -17460
10300 12841 -453 12507 -11071 -16865
10764 14049 -228 11005 -11169 -15932
10852 14497 -45 9617 -11235 -14894
10954 15238 158 8717 -11493 -13770
11540 16086 121 7361 -11635 -12415
11128 16309 -205 6258 -11268 -11256
10389 16389 -165 5354 -11183 -10716
9506 16021 -364 3872 -11160 -10323
9124 16599 -1112 1479 -10894 -9631
9605 17837 -1794 -2558 -10246 -9168
9501 18305 -2170 -6451 -9380 -8501
10776 19460 -848 -11393 -6742 -7062
11768 19952 520 -15049 -4189 -5913
11435 19064 1553 -17419 -2618 -4373
10903 17944 2385 -18736 -1513 -1088
10022 17628 2554 -20308 -2025 959
9920 16177 2567 -21522 -2729 2212
10610 13116 2487 -20600 -2909 2474
10148 10926 3125 -17259 -1382 2173
9565 12313 3797 -13054 2057 632
8965 15737 4957 -8085 7020 -2959
8996 19148 6292 -2646 12291 -6765
7011 21123 7590 169 13221 -8650
5784 22788 8229 -475 10818 -7724
5128 24460 8140 -3886 7084 -5340
6166 25180 7294 -8775 4880 -2673
7974 23985 6284 -13560 5052 547
13136 20141 6195 -12619 12787 5382
7044 21376 4340 -9369 3892 4422
12988 20425 6848 -8807 10539 -26
9811 18362 8609 -14123 15587 2804
8794 20394 9458 -17006 12033 2916
7309 20093 10552 -21731 6563 4903
10344 18753 11242 -24254 7476 6039
8805 17819 10932 -25714 5972 9774
9913 16312 11240 -25956 4386 11973
9532 16908 10089 -24348 3303 9738
7902 16089 11544 -19210 2039 6836
9578 14229 12552 -17033 3934 4453
11274 12582 13093 -19341 4645 4405
11060 12817 12904 -21796 5019 5576
10373 11404 13058 -21467 4894 6673
10544 11288 12894 -20219 5575 6131
9773 9948 12910 -18577 6208 6025
8916 9728 12392 -17749 6910 6118
8185 9472 12594 -17541 5820 6370
7616 8017 12838 -16992 4435 7124
7645 8778 12752 -18221 4420 9244
8204 7793 12790 -19821 3743 11117
9080 7077 12308 -20590 3802 11399
8912 6193 11926 -19983 4392 11360
9333 4565 12042 -19922 6159 12214
9892 3998 12241 -19274 7571 11466
8852 3244 13397 -15805 7260 9774
9209 4100 13586 -14985 6434 8356
10156 2849 14424 -14126 7319 7345
10756 2476 14478 -12787 7052 6683
11481 2358 14932 -11859 7895 6268
11665 1961 15810 -12409 9005 5969
11188 1840 16776 -11990 8825 5654
10884 2300 17226 -12391 8264 5256
11063 2015 18032 -12435 7402 4798
10854 1666 18626 -11684 6238 4497
10940 1674 18913 -11426 5672 4528
11228 2089 19193 -11751 5366 4484
11457 1873 19378 -11626 5428 4236
11382 1470 19392 -11360 5529 4038
10924 1692 19257 -11463 5673 3674
10061 1377 19302 -11018 5390 3188
9797 1430 19218 -10750 4896 2855
10576 1503 19349 -10824 5067 2620
11246 1700 19470 -10918 6040 2239
10642 1878 19756 -10872 7266 1619
9833 1856 20456 -10631 7823 725
8408 2233 20457 -10564 7720 -3
6830 1770 20048 -10241 6988 -645
5008 1056 19624 -9574 6229 -1027
5500 284 19841 -8004 6284 -731
5648 275 19235 -6806 7499 -692
3701 612 18233 -6176 8508 -1063
2185 416 17832 -4982 8594 -1336
1198 -34 17250 -3945 7312 -1496
475 -832 16773 -2346 6710 -1649
78 -909 16025 -1304 5327 -1224
-66 -958 15046 -1185 5449 -721
-310 -718 14444 -1367 5884 -118
-1085 -461 14117 -2253 5890 573
-2017 -509 13749 -3132 4953 943
-2390 -989 13650 -3893 3880 969
-2790 -1113 13358 -4432 2478 840
-2644 -1485 13692 -4527 1104 716
-1813 -1590 14062 -4431 124 526
-984 -1620 14369 -4261 55 71
-900 -1262 14504 -3948 506 -619
-790 -1094 14750 -3603 937 -1336
-498 -1041 14705 -3124 1677 -2243
-543 -860 14783 -2048 2020 -3315
-34 -632 14830 -1054 1945 -4181
98 -467 14700 -421 1385 -4605
316 -400 14502 -578 593 -4435
207 -168 14310 -969 -339 -3701
936 -376 14164 -1403 -891 -2451
1569 -330 14376 -1471 -995 -1410
2225 -444 14658 -1482 -465 -580
2180 -528 14764 -1261 492 -113
1497 -424 14768 -1016 733 59
1819 -835 15189 -480 312 -46
1819 -872 15308 -342 -312 -59
2064 -940 15352 -436 -937 -3
2901 -1309 15668 -528 -833 144
3142 -1458 15955 -294 -239 84
3096 -1268 16164 -161 512 -195
2641 -1017 16084 204 798 -499
2602 -966 16268 659 756 -730
2576 -1012 16210 916 375 -810
2509 -1161 16110 1309 -493 -645
2641 -1106 16218 1720 -1129 -175
2801 -802 16165 1734 -1576 291
2836 -528 15853 1394 -1796 688
3074 -791 15613 1184 -1777 1240
3298 -875 15276 1197 -1609 1909