-5213 10602 12589 4525 -4393 -6007
-5411 10693 12463 5061 -3994 -5508
-5582 11034 12582 4991 -3660 -5344
-5514 11220 12604 4712 -3184 -5174
-5757 11082 12646 4478 -2731 -5003
-6053 11085 12755 3679 -2177 -4678
-6095 10901 13092 2495 -1096 -4324
-6192 10502 13078 1920 -196 -4210
-6189 10040 13176 1951 475 -4294
-6077 9553 13194 2487 911 -4225
-5978 9350 13130 3366 990 -3999
-5710 9508 13184 3825 646 -3694
-5745 10205 13178 3708 13 -3447
-5626 11283 14020 2699 -528 -3143
-5282 12845 15468 414 -1135 -2530
-5049 14117 16737 -2256 -1615 -1687
-5327 15651 19071 -5299 -2204 793
-6408 19952 21193 -11417 -3604 5079
-7280 26036 22570 -22715 -5693 9952
-6458 25052 24150 -31961 -7269 13483
-4758 18430 26670 -32768 -8454 15321
-3432 12000 29977 -32768 -9749 15891
-2329 7778 32552 -29519 -11491 15892
-1708 7658 32767 -21158 -13624 15414
-2211 11309 32767 -15181 -17858 14274
-2037 14324 32767 -13457 -22974 12717
-1318 14454 32767 -13945 -26203 11738
-1238 14224 32767 -14610 -27653 11733
-1300 13861 32759 -14943 -29444 12403
-1493 14262 31921 -15625 -31896 13637
-1592 14934 30261 -17059 -32768 15037
-1472 15284 27580 -18649 -32768 16151
-1243 14543 23672 -20149 -32768 16648
-1230 13105 20904 -19230 -32768 16391
-750 11781 17872 -17956 -32768 16593
-1117 9541 13990 -16167 -32768 17701
-994 9214 10909 -16233 -32768 19146
-1132 8048 8706 -16437 -32768 20080
-1231 7127 6131 -15652 -32768 20471
-229 5696 3325 -15985 -32768 21746
1054 3598 1399 -15464 -31752 22953
2710 1861 141 -14654 -28648 24113
3694 2260 -389 -16014 -25491 25260
5033 2961 -1132 -18009 -20683 25439
5938 1402 -1490 -20006 -15848 23188
6010 -1450 -1293 -19240 -12991 20840
6317 -3773 -1148 -20356 -9936 19034
5344 -5548 -844 -20172 -7776 17290
4709 -7352 -604 -18144 -6635 15338
4426 -8962 208 -15907 -6133 13423
4413 -10738 986 -12950 -5358 10952
4249 -10848 2032 -7718 -4391 6743
3868 -10700 2963 -716 -4656 2456
3845 -10388 3652 4940 -5167 -284
4258 -9657 4597 9231 -5215 -2338
4608 -8057 5635 12567 -5665 -4854
5096 -6896 6372 14128 -6084 -7127
5342 -6084 6464 13594 -5930 -9557
5301 -6363 6510 13377 -5241 -11064
5938 -5782 6422 13503 -4814 -11668
5862 -5664 6552 14348 -5337 -12855
5974 -5284 6378 15074 -5845 -14469
5757 -5355 6176 16366 -6869 -17329
5714 -5306 6118 17737 -8101 -20805
5283 -4326 5493 18657 -9426 -23995
5445 -4424 5160 21288 -10206 -27215
5545 -5314 4405 24061 -10036 -29251
5480 -4508 3276 26588 -9722 -29783
5549 -3897 2916 28778 -8663 -29316
6210 -1594 2358 28650 -7019 -28555
6514 -598 2850 27667 -5330 -28245
6076 -720 3668 27016 -4704 -28131
5566 1651 3951 21763 -4749 -29473
5924 1282 3604 17776 -6728 -31170
6279 1039 3862 16198 -8881 -30342
6916 1181 3328 14903 -9573 -28042
6494 2940 2198 13106 -8170 -26367
6757 4102 1039 12343 -5013 -25291
6286 5801 -212 9994 -2514 -24034
7102 7358 -661 6335 -2801 -22720
6853 9849 -864 950 -3075 -21659
5445 11212 -1298 -5551 -4148 -20355
6502 9224 -658 -9482 -4797 -18091
8291 8684 196 -10587 -5110 -17185
8069 9684 -637 -12669 -4439 -17059
8602 11049 -637 -13410 -4310 -17578
10000 10878 -308 -13579 -2534 -17745
11278 10002 1078 -12000 372 -17040
11902 9540 3817 -9748 4234 -16317
11613 10842 6822 -6160 6978 -16438
11214 12982 8280 -4509 8547 -17243
10417 13656 10380 -3176 8973 -17357
9709 15041 11922 -2654 8289 -16606
8142 16438 12857 -4048 6310 -15470
8911 16133 13777 -5248 3485 -13312
9528 16026 13933 -6287 1101 -10724
10284 15661 13801 -8346 -353 -8254
11058 15582 13944 -10546 -344 -5345
12685 14980 15565 -13718 1663 -1101
11693 14888 15872 -15973 3440 2301
11600 14585 16114 -17165 3796 4465
12216 15033 16696 -19067 4046 5358
11929 15161 16375 -21414 4353 5232
11990 14196 15546 -21595 5214 6111
13444 13339 15700 -21107 8547 7499
13549 12666 17433 -19125 12892 9031
5442 9274 16848 -20580 11678 11218
9443 15351 18630 -10835 15897 5580
12838 11689 19196 743 18749 -2304
11653 11430 17772 -2868 18704 -2100
9986 11541 17786 -7502 14879 -2128
9618 11813 17028 -13751 11028 58
10330 10520 18185 -21849 6288 4012
11684 11158 19518 -21141 10931 4061
8138 13206 17989 -8096 12558 -1275
7576 11904 17876 -3391 11919 -863
9833 10756 17261 -1855 11939 -3429
7682 9928 16190 -5109 11716 -253
8654 9680 15894 -9855 9718 909
7881 9669 15760 -14138 7496 2864
7091 9267 15732 -16038 7272 4561
6569 8036 16394 -13929 6482 4940
7232 7810 16877 -11760 6299 4272
6928 7908 17069 -10387 5770 3331
7089 7605 17300 -9492 5598 2813
7577 7259 17714 -8834 6078 2296
7181 6824 17894 -9040 6372 1644
6876 6105 18486 -9522 5446 1761
5924 5424 18902 -8930 3784 2230
5642 5167 18697 -8577 1786 2623
6102 5258 18756 -8495 301 3328
6332 5258 18626 -8575 -422 3654
6406 5164 18017 -8719 -520 3624
6740 4842 17692 -8655 -414 3393
6700 4602 17286 -8259 -121 3121
6570 4244 17132 -7786 -141 2844
6563 4191 17432 -7516 -698 2723
6880 4402 17454 -8050 -1032 2964
7340 4184 17409 -9136 -693 3316
7312 3366 16878 -10065 558 3847
6758 2692 16641 -10137 1291 3986
6364 2176 16558 -9924 1746 3819
6070 1645 16785 -9553 1885 3468
5740 1232 16834 -9027 1984 3126
5665 1066 16720 -8658 2134 2773
5437 1353 16869 -8173 2621 2357
5064 1472 17117 -8085 3069 1845
4594 1629 17325 -7964 3501 1122
4294 1768 17882 -7859 3662 394
3526 1502 18426 -7312 3227 -109
2622 1318 18752 -6630 2615 -105
1726 1681 18668 -5738 1813 140
1858 1625 18898 -4525 992 483
2424 1774 18817 -3631 845 742
2046 1954 18340 -3402 608 681
180 1929 17352 -3003 -288 239
-1168 1012 17078 -2462 -1339 -22
412 582 17342 -2514 -1580 195
1464 1302 17680 -2263 -1119 -83
944 2456 17296 -1493 -775 -721
393 2441 16929 -448 -977 -1241
621 2376 16829 206 -1392 -1744
1396 2176 16964 -29 -1187 -1431
1500 2522 16920 -777 -269 -576
1165 2710 16494 -1659 609 211
582 2364 16108 -2683 863 828
514 1732 16212 -3323 542 1165
778 1413 16253 -3841 355 1340
1010 1445 16542 -4071 559 1467
1098 1660 16717 -3959 1227 1177
816 1641 16884 -3654 1638 706
850 1616 16868 -3389 1657 321
1067 1578 16862 -2915 1513 -209
1676 1432 16588 -2127 1478 -508
1894 1470 16350 -1572 1377 -625
1998 1365 16232 -1127 658 -668
2057 1225 15925 -642 -146 -516
2421 1484 15549 -829 -597 -354
2637 1605 15084 -1089 -934 -308
3266 1580 14710 -1206 -1043 -153
3682 1510 14345 -1423 -717 84
3882 1482 14054 -1582 -529 269
3953 1305 13981 -1413 -253 754
3932 1273 14050 -1219 -275 1206
3845 1261 14258 -1174 -424 1803
4032 1194 14462 -1191 -574 2441
4008 1096 14596 -970 -359 3118
3909 929 14720 -1217 -292 3316
3833 669 14645 -1435 -111 3332
3489 849 14683 -1446 -47 3011
3362 882 14616 -1627 226 2738
3380 479 14835 -1603 483 2729
3289 152 15080 -1213 507 2801
3317 216 15220 -1046 440 3200
3141 54 15477 -981 69 3659
3365 -312 15677 -749 -275 4326
4006 -586 15834 -683 -700 4678
4313 -793 15777 -581 -487 5128
4328 -782 15652 -799 -134 5255
4134 -804 15529 -910 -37 5029