-1949 15560 10491 3965 -9457 -19102
-2108 15742 10672 3581 -9348 -17990
-1665 15726 11076 2477 -9544 -16852
-1221 14942 11471 1369 -9624 -15440
-612 14286 11923 469 -9208 -14253
-73 13423 12570 82 -8271 -13532
145 12865 13113 476 -6812 -13050
277 12454 13666 1057 -5505 -12782
-57 12079 14168 2040 -4969 -12905
-222 11797 14174 3010 -5597 -13173
-344 11828 14189 3625 -5641 -13116
-616 11656 14022 4154 -6244 -12933
-471 11751 13889 4351 -6923 -12665
-387 12143 13746 3763 -7282 -12276
-378 12130 13721 3049 -7141 -11913
-398 11812 13992 2653 -6893 -11464
-166 11889 14053 2474 -6484 -10983
-149 11610 14046 2607 -5932 -10521
-140 11496 14050 3124 -5446 -10288
-239 11474 14174 3768 -5043 -10206
-677 11406 14050 4623 -4950 -10057
-594 11413 14155 5293 -5064 -9798
-361 11388 14086 5595 -5083 -9588
-240 11633 13996 5698 -4838 -9359
-225 11624 13862 5408 -4260 -9051
-172 11542 13636 4886 -3523 -8555
-174 11761 13526 4233 -2803 -8196
-298 11936 13405 3442 -1859 -7927
-669 12058 13008 2681 -904 -7777
-1014 12301 12952 2149 -200 -7723
-1438 12718 13137 1593 80 -7537
-1578 12866 13412 1246 56 -7300
-1602 12939 13895 729 -438 -7107
-1446 13300 14199 444 -737 -6903
-1302 13600 14318 383 -746 -6787
-1216 13589 14621 377 -756 -6645
-1286 14154 14714 247 -439 -6304
-1629 15405 15113 -925 -317 -5533
-1650 15704 15254 -1997 -497 -4941
-1412 15621 15664 -2927 -882 -4268
-1136 15720 16328 -4394 -1753 -2923
-990 16116 16988 -6458 -3052 -833
-759 16576 17447 -8796 -4638 1846
-149 16871 18422 -11976 -6615 5662
645 16373 21234 -14049 -8554 9595
1603 16061 24121 -14501 -11459 13939
2433 17044 25813 -15806 -14540 17714
3833 17580 26076 -17934 -16632 18931
5076 17046 26406 -19480 -17956 19138
6266 15040 27126 -19924 -19339 19067
7105 12737 27496 -18668 -20392 19149
7884 11416 27740 -17098 -21238 19142
8671 11182 27854 -14328 -22363 18567
8839 11321 26902 -11720 -24313 18194
8245 11052 24996 -10954 -25902 18821
8100 10230 23506 -11222 -26728 19506
8357 9633 22146 -11714 -26958 20337
8366 8800 20836 -12448 -27043 21097
7915 8517 18958 -13237 -26543 21505
7442 7129 16809 -13438 -26323 21435
6964 6108 14622 -12671 -26451 21095
6624 5065 13017 -11303 -26329 21090
6680 4662 11605 -9986 -25511 21355
6221 4594 9821 -9193 -24573 21323
5960 4288 8434 -9181 -23632 21442
5920 4277 7602 -9638 -22703 21460
5994 4041 7057 -10216 -21482 21651
6068 3208 5941 -10233 -19821 21412
5726 2501 5284 -9819 -18209 21315
6202 2034 4708 -9212 -16883 20408
6305 970 3954 -8798 -15218 19612
6304 225 3724 -7753 -13331 18522
6078 -2 3577 -6324 -11948 17217
6070 12 3592 -5281 -10544 16159
5673 -342 3630 -4485 -9400 14966
5369 -969 3542 -3645 -8260 14277
5241 -1096 3568 -3358 -7843 13759
5305 -1816 3817 -3162 -7705 13252
5473 -2678 3986 -3199 -7328 12555
5888 -3497 4344 -2615 -7345 11952
6511 -4875 4695 -1690 -6558 11280
6757 -5118 5148 -613 -6000 10082
7266 -4658 5676 -452 -5535 9076
7360 -5052 5894 -390 -4853 8178
7690 -5729 6458 50 -4198 7428
8091 -6604 7093 1256 -3631 6705
8389 -6936 7633 2310 -3503 5813
8329 -7476 7748 3019 -3365 4809
8317 -8304 8162 3678 -3370 3854
8438 -8872 8053 4443 -3404 2364
8160 -9334 8088 5347 -3625 472
8275 -8799 8499 5818 -3698 -1015
8120 -8493 8770 6052 -3499 -2258
8064 -8165 8710 6063 -3737 -3283
8096 -8113 8756 5985 -3635 -4597
7806 -7616 8709 5650 -3638 -6015
7941 -7553 8678 5638 -3140 -7361
7482 -6812 8401 5151 -2864 -9147
7125 -6858 7978 4362 -2375 -12157
6200 -6806 7801 3876 -2423 -15090
6057 -6548 7288 3480 -2530 -17812
5888 -6601 6638 3500 -2721 -20711
5222 -6141 6060 3969 -3630 -23443
5601 -6742 5381 4545 -4693 -25509
4963 -6410 4578 7101 -5646 -27484
4916 -6096 4367 10446 -6757 -28431
6010 -4132 4890 11209 -7322 -28259
7049 -2492 4749 9625 -7985 -27827
7856 -1380 5285 7985 -8164 -27156
9508 -1082 5152 5744 -7437 -26049
9809 -1543 5023 5537 -7152 -24944
9056 -1273 3651 6617 -7092 -22901
8342 -286 2244 8326 -7680 -21965
8548 396 1670 10120 -7936 -21476
9541 2068 1094 11226 -7816 -21271
10707 3205 506 13039 -9137 -20931
11249 4024 128 12797 -8931 -20456
10906 5711 85 11506 -7196 -19921
11096 7606 276 9029 -6001 -19642
12159 8557 989 5400 -5846 -19512
11408 9056 1035 1966 -5502 -19565
10102 9240 717 998 -5587 -19924
9734 9853 590 803 -6040 -20327
8557 10585 261 477 -6692 -20414
7669 12244 83 798 -8046 -19632
7346 14610 -190 -1260 -9940 -16874
7410 16009 -273 -4139 -10707 -13678
7525 16001 -377 -6525 -10191 -10548
8660 16106 -360 -9811 -8489 -7296
10228 16042 601 -13595 -5669 -5545
10841 16489 1934 -15242 -1882 -5378
11286 16352 2928 -13839 2153 -6301
10606 16169 3654 -11207 5017 -7004
9956 16362 4269 -8800 5925 -7215
10150 16905 4837 -6962 5532 -7327
10841 18175 4998 -7639 4654 -6469
10938 19036 4928 -10794 4139 -4220
10874 19274 4665 -14857 4700 -1006
11090 18552 4806 -18440 5472 2258
12141 16548 6045 -21720 6217 7578
13201 15162 7053 -24681 7229 13284
13218 14800 8030 -26314 8502 16669
13018 15052 8616 -27883 9476 18602
12826 14526 8973 -29002 11253 19791
13133 13014 10072 -29093 14299 20226
14258 11465 11686 -28293 16640 19761
14652 8602 12484 -26802 18030 18980
13590 5914 13140 -23774 18489 18017
12622 5116 13476 -21855 18334 16693
12025 3808 13956 -19608 17327 13221
11333 1956 14169 -14502 15033 7548
11500 1911 14705 -10113 13025 3149
12043 2825 14817 -8124 11881 136
12480 3208 14644 -7961 11982 -852
12840 3600 14218 -8823 12321 -721
13031 3728 14084 -10032 13270 54
12925 2953 13981 -11292 13713 813
12520 1742 14552 -11615 13831 1968
12045 888 15111 -11390 13409 3041
12390 1542 16421 -10060 12428 2158
12682 1606 17298 -8899 12033 1703
13649 1363 17919 -8446 11692 1817
14740 1192 18554 -9061 11618 2705
14587 916 19151 -10138 11182 3741
14382 188 19618 -10742 10434 4709
14519 -745 19918 -10950 9466 5343
14150 -1077 20141 -10944 8293 4921
13685 -1270 20470 -10782 7418 4026
13846 -1290 20402 -10723 7040 3350
13652 -1395 20146 -10769 6902 2657
12872 -1664 19400 -11239 7133 1886
11345 -1826 19121 -11328 7415 1283
9649 -2126 19581 -10679 6381 928
8846 -1957 19449 -10022 5121 752
8359 -1565 18990 -9157 4380 463
8157 -924 18119 -8680 4425 24
7278 -711 17542 -8756 4738 -247
6448 -868 17468 -8310 4725 -499
4824 -1038 17362 -7715 4714 -1035
5194 -1058 17621 -6605 4901 -1402
4565 -613 17696 -5390 4990 -2051
3538 -110 18038 -3740 4123 -2603
2908 -17 18104 -2614 3100 -2988
2328 213 18070 -1749 2493 -3189
2097 373 17712 -1228 2898 -3447
1990 508 17137 -710 3461 -3875
2122 639 16564 261 3766 -4755
2553 562 16148 1180 3377 -5483
2890 624 15790 1542 2903 -5657
2954 798 15632 1210 2450 -5168
2684 796 15208 373 2144 -3813
2211 1070 14772 -952 1633 -1769
2537 852 14566 -1599 1167 -624
2881 611 14448 -1903 1081 -191
3226 884 14513 -2178 1734 -379
3333 1176 14798 -2214 2686 -897
3040 1265 15093 -2045 3337 -1366
2430 1166 15442 -1524 3218 -1719
2153 1036 15453 -1066 2878 -1913
1917 930 15544 -721 2455 -1947