-4240 13658 11897 3929 -6922 -14871
-4494 13700 12165 3858 -7248 -15291
-4704 14074 12366 3664 -7459 -15750
-5222 14689 12712 4059 -7968 -16495
-5852 15064 12813 5288 -8787 -17520
-6370 15452 12559 6172 -9883 -17991
-6929 15594 11978 6205 -11188 -17850
-7258 15732 11600 6523 -12370 -18026
-7310 15838 11280 6886 -13808 -18858
-7877 16050 10882 7298 -15550 -20277
-8346 16852 10645 7704 -16514 -21725
-8573 18282 10548 7637 -16748 -22850
-8492 19008 10264 7922 -16004 -23131
-7527 18558 9598 9989 -15317 -22132
-7116 17953 8350 11343 -16078 -20727
-6738 17208 7586 10697 -17293 -19811
-6357 16511 7045 9577 -17865 -19452
-5652 15361 6553 8255 -17791 -19039
-4811 14767 6717 7590 -17232 -18862
-4380 14338 7029 7407 -16203 -18403
-4236 14409 7302 7525 -15274 -17710
-4286 14782 7418 7314 -14538 -17056
-4195 15021 7833 6384 -13948 -16155
-3756 14725 8778 5256 -13797 -15314
-3667 14198 9520 4261 -13369 -14901
-3394 14095 10775 3115 -12893 -14643
-3202 14456 12092 2140 -12663 -14732
-3246 15156 13228 1794 -12197 -14896
-3680 15301 14128 2042 -11837 -14658
-4013 15112 15250 2811 -11830 -13999
-4402 15493 15916 3635 -12024 -13080
-4824 15805 16322 3987 -12394 -12244
-5205 15801 16465 3905 -13033 -11520
-5533 15597 16802 2985 -14609 -10822
-5529 15304 16848 1344 -16272 -10382
-5453 15392 16928 -411 -17236 -9777
-5332 15489 16688 -2799 -17999 -9082
-5104 14768 16554 -4680 -18401 -8447
-4810 14094 16544 -6381 -18651 -7663
-4837 13604 16357 -7822 -18871 -6863
-5070 14536 16356 -9784 -19491 -6317
-4905 15673 16972 -13160 -20257 -5708
-4665 15968 17718 -16292 -20642 -5079
-4136 15406 18247 -17904 -20797 -4494
-3261 15333 18856 -18650 -21167 -3792
-2490 14709 19433 -18665 -21583 -2932
-1259 13588 19944 -17158 -21440 -2444
-752 13710 20163 -15561 -21133 -2226
-121 13714 20967 -14571 -21416 -2663
516 13921 21281 -14503 -21730 -2466
1258 13860 21412 -14709 -21744 -2066
1746 14282 21677 -15404 -21788 -1152
2682 13841 21696 -16180 -22319 287
4152 13464 21682 -16227 -22409 1194
4939 13506 21132 -16389 -22268 2033
5552 12830 20566 -15959 -21996 2933
5617 12837 19936 -15723 -22242 4653
6507 12145 18617 -15367 -22533 6699
7709 11828 17236 -15914 -22311 9144
8442 9712 15490 -15665 -21813 10299
8862 7658 14118 -13860 -21593 10601
9048 6092 12888 -11654 -21641 10495
9344 5016 11220 -8206 -21529 9679
9346 3494 9040 -3270 -21221 8239
9062 2660 7383 391 -20755 7249
9133 2084 6242 2462 -19696 6910
9216 1432 5381 4021 -18003 7318
8941 2436 4484 4007 -15876 7847
8830 3602 4730 3507 -14146 8458
9797 3621 4693 2004 -11519 9311
9480 3245 4144 -970 -8630 10360
9292 1846 4561 -3634 -6263 11352
9172 583 4812 -5809 -3672 11877
8652 -780 5070 -6546 -2935 11473
8757 -2370 5112 -5621 -2437 10631
8300 -3122 5242 -4112 -2412 9566
8328 -4322 5766 -1924 -2888 8475
9054 -5292 5998 1128 -2810 6852
9149 -4769 6095 4017 -2228 4537
9409 -4501 6154 5423 -1193 2567
9323 -3061 6344 5064 76 1010
9315 -3080 6772 4261 2508 -1113
9061 -2925 8256 3932 4353 -3111
8662 -2986 8838 4323 4234 -4926
7842 -2714 8848 5785 2890 -7142
7181 -3920 9061 8680 1365 -8804
6470 -3030 8984 11117 -396 -9844
6749 -1184 9325 13039 -3722 -11955
7185 144 8769 15194 -6515 -15481
6422 1402 8164 15984 -7741 -20425
6160 2197 7645 16823 -8886 -25422
4946 1378 5961 18759 -9930 -30942
4525 506 5886 21944 -10859 -32768
4150 -509 5130 25228 -11988 -32768
4468 -1600 3306 29074 -10655 -32768
4886 156 2682 28837 -8935 -32768
3582 3308 2080 27629 -8443 -31923
4158 4972 2666 24939 -7493 -27361
4130 6472 3514 21770 -6139 -23917
3686 6477 5701 19906 -5688 -21520
3037 4231 3741 22417 -7112 -20304
3768 5442 3358 24858 -9174 -19353
4796 5471 2489 27440 -10219 -17617
6461 7314 1793 27582 -8629 -15335
5230 9296 779 25105 -6481 -14153
5192 10772 376 21712 -5473 -13595
6029 11257 440 19356 -6460 -12917
6462 11597 -332 19171 -7876 -11735
7560 12880 -362 18908 -8276 -10875
7538 13840 -904 18064 -8269 -10335
7128 15353 -1570 16768 -8392 -9506
7586 17214 -1642 14457 -8361 -8338
8244 18699 -1496 9906 -7226 -6437
8380 19841 -1420 1883 -6222 -3897
9846 19864 -717 -5361 -4703 -1592
9634 19964 -544 -9442 -4407 -270
9228 20137 92 -13835 -4125 1328
10553 21117 1936 -18549 -2886 3524
11402 20900 3798 -22944 -1098 5986
11909 20574 4836 -26766 128 8292
11532 18705 5477 -28567 35 10171
10590 16596 5393 -29419 -1811 12248
10929 15718 5337 -29593 -4454 13967
12521 15257 5588 -31587 -5029 15582
14088 13681 6108 -32768 -2653 17421
15118 13692 6802 -32768 -438 18478
14672 11230 7300 -32625 2539 19882
14548 9892 8194 -30363 6063 20547
14364 10494 9169 -27156 8656 19164
13825 11101 9773 -23327 10357 16040
13862 11513 10509 -20281 11098 12866
13031 11352 11322 -16707 10132 9875
13075 11992 12261 -14704 8541 8301
13069 11304 12190 -13914 7524 9001
12315 11595 12048 -15248 7366 10834
11916 11336 12112 -16191 6716 12037
12102 9170 11403 -16639 6312 12816
12497 7553 11572 -14860 6737 12114
14247 6828 10299 -8129 4855 7336
14288 5509 11148 -7409 8353 3007
14368 7513 10740 -5834 8983 1467
14530 7858 11368 -7748 10212 1087
14626 8306 11989 -12193 10850 3129
14474 9666 13122 -16023 13540 6140
14409 6729 13984 -17918 18746 7019
11503 4721 15465 -15494 18191 7391
9892 3751 16692 -12751 14659 4966
9836 3308 16837 -12047 11795 1676
10492 2913 17250 -11213 10852 -28
10580 3376 17484 -11002 9949 -446
11102 3572 17945 -12355 9525 -282
10731 3676 18363 -12961 8975 878
10414 2885 18817 -12474 7914 2040
10952 2698 18723 -12148 7020 1749
11282 2377 18467 -11885 6851 996
10488 2183 18968 -11581 6296 651
10392 2144 18956 -11615 5740 598
10821 1733 18840 -11578 5358 560
10648 1215 18728 -10948 4821 478
10373 1013 18573 -10706 4149 192
10454 632 18250 -10703 3704 -354
9753 26 17656 -10366 3375 -667
8817 -220 17057 -10208 3042 -920
8244 -372 16508 -10341 2674 -1165
7833 -1086 16153 -9880 2268 -1197
7813 -1158 15905 -9545 2073 -1102
7324 -1140 15474 -9226 2205 -1112
6516 -1271 15266 -8393 1951 -1301
6125 -1253 14949 -7601 1520 -1543
6072 -1106 15134 -7056 1059 -1722
5908 -762 15012 -7000 891 -1732
5407 -832 14786 -7061 862 -1681
5113 -1306 14702 -6732 488 -1499
5384 -1502 14690 -6448 303 -1534
5577 -1708 14754 -6069 475 -1622
5588 -1792 14633 -5491 826 -1581
5488 -1868 14989 -4569 1302 -1383
4927 -1560 15152 -4280 1196 -1047
4964 -1713 15047 -4146 933 -728
4172 -1818 14546 -4491 922 -834
4689 -2433 14798 -3842 1637 -1592
5914 -2134 14966 -2926 3263 -3185
5543 -1536 15425 -1280 4268 -5120
4689 -696 15862 719 3844 -6247
4312 -206 16110 1894 2707 -5829
4932 362 15974 1751 2361 -5096
5178 748 15638 1170 2404 -3886
5598 842 15340 476 2856 -2498
5534 734 15052 -59 3162 -1561
5252 140 14724 -436 3550 -444
4777 31 14449 -852 3733 421
4160 -89 14264 -1226 3550 691
3757 -551 14309 -1249 3520 600
3672 -1026 14383 -994 3791 -214
3826 -1220 14976 24 3518 -1910
4282 -1128 15526 704 2833 -2878
4439 -554 15885 623 2217 -3320
4652 -260 15904 57 1662 -3467
4988 -257 15872 -421 1328 -3441
5135 -63 15642 -557 961 -3785