-9866 17125 20102 1745 -3713 11667
-10141 17222 19446 543 -4992 12769
-10137 16980 18665 -117 -6486 13646
-10268 17224 17776 -658 -7938 14367
-10242 17162 16970 -852 -9266 14850
-10349 17277 16256 -1000 -10343 15604
-10356 16938 15376 -1047 -11298 16483
-9897 16906 14677 -737 -11984 17409
-9684 17081 14104 -101 -12603 18183
-9249 17177 14050 851 -13446 18842
-8742 17100 13733 1430 -13783 19574
-8061 17092 13621 1525 -13455 20486
-7677 17064 13305 1139 -12741 21346
-7497 17064 13157 338 -12063 22142
-7225 16665 12661 -313 -11958 22744
-6741 16098 12258 -396 -12391 23345
-6154 15285 11782 170 -13193 24081
-5208 14814 11433 1058 -13739 24812
-4238 14177 11133 1576 -14205 25388
-3361 13905 10730 1591 -13945 25713
-2982 13584 10221 864 -13350 25848
-2338 13002 10072 452 -12716 25839
-1642 12426 9900 599 -12603 26001
-984 11588 9869 989 -11773 26006
-1110 12221 9640 1078 -10881 26205
-762 11257 9225 271 -9133 25815
-790 11092 9164 -1269 -7790 25613
68 9954 9426 -3216 -7177 25662
988 8916 9825 -4868 -7534 25969
1568 7988 9910 -5251 -8846 26285
2061 6674 9396 -4795 -10501 25948
3336 4961 8616 -3397 -11550 25317
3580 4532 8252 -2029 -11660 23775
4398 4090 7565 -834 -11123 22494
4794 3881 6924 -309 -9595 20647
5680 3470 6478 67 -8568 19739
6489 2533 6368 -115 -7686 18917
6864 1732 6505 -213 -7060 18237
7425 1244 6778 -571 -7154 17451
7569 1242 6141 -1449 -6119 17003
7509 782 5902 -2715 -5271 15593
7974 741 5708 -4193 -4362 13930
8320 225 5917 -5990 -3307 12316
8340 248 6102 -7953 -2723 11072
8662 -248 6380 -9620 -2473 9930
8692 -216 6689 -11010 -2352 9421
9388 -854 7656 -11140 -3370 8800
9989 -992 8100 -9917 -3797 8267
10168 -558 8602 -7997 -3783 8008
10826 -584 9025 -5621 -2395 7427
11060 141 9438 -2921 -590 7037
11380 662 9577 -876 2292 6091
11416 1404 9790 353 4907 5117
11700 1897 10486 499 6214 4279
11992 2009 11318 54 5740 3831
12140 2213 11921 -529 3815 3999
12417 1726 12520 -746 912 4460
12942 798 12666 -110 -1924 4646
13125 88 12373 1171 -3501 4195
13584 -861 11989 3011 -3255 2833
13648 -1089 11681 4938 -2076 852
13770 -1436 11634 6605 -709 -1636
13852 -1596 11949 8171 8 -3731
14006 -1958 12214 10152 -838 -5334
14038 -2274 12282 12196 -2040 -6130
13660 -2052 12482 13725 -3699 -7636
14066 -1813 11489 14632 -4509 -9178
13684 -889 11090 14906 -3664 -10236
13712 -220 10522 15050 -2682 -10988
12917 204 10244 15911 -1563 -12596
12696 278 9852 16734 -863 -14094
12169 993 9722 17642 -548 -15735
11533 2048 9396 18580 -1111 -16798
10930 3089 8620 19345 -1235 -17668
10096 4485 8206 19301 -1878 -18104
9304 5094 7726 19075 -2817 -18866
8965 5462 7333 19179 -4212 -19570
8624 5754 6616 19258 -4847 -20578
7432 6622 5841 19832 -5708 -21387
6973 7792 5433 19781 -5353 -22941
5804 8513 4253 19357 -5142 -23943
5549 9654 3664 18299 -3119 -25153
4018 10432 2493 19762 -2470 -25579
4504 11697 3298 18182 207 -25794
3438 11133 2272 16965 1892 -26199
3326 11606 1252 18672 5172 -26351
2094 12294 1512 18126 7838 -26470
1276 13360 154 17726 10322 -26218
-37 14760 326 17981 12583 -25604
-537 15257 -192 17655 13674 -24435
-2164 15876 -820 17425 14237 -23903
-2533 16686 -780 16149 14258 -22859
-2089 17193 -288 14412 13824 -21620
-1409 17388 418 10973 12264 -19107
-1470 16933 321 8319 10897 -17144
-1044 17209 1038 5256 9501 -15304
-1028 17360 920 2484 8794 -13806
-1261 17654 1541 -7 8199 -13076
-1225 17350 1864 -3019 8449 -12557
-1641 17189 2298 -4194 8928 -12113
-1449 17238 3270 -4739 9010 -11514
-1316 17260 3294 -3654 9965 -11249
-1564 18145 4256 -2619 10605 -11148
-2314 18197 4317 -1509 10299 -11677
-2904 18336 5236 -616 8996 -12733
-3344 18908 5686 -764 6845 -13407
-4186 19736 6438 -1816 4287 -13133
-3336 19956 7484 -4982 1913 -12218
-2388 20341 8113 -8840 73 -10214
-2192 20382 8657 -12181 -1478 -8570
-2481 20501 8777 -14816 -3014 -7422
-3612 20494 8005 -16103 -3715 -7446
-4538 21634 8334 -17815 -4227 -7396
-4656 23112 8893 -20536 -4978 -6974
-3445 22561 9946 -23464 -7060 -5621
-1156 19970 11676 -26840 -9274 -4480
498 18680 12862 -29470 -10914 -3039
1042 19192 14209 -32768 -12932 -1663
2102 18178 14172 -32768 -11134 -1472
1585 19360 16402 -32768 -12340 -564
1010 18346 18098 -32768 -14122 181
148 16445 19150 -32768 -18427 -33
170 15346 18953 -30591 -19594 -2016
-714 16650 18598 -29280 -17116 -3500
-1258 18065 17354 -32248 -10774 -4977
-1348 18858 18282 -32768 -5253 -4372
-365 14609 19618 -32768 -4277 -3640
160 11376 20846 -32768 -5527 -2814
-508 9480 22384 -32768 -15954 -278
470 7204 20784 -32768 -18455 -564
214 6394 20465 -32768 -18991 -1789
558 4778 20502 -32768 -19209 -1940
728 4616 20342 -29401 -16828 -1018
1049 4073 20496 -24162 -14733 -1033
1540 3842 20970 -18256 -11966 -2348
1134 4565 20850 -12804 -9567 -4441
946 5224 21465 -9982 -8118 -6196
781 4849 20634 -6700 -6484 -7978
232 5264 20114 -4001 -6502 -8788
-257 6290 19405 -3321 -7413 -8548
-157 6584 18798 -3869 -8503 -8389
792 6356 18532 -4371 -9263 -7284
705 6641 18036 -4462 -9324 -6639
805 6652 17285 -4230 -8762 -6268
822 6432 16668 -3573 -8016 -6443
689 6688 16141 -3076 -7200 -6428
880 6842 15837 -2543 -5966 -6512
874 6829 15617 -1991 -4646 -6317
1333 6950 15253 -1364 -3420 -5905
1329 6896 14876 -977 -2577 -5043
1454 6901 14652 -898 -1910 -4424
1841 6652 14513 -1020 -1487 -4172
2041 6353 14321 -1030 -953 -3898
2110 6433 14085 -1130 -568 -3705
2485 6274 13909 -1239 -44 -3445
1986 6534 13828 -1583 320 -2926
2265 6385 13801 -2354 638 -2244
2714 6124 14133 -3010 783 -1269
2846 5893 14328 -3531 879 -525
3100 5484 14374 -3810 1016 137
3484 5124 14680 -3957 1301 507
3536 4820 14929 -3881 1536 540
3510 4556 15098 -4082 1633 587
3632 4196 15284 -4479 1798 749
3773 3684 15536 -4632 1910 1015
3989 3221 15844 -4336 1905 1160
4081 2894 15922 -3879 1769 1203
4029 2721 15916 -3336 1596 1110
4065 2460 15838 -2644 1281 972
4149 2329 15900 -1827 1118 979
4272 2448 15854 -1123 1127 968
4376 2584 15904 -648 1258 852
4325 2738 15850 -534 1414 711
4306 2741 15821 -606 1579 618
4353 2734 15801 -901 1665 665
4428 2657 15773 -1186 1692 762
4518 2450 15828 -1285 1699 721
4476 2576 15888 -1159 1701 603
4305 2653 16044 -1048 1725 420
4233 2718 16245 -808 1772 246
4116 2701 16505 -604 1824 89
3918 2718 16702 -517 1890 68
3922 2542 16825 -435 1923 89
3878 2344 17004 -115 1739 123
3821 2345 17046 323 1396 96
3781 2366 17050 706 1067 20
3764 2675 16980 654 759 -12
3940 2711 17005 283 595 3
4070 2656 17017 -96 528 25
4069 2511 16994 -315 403 20
3934 1832 16553 25 67 53
4127 1843 16468 1034 141 122
4213 1997 16505 1950 459 -170
4057 2430 16517 2094 561 -718
3844 2790 16425 1550 383 -971
3601 3252 16253 539 90 -677
3805 3290 16194 -454 -181 -360
3885 3068 16266 -1176 -568 -148
3908 2805 16216 -1516 -964 80
3577 2548 16045 -1201 -1061 272