-13964 4978 9036 -282 339 -102
-13981 5070 9020 -214 285 -56
-13949 5093 9028 -207 234 -52
-13932 5141 8982 -231 178 -38
-13881 5072 8877 -263 121 -54
-13855 5008 8903 -289 71 -49
-13926 4949 8918 -226 53 -4
-13990 4936 9040 -125 -10 45
-14014 5050 9041 -138 -156 89
-14020 5080 9042 -108 -263 119
-14008 5149 9006 -57 -328 146
-14096 5186 9038 71 -483 178
-14225 5217 9070 252 -759 276
-14218 5185 9176 464 -1259 361
-14092 5062 9168 685 -1998 429
-14186 4946 9148 776 -2813 677
-13837 4764 9085 1110 -3525 1025
-13668 4292 9513 2404 -4236 1733
-14338 4428 10342 3662 -4824 2915
-15350 3569 10332 5727 -5511 4841
-12570 6665 11836 6196 -5978 7231
-16142 5044 13414 6734 -8177 8006
-16032 6084 14433 5530 -11039 7400
-16424 6058 15430 3500 -13504 7476
-15530 5910 15268 1441 -15893 6914
-15843 4893 15397 1429 -17989 5810
-15462 4345 15852 2864 -19058 5478
-15100 3729 15953 5014 -19460 4896
-14081 2837 16177 6937 -19238 6035
-14033 4608 16232 9680 -19279 7166
-13516 5236 16452 13540 -19338 7690
-13460 6538 17242 17655 -19406 7780
-13874 7730 17877 21215 -20214 7771
-13716 8653 17901 24503 -21062 8305
-12348 9550 17796 28386 -21118 8939
-11401 11524 17105 30202 -20667 9654
-10013 14484 16316 31470 -20515 12235
-9481 16502 15822 32501 -21059 14224
-9158 18492 14970 32767 -20223 15613
-9101 20965 14969 32452 -20482 17757
-8432 22525 14560 31149 -21794 19313
-7528 23553 14285 29334 -22454 20118
-6873 25113 13934 25361 -22499 20907
-5904 25720 13377 20580 -22261 21058
-4812 25538 12254 16478 -21922 20810
-4189 25548 11224 13446 -21412 20551
-4066 26053 10232 10418 -20450 20363
-3777 26088 9188 7087 -19318 20766
-3276 25765 8114 4793 -17923 21421
-3044 25701 7290 2342 -16062 22793
-2774 26254 6658 89 -14236 23714
-2401 26097 6192 -3282 -12083 24925
-1908 25976 5780 -6873 -10085 26002
-1676 25092 5568 -10799 -8729 26841
-1204 23952 5437 -14624 -7814 27814
-1101 23506 5125 -18812 -7127 29453
-1153 22789 4752 -23360 -6275 30945
-1229 21864 4580 -27931 -5787 31820
-1269 19722 4317 -31718 -6003 32030
-853 17106 4158 -32768 -6785 31592
-153 14744 4190 -32768 -7573 30994
318 12401 3972 -32543 -9026 29865
1104 10846 4189 -29995 -10849 29142
2112 8260 4313 -26250 -12314 28869
2858 6800 4601 -22337 -13058 29259
3329 5718 4734 -19024 -13734 29951
4108 4840 5105 -16011 -14011 30367
4620 4436 5542 -13393 -13277 30473
4917 3997 5793 -11875 -11810 29966
5541 2618 5542 -11661 -9270 29273
5821 1530 5164 -11479 -7306 27998
5449 568 4993 -11020 -7219 26704
5340 22 4734 -10262 -7222 25765
5324 -766 4418 -9246 -6965 24906
5524 -1786 4058 -8387 -7069 24575
5560 -2093 3597 -7611 -6930 24465
5593 -2308 3589 -7298 -6289 24157
5700 -2464 3753 -7214 -5458 23687
5598 -2681 4014 -7742 -4620 23130
5777 -3356 4632 -8873 -4096 22522
5592 -3700 5213 -9962 -3944 21849
5665 -4730 5389 -10683 -4147 21090
5814 -5950 5553 -10503 -4341 20259
5816 -6654 5901 -9836 -4202 19377
6248 -7618 5910 -8869 -3453 18757
6324 -8126 6238 -7725 -2350 18191
5922 -7964 6777 -7394 -2019 17128
5802 -7549 6938 -7736 -2562 15399
6081 -7594 7374 -7998 -2975 13213
6441 -8321 7900 -8407 -3146 11328
6861 -9178 7870 -8593 -3357 9848
7020 -9733 7737 -8152 -3474 8661
6701 -11040 7330 -5999 -5029 7281
7201 -14993 7769 -1782 -5823 3151
5350 -20372 7216 5793 -6380 -1204
8561 -17416 6201 11826 -2555 -1806
8114 -14454 7904 14529 -195 -2563
9264 -10718 7745 15224 1689 -3592
9324 -7630 7878 14870 1304 -4301
9917 -5556 7570 13779 448 -4870
10193 -5294 6945 13543 412 -5850
10198 -6320 6630 15540 761 -6512
9917 -8184 5861 21711 1576 -7565
9396 -9382 4989 30920 3162 -9425
8834 -8388 4818 32767 4141 -10963
8526 -6816 4812 32767 4899 -11514
9344 -6782 4716 32767 5691 -11581
9206 -5532 4496 32767 6556 -10723
8917 -3689 4661 32767 7188 -9618
8738 -1033 5280 32767 7939 -8634
8322 1589 6598 32767 9563 -8744
7890 3601 7962 32767 12136 -9912
7065 4340 9344 32512 14638 -11191
6496 3910 10190 28226 16778 -12650
5670 3957 10064 23793 17674 -14362
4668 3508 9436 20944 16907 -15674
4105 3097 8808 19179 15745 -15977
3996 3325 8614 17596 13261 -15600
3618 4281 8732 16377 9780 -14909
3917 5466 8880 15544 6377 -14015
4561 6809 9612 14522 3406 -13371
4860 8554 10497 12538 1720 -12887
5088 9926 11890 9189 1662 -12922
4725 11661 12697 4260 3028 -13851
4746 11678 12948 -661 3987 -15743
4842 9704 12909 -3761 4732 -17836
5428 8292 12642 -5125 5695 -18947
5354 8201 12705 -5168 5193 -19431
4912 8805 13326 -5641 4008 -18847
5138 10313 14896 -7159 3457 -17583
5223 11719 17224 -11096 4161 -16134
4396 12596 18510 -16159 4906 -16151
4081 13054 19136 -20283 5314 -17365
4010 11137 19626 -22594 6145 -18527
3881 9790 19802 -24113 6586 -18916
3472 9722 20532 -27247 6600 -17902
3485 10478 21005 -31557 6305 -16358
3300 9925 20920 -32768 5675 -14966
3022 8449 20614 -32768 5411 -13968
2674 8373 19780 -32768 5261 -13662
2733 7076 18812 -32768 5176 -14194
2912 3332 18541 -32768 5457 -14558
2546 1230 18576 -30306 5627 -13680
2673 421 18834 -25178 5522 -11990
2621 1014 18949 -21688 5603 -10323
2444 1538 19052 -20048 6060 -9015
2513 1688 19061 -19349 6614 -8389
2398 1093 18600 -18633 6585 -8089
1989 372 18200 -17055 6781 -8094
1626 142 17646 -15419 6716 -8199
1468 154 17406 -13585 6158 -8206
1112 -97 17245 -11756 5000 -8567
1232 -444 17252 -10857 4216 -8458
1292 -382 17790 -9783 5203 -8250
1384 -292 17784 -8720 6295 -7737
1029 -376 17261 -7210 6560 -7797
438 -578 16858 -5112 6355 -8167
170 -278 16753 -3166 6556 -8266
160 379 16807 -956 6797 -8558
32 805 17060 779 7838 -8751
-189 1005 17217 1579 8496 -8705
-466 1265 17945 1730 8616 -8635
-609 2200 18986 1182 8807 -8819
-650 3006 19398 418 9412 -9073
-1058 2908 19113 -91 9958 -8810
-1516 2701 18658 297 10265 -8136
-1866 2933 18697 1180 10444 -7334
-2124 3558 18870 2183 10032 -6710
-2497 3850 19089 3061 9222 -6185
-2732 4024 19257 3405 8148 -5635
-2666 3981 19556 3327 6946 -5265
-2709 3757 19660 3047 5959 -4796
-2452 3649 19757 3030 5151 -4520
-2100 3540 19794 2953 4803 -4150
-1929 3372 19729 2749 4428 -3817
-1889 3101 19584 2609 4077 -3369
-1892 2801 19385 2436 3680 -2822
-2020 2624 19032 2327 3222 -2372
-2042 2232 18804 1825 2392 -1718
-1762 2172 18753 1348 1388 -1377
-1650 1717 18521 1133 652 -1112
-1282 1132 18369 1072 291 -896
-1176 806 18098 1198 203 -722
-937 550 17872 1376 -27 -677
-681 632 17808 1511 -331 -766
-533 766 17752 1475 -293 -839
-382 956 17705 1215 99 -765
-357 978 17555 794 512 -518
-405 891 17605 277 744 -214
-658 880 17615 -47 786 -18
-821 881 17673 -150 687 126
-1030 900 17593 -41 608 173
-1341 753 17317 401 261 125
-1561 864 17257 813 -296 37
-1737 884 17133 1100 -977 -54
-1769 1078 17140 1231 -1462 -105
-1861 1350 16933 1059 -1894 -139
-1689 1313 16640 999 -2235 -83
-1562 1268 16490 931 -2377 110
-1281 1436 16252 950 -2392 264