-214 14978 16638 11691 -2861 8051
-401 16036 16824 10307 -3358 8990
-447 16853 16726 9102 -3951 10437
48 17238 16488 9044 -4813 11362
143 16994 16077 9292 -5321 11746
490 16696 15450 10116 -6611 12136
929 17186 14579 10950 -7459 12818
1145 17732 13636 11140 -7317 13744
1410 17814 12974 10396 -7487 14623
2284 17632 12450 9597 -7370 15192
2688 16898 11983 8713 -7103 16198
3426 16332 11536 8462 -7372 17745
3933 14917 10766 8726 -6921 18692
4505 14568 10089 9138 -5674 20202
3988 14350 9228 8845 -4098 20667
4045 13716 8805 7920 -2474 20786
5001 12868 8726 5485 -1384 20663
5737 11083 9132 2631 -1955 21140
6604 9359 9232 651 -3040 22143
7078 8958 9353 -382 -3879 23400
7925 8348 9160 -635 -4194 24231
8916 6932 8850 -646 -3965 23910
9028 5014 8519 -432 -2888 22009
9934 3470 8237 102 -1164 19319
10762 3043 8585 1186 154 17847
11434 2420 8880 2610 552 16360
11951 1990 8792 2305 390 14191
11644 2173 8581 1377 911 12499
11652 2537 8376 426 1236 11523
11518 2864 8456 -420 1716 10680
11515 3183 8677 -1080 1680 9714
11526 3574 8912 -1332 1337 8443
11284 3913 9294 -1555 585 7394
11366 3966 9420 -1590 -48 6604
11548 4046 9484 -1314 -662 5982
11704 4408 9470 -862 -854 5709
11720 4848 9558 -454 -471 5648
11641 5029 9601 -153 62 5451
11668 5145 9678 36 825 4909
11669 5098 9933 237 1321 4129
12009 5198 10038 556 1475 3418
12065 5342 10222 815 1383 2912
12173 5390 10344 930 991 2554
12324 5456 10456 952 439 2323
12246 5584 10357 864 -39 2163
12386 5588 10388 742 -399 2094
12554 5557 10296 742 -464 1944
12601 5354 10276 954 -355 1553
12720 5242 10246 1222 -97 978
12820 4988 10295 1660 -102 350
13041 4666 10430 2465 -284 -479
13306 4388 10262 3204 -272 -1098
13272 4028 10204 3861 -140 -1676
13552 3463 10088 4794 72 -2477
13504 3084 10168 5770 308 -3300
13580 2571 10001 6716 149 -4332
13452 2697 10015 7862 -38 -5954
13624 2310 9929 8807 -407 -7718
13310 2514 9816 9450 -551 -9429
13142 2925 9612 9804 -528 -10841
12892 3310 9386 9976 -182 -11798
12254 4191 9132 9978 -412 -13129
11565 4942 8834 10148 -809 -14576
11264 5404 8624 10190 -1128 -15427
10654 6126 8705 10054 -1963 -16431
10456 6946 8957 9748 -3165 -17331
10152 7532 8777 9336 -4144 -17982
9818 8442 8480 8923 -4824 -18003
9297 8609 7662 9039 -4798 -18612
9000 9262 7264 10085 -3830 -18844
8190 9526 6797 10526 -2880 -19728
7806 10058 6280 11986 -1188 -20521
6953 10790 5725 13517 404 -21581
5473 11663 5655 15191 1880 -22995
4578 12610 4844 16668 3008 -23682
3629 13320 3680 17711 3756 -23978
2394 13610 2808 18493 4806 -24346
2083 14457 2324 18013 5201 -24188
1317 14967 1790 16443 5757 -23179
-272 15717 1206 15326 5685 -21937
-865 16305 925 14317 4851 -20507
-1828 16752 254 12710 4135 -19938
-1922 17232 -451 10419 3244 -19290
-1868 17460 -348 6170 2179 -17640
-1426 17086 -257 2038 1457 -15242
-1200 17661 366 -771 1149 -12430
-822 17547 1000 -4205 657 -9908
253 17886 1586 -7517 467 -7927
421 17391 2153 -10293 -67 -6824
-43 16371 3101 -12069 -446 -7712
20 15632 3702 -12002 -456 -9394
-553 15498 4180 -10645 225 -11011
109 16461 4486 -9163 1374 -11927
394 17552 5096 -8556 2540 -11673
-81 18702 5526 -9277 4066 -11051
-962 19690 6308 -10744 4906 -10438
-1679 20065 7379 -13476 4602 -9631
-2020 18782 9347 -16750 2007 -9319
-2221 18134 10248 -18459 -1733 -9814
-2478 18924 10412 -18540 -3809 -9961
-2208 20914 10422 -19123 -4347 -9037
-2688 22353 10684 -20530 -2803 -6987
-2390 22172 11980 -23158 -1922 -5494
-2536 21450 13554 -26110 -1238 -4727
-1406 18433 16199 -28631 -4022 -5018
-2070 17532 17001 -27015 -7415 -5480
-2866 18000 16818 -24827 -9384 -5799
-4200 19061 16139 -22576 -10122 -5375
-5052 19864 16281 -20749 -9152 -4732
-4234 20085 17109 -21224 -7514 -2832
-3724 19648 18110 -24477 -4762 -499
-3008 18108 17396 -27693 -2599 1007
-2610 16117 18520 -29774 -3307 1955
-2652 14336 18506 -29415 -5576 2588
-2604 13298 19162 -27241 -13802 3169
-1456 12880 18572 -25154 -16956 3254
-1305 12165 18615 -22476 -17588 3103
-325 11831 18516 -20654 -17546 3474
188 11386 17660 -20196 -15744 4164
1509 9107 17780 -18170 -12432 3882
2246 7796 18206 -13295 -9257 2547
1966 7710 18009 -9209 -8404 881
1514 7929 17741 -6290 -8578 -899
957 8058 17212 -5519 -9715 -2169
1401 7932 17182 -5999 -10505 -2049
2104 7996 17038 -7324 -10887 -1662
2594 7510 16585 -7738 -10299 -12
3912 6801 16274 -8645 -9182 626
3060 6660 15568 -8206 -8996 215
3009 6039 15074 -6350 -8714 -1404
2534 6258 14570 -4619 -8288 -2880
2430 6369 14448 -3843 -7531 -3686
3217 6621 14710 -3414 -6462 -3972
3522 6884 14660 -3048 -5366 -3716
3250 6964 14435 -2795 -3836 -3949
3220 6704 14281 -2303 -2426 -4557
3046 6806 14178 -1651 -1473 -5012
2763 7043 14192 -745 -693 -5389
2336 7586 14368 513 140 -5068
2112 7876 14478 296 294 -4503
2125 8168 14419 -76 411 -3840
2515 8290 14460 -716 577 -3163
2825 8156 14682 -1242 615 -2975
3048 8000 14934 -1439 815 -2787
3073 8009 15056 -1632 903 -2570
3012 7858 15060 -1886 973 -2227
2927 7785 15459 -1899 973 -1625
3164 7502 15744 -1712 724 -1059
3440 7157 16033 -1686 392 -781
3773 6848 16198 -1455 106 -604
3836 6688 16181 -1089 -46 -629
4002 6509 16263 -620 34 -814
3986 6312 16142 -160 206 -975
4153 6362 16050 219 399 -976
4197 6452 15948 601 570 -857
4268 6502 15806 784 630 -771
4400 6524 15709 650 510 -656
4456 6457 15797 342 398 -448
4212 6356 15701 68 414 -365
4101 6054 15580 95 411 -305
4138 5993 15628 212 224 -347
4061 6080 15690 454 80 -656
3853 6169 15766 664 -298 -790
3837 6661 15913 614 -896 -634
3902 7150 15970 483 -1224 -210
4194 7336 15874 446 -1153 203
4496 7418 15870 416 -873 440
4713 7496 15905 330 -474 421
4604 7310 15805 368 -262 303
4446 6998 15700 511 -183 300
4480 6937 15611 620 -42 421
4541 6656 15634 292 -98 719
4537 6506 15724 -261 -256 841
4640 6177 15665 -859 -379 893
4750 5928 15597 -1237 -422 886
4821 5800 15536 -1554 -492 854
4886 5684 15625 -1695 -338 771
4974 5493 15581 -1783 -133 637
5028 5414 15624 -1752 49 391
5097 5302 15717 -1764 207 166
4934 5385 15765 -1690 333 -118
4934 5302 15806 -1519 389 -405
4834 5416 15784 -1170 390 -745
4712 5450 15852 -676 330 -1183
4582 5572 15881 -147 179 -1652
4584 5758 15820 432 251 -1915
4433 6073 15774 864 444 -2098
4417 6282 15700 1121 667 -2148
4450 6412 15692 1167 862 -2121
4236 6560 15500 955 894 -2077
4250 6501 15338 652 746 -1931
4104 6504 15248 591 611 -1773
4132 6484 15244 237 466 -1709
4318 6525 15182 -151 270 -1718
4333 6457 15148 -468 250 -1891
4370 6472 15193 -626 423 -1947
4209 6580 15161 -707 456 -2138
4284 6530 15180 -659 555 -2267
4201 6585 15230 -520 536 -2425
4202 6558 15317 -396 617 -2656