1877 14729 15816 12599 490 5722
2138 15170 15541 12323 487 6187
1976 15364 15228 11854 399 6957
1939 15679 14848 10911 93 7710
2358 15601 14485 10020 -601 8253
2836 15142 14182 9383 -1164 8774
2995 15476 14230 8537 -1684 9433
2922 15312 14042 7890 -2281 10828
3078 14922 13685 7642 -2553 11970
3129 14645 13272 7486 -2119 12729
3046 14896 12814 7189 -1317 13516
3424 14266 12577 7199 -1215 13825
3617 13807 12459 7413 -1552 13895
3994 13902 12285 7716 -2503 14234
4105 13901 11761 7336 -3180 14646
4208 13632 11696 6600 -2879 14630
4621 13416 11374 5629 -3355 15388
4958 13034 11098 4031 -3259 16501
5464 12529 10488 3112 -3466 17293
5884 12254 10658 1836 -3596 17482
6383 11675 10650 1162 -4559 18183
7046 10870 10320 831 -5667 18507
7592 10346 9860 514 -5139 18448
7970 9710 9432 181 -4989 18332
8438 9113 9218 -186 -3530 17827
8434 8600 9098 -360 -2880 17571
8787 8126 8773 -348 -2215 17249
8815 7708 8806 -829 -1466 16535
9623 6813 8838 -1042 -1768 15858
9696 6446 8734 -1049 -2334 15409
10323 6259 8579 -1032 -3070 14815
10556 6040 8192 -1043 -4030 14328
10519 5939 8115 -1173 -4711 13540
11106 5348 7887 -1467 -5347 12736
11616 4986 7894 -1395 -5630 12280
12380 4982 7860 -949 -5558 12098
12511 4756 7441 -416 -4892 11753
12894 4428 7397 77 -3965 10992
13009 4216 7269 252 -2839 9858
13447 4138 7260 461 -1899 8540
13748 3912 7220 521 -1233 7552
13534 4206 7137 287 -808 6936
13776 4142 6972 46 -488 6309
13796 3931 6865 -163 -190 5799
13702 3893 7040 -571 283 5156
13828 4048 7068 -668 656 4712
13653 3991 7074 -525 1050 4150
13629 3805 6759 -252 1439 3291
13363 3936 6686 11 1928 2321
13067 4239 7043 225 1913 1883
13161 4516 7532 296 1765 2088
13385 4676 7914 49 1623 2467
13650 4686 8234 -200 1713 2773
14124 4684 8498 -150 1980 3077
14150 4220 8528 374 2563 2910
14040 3890 8844 1181 2992 2191
13885 3252 8956 2065 3413 1327
13888 3202 9570 2798 3397 369
14420 2852 9948 4105 3189 6
14482 2801 10360 5367 2778 -225
14932 2797 10484 6478 2360 -686
15183 2326 10404 7375 1807 -1979
15036 1932 10146 7958 1590 -3496
14998 1644 10299 8210 1129 -4992
14794 1663 10505 9035 486 -6675
14314 1598 10440 9775 -40 -7624
13925 2098 10052 11198 -527 -9017
13126 2797 9240 12712 -1024 -11303
12397 3831 8639 13249 -1576 -13184
11643 4622 8259 12950 -1931 -14790
11021 5379 7776 12758 -2964 -15511
10681 5676 7313 12295 -3916 -15889
9972 6278 6749 11651 -4504 -16159
9704 6682 6048 11396 -4687 -16587
9018 7014 5594 10942 -4638 -17231
8598 7182 4846 11298 -4494 -17754
7712 7254 4298 11417 -4115 -18821
6974 8025 3204 12090 -3542 -19895
5985 9032 3057 12634 -3332 -20644
5762 10096 3260 12955 -3408 -20708
5151 11327 3000 12050 -3473 -20678
4852 12300 2361 10765 -3057 -19744
4516 12577 2090 9334 -2244 -18821
4420 12794 1630 8598 -1211 -17750
4540 12774 1564 7999 534 -16831
4200 13274 1204 8009 1740 -16397
3786 13336 1138 8324 3057 -16454
3001 13356 282 8761 3734 -18296
2517 13817 232 9476 5206 -19504
1852 14673 197 8326 5772 -20673
1454 15474 2 7531 6942 -20526
1188 16190 653 5498 7266 -19749
1738 17180 1354 2751 7442 -18224
1802 17844 2100 -661 6652 -16015
2565 17714 2990 -4442 4930 -14180
2854 17562 3130 -8292 3245 -12485
1829 17589 4158 -10995 1537 -11852
1298 17242 4665 -13197 -101 -12233
764 16536 4657 -13635 -420 -13129
792 16644 4877 -13166 379 -13985
1173 17317 5114 -12668 2294 -14089
1278 18072 5601 -12658 5146 -13253
1180 19298 6674 -14418 7733 -11679
525 19909 7800 -16980 9027 -10004
828 18528 10270 -19259 7390 -9254
1238 16549 11910 -20863 3963 -9815
902 15918 13285 -20617 -605 -10766
490 17173 13116 -19570 -3500 -11422
-281 18242 12188 -17634 -2941 -11817
-737 18786 11953 -15999 80 -11959
-966 19993 12034 -16121 4075 -10734
-1418 21358 12832 -17506 7658 -8370
-1517 21368 14481 -20933 8703 -5052
-981 19602 16950 -25910 7023 -3409
-577 17324 19210 -32294 2309 -3574
-844 15490 18706 -32768 -5000 -3665
-542 15774 19169 -32294 -12450 -3922
-1022 16340 19214 -31358 -15879 -4653
-253 16292 19016 -30867 -16257 -4489
96 15810 18965 -29312 -14180 -3745
768 14884 19546 -27034 -11359 -2678
1332 13608 19350 -23567 -6742 -1692
1873 12920 21160 -20183 -3200 -1990
884 12485 21552 -17012 -1695 -3171
601 12593 21808 -15104 -2915 -4709
-374 13022 20686 -13812 -4856 -5142
-290 12830 20573 -13840 -6000 -4752
-516 12801 21009 -15249 -9240 -3390
513 11473 19744 -16341 -11820 -2794
1441 11048 19502 -15732 -11676 -2563
1288 10253 18880 -13653 -11301 -3250
837 9716 18136 -10736 -10696 -4451
432 9869 17661 -7727 -9511 -5503
185 10585 17117 -5578 -8278 -5777
-10 10628 16870 -4344 -6949 -5552
333 10776 16770 -3669 -5638 -4913
342 10538 16396 -3403 -4885 -4515
693 10078 15969 -3139 -4386 -4354
864 9928 15573 -2591 -4115 -4237
990 9830 15242 -2115 -4002 -4469
884 9978 15046 -1702 -3858 -4580
794 10013 14898 -1400 -3199 -4376
233 9889 14524 -1182 -2614 -3660
248 9530 14289 -1179 -2133 -2653
469 9441 14318 -1255 -1820 -1758
1041 9417 14557 -1210 -1537 -1160
1277 8993 14100 -841 -1645 -979
1394 8922 14758 -1537 -2025 -855
1654 8510 14274 -1331 -2154 -534
1736 8820 14312 -1201 -2159 -275
1834 8974 14169 -1431 -1778 84
1989 8929 14408 -1733 -1315 614
2266 8872 14662 -2032 -804 1053
2452 8597 14670 -2129 -243 1379
2605 8425 14854 -2233 126 1754
2518 8062 14870 -2566 118 2017
2796 7753 15094 -3031 -154 2225
3102 7345 15165 -3287 -370 2339
3288 7106 15210 -3343 -520 2359
3372 6836 15288 -3356 -497 2265
3449 6704 15360 -3349 -455 2252
3538 6560 15564 -3345 -297 2150
3716 6490 15642 -3197 -15 1976
3593 6301 15618 -2843 202 1786
3500 6060 15628 -2435 186 1519
3592 6008 15617 -2054 90 1305
3608 5984 15614 -1883 33 1070
3768 5905 15544 -1821 12 950
3754 5957 15626 -1676 203 893
3817 6021 15593 -1743 306 898
3846 5928 15630 -1770 472 786
3816 5914 15700 -1535 628 682
3660 5892 15640 -1280 835 520
3618 5785 15725 -1077 928 373
3586 5738 15769 -899 1043 264
3430 5850 15777 -744 1024 272
3370 5793 15818 -747 1038 211
3360 5754 15866 -848 950 132
3489 5667 15897 -967 881 40
3512 5630 15898 -1035 882 -135
3369 5766 15856 -1199 749 -149
3444 5826 15986 -1357 571 -119
3422 5789 15969 -1325 508 -25
3437 5314 15949 -1000 449 130
3312 5357 15964 -382 634 -27
3357 5428 15864 33 995 -226
3404 5640 15949 324 1274 -526
3130 5814 15934 333 1046 -776
3125 5840 15754 63 525 -801
3236 5892 15673 -351 -88 -840
3464 5834 15649 -790 -702 -608
3590 5893 15706 -1193 -1060 -466
3634 5873 15729 -1390 -1029 -395
3794 5861 15824 -1158 -545 -481
3728 5870 15914 -926 90 -785
3812 5932 15893 -708 594 -1004
3705 6065 15929 -712 805 -1216
3824 6029 15924 -919 719 -1319
3972 6002 16016 -1201 479 -1270
3912 6094 16101 -1374 331 -1026