290 11234 16822 3494 1105 2805
646 11645 17168 2581 151 3285
1109 11637 17314 2060 -177 3824
1714 11554 17429 1928 -146 4451
1733 11517 17452 2570 295 5086
1689 11832 17376 3591 645 5524
1370 12026 17257 4765 913 5422
1432 12305 17160 5668 884 5103
1540 12740 17297 6232 811 4943
1276 13276 17412 6424 420 5024
1162 13920 17590 5806 -13 5512
1165 14130 17657 5186 -395 6040
1294 14102 17337 5122 -716 6654
1482 14168 17070 5895 -1017 7344
1254 14294 16444 6913 -1302 7848
1321 14466 16002 7994 -1337 8146
789 15288 15732 8235 -1667 8570
817 15370 15777 8081 -2158 8836
1021 15414 15736 7932 -2591 9116
1486 15082 15368 7879 -3235 9783
1874 14626 14933 8060 -4101 10733
1969 14554 14342 8906 -5007 11824
1738 14914 14266 10104 -6166 12995
1686 15240 14198 11514 -7087 13807
2034 15345 14408 12339 -7847 14297
2985 15688 14489 12316 -8413 15509
4080 15334 14162 11471 -8333 16727
4780 15050 13642 10412 -7791 17378
5082 14832 13041 9267 -6951 17532
5464 14209 12234 8186 -6104 17029
5830 12990 11916 7564 -5234 16632
5673 12571 11385 6837 -4338 16339
5796 12124 11058 6155 -3635 16312
5791 11828 10664 5723 -2873 16254
6245 10922 10224 5419 -1855 16256
6704 9617 9680 6246 -1384 16339
6937 9093 9034 6597 -485 16281
7241 8598 8592 6101 397 15962
7464 8510 8253 5140 1094 15861
7332 8392 8044 4193 1529 15725
7397 7995 7970 2617 1347 15600
8274 6565 8160 1728 -130 15574
8904 6078 7870 1927 -851 15365
9686 5268 8145 2578 -1994 15272
10416 4913 7836 3695 -2700 14919
10494 5373 7605 3232 -1143 13926
10465 5882 7538 2363 346 12982
10786 5856 7421 1674 1902 11921
10950 5532 8012 1421 2430 10879
11242 5121 8297 1417 2715 9789
11146 5144 8849 1397 2539 8963
11096 5914 8968 881 2573 8540
10738 6142 9004 186 3044 8465
10250 6034 8959 29 3813 8354
9980 6208 9018 -43 4368 7886
10197 6056 9294 -55 4403 7501
10011 5776 9853 -198 4063 6938
10554 5763 10249 72 2971 6796
10804 5630 10216 -468 1901 7179
11131 5228 10488 -661 2122 6948
11073 5316 10440 -813 1646 6814
11276 5212 10616 -449 1263 6168
11460 5101 10427 -299 1424 4930
11700 4962 10540 -342 1465 4014
11763 5318 10755 -385 1205 3435
11892 5312 10852 -392 688 3153
12100 5149 10947 -318 126 3057
12274 4833 10892 -19 -644 2969
12682 4130 10858 800 -1553 2673
12910 3936 10676 1622 -1612 1989
13182 3873 10561 2207 -1295 1095
12994 3732 10542 2575 -1283 212
13255 3182 10516 2865 -1204 -1373
13356 3116 10512 3315 -1393 -2559
13696 2751 10633 4163 -2135 -3420
13854 2470 10634 5261 -2892 -4599
13837 2457 10322 5905 -2890 -5838
13581 2496 10285 6517 -3323 -7227
13377 2626 9946 7350 -3166 -8807
12985 3170 9490 7881 -2698 -10448
12512 4034 9212 8481 -2717 -12513
12032 4922 9150 8620 -2943 -13938
11972 5116 8976 9052 -3841 -14930
11101 6121 7908 9787 -3881 -16280
10137 7578 6963 10126 -3080 -17679
9498 8469 6497 10487 -2240 -18706
9286 9258 6346 10963 -1681 -19070
8695 9478 6159 11242 -1242 -19724
8079 10162 5451 11442 -373 -20188
7382 10632 5245 11576 357 -20681
6950 11112 4592 11601 1217 -20991
6013 12093 4197 11769 2277 -21063
5401 12550 3944 11696 3258 -21398
4469 12847 3274 11642 4015 -21752
3400 12980 3482 9441 4424 -22299
2697 12892 1288 11333 5386 -23159
1794 14213 2519 9704 6430 -23867
1974 14681 760 9314 7551 -22457
1386 15249 2214 7508 8401 -21245
941 15352 1562 5650 8778 -19407
-240 16008 2382 3363 8767 -17552
-820 16409 2339 879 7725 -16064
-980 16739 2613 -1527 6656 -14886
-1036 17345 3089 -2921 5734 -13394
-785 17770 3835 -4694 4841 -11959
-1005 17500 4546 -6522 4138 -10895
-664 16848 5022 -7936 3946 -10506
-988 16624 5371 -8160 4572 -10129
-653 17557 6057 -8192 5747 -9656
-749 18169 6886 -8418 6521 -8670
-1244 17933 7878 -9191 6466 -8584
-1108 17513 8269 -10424 5911 -8877
-1306 17440 8744 -11210 5240 -8979
-1348 17654 9244 -12650 4164 -9199
-1310 17738 10298 -14101 2986 -7927
-288 16356 11280 -14881 1509 -6573
1488 15056 11944 -15660 2170 -4856
1789 15688 12405 -14859 4200 -3557
-105 17209 12425 -13166 6510 -4786
-2205 18652 11526 -11129 9570 -7381
-4065 20686 12140 -13274 10724 -9810
-4420 21749 13981 -18453 9060 -10019
-2381 18532 17616 -23836 3981 -9099
-1432 16872 19148 -28757 -787 -8193
-2108 15608 18915 -28055 -9262 -6141
-1896 16540 18920 -27304 -16145 -4517
-2650 16802 17711 -27011 -16556 -3152
-3180 16653 16676 -27541 -11477 -2699
-2163 14089 18904 -25711 -6249 -3466
-800 11506 21408 -23387 -5926 -4800
-1409 11132 22341 -17732 -7896 -5780
-1978 11878 22146 -12406 -10140 -6916
-2844 12830 20976 -7297 -10571 -8259
-3723 14072 19501 -3375 -8147 -8504
-3951 14784 19181 -3865 -4182 -7064
-2990 14416 19467 -8733 -1498 -4489
-2041 12845 19585 -11390 -3280 -2679
-2256 11602 19745 -11678 -7955 -2031
-2054 10666 17322 -11682 -13622 -2296
-2380 10454 16756 -11784 -16023 -3054
-2643 10108 16294 -10535 -16355 -3479
-2285 10236 16004 -8582 -15598 -3407
-1943 10252 15777 -6362 -13504 -3094
-1280 9977 15524 -3105 -10200 -3630
-1231 9705 15128 -333 -7476 -4413
-1320 9689 14744 990 -6318 -4998
-1478 10194 14482 1208 -5983 -5247
-1516 10164 14442 617 -6011 -5274
-1133 10334 14393 46 -5926 -4552
-1048 10386 14071 -818 -5772 -3673
-764 10138 13882 -1541 -5222 -3122
-248 9661 13902 -1770 -4413 -2669
219 9541 14017 -2055 -3217 -2692
334 9248 14246 -2129 -2154 -2879
352 9208 14188 -2095 -1733 -2908
334 9232 14317 -2691 -1553 -2418
204 9416 14236 -3747 -1627 -1465
936 9073 14536 -4535 -1650 -1269
1313 8758 14794 -4737 -1255 -799
1633 8289 14990 -4649 -972 -899
1722 8044 15120 -4183 -565 -1036
1838 8278 15327 -3850 -185 -1147
1812 8441 15600 -3765 208 -965
1998 8343 16032 -4018 535 -519
2260 8188 16276 -4185 719 -297
2516 7768 16320 -3882 1120 -290
2461 7878 16342 -3136 1812 -387
2297 7609 16196 -2250 2413 -737
2157 7710 16302 -1462 2865 -908
1524 7957 16194 -838 3163 -842
1138 7702 16078 -595 2894 -397
1136 7675 16006 -414 2110 -15
1463 7226 15817 25 546 121
1693 7098 15651 338 -513 49
1868 7045 15560 204 -715 87
2072 6803 15597 283 -365 290
2259 6590 15578 450 71 606
2309 6197 15625 822 537 737
2314 6160 15721 1114 850 720
2108 6313 15873 1286 1072 446
1986 6588 15982 1063 896 192
1776 6729 16007 614 409 106
1797 6925 16005 58 -266 79
1925 7005 15909 -293 -741 50
1960 7168 15895 -593 -821 62
1972 7062 15803 -354 -211 2
1997 7226 15659 239 267 -23
2065 7213 15617 426 241 11
2152 7486 15577 384 63 45
2135 7426 15554 309 -106 102
2038 7394 15458 164 -217 182
2004 7422 15404 14 -225 180
2091 7326 15530 22 -77 126
2086 7115 15610 202 197 -38
1918 6988 15685 642 302 -135
1808 7020 15680 872 246 -233
1788 7009 15661 1042 119 -372
1955 7110 15721 843 -109 -585
2092 7122 15740 632 -38 -722
2024 7007 15707 906 570 -729