1264 6638 18258 789 2876 -885
1110 6917 18125 2599 2815 -1040
484 7431 17756 4472 2597 -1757
143 7730 17206 6250 2376 -2106
-68 7826 16960 7481 2379 -2079
-150 8240 17062 8207 2496 -1520
-618 9241 16908 8387 2292 -443
-968 10052 17204 8365 1778 602
-1294 10712 17569 8467 1281 1733
-1285 11037 18184 8609 628 2885
-921 11484 18932 9081 -30 4011
-466 12210 19443 9747 -643 5072
68 12541 19721 10291 -719 5031
485 13098 19966 10743 -228 4832
588 13469 20026 11167 366 4611
277 14052 20206 11590 700 4906
-122 14336 20074 11836 512 5482
-106 14736 19790 11846 -376 6312
270 14894 19504 11771 -1279 7206
817 15247 19098 11708 -2190 8232
1245 16107 18464 11053 -2724 9350
1208 16046 17865 10852 -2942 10002
1370 16102 17568 11215 -3841 10374
2048 16352 17093 12300 -3786 10801
1448 16448 16336 12988 -3396 11284
1688 16507 15061 11447 -1671 12098
2134 15897 14518 9356 -845 13467
2150 15418 14529 8734 -1194 14918
2533 15080 14314 8789 -2306 16247
2947 14427 13879 9687 -3556 17652
3260 13665 12842 10150 -3953 18863
3477 13601 12369 9674 -3501 19272
3380 13342 11101 8770 -3369 19613
3385 13082 10594 6384 -1220 18856
3890 12700 10354 4246 -1470 18995
4964 11256 10250 3054 -2349 19215
5538 9448 10259 3201 -5235 20263
6609 8492 9613 3858 -7879 21554
7020 8329 9048 3944 -8515 22123
7332 8074 8626 4159 -9000 23013
7928 7190 7932 3637 -8080 22347
8766 5870 7344 2352 -6441 20286
9424 5022 7384 1621 -5294 18761
10393 4064 7350 1605 -4621 18517
10937 3414 7434 1618 -3869 18332
10941 3520 7384 1671 -3373 18275
11242 3019 7055 1766 -2515 17267
11234 2419 6756 999 -1169 14706
11501 2121 6600 -4 -190 12758
11333 2269 6922 -808 353 11536
11758 1956 7094 -1309 406 11006
11541 2028 7726 -1262 127 10643
11782 2020 8108 -778 -600 10302
11945 2096 8213 -318 -834 9207
12195 2322 8169 -243 -549 7601
12392 2197 8306 -192 7 6138
12633 1976 8560 -155 511 4708
12552 2008 8721 -8 685 3556
12615 2208 8964 216 774 2896
12841 2143 9059 535 727 2144
13006 2610 9076 1029 740 1599
12935 2669 9197 1358 799 372
12858 2698 9322 1557 644 -874
13102 2471 9524 2218 247 -2278
13147 2351 9564 3434 -110 -3527
13133 2534 9652 4535 -72 -4200
13276 2465 9761 5628 -93 -4797
13199 2736 9621 7308 238 -5663
12830 2942 9358 8645 724 -7297
12496 3532 9123 9211 878 -9127
12017 4527 9152 9327 752 -11137
12320 4983 9529 9583 -616 -12034
11870 5444 9176 9821 -1081 -12343
11871 5921 8834 9960 -1112 -12595
11682 6388 8143 9982 -233 -13525
10971 7175 7817 9685 1327 -14947
10692 7899 7420 9874 2418 -16019
10190 8089 8000 9905 2729 -17095
9888 8236 8004 9959 2775 -17827
8720 8544 7783 9923 2143 -18839
7836 8968 7288 10219 2088 -19507
7378 9558 6781 10791 1864 -19787
6312 10022 5969 12051 2692 -20201
5925 10614 5462 12719 3239 -20804
4636 10692 4942 13349 4073 -21868
3585 11273 4514 13656 4851 -22681
2142 11212 3824 13551 5364 -23794
1797 12559 3021 14307 6865 -24117
1508 13660 2061 13425 8450 -23215
961 14784 1905 12635 9998 -21478
284 15173 1810 10416 10716 -19724
-488 15794 2227 8312 10437 -18382
-1815 16164 2326 4983 8917 -17429
-1896 16396 1906 3072 7405 -16856
-1621 17102 1779 1281 6079 -16095
-1365 18159 2643 -2187 4309 -13831
-1055 18961 3147 -6253 3415 -11793
-1197 19005 3890 -9954 2958 -10721
-328 18722 4893 -12907 3137 -10162
299 17949 6460 -15688 3267 -9655
-44 17035 8053 -16949 2942 -9193
-325 16710 8753 -16164 3055 -9567
-266 17209 9382 -15549 3716 -9861
-332 18158 9662 -15494 4772 -9935
-936 19867 10216 -17514 7101 -8986
-877 20504 13246 -24256 8468 -7099
-700 18590 16617 -31210 6871 -7282
-168 14890 17778 -29727 258 -6517
-489 14584 18247 -22045 -4527 -8284
-2265 15968 17302 -15522 -7108 -9530
-3452 18212 15141 -13016 -3771 -10434
-3922 19790 15558 -13319 -358 -10807
-3564 20622 17129 -22139 3869 -10122
-3438 17074 19381 -28725 -739 -7704
-2452 13696 20514 -27976 -9375 -5365
-2894 12840 21046 -23954 -15478 -3610
-3424 13476 20287 -21655 -17203 -2613
-3085 13537 19071 -22195 -14051 -2002
-3016 12378 19278 -23645 -11384 -1796
-1552 9896 20656 -20203 -15649 -1292
-692 8072 20840 -13048 -14314 -2357
-856 8552 20708 -8034 -13711 -3385
-1814 9841 19912 -4696 -13556 -4435
-2861 10533 18857 -3548 -13388 -5315
-3200 10780 18262 -4474 -13975 -5323
-2276 9600 17778 -5549 -14619 -5228
-648 8096 17092 -4707 -14454 -4812
146 8008 16528 -1343 -13814 -4946
-740 9536 15329 1424 -12893 -6067
-1340 10574 14333 2194 -11858 -6435
-2157 11253 13510 1694 -10160 -5433
-234 10828 13682 -175 -8514 -4345
-69 10816 13178 -858 -7562 -2733
768 10062 13214 -695 -6351 -1881
1356 10026 13238 -433 -5455 -1475
1063 9987 13304 -614 -4590 -1482
1282 10137 13606 -1044 -3145 -1407
1030 9948 13703 -1811 -1443 -777
976 9592 13917 -2573 -351 95
885 9252 14144 -2837 -43 444
1343 8761 14456 -2639 26 236
1810 8410 14580 -2414 -222 255
2190 8146 14808 -2451 -344 399
2464 7986 14888 -2349 -232 600
2752 8123 15067 -2189 134 824
3096 8021 15340 -2024 719 1029
3362 7898 15646 -2132 1308 1023
3460 7865 15837 -2439 1615 965
3830 7589 16074 -2773 1660 926
3896 7450 16145 -2868 1591 823
4198 7298 16244 -2857 1460 787
4185 7240 16478 -2862 1172 586
4074 7125 16647 -2449 902 136
3914 6998 16768 -2079 754 -197
4103 6972 16979 -1394 784 -316
4133 7102 17069 -910 921 -432
4013 7140 17072 -670 802 -598
3792 7196 16936 -443 575 -666
3571 7099 16852 -178 94 -660
3370 6906 16741 376 -674 -535
3410 6852 16614 776 -1068 -471
3458 6794 16548 1157 -1345 -470
3612 6985 16337 1291 -1481 -523
3606 7028 15971 1308 -1362 -543
3722 7092 15743 930 -1102 -505
3757 7050 15702 533 -949 -288
3677 6957 15485 208 -921 -18
3682 6936 15394 -172 -1016 193
3804 6740 15316 -227 -1086 209
3844 6687 15328 -118 -1076 128
3866 6653 15306 14 -1016 100
4027 6624 15408 153 -844 100
4042 6532 15383 253 -457 73
4046 6384 15366 382 -186 152
3828 6073 15402 692 160 124
3706 6332 15271 1237 943 -30
3897 6730 15202 997 948 -795
3668 7084 15244 165 258 -1698
4001 7144 15117 -1047 -732 -1463
3904 7302 15057 -1994 -1077 -310
3960 7417 15005 -2085 -745 473
3842 7288 15040 -1650 -210 388
3658 7524 14967 -928 517 -237
3842 7895 15086 -714 973 -575
3898 7808 15301 -894 1006 -412
3917 7704 15352 -1278 686 -13
3880 7656 15248 -1666 418 214
3923 7728 15408 -2093 93 412
4011 7322 15583 -2252 74 595
3850 6998 15682 -1592 452 700
3833 6833 15749 -898 890 583
3806 6917 15869 -446 1092 198
3897 7006 15896 -384 959 -168
3828 6990 15897 -496 586 -365
3778 6890 15844 -548 264 -242
3819 6918 15946 -590 75 -100
3800 6959 15838 -571 -5 -190
3778 7152 15743 -572 9 -647
3804 7120 15846 -461 65 -856
3462 7025 15698 -263 162 -773