4657 12338 14272 8098 -2696 7612
5149 12530 14232 8159 -2782 7394
5098 12781 14288 8256 -2861 7303
5160 13265 14418 8377 -2619 7103
4958 13618 14430 8392 -2196 6972
4856 13801 14497 8409 -1550 7345
5132 13629 14592 8707 -910 7990
5318 13632 14516 9423 -220 8927
5333 13536 14358 10468 329 9544
5657 13346 14180 11615 569 9698
5606 13504 13756 12363 703 9331
5526 13796 13376 12614 732 9034
5480 13913 13048 12652 781 8899
5638 13924 12637 12598 880 9305
5868 13961 12602 12602 786 10001
5593 13489 12094 12404 958 10748
5898 13890 11706 11740 1071 11483
5473 13497 11308 10793 693 12110
5932 12977 10652 9736 247 13008
5768 12896 10641 8577 -167 13821
5904 12892 9937 7099 -548 14807
6260 12541 9973 5500 -816 15396
6626 12222 10113 4171 -1637 16029
6602 11918 10345 3464 -3153 16687
7413 10989 9710 3177 -4255 17008
7537 10501 9426 3463 -4810 16957
8140 9620 8669 3229 -4467 16812
8525 9512 8453 2965 -2867 16430
8609 9364 8345 2618 -1455 16323
8542 9092 8356 1843 103 15903
8894 9057 8445 895 1167 15540
8985 8514 8477 -203 1138 15144
9492 7785 8362 -1118 732 14626
9794 7225 8330 -1946 -481 14440
10229 6412 8252 -2361 -1772 14417
10686 5816 8277 -2456 -3016 14557
11084 5278 8236 -2176 -3920 14650
11216 4944 8020 -1849 -4043 14142
11804 4757 7544 -1177 -3535 13391
11773 4428 7068 -530 -2241 12176
11806 4248 6710 -289 -482 10488
12030 4045 6760 -572 1323 8760
12119 4195 7183 -1207 3149 7334
12247 4227 7689 -1869 4005 6807
12210 4365 8249 -2201 3862 6587
12019 4806 8400 -2267 3584 6390
11854 4741 8632 -2699 3232 5561
11788 4874 9088 -3125 2848 4551
11952 5131 9543 -3174 2686 3853
11801 5284 10103 -2640 2347 3382
11478 5412 10522 -1895 1924 2914
11556 5701 10489 -1065 2036 2529
11173 5993 10748 -622 2117 2126
10982 6353 10789 -457 2401 1587
11057 6624 11070 -585 2237 1269
11265 6691 11443 -714 1561 1204
11506 6708 11522 -711 597 1358
11572 6906 11396 -470 -64 1710
11705 6965 11413 -130 -390 1947
11737 6741 11309 304 -387 1964
11943 7017 11053 1009 71 1764
11963 7295 10896 1427 897 1431
11930 7452 10876 1307 1282 1109
11967 7425 10947 1001 1226 865
12019 7334 11064 556 638 891
11920 7284 11064 190 6 1246
12108 7206 11056 -261 -539 1920
12162 7086 10872 -468 -500 2472
12168 7043 10896 -491 22 2654
12096 6957 10807 -446 1101 1898
11962 6687 10709 -660 1844 764
11715 6344 10693 -825 1907 264
11539 6020 10827 -430 1125 608
11469 5892 10782 162 278 1232
11652 6180 10619 411 -317 1497
11622 6168 10333 382 -563 1377
11608 6022 10018 189 -589 1028
11658 5720 10011 145 -523 650
11980 5468 10195 658 -687 474
12322 5030 10237 1618 -833 552
12573 4968 10150 2623 -809 512
12497 4627 10000 3854 -368 -180
12526 4196 9873 4844 579 -1160
12748 4163 9962 5331 1435 -2176
13009 3775 10375 5848 1320 -3041
13513 3132 10516 6773 610 -3742
13641 2849 10617 7855 -425 -4442
13628 2662 10708 8977 -1269 -5521
13922 2184 10440 10260 -1591 -6763
13692 2350 10271 11850 -1392 -8409
13169 2781 9548 12994 -559 -10168
12556 3587 8879 13321 1036 -11960
12204 4733 8727 13734 713 -13704
12066 5582 9036 13588 -588 -14768
11454 5656 8536 13253 -1676 -15209
10906 5566 8386 12773 -2591 -15877
10505 6472 7753 12407 -3248 -16351
9903 7796 6670 12211 -3488 -17008
9104 8327 5786 11699 -2954 -18188
8473 8908 5514 11565 -2046 -19119
7888 9412 5180 11338 -1002 -19434
7461 10189 5128 11118 -107 -19421
6958 10734 4996 10983 450 -19300
6265 10981 4633 11013 778 -19500
5416 11270 4236 11048 1245 -20193
4466 11765 3617 11284 1862 -21159
3736 12354 3198 11389 2468 -21434
3028 12944 2747 11520 3481 -21917
2626 13894 2378 11581 4609 -21677
1784 14548 2238 11472 5339 -21144
574 14940 1885 10836 5973 -20740
-484 15235 1357 10489 5909 -20828
-885 16060 844 10001 5386 -20790
-806 16684 696 8836 4759 -20736
-1014 17412 830 6250 4028 -20219
-1634 18036 1276 2681 3047 -19460
-2432 18679 1686 -1598 1292 -18630
-2744 19210 2322 -4919 -465 -17408
-2106 19454 2868 -6997 -1594 -16218
-2329 19584 3814 -9065 -2727 -14641
-2150 19261 5138 -11810 -3577 -12980
-2042 19548 5546 -12714 -2723 -12051
-2136 20203 5908 -11699 -917 -11265
-2436 20940 6172 -10688 578 -10552
-3293 21294 7205 -10442 1297 -10243
-3648 20552 8202 -11292 876 -10795
-2749 20491 9633 -12415 -1038 -10214
-2520 19985 9777 -13567 -3011 -8324
-2197 19865 10030 -14151 -4066 -7042
-1609 19198 10281 -14471 -5374 -6136
-1362 18582 10241 -14744 -5812 -6425
-1604 18950 9910 -14528 -5689 -6420
-2132 19340 9530 -13630 -4921 -6941
-2389 19970 10278 -13669 -4350 -6981
-2595 19688 11322 -15529 -4521 -6864
-2510 19200 12337 -17875 -5249 -5036
-2616 18735 12962 -20473 -6233 -2537
-3246 17945 13172 -22614 -6575 -1250
-2980 16822 14472 -23980 -7855 -1201
-3434 15954 15624 -24125 -10334 -1519
-3450 15337 15614 -23288 -11457 -1948
-3432 15016 15772 -21942 -11660 -1635
-2934 14751 15997 -20309 -10052 -745
-2602 14479 16464 -18631 -5451 453
-2728 13957 17088 -17513 -2636 513
-2734 12986 17540 -16797 -1604 -237
-2649 12341 17974 -15681 -2011 -967
-2603 11853 18280 -14729 -3691 -1527
-2436 11753 18364 -14066 -5645 -1681
-2019 11055 18583 -13857 -6883 -1587
-1776 10524 18392 -13932 -7781 -1233
-1720 10174 18360 -13231 -8915 -1064
-1626 9688 18172 -11358 -9565 -1440
-1685 9590 18051 -9474 -9697 -2337
-1345 9612 18058 -7576 -9213 -3005
-1194 9889 17962 -5956 -8709 -3575
-1340 10084 17745 -4435 -8156 -3866
-1213 10081 17388 -3153 -7424 -4013
-1529 10010 17025 -2195 -6880 -4087
-1262 10002 16832 -1358 -6267 -4024
-1242 10147 16388 -241 -5735 -3864
-1330 10493 15648 643 -5326 -3678
-1184 10464 15116 716 -5289 -3253
-826 10342 14641 766 -4885 -2799
-553 10485 14338 812 -4406 -2348
-456 10353 14134 697 -3958 -2009
-391 10379 13873 222 -3377 -1713
-265 10053 13666 -342 -2996 -1303
56 9945 13638 -721 -2549 -826
233 9999 13731 -1340 -2103 -231
601 9849 13992 -1853 -1816 238
516 9641 14004 -1980 -1643 539
655 9357 13998 -2174 -1553 825
1148 9084 14119 -2204 -1338 1069
1429 8958 14156 -2366 -1135 1113
1684 9030 14202 -2749 -1047 1014
1833 8897 14276 -3174 -889 982
1985 8753 14624 -3334 -543 1146
2028 8718 14877 -3277 -157 1443
1790 8575 15128 -3092 115 1681
1684 8165 15168 -2882 197 1692
1795 8105 15270 -2532 33 1564
2030 7906 15507 -2565 10 1586
2052 7777 15577 -2531 -21 1640
2050 7481 15660 -2315 98 1656
2116 7186 15780 -1940 293 1719
2291 6930 15945 -1509 582 1607
2282 6753 15910 -1049 734 1379
2168 6455 15976 -600 633 1033
2308 6906 16086 -575 513 537
2332 6780 16173 -869 171 230
2413 6885 16224 -1383 -483 147
2362 6853 16048 -1113 -605 181
2398 6800 16120 -591 -515 82
2493 6758 16190 59 -298 -179
2350 6800 16089 820 90 -410
2308 6928 15929 1272 200 -755
2420 7062 15789 1232 -260 -1072
2689 7256 15712 849 -649 -1236
2722 7616 15716 528 -670 -1349