12058 7972 9565 -438 1239 -1146
12049 7973 9641 -492 1070 -968
12072 7914 9650 -500 842 -845
12120 7918 9802 -536 623 -893
12141 7778 9670 -641 540 -1075
12088 7809 9840 -619 501 -1180
12192 7897 9920 -358 565 -1153
12169 7954 10021 -107 626 -1194
12226 8009 9920 57 716 -1362
12178 8097 10006 153 807 -1532
12141 8180 10102 263 828 -1554
11930 8338 10098 247 879 -1556
11824 8528 10173 144 850 -1567
11840 8572 10282 49 616 -1603
11828 8721 10218 77 387 -1563
11770 8904 10176 231 180 -1447
11710 9134 10146 379 137 -1346
11573 9341 10148 502 248 -1344
11505 9508 10252 526 413 -1305
11382 9708 10310 441 603 -1160
11308 10045 10437 313 715 -896
11294 10172 10500 147 588 -587
11356 10186 10432 160 487 -215
11337 10260 10314 335 314 108
11269 10178 10225 620 295 425
11273 10094 10093 834 419 696
11190 10149 10010 946 607 1014
11204 10214 10069 859 792 1394
11236 10022 10013 724 750 1710
11406 9828 9921 605 673 2021
11474 9733 9958 554 565 2323
11650 9518 9712 657 571 2584
11780 9246 9634 910 772 2756
11820 9017 9509 1215 1129 2860
11897 8729 9381 1529 1599 2850
11997 8517 9286 1756 2008 2801
12046 8384 9116 1887 2373 2792
11966 8380 9141 1722 2683 2838
12008 8310 9312 1185 2767 2906
11976 8052 9520 664 2672 2954
12030 7542 9558 391 2509 2994
12068 7333 9756 259 2319 2938
12140 7076 9926 213 2353 2719
12166 6861 10160 169 2340 2371
12234 6557 10261 160 2316 1953
12252 6402 10524 185 2216 1534
12302 6298 10862 358 1911 1202
12344 6161 10993 603 1658 847
12517 6040 11314 1032 1360 422
12654 5854 11468 1710 1109 -88
12724 5918 11456 2479 1073 -700
12588 6298 11505 3146 1123 -1288
12544 6392 11361 3470 1366 -1929
12396 6568 11464 3626 1293 -2480
12334 6578 11552 3674 949 -2886
12477 6482 11741 3881 264 -3145
12446 6330 11573 4225 -440 -3378
12509 6362 11414 4710 -963 -3719
12402 6330 10912 5075 -1125 -4399
12230 6449 10769 5444 -1218 -5244
12174 6398 10409 6063 -1306 -6050
12032 6505 10169 6494 -1670 -6728
11976 6661 9873 6751 -1600 -7323
11842 6976 9610 6683 -1781 -7836
11654 7036 9373 6691 -1861 -8382
11492 7044 9149 6714 -2120 -8957
11368 7194 8720 6918 -2178 -9510
11280 7172 8346 7216 -2051 -10236
10946 7218 8112 7516 -1875 -10908
10665 7560 7902 7943 -1431 -11704
10369 7766 7498 8270 -917 -12525
9717 8090 7102 8743 -269 -13365
9402 8285 6577 9240 438 -14122
8840 8681 6354 9825 1132 -14816
8481 9069 6013 10257 1686 -15448
7990 9538 5830 10594 2364 -15689
7808 9961 5900 10638 2864 -15949
7137 10261 5469 10872 3280 -16085
6512 10310 5068 11189 3717 -16627
6098 10504 4924 11725 3913 -17049
5108 10397 4321 12350 4302 -17787
4446 10913 3913 12929 4999 -18470
3753 11741 3338 13150 6064 -19034
3166 12533 2656 13496 7315 -18932
2566 13272 2744 12554 8164 -18513
2050 13390 1465 13880 8996 -18376
1328 13908 2236 12359 10179 -18401
1184 14622 1440 12329 10290 -18024
420 14814 1722 11716 11608 -16780
-142 16000 1474 9886 11808 -16619
-565 16061 1360 9406 11784 -16086
-901 16465 2032 7728 10975 -15884
-1005 16668 2125 6182 9640 -15274
-572 16865 2965 3659 8870 -14307
-406 17393 3626 1127 7708 -12765
-540 17494 3861 -1249 6728 -11636
-922 17384 4194 -3233 5991 -11427
-942 17101 4542 -4447 5636 -11549
-1458 17258 4694 -4853 5826 -11846
-1628 17634 5390 -4573 6168 -12387
-841 17769 6446 -4562 6274 -12393
-873 17921 7186 -4346 6161 -12356
-701 18366 7644 -4395 6206 -12332
-1284 18948 7940 -4572 6018 -12332
-1810 19498 8224 -4918 5942 -12424
-2437 20457 8630 -6348 5713 -12426
-3350 21210 8953 -8701 4705 -12357
-3665 21588 9792 -11208 2691 -12213
-3034 21404 10996 -15093 -90 -11682
-2392 20320 12546 -18808 -3906 -10821
-1832 19352 13473 -21185 -7625 -9954
-2077 19449 13640 -21798 -10354 -9047
-2837 19718 13105 -21332 -11361 -8840
-3765 20674 12540 -20810 -9901 -9299
-4752 20885 12337 -20287 -7408 -9701
-4758 21138 12950 -20266 -5180 -9267
-4358 20728 13690 -21398 -3124 -8273
-3716 20348 15993 -25908 -1672 -7073
-3364 18110 15918 -29202 -2678 -6265
-2841 16092 17565 -28256 -6195 -6101
-3320 15396 18334 -24394 -11036 -5358
-3925 15793 17828 -19977 -14432 -4903
-4486 15986 17388 -17156 -14074 -4744
-3782 16386 17053 -15106 -11626 -3927
-3589 16178 17134 -14565 -7663 -3401
-2669 15382 17788 -14884 -3793 -3276
-2370 13962 18154 -15053 -1576 -3349
-2173 13056 18552 -13798 -1491 -3290
-2546 12685 18536 -11575 -2780 -3678
-3442 12606 18038 -10172 -5917 -3899
-4018 13030 17658 -10048 -10558 -3304
-3998 12986 16960 -11861 -14010 -2110
-3169 12245 17076 -14514 -15894 -960
-1588 11256 17074 -16059 -16507 -116
-529 10016 17398 -15714 -15829 79
-334 9392 17278 -13997 -14737 -832
-721 8898 16680 -11151 -13443 -1894
-1385 9014 16272 -7925 -11995 -3204
-1944 9390 16145 -6288 -11252 -3642
-1521 9522 16358 -5624 -10596 -3615
-1241 9630 16449 -5768 -10212 -3414
-849 9268 16196 -6415 -9763 -3280
-209 8629 16109 -6711 -9395 -2950
118 8420 15561 -5541 -8638 -3087
-326 8314 15234 -4283 -8145 -3739
-474 8470 14793 -2865 -7597 -4409
-726 8537 14724 -1722 -7078 -4684
-824 9004 14558 -1378 -6300 -4260
-641 9176 14630 -1806 -5638 -3732
-242 9030 14357 -2311 -4837 -3188
330 8812 14180 -2869 -4272 -2670
100 8842 14053 -3333 -3611 -2233
1236 8501 14306 -4127 -2812 -1673
562 8506 14237 -4439 -2352 -1627
574 8401 14298 -4331 -1647 -1569
384 8108 14334 -4298 -1150 -1342
508 7936 14448 -4203 -764 -954
614 7822 14733 -4127 -489 -617
920 7538 15090 -3724 -163 -356
1089 7381 15340 -3309 4 -419
1265 7122 15502 -2838 0 -577
1322 6884 15574 -2407 45 -687
1474 6745 15652 -1927 146 -842
1568 6626 15732 -1418 300 -901
1618 6644 15642 -1069 401 -889
1733 6641 15669 -833 437 -879
1866 6662 15721 -580 466 -838
1857 6588 15749 -338 504 -850
1813 6620 15662 -175 486 -826
1681 6648 15528 -126 386 -792
1882 6652 15590 -109 285 -717
1938 6770 15597 -115 272 -665
2045 6717 15712 -185 339 -610
2005 6654 15897 -338 433 -518
2036 6665 15822 -516 552 -387
2106 6505 15902 -615 638 -352
2138 6365 15878 -513 632 -352
2008 6430 16046 -344 578 -389
2208 6381 16154 -399 433 -471
2242 6434 16412 -428 392 -474
2188 6318 16368 -511 268 -438
2122 6392 16418 -582 294 -441
2254 6336 16409 -569 337 -523
2285 6392 16464 -521 247 -584
2286 6100 16407 -461 3 -598
2206 6204 16381 -299 94 -730
2184 6200 16234 -99 176 -858
2056 6358 16098 -1 255 -1022
2089 6484 16117 -130 241 -1102
2060 6461 15944 -359 186 -1134
2077 6557 15909 -452 273 -1029
1990 6545 15937 -593 244 -917
2001 6622 15908 -729 175 -859
2028 6538 15761 -718 178 -802
2112 6558 15774 -714 212 -871
2208 6509 15936 -693 303 -967
2149 6498 16020 -572 328 -1086
2057 6541 16020 -518 290 -1165
2040 6609 16164 -472 278 -1171
2082 6606 16286 -347 330 -1157