9814 9326 11222 -867 284 -304
9965 9464 10996 -716 343 -394
9889 9666 11261 -663 437 -567
9948 9789 11213 -766 644 -652
10021 9741 11328 -889 496 -609
10057 9769 11360 -952 338 -503
9954 9881 11546 -888 -13 -394
9988 9894 11398 -809 74 -406
9994 9912 11370 -708 58 -398
9936 10052 11453 -679 143 -442
9894 10017 11525 -642 214 -378
9822 10014 11472 -575 230 -302
9829 10060 11529 -462 188 -180
9872 10113 11392 -385 139 -104
9781 10134 11330 -401 126 -88
9701 10181 11504 -525 210 -56
9768 10100 11336 -553 246 12
9674 10137 11481 -509 199 163
9756 10109 11518 -406 172 260
9650 10121 11493 -429 184 379
9657 10169 11561 -496 288 481
9556 10126 11492 -583 404 614
9548 10077 11550 -637 548 663
9530 9989 11749 -663 576 768
9598 9924 11730 -582 517 851
9616 9888 11762 -447 419 893
9602 9906 11661 -331 340 913
9649 9892 11534 -319 384 890
9710 9912 11557 -343 489 885
9676 9965 11437 -400 579 938
9757 9782 11524 -357 657 1002
9721 9853 11548 -259 680 1036
9737 9861 11464 -210 705 1013
9757 9937 11589 -229 824 986
9818 10061 11658 -396 883 1056
9692 10232 11928 -725 969 1223
9933 10189 12102 -985 895 1425
9824 10286 12338 -1010 711 1688
9864 10266 12384 -891 683 1806
9730 10186 12353 -624 745 1827
9620 10105 12264 -418 1032 1857
9550 10094 12152 -355 1228 2094
9502 10121 12094 -432 1206 2396
9490 9964 12076 -733 879 2651
9602 9721 12001 -1088 304 2859
9713 9337 11994 -1334 -233 3095
9877 9144 11740 -1411 -488 3316
9964 8954 11584 -1472 -463 3357
10122 8597 11656 -1411 -213 3213
10253 8257 11664 -1109 107 3114
10324 8102 11613 -677 423 3103
10478 7814 11752 -327 788 3032
10701 7378 11853 212 791 2917
10842 7176 12038 857 805 2714
11493 6152 12690 2367 377 2597
12048 5246 12764 4706 557 2328
11800 5469 12702 6866 1189 1817
11581 5864 12314 8165 2366 814
11274 6400 12038 8158 4029 -424
10797 6777 11994 7072 4646 -1403
10833 6932 12442 6026 3844 -1990
10929 6626 12756 5379 1139 -2362
11265 6197 13048 5277 -1945 -2324
11368 6092 12938 5597 -4793 -2358
11652 6001 12626 6555 -6426 -2683
11928 5721 12285 7204 -6784 -3692
11800 6150 11756 7567 -5426 -5478
11590 6590 11134 8142 -3970 -6515
11574 7026 10948 8898 -2357 -7226
11208 7485 10916 9395 -1464 -7626
11021 7538 11030 9654 -2013 -8298
10808 7806 10812 9677 -2926 -9035
10568 8288 10414 9631 -3670 -9291
10169 8654 10161 9089 -4231 -9444
10153 8838 9630 8703 -4314 -9615
9926 8941 9614 8054 -4414 -10131
10164 8420 9780 7815 -4782 -10887
10097 8510 10074 8343 -5290 -11203
9396 7705 9800 8783 -6254 -12411
9157 7842 8058 11925 -5622 -13039
8057 8276 7164 12681 -3897 -14544
7460 9317 5697 15111 -1614 -15593
6621 10038 5138 16506 -52 -16504
6329 10453 5288 16901 1270 -17470
6141 10401 5261 16874 1291 -17997
5730 9892 5565 16564 650 -18450
4985 9888 4969 16436 -140 -18787
4237 9980 4189 15890 -1199 -19485
3336 10358 3122 14827 -887 -20098
2566 11694 1928 13690 -487 -20235
2828 12497 972 13084 882 -19115
1340 13006 730 12441 2099 -18376
1462 13620 338 11629 3417 -17546
457 13581 678 10879 3914 -17323
-477 13136 100 10448 4070 -17510
-1482 13076 -430 10221 4249 -18433
-1710 13998 -564 9713 4173 -18573
-1786 14978 -898 8540 4154 -17900
-1776 15958 -933 7047 4237 -16031
-1941 16172 -428 4707 4166 -15411
-1364 16858 412 1618 3681 -14671
-1082 16826 1748 -2132 2868 -14039
-840 16866 2638 -6102 2124 -12991
-1545 16493 2938 -8205 1625 -12369
-1924 16520 3440 -8495 1630 -12748
-2100 17162 3992 -8261 2047 -13065
-2930 17814 3984 -7419 2305 -14225
-3280 18636 4298 -6291 2298 -15063
-3449 19758 5046 -6174 2069 -15306
-3777 20632 5950 -6918 949 -14577
-4268 20933 6694 -7554 -568 -13537
-4028 21516 7264 -9256 -1872 -12388
-4178 22105 7746 -10956 -2913 -11334
-3608 22650 8337 -13697 -3518 -10780
-4352 23305 8276 -15920 -3719 -10105
-4261 23204 9112 -17844 -5041 -9636
-4373 22442 9041 -18937 -6065 -9470
-4468 22617 10702 -22351 -7060 -10134
-3693 21826 10748 -26533 -8394 -10130
-3813 21242 11654 -28975 -9929 -9315
-4012 20408 11917 -30382 -10913 -8749
-3949 19338 13101 -30333 -12540 -8616
-3785 18028 14176 -28284 -15221 -8350
-4158 18202 14224 -26269 -15884 -7062
-4410 18773 13878 -25637 -13207 -5216
-4193 18410 14088 -26217 -8534 -3812
-3928 17682 14576 -27190 -4834 -3472
-2945 16257 15900 -27212 -3666 -3968
-2652 14829 17642 -24611 -7435 -3732
-2010 13825 17201 -21494 -11138 -2996
-2052 13041 17506 -19855 -11394 -2980
-2508 13148 17645 -19727 -12021 -2457
-3092 13124 17464 -20355 -12862 -1321
-2568 12518 17724 -21215 -12506 -457
-1173 11200 18560 -20572 -12446 -483
-148 10192 19381 -18227 -11227 -1267
126 9586 19741 -15002 -9887 -2461
-869 10241 19369 -12037 -8299 -3218
-1888 10630 18905 -10690 -7230 -3687
-2173 10392 18650 -10794 -6569 -3585
-1884 10134 18782 -11374 -6946 -3411
-765 9342 19152 -11326 -7613 -3355
-300 8348 18901 -9829 -7971 -3515
25 7584 18622 -7540 -8248 -4183
-446 7364 18013 -4997 -7763 -5283
-1298 7814 17453 -3203 -7250 -6060
-1992 8410 16806 -1714 -6255 -6086
-2306 9033 16470 -1567 -5441 -5784
-2464 9328 16326 -1673 -5001 -5422
-1194 8812 15964 -2203 -4706 -4927
-1364 8730 15548 -1590 -4753 -4633
-984 8597 15222 -709 -4614 -4803
-1380 8590 14909 54 -4310 -4980
-1621 8870 14618 367 -3719 -4923
-1845 9100 14350 283 -2800 -4605
-1754 9261 14216 175 -1655 -4054
-1650 9186 14198 -171 -761 -3521
-1442 9096 14312 -500 -346 -3035
-1362 8928 14268 -920 -278 -2623
-1066 8776 14317 -1202 -384 -1987
-974 8616 14592 -1586 -374 -1517
-654 8370 14765 -1862 -442 -976
-634 8100 15145 -2166 -638 -547
-330 7752 15344 -2392 -861 -108
-89 7476 15489 -2278 -1009 176
384 7273 15673 -1744 -968 255
730 7164 15817 -1056 -867 124
753 7200 15793 -400 -726 -15
804 7128 15801 246 -414 -29
938 7355 15783 385 14 203
1178 7308 15810 -51 117 421
1409 7139 15689 -522 -55 386
1580 7014 15721 -714 -137 167
1585 6869 15818 -662 -154 -108
1513 6990 15840 -510 -119 -285
1360 7032 16004 -466 12 -386
1118 7190 16146 -454 107 -348
1145 7185 16276 -534 68 -305
1286 7216 16421 -480 -129 -307
1297 7170 16404 -262 -413 -362
1290 7212 16428 111 -596 -512
1326 7162 16306 448 -659 -644
1174 7397 16248 743 -563 -801
1058 7570 16040 690 -363 -917
1196 7677 15954 518 -234 -832
1294 7804 15886 232 -133 -708
1236 7808 15892 -116 -149 -460
1214 7824 15817 -448 -177 -210
1221 7678 15846 -649 -129 -187
1181 7723 15842 -596 -8 -294
1093 7312 15686 -372 75 -253
892 7501 15701 -383 83 -110
1058 7460 15735 -475 267 29
1116 7490 15725 -548 275 -118
1264 7326 15693 -648 60 -327
1298 7252 15656 -757 -289 -446
1236 7266 15648 -756 -544 -387
1229 7144 15670 -593 -642 -147
1165 7181 15672 -172 -509 -42
1362 7585 15786 -164 -536 -80