-1648 15076 15601 13215 3424 3822
-1597 16897 15595 13374 3926 4211
-1690 17522 15630 13028 4362 4854
-1697 17735 15579 13086 4376 6029
-1655 17917 14941 13030 4368 8155
-1426 18078 14179 12830 4598 10508
-1125 18242 13457 12576 4792 11909
-716 18446 13194 12312 4737 12640
-150 18929 13114 11660 3962 13921
661 19091 12646 9786 3770 15076
765 18741 12626 8264 3449 16121
1270 18465 12516 7507 3315 17311
1545 17854 12020 6721 3180 18510
1456 17021 11795 6336 3112 19491
1696 16732 11504 6210 2609 20567
2508 15716 11341 5522 2739 21006
3396 15336 10800 4645 2617 21622
3336 14648 10506 2671 3066 21812
3588 14134 10488 517 2825 21498
3726 13098 10651 -153 1442 21319
4282 12480 10723 251 -78 21290
5304 11657 10546 1670 -1173 22016
6121 10717 10572 2798 -657 21949
6769 10899 10495 3173 821 21617
6772 10736 10450 2924 2256 20952
6796 10391 10252 2218 3796 20006
7155 9930 10387 1060 5115 18885
7246 9086 10460 336 5250 18470
7168 8475 10540 -289 4012 18169
7280 7952 10633 -707 1509 17717
7706 7354 10566 -746 -436 17358
8345 6661 10400 -706 -1683 16949
8632 6562 10238 -725 -1963 16396
8838 6267 10175 -611 -1406 15678
9223 5504 10239 -208 -317 14398
9514 5496 10080 -22 401 13750
9697 5166 9780 -88 1733 12772
9997 5332 9840 -301 2914 11741
10142 5292 9655 -861 4045 10649
10310 5261 9700 -1175 4280 9559
9823 4911 9447 -975 3974 8743
9792 4861 9524 -811 3471 7906
9920 5287 9639 -915 2984 7264
9940 5691 9909 -1017 2289 6854
10046 5730 10041 -1145 1526 6529
10140 5656 10209 -1324 923 5983
10314 5652 10418 -1529 420 5197
10319 5843 10607 -1648 57 4412
10573 5639 11004 -1367 -402 3795
10842 5410 11282 -541 -798 3340
11185 5422 11294 275 -820 3038
11462 5592 11310 987 -446 2656
11588 5744 11069 1288 22 2174
11366 6140 11070 1280 558 1599
11454 6446 11040 942 783 1144
11542 6634 11105 557 709 956
11473 6713 11178 284 289 972
11702 6702 11160 126 -464 1040
11919 6713 11222 63 -1415 895
12211 6542 11121 -44 -2163 665
12236 6543 11141 337 -2149 605
12581 6570 11117 987 -1590 493
12452 6617 10786 1700 -258 4
12367 6618 10631 2283 1043 -712
12490 6485 10882 2643 1151 -1209
12264 6518 11042 2835 798 -1422
12452 6248 11121 3221 -170 -1440
12587 5794 11051 3888 -1159 -1627
12705 5529 10926 4543 -1918 -2099
13121 5049 11016 5524 -2157 -2579
13273 4707 10794 7062 -1870 -3369
13106 4569 10504 8346 -1023 -4776
13070 4814 10316 9419 -417 -6363
12583 5236 10263 9788 -622 -8402
12237 5805 10232 9844 -2328 -10124
11936 6136 10004 9120 -3408 -10756
12005 6614 9864 8242 -4275 -10884
11771 6907 9278 7599 -4684 -11418
11221 7337 8676 7910 -4727 -12390
10898 7934 8038 7879 -4232 -13449
10150 8380 7101 8935 -3310 -14687
9592 9176 7129 9294 -2522 -15677
9569 9237 7232 9681 -1991 -16156
9181 9603 7027 9381 -1566 -16656
8620 10133 7073 9062 -1317 -16891
8164 10280 6394 8898 -903 -17127
7141 10875 5983 9127 -263 -17433
6277 11454 5436 9407 557 -17945
5384 11748 5235 10022 842 -18507
4723 11900 4567 10628 1162 -19120
4060 12292 4329 10602 1201 -19653
3822 13354 3942 10171 1346 -19582
3524 13760 3960 9682 1222 -19357
3281 14072 3796 8794 992 -18816
3000 14810 3602 7498 877 -17751
2239 14777 3242 5727 990 -17788
1056 15190 2548 4497 1313 -17922
68 15716 2140 5546 1928 -17726
-128 16600 1929 4406 1980 -17614
-289 17329 2460 3684 2341 -16358
-598 17792 2624 2389 2344 -15319
-781 18296 2825 747 2173 -14444
-1330 18378 2614 -865 2183 -13623
-1893 18726 2377 -2050 2238 -12386
-2052 18452 2537 -2250 2409 -11580
-1625 18714 3378 -2856 2413 -11030
-1190 18558 3692 -3533 2396 -10487
-965 18654 3878 -4413 2808 -9854
-806 18789 4187 -5139 3161 -9206
-558 18328 4369 -5485 3293 -9394
-280 18282 4486 -5461 3600 -9553
422 18233 5483 -6355 3637 -9610
646 18572 6138 -7652 3979 -9186
134 18915 6990 -8346 3902 -8622
-908 19451 7819 -9472 3989 -8578
-1922 20019 8136 -10623 3494 -9025
-2332 21206 8941 -12452 2937 -8811
-2108 21362 9996 -14780 1871 -7911
-2266 20976 10437 -16872 770 -6723
-2264 20642 11678 -19817 -1229 -5573
-1685 19187 12676 -21863 -3588 -4884
-1934 18409 13617 -21071 -5629 -4818
-1696 18136 13408 -19534 -6425 -4925
-2386 18455 12804 -17048 -5476 -5606
-2917 19252 12686 -15460 -3271 -6532
-3194 19396 13090 -16954 -1351 -6459
-2559 18292 14355 -18505 -1431 -5536
-2533 16942 15524 -20844 -3601 -4468
-2876 16930 15550 -23106 -5784 -3896
-3244 16384 14815 -24176 -8487 -3333
-4035 15619 14458 -26157 -9841 -2502
-3876 15217 14880 -27244 -10514 -1800
-3363 14084 15737 -26716 -11242 -2030
-2560 12944 16572 -25045 -12267 -2371
-2236 12283 17201 -20875 -13138 -2656
-2296 11885 17492 -14681 -13495 -2739
-2310 11656 16842 -10643 -10699 -2427
-2545 12554 16621 -7619 -6392 -1913
-2384 12872 16352 -5863 -2858 -1882
-2736 13099 17142 -6076 -340 -1776
-1690 11677 16792 -9256 -5294 -1150
-900 10157 16850 -10750 -6780 -954
-364 9248 16696 -10915 -7607 -1074
-11 8508 16858 -9134 -8218 -1944
-396 8190 16728 -5851 -8350 -3543
-901 8841 16593 -3439 -7808 -4606
-1457 9885 16294 -933 -6252 -4837
-2004 10690 16104 -1870 -5337 -3885
-1082 10340 16194 -3926 -5090 -2795
-439 9870 16054 -4267 -4421 -2208
-476 9407 15653 -3659 -4449 -2336
-804 9146 15238 -2932 -4800 -3135
-1162 9229 15037 -2342 -4809 -3234
-1030 9285 15046 -2473 -4400 -2647
-794 9226 15151 -3043 -3718 -1903
-363 9112 15081 -3249 -2783 -1268
-375 8675 14917 -2806 -2133 -1274
-186 8464 14906 -2336 -1672 -1463
-299 8253 14963 -1734 -1202 -1461
-341 8187 14856 -1187 -820 -1334
-440 8146 14796 -1034 -736 -1216
-301 8254 14831 -1244 -730 -1247
102 8144 14881 -1409 -703 -1066
223 8091 15072 -1498 -586 -978
245 7914 15168 -1449 -390 -863
292 7846 15270 -1089 -167 -871
147 7883 15240 -499 -20 -1069
202 8111 15124 -163 106 -1098
460 8310 15165 -445 117 -805
948 8208 15492 -964 123 -375
1145 8046 15643 -992 291 -316
1032 7870 15725 -731 377 -563
832 7891 15718 -220 416 -760
837 7883 15807 254 396 -843
1074 7861 15932 636 404 -757
932 7938 15936 826 408 -730
784 7967 15891 844 381 -643
651 8056 15845 643 543 -337
674 8050 15781 295 745 -140
763 7933 15710 -196 764 -168
852 7744 15656 -503 585 -146
852 7786 15814 -653 441 -131
938 7736 15895 -848 422 -58
1014 7716 16044 -959 507 -77
888 7644 16172 -901 729 -120
914 7672 16278 -783 777 -238
1010 7585 16411 -578 715 -313
890 7262 16048 -260 175 -284
1108 7664 16140 -63 -86 -345
1344 7613 16136 102 135 -516
1240 7832 16038 134 287 -817
1046 7914 15968 183 330 -1006
955 8305 15877 241 259 -1112
986 8456 15853 87 -6 -1102
1117 8500 15909 -165 -226 -906
1132 8432 15980 -237 -295 -728
913 8364 15947 8 -49 -518
905 8214 15660 555 237 -587
886 8276 15501 1145 543 -856
1164 8300 15425 1335 496 -1134