7286 11087 9328 4716 -667 15020
7736 10738 9256 3885 -916 14366
8090 10346 9296 3373 -1436 14256
8616 10663 9373 3040 -2077 15253
8836 10606 8949 2808 -1687 16304
9417 9885 8534 2886 -789 16795
9409 9463 8349 2500 1568 15668
9400 9941 8460 1907 3137 14505
9284 9650 9058 1336 3736 13667
9370 9376 9292 1475 3581 13214
9544 8603 9583 2089 2550 13436
9707 7650 9991 3190 1714 13273
9841 7268 10204 4102 1303 12886
9906 7568 10233 4397 1313 12452
10070 6872 10240 3785 2041 11231
10009 6206 10148 3244 2361 10047
10192 5976 10018 2445 2451 8923
10312 6044 10158 1560 2134 8488
10463 5636 9996 874 1344 7944
10665 5118 9693 512 637 7353
10649 5004 9564 307 93 6804
10632 5037 9526 233 -243 6121
10717 5365 9394 345 -483 5263
10752 5390 9197 119 -281 4500
10837 5889 9165 -435 451 3623
10641 6397 9233 -969 590 3083
10703 6388 9381 -1463 633 2398
10559 6805 9613 -1554 155 2027
10613 7079 9692 -1233 -203 1703
10844 7406 9852 -788 -309 1715
10967 7532 9851 -498 156 1392
10982 8047 9893 -466 1124 1119
10937 8065 10046 -557 1862 989
10733 8069 10499 -542 1897 838
10906 8120 10742 -295 1472 794
11065 8316 10805 32 922 947
11206 8408 10873 300 502 1060
11454 8264 10925 539 373 1005
11275 8185 10896 756 550 796
11234 8332 10732 941 687 524
11074 8504 10731 743 508 226
11103 8534 10983 683 -365 172
11334 8201 11090 1185 -1091 474
11718 7792 11262 2439 -1262 707
11818 7616 10892 3900 -615 383
11821 7732 10633 4775 284 -537
11667 7733 10603 5429 652 -1431
11966 7244 10978 6268 -20 -2178
12242 6751 11060 7214 -1021 -2461
12312 6476 11204 8008 -2018 -2801
12712 6202 10877 8228 -2368 -3630
12473 6363 10188 7659 -1872 -4869
12359 6640 9616 8241 -1177 -5708
12233 6428 9649 8859 -1259 -6865
11866 6188 9199 9812 -1456 -8872
11385 6498 8928 10212 -1661 -10898
11606 7262 8324 10528 -2079 -11746
11120 7818 8157 10574 -2566 -12209
10848 8389 8002 10051 -3309 -13116
10348 8834 7647 9577 -3934 -13697
9582 9420 7186 9251 -4105 -14657
9556 10037 7000 9324 -4026 -15093
8991 10603 6383 8801 -3733 -15374
8397 11331 5833 9965 -2819 -16050
8348 11618 5948 9728 -2418 -16599
7899 11934 5465 9670 -1396 -16822
7681 12172 5644 8496 -479 -17117
6838 12754 4883 8776 742 -16662
5230 13406 4704 9063 1178 -16452
4641 13509 3898 10231 1620 -16693
3620 13884 3359 10981 1985 -17357
2808 14792 2553 12378 2621 -17852
2470 15510 2062 12462 3205 -17999
1987 16140 1987 11692 3748 -17346
1851 16574 2069 9207 4044 -16041
1264 16956 1857 6675 3713 -14494
1182 17154 1505 4708 3418 -13698
1058 17390 1692 2990 3028 -13221
756 17264 1489 562 2265 -12519
613 17216 2125 -1470 1347 -11602
652 17358 2556 -2924 778 -11148
976 17385 3116 -4678 156 -10443
1083 17382 3589 -6790 -290 -9854
447 17392 3613 -7594 164 -9727
-313 17701 3220 -6611 1659 -10132
-376 18140 4020 -5773 2925 -10597
19 18329 4777 -6340 3446 -10292
226 18244 5797 -8264 3203 -9613
732 18080 6801 -10369 2243 -8533
-129 18071 7056 -11842 1143 -7989
-597 18776 7472 -12746 321 -8027
-484 18600 8248 -12682 -140 -8234
-398 18206 8681 -12420 -594 -8759
-89 18413 9120 -11072 -362 -9247
-403 18765 9341 -9731 1089 -9073
-1060 19170 9626 -9052 3106 -8712
-2369 20484 10009 -8818 4205 -8048
-3257 20865 10172 -9201 4048 -7319
-3405 20695 10910 -10585 2487 -6757
-3445 20662 11152 -13130 321 -5571
-2998 20695 11600 -16303 -1873 -3677
-1990 19560 12404 -19848 -4173 -2368
-1450 18090 13850 -21638 -6879 -2004
-1133 16707 14788 -20311 -11670 -2109
-2014 17032 13946 -15731 -12749 -2312
-2671 17785 12645 -12159 -8346 -2879
-2782 18436 12553 -9649 -3465 -3022
-2546 18492 13272 -9762 0 -2463
-1772 17962 15242 -13759 2277 -1610
-756 15033 16836 -17035 -585 -572
-976 13538 17325 -13409 -6969 -257
-1854 14092 16297 -10458 -11439 -728
-2564 14761 15003 -9682 -11522 -1200
-2506 14849 14565 -10017 -8589 -1228
-1860 14717 15095 -11613 -5334 -602
-1276 14088 15806 -13936 -2780 15
-1196 13022 17290 -14692 -4776 680
-706 11674 16122 -14291 -8320 989
-842 11252 16120 -13026 -8898 819
-1397 11527 16175 -11456 -9689 327
-1858 12002 15952 -10785 -10624 328
-1960 12088 16016 -10940 -11113 517
-1484 12156 15907 -12451 -11793 1070
158 10789 16077 -13713 -11050 2010
977 9972 16192 -12362 -9171 2422
925 9425 15794 -9853 -7591 1871
777 9381 15509 -8137 -7030 775
574 9161 15146 -6973 -6779 -237
805 9041 15085 -6478 -6688 -956
1405 8561 15050 -5763 -5986 -1190
1718 8257 14901 -4309 -4818 -1197
1679 8300 14607 -2354 -3575 -1479
1374 8360 14192 -20 -2264 -2483
1144 8580 13809 1323 -1494 -3195
1160 8760 13600 1695 -1254 -3301
1051 8950 13633 1347 -1333 -3106
1220 9022 13637 600 -1634 -2706
1381 8978 13558 27 -1850 -2251
1753 8881 13665 -328 -1829 -1949
1800 8826 13737 -439 -1603 -1878
1997 8846 13797 -527 -1333 -1936
1977 9096 13854 -854 -1030 -1890
1890 8940 13900 -1406 -956 -1684
2050 8752 13964 -1820 -986 -1484
2459 8412 14194 -1938 -991 -1299
2688 8186 14313 -1642 -771 -1308
2788 8136 14445 -1252 -357 -1587
2805 8100 14602 -903 248 -1976
2716 8058 14745 -558 882 -2341
2494 8020 14732 -228 1401 -2565
2388 8148 14802 -51 1480 -2635
2526 8172 15058 -210 1155 -2471
2736 8073 15394 -594 675 -2291
2872 7902 15738 -937 342 -2082
2982 7758 15944 -1156 440 -1875
2858 8010 16013 -1225 792 -1738
2818 8170 16125 -1153 1097 -1771
2617 8209 16137 -1005 1286 -1794
2481 8297 16176 -626 1493 -1756
2372 8388 16233 -138 1563 -1654
2362 8536 16268 110 1492 -1583
2276 8585 16200 86 1323 -1427
2262 8626 16210 -53 1155 -1204
2332 8765 16216 -366 1009 -897
2301 8702 16241 -707 872 -628
2164 8612 16260 -934 694 -468
2177 8480 16254 -1008 430 -424
2298 8365 16340 -811 304 -404
2246 8132 16302 -401 370 -476
2309 8069 16182 -80 467 -500
2401 8278 16209 31 576 -719
2470 8525 16172 -142 504 -987
2517 8588 16028 -589 158 -1052
2528 8306 15948 -994 -254 -827
2585 8109 15938 -1080 -361 -588
2744 7898 15912 -992 -267 -577
2873 7719 15889 -595 -134 -728
2726 7789 15728 -143 100 -969
2557 7996 15668 -24 260 -1142
2644 8144 15577 -107 228 -1131
2544 8270 15613 -387 49 -1037
2600 8364 15473 -881 -279 -838
2597 8420 15461 -1204 -498 -671
2608 8381 15426 -1412 -590 -656
2570 8332 15432 -1380 -557 -606
2513 8485 15349 -1350 -505 -577
2570 8380 15438 -1328 -405 -414
2548 8348 15325 -1249 -302 -260
2549 8321 15320 -1188 -262 -193
2696 8330 15306 -1012 -207 -218
2766 8221 15337 -906 -211 -326
2689 8245 15280 -749 -163 -406
2581 8256 15225 -605 -164 -495
2610 8202 15365 -440 -162 -655
2687 8095 15474 -95 -24 -727
2652 8065 15458 194 219 -770
2584 8030 15409 420 381 -852
2441 8085 15378 515 437 -981
2322 8082 15377 589 287 -1158
2302 8156 15353 634 -39 -1341