5010 10306 11554 -19 -2486 17369
5453 10224 11540 -219 -3026 17254
5930 9748 11548 -645 -3534 17007
6328 9045 11556 -1003 -4212 16791
7128 8253 11640 -1004 -4683 16511
7208 8181 11529 -908 -4906 16082
7910 8065 11413 -675 -4717 15581
7692 8474 11242 -515 -4152 14901
8118 8321 10984 -748 -3490 14136
8233 8213 11145 -1133 -2949 13552
8574 7972 11118 -1606 -2988 13392
8897 7726 11161 -1944 -3200 13365
8954 7452 11173 -2054 -3786 13192
8866 7542 11228 -2158 -4188 12840
9494 6792 11456 -1859 -4988 12383
9764 6664 11533 -956 -5277 11833
9870 6717 11266 -198 -5288 11465
9992 6956 11028 364 -4504 11008
10004 7032 10840 447 -3746 10683
10064 6902 10730 251 -2624 10121
9984 6874 10894 -372 -2003 9537
10394 6526 11050 -994 -1377 8607
10020 6764 10873 -2513 -654 7812
10349 6554 11378 -3784 -481 7282
10469 5969 11630 -4200 -774 7333
10377 5798 11530 -3914 -1168 7780
10173 5446 10973 -3369 -851 8211
10044 5553 10625 -2509 -360 8051
9990 5373 10353 -1997 384 7453
10010 5770 10068 -1682 825 6545
10210 5922 9781 -1495 677 5920
9997 6326 9570 -1623 256 5690
10072 6221 9353 -2302 -32 5778
10044 6190 9210 -3174 -552 5896
10134 6025 9162 -4167 -1111 5794
10216 5917 9325 -4875 -1739 5697
10742 5441 9398 -5047 -2352 5712
10932 5133 9548 -4770 -2521 5602
11146 4718 9732 -4341 -2351 5262
11364 4241 9814 -3867 -1590 4672
11434 3984 10284 -3330 -759 4233
11665 3508 10737 -2726 -79 3931
11876 3145 11058 -1906 412 3714
12005 3073 11289 -1292 792 3527
12088 2976 11352 -994 1301 3141
12134 2790 11333 -735 1539 2571
12080 2684 11450 -543 1573 1963
12097 2217 11560 -449 1325 1315
12325 1716 11808 -92 698 602
12664 1138 12096 1088 -185 -159
12905 832 11880 2673 -516 -1308
12990 762 11611 3949 -301 -2628
12965 535 11706 5700 -427 -4710
13036 -118 11782 7597 -1320 -6532
12729 236 11704 9451 -2427 -8075
12720 452 11060 10742 -3132 -9231
12399 1149 11035 11621 -3716 -10378
11796 2062 10853 12433 -4916 -12133
11705 3020 10293 12698 -5760 -13437
11523 3876 10122 13130 -6898 -14389
11228 4916 9120 13746 -7088 -15864
10304 6317 8293 13595 -5898 -16978
10204 7332 7544 13629 -4975 -17486
9643 8089 7579 13638 -3930 -17878
9113 8368 7334 13640 -3021 -18544
8368 9010 6986 13402 -2468 -18954
7862 9556 6641 13396 -2210 -19335
7633 10288 6664 13271 -1815 -19167
7282 10958 6014 12466 -1483 -18889
6362 11930 6030 11248 -996 -18704
5732 12640 5948 10424 -767 -18649
5154 12659 5238 9429 -322 -18759
4117 13140 4598 9163 694 -18866
3720 13456 4070 9331 1741 -18736
2889 13944 3606 9259 3037 -18518
3046 14525 3468 8788 4279 -18158
3264 15306 3589 7637 5729 -16666
2984 15342 3346 7120 6827 -15267
2249 15745 3628 5658 7159 -14638
1863 15405 3342 4139 7197 -14340
1269 15097 3280 2348 7140 -14079
1656 15084 3617 1504 7133 -13494
2086 15844 3808 417 7118 -12604
2243 16238 3776 -590 7120 -11070
2594 16280 4502 -2368 7174 -10085
2489 16544 5218 -5372 6741 -9760
2885 15771 6736 -7309 5695 -9362
2449 14550 6950 -8959 5379 -8976
2770 13834 7792 -8499 5499 -8859
3825 14280 8442 -8169 6833 -8897
3899 15059 8235 -7451 9134 -7729
2928 16156 8380 -7454 11276 -7084
1092 17747 8813 -7806 13095 -5910
-1144 19229 9661 -9345 13420 -5366
-1756 19886 10586 -9537 11275 -5958
39 18932 11351 -11226 9026 -7371
713 19262 12066 -12899 5442 -8176
690 20061 11904 -13705 2612 -7915
179 21423 12243 -15561 1094 -6565
569 19896 13206 -19448 -193 -6359
1292 17334 15273 -21571 -4042 -7133
1785 14932 16496 -18335 -9053 -8066
536 16196 16788 -15754 -11156 -8628
-641 18091 14996 -12822 -11032 -8025
-1278 19506 13973 -12131 -6842 -6694
-970 19864 14752 -14881 -2714 -5620
248 18057 16422 -20869 76 -5236
400 15778 17436 -23536 -671 -5357
640 13529 18006 -21300 -4261 -6155
-442 13100 17514 -17629 -8382 -6746
-1213 13436 16750 -15108 -11229 -7261
-1720 13634 16330 -14732 -12276 -7168
-1635 13520 16841 -16104 -12816 -6572
-1090 14014 18233 -18014 -14894 -4256
17 13070 17771 -20519 -16733 -2426
1175 11448 17933 -20998 -13879 -1519
1250 10240 18265 -17369 -11488 -2275
242 10227 17773 -13422 -11492 -3249
104 10121 17329 -9903 -10604 -3527
489 10725 17390 -8884 -9456 -3165
1084 10720 17748 -8958 -8033 -2977
1580 10648 17704 -8836 -6981 -2934
1328 10027 17572 -7921 -5954 -3011
943 9668 16879 -6344 -5397 -3248
737 9445 16353 -5236 -5292 -3433
435 9462 15844 -4752 -5290 -3249
836 9332 15518 -4910 -5290 -2960
980 9181 15514 -5110 -5338 -2373
2413 8494 15211 -5271 -4959 -1650
1986 8465 14818 -4234 -4325 -2087
2225 8338 14547 -2914 -3246 -2651
1873 8659 14468 -1980 -1739 -3016
1606 9123 14659 -2632 -560 -2598
1407 9105 14612 -3367 -302 -1763
1864 8791 14685 -3804 -614 -994
2462 8105 15068 -3983 -923 -729
2592 7882 15034 -3663 -1053 -774
2756 7805 15002 -3097 -821 -1015
2689 7745 15075 -2499 82 -1074
2585 7806 15233 -2595 640 -737
2696 7497 15388 -2993 501 -462
3066 7220 15460 -2969 336 -448
3364 6930 15560 -2294 126 -849
3592 6756 15625 -742 2 -1797
3588 6690 15638 1013 274 -2599
3380 6981 15736 2429 670 -2928
2878 7653 15785 2780 996 -2797
2930 7730 16024 2375 1065 -2293
2954 7742 16156 1450 777 -1583
3078 7736 15984 342 223 -839
3342 7457 15962 -907 -272 -334
3628 6810 15817 -1575 -575 -188
3614 6664 15672 -1480 -344 -257
3661 6544 15553 -1147 180 -312
3782 6501 15626 -899 800 -337
3790 6480 15837 -714 1293 -302
3471 6462 16090 -883 1355 -178
3361 6295 16343 -1269 1085 82
3381 6176 16534 -1607 784 337
3441 6067 16572 -1714 616 364
3546 5862 16564 -1663 587 243
3518 5759 16593 -1367 640 57
3357 5649 16384 -905 760 -117
3282 5800 16335 -424 734 -221
3260 6062 16172 -348 643 -310
3214 6222 15880 -600 663 -304
3253 6272 15726 -804 733 -268
3184 6324 15598 -784 944 -325
3034 6151 15425 -850 987 -277
3121 5910 15542 -1076 1033 70
3330 5834 15684 -1318 1055 451
3462 5824 15863 -1600 957 365
3394 5506 15918 -1610 822 159
3314 5182 15973 -1256 774 -19
3472 5267 16110 -546 1027 -310
3532 5278 16186 84 1209 -670
3501 5482 16191 354 1284 -1184
3488 5740 16236 387 1165 -1628
3380 5959 16193 134 988 -1800
3206 6314 15937 -401 763 -1622
3213 6416 15876 -716 659 -1342
3193 6668 15797 -778 814 -1152
3190 6714 15614 -756 952 -1124
3098 6770 15634 -622 1030 -1119
3140 6988 15836 -743 1046 -1093
3198 7044 15956 -1074 967 -1020
3175 6825 16034 -1439 851 -876
3164 6706 16166 -1508 934 -741
3135 6573 16251 -1144 1181 -792
3033 6448 16454 -648 1398 -935
2693 6214 16450 -41 1394 -1000
2504 6160 16414 374 1192 -970
2485 6205 16438 624 959 -1031
2581 6274 16282 652 463 -1312
2610 6326 16117 483 -106 -1452
2537 6502 15862 353 -453 -1450
2684 6600 15721 135 -834 -1585
2676 6634 15584 38 -1206 -1898
2768 6660 15623 -158 -1734 -2272
2990 6343 15729 -133 -1780 -1897