8354 6072 10069 -2872 5196 18003
8266 5449 10025 -2123 4497 17759
8126 5337 10125 -1874 3707 17342
8142 5562 10114 -1776 3453 16926
7778 5561 10026 -2344 3286 16234
8577 5404 10141 -3414 3564 15605
8866 5318 10452 -4748 3620 15217
9288 4722 10882 -5798 3260 14797
9630 3928 10972 -6409 2681 14124
9740 3466 11222 -6420 1814 13325
10002 2958 11158 -6103 1244 11998
9709 3177 11056 -5887 837 10712
10072 3082 11128 -5892 561 9418
10028 2981 11229 -5729 206 8346
10464 2372 11505 -5311 -443 7535
10397 2476 11542 -4676 -1014 6716
10792 2432 11493 -3758 -1399 5897
10805 2886 11200 -3014 -1629 5086
10718 2937 10948 -2799 -1728 4047
10652 3301 10809 -2841 -1639 3131
10557 3449 11001 -2825 -1985 2775
11120 3192 11268 -2452 -2401 2540
11048 3436 11294 -1953 -2827 2439
11609 3522 11156 -1185 -3041 2379
11413 3937 10985 -245 -2662 2135
11210 4421 10661 279 -1973 1460
11025 4753 10365 193 -895 756
11226 4993 10373 41 -266 301
11312 5203 10527 25 -255 402
11601 5102 10448 32 -674 546
11706 4922 10513 140 -1393 640
11877 4658 10529 399 -1967 471
12029 4413 10404 1004 -2158 219
12056 4224 10265 1641 -1777 -161
12332 4062 10172 2115 -1034 -706
12422 3848 10104 2309 -230 -1499
12402 3768 10153 2206 110 -2331
12577 3374 10277 2128 -135 -3023
12454 3169 10465 2261 -713 -3450
12704 2705 10384 2570 -1377 -3877
12806 2320 10488 2952 -2134 -4488
13005 2109 10220 3642 -2329 -5395
12992 2206 10284 4430 -2434 -6232
13072 2484 10041 5282 -2028 -7395
12820 2868 9897 5835 -1470 -8782
12626 3428 9832 5913 -1067 -10339
12552 3894 10160 6021 -1503 -11881
12370 4264 9814 6464 -2189 -13242
11980 4356 9900 6903 -3126 -14417
12288 4416 9568 7529 -3417 -15223
11821 5109 9362 8048 -3532 -15324
11437 5881 9028 8458 -3235 -15288
10984 6708 8857 8687 -2726 -15439
10364 7092 8594 8938 -2508 -15777
9720 7724 8229 9240 -2130 -16452
8862 8412 8061 9404 -2210 -17283
8596 9213 7832 9680 -2355 -17787
8298 9724 7712 10094 -2628 -18029
8290 10169 7441 10729 -2823 -17783
7961 10409 7305 11520 -2909 -17576
7901 10465 6573 12429 -2299 -17316
6817 11356 6400 12459 -956 -17680
5942 11964 5566 12356 357 -18384
5412 12749 5186 13179 1786 -18953
4909 13206 4738 13385 2864 -19283
4894 13605 4244 13796 4094 -19200
4584 14284 4304 13646 5102 -18925
4317 14598 4020 12735 5824 -18401
3645 14977 3738 11821 6490 -17975
2861 15161 3532 10869 6855 -17346
2485 15046 3621 9865 7057 -16960
1978 15246 3142 8733 7183 -16611
1493 15888 3073 7835 7163 -16038
1610 16642 3045 6785 6997 -15387
1332 16876 2993 5588 6598 -14519
1170 16861 2982 3949 6402 -13883
833 16849 3488 2079 6025 -13430
650 16908 3782 480 5600 -12846
582 16847 4173 -1461 5024 -12254
934 17170 4673 -3840 4350 -11217
1336 17189 5117 -5949 3523 -9880
1674 17398 5618 -7352 3038 -9003
1414 17005 5716 -8573 2549 -8910
1045 16498 6176 -9122 2452 -9300
617 16780 6908 -9767 2545 -9341
1240 17277 8045 -10903 1772 -8491
2242 15997 9765 -11314 -690 -6908
3577 13226 10324 -10916 -2336 -6496
3286 14097 9713 -8858 -190 -5954
2125 16066 7569 -5818 5498 -6192
76 18448 6964 -1029 10837 -6768
-16 20096 8170 -557 13635 -7569
223 21175 10521 -3428 12839 -7218
-140 20397 12323 -9573 8588 -7441
1281 18649 14154 -13177 961 -7835
717 18701 13856 -14676 -8033 -7753
-294 19546 12959 -14768 -13835 -7427
-670 20262 12558 -14270 -13780 -6404
-591 20570 11682 -13397 -10595 -5266
-968 20974 11546 -13004 -6336 -3821
-110 20403 13510 -13245 -4082 -3491
90 18952 15500 -14572 -3514 -3902
340 17877 16437 -14282 -7168 -5232
-702 17871 15835 -11551 -11824 -5624
-1702 18301 14698 -9836 -13208 -4858
-1524 18723 14455 -8867 -11934 -3243
-808 18771 14982 -11894 -8669 -768
181 17977 15678 -16784 -5909 747
230 16161 16449 -20312 -5178 1048
186 15218 16712 -20633 -5905 1214
-986 14822 16590 -19973 -10608 1076
-1744 14864 15796 -20166 -13417 1015
-1356 14380 15728 -21099 -15061 1248
-172 13852 15822 -22541 -15830 2274
977 13121 16140 -23171 -15243 3037
1836 11930 16462 -22694 -13959 3479
1445 11372 16530 -20360 -11956 2569
1260 10492 16431 -15635 -10271 1175
1112 10620 16500 -11477 -8710 30
1626 10496 16524 -10587 -8187 -286
2211 10177 16142 -10138 -7560 -304
1246 10798 16364 -11581 -7845 502
3983 8862 15818 -12184 -7078 850
3513 8318 15198 -11679 -6953 786
3856 7542 15037 -10365 -6297 -151
3434 7188 14922 -8706 -5746 -1127
3056 7340 14820 -6255 -4859 -1699
3162 7665 14680 -4974 -3743 -1547
3400 7640 14682 -4890 -2921 -1398
3814 7385 14576 -5081 -2153 -1215
4054 7102 14573 -5319 -1654 -1363
4301 6748 14368 -5125 -1218 -1604
4234 6565 14214 -4512 -701 -1859
3984 6469 14367 -3764 -41 -2226
3820 6581 14470 -3360 326 -2103
3797 6681 14585 -3308 657 -1924
3892 6684 14734 -3259 879 -1863
3932 6629 14869 -3286 969 -2012
4060 6540 15006 -3150 972 -2282
4123 6499 15117 -2533 1110 -2756
3913 6689 15240 -1520 1182 -3234
3682 7106 15362 -1050 1305 -3100
3605 7257 15397 -1018 1391 -2659
3734 7293 15361 -1135 1419 -2216
3826 7362 15290 -1338 1284 -1934
4034 7003 15432 -1220 919 -1970
4082 6554 15284 -686 424 -2102
3969 6456 15186 193 272 -2225
4174 6532 15321 1266 501 -2297
4234 6701 15412 1532 833 -2228
4360 6742 15602 1383 1021 -2039
4254 6890 15640 860 1169 -1658
4364 6708 15866 129 932 -1036
4404 6686 16020 -177 623 -703
4408 6451 16024 -315 459 -453
4412 6173 16059 -148 525 -324
4558 5960 16140 195 520 -297
4505 5908 16084 370 420 -287
4496 5930 16128 199 286 -165
4658 5882 16118 8 213 -41
4782 6023 16125 -90 303 126
4878 6029 16045 -214 388 233
4757 6071 16053 -419 465 356
4745 5948 16065 -667 512 509
4825 5813 16081 -967 447 613
4898 5710 16202 -1144 274 610
4919 5620 16158 -849 23 408
4774 5731 15965 -184 -16 48
4786 5898 15793 284 166 -227
4884 6146 15780 252 354 -287
4980 6205 15599 -139 298 -154
4936 6178 15546 -498 143 -47
4911 6055 15398 -597 -68 -204
4924 6048 15429 -305 44 -571
4885 6116 15494 110 353 -756
4738 6356 15576 222 597 -871
4442 6420 15645 -34 523 -775
4352 6315 15738 -102 423 -635
4235 6308 15776 183 474 -736
4183 6445 15643 412 200 -890
4303 6459 15600 657 184 -875
4484 6435 15671 752 212 -802
4489 6440 15610 836 315 -762
4362 6566 15530 888 412 -813
4358 6691 15455 781 438 -815
4484 6828 15316 492 524 -632
4476 6905 15325 69 720 -487
4414 6922 15510 -505 799 -330
4369 6725 15638 -948 785 -175
4350 6574 15717 -1076 704 -34
4356 6468 15878 -967 553 -77
4248 6338 15916 -667 320 -334
4192 6332 15920 -224 219 -513
4174 6364 15814 189 265 -525
4168 6472 15703 523 274 -511
4402 6594 15656 522 246 -535
4418 6758 15637 394 369 -572
4341 6681 15541 213 306 -581
4293 6546 15507 53 270 -509
4322 6494 15520 75 362 -329