-24705 6816 7526 -1455 -3883 15991
-25513 7405 7264 -2835 -4770 17182
-25770 7405 7033 -3973 -5876 18283
-26070 7797 6666 -4902 -6978 19427
-26590 8120 6132 -5774 -7890 20667
-26678 8288 5793 -6451 -8424 21999
-26749 8550 5461 -6723 -8514 23518
-27157 9089 5316 -6985 -8729 25058
-27012 9353 5378 -7101 -9205 26609
-27260 10078 5017 -7361 -9774 27982
-27132 10040 4893 -7837 -10627 29419
-26277 9925 4806 -8148 -11456 31182
-25940 10373 4850 -8176 -12248 32693
-25617 10566 4992 -8288 -12902 32767
-25118 10770 5024 -8540 -13445 32767
-24145 10702 4738 -8855 -13602 32767
-22473 10408 4562 -8605 -13268 32767
-21638 11204 4626 -8278 -13367 32767
-20854 10812 4270 -8356 -13696 32767
-19646 11273 4273 -8619 -14130 32767
-19278 12073 3897 -9559 -15094 32767
-18129 11869 3876 -10727 -15485 32767
-16826 11342 4014 -11931 -15670 32767
-14526 9872 4244 -12252 -15506 32767
-12706 9465 4654 -11319 -15081 32767
-12714 10610 4970 -10542 -14705 32767
-13226 10774 4640 -10651 -14006 32767
-11929 10962 4852 -11726 -12990 32767
-11032 10401 5608 -13654 -12482 32767
-9724 9668 6412 -14834 -12429 32767
-8718 8696 6774 -15208 -13070 32767
-7068 7917 7000 -14473 -13926 32767
-6216 7525 6973 -13711 -14461 32767
-5102 7445 7190 -12993 -14328 32767
-4582 7184 7074 -12895 -14187 32767
-3738 6849 7001 -13349 -14037 32767
-2660 6125 6952 -14249 -14095 32767
-1670 5458 7098 -14712 -14410 32638
-440 4121 7340 -14190 -14935 31862
180 3309 7438 -13066 -14656 31172
1018 2244 7704 -11570 -14092 30058
1808 1732 7877 -9622 -12847 28828
2288 1818 7893 -8080 -11365 27123
3485 1084 8040 -6560 -9863 24940
3672 1110 8152 -5481 -8830 22665
4125 490 8153 -4862 -8125 20330
4365 104 8294 -4577 -7601 18688
4813 -572 8500 -4521 -7200 17691
5745 -482 9094 -4407 -6428 17299
6222 -96 9198 -4255 -5457 16408
7025 -478 9352 -3672 -4457 14878
7329 -913 9557 -2701 -3758 13394
7697 -1580 9726 -1120 -2893 12055
7781 -1520 9790 285 -2199 10846
8678 -1474 10022 764 -1790 9946
9152 -1320 10325 414 -1757 9073
9648 -1690 10917 557 -2058 8117
10146 -2170 11465 1574 -2217 7233
10286 -1754 11673 3003 -2106 6193
10405 -1044 11688 3819 -1470 4757
10666 72 11780 4002 -265 3253
10209 1396 12084 3192 389 2165
10309 1509 12608 2347 197 1608
10434 1290 13309 2228 -366 1593
10370 1242 14133 3498 -1357 1423
10786 786 14706 6231 -1956 476
11124 952 14898 9514 -1790 -763
10884 1550 14625 12106 -1290 -1782
11076 2056 14333 13341 -323 -2685
10958 2606 14332 13230 129 -3160
10805 2390 14610 12450 -437 -3699
11400 1140 15072 12199 -1842 -4225
11800 597 15252 12940 -3512 -4929
11477 1066 15265 14091 -6040 -5544
11700 729 14696 14937 -7444 -6487
12161 825 14286 15847 -7902 -7697
11672 881 12822 16743 -6675 -9006
11592 1157 11946 18616 -5026 -9832
10958 1488 11117 18714 -2776 -11379
10757 1866 10206 18776 -1788 -12812
10192 1793 9766 18790 -1113 -14178
9760 1700 9128 19680 -1555 -14688
9065 1950 8514 20734 -2438 -15092
8308 2629 7777 21713 -3382 -15918
7985 2384 6433 23484 -3686 -16941
6937 3292 5224 25302 -3248 -18013
6293 4282 3830 26026 -2359 -19178
5805 5301 2409 25729 -396 -19938
4601 6470 2413 25106 334 -20306
4878 6148 2518 25336 -187 -20076
4665 6336 2113 26112 -595 -19923
4737 6454 1489 26841 -828 -19730
3962 7304 -164 26940 1029 -20003
2897 9076 -1872 26736 4525 -20235
1276 9924 -3650 25549 8358 -20564
341 10892 -4453 24007 12351 -20782
-549 11218 -4833 22867 14900 -21113
-1046 11765 -4781 22173 15855 -21346
-900 12198 -4734 20704 15953 -21789
-1124 12814 -5181 19033 15814 -22110
-1212 13493 -5944 16822 15400 -21680
-3165 15256 -5560 13410 15817 -21089
-4824 16101 -5698 9257 14169 -21029
-6477 16461 -6134 5199 13273 -21980
-6378 15934 -5136 912 10256 -21735
-6382 16444 -2844 -3514 7874 -22522
-5425 17292 -1448 -5851 3065 -20888
-5796 18073 -824 -7366 -1508 -17665
-5912 19201 -541 -9502 -3402 -16679
-6910 20670 -1020 -13471 -2100 -17107
-8057 22112 -38 -18290 299 -17521
-8602 23293 2761 -22625 1948 -16510
-9802 23717 5302 -25903 1518 -15302
-7758 24534 9469 -29726 -2633 -12895
-6805 25562 10664 -32750 -8561 -9273
-6273 25762 12548 -32768 -12098 -8360
-6232 23376 14284 -32768 -16120 -7984
-4589 19237 17429 -32768 -21784 -7302
-368 12084 22233 -32768 -25899 -7011
617 9681 27274 -32768 -30183 -5542
284 14154 30368 -32768 -32768 -3330
-52 17814 28921 -32768 -29158 -270
840 21237 25633 -32431 -21881 3363
417 18357 23596 -27727 -15819 4846
4813 15880 28858 -31336 -10955 7144
5533 10905 30302 -32768 -14383 5718
7996 6894 28138 -32768 -15302 2183
6609 7017 26856 -31073 -18780 -906
5114 6966 25365 -28157 -22862 -3740
4421 8240 24478 -29188 -25317 -4282
3910 8300 24434 -31371 -26377 -2050
4908 6826 24462 -32608 -25232 252
6264 6637 23852 -30879 -22177 1505
4816 6669 23061 -29851 -19351 1117
6348 6280 22949 -27298 -14304 -1170
3709 7222 22412 -23680 -12251 -5598
2114 7628 22452 -19451 -9890 -9046
680 9017 22686 -16428 -8894 -10065
-152 9905 22328 -14655 -8114 -9305
665 9921 22185 -12887 -7557 -7565
442 10110 21350 -11728 -7359 -5652
1104 10096 20405 -10732 -7046 -4977
808 9965 19169 -9954 -6213 -4798
680 10702 18318 -9396 -5889 -5127
473 10925 17744 -8908 -4908 -4735
218 10694 16946 -8221 -4422 -3929
664 10337 16565 -7712 -3147 -2572
825 9169 15973 -6599 -2292 -1500
912 8050 15074 -5424 -2743 -580
1514 7229 14210 -4122 -3188 -366
2434 6510 13908 -2777 -3654 -124
3688 6318 13969 -2108 -3933 318
4065 6042 14154 -2358 -3839 703
4161 5185 14132 -3138 -3611 1087
4457 4112 13941 -3759 -3441 1937
4609 3141 13842 -3993 -2820 2211
5165 2098 13645 -3842 -2636 2292
5669 1588 13745 -3577 -2305 1920
5760 1392 13609 -2934 -2616 1403
6082 960 13532 -2545 -2670 898
6469 429 13466 -2133 -2213 908
6190 370 13801 -1406 -2294 1325
6173 189 13888 -1539 -1802 1553
6089 86 13586 -1427 -1757 1562
5980 280 13290 -1004 -1761 1369
6093 524 13226 -541 -1834 1076
6597 409 13450 -269 -1813 954
6777 412 13486 -599 -1673 1083
6534 370 13420 -960 -1636 1478
6264 213 13574 -1011 -1825 1757
6584 -326 13746 -716 -2072 1937
6592 -424 13601 -312 -2584 1985
7054 -534 13526 90 -2884 1782
7448 -790 13504 237 -2766 1781
7337 -538 13457 402 -2611 1635
7530 -500 13266 517 -2267 1534
7794 -541 13289 604 -1867 1438
7945 -654 13398 591 -1364 1277
8160 -672 13253 684 -1028 1200
8322 -797 13100 608 -743 1000
8244 -764 12878 186 -424 915
8034 -785 12791 175 -466 1039
8389 -1018 13114 508 -734 1304
8682 -982 13621 641 -889 1522
8990 -1052 13997 692 -929 1494
8981 -1106 14012 818 -856 1091
9009 -1013 13836 915 -540 430
9008 -954 13698 1208 -184 -203
9209 -904 13754 1389 302 -653
8816 -781 13666 1418 732 -1047
8742 -1032 13892 1498 411 -1263
8361 -1066 14000 1431 95 -1319
8076 -1132 13830 1616 -293 -1130
8341 -998 13482 2259 -671 -1127
8570 -352 13136 2837 -852 -1376
8753 242 12884 3040 -569 -1589
8860 586 12754 3120 -167 -1831
8965 773 12997 3062 409 -1754
8597 1110 13160 2374 1141 -1697
8242 1302 13302 1292 1564 -1577