7517 8284 12562 -7509 -5678 -5515
7637 8364 12380 -7777 -5298 -6080
7470 8653 12416 -8339 -4863 -6589
7338 8577 12732 -9037 -4842 -6903
7552 8226 12882 -9446 -5157 -7044
7641 8314 13102 -9514 -5701 -6911
8090 8162 13197 -9415 -6150 -6838
8410 8208 13185 -9218 -6203 -7011
8514 8600 13120 -9244 -5916 -7501
8745 8961 13033 -9428 -5263 -8394
9040 9440 12962 -9673 -4800 -9253
9233 9618 12986 -9961 -4818 -9687
9360 9662 13036 -10230 -5330 -9886
9568 9653 13156 -10420 -6070 -9726
9769 9624 13086 -10537 -6814 -9421
10120 9445 12881 -10669 -7228 -9254
10576 9314 12625 -10764 -7226 -9187
10712 9492 12276 -10933 -6989 -9107
11109 9430 11921 -11202 -6423 -9190
11269 9353 11817 -11630 -6102 -9301
11382 9405 11586 -12190 -5906 -9452
11362 9294 11344 -12628 -6024 -9427
11534 9029 11213 -12757 -6262 -9176
11533 8777 10950 -12509 -6350 -8832
11677 8590 10698 -12105 -6157 -8601
11457 8717 10394 -11767 -5596 -8435
11376 8862 10008 -11742 -4786 -8331
11246 9070 9881 -11872 -4007 -8142
11301 8857 9629 -11872 -3574 -7858
11396 8626 9581 -11586 -3501 -7305
11593 8441 9378 -11028 -3652 -6584
11893 8296 9213 -10335 -3738 -5820
12185 7988 9112 -9516 -3826 -5156
12432 7617 8884 -8533 -3471 -4728
12640 7550 8636 -7597 -2633 -4384
12721 7674 8413 -6775 -1694 -4104
13030 7622 8341 -6230 -825 -3877
13298 7545 8234 -5784 -275 -3527
13458 7249 8288 -5226 -193 -2952
13418 6817 8436 -4643 -323 -2271
13645 6376 8518 -4129 -520 -1521
13792 6189 8718 -3505 -535 -773
14070 5969 8918 -2990 -344 -189
14254 5625 9166 -2580 -226 165
14430 5513 9502 -2336 47 200
14517 5242 9836 -2375 117 13
14665 5133 10080 -2495 71 -165
14745 4876 10546 -2556 -181 -269
14685 4620 11117 -2536 -677 -449
14593 4206 11604 -2238 -1422 -499
14686 3798 12149 -1634 -2341 -567
15146 2837 12385 -306 -2922 -523
15170 2668 12508 1477 -2784 -706
15414 2664 12442 3453 -2486 -1221
15466 2590 12225 5289 -1769 -2355
15077 2557 12141 6737 -1357 -3616
14841 2822 12029 7697 -1151 -4984
14260 3124 12206 7862 -995 -5813
14341 3118 12072 8367 -1524 -6061
13854 3541 11753 8981 -2059 -6377
13621 3737 11141 9709 -2824 -6739
13156 3993 10554 10180 -3067 -7800
12762 4177 10009 10818 -3342 -8909
12456 4364 9321 11628 -3357 -10010
11864 4590 8538 12302 -3006 -10868
11341 5462 7753 13089 -2658 -11574
10706 5861 7080 13730 -2048 -12130
10197 6097 6465 14161 -1673 -12594
9470 6345 5664 14351 -613 -13188
9202 6837 5262 14755 -175 -13286
8805 7092 4592 15114 980 -13440
8110 7541 4284 15189 1512 -13659
7933 7984 3885 15325 1954 -13468
7085 8452 3634 15486 2163 -13705
6203 8885 3021 16148 2316 -13902
4997 9718 2553 16555 2124 -14295
4125 10393 1810 17065 2578 -14668
3549 11138 1801 16980 2695 -14550
3273 11473 1261 16382 3446 -14477
3184 11758 984 16247 4120 -14024
2634 12446 573 16072 4723 -13335
1550 12441 -325 16385 5082 -13319
901 12425 -913 16635 5852 -14007
269 12872 -1574 16379 6492 -14518
-4 13144 -1608 15654 7125 -15230
745 13849 -1732 14818 7551 -15054
1214 14988 -1644 13482 7727 -13943
1465 15498 -1848 12035 7664 -13330
345 15869 -2300 10528 7714 -13524
-713 15976 -2718 8863 8075 -14906
-744 16488 -2533 7274 8593 -15619
-836 16917 -2101 5271 9044 -15646
-598 17605 -1440 3559 9025 -14878
-77 17926 -672 1632 8517 -13827
389 18699 -341 -61 8023 -12698
-296 19272 16 -1179 7988 -12624
-885 19004 130 -1919 8741 -13749
-1450 19161 465 -1702 9872 -14419
-2218 19733 938 -1083 11223 -14969
-2673 20653 1816 -731 12438 -14663
-2985 21309 2990 -1499 13709 -14084
-2533 23432 4693 -4246 13547 -12782
-1864 24345 5462 -7972 13481 -10331
-2700 24386 5800 -11414 13542 -8008
-3294 23752 6681 -14782 11803 -6415
-2560 22660 8216 -19950 10950 -7378
-2493 22633 9405 -24806 8316 -6286
-1854 21920 10818 -28820 5482 -3665
-1126 21553 11816 -32368 3841 -785
-916 20772 12542 -32768 2580 1781
549 18872 14994 -32768 -3692 4135
3289 14637 15989 -32768 -6791 4431
4086 12700 17757 -32726 -10405 3960
4472 12758 19186 -28928 -11205 2351
4093 13901 19418 -23509 -10369 1121
4260 15434 19032 -19030 -7528 -664
3836 16233 19449 -15873 -2542 -959
4132 16874 21228 -16310 -737 -140
4465 16549 22697 -18414 -1440 1664
4750 15276 22122 -21736 -5312 3685
5310 13900 22208 -24270 -7705 5202
4230 12492 21637 -26269 -10415 5920
5636 11396 21535 -26911 -14867 4297
5525 10906 21833 -26908 -18516 2404
6321 10825 21990 -26636 -20564 632
6781 10728 22265 -25859 -20078 87
6073 10650 21736 -24083 -18033 -149
5797 9580 21768 -23372 -16254 -369
7428 10537 21750 -23085 -17274 -2177
5724 9162 21648 -22581 -17419 -4108
5364 8864 20934 -22416 -17372 -5823
4880 8796 20504 -22611 -16617 -6932
3597 8405 19841 -22721 -15374 -6780
2652 8108 19886 -23883 -15741 -6235
3050 7635 19000 -23942 -16023 -4924
1474 6594 18434 -22842 -14832 -5023
3934 7257 17478 -18148 -13002 -1922
685 6984 16624 -16639 -11139 -5263
-602 7236 16628 -13895 -8854 -8653
-1370 8504 16493 -10873 -6297 -9816
-2265 8977 16036 -8179 -4691 -9162
-1527 10811 15389 -6996 -3996 -8798
-1610 11141 14493 -5531 -2382 -8818
-1420 11344 13989 -4130 -1435 -8939
-1408 11829 13858 -3114 -366 -9024
-1094 11838 13120 -1685 684 -8119
-620 11777 12770 -579 1938 -6671
84 11573 12889 -536 3195 -4715
726 11081 13208 -1477 4236 -2830
1478 11238 14244 -4980 6357 -2463
2277 7877 12090 -4273 6660 -1556
3246 7789 13317 -3675 5577 176
4024 6896 13436 -3415 4848 578
4773 6374 14238 -3859 4587 648
5000 5449 14020 -3416 4226 1002
5502 4652 14245 -2403 2910 1010
6084 4428 14104 -2637 2910 973
5853 3782 14925 -470 -483 14
7693 3053 17369 -334 -623 -489
7129 2666 15482 2451 -1992 152
5209 2860 13105 4923 -5439 -392
7622 2594 16306 -483 3020 -213
6753 2617 15604 149 2018 -162
6750 3146 15752 690 2477 -649
7108 2960 15998 556 2333 -1041
7057 3038 15978 484 1327 -1079
6608 3042 15920 1537 -2415 -1251
6842 3274 15741 -406 1594 -1346
6609 2676 15125 2059 -4690 -1441
7237 3656 16585 -581 777 -1242
6462 3322 15780 -445 208 -699
6376 3709 16141 -538 1214 -861
6608 3452 16269 -426 1081 -807
6808 3334 16324 -573 1123 -920
6890 3312 16334 -559 861 -813
6990 3614 16268 -667 455 -920
6944 3689 16209 -707 144 -818
6904 3732 16193 -737 5 -596
6816 4005 16108 -777 8 -389
6845 4112 16052 -515 46 -399
6951 4145 16008 -459 1 -328
6770 4328 15938 -568 -31 -230
6718 4261 15874 -686 -171 -115
6610 4181 15596 -580 -340 -44
6604 4238 15480 -377 -424 4
6626 4494 15248 -243 -442 -58
6589 4313 15005 -166 -413 -187
6576 4304 15064 -214 -410 -197
6637 4344 14937 -167 -304 -260
6585 4475 14858 58 -107 -429
6433 4545 14882 343 -49 -660
6405 4522 14957 404 -227 -829
6525 4681 15141 477 -489 -898
6665 4713 15240 577 -625 -912
6932 4525 15349 705 -661 -887
6978 4633 15425 993 -548 -807
7070 4796 15508 1271 -442 -1084
7088 4786 15638 1573 -496 -1500
7102 4868 15684 1813 -697 -1769
7000 5090 15738 2048 -791 -1846