-120 20869 10792 7593 4893 12598
508 19250 10873 6200 2209 13950
1001 18953 10410 5992 -116 14721
1572 19162 9617 5880 -763 15624
1420 19841 8540 6492 -1314 16785
1794 20734 8133 5570 -39 17619
2068 22072 7954 3541 418 18644
2416 22212 8121 511 1155 19399
2690 21112 8740 -2308 1427 19860
3284 19806 9914 -4019 8 20292
3224 18817 10348 -3941 -1807 20919
3688 18501 9960 -3835 -2172 21572
3246 19006 9762 -3901 -1827 22309
3482 18484 9320 -3517 -646 22751
3869 17974 9452 -3512 1144 22567
3693 17216 9774 -3250 2258 22394
4217 16010 10656 -2842 2438 21750
4428 15176 10586 -1618 2290 21586
4632 14165 10401 -23 1922 21560
5542 13116 10168 1297 2187 21673
5597 13084 9902 1885 2874 22089
5429 12894 9556 1978 3886 22384
4988 12690 9365 1697 4803 22578
5445 11542 9344 1303 5017 22371
6292 10738 9324 1212 4484 21896
6516 9810 8953 1375 3428 21434
7092 8489 8978 1812 2305 20814
7353 7957 9156 2241 1113 20392
7121 7452 8796 2535 441 19996
7629 6809 8654 2731 38 19372
8050 6954 8378 2887 169 18673
8830 6261 8144 3191 515 17710
9136 5556 8121 3347 984 16431
9437 5078 7932 3041 2049 14908
9526 4848 8232 2391 2342 13481
9904 4956 8172 1823 2659 12638
10082 5265 8166 1163 2675 12004
10650 5130 7958 800 2671 11367
10389 5356 7948 767 2695 10542
10205 5076 7700 749 2723 9360
10108 5338 7870 456 3291 8108
9878 5838 7841 -117 3513 7235
10437 6036 8002 -662 3855 6868
10302 6848 8317 -1425 3776 6905
10328 7052 8469 -2063 3724 6764
10406 7298 9124 -2775 3405 6389
10221 7121 9281 -3099 3135 5734
10634 7153 9492 -2864 3007 5147
10806 7365 9673 -2125 3182 4595
10753 7626 9741 -1242 3582 4167
10960 7780 10024 -781 4382 3487
10933 8409 10348 -618 4775 3105
10754 8228 10864 -714 4828 2645
11068 8070 11285 -835 4386 2420
11266 7693 11786 -771 3489 2520
11621 7322 12061 -299 2567 2653
12126 7057 12076 382 1798 2526
12530 6882 12001 1073 1178 1984
12397 6453 12001 1396 897 822
12512 6196 12210 1538 315 -277
12842 5412 12626 2109 -529 -1153
13006 5104 12828 3278 -1426 -1706
13430 4676 12845 4582 -2166 -2248
13541 4578 12536 5587 -2447 -3135
13834 4336 12221 6236 -2524 -4131
13342 4045 12046 6420 -2333 -5592
13580 4000 11980 6310 -2791 -6879
13157 3801 11854 6794 -3285 -7904
13402 3298 11853 7182 -4483 -9059
13086 3069 11614 8205 -5547 -10144
12989 3188 11081 8591 -6334 -11658
12277 3744 10360 8994 -6380 -13241
11712 4846 9473 9676 -6395 -14406
11078 5037 8873 9812 -5738 -15637
10065 5902 8362 10559 -5291 -16590
10192 6046 8229 11288 -5193 -17536
8942 6610 7350 11945 -5147 -18412
8456 7229 6694 12531 -4930 -19698
8396 7761 6034 12619 -4815 -20464
7665 8273 5169 12945 -4005 -20991
7240 8828 4913 12619 -3208 -21418
6386 9494 4177 12827 -1905 -21441
4661 10352 4130 13451 -1166 -21454
3633 10661 3297 14011 -538 -22002
2305 11100 2502 14906 233 -22622
1293 11418 1916 15331 1030 -23616
300 11937 1314 15800 1852 -24447
650 12436 886 15129 2752 -24015
-66 12864 -76 15585 3872 -22929
-810 13750 -264 15205 4503 -21649
-1396 14660 -1285 14713 5020 -20113
-2564 14818 -2005 13946 5332 -19245
-3465 15038 -2716 13571 5427 -19034
-3994 14766 -2674 11968 4949 -19011
-4420 14280 -3393 11172 4529 -18417
-4253 14322 -3289 9235 3858 -17513
-3270 14841 -3825 6915 3298 -16618
-1782 16556 -3684 4462 3314 -14090
-1513 17282 -3565 1543 2895 -11598
-1864 17221 -3377 -1753 2475 -11311
-2153 17244 -3052 -5076 1953 -12358
-2841 17050 -2173 -7519 1639 -13083
-3190 17105 -1273 -9818 1060 -13243
-3393 16584 -936 -10113 883 -11987
-3369 18024 594 -10818 1036 -10723
-2341 20377 2104 -12858 603 -8806
-1748 21380 3184 -15428 205 -7032
-1196 21246 4176 -19698 225 -6256
-162 20261 6052 -24159 -234 -5610
525 19384 7789 -28072 -682 -5365
-521 18590 9264 -30438 -2020 -4266
-1048 18229 10826 -32570 -3049 -3304
-998 18498 12532 -32768 -3519 -1399
-320 19105 13977 -32768 -4558 517
-136 19313 15456 -32768 -4630 1369
874 19205 16129 -32768 -5702 3760
1404 16822 18670 -32768 -8586 6598
2112 14297 19746 -32768 -9526 10157
2321 11634 22113 -32768 -10768 12347
3594 10644 23509 -32768 -11877 13775
3741 10877 24489 -32066 -13203 11102
4442 13464 25685 -30885 -13221 4990
4513 15901 25838 -29375 -12047 -3687
6757 18012 26306 -29173 -13994 -12435
5028 18076 26710 -24954 -15460 -12316
5666 19892 25458 -23436 -10382 -8161
5254 20368 26158 -15438 -6902 -1381
6000 19538 25662 -15944 -6272 3352
5802 17320 24824 -16920 -6045 6927
6649 14068 23036 -19329 -8173 7641
6232 10981 21961 -22479 -10830 5729
7758 8672 20873 -26290 -12991 5317
6704 7278 18360 -28726 -13989 4241
8636 5496 17929 -28752 -12734 5548
7325 4116 17510 -29630 -11342 6318
7373 2917 18114 -31055 -11216 7121
5525 1409 17164 -30876 -10977 6759
6510 982 17220 -30745 -10438 4932
5768 617 17264 -30100 -8972 2328
5124 302 17458 -27946 -7847 -548
5102 394 18034 -26171 -6754 -3136
3932 626 18364 -24112 -5965 -5923
3917 737 18781 -21445 -4752 -7826
3200 1201 18248 -18582 -3215 -8914
2197 1277 18033 -15133 -1740 -9702
2329 1497 18153 -12346 -775 -9892
1810 1750 18210 -9915 757 -10724
1636 2382 18425 -7670 1474 -12340
1301 2822 17974 -5470 2986 -14298
773 3441 17661 -4380 3221 -16911
340 4236 17313 -2522 3930 -17531
-589 4541 16600 -438 4606 -17082
70 5509 15888 792 4488 -16774
-1 5753 15025 2440 4045 -15598
-25 5997 14917 3100 4035 -14565
104 5840 14216 2965 4138 -13053
888 5766 14240 2628 4141 -11472
953 5462 13865 1855 3543 -9782
1818 5048 14192 912 3423 -7569
1665 4594 13629 369 2271 -5637
2669 4101 14268 3 1612 -4511
2812 3489 14240 -204 1303 -3340
3361 3172 14485 -419 974 -2881
3744 2732 14341 -486 1130 -2574
4392 2501 14605 -533 1607 -2365
4370 2597 14616 -182 539 -2471
5356 2006 15286 618 131 -2454
5122 2050 14858 14 1230 -1720
4618 2044 14878 -23 835 -1365
4704 2032 14541 506 -83 -1203
5218 2086 14698 339 -336 -1123
5673 2090 14896 -185 -172 -821
5738 2210 14902 -1124 361 -527
5692 2089 14902 -1641 728 -304
5693 1906 15017 -1698 865 -98
4740 2070 13844 -343 -1554 -309
5952 2056 15757 902 -4310 -1184
5960 1644 14920 785 -3790 -630
6641 1945 15253 -906 -633 181
6068 1745 15236 -827 -628 252
6121 2014 15214 -863 723 76
6110 1340 15412 -580 818 626
5708 1600 15246 -313 750 495
5890 1436 15438 306 680 -31
5821 1418 15560 322 978 -776
5861 1626 15597 262 921 -1209
5748 1876 15426 403 186 -1378
5856 2204 15394 467 -396 -1219
6142 2204 15378 346 -412 -946
6374 2345 15434 -86 99 -792
6337 2272 15453 -228 831 -739
6273 2353 15637 -224 1327 -986
6200 2348 15640 477 1214 -1197
6132 2552 15800 900 643 -1635
6238 2570 15672 1283 -49 -1779
6324 2700 15725 1618 -657 -1581
6138 2817 15670 1635 -492 -1609
6097 2757 15709 2006 -351 -1612
6092 2890 15756 2295 -289 -1645
5748 2969 15649 2864 -574 -2071