3446 6822 21697 6404 232 -702
3209 7290 21830 9182 -125 -1706
2902 7456 21574 12097 -583 -2245
2221 7954 21077 15186 -327 -3037
2494 8584 20661 17834 -48 -3926
2726 9020 20424 20261 1104 -4328
2834 9396 19924 22311 2161 -4636
1802 10009 18497 23337 2546 -5090
224 10318 17256 22949 2489 -5045
892 11672 17114 22633 2624 -3691
1542 13256 17968 20807 2979 -1482
2124 13562 18461 18924 3733 -166
3173 14122 18938 17340 5145 660
2638 14054 18404 16855 7222 432
2589 13068 17268 18122 10073 -1789
3110 13645 16374 20784 9716 -1983
1648 13998 14069 21761 13365 -1942
-762 14508 12566 20485 18106 -2163
-2454 14600 12504 19384 21808 -1078
-3056 15960 13820 17263 22839 1798
-3816 15946 14332 15711 22272 5893
-3200 16212 15078 13887 19260 10634
-1966 16929 15381 11919 14205 14863
-286 16245 15338 11047 8757 17561
460 16926 15178 10804 4219 20010
494 17369 14680 9382 617 21250
216 18132 13838 7126 -1045 21924
-162 17318 12646 4647 -1527 21876
310 16478 11644 3369 479 22264
472 15778 12054 3450 2042 22326
1264 14813 12370 4722 1715 23502
2649 13427 12519 6617 1193 24251
3222 13204 11898 8406 222 25140
3667 12805 11038 8922 584 25225
4056 12685 10045 7868 1951 24901
4437 12272 10100 6852 2750 24254
4628 11432 10174 6191 2736 23358
5297 10498 10556 6130 1616 22680
5621 9494 10222 6443 302 22709
6449 8693 9950 6640 -479 22940
6629 9385 9412 5919 -260 23332
6396 9202 9241 5252 259 23214
6464 9129 9430 4668 -20 22786
7312 7164 9537 3988 -459 21570
7566 6814 9793 4179 -1413 20567
8145 5662 9640 3964 -1322 19280
9094 5317 9558 4193 -1137 18781
9200 5101 9134 4151 -392 18538
9596 4341 9077 4206 856 18318
9601 4341 9318 3783 1939 17664
9981 3514 9481 3314 2862 16854
9744 3885 9445 2647 3428 15448
10258 3446 9334 2093 3350 13897
10265 3722 9366 1659 3088 12272
10658 3270 9466 1069 1964 10638
10758 3170 9627 620 781 9226
10863 3440 9507 -51 -181 8289
11136 3633 9292 -324 -554 7827
11194 4138 9025 -292 -447 7346
11269 4712 8810 -399 -178 6539
11386 5368 8796 -598 345 5355
10960 5668 8734 -854 602 4166
11368 5858 8749 -757 848 3295
11557 6181 8928 -237 945 2798
11662 7034 8841 321 1026 2535
11836 7324 8842 509 1015 2258
11724 7641 9098 258 957 1757
11878 7762 9133 -207 997 1432
11828 7856 9382 -737 1049 1312
11992 8037 9614 -1241 1130 1322
12377 7828 10005 -1594 834 1308
12549 7686 10286 -1492 552 1251
12418 7670 10377 -1238 462 938
12533 7486 10454 -934 673 601
12318 7372 10632 -744 1148 12
12250 7286 11024 -910 1157 -506
12386 6790 11464 -1274 990 -893
12906 6128 11980 -1366 149 -1003
13128 5264 12178 -1096 -666 -1073
13455 4285 12304 -237 -1763 -1502
13612 3349 12260 894 -2671 -2755
13834 2602 12498 1258 -2949 -4182
14120 2300 12705 1539 -3096 -5591
14594 1608 12708 2179 -3422 -6984
14214 1664 12641 3288 -3867 -8330
14270 1320 12597 4549 -4834 -10101
13720 1350 12400 5899 -5586 -12150
13023 1821 11588 7213 -6277 -14560
12201 2630 10761 7787 -6114 -16795
11389 4056 9683 9302 -5859 -18051
10644 4512 9304 10406 -6253 -19374
10524 5008 8368 11545 -6553 -20037
9226 5571 7712 12648 -6530 -21493
8590 6121 6449 13750 -6425 -22978
6872 7079 5682 14417 -5385 -24375
5068 8528 4168 15399 -3373 -24869
3222 9534 3390 16040 -2122 -25521
1833 10556 2360 17526 -1049 -25728
632 11109 1117 18052 -49 -26225
-52 11899 -401 18432 1654 -26023
-733 13229 -1170 17883 3585 -24895
-802 13714 -1404 17309 4701 -23641
-2032 14223 -1889 16756 6150 -21434
-3562 14860 -2622 15162 6725 -19836
-4112 14757 -2872 13755 7004 -19402
-2686 15984 -2568 10921 6315 -18619
-2240 16301 -2424 8359 5230 -16464
-2092 16204 -1966 5732 3404 -15386
-2082 16158 -1552 2672 1753 -14203
-2462 16249 -1093 -378 -442 -13468
-2542 16462 -941 -2869 -1872 -13333
-2242 17178 -374 -5019 -2705 -13107
-738 18782 320 -7623 -2478 -11762
-94 19693 2244 -10572 -2269 -9889
74 20308 3617 -13731 -2428 -9959
-589 20805 4092 -16688 -2776 -9813
-1314 20452 4497 -19655 -2810 -9669
-1688 21562 6004 -22881 -3731 -8521
-20 20262 8492 -26192 -5209 -7554
2685 18764 12072 -28890 -8716 -6410
3650 18226 12928 -27991 -12731 -4935
3332 19095 13888 -26515 -14751 -4752
1022 20402 11401 -26901 -10021 -6100
-1064 20744 9754 -25840 -2042 -7090
-149 21478 13047 -29624 5849 -5628
1304 19716 16646 -32768 6560 -3510
2556 15644 19052 -32768 -1946 -1332
4377 13980 18145 -31493 -10983 -529
2766 15112 18233 -29662 -12124 -842
1025 16201 17773 -30220 -12877 -1500
312 15800 17791 -32472 -14775 -372
3723 13615 20040 -32768 -14718 99
6023 12693 22551 -28379 -11504 -613
5340 14077 23196 -22469 -8378 -2174
3030 15924 22774 -20069 -6516 -3552
848 16525 22434 -20459 -6664 -3042
1569 15794 23518 -23236 -8967 -1243
3229 14384 23653 -24969 -9682 1318
5080 11981 22946 -25618 -9926 2638
5969 9910 21734 -25455 -10327 3873
4676 8544 20104 -25933 -11288 3325
3524 7230 18453 -26275 -12374 1901
4693 5730 18474 -26503 -12531 571
3559 5483 18436 -24627 -11862 -781
4074 5470 18601 -21851 -10720 -2591
3860 5234 18548 -19988 -9899 -4309
2621 5166 18468 -16637 -7890 -5451
2098 5465 18132 -12645 -5683 -7184
1997 5577 17926 -9432 -4609 -8038
1637 6120 17430 -6894 -3402 -8887
1458 6452 17066 -4690 -3255 -9293
1592 6913 16657 -3029 -2847 -9342
1750 6921 16316 -1547 -2916 -9181
1806 7030 15850 -188 -2985 -8672
1664 7084 15580 512 -2611 -8465
1820 7202 14635 1018 -2112 -7663
2276 7144 14365 1204 -1013 -6582
2212 7128 14156 1268 -444 -5687
2494 6812 14200 1429 -74 -5160
2826 6661 14413 1570 -156 -4274
2753 6477 14408 1374 -279 -3538
2789 6040 14596 1032 -769 -2856
3233 5786 14778 718 -1302 -2162
3750 5669 14981 -5 -1329 -1510
4136 5484 14884 -588 -1358 -814
4482 5108 14869 -948 -1288 -252
4681 4840 14742 -969 -1199 149
4964 4556 14876 -828 -799 348
5203 4274 14901 -697 -323 464
5436 3936 15024 -517 -215 527
5832 3928 15329 -515 -154 585
6170 3508 15690 -624 -99 752
5993 3236 15621 -430 -135 575
6076 3052 15676 -164 -219 384
6372 3039 15654 270 -374 55
6522 3164 15622 557 -421 -237
6797 3312 15746 594 -307 -243
6744 3498 15714 535 -157 -206
6718 3492 15817 381 12 -57
6523 3529 15756 -143 -140 419
6485 3402 15656 -427 -576 662
6318 3490 15506 -452 -925 635
6477 3599 15398 -417 -1084 599
6458 3854 15344 -496 -957 687
6372 3868 15248 -571 -648 901
6364 3731 15101 -589 -440 1010
6452 3708 15109 -663 -378 909
6477 3654 15041 -888 -353 813
6414 3555 14983 -1022 -351 697
6216 3210 14989 -671 -255 872
6065 3198 14944 5 739 479
6214 3322 15133 398 1006 7
5976 3669 15082 94 584 -287
5932 3880 14940 -805 -278 -332
6126 3897 14945 -1394 -716 27
6270 3960 14977 -1735 -847 432
5929 4014 14876 -1716 -747 494
5828 3980 14856 -1663 -871 422
5704 4180 14778 -1180 -1026 23
5966 4242 14672 -599 -974 -181