1105 12484 7601 29639 23229 -9715
-140 13878 7036 26374 26785 -8574
-416 14725 7096 22771 28502 -5994
-724 14829 8200 18741 28923 -3657
-1433 15366 9001 14963 26714 -762
-2182 16046 10280 11286 22581 1510
-1021 15928 11388 9173 15647 4234
-744 16689 11548 8177 9492 8202
188 17681 10938 7031 7048 11945
-417 19017 11045 6059 5662 14485
-406 20602 11041 4590 5328 16275
-109 20934 11150 2135 5750 16206
-573 20604 10573 1796 7042 14791
102 21121 10625 2329 8310 13898
261 21293 10509 3036 9841 13473
790 21360 10928 2984 10846 13371
1241 21213 11213 2711 10667 14141
1284 21072 11333 1352 10060 14879
1482 21189 11256 143 8787 16268
1697 20610 11148 -1041 7291 17859
1790 20368 10952 -1708 5910 19599
2188 19353 10662 -2345 5018 20819
2020 18906 10645 -3466 4481 21362
2774 17818 10680 -4643 3866 21628
3641 16761 10872 -5100 3271 22004
3901 15485 10996 -4890 2317 22504
5110 13937 10810 -4063 1830 22872
5858 13036 10494 -2926 1745 22957
6101 12258 9974 -2097 2128 22643
6397 11414 9775 -1908 2766 21616
6712 10949 9774 -1974 2980 20745
7076 10660 9940 -1865 2653 20719
7500 10404 9778 -1400 2170 20530
7570 10230 9414 -1215 851 19592
8148 9686 9418 -1245 42 18423
7753 9408 9230 -1428 -739 17424
8114 8956 9340 -1467 -815 16723
8824 8874 9427 -814 -435 16572
8612 8987 9287 -160 -174 15700
8872 8758 9127 332 443 14090
8672 8760 8932 404 788 13294
8587 8442 9040 -26 1195 12531
9218 8170 9306 -209 1078 12554
9866 7733 9208 -158 658 12479
10604 7594 9258 -284 -8 12231
10471 7298 9564 -935 -650 10425
10244 7260 9448 -1260 -67 8643
10688 6845 9291 -786 1139 7446
10669 6852 9477 -526 1959 6724
10630 6522 9961 -425 1973 6202
10770 6544 10282 -183 1726 5965
10468 6820 10536 105 1136 5309
10436 7198 10306 468 809 4670
10465 7593 10136 594 932 3810
10375 8348 9838 192 1337 2673
10197 8299 9969 -580 1705 1783
10106 8027 10397 -903 1337 1916
10400 8343 10574 -822 698 2858
10505 8593 10500 -796 559 3370
10562 8520 10324 -1162 879 2989
10457 8681 10314 -1801 1336 2218
10617 8600 10517 -2315 1436 1461
10828 8476 10802 -2374 1319 1064
10900 8170 10908 -2130 666 861
11218 7908 10909 -1662 203 700
11305 8006 10594 -1297 136 547
11149 8085 10393 -1040 423 224
11105 8492 10440 -1047 781 -136
10881 8838 10654 -1326 574 -367
11249 8796 10948 -1521 187 -445
11320 8710 11081 -1687 -568 -193
11501 8524 11074 -1619 -1064 32
11650 8113 11105 -1283 -1254 101
11672 7716 10927 -577 -1165 -201
11584 7354 10702 8 -788 -768
11514 7358 10757 315 -330 -1240
11682 7140 10988 496 -110 -1762
11812 7028 11208 380 -543 -2020
12420 6256 11444 407 -1700 -2192
12705 5570 11537 887 -2937 -2553
12854 5105 11049 1468 -3140 -3328
12630 4988 10849 2070 -3107 -4469
12561 5086 10626 2518 -2988 -5844
12617 5030 10629 2781 -3255 -7105
12739 5171 10762 3164 -3802 -8006
12712 5289 10564 3653 -4641 -8642
12416 5492 10304 3753 -5075 -9254
12142 5839 10060 3905 -5589 -10220
12088 6113 9677 4169 -5782 -11492
11833 6647 9181 4954 -5736 -12433
11160 7241 8932 5924 -5656 -13445
11174 7522 8696 6294 -5657 -14200
10297 8085 8425 6941 -5685 -15208
9596 8848 7836 7689 -5682 -16286
9406 9617 7325 8145 -5215 -16761
9015 9853 6951 8419 -4664 -16902
8132 10161 6580 8515 -3704 -17332
6714 10802 6189 8404 -2846 -17851
5864 11196 5741 8458 -2415 -18314
5241 11492 5340 8995 -2480 -18547
4766 11461 4918 9378 -2204 -18941
4373 11457 4616 10089 -2205 -19177
3784 11388 4038 10546 -2088 -19654
3001 11657 3730 10821 -1863 -20082
2698 12156 3173 10629 -1369 -20168
2032 12680 2690 9858 -619 -19605
1544 13891 1641 10366 350 -18718
863 14713 1245 9480 969 -17366
433 14388 665 8737 1547 -17034
30 14801 -12 7981 1573 -16698
-1025 14954 -128 7314 1580 -16738
-1530 15720 -62 6168 1022 -16393
-1733 16420 61 3656 718 -15631
-745 17843 584 -451 -143 -13747
38 18018 766 -3567 -1087 -11191
-129 17134 674 -5679 -2113 -9949
-159 16845 1130 -7035 -2941 -9808
-905 16680 1289 -6789 -2679 -10926
-1096 16709 1234 -5712 -1141 -12292
-1370 17778 1569 -5116 1093 -13454
-1118 18278 1932 -5871 3668 -13639
-530 19382 2682 -8494 6485 -12182
-753 20094 4308 -12433 7709 -8958
-421 17925 6166 -16975 5812 -7172
-416 17017 6958 -20329 4422 -7510
-761 17270 8508 -22646 595 -7217
-1530 17992 8388 -25729 -1732 -7005
-1469 19338 8014 -28703 -1894 -5766
-993 19976 9072 -31334 -1431 -3551
1917 16769 12916 -32768 -2071 -3099
1621 15945 14294 -32768 -4143 -2216
1901 14141 15565 -32768 -6575 -2808
1631 13630 17462 -30246 -8707 -4206
420 15472 18578 -26244 -9744 -6251
1202 15697 21032 -23559 -12593 -5812
3263 15088 23369 -24394 -15201 -3070
5234 15409 23902 -26274 -15944 856
6052 15197 24534 -26873 -16890 2627
5408 16123 23577 -26646 -16030 1932
3572 16384 22478 -26167 -15295 -1930
4522 15940 23325 -24906 -14554 -3958
5858 16334 24006 -24793 -14813 -4441
5819 14840 24075 -23190 -11288 -2907
5273 13404 23334 -21122 -7539 -756
4009 12309 23096 -20243 -6440 -24
4598 11281 22257 -20166 -5496 333
2764 9512 22097 -19461 -6828 240
3878 9721 22529 -19976 -8867 -360
3697 9082 21761 -20883 -10657 -1144
4394 7728 20982 -20825 -9765 -908
3337 7093 19814 -20503 -8959 -934
3048 6528 18920 -19786 -7727 -1198
2126 6052 17758 -18859 -6409 -1580
1844 5588 17402 -17316 -5353 -2014
2265 4868 17822 -14975 -4721 -2859
2278 4892 17965 -12257 -4282 -4170
1746 4677 17449 -9368 -3825 -5772
1430 4569 16626 -7092 -2443 -7414
633 5677 16180 -5951 -1636 -7608
680 6190 15850 -5267 -163 -7291
290 6621 15544 -4785 720 -6421
653 6815 15211 -4095 1746 -6056
394 6668 14712 -3102 884 -5306
838 6738 14772 -2650 -452 -4465
1216 6135 14246 -2331 -1989 -3327
1618 5817 13341 -2273 -2260 -2414
2174 5532 13046 -2032 -1840 -1992
2810 5165 13078 -1903 -979 -1515
3241 4966 13614 -2607 499 -1485
3525 4438 13765 -2583 573 -1153
3312 4324 13216 -2257 -1540 -1337
3835 3387 14858 -2843 -2003 -1012
3773 3162 14588 -3325 -1417 -672
4097 3060 14929 -2949 -1584 -720
4157 3201 15216 -2129 -850 -1257
4302 3121 15389 -1283 -666 -1638
4462 2994 15518 -525 -398 -2073
4488 2753 15534 549 -137 -2520
4464 2844 15380 1131 -19 -2788
4463 3022 15148 1450 124 -2565
4637 3253 15085 1093 -102 -1980
4776 3334 15104 556 -118 -1422
4776 3265 14993 180 -378 -933
4873 3158 14841 112 -594 -634
4902 3337 14781 -222 -735 -511
5070 3272 14780 -729 -475 -310
5308 3202 14960 -1151 -119 -143
5502 2845 15040 -1127 302 -101
5322 2481 15185 -616 556 -113
5065 2094 15226 99 753 -366
4873 1993 15346 817 998 -807
5028 2210 15361 1166 1130 -1357
5054 2438 15334 972 871 -1742
5197 2552 15302 666 525 -1863
5174 2578 15373 317 86 -1797
5210 2516 15408 163 52 -1787
5247 2620 15383 191 46 -1925
5208 2744 15300 380 87 -2191
5195 3160 15216 536 288 -2584
4986 3564 15089 1017 798 -2817