2705 11201 16794 12752 -1932 -3518
3238 11808 17212 13754 -1830 -3665
3490 12704 17537 14234 -1530 -3423
3526 13613 17793 14518 -1064 -2794
3222 14204 17589 14975 -448 -1653
2653 14266 17105 15360 68 -458
2710 14248 16709 15779 432 1154
3486 13594 16760 15906 1263 3154
4877 13280 16904 16245 2864 5446
4737 13198 17040 16023 4848 7936
4630 13570 17110 15135 6440 10101
4042 13740 16840 13892 7408 11841
3830 13758 17028 13012 7778 12670
3734 13364 17043 12731 7744 13356
3868 12738 16928 13409 7285 13901
4001 12054 16609 14477 6580 14082
4266 11946 16704 15724 5786 14335
4688 11954 16370 16632 5733 14577
4338 12521 16061 16441 5794 15086
4448 12544 15685 15556 6060 15588
4304 12200 15493 14828 5852 15911
4345 11369 14802 14758 5505 15810
4908 10602 14242 15242 4693 15507
5598 10396 13428 15874 4067 15508
5816 10597 12729 15682 3906 15743
6035 11000 11969 13560 4295 15937
7069 10520 11429 11214 4547 16194
7729 9977 11534 9986 3259 16399
8172 10057 11416 9264 2051 16186
7961 10749 11290 7839 668 15589
7850 10648 10660 5603 412 14806
7868 10518 10276 3758 885 14438
8158 10378 10240 2686 1330 14351
8402 10326 10396 2368 1408 14368
8547 9809 10353 2833 931 13638
8657 9581 10425 3835 374 12511
8190 9696 9992 4258 452 11504
8265 9759 9327 4391 1127 11010
8278 10815 8593 3853 3387 11084
7845 11126 8644 2334 4511 11193
7637 10041 9464 351 3613 10861
7676 9120 9814 -647 1608 10679
8168 8872 9868 -894 429 11035
8565 9036 9637 -914 -185 11849
8708 8668 9512 -904 -409 12244
8728 8156 9329 -1236 -149 11879
8496 7464 9672 -1916 241 10911
8458 7448 9802 -2418 277 10104
8934 6927 9950 -2778 478 9465
9424 6854 10264 -2934 188 9562
9878 6581 10333 -2632 -721 9195
10233 5990 10302 -1923 -1828 8097
10278 5602 10217 -1408 -2191 6692
10342 5036 10056 -1132 -1660 5283
10384 5206 10057 -766 -550 4382
10346 5760 10008 -496 348 3912
10424 6365 10295 -904 1060 3697
10800 6633 10625 -942 545 3672
10724 6770 10690 -425 -71 3621
10848 6986 10405 128 -120 3347
10638 7164 10138 648 352 2330
10482 7820 10093 209 772 1180
10573 8094 10097 -201 659 1038
10857 8306 10393 -591 82 1500
11084 8208 10334 -753 -641 2166
11217 7950 10422 -604 -1231 2679
11542 7621 10189 -433 -1227 2737
11814 7608 9820 -356 -493 2294
11877 7562 9818 -380 282 1718
12148 7353 9834 -593 826 1056
12128 7178 10160 -678 813 601
12158 6692 10484 -505 197 289
12353 6165 10528 -43 -345 25
12285 5980 10745 714 -970 -203
12722 5308 10592 1780 -957 -813
12677 5186 10468 2418 -116 -1711
12622 5501 10449 2561 894 -2866
12318 5505 10580 2596 942 -4040
12102 4990 10930 2274 433 -4950
12254 4658 11175 1987 -148 -5702
12484 4090 11496 2558 -1851 -6239
12946 3573 11781 3914 -3407 -6849
13110 3664 11412 4717 -3430 -8027
12588 3908 11092 4896 -3386 -9232
12153 4266 10428 5074 -2727 -10907
11291 5328 10057 6224 -1802 -13129
10820 6096 10374 7248 -2100 -14392
10435 6802 10283 6914 -3155 -15056
9666 7327 10525 6789 -4677 -15616
9628 7881 9940 6054 -5852 -16192
8940 8675 9144 6319 -6071 -16533
8041 9700 8228 6686 -5505 -16818
7026 10218 7833 7307 -4584 -17441
6848 10184 7704 7819 -3609 -17556
5817 10054 7140 8789 -2326 -18052
4173 10514 5802 9935 -699 -18764
2004 11568 4448 11436 849 -19597
1342 13324 4425 13051 1708 -20108
2085 13263 3770 12469 1933 -18377
2040 14098 3018 11172 1980 -16368
1213 15046 2797 10186 2088 -14953
918 15898 1904 8493 2326 -13885
857 16599 1408 6498 3401 -12525
1440 16600 1517 4993 4101 -10610
1792 15638 2006 3814 4734 -9558
1673 15730 2352 2592 5218 -8865
1822 15952 2574 1353 5148 -8427
1937 15464 2898 503 4885 -8304
2008 15402 3106 -517 4695 -8386
1976 15377 3586 -1647 4222 -8176
2196 14386 3872 -2468 3652 -8266
3226 14332 4136 -2983 4017 -8481
4068 15489 4163 -3184 4691 -7880
3442 15666 4060 -2478 5661 -8062
3412 16168 4388 -2470 6411 -8766
2946 17190 4859 -4030 7456 -9428
1569 18333 6098 -7260 7447 -9471
1700 18437 7418 -10249 6030 -8294
3444 17456 9705 -13422 3445 -7472
5486 17728 11126 -15911 513 -6168
5017 17625 11561 -16990 -1905 -5609
4105 18090 11178 -18069 -2272 -6101
3154 18749 10428 -20070 140 -6161
1677 19113 10771 -22605 4538 -5270
2685 17908 13166 -25840 7319 -3187
4314 16280 17136 -29808 6689 -1909
6112 12570 19704 -32768 1477 -2277
5016 11709 19922 -30706 -10072 -3464
2236 14584 17636 -31265 -15489 -5681
841 15845 16854 -32176 -16790 -4058
1666 15053 18509 -32768 -18847 -198
4198 11972 20484 -32768 -20746 4768
8866 6817 22886 -32768 -21036 8498
11258 5822 24354 -32675 -20608 9014
9363 8433 23891 -28783 -18665 4716
7868 9765 22097 -24632 -16578 -2651
7142 10242 21268 -19434 -11962 -8639
7432 10604 21296 -13665 -5518 -11274
7241 11534 21821 -10454 -815 -8989
6464 10428 22206 -9952 856 -6258
6202 9818 22374 -11474 -475 -4136
5102 10000 21578 -13598 -3710 -3289
5716 10414 20669 -15860 -7658 -4651
4598 9341 19725 -17362 -9804 -6412
4328 8609 18865 -17463 -9495 -7597
4918 8377 18554 -17414 -8749 -7767
4188 7855 17724 -14524 -6350 -7438
4046 7658 17345 -11675 -4264 -7888
3798 7705 17034 -9928 -2760 -8798
3321 7764 16730 -8598 -1439 -9452
2818 7909 16581 -7426 -573 -9434
2720 8056 16420 -6648 156 -9133
2027 8544 16107 -6215 234 -8100
1897 8252 15641 -6415 -694 -6574
2201 7701 15096 -6326 -1680 -6188
2624 7217 14670 -5651 -1939 -6297
2666 7026 14440 -4869 -1926 -6565
2938 6953 14314 -4005 -1394 -6784
3120 6990 14217 -3486 -758 -6836
2896 7072 14098 -3151 -56 -6530
2850 6781 14073 -2887 326 -5861
3073 6705 14148 -2936 637 -5192
2965 6416 14097 -3013 591 -4545
3057 6165 14253 -2979 238 -3995
3209 6121 14321 -3198 -270 -3449
4042 5960 14570 -3180 -493 -2938
3924 5634 14473 -2832 -514 -2599
4052 5474 14402 -2563 -395 -2224
4390 5326 14505 -2231 -106 -2105
4724 5296 14528 -2063 124 -2170
4922 5031 14587 -1733 487 -2268
5084 4718 14598 -1142 806 -2276
5078 4666 14738 -708 933 -2131
5116 4649 14889 -551 909 -1885
4861 4533 14858 -638 692 -1693
5180 4493 14938 -950 324 -1516
5503 4404 14933 -1090 312 -1482
5688 4340 14931 -1103 605 -1441
5884 4372 15102 -1167 1008 -1389
5810 4389 15304 -1237 1352 -1503
5631 4174 15432 -1256 1615 -1619
5542 4216 15699 -1257 1574 -1575
5540 4238 15950 -1236 1455 -1508
5666 4122 16182 -1157 1452 -1457
5575 4162 16205 -1094 1321 -1497
5475 3870 16202 -893 1020 -1589
5613 4314 16321 -691 967 -1894
5509 4128 16212 -538 893 -2139
5405 4314 16164 -397 620 -2225
5354 4404 16190 -233 516 -2327
5394 4450 16046 -219 212 -2360
5544 4626 15964 -151 7 -2323
5614 4696 15999 -165 -19 -2491
5622 5022 16076 -299 87 -2801
5656 5222 16118 -451 142 -2779
5342 5374 16098 -430 170 -2742
5322 5614 16229 -488 205 -2368
5314 5701 16320 -467 192 -1947
5197 5597 16456 -428 54 -1685
5132 5628 16414 -381 -127 -1238