3816 10904 19580 16929 -529 1863
3816 11421 19232 17906 689 2412
3669 11718 18888 18076 1712 3365
3673 12533 18669 17288 2124 4466
3470 12686 18712 16233 1997 5568
3287 12671 18394 15089 1913 6681
3289 11829 17956 13876 1513 8428
4216 11478 16936 13166 1300 10591
4248 12581 16600 12796 1474 12740
4348 12834 16270 12419 836 13743
4221 12930 15914 11176 999 14171
3818 13197 15424 9232 1167 14552
4248 12077 15049 7820 1659 15374
4325 10992 14595 7434 1817 17054
4256 10169 13701 7306 1895 18382
3984 9438 13406 6866 1048 19217
4412 8528 13456 6957 -263 19523
5001 7987 13202 7281 -1712 19968
5533 7398 13021 8078 -2958 20006
5976 7129 12730 9091 -3334 19164
6802 5893 12289 11287 -3303 17983
7700 5458 12536 14920 -3135 16345
8120 5773 11789 18664 -2122 14904
7786 6421 11149 20917 -89 13504
6966 7070 10778 21619 1558 12873
7489 7500 9385 19139 4415 12891
7250 7544 10577 17061 6633 12940
7498 6066 11086 16692 5966 13655
6845 7566 11314 16920 3775 14341
7712 7112 11068 16684 2190 14493
7892 7328 10988 16021 1469 14288
7524 7305 10593 14456 -51 13911
8277 7035 10519 11164 -1766 13067
9098 6136 11300 9685 -4726 13472
10373 4861 11581 9966 -5710 13290
10105 5629 11428 10565 -5245 12869
10680 5191 10446 10503 -3101 11320
10348 5724 9432 9426 608 9803
10336 5873 9508 9233 3315 8971
10760 6686 9752 9044 4818 9192
10636 6646 10024 8548 4934 9331
10692 6532 10672 6862 4660 8830
10388 6700 10425 4129 2773 8222
10412 6440 9848 1071 171 7666
11023 6058 9471 -924 -1418 7672
11804 5468 9427 -1970 -2548 7715
11852 5058 9152 -1952 -2026 6987
11900 5308 8801 -911 -791 5642
11634 5574 8662 -25 290 4436
11732 6295 8461 623 1651 2936
11597 7139 8760 973 2533 1565
11604 7564 9049 1145 2282 1228
11504 7940 8961 1051 1905 1592
11660 8466 8872 795 1858 2013
11493 8680 8786 197 2032 2228
11430 8818 8878 -574 2341 2131
11204 8996 9289 -1490 2416 1897
11224 8616 9640 -2113 2121 1723
11581 8332 10070 -2272 1505 1817
11801 8018 10278 -1985 943 2061
11986 8005 10360 -1538 585 2286
11801 7813 10272 -1156 602 2164
11816 7668 10494 -624 778 1844
11753 7510 10729 -16 962 1386
11932 7602 10760 824 1415 823
11657 7954 10694 1452 1861 357
11750 7917 10709 1621 2145 -89
11652 8033 10742 1477 2074 -374
11700 7736 10797 1264 1468 -461
11812 7486 10993 1125 608 -388
11792 7258 10884 1093 -165 -291
11978 7056 10803 1223 -689 -351
12290 6781 10592 1592 -737 -832
12156 6786 10494 1780 -285 -1521
12053 6525 10532 1740 44 -2702
11953 6638 10533 1382 -93 -3809
12049 6568 10876 1033 -1483 -4591
12388 6300 10998 881 -3330 -5431
12453 6281 10968 799 -4896 -6018
12474 6156 10664 731 -5652 -6519
12600 5736 10546 820 -5997 -6798
13106 5490 10113 1364 -4832 -7393
12477 5945 9608 2278 -3252 -7560
12240 6557 9186 3387 -1265 -8202
11870 6746 8826 4370 66 -8986
11358 6801 8734 4788 1089 -10611
11272 7109 9019 4815 449 -11814
10908 7445 9228 5033 -889 -11711
11110 7336 9101 5370 -1904 -11376
10906 7100 9169 5469 -2694 -11401
10944 6950 9334 5104 -3392 -12053
10720 7328 8714 4795 -3177 -12709
9880 8060 8051 5819 -2516 -13448
8568 8706 7322 7903 -1232 -14320
8352 8876 7474 9523 -531 -15284
7167 9252 7313 11785 655 -16776
7073 9194 7329 13670 1376 -18580
5932 9989 6469 16402 3002 -19833
5614 10897 5636 17826 4468 -20581
4340 12605 4880 19081 6284 -20357
3087 13820 3081 20260 7702 -19451
1436 14432 2893 20856 8393 -18791
1493 13986 1446 21390 8134 -18171
642 13354 1340 20746 7554 -17757
792 13352 381 19854 6547 -17324
1356 13708 -6 19093 5791 -16302
1898 14818 -20 16476 5282 -15038
2120 15930 -285 13171 4569 -13245
1450 16114 -509 10052 3503 -12259
445 16088 -990 6616 2619 -12077
-86 15852 -1036 3437 1692 -12400
-76 15356 -609 1353 594 -12062
220 15732 101 -993 -246 -11597
1564 16756 632 -3241 -863 -10812
1929 16481 1162 -4457 -1265 -10168
2442 15932 1249 -5912 -961 -10697
2278 16454 1353 -6954 86 -11446
1224 17002 1348 -7644 1532 -12360
272 17913 2170 -8849 3195 -13192
342 18122 5025 -10107 2731 -13524
2038 16688 7672 -13015 860 -13526
2246 15942 9196 -14767 -691 -12804
1340 16369 8824 -14968 -1699 -11854
-561 18966 8309 -15874 -832 -12053
-1752 21240 8120 -19107 1428 -11979
-1961 22504 9910 -24587 3229 -11005
-277 19249 14670 -32768 99 -11117
994 16422 16834 -32325 -6357 -11265
869 16858 17362 -28186 -13993 -10466
-792 20237 16648 -25117 -17324 -9540
-2500 22676 15025 -27077 -14251 -10018
-3932 23293 12360 -27765 -6891 -9091
-4454 23218 14009 -27545 -244 -7097
-380 21257 19434 -32617 2423 -4558
1381 16865 20798 -32551 -409 -1534
833 16290 21734 -28857 -7491 588
713 15714 20941 -25977 -11402 -1042
-774 15994 19950 -24986 -13010 -3166
-1948 16828 19162 -25795 -13418 -4115
-1956 16908 19234 -27514 -12379 -2618
-770 16069 20342 -30498 -11922 547
90 14305 21398 -32586 -12630 4487
1478 11349 20548 -32768 -14329 6728
2654 8550 20645 -32541 -14744 6014
2840 8662 20944 -29961 -15097 3323
1310 9142 20670 -27014 -15033 -207
880 9184 20934 -24711 -15144 -2986
130 9358 21033 -23097 -14757 -3687
384 9225 21136 -21804 -13904 -2314
610 8873 20830 -20235 -12269 -512
4400 9952 20252 -20628 -12326 -8
1368 7460 18857 -20090 -10409 -292
1874 5922 17720 -18641 -9999 -2421
2193 5550 16982 -16023 -8422 -4748
1394 5192 16618 -13379 -8426 -6670
1486 5298 16505 -11121 -7443 -8061
1049 5544 16302 -9149 -6507 -8587
1362 5596 16040 -7870 -5452 -8467
1293 5268 15500 -6420 -3489 -8700
1850 5045 15132 -4583 -2067 -8689
2040 4998 14901 -2598 -245 -9137
1477 5313 14621 -975 952 -9870
1541 5768 14774 -183 1766 -10097
1038 6118 14594 -453 2277 -9416
1010 6397 14562 -1041 2411 -8225
1325 6041 14694 -1664 1466 -6942
2053 5840 14641 -1865 2336 -5585
2153 5324 14738 -1769 1698 -5313
1920 5272 14508 -1397 -496 -5483
2716 5216 14774 -1535 280 -5431
2722 4933 15050 -1963 498 -4805
3053 5074 15276 -2244 1291 -4185
2932 5018 15461 -2447 1822 -3428
3030 4644 15580 -2438 1855 -2949
3202 4292 15654 -2228 1771 -2824
3568 4105 15753 -2016 1452 -2900
3714 4065 15988 -1754 1330 -3081
3870 3925 16105 -1533 1257 -3053
3888 3990 16210 -1297 1317 -2807
3913 3996 16265 -1058 1383 -2574
3868 3860 16298 -682 1501 -2483
3782 3801 16240 -268 1500 -2361
3816 3684 16365 -44 1254 -2377
4014 3777 16590 -75 1007 -2306
4033 3836 16524 54 850 -2119
4049 3968 16510 11 610 -1881
4100 3818 16533 -37 313 -1586
4162 3642 16350 29 104 -1144
4190 3749 16410 69 259 -1004
4193 3947 16389 -7 584 -983
4178 4026 16561 -512 599 -977
4144 4084 16616 -1181 283 -796
4130 3994 16578 -1697 -84 -554
3897 3784 16436 -1667 -231 -392
3770 3589 16305 -1340 -587 -443
3610 3672 16162 -658 -808 -627
3845 3598 16260 -206 -1030 -998
3993 3673 16270 343 -901 -1191
4030 4076 16170 710 -692 -1332
4101 4117 16229 842 -616 -1384