10745 8072 11433 -1062 524 -650
10802 7962 11680 -1249 104 -526
10825 7898 11773 -1295 -442 -324
10860 7852 11733 -1263 -797 -227
10932 7696 11664 -1099 -845 -304
10982 7616 11564 -936 -517 -559
10930 7685 11442 -789 24 -769
10784 7898 11393 -792 542 -918
10709 7920 11461 -996 850 -1041
10654 7753 11568 -1247 715 -1020
10600 7778 11688 -1427 244 -943
10558 7617 11545 -1461 -315 -827
10632 7554 11568 -1385 -626 -760
10605 7617 11572 -1182 -749 -797
10657 7568 11465 -1059 -452 -923
10641 7681 11317 -1009 78 -1102
10549 7852 11368 -1052 434 -1260
10397 8012 11517 -1172 573 -1342
10484 7965 11681 -1263 325 -1255
10561 7913 11774 -1221 -44 -965
10557 8034 11753 -1138 -257 -688
10474 8122 11673 -1014 -178 -570
10438 8145 11578 -1030 142 -693
10437 8216 11598 -1168 547 -960
10453 8265 11692 -1342 730 -964
10497 8434 11874 -1364 689 -745
10408 8310 12033 -1229 329 -372
10449 8336 11884 -1210 96 -224
10376 8162 11742 -1230 14 -245
10448 8030 11805 -1236 83 -445
10516 8037 11814 -1344 182 -489
10476 8117 11844 -1446 259 -424
10592 8049 11885 -1474 232 -298
10554 8125 11937 -1464 66 -152
10662 8113 11904 -1507 33 -10
10620 8144 11800 -1515 255 68
10588 8114 11824 -1509 425 126
10633 8080 11814 -1532 527 100
10601 8058 11913 -1583 513 96
10482 7934 11884 -1558 465 151
10553 7937 12017 -1475 208 284
10570 7857 12040 -1319 -25 401
10605 7761 12085 -1186 -271 457
10658 7705 12114 -1098 -397 460
10789 7516 12042 -956 -429 408
10749 7480 12030 -769 -394 352
10828 7269 12186 -626 -513 246
11012 6998 12273 -354 -680 116
11125 6916 12350 88 -970 67
11336 6660 12232 723 -1219 12
11360 6629 12261 1397 -1314 -122
11417 6702 12225 1856 -1295 -374
11541 6441 12136 2225 -1166 -778
11654 6394 12308 2599 -1256 -1218
12113 5874 12416 3370 -1663 -1606
12076 5770 12536 4287 -2135 -2126
12104 5824 12361 5054 -2474 -2828
12028 5790 12196 5550 -2525 -3694
11980 5696 12173 5959 -2630 -4534
11910 5538 12093 6480 -2866 -5172
11930 5513 12257 7028 -3517 -5660
12241 5229 12317 7429 -4284 -6181
12308 5365 12229 7979 -5271 -6568
12457 5534 11784 8164 -5859 -7062
12092 5528 11354 8282 -5937 -7734
12056 5750 10904 8838 -5747 -8442
11886 5917 10688 9298 -5617 -9233
11754 5982 10254 9697 -4943 -10258
11836 6097 10217 10096 -5056 -11088
11536 6362 9609 10483 -4929 -12021
11153 7020 9345 10495 -5148 -12741
10790 7700 8682 10280 -5179 -13328
10386 8268 8449 9903 -5520 -13630
10017 8241 8300 9294 -5957 -13948
9826 8586 7889 8905 -6102 -14176
9184 9062 7458 8828 -6189 -14381
9113 9473 7133 8424 -5911 -14590
8422 9718 6573 7769 -5612 -15103
8130 10096 6004 8998 -4645 -15157
7646 10726 5901 8391 -4054 -15453
6941 10940 5369 9418 -2981 -15413
6124 11441 5174 9398 -2416 -15879
5432 11605 4694 9874 -1285 -16322
4650 11989 4489 10156 -730 -16647
3781 12136 3897 10587 99 -16848
3398 12632 3682 11103 798 -16631
3010 12601 3122 11125 1437 -16369
2542 13369 2749 10762 1961 -16076
2529 14050 1866 10975 2439 -15368
1997 14514 1861 10714 2704 -14767
1794 14490 1369 9952 2636 -14422
1009 14434 1389 8702 2444 -14374
789 14585 468 7716 2449 -14247
173 14888 248 7169 2638 -13483
129 15610 -142 6119 3348 -12922
954 16650 -46 4771 3403 -11919
1252 16848 17 3645 3744 -10481
1114 17297 600 1714 3355 -9643
958 17249 776 -203 2955 -9282
441 17061 996 -1729 2500 -9326
393 16752 1141 -2782 2324 -9219
52 16453 1333 -3229 2349 -9479
904 16808 2373 -3744 2656 -9660
1738 17694 2658 -3909 3259 -8909
1488 18009 3344 -3892 3405 -8338
945 18164 3420 -4082 3821 -8627
478 18710 3480 -4988 4498 -9190
-400 19400 3664 -5864 4791 -9387
-376 19698 4732 -7466 4553 -9205
465 19625 6505 -10038 3499 -8506
1540 19546 7976 -13545 1863 -7322
1937 19586 8604 -17030 435 -6022
2289 19476 8934 -19932 -792 -4699
2521 17946 9670 -22313 -1335 -4450
2146 17801 10022 -24228 -1402 -4367
1710 18028 10662 -25169 -1101 -4154
2121 17994 12060 -26635 -351 -4412
2814 16644 14060 -28359 -1155 -4832
3454 16177 15209 -29209 -1982 -4761
3868 15644 16009 -29593 -3517 -4814
3785 15060 16516 -29709 -4578 -4497
3037 15364 16182 -29400 -4824 -3845
2372 14974 16273 -29688 -4251 -3054
2702 14580 17380 -30577 -4054 -1676
2884 13686 18017 -31191 -5958 -405
4406 12189 18572 -30727 -6812 -446
4800 10810 19542 -28784 -8238 -1870
4933 10914 20229 -24661 -9482 -4141
3688 11469 20593 -20177 -10981 -7069
2553 12825 20768 -17584 -11026 -9325
2105 14928 20672 -15921 -9831 -9328
1873 15641 20640 -15201 -7329 -7113
1621 15513 21194 -16222 -4636 -3898
1692 15220 22216 -20158 -6827 -1572
2382 13150 21256 -23702 -8163 -785
3016 11960 20390 -25797 -9601 -855
2722 9886 19734 -25598 -10697 -2529
3284 8792 19554 -24588 -12893 -3562
2284 8294 19286 -23096 -13652 -4500
1904 8029 19110 -21446 -13045 -4536
1634 8202 18504 -20925 -11878 -3744
2508 8454 18964 -22678 -10577 -2199
3269 6946 18096 -23240 -8088 -1368
3613 6342 17640 -22599 -6135 -2872
3236 4906 17014 -20287 -4271 -4694
2921 4112 17092 -17104 -3033 -6837
1997 4286 17282 -14003 -2447 -8574
1462 4629 17490 -11860 -2748 -9382
1457 5061 17848 -10540 -2679 -9489
1314 5517 17781 -10070 -2196 -8524
1510 5104 17250 -10005 -1146 -8178
2085 4956 16905 -9353 -144 -7663
2066 4789 16692 -8251 872 -8202
1888 4517 16173 -6969 1095 -8455
1177 4584 15990 -5731 1535 -8545
1145 4916 15938 -4690 1732 -8447
844 5052 15850 -3964 1320 -7824
1057 5120 16018 -3645 1188 -6681
1062 5322 16129 -3742 991 -5599
1512 5369 16060 -3873 1014 -4984
1880 5068 16005 -3752 1152 -4391
2206 4796 15881 -3563 1283 -3992
2245 4553 15882 -3248 1464 -3677
2222 4198 15906 -2815 1460 -3316
2309 4040 16016 -2372 1253 -2934
2517 3748 16248 -1826 1018 -2590
2800 3454 16384 -1241 673 -2183
2997 3333 16494 -981 192 -1853
3444 3120 16481 -669 -199 -1575
3724 2922 16513 -249 -463 -1475
3954 2657 16377 272 -539 -1541
4044 2541 16121 875 -500 -1688
4153 2504 15898 1415 -403 -1872
3981 2666 15788 1830 -239 -1850
4280 2497 15698 1932 -232 -1742
4468 2541 15718 1919 -3 -1575
4598 2522 15617 1544 -83 -1432
4662 2433 15582 1173 -144 -1431
4736 2504 15590 834 -121 -1334
4778 2549 15638 556 -26 -1434
4628 2572 15642 549 165 -1592
4561 2253 15588 533 216 -1640
4606 2682 15848 664 631 -1890
4580 2486 15833 694 891 -2027
4264 2660 15902 510 823 -1991
4200 2805 16076 292 651 -1729
4368 2918 16141 30 456 -1395
4564 3089 16220 -212 370 -1224
4614 3062 16280 -346 389 -1221
4518 3068 16324 -368 402 -1323
4526 3021 16397 -267 494 -1440
4660 3060 16473 17 661 -1509
4604 2994 16480 477 833 -1547
4406 3029 16442 881 932 -1639
4254 3114 16452 875 786 -1698
4054 3193 16426 642 416 -1765
4093 3261 16374 253 -68 -1777
4134 3284 16333 15 -509 -1660
4218 3200 16308 49 -544 -1610
4326 3316 16300 145 -367 -1561