11572 5037 13136 -693 -414 -898
11548 5134 12936 -740 -684 -1311
11302 5253 12705 -360 -206 -1643
11141 5426 12590 560 696 -1769
10885 5642 12580 1075 1732 -1924
10761 5866 12672 1179 2325 -2109
10553 6146 12650 928 2651 -2223
10204 6493 12853 450 2294 -1967
10122 6337 12946 40 1839 -1690
9944 6088 13132 186 1218 -1689
10125 6093 12962 767 921 -1825
10130 6289 12766 1396 1119 -1966
10208 6408 12712 2020 1507 -2156
10141 6356 12565 2276 1875 -2338
10178 6478 12774 2191 1840 -2243
10140 6782 12752 1803 1761 -1912
9921 7057 12976 1162 1400 -1480
10305 6945 13173 646 1035 -1173
10390 6800 13177 712 845 -1057
10296 6656 13080 1081 1016 -987
10304 6748 12848 1781 1384 -1010
10170 7108 12662 2448 1817 -1060
10324 7296 12580 2689 2135 -1222
10036 7608 12577 2537 1878 -1329
9833 7733 12584 2039 1436 -1245
9877 7702 12474 1701 769 -922
9600 7520 12422 1544 183 -471
9593 7365 12354 1491 -111 -246
9414 7172 12313 1512 8 -334
9204 7177 12330 1432 420 -482
9296 6932 12432 1345 863 -618
9129 6865 12605 1458 1005 -557
9124 6829 12676 1409 839 -376
9210 6777 12597 1350 651 -194
9316 6754 12514 1234 619 -78
9389 6546 12632 1126 737 -197
9318 6508 12650 947 861 -520
9464 6266 12618 958 1068 -961
9705 6202 12745 1117 991 -1278
9828 6190 12774 1299 723 -1419
9996 6424 12929 1357 410 -1452
10305 6368 12870 1371 345 -1416
10445 6298 12982 1580 579 -1403
10512 6432 12878 2001 1158 -1448
10405 6845 12846 2289 1945 -1629
10317 7432 12929 1847 2631 -1801
10248 7600 13033 886 2848 -1916
10414 7572 13481 -96 2303 -1561
10822 7366 13784 -912 1485 -780
11154 6982 14226 -1375 697 15
11657 6729 14540 -1258 590 468
11948 6305 14794 -826 1166 339
11852 5604 15093 -13 2032 -400
11866 4982 15416 1131 2526 -1282
11490 4462 15602 2756 2859 -1920
11576 3517 15977 4195 2284 -2391
11806 2720 16286 5506 1347 -2652
12109 2224 16454 6562 -233 -2879
12836 1061 16866 8401 -2342 -3142
13346 225 16216 11356 -3839 -4114
13080 1 15829 14158 -5021 -5749
12838 -481 14522 15651 -3946 -8500
11966 922 13778 16295 -2398 -11100
11206 1509 13506 16170 -2129 -12894
10450 1992 13337 16384 -2938 -14403
9869 1902 12993 17288 -5171 -15377
8958 2389 12688 18469 -7784 -15590
8773 2712 11568 19668 -9194 -16016
7674 3822 10758 20145 -9399 -16583
6849 4838 9396 20148 -8788 -17740
5582 5541 8048 19784 -7975 -19022
4768 6097 7206 19722 -8251 -20267
3454 6753 6646 20266 -9439 -21103
3458 6320 6133 21960 -12002 -20941
3073 6529 4724 23448 -13082 -20721
2290 7494 3082 23493 -12474 -20695
1737 9374 1590 22770 -10503 -21324
65 11741 -113 22120 -7331 -20380
-1628 13645 -1665 20348 -3711 -20492
-3434 14680 -2988 17844 190 -20608
-3801 13954 -3488 15797 3453 -20755
-3700 11818 -3589 15781 3432 -19169
-4086 10904 -3761 17319 3459 -19374
-2201 11974 -4186 18659 2873 -17518
-1726 12389 -5373 18796 3920 -15062
-3742 13849 -6977 18029 6465 -14078
-4968 14928 -8398 16942 8402 -14113
-6402 14973 -9022 15491 11012 -16512
-6228 14434 -9361 14000 12071 -19865
-5437 15014 -7854 12345 11610 -20154
-5261 16264 -7125 10764 10047 -19822
-4532 17490 -6537 8897 8773 -16922
-5212 19942 -5572 5578 7052 -15541
-6237 21097 -5314 737 6647 -16306
-6989 22718 -4632 -3852 5621 -17565
-7937 22876 -4556 -7237 5259 -17840
-7504 22010 -1805 -8055 3874 -16273
-5366 20552 120 -5204 2397 -13084
-6134 23461 1410 -1410 1653 -9250
-6094 26298 781 -946 4833 -7500
-6370 27317 -116 -1702 9852 -8264
-6532 27993 692 -4865 14320 -9504
-5630 26941 4009 -8958 16450 -10390
-4709 25509 6742 -10537 12191 -9228
-2697 22304 7686 -9640 5048 -8563
-2645 22492 8261 -9798 -1909 -8113
-2524 23749 7526 -12983 -6364 -8027
-3162 25777 6529 -18144 -6763 -7219
-3938 26266 6841 -25771 -5927 -5873
-4189 24989 8738 -32306 -6379 -3861
-2802 20924 11029 -32768 -11778 -3949
1321 13541 13366 -32768 -16165 -4451
1096 14206 15537 -30824 -20868 -3207
-644 15744 14888 -27245 -24213 -4405
-2633 18654 13413 -27031 -25124 -4230
-3429 20076 12733 -28373 -23174 -2218
-3050 20812 13994 -31272 -21825 806
-49 17036 16577 -32768 -23864 2260
3469 14882 17570 -32621 -22698 3766
2641 14392 17656 -28966 -22612 2088
1974 14352 17704 -25059 -23221 -487
-1557 16997 17697 -25599 -25015 -1414
-1412 18664 18765 -29425 -26998 -271
-653 18114 20644 -32528 -27763 2900
3414 18290 21516 -32768 -27375 5627
3913 16182 20876 -32768 -25893 6777
6272 12996 20890 -32477 -27110 5921
1702 12777 20593 -30333 -24521 2500
3257 12293 21417 -28239 -24098 2286
3022 13150 21976 -22922 -20488 5995
1085 16402 23636 -20298 -21088 10648
3246 14688 22378 -20225 -20451 10097
3102 14414 21906 -20709 -19406 8013
3534 12490 20964 -19401 -20262 4614
2284 11777 20261 -18092 -18113 -706
2396 11173 18114 -14316 -16778 -3736
2053 10858 17528 -9179 -14895 -2332
2408 10857 16732 -6385 -14169 -420
2656 10192 16661 -4933 -14164 853
1717 9872 15432 -5007 -15043 1346
2304 8529 14412 -5844 -14854 853
2397 8728 12420 -7220 -12448 -468
3257 8310 11705 -6542 -10380 -1062
2912 8336 11601 -6730 -8215 -1865
3610 8420 10954 -5406 -6108 -1066
3184 8085 11374 -4574 -4518 -330
3332 8126 11417 -4173 -3433 177
3442 8146 11857 -3885 -2333 368
3990 8012 12120 -3707 -1182 538
4805 7882 12533 -3844 -56 1049
5901 7720 12922 -4115 1001 2028
6536 7181 13065 -4798 1901 3446
6140 6458 12740 -5575 2171 4170
6220 5842 12792 -4647 1319 3934
6349 5504 12824 -3316 552 2953
7190 4788 12993 -3050 325 2077
7474 4560 12857 -2491 643 1545
7992 4264 13108 -2331 1807 1225
8088 3961 12813 -2095 2238 1224
8045 3654 12898 -1775 2242 708
7953 3292 12892 -1565 2257 144
7765 3278 12981 -1330 1765 91
8240 3350 13206 -1475 1028 578
8520 3410 13605 -2283 988 1438
8461 3338 13853 -2890 1374 1272
8525 2825 14110 -3136 1874 1634
8033 2648 14398 -3101 2311 759
8322 2665 14273 -2410 2330 381
8164 2788 14280 -1340 1415 385
8510 2812 14234 -522 491 91
8880 2685 14128 -125 -448 -32
9100 2738 14186 604 -763 -511
9170 2429 14089 997 -399 -1344
8849 2297 14008 1659 244 -2386
8725 2357 13996 2434 772 -3441
8732 2642 14021 3199 1095 -4076
8729 3008 13956 3561 1112 -4427
8781 3572 13857 3446 629 -4492
8980 4180 13909 3180 539 -3754
9202 4250 13957 2310 582 -3186
9348 4556 14234 1298 836 -2570
9289 4578 14220 435 1163 -2024
9053 4270 14393 -480 1926 -1622
8750 4104 14560 -967 2640 -1341
8458 4049 14698 -1204 3034 -1504
8318 3882 15044 -1423 3192 -1774
8120 3900 14844 -1273 2877 -1862
8406 4269 14849 -721 2073 -1427
8400 4292 14985 -90 1102 -1377
8110 4464 14825 658 130 -1638
7910 4604 14633 1010 -211 -1871
7526 4950 14234 1145 -288 -1947
7341 5209 13862 1400 -156 -1896
7301 5437 13538 1616 287 -1676
7469 5714 13341 1886 637 -1188
7174 5966 13220 1931 927 -858
7057 5985 13005 1646 1289 -401
7293 5930 13134 886 1742 561
7444 5736 13293 -135 2665 1752
7501 5397 13570 -1049 4328 2403