11564 4934 10914 -177 271 248
11804 5038 11052 -511 -520 416
12042 4930 11054 -778 -1387 487
12285 4728 11038 -935 -2125 287
12537 4392 10938 -847 -2484 -198
12605 4286 10781 -588 -2180 -724
12596 4216 10620 -323 -1725 -1010
12619 4165 10559 -7 -970 -1444
12748 4110 10710 27 -457 -1825
12917 4242 10857 -230 -611 -1976
13057 4010 11406 306 -1600 -2059
13892 3194 11636 2327 -2528 -2202
13912 3525 11397 4911 -2545 -2655
13884 3820 10853 6818 -915 -3945
13433 4436 10430 7410 1098 -5634
13305 4600 10561 7174 2276 -7026
13248 4569 10976 6590 2019 -7649
13208 4470 11198 5906 573 -7371
13402 3945 11628 5786 -2121 -6964
13457 3766 11564 6005 -4673 -7079
13745 3270 11632 6544 -7051 -7544
13836 2954 11094 7484 -8305 -8372
13329 2881 10593 8419 -8451 -9492
13405 3129 9926 8960 -7267 -10950
12957 3302 9213 9822 -5639 -12103
12317 3509 9321 11682 -4764 -12948
13153 2872 9148 13097 -4508 -13890
11993 3342 8221 14166 -2940 -14836
10898 4294 7901 14025 -2361 -16452
10344 5434 7113 13938 -2003 -17107
9162 6120 6592 12837 -2059 -17561
8909 6557 6212 11442 -2534 -17607
8234 6652 6280 10258 -3517 -16989
7637 6565 5826 9010 -4233 -16337
6881 6497 5557 8093 -4910 -15891
6566 6413 4777 7958 -5088 -16160
5308 6612 3890 8685 -4975 -16791
4404 7414 2462 9941 -4227 -17893
3208 8218 850 11944 -2562 -19228
2846 9261 356 13231 -287 -20591
2025 10908 -378 12929 2812 -20973
880 11534 -878 13345 5715 -21420
408 12973 -984 12362 8931 -21270
-432 14368 -1342 11298 11391 -20382
-402 15096 -1260 10838 13242 -19642
-328 14838 -696 9841 13841 -18869
-829 14538 -352 8649 13840 -18833
-1193 14548 -188 7201 13296 -19019
-1569 14401 -574 7029 12912 -18945
-1166 15362 -381 6115 12750 -18658
-746 16160 409 5061 12312 -18082
900 17013 1476 3149 11795 -17681
1021 17957 1920 1986 10858 -16269
109 17540 2200 1749 10324 -16448
-232 17380 2508 1854 10304 -17250
-1530 17529 2312 2875 10758 -18301
-2392 17933 2601 4256 10978 -19453
-2604 19365 2805 4109 11698 -19438
-2806 20946 3833 2729 11801 -17674
-2644 22036 4294 -1424 12158 -15124
-3404 22902 5957 -6008 12006 -12262
-2236 21840 7686 -11370 10664 -9741
-3357 20821 9132 -14985 6129 -7475
-2164 19320 10154 -18121 2013 -8728
-1681 19520 12197 -20335 -4273 -7462
-1941 20444 12360 -24159 -8476 -6166
-613 20661 12952 -26475 -9245 -3732
1114 20249 14842 -29071 -10034 -896
1722 18896 16446 -31751 -10077 444
3294 16445 18005 -32751 -10401 -41
2845 15425 19329 -30843 -10995 -661
2124 16277 20724 -26316 -11844 -2861
2786 15578 21973 -20492 -10973 -7541
2838 17450 22064 -13002 -8994 -10974
2145 19730 20513 -6639 -6420 -12854
1469 21662 19888 -1233 -4293 -11678
1157 22512 20772 -1117 -4652 -8708
1794 22108 22306 -6064 -5353 -5777
1940 21178 20944 -10098 -7190 -4576
2076 19122 20218 -11889 -9730 -3742
1288 18401 19337 -12903 -12047 -4121
1646 17001 18340 -14025 -13764 -5888
1080 16458 17504 -14530 -14077 -6637
480 14794 17909 -14248 -15038 -7373
1470 14269 18554 -12223 -15599 -7753
1192 15024 18732 -9675 -15739 -8443
160 15940 17782 -6917 -14919 -9180
-658 15916 17517 -4464 -13775 -9639
-1148 16162 17468 -3101 -12640 -9101
-2289 16422 17516 -3296 -12527 -7751
-2037 16909 17198 -4330 -13466 -6153
-1692 17673 16650 -4841 -14145 -4870
-2325 17933 15816 -5384 -15206 -5362
-3797 17506 14574 -5276 -15744 -5905
-3860 17373 13776 -4811 -15344 -5854
-3822 17890 12998 -3957 -14118 -5143
-3784 17946 11886 -3384 -12158 -3993
-3524 17409 11396 -2399 -9985 -2936
-3886 17185 10846 -1919 -8544 -1875
-4146 16913 10222 -2212 -8261 -1258
-3754 16168 9770 -2515 -7771 -522
-3288 15865 9190 -3003 -7002 592
-3161 15122 8602 -3509 -6079 1643
-2614 14413 8413 -3912 -5169 2411
-1728 13728 8436 -3663 -4090 3106
-1160 13393 8690 -3791 -2977 3509
-854 13020 8893 -4216 -1976 3835
-774 12409 9064 -4983 -1391 4395
-406 11948 9440 -5518 -1164 4883
44 11570 9829 -5815 -862 5276
398 11324 10268 -6310 -815 5350
1210 10686 10504 -6353 -108 5291
1208 10518 10878 -6129 437 5331
1996 10176 11317 -6346 776 5105
2618 10154 11969 -7002 1226 5084
1812 10073 12293 -7499 892 5126
3662 10134 13672 -8723 1111 4644
2984 9585 13874 -9586 1172 5274
3456 9513 14445 -10485 1972 5602
2874 9125 14677 -11233 1629 5770
3265 8564 15572 -11460 410 5755
3317 8545 16305 -11393 -605 5383
4617 7838 16766 -11255 -1141 4923
4070 7169 16996 -10458 -1313 4076
4465 6986 17092 -9025 -1053 3165
4050 7317 16729 -8293 -642 2729
3818 7525 16344 -8169 -929 2648
3814 7406 16461 -8096 -1354 2666
4517 7214 16477 -7773 -1531 2389
4993 6542 16198 -6761 -1552 2054
4905 6114 16022 -5344 -1490 1475
4612 5746 15994 -4003 -1467 591
4590 5750 15925 -2901 -1484 -107
4614 6125 16053 -1965 -1205 -609
4594 6482 15761 -1107 -1046 -871
4524 6801 15530 -934 -675 -671
4498 7041 15430 -1379 -556 -220
4521 7045 15365 -1955 -839 171
4700 6800 15333 -2485 -1245 432
4805 6524 15197 -2707 -1222 543
4821 6117 14977 -2400 -1780 424
4952 5780 14913 -1476 -1938 -21
5044 5732 14924 -392 -1879 -674
5144 5864 14926 446 -1553 -1227
5250 6089 15017 1048 -1107 -1614
5241 6260 15020 1395 -644 -1736
5246 6445 15056 1423 -333 -1689
5401 6476 14904 1229 -251 -1714
5493 6428 14693 975 -333 -1644
5370 6490 14645 876 -345 -1628
5442 6529 14585 613 -372 -1776
5569 6650 14544 412 -303 -1854
5649 6658 14536 232 -155 -1873
5660 6734 14546 249 334 -1775
5421 6978 14525 428 872 -1555
5340 7165 14561 413 1195 -1543
5341 7277 14689 283 1318 -1551
5194 7353 14661 -28 1250 -1445
4992 7213 14625 -419 1091 -1208
5048 7357 14634 -736 967 -846
5194 7400 14806 -1001 922 -650
5186 7358 14870 -1114 796 -631
5122 7302 14952 -1139 842 -552
4981 7506 14922 -1106 969 -378
4958 7717 14993 -1161 1181 -156
5132 7637 15192 -1223 1377 93
5122 7536 15205 -1252 1487 267
4973 7260 15140 -1185 1351 318
4844 7161 15110 -1062 1102 438
4828 7270 15293 -885 1039 506
4782 7302 15414 -779 1095 509
4798 7232 15428 -547 1137 357
4722 7485 15504 -308 1185 353
4530 7816 15517 -392 1128 339
4540 7861 15526 -595 972 402
4437 7800 15408 -698 720 494
4408 7737 15268 -726 468 730
4481 7773 15362 -808 234 930
4552 7837 15356 -1035 -57 1099
4704 7840 15432 -1263 -246 1306
4966 7696 15668 -1246 -237 1467
5042 7565 15878 -934 -83 1608
5004 7372 16120 -291 169 1499
5014 7365 16289 424 363 1345
4813 7568 16192 912 435 1082
4921 7388 16078 1100 390 1013
5258 7298 16145 1050 309 1216
5388 7085 16140 952 263 1443
5265 6996 16177 916 156 1455
5300 6774 16128 905 -179 1250
4982 6765 16256 1170 -501 639
4978 6625 16141 1302 -936 161
4918 6602 15906 1966 -1024 -116
4904 6794 15646 2653 -768 -266
5122 6661 15498 3229 -336 -379
5200 6958 15306 3469 16 -380
5065 7270 15260 3223 260 -467
5056 7268 15185 2627 336 -373
4977 7176 15033 1962 139 -91
4792 6985 14988 1438 -78 321