-17200 556 9218 7632 -2151 9754
-17169 1020 9489 6634 -2578 10120
-17168 1597 10034 5496 -2951 10587
-17121 2054 10472 4394 -3252 11253
-17210 2593 10962 3480 -3443 12044
-17337 3169 11362 2663 -3833 12728
-17541 3926 12148 1897 -4476 14124
-17797 4789 13089 916 -5341 15214
-18021 5782 14138 -23 -6207 16211
-18454 6553 15108 -566 -6864 16899
-19252 7688 15860 -594 -7679 17593
-20056 8848 16440 -323 -8788 18397
-20189 9546 16876 -120 -10343 19081
-20053 9842 17368 568 -11733 19940
-20018 10341 17804 1674 -13059 20949
-20220 10873 18122 2882 -14283 22385
-20325 11002 18285 4007 -15246 23420
-20132 11444 17950 5074 -16058 24611
-19964 11717 17485 5910 -16835 25719
-19897 12128 16870 6371 -17418 26587
-19752 12468 15922 6047 -17986 27182
-19561 13032 14952 4700 -18388 27902
-19060 13466 14085 2529 -18563 28795
-18552 13396 13517 319 -18477 29793
-18125 13360 12876 -1157 -18200 30519
-18280 13654 12033 -1737 -18203 31264
-17562 13662 11185 -1772 -18456 32290
-17578 12992 10362 -1587 -18313 32767
-17138 13426 9833 -1673 -17825 32767
-16440 13469 9157 -2391 -17464 32767
-15002 13156 8272 -3136 -17022 32767
-14206 12722 7736 -3870 -16767 32767
-13587 12622 7141 -5095 -16585 32767
-11882 11316 6729 -6629 -16604 32767
-11329 11177 6726 -7856 -16484 32767
-10256 9501 6468 -8749 -16704 32767
-8217 7328 6150 -8966 -16604 32767
-6550 6025 5673 -8558 -16488 32767
-4354 4629 5461 -7421 -16141 32767
-3366 4293 5516 -6312 -15719 32767
-2048 3732 5437 -5531 -15322 32767
-1468 3896 5394 -5370 -15091 32767
-106 3392 5442 -5837 -14602 32767
413 3825 5609 -6910 -13996 32503
2064 3334 5901 -8229 -13412 31205
2444 3521 6358 -9484 -12924 29930
3484 2581 6681 -9875 -12199 28471
4496 1854 7245 -8556 -10996 27202
4993 1385 7677 -6386 -9835 26488
5829 834 7888 -3897 -8561 25725
6080 485 7940 -1636 -6991 24650
6596 846 8466 -302 -6029 23562
6684 693 8961 315 -6202 21961
6850 586 9440 544 -6609 20286
7285 316 9884 -10 -7256 18374
8289 -492 10249 -751 -7467 16727
8981 -1318 10573 -1364 -7197 15429
9796 -2024 10736 -1185 -6317 13836
9886 -1977 10702 -475 -5202 12113
10008 -1556 10510 214 -3755 10250
9933 -853 10066 577 -1937 8382
10381 -712 9969 718 -583 7092
10470 82 10268 477 73 6322
10848 484 10521 184 176 5848
11353 348 10657 429 167 5375
11478 1036 10936 1093 250 4642
10704 2461 11021 1330 72 3378
11146 2766 10893 1112 353 2000
11405 3064 10954 860 800 725
11745 3178 11197 626 1168 -146
11874 3236 11606 275 1323 -900
12137 2940 11972 414 750 -1455
12080 2753 12352 959 -116 -1869
12346 2322 12444 1575 -827 -2219
12566 1837 12628 2323 -1286 -2549
12572 1682 12709 2717 -1185 -3017
12581 1462 12818 2993 -963 -3578
12685 896 13234 3498 -890 -4456
12637 656 13437 4370 -1323 -5647
12388 -137 13813 5541 -1912 -7238
12912 -1341 14318 7755 -3564 -9013
13069 -1845 14014 10833 -4671 -9925
12368 -1170 13505 13752 -5118 -10541
11708 -508 12793 16199 -4565 -11258
11461 398 11820 18031 -3278 -12460
11097 949 11936 18745 -2787 -13901
10809 1257 11317 19583 -2447 -15979
10062 2330 11182 20471 -4044 -17322
9618 2533 10029 21207 -5159 -18487
8713 3128 9122 21590 -6097 -18974
8290 3445 7586 22238 -6941 -19433
7124 4104 6448 22095 -6472 -20347
7133 5165 5733 22367 -6931 -20902
5720 5680 4542 22167 -6726 -21674
5500 6470 4586 22087 -7835 -22532
5162 5917 3245 22293 -8455 -23395
4216 6570 2626 22057 -8269 -23709
3758 7304 1750 21029 -7644 -24081
3040 8269 897 20258 -6483 -23831
2529 8842 589 19224 -5518 -23446
1268 9410 -450 18552 -3994 -23212
424 9733 -762 17991 -2823 -23077
-60 10440 -1924 18397 -1167 -23399
-1 11224 -2130 18039 265 -22995
284 12476 -2550 17353 1854 -22422
388 12961 -2929 17373 3275 -21609
112 13920 -2717 16284 4588 -20506
-334 13984 -2558 14871 5322 -19964
-1812 13749 -2958 13907 5766 -19615
-2876 14129 -3477 13267 5272 -20428
-3677 14350 -4078 13009 4493 -20951
-2957 15510 -4122 12177 3536 -21609
-2776 16110 -3788 10111 2767 -20549
-3272 16584 -2901 7454 1940 -19584
-3110 17120 -2129 3607 1256 -18586
-3044 17253 -1592 -130 395 -17748
-3242 18356 -980 -3252 -528 -17465
-3410 19722 -61 -6193 -1714 -17228
-3997 19948 793 -9006 -2464 -17608
-4528 20264 2836 -11209 -4048 -17949
-4629 19422 3514 -11708 -5485 -18158
-4902 20317 4766 -10958 -6192 -18034
-5065 22030 5434 -10818 -5817 -17374
-6110 24606 5962 -12813 -4309 -16668
-6853 27437 6586 -19608 -1778 -16255
-7372 28206 7817 -29388 435 -16404
-6366 25820 9348 -32768 307 -16812
-5194 22362 11760 -32768 -4397 -16929
-4269 19576 13338 -32768 -10623 -16369
-4434 18874 14646 -32546 -16042 -15200
-4764 20216 15457 -31522 -19837 -13602
-4780 21078 15329 -32350 -21569 -11662
-4514 21218 14972 -32768 -19431 -9361
-3520 20497 15609 -32768 -14703 -8809
-3961 19358 17718 -32768 -12180 -9472
-4601 17742 19280 -32768 -17165 -11629
-3289 15940 20101 -32589 -15710 -13496
-4276 15541 21126 -29141 -15264 -13363
-4601 15505 21870 -24402 -14527 -11373
-4161 15634 22304 -21994 -13784 -8453
-4221 15880 22237 -21257 -13080 -5533
-3296 14896 21894 -20545 -11819 -3423
-2461 13589 21548 -19437 -11311 -2973
-2360 12746 21121 -18439 -11679 -3483
-1977 11660 20876 -17812 -12199 -4351
-1724 9964 20738 -16206 -12956 -4684
-1436 8904 20724 -14000 -13647 -4366
-1708 8886 20333 -13183 -14482 -3484
-1669 9333 19805 -13618 -14993 -3030
-1452 9289 19230 -14693 -14987 -2904
-953 8536 19014 -15233 -14349 -3168
-488 7484 18766 -14649 -13457 -3337
16 6598 18653 -13158 -12403 -3294
-193 6237 18096 -11732 -11775 -3033
-96 5877 17669 -10421 -11384 -3088
489 5690 17561 -9374 -11100 -3196
760 5521 17692 -8478 -10455 -3059
630 5798 17465 -8308 -9833 -3093
253 6201 16944 -9087 -9356 -3004
862 5344 16568 -9520 -9171 -2960
1058 4774 16266 -9039 -8740 -2903
1513 4282 16144 -8157 -8504 -2535
1730 3966 15984 -7328 -8304 -2034
1592 4050 15866 -6751 -7661 -1961
1698 4012 15689 -6637 -7659 -1806
1540 4865 15584 -7092 -7427 -1765
1578 5208 15332 -7675 -7490 -1830
2157 4932 15609 -7799 -7216 -1755
2388 4062 15601 -7251 -6710 -1091
2385 3525 15725 -6207 -6149 -43
2193 3640 15664 -5120 -5310 980
2938 3562 15673 -4894 -4638 1860
2928 3648 15452 -4375 -4008 2254
3150 3404 15329 -4006 -3175 2232
3368 3004 15312 -4198 -2492 2094
3013 2480 15274 -4440 -2142 1544
3397 1841 15837 -4372 -1637 1503
3002 1502 15909 -3535 -1295 1307
3114 1249 16210 -2482 -1006 1148
3128 1554 16209 -1403 -947 680
3164 2338 16164 -886 -965 255
3237 2934 16101 -1106 -1224 -179
3258 3066 15901 -1933 -1413 -178
3192 3182 15882 -2939 -1550 200
3104 3158 16158 -3492 -1886 770
3124 2932 16238 -3273 -1976 1260
3240 2710 16204 -2117 -1938 1576
3021 2702 15870 -772 -1494 1504
3072 2933 15536 256 -1033 1191
3114 3026 15184 795 -677 923
3117 2772 14877 987 -587 839
3354 2589 14752 751 -374 1236
3284 2606 14577 323 -200 1702
3457 2464 14528 -110 -139 1662
3457 2162 14408 -215 -98 1275
3388 2156 14289 -286 -175 630
3202 2038 14176 -134 -94 231
2951 1950 14165 64 93 172
2705 2571 14080 34 224 282
2768 2977 13964 -883 38 175