-420 17680 12176 13360 2824 12154
-294 18118 11543 12717 3495 12936
-350 17892 11346 11681 3859 12929
-141 17844 10836 11074 3532 13156
-590 17484 10324 9760 3835 13300
128 17198 10024 8438 3670 14220
272 17347 10165 7205 3211 15453
1014 16465 9790 7137 2049 16157
1096 16432 9380 6443 1785 16220
1670 15621 9374 5491 1085 16148
2228 15696 8961 4588 1044 15932
1956 16172 8748 3127 884 16176
2566 16092 8818 1744 268 16525
2945 15557 8847 231 -494 16802
2985 15121 8702 -1679 -1975 16934
3536 14248 8644 -3325 -2585 17040
3257 14076 8653 -4709 -3509 17233
4178 13220 8566 -6682 -4090 17650
4396 12510 8945 -8502 -4937 18387
5205 11264 9533 -8888 -6686 19396
6561 9555 9890 -6361 -8185 19534
7222 9122 9345 -3267 -6939 18194
7665 8778 8818 -1228 -4145 16494
7505 8731 8724 -1008 -303 14863
7656 8374 8774 -2077 2228 14043
8158 8267 9362 -3204 2399 14539
8896 8366 9508 -4506 777 15184
8576 8058 9448 -5845 -736 14834
8878 7208 9304 -6837 -1485 13744
8933 6849 9214 -7763 -1657 12431
9098 6422 9524 -8697 -1967 11242
9385 6277 9978 -8782 -2184 10425
9514 6246 10193 -8755 -2539 9775
9317 6721 10318 -8984 -2783 8784
9284 6820 10324 -9069 -3064 8177
9913 6189 10492 -8481 -2527 7671
9676 6060 10560 -6779 -669 7302
9655 6108 10260 -4913 2567 6402
9200 6790 10400 -4223 5300 4813
8817 7157 10557 -4427 5393 4022
8852 7020 11363 -4542 3128 4392
9354 6296 11801 -3748 234 5313
10224 5712 11927 -2662 -1221 5509
10421 5674 11766 -1897 -980 4842
10398 5816 11707 -1352 943 4585
10300 5996 11496 -1312 2266 4350
10684 5575 11673 -1539 3173 3868
10916 5218 12014 -2216 2839 3221
11176 4912 12262 -2447 1521 3381
11412 4314 12320 -2421 112 3910
11532 3921 12304 -2266 -1274 4020
11980 3594 12040 -2348 -1943 3253
12120 3492 11888 -2324 -1870 2654
12257 3204 12133 -1694 -1241 1727
12205 2982 12175 -289 -102 560
12032 3104 12028 228 562 208
11900 3272 12274 565 694 -79
11888 3761 12532 424 109 -450
11964 3905 12701 73 -1105 -629
12349 3897 12837 -55 -2163 -590
13066 3844 12876 126 -3005 -520
13104 3906 12668 372 -3163 -616
13076 3793 12431 782 -2629 -1615
13318 3974 12224 1150 -1509 -2783
13544 4229 12399 1645 -896 -3256
13461 4448 12626 2264 -1062 -3685
13794 4281 12690 2992 -1875 -4251
13728 4470 12588 3846 -2516 -4886
13734 4774 12232 4424 -2329 -5517
13532 5264 11942 4739 -1746 -6271
13104 5750 11740 4613 -1091 -6972
12709 6024 11575 4497 -748 -7563
12536 5961 11494 4704 -815 -8162
12300 6062 11522 5224 -1364 -8438
12204 6250 11084 6320 -2099 -8832
11299 7047 10188 7585 -2208 -9713
10656 7724 9357 8131 -1625 -10784
9852 8368 8989 8311 -1054 -11463
9861 8430 8816 8701 -1122 -11660
9654 8568 8462 9251 -1338 -11713
9392 8524 8130 9657 -1597 -11720
8988 8594 7575 10041 -1804 -11986
8362 8858 6849 10309 -1822 -12501
7672 9313 6281 10361 -1714 -13249
7034 9930 6072 10490 -1935 -14357
6848 9972 5782 10955 -2663 -15330
6361 9815 5468 11922 -3661 -16051
6255 9850 4946 13558 -4323 -16762
5849 10491 4349 13921 -3510 -17257
5723 11168 3520 13730 -1418 -17382
5260 11790 3189 13173 932 -17088
4334 12263 3142 13090 2074 -17054
3408 12886 2611 13069 2387 -17640
2905 13611 2303 12708 2402 -18178
2532 14237 1958 12306 2168 -18026
2448 14488 1884 11677 2166 -17851
2059 14572 1963 11021 1754 -17144
1561 14547 1927 9535 1067 -16387
816 14477 1880 8592 452 -16197
89 14856 1541 7571 -44 -16418
-282 15524 1126 6816 -513 -16365
-822 15558 544 6483 -866 -16511
-1136 15771 607 5608 -1347 -16763
-1586 15948 1040 4860 -1839 -16683
-1521 16221 1627 3681 -2364 -16591
-947 17099 1969 2375 -2368 -15831
-684 17810 2021 1761 -1726 -14893
-848 17973 1822 1616 -460 -14668
-1669 17978 1684 1711 907 -15332
-2651 17949 1394 2269 2443 -16363
-3362 19436 1502 2837 3152 -16595
-3446 20607 2041 2251 2278 -15220
-3238 21305 3028 -159 259 -13318
-3173 21361 3366 -2474 -1082 -11930
-3025 21584 3932 -4398 -2591 -11082
-3149 21341 3900 -5843 -3391 -10790
-3408 21525 4053 -7218 -3908 -10929
-3582 21420 4068 -8633 -3854 -11048
-3534 21496 4244 -9395 -3279 -10772
-3600 21945 4716 -10537 -2382 -9865
-2825 21984 6102 -11778 -1811 -8545
-2650 21568 7053 -13032 -1776 -7975
-2948 21747 7512 -14110 -2421 -8671
-3116 22084 7909 -16599 -1957 -9188
-4461 23069 8378 -19559 -1566 -8320
-5058 23489 10205 -22476 -4315 -6962
-4223 22406 10075 -23970 -10876 -4884
-2538 20589 11489 -23228 -11790 -4701
-1746 19540 12590 -20819 -11622 -4915
-2332 20130 13521 -17254 -11018 -4944
-3802 21440 13470 -14225 -9482 -5547
-4304 21992 13373 -14149 -7790 -6371
-5285 22432 13660 -15089 -8454 -5606
-4738 21657 13965 -16194 -10536 -4512
-3785 20025 14588 -17605 -13012 -3321
-2459 18281 15271 -17493 -14981 -2035
-2273 17557 15562 -16738 -15648 -1262
-2392 17584 15522 -16071 -14962 -737
-3438 18018 15065 -15476 -14161 -414
-3645 17727 14875 -16556 -13894 -108
-3157 16332 14940 -19448 -13975 658
-1884 14276 15494 -19945 -13616 1456
-1033 12634 16194 -18485 -13267 2514
-1212 12228 16522 -16199 -12586 2219
-2056 12172 16522 -14180 -11630 1230
-2561 12117 15999 -13467 -10794 710
-2456 11753 15756 -13946 -10242 359
-1968 10976 15836 -14182 -9886 162
-1086 10066 16084 -13601 -9574 -225
-382 8930 16156 -11371 -9239 21
-862 8765 15730 -8155 -8797 -527
-1439 8786 15252 -6799 -7962 -1840
-1624 8571 14856 -7249 -7090 -2928
-1414 8362 14914 -7299 -6654 -3334
-697 7925 15150 -6450 -6362 -3285
-557 7706 15206 -5550 -6270 -2943
-758 7904 15220 -4712 -5947 -3025
-1210 8116 14942 -4214 -5375 -3315
-1794 8504 14876 -4770 -4665 -3589
-1275 8474 14576 -6045 -4847 -3464
-407 8318 14951 -7380 -4199 -3006
98 7821 15110 -7908 -3635 -2416
258 7530 15072 -7868 -3332 -2051
115 6973 14826 -7184 -2853 -1969
70 6851 14668 -5959 -1848 -2352
-5 6766 14826 -4757 -941 -2742
-576 7149 14850 -4602 -342 -3084
-616 7225 14844 -4776 -228 -3162
-286 7116 15056 -4862 -357 -2946
134 6788 15400 -4735 -763 -1980
976 5689 15470 -3669 -2397 -215
608 5300 16109 -1807 43 1158
596 5246 15620 -638 185 1517
350 5718 15730 84 2617 -969
32 6066 15210 833 2752 -4057
84 6053 14962 1058 1546 -4640
799 6527 14616 -65 -456 -2536
1365 6916 14641 -1727 -2294 -491
1476 6704 14531 -2081 -3067 757
1325 7052 14960 -2041 -2485 1307
1458 7018 14880 -1848 -1142 849
1608 7142 14748 -1437 130 -24
2056 7488 14746 -1717 779 -558
2725 7310 14819 -2901 -214 -741
3342 6596 15245 -3585 -1841 1456
3492 6172 15762 -3410 -1830 3529
3218 5940 15938 -2830 -789 4010
3057 5885 16130 -1855 223 2816
3157 5906 16338 -1015 1246 1141
3254 5848 16484 -204 1696 -279
3427 5475 16681 207 1700 -805
3398 5238 16576 387 1376 -304
3236 5156 16492 580 538 571
2960 5112 16198 723 -175 828
3004 5542 16433 728 -7 914
2774 5342 16757 616 1186 416
2434 5253 16697 691 1602 -122
2409 5418 16490 399 1585 -433
2934 5527 16277 -221 978 -239
3404 5519 16429 -1060 85 713