-906 14626 18328 3963 524 12563
-794 14567 18383 3468 -936 12942
-693 14194 18081 3735 -2576 13171
-125 13902 17973 5386 -2881 13564
-377 14509 17704 6494 -2728 14611
-1034 15245 17250 6189 -2331 15407
-1136 15061 16838 5099 -2171 15980
-1084 14918 16533 4195 -2551 16749
-770 14434 16080 3235 -3289 17313
-324 14040 15552 2512 -3936 17312
463 13253 15368 2362 -4646 16739
1187 12703 15117 3533 -4854 15991
1685 12793 15234 5803 -3847 15821
2158 12998 14956 7158 -2807 16146
2204 13089 14283 8002 -1556 16386
3180 13620 13697 7734 -134 17228
3446 14029 13620 6397 431 17929
3296 14317 13465 4181 316 18460
3868 12800 13170 2274 -419 18547
4101 11831 12905 813 -1128 18683
4277 10449 12515 224 -1954 18979
4436 10225 12241 -164 -2184 19123
4462 9993 11786 -1143 -2126 18885
4650 9480 11928 -1751 -1709 18558
4739 9333 11857 -2338 -1949 18106
5010 9104 11876 -3006 -3307 17771
5357 8678 11532 -3530 -4757 17192
6168 7580 11241 -3181 -5530 16269
6496 7424 10780 -2852 -5758 15635
6770 7125 10587 -2574 -5552 14976
7090 7057 10221 -2424 -5579 14143
7594 5949 9736 -2385 -5916 13283
7976 5216 9170 -2010 -6272 12725
8262 4809 8797 -1413 -6601 12376
8702 4526 8364 -786 -6715 11775
8832 4736 8322 -452 -6824 11187
9641 4356 7555 56 -6803 10124
9953 4216 6968 581 -5789 8701
10022 3884 6552 672 -4871 7769
10351 3737 6436 1020 -3048 7142
10950 3737 6390 1372 -1083 6642
10840 4268 6371 1371 32 6647
11314 3666 6525 1449 868 6366
10914 3902 6754 1066 1551 6120
10443 4751 7508 -268 1841 5816
10904 4676 7780 -1206 1355 5579
11250 4201 8328 -1365 21 5136
11760 3579 8770 -310 -1438 4818
11608 3621 8958 776 -701 4873
11498 3550 9291 1324 1587 4477
10875 3941 9765 1010 4107 3850
10476 4383 10482 -130 5269 3132
10490 4118 11338 -1238 4294 2860
10802 3531 12292 -1223 1091 3422
11410 2824 12376 396 -1865 4586
11772 2648 12186 1693 -1994 4925
11824 2743 11927 2527 -70 4409
11498 2975 11999 3032 3945 3008
10868 3598 12350 2804 5057 1892
10805 3732 12856 2517 3726 1625
10936 3909 13284 2516 526 2283
11259 4289 13162 2719 -1857 3114
11390 5036 12788 2727 -1532 2891
11461 5273 12334 2516 118 2088
11347 5864 12312 1978 2400 1020
10974 6469 12871 1039 3255 375
11194 6382 13532 379 2357 573
11299 6499 13862 -225 395 1098
11527 6275 13846 -913 -2082 1633
11789 5669 13239 -1345 -2250 1432
12117 5494 13052 -1459 -948 1084
12403 5183 12795 -1400 656 660
12328 5240 12703 -1480 1759 -18
12152 5148 12697 -1747 1617 -669
12006 4889 12595 -2097 644 -1041
11874 4792 12402 -2622 -588 -1088
11963 4313 12198 -3011 -1467 -1280
12299 3676 11895 -2402 -1798 -1695
12680 3346 11431 -909 -1319 -2286
13024 3654 10988 555 -213 -3108
12836 4178 10697 921 980 -3911
12737 4631 10772 232 1737 -4647
12374 4967 11146 -1424 1370 -5022
12249 4836 11503 -3295 -251 -5116
12569 4401 11786 -4264 -2211 -4953
13016 3727 11943 -4268 -3925 -4782
13332 3316 11964 -3689 -4903 -4756
13633 2955 11638 -2445 -4660 -5012
13716 3045 11032 -822 -3302 -5949
13465 3393 10553 528 -1413 -7161
13276 3746 10310 1496 -189 -8266
12314 4599 10088 2831 929 -9529
11470 5969 9528 4230 898 -10015
10853 6862 9091 4589 772 -9759
10460 7454 8498 4749 907 -9520
10278 7609 8157 4968 938 -9280
10279 7767 8160 5573 489 -9197
10456 7546 8062 6400 -331 -9207
10455 7482 7845 7069 -1074 -9282
10756 7236 7702 8083 -2297 -9467
10869 6634 7236 9025 -2541 -9967
10680 6686 7039 10242 -2554 -10769
10670 6422 6873 10813 -1772 -11759
10329 6982 6773 11010 -89 -12158
9970 7077 6497 10590 1306 -12779
9364 7498 6916 9674 1975 -13528
9294 7236 7200 9382 1360 -14147
9208 7055 7100 9899 -236 -14642
8897 6910 6525 11244 -1527 -15190
8480 7037 5443 13037 -2035 -16139
7694 7597 4586 14435 -958 -17668
6970 8202 3914 15250 567 -18526
6101 8926 3406 15996 2425 -18969
5324 9390 3238 16526 3727 -19289
4684 9862 2532 16940 4928 -19718
3879 10608 1978 17228 5978 -20445
3347 12292 1716 16501 6304 -20226
2189 13187 1333 15128 6203 -19409
1794 13552 1042 13244 5597 -18674
1140 13685 909 11987 4906 -17907
930 14493 951 10438 4136 -17280
544 14681 793 8627 3681 -17082
112 15448 645 6082 4063 -16985
-101 16152 1176 2496 5176 -16422
204 17204 2637 -1667 5611 -15341
-6 17122 3325 -4166 5247 -14465
-247 17462 4348 -5728 4656 -14172
-664 17349 4978 -6777 4562 -14903
-1296 17460 5469 -7858 4971 -15672
-1462 17758 6237 -8710 5820 -15616
-1322 17905 7304 -8989 5941 -15045
-1244 18468 8540 -8793 5809 -14733
-1097 18894 9134 -8493 4804 -14581
-1580 19112 9390 -8216 4392 -15495
-1648 19518 10034 -8554 4371 -16369
-1478 19818 11154 -9158 4083 -16559
-1288 20016 12521 -9505 2843 -16269
-964 19521 13892 -9148 353 -16231
-788 18865 14616 -7457 -1764 -16338
-1832 19792 14776 -6403 -2238 -16281
-3060 21087 14524 -6056 -498 -16217
-6166 23568 14962 -9206 2840 -17231
-8568 25574 15714 -14381 2513 -17372
-9334 25396 16320 -16972 -728 -16409
-8037 23059 17237 -16467 -6726 -13968
-7713 22057 17136 -12603 -11766 -10265
-7576 22314 16710 -10877 -11712 -8643
-7820 22396 16200 -11425 -9358 -8532
-7863 21941 15942 -13925 -5099 -8644
-8938 22078 17172 -18159 -6254 -6975
-8146 20350 15561 -21674 -14266 -5652
-6944 18397 15568 -24014 -16518 -4791
-5791 16269 15894 -23997 -18211 -3488
-5277 15282 16152 -22404 -18858 -2039
-5826 14954 16052 -21225 -19198 -639
-6078 14905 15696 -20781 -19224 176
-6150 14588 15733 -22037 -20209 688
-4745 12705 16401 -23760 -20785 312
-2670 10912 17664 -21549 -18867 496
-2162 10506 18257 -18932 -16422 378
-2720 10358 18092 -17355 -14886 -278
-3452 9424 18040 -15957 -13593 -1823
-4422 8652 17573 -14174 -12376 -3314
-4322 7996 17394 -13248 -11671 -4338
-3880 7144 17288 -11088 -10841 -5211
-3321 6370 17010 -7525 -10139 -5986
-3585 6456 16808 -4389 -9592 -6633
-3688 6526 16257 -2067 -9076 -7380
-3382 6950 16066 -490 -8097 -7645
-3452 7570 15330 46 -6773 -7823
-2748 7645 15032 -1015 -5274 -7145
-2582 7174 14054 -928 -5047 -6930
-1665 6608 13196 -327 -5016 -5863
-661 6589 13033 259 -4988 -5199
-402 6780 13041 340 -4659 -4873
-832 7102 13202 -253 -4029 -3935
-1152 7412 13302 -1954 -3095 -3056
-571 6897 13490 -3677 -2608 -1819
312 6365 13634 -5065 -2063 -709
822 5450 13917 -4916 -2339 204
870 4964 14038 -4253 -2470 929
1258 4510 14441 -2980 -1635 1452
962 4440 14610 -1609 -174 569
837 4897 14825 -1139 950 -985
1029 5607 14975 -1573 -16 -2473
1429 5782 15028 -2509 -1521 -1057
1628 5686 15217 -3420 -2183 934
1761 5914 15129 -3754 -2690 1683
2156 6068 15252 -3609 -2432 891
2214 6330 15607 -2846 -1088 221
2049 6230 15870 -2238 30 24
1996 6072 16061 -1994 314 -58
2260 6199 16338 -2162 191 179
2332 6130 16741 -2364 50 858
1838 5968 17008 -2340 287 1386
1714 5964 17012 -1949 630 1201
1661 5917 17168 -1734 691 690
1404 5798 17337 -1515 525 579
1276 5673 17497 -1286 338 816
1096 5474 17512 -862 15 1063