4388 11666 10872 -430 -3998 13870
4702 11219 10633 -871 -4359 13487
5216 10718 10397 -1477 -4758 13003
6094 10212 10133 -1894 -5064 12766
6595 9954 9996 -2402 -5291 12430
7063 9582 10011 -3234 -5545 11690
7601 8701 10048 -3453 -6044 10682
7833 8594 9986 -3133 -5679 9915
7976 8465 9773 -2498 -4778 9148
7912 8724 9518 -2160 -3769 7980
7738 9205 9704 -2173 -3612 6719
7926 9800 9920 -2370 -4359 6069
8465 9869 9962 -2561 -5052 6162
8852 9976 9974 -2703 -5467 6064
9000 9930 9784 -2888 -5240 5611
8752 9982 9642 -3288 -4157 5028
8635 9994 9496 -3519 -2496 4399
8493 10245 9497 -3580 -1823 4137
8526 10378 9602 -3610 -2060 3977
8664 10498 9781 -3561 -2808 3943
8805 10379 10029 -3314 -3740 4088
9210 10188 10002 -2644 -4090 4265
9648 9893 9964 -1795 -3612 4420
10035 9820 9874 -1049 -2039 4293
9940 9972 9746 -548 -382 3745
9521 10125 9706 -484 652 3278
9362 10088 9797 -710 898 3151
9434 10045 10053 -940 348 3683
9770 9816 10249 -631 -416 4460
10292 9977 10328 201 -1696 5237
10927 9815 10380 1575 -2338 4967
10889 9851 10184 2923 -1469 4513
10690 10310 9744 3983 -49 4270
10730 10424 9565 4403 1218 4355
10570 10542 9538 4460 1773 4728
10542 10433 9544 4422 1827 5306
10379 10042 9772 3969 916 6402
10413 9731 9696 3390 53 7431
10657 9132 9560 3048 -16 7911
10552 8936 9501 2677 379 8043
10606 8346 9543 2322 813 7830
10644 7868 9732 2065 1209 7614
10688 7323 10001 1959 1235 7531
10953 6552 10083 2197 1124 7515
11249 6130 10056 2593 1186 7397
11262 5725 9935 3103 1415 6907
11178 5445 9900 3317 1841 6279
11358 5246 9961 3571 1960 5823
11404 5400 9987 3727 2062 5462
11677 5561 9997 3875 2055 5264
11810 5698 9944 4003 2112 5126
12054 5673 9960 4340 2289 4791
11896 5972 9913 4678 2702 4386
11926 6120 9730 4982 3255 3990
11790 6580 9722 5025 3831 3730
11877 7185 9826 4716 3930 3697
11908 7570 10208 4228 3338 3846
11986 7689 10420 3891 2444 4070
12152 7663 10529 3910 1870 4486
12201 7739 10554 4030 2305 4783
12154 7673 10531 3946 3322 4686
11969 7438 10708 3737 4007 4669
11933 7101 10944 3507 4076 4803
11901 7064 11204 3204 3679 5080
11950 6658 11399 2726 3076 5365
12006 6411 11503 2501 2750 5433
12092 5961 11489 2468 3030 5082
12122 5578 11556 2481 3362 4679
12157 5214 11625 2761 3408 4451
12208 5044 11725 3041 3157 4334
12190 4875 11908 3278 2643 4204
12530 4591 11830 3550 1904 4049
12643 4653 11624 3667 1627 3719
12830 4574 11632 3736 1447 3321
13074 4321 11618 3915 1320 2892
13233 4138 11737 4288 1184 2338
13485 3862 11749 4815 1099 1824
13524 3723 11586 5275 1182 1335
14077 3356 11672 5812 1018 792
14618 3364 11677 6448 927 398
14838 3173 11716 7092 234 -316
14668 3246 11810 7401 -312 -1426
14540 3109 11573 7617 -805 -2577
14700 3420 11437 8093 -1317 -3554
14590 3425 11264 8128 -1833 -4358
14802 3377 11457 8198 -2170 -4911
14349 3616 11101 8180 -2645 -5698
14025 3913 10849 8262 -3094 -6727
13848 4192 10372 8455 -2968 -7196
13674 4111 10138 8797 -3038 -8150
13224 4220 9692 9481 -2582 -9506
12489 4530 9110 10229 -1764 -10690
11835 4930 8657 10676 -1151 -11880
10773 5369 8217 10781 -246 -12858
9549 5688 7722 10789 -88 -14049
8964 5840 7432 11126 -707 -14977
8638 5935 6995 11735 -1740 -15824
8162 6058 6314 12655 -2954 -16419
7796 6508 5704 13104 -3255 -16869
6936 6474 5220 13408 -3312 -17679
5886 7133 4571 13628 -2116 -19261
4800 7540 4176 13810 -1400 -20456
3291 8588 3286 14136 150 -22001
1532 9781 2282 14709 1902 -23696
882 10592 2000 14807 2872 -24355
200 11466 1769 14445 3527 -24421
-385 11957 1404 13613 4378 -23959
-1406 13160 657 12770 5578 -22965
-2597 13852 178 11559 6534 -21928
-3789 14332 -628 10391 7385 -21017
-4309 15241 -858 8713 7969 -20085
-4116 16024 -694 7150 7886 -18616
-3797 16160 -451 5537 7225 -16816
-3184 16038 -144 3243 6068 -15207
-3280 15844 -134 1977 5386 -14547
-3281 16244 168 -162 4913 -14228
-3381 17010 197 -1939 5464 -13720
-3545 17660 168 -2361 6394 -13641
-3212 17869 833 -2935 7567 -13554
-3236 17860 1676 -3902 8343 -13851
-3643 18440 2856 -5213 8533 -13901
-3686 19189 3806 -6219 8649 -13429
-4021 20348 4832 -7380 8563 -12656
-4162 21013 5920 -9218 8668 -12397
-4169 21634 6968 -11806 8733 -12245
-3976 22218 7933 -14815 8957 -11805
-4122 22722 9313 -18058 8998 -11031
-3848 22820 10828 -21844 8472 -10033
-3836 22402 12188 -25313 6364 -9378
-2545 20645 14116 -26904 2707 -8702
-1986 19426 15506 -26320 -742 -7428
-418 18466 16810 -23198 -4084 -6084
-364 18240 17497 -19642 -5464 -6132
-198 18672 17713 -16855 -4880 -7710
-666 19622 17638 -15314 -2526 -9371
-1052 20090 17250 -15362 2189 -10538
-1050 20612 18450 -17283 3798 -10688
-1372 20801 21200 -18487 -3526 -8217
-306 19214 19608 -20391 -8253 -6864
134 17848 19566 -21526 -10392 -6037
50 16608 19433 -21404 -12296 -5615
1 15764 19189 -20146 -13713 -5395
-256 15536 19145 -18195 -14179 -5590
-1108 15648 18789 -16408 -14192 -5410
-1658 16129 18609 -15931 -14368 -5753
-1542 15452 18422 -15733 -14343 -6315
-909 14182 18341 -15364 -13827 -6410
-552 13788 18348 -14373 -13006 -6114
-752 13160 18285 -13064 -12150 -5815
-1328 13200 18146 -11460 -11644 -5730
-2196 13340 18025 -10606 -11755 -5848
-1925 13149 18237 -10667 -12427 -6320
-1673 13086 18198 -11281 -12773 -6010
-1189 12541 18132 -12125 -12633 -5906
-528 11976 18274 -12073 -11950 -5866
-837 11438 18582 -11188 -11097 -6392
-1117 11208 18710 -9438 -9800 -6839
-2196 11800 18674 -8176 -8995 -6786
-3305 12273 18212 -7207 -8664 -6063
-3534 12288 17541 -7165 -8788 -4903
-3077 11745 17425 -6900 -8985 -3922
-2121 11157 17278 -6642 -9261 -3559
-965 10457 16986 -6105 -9459 -2975
-793 10349 16668 -5813 -9849 -2665
-793 10082 16026 -6294 -10169 -2497
-758 9752 15460 -6951 -9919 -2375
-596 9534 14968 -7656 -9204 -1971
-337 8985 14598 -8119 -8311 -1783
316 8304 14468 -7698 -7165 -1580
634 7802 14264 -7135 -6216 -1466
770 7498 14088 -6636 -5205 -1749
568 7282 13673 -5863 -4559 -2183
449 7176 13366 -5530 -3963 -2758
713 6866 13262 -5350 -3420 -3197
881 6677 13198 -5246 -3345 -3291
1556 6342 13405 -5049 -3073 -3103
1858 6236 13584 -4917 -2746 -2511
1628 6076 13456 -4436 -2350 -2033
1486 6244 13433 -4006 -2055 -1835
1452 6476 13450 -3965 -1706 -1969
1604 6486 13277 -4126 -1313 -2370
1958 5945 13469 -3708 -1790 -2279
2692 5720 14298 -3744 -136 -1419
2608 5985 14149 -3341 475 -1383
2726 6205 14474 -3077 1758 -1917
2572 6477 14757 -3691 2027 -2809
2274 6748 14558 -4406 858 -4356
2344 6194 14621 -5312 -339 -4189
2790 5817 14786 -5982 -1504 -2043
2734 6016 14964 -5833 -1286 -360
2716 5861 14908 -4742 -1232 304
2720 5857 15188 -3943 -677 -86
2421 5966 15246 -3039 181 -1299
2424 5909 15268 -1903 1200 -2414
2596 5814 15389 -1070 1802 -2740
2365 6081 15180 -1064 1848 -2601
2500 5950 15164 -1564 1464 -2381
2938 5630 15236 -2005 629 -1775
2961 5529 15252 -2082 64 -1218
3202 5372 15308 -1702 -88 -1067