-8490 17093 4364 -3580 8031 -554
-9446 18426 4228 -3852 8447 -222
-10005 19528 4077 -4317 8435 661
-11140 21124 3878 -5066 7709 2134
-11589 22512 3854 -5999 6504 3930
-11774 23606 4214 -6761 4181 5871
-11637 24372 4481 -7327 1960 7813
-11393 25324 4745 -7564 403 9471
-11305 26141 5396 -8232 15 11508
-11453 26681 5569 -8868 817 13996
-11726 27236 6097 -9654 2548 16340
-12432 27489 6298 -10211 4231 18490
-12409 26582 6752 -10548 5560 19989
-12177 26701 7318 -9958 6341 22162
-11681 26074 7820 -8585 5869 24392
-11073 26122 8265 -6389 6159 26148
-10870 25996 8505 -3786 6372 27805
-10724 25870 8529 -360 7055 30058
-10429 25577 7753 3977 8791 32271
-11201 26592 6360 6803 13024 32767
-11981 28245 4829 6631 19946 32767
-12404 29582 3634 3888 27204 32767
-13101 29162 3686 -590 31362 32767
-13540 27393 3688 -6488 31283 32767
-13234 24930 4124 -12407 27422 32767
-12976 23044 4958 -16947 17487 32767
-11566 19481 4604 -21448 10084 32767
-9798 16022 5108 -25084 3984 32767
-8750 13870 5780 -27442 -1176 32767
-7738 12140 7054 -27719 -5902 32767
-6672 10449 7664 -26635 -11062 32767
-5358 8532 7254 -25295 -11845 32767
-3118 5929 7133 -24003 -10478 32767
-1466 4376 7466 -21810 -8962 32767
294 2644 7438 -18500 -6388 32677
1454 2109 7452 -14969 -4293 30742
2364 1884 7441 -12215 -2345 28020
3038 1993 7317 -10013 -1001 25345
3785 1890 7425 -8675 -760 22900
4713 1844 7372 -7405 -1045 20775
5093 2133 7365 -6094 -1485 18957
5528 2686 6994 -5165 -1810 17427
6123 3503 6607 -4433 -1618 15838
6588 4492 6061 -3978 -767 14464
7138 5194 5812 -3796 463 13291
7413 5868 5861 -3817 1761 11859
7272 6522 5944 -4010 2812 10141
7233 6969 6236 -4406 3281 8543
7390 7237 6605 -4897 3272 7528
7390 7518 7128 -5191 2388 7145
7738 7397 7676 -5361 1295 6786
8284 7229 8286 -5295 309 6454
8484 7438 8884 -5193 -33 6179
8837 7454 9481 -5012 100 5959
9229 7121 10044 -4514 747 5649
9605 6982 10429 -3812 1317 5369
9578 7213 10701 -2924 2406 5002
9638 7382 10972 -2494 3260 4526
9868 7354 11349 -2056 4305 4147
10014 7274 11726 -1478 4426 3712
10381 7082 11970 -873 4318 3439
10554 7113 12185 -663 3543 3285
10712 7041 12412 -701 2585 3190
10644 7054 12365 -1005 1678 3151
10840 6654 12326 -1379 920 3180
11041 6561 12262 -1421 591 3193
11282 6484 12142 -1226 393 3125
11462 6225 12073 -1068 569 2670
11657 6000 12002 -734 747 2197
11732 6054 11901 -533 1004 1725
11877 6061 12164 -623 1115 1315
11958 5690 12484 -498 764 1029
12062 5496 12764 -316 85 830
12376 5333 12981 -35 -662 755
12653 5093 13129 478 -1437 570
12992 4886 12957 924 -1722 232
13202 4612 13024 1564 -1959 -257
13537 4076 13225 2583 -2209 -969
13821 3641 13328 4119 -2544 -1639
13821 3962 12961 5489 -2454 -2339
13676 4253 12698 6266 -1930 -3122
13572 4720 12505 6442 -1364 -3997
13366 4998 12774 6497 -1350 -4836
13813 4325 12990 7162 -2494 -5433
13778 4613 13029 8099 -3696 -5885
13993 4556 12732 9083 -4991 -6342
13809 5069 12094 9913 -5499 -6831
13152 5672 11418 10762 -4746 -7699
12786 6109 10580 10731 -3655 -9105
12396 6480 10584 10972 -2939 -10052
12657 6417 10358 11790 -2701 -10972
12301 6721 10008 13109 -3379 -11427
11930 7073 9454 14523 -4383 -11957
11538 7305 8513 15622 -4665 -12616
10808 7841 7834 15874 -4614 -13531
10101 8282 6948 15877 -3934 -14471
9445 8413 6572 15941 -3549 -15287
8545 8642 5853 16006 -2996 -15805
7852 8402 5624 16038 -2970 -16397
6580 8330 5084 16306 -2951 -17167
5992 8234 4412 16742 -3112 -17709
4768 8186 3796 16762 -2165 -18370
3646 8569 2836 17140 -1357 -18819
2704 8546 2264 17185 -325 -19303
1626 8829 1416 17596 571 -19551
946 9181 912 17799 1591 -19828
-37 10053 693 17605 2097 -19879
-613 10713 480 16571 2502 -19743
-1572 11364 161 15170 2852 -19401
-1732 11933 -236 14156 2869 -19023
-1600 12366 -461 12621 3067 -18282
-1541 12921 -545 10809 3076 -17848
-1566 13369 -670 9603 3036 -17220
-1960 13514 -1036 8638 3598 -16914
-2676 13932 -1709 9077 4216 -16725
-3418 14356 -2229 9724 4915 -17164
-3972 14938 -2425 10107 5970 -18087
-4045 15881 -2074 9514 6780 -18547
-3661 17126 -1208 8202 7235 -18042
-3358 17804 -405 5680 7002 -16940
-3394 18306 110 3304 6648 -15469
-3765 18285 402 1176 5822 -14819
-4337 18450 773 -392 4973 -15052
-5006 18302 1040 -2382 4560 -16218
-5432 18813 1482 -3631 4179 -16304
-5550 19180 1977 -4374 3856 -15600
-5266 19657 3064 -6088 3663 -14752
-4506 19997 3972 -8555 3467 -13769
-4337 20645 4605 -10215 3032 -12713
-4785 20722 4761 -11023 2908 -12280
-5405 20936 5009 -11715 3217 -12730
-6016 20570 5105 -12339 3717 -13343
-6358 20753 5796 -13036 4256 -13316
-6141 20465 7288 -14578 3606 -12841
-5106 20157 8380 -15434 2555 -12180
-4101 20501 9780 -15942 451 -11265
-3890 20070 10060 -15818 -712 -10766
-4374 20145 10137 -16134 -1230 -10271
-4881 20293 9758 -17618 -244 -10374
-5574 20974 10090 -20152 1531 -10623
-5876 21206 10713 -22957 2867 -10788
-5102 19797 12742 -24614 830 -11181
-3604 18094 14117 -23406 -2643 -11591
-2978 17340 15141 -20347 -6612 -11678
-3349 17125 15518 -17445 -9719 -10873
-4384 17630 15804 -15435 -11827 -9125
-4857 18470 15445 -14555 -12109 -6853
-4417 18558 15992 -13717 -12223 -5385
-4185 19576 16129 -13232 -12565 -4584
-3340 19801 16757 -12835 -13194 -4662
-2046 18910 17820 -11690 -13774 -4930
-1878 18820 18628 -11208 -14090 -3959
-2429 19540 18712 -12237 -14926 -1760
-2810 20361 18816 -14542 -15881 104
-2833 20124 18517 -16822 -16564 997
-2150 18684 18470 -18646 -17147 947
-1548 17366 18818 -19245 -17337 1214
-1600 16517 18781 -18749 -17427 1386
-1921 15993 18565 -18615 -17823 1903
-1816 15676 18460 -18179 -17476 2603
-1629 14602 18178 -17241 -16759 3248
-924 13741 17965 -16580 -15525 3561
-340 12802 17958 -15680 -14043 3718
146 12358 17749 -14394 -12826 3366
-202 11578 17569 -13142 -11825 2397
-537 10856 17328 -11921 -11019 1246
-670 10430 17161 -10807 -10373 313
-596 10045 17162 -9818 -9519 -437
-160 9518 17213 -8445 -8686 -1050
-97 9338 17140 -7160 -8000 -1132
12 9048 16849 -6187 -7507 -1297
-372 8966 16430 -5097 -6833 -1339
-422 8897 16150 -4204 -6099 -1954
-154 8602 15790 -3216 -5463 -2686
-321 8737 15556 -2527 -4771 -3198
-418 8934 15380 -2405 -4439 -3494
-352 8877 15729 -2107 -4008 -3308
-729 8634 15878 -1380 -3899 -2700
-857 8614 15945 -416 -3880 -2042
-829 8933 15857 202 -3619 -1427
-786 9182 15590 629 -3395 -1164
-350 9364 15526 602 -3186 -1172
57 9454 15448 223 -2924 -1317
460 9138 15422 -272 -2669 -1477
820 8206 15246 -232 -2702 -828
594 7985 15017 513 -1773 -421
704 7910 14862 1735 -1107 -513
452 8116 14590 2607 -904 -1490
70 8792 14218 2685 -1416 -2221
112 9490 13989 1631 -2197 -2924
345 9297 13581 497 -2981 -2133
624 8997 13277 -646 -3601 -374
646 9124 12942 -1729 -3792 590
948 8889 12970 -2295 -3645 856
902 8784 13132 -2289 -3114 515
596 9016 13118 -1643 -1919 -47
689 9261 13482 -925 -699 -420
513 9627 13798 -660 338 -394
544 9606 14211 -786 753 44
432 9006 14202 -637 -81 99