2122 7300 16408 -3231 -1190 -5032
1772 7128 16341 -2935 -699 -5135
1813 7098 16436 -2332 -285 -5170
2100 7486 16797 -1958 294 -5356
2166 7966 17174 -1881 846 -5643
2038 8268 17717 -2226 1301 -5854
1748 8542 18333 -2718 1624 -5820
1277 8646 18902 -2770 1928 -5536
714 8680 19312 -2348 2084 -5034
540 8446 19689 -1711 2077 -4220
-164 8582 19948 -958 1833 -3596
-745 8352 20160 79 1036 -2923
-757 8079 20472 788 -410 -1765
-832 8508 20697 1389 -917 -1194
-869 8270 20700 2022 -1442 -1181
-958 7984 20687 2902 -1939 -1415
-1065 8169 20751 4015 -2526 -1481
-1298 8391 20988 5229 -3326 -995
-1616 8760 21300 5582 -3976 -492
-1688 8836 21095 6369 -4500 -66
-1956 8817 20737 7928 -5343 272
-2088 9081 20441 9658 -5697 298
-1914 9381 20177 11744 -5635 -218
-1786 10014 20050 13457 -5822 -765
-1962 10692 19554 14409 -5762 -1236
-2024 11454 18900 14946 -5889 -1358
-2611 13171 18311 14020 -6402 -136
-2624 13578 17562 11864 -7415 1320
-1857 13286 16888 10152 -8284 2602
-1265 12944 16300 8987 -8841 3802
-229 12333 15802 8604 -9039 4787
234 12384 15336 8399 -8908 5697
736 12868 14800 7680 -8118 6595
1301 12660 14205 6800 -6893 7176
1665 12530 13858 6015 -6091 7680
2073 11846 13628 5522 -5546 8261
2498 11492 13340 5937 -5281 8773
2857 11480 12956 6113 -5526 9263
3340 11332 12376 6029 -5913 9488
3868 11292 11945 5759 -6117 9594
4440 11112 11514 5429 -6078 9654
5382 10716 11188 5306 -5561 9674
6040 10618 11028 4962 -6071 9908
6598 10646 10216 4291 -5863 10251
6729 10558 9645 3401 -5349 10363
6928 10288 9522 2606 -5174 10536
7332 10028 9248 1392 -5041 10740
7662 10162 9520 494 -5362 11203
8018 9846 9387 -49 -5568 11318
8455 9375 9191 -663 -5759 11585
8568 9228 9077 -1565 -5621 11743
9134 8409 8789 -2565 -4977 11796
9062 8105 8717 -3550 -4038 11965
9248 7496 8612 -4322 -3287 12096
9587 7092 8942 -5159 -3034 12206
10034 6084 9402 -5672 -3871 12252
10292 5426 9520 -5766 -4716 12230
10448 5165 9513 -5554 -5242 12521
11018 4293 9354 -5155 -4804 12492
11245 4051 9539 -4632 -3984 12381
11320 3480 9377 -4255 -2582 11632
11372 3464 9368 -4204 -1728 11061
11224 3197 9587 -4454 -993 9869
11362 2768 10190 -5112 -878 8466
11812 2230 10529 -5386 -1976 7828
12026 2184 10818 -5250 -3239 7523
12060 2260 10644 -4853 -4475 7006
12386 1986 10396 -4312 -4944 6022
12454 2010 10301 -3902 -4769 4797
12845 1925 10308 -3798 -4138 3684
13277 1869 10625 -3594 -3628 2618
13246 2165 10807 -3580 -3761 1404
13436 2024 10834 -3555 -4050 404
13366 2148 10939 -3224 -4277 -697
13106 2362 11052 -2688 -4045 -2117
13069 2646 11100 -1963 -3647 -3475
13052 2690 11086 -1182 -3425 -4610
12922 2628 11073 -462 -3123 -5580
13021 2567 11036 656 -3294 -6318
13042 2653 10967 2187 -3830 -7087
12936 2786 10736 3423 -4080 -7841
12820 3064 10256 4604 -4012 -8919
12762 3613 9650 5382 -3441 -10082
12400 4381 9310 5536 -2942 -10973
12229 4846 9054 5499 -2908 -11676
12334 5098 9136 5640 -3180 -12069
12088 5054 8962 6019 -3661 -12381
12261 5404 8326 6651 -3954 -12707
11767 6042 7722 7261 -3464 -13292
10966 6628 7197 7179 -2349 -14375
10212 7410 7101 6883 -1687 -15474
9866 7537 6869 7081 -1859 -16253
9457 8204 6538 7179 -2055 -16675
9259 8520 6328 7188 -2509 -16964
9252 8652 6352 7307 -2844 -17143
9066 8916 6209 7456 -2798 -17376
8450 9874 6208 7675 -2478 -17686
7890 10156 6112 7670 -1838 -18338
7139 10920 5843 8041 -918 -19066
6353 11440 5676 8756 -66 -20114
5997 12009 5294 9696 619 -20576
5002 12358 4937 10583 1567 -20991
4684 12801 4664 11313 2204 -21032
4224 13027 4472 12138 2552 -20479
2968 13670 3856 12867 2910 -20177
2401 14085 3201 13398 3338 -20303
1803 14753 2629 13470 3599 -20313
1140 15379 2130 13198 3873 -20079
800 15798 2032 12246 3664 -19505
492 16034 1906 11008 3197 -18761
432 16446 1788 9784 2594 -17676
-90 16852 1582 8039 2121 -16313
-349 17213 1501 5743 2099 -15096
-336 16928 1624 4472 2045 -14362
-659 16617 1412 3597 2212 -13697
-917 16372 1324 3291 2238 -13144
-1156 16100 1112 3106 2637 -13166
-1186 16820 1071 2855 3286 -12983
-1124 17455 1316 1685 3673 -12575
-1032 17841 1849 -269 3472 -11812
-1265 17737 2256 -1858 2887 -11344
-1589 17642 2576 -2775 2405 -11159
-1400 17506 2960 -3486 2138 -11172
-1270 17810 3305 -3834 2189 -10536
-1454 18024 3498 -3679 2555 -10051
-1303 18569 3903 -3901 3248 -9955
-1620 19076 4382 -4767 3753 -10175
-1722 19376 5032 -6416 3551 -10178
-2318 19444 5754 -8368 2874 -9718
-2219 18956 6400 -9436 1530 -8977
-2046 18868 6916 -9844 208 -7997
-1584 19072 7322 -9977 -324 -7508
-1702 19028 7562 -10281 4 -7612
-1833 19351 7818 -11443 1318 -8146
-2077 19784 8516 -12975 2661 -8394
-1808 19245 9688 -14062 2383 -8418
-1674 18522 10418 -14397 1550 -8436
-2009 18147 10838 -13789 100 -8461
-2543 18544 11084 -12253 -931 -8279
-3153 19177 10978 -11272 -231 -7984
-3621 19617 11165 -11413 1840 -7713
-3244 19412 11910 -12742 3407 -7091
-2772 19186 13089 -15036 3233 -6396
-2810 18175 13731 -18518 1397 -6005
-3373 17534 14484 -19256 -3149 -5864
-3681 16958 14593 -18524 -7996 -5595
-3408 16458 14764 -18182 -9649 -5700
-3331 16427 15173 -17941 -11026 -5307
-3286 16306 15244 -17992 -11742 -4369
-3000 16338 15485 -18619 -11944 -3556
-3289 16105 15679 -19463 -11535 -3081
-3669 14497 15749 -18625 -11832 -3037
-3764 12300 16389 -15390 -11969 -3360
-3443 11756 17038 -9463 -11998 -3159
-4107 15027 17052 -4309 -12454 -2808
-3822 17240 17158 -4295 -13580 -2662
-2617 16780 16759 -7255 -14291 -2850
-1603 15937 16329 -10460 -14235 -2197
-744 15656 16234 -11496 -13280 -882
-1614 14930 15992 -11823 -12884 391
-1469 14288 16100 -11818 -12674 815
-1338 14222 16594 -11459 -12805 677
-800 14076 16628 -11077 -12534 690
-593 13651 16779 -10541 -11726 342
-285 12759 16746 -9578 -10345 -103
-154 12289 16629 -8607 -9212 -764
-333 11650 16269 -7079 -8381 -1576
-501 11353 16126 -5547 -7866 -2418
-534 11290 16172 -4199 -7460 -3382
-700 11590 16161 -3176 -7425 -3800
-685 11664 15940 -3330 -7521 -4015
-172 11486 15854 -4107 -7139 -3858
102 11218 15692 -4953 -6553 -3138
472 10769 15631 -5694 -5649 -2482
252 10107 15422 -5691 -4483 -2487
-52 9532 15099 -5378 -4243 -3048
76 9284 15049 -5123 -4386 -3436
286 9020 14738 -4708 -4417 -3470
527 8759 14619 -4472 -4305 -3196
1111 8193 14565 -4561 -3810 -2977
1367 7849 14513 -4182 -2800 -3178
1158 7598 14430 -3284 -1790 -3728
644 7548 14253 -2633 -1103 -4255
204 7654 14328 -2610 -951 -4582
-478 8004 14668 -2500 -1037 -4818
13 8226 15638 -2181 -1442 -4254
270 8065 16336 -1371 -946 -3193
501 8376 16366 -231 -206 -2184
387 8494 16174 1070 883 -2136
512 8418 15916 1235 1482 -3089
755 7769 14969 494 -126 -3689
1423 7729 14263 -1083 -2010 -2941
1814 7546 13836 -2317 -2876 -1509
1833 7565 13734 -2818 -2849 -1127
1817 7496 13998 -2751 -2336 -1435
1784 7848 14250 -2256 -1514 -1870
1698 8188 14450 -1356 -527 -2344
1552 8310 14568 -662 314 -2292
1457 8494 14665 -729 627 -1870
1593 8764 14686 -1276 582 -1404