3830 13913 16306 7226 91 10034
3806 13670 15938 8423 449 9223
4149 13473 15385 10412 1377 8638
4048 13972 14772 12542 2623 8333
3978 14136 14269 14125 3777 8190
3599 15181 13552 13676 4484 9062
3300 15208 12970 11143 4506 10359
3614 14840 12703 8358 3809 11670
3778 14540 12536 6435 2800 12486
4260 13426 12272 6045 2011 12341
5004 12852 11606 7088 1508 12471
5193 12844 10820 8839 1402 12952
5534 13025 10338 9111 1594 13659
5640 13719 10127 8188 1081 14679
6032 14162 10162 6263 74 15396
6018 14554 10145 4432 -1044 16130
6638 13640 10188 1770 -3283 16455
7153 13433 10413 608 -4910 16239
6838 14037 10384 942 -5188 15734
6878 13804 10042 1699 -4511 15385
7160 13093 9758 2221 -3282 15237
7040 12837 9658 2264 -1720 15148
6638 12878 9773 2021 -601 15332
5758 13216 9992 1156 -460 15486
5494 12753 10202 0 -877 15335
5266 12336 10268 -918 -1345 14929
5290 11368 10126 -825 -1409 14463
5612 10282 9896 745 -1167 14376
5496 10044 9596 2614 -457 14056
5610 9721 9181 3789 201 13981
5721 9914 8825 3990 1441 13567
5684 9962 8826 3662 1970 13294
6332 9858 8894 3130 2078 13186
7080 9426 9003 2763 1786 13227
7644 8684 8890 2790 953 13595
7976 8535 8585 2624 1433 13349
8666 8236 8560 2262 2167 13188
8945 7938 8512 1190 3575 12820
9336 7856 8865 -62 4193 12730
9745 7266 9088 -896 3607 12724
9928 6448 9313 -883 2114 12481
9897 6558 9616 -202 639 12039
10228 5895 9563 208 96 11134
10663 5349 10106 820 377 10123
10928 4272 10301 2166 413 10381
11170 4004 10458 3613 912 10177
11106 4734 10470 4620 1472 10024
10871 4888 10198 5075 2152 9649
10544 4939 10547 4999 2516 8527
10893 4682 10713 4799 2135 7691
10945 4776 10808 4551 1282 7507
11328 4660 10864 4211 391 7557
11482 4806 10960 3732 -630 7341
12032 4665 10576 3547 -1171 6939
12229 4497 10216 3742 -554 6707
12349 4511 9890 3940 982 6464
12278 4532 9793 3707 2587 6119
12352 4244 10138 3651 3026 5800
12756 4043 10566 3959 2375 5442
13018 3954 10825 4534 1073 5370
13207 4364 10780 4791 383 5263
13282 4701 10586 4367 1122 4469
13331 4834 10842 3541 2092 3383
13426 4588 11297 3132 2227 2703
13313 4133 11578 3506 1696 2439
12981 4022 11602 4382 746 2249
12793 4090 11497 5209 115 1886
12584 4158 11480 5643 -198 1539
12648 4186 11425 6082 -223 903
12826 4212 11396 6462 -190 262
12773 4175 11227 6689 -341 -387
12802 4136 11132 6599 -784 -1324
12964 4165 10997 6440 -1615 -2157
13176 4254 10902 6280 -2304 -2701
13379 4279 11138 6098 -3175 -3554
13816 4324 11134 6067 -4229 -4811
13158 4815 10741 5119 -4570 -6516
12600 4592 10352 3554 -4053 -8260
12503 5016 10000 2556 -3569 -9290
12109 5344 9620 2258 -3701 -9385
11810 5457 9200 2482 -4173 -9575
11418 5519 8873 2610 -4870 -10453
11586 5742 8488 2782 -5830 -11316
11617 5654 8221 3145 -6664 -12027
11233 5850 7966 3666 -6942 -12830
11102 5812 7668 4651 -6768 -13634
10489 6141 7166 5919 -5789 -14539
9768 6157 6476 7160 -3972 -16097
9420 6350 6144 8220 -1926 -17419
8313 6938 5580 9636 737 -19183
7242 7556 5292 11334 3005 -20683
6313 8288 4918 12724 4421 -21627
5425 9408 4798 13799 5531 -22215
4554 10473 4770 13929 5710 -22351
4013 11138 4813 13717 5388 -22078
3010 11344 4529 13761 4438 -21586
2205 11044 4049 14341 3288 -21343
1708 10930 3602 15288 2661 -21330
1074 11409 2718 16774 2276 -21385
389 13061 1329 17580 3644 -22219
346 14795 836 16902 5506 -22771
14 16145 706 15238 7231 -22731
-1360 15899 436 13433 8087 -22699
-2088 15700 350 11847 8427 -22488
-3048 15760 420 10559 8351 -21776
-2817 16707 796 8415 7287 -20686
-2878 17377 998 6038 5411 -19118
-3274 17093 1188 4371 3806 -18588
-3834 16878 1218 3262 2968 -18497
-4634 16614 928 3068 2157 -18627
-5261 16292 608 3876 2178 -19201
-5684 16945 296 4651 3037 -19992
-5210 18437 554 4714 3980 -20153
-5121 19802 630 4303 4917 -19446
-5290 20730 1056 3607 5519 -18603
-6230 21429 1175 2132 5676 -17930
-7293 21344 1692 -367 4877 -17777
-8086 20825 1930 -2114 3266 -17589
-8027 20997 2795 -2330 970 -16437
-7369 21648 3387 -2989 -1291 -14308
-6558 22391 4305 -4186 -2866 -12890
-6816 23205 4602 -5484 -3185 -12398
-7634 23401 4356 -6191 -2607 -12367
-8097 23542 4416 -6479 -1221 -12379
-8104 23658 5025 -6916 -407 -11736
-7417 23430 6549 -7817 -386 -10536
-6532 23336 7472 -9651 -1873 -7913
-5797 23088 8661 -10196 -5398 -6293
-5158 23344 8890 -12371 -7512 -6470
-5594 22802 8740 -14867 -8091 -5701
-5660 22081 9159 -17243 -7427 -4196
-5058 21321 10502 -18851 -9019 -3625
-4513 20466 11029 -17740 -13084 -2906
-4082 19972 11030 -15822 -12867 -3231
-4044 19580 11246 -13851 -12611 -3494
-4317 19269 11221 -11483 -12118 -3551
-4560 19060 11182 -10305 -11544 -3337
-5134 19520 11357 -10265 -11599 -2904
-5330 19776 11442 -11295 -11984 -2404
-5033 19102 11777 -12128 -12734 -2124
-4764 18453 12262 -11638 -12830 -2250
-4350 18022 12439 -10059 -12442 -1940
-4630 17636 12357 -8152 -12067 -1252
-4836 17810 12120 -7253 -12145 -604
-4672 17912 12066 -7304 -12187 -47
-4593 18388 12205 -8964 -12633 690
-3517 17669 12457 -11541 -13355 962
-2347 16013 12828 -11868 -13208 1612
-1993 15453 13186 -10657 -12606 2171
-2345 15572 13062 -9234 -12256 2614
-2860 15930 12749 -9049 -12647 2911
-2183 15528 12878 -10715 -13178 2713
-281 14463 13336 -12243 -13064 2730
766 12963 13685 -12041 -12562 2927
741 12492 14023 -10521 -12141 2453
20 12394 13671 -8852 -11799 1079
-488 12738 13429 -7934 -11874 355
-540 12652 13684 -7901 -12000 320
515 12316 13801 -8929 -12257 540
2121 11245 13898 -9916 -12011 1506
2888 11116 13800 -9860 -11804 1480
2684 10606 13684 -8809 -11283 1168
2113 10493 13377 -8467 -10606 -665
1581 10438 13469 -8318 -10357 -1395
1341 9974 13802 -8899 -9495 -2041
2204 9808 14191 -9065 -8326 -2370
2306 9688 13982 -8347 -7691 -2802
1940 9930 13933 -8042 -7246 -3488
1681 9551 14110 -7178 -6991 -3886
1083 9479 14065 -7382 -6096 -4837
1214 9496 14189 -7720 -5666 -5372
248 9520 14712 -7890 -5915 -5319
1661 8760 14929 -9662 -4226 -4928
1341 8562 14966 -9791 -3295 -4186
882 7990 14990 -9282 -2356 -4104
248 8004 14906 -8670 -1874 -4603
220 7740 14801 -7463 -1015 -5614
238 8076 15222 -5660 -217 -6283
367 8341 15727 -4779 184 -6337
540 8297 16406 -4285 572 -5768
361 8359 16755 -4043 580 -5025
121 8222 16843 -3525 416 -4366
204 7900 16797 -3067 320 -3796
68 7640 16654 -2429 418 -3390
102 7440 16616 -1744 175 -2926
41 7421 16412 -1253 363 -2680
-68 7396 16100 -1376 153 -2839
142 7384 15928 -1574 -721 -3014
404 7452 15920 -1660 -1338 -3107
616 7755 15630 -1754 -2208 -3187
625 7962 15416 -1832 -2956 -3338
1010 8075 15457 -1910 -2536 -3414
1272 8171 15588 -2100 -1169 -3674
1247 8707 15890 -1175 24 -3189
861 8520 15813 -669 258 -3071
886 8396 16009 -443 -236 -2925
1219 8386 16083 -316 -876 -2791
1370 8434 16114 -238 -1010 -2651
1509 8328 16232 -248 -958 -2421
1401 8366 16258 -3 -703 -2221