7817 5202 8888 25221 2701 -11853
7656 5732 8529 25423 1095 -11704
7805 6190 8534 25974 -230 -11425
8512 7030 9177 26142 -384 -11105
8948 7358 9736 25792 386 -10992
8945 7648 10001 25046 1739 -11298
8694 8109 10093 24331 2704 -11673
8172 8414 9973 23651 2913 -11958
8021 8944 9833 23161 2252 -12272
8077 9132 9633 23239 1294 -12510
8318 9374 9172 23873 202 -12662
8577 9644 8976 25189 -490 -12909
8613 10504 8702 26699 -491 -13537
8448 11361 8529 27722 118 -14231
8022 12333 7873 27871 405 -14891
7706 12320 7521 28696 482 -15320
7512 13088 7293 30160 377 -15964
7157 14566 7306 30610 195 -16431
6844 15762 7369 30039 -224 -16656
6576 16390 6844 28575 -720 -16560
6108 16202 6221 27176 -1290 -16282
5285 16032 5408 26298 -2212 -16004
4862 16853 4588 25299 -2903 -15756
4880 18124 4510 23371 -3283 -15481
4938 18650 4608 20381 -3255 -14936
4949 18384 4486 17254 -2760 -14449
4917 17828 4312 14845 -2069 -13952
4813 17317 4226 13258 -1322 -13425
4368 17276 3908 12547 -1147 -12935
4272 17525 4034 11703 -1092 -12727
4138 17889 4410 10386 -850 -12856
3970 18564 4780 8111 -558 -13343
3900 18749 5040 5646 -285 -13768
3830 18718 5400 3850 -55 -13969
3612 18585 5809 2388 106 -13798
3364 18690 6318 830 57 -13175
3284 18710 6844 -1563 -73 -12196
3200 18622 7474 -5047 -18 -10789
2820 18913 7836 -9651 264 -9190
2225 19076 7582 -14662 304 -7718
1233 18634 6956 -17776 -191 -6685
1085 17785 6608 -16943 -787 -6409
1042 17629 6578 -14193 -1545 -6452
1286 18345 6873 -11420 -2346 -6331
1736 19134 7534 -10852 -2818 -6663
1688 20136 8368 -13325 -2474 -6640
1718 20037 8836 -17788 -1550 -6406
1361 18373 8872 -20570 -379 -6111
1065 17588 8912 -18294 683 -6497
852 18105 9386 -13874 1034 -6802
564 19049 9724 -10539 396 -6942
381 20276 10084 -10026 -686 -7190
340 20937 10584 -12758 -1199 -7051
353 19941 11021 -17493 -1146 -6764
434 17209 11508 -20340 -266 -6620
214 16012 11734 -18922 845 -6812
-108 15984 11868 -14684 1455 -7382
-560 16616 11926 -10166 1037 -8417
-658 17212 12237 -8022 34 -9525
-768 17556 12556 -8092 -945 -10254
-892 17532 12517 -9661 -1811 -10986
-1277 16360 12260 -9599 -2613 -11247
-1644 16101 12273 -4496 -3563 -11539
-1677 17798 12653 1368 -5013 -11570
-1321 19901 12969 4879 -6692 -11305
-817 22098 13141 3856 -7894 -11110
-638 23329 13268 -1470 -8311 -10451
-570 22960 13188 -8381 -7934 -9729
-518 22232 12905 -13989 -6645 -9208
-802 20944 12633 -16866 -5074 -8625
-1386 19690 12213 -16607 -3801 -8104
-1973 18938 12192 -14807 -3111 -7524
-2289 18822 12030 -13770 -2813 -7212
-2321 18910 12048 -14852 -2569 -7141
-2800 18494 12116 -17622 -2254 -6692
-3333 17697 12404 -20937 -1776 -5728
-3380 16433 12542 -22966 -1026 -4964
-3289 15396 12701 -22263 -267 -4778
-3152 15448 13038 -20474 346 -5003
-3078 15473 13314 -18985 815 -5185
-3061 15328 13734 -19139 1416 -5427
-3104 15117 14264 -21356 2030 -5445
-3421 14401 14548 -24611 2784 -4888
-3890 12369 14777 -26514 3591 -3650
-4072 10930 14714 -26361 4515 -2684
-4268 10836 14873 -25098 5124 -2262
-4489 10506 15170 -23860 5432 -2447
-4694 10249 15152 -22855 5492 -2911
-4840 10113 15498 -22734 5654 -3336
-5074 9333 15666 -22992 5924 -3381
-5304 8437 15728 -23035 6092 -3299
-5506 7697 15824 -22541 6111 -3311
-5569 6408 16058 -20550 5777 -3477
-5537 5944 16222 -17531 5350 -3769
-5758 5714 16261 -14651 4629 -4168
-5918 5372 16193 -12594 3711 -4715
-6004 5372 16290 -11255 2616 -5128
-5934 5242 16382 -10597 1537 -5476
-5858 4968 16638 -10045 813 -5753
-5862 4548 16758 -9572 319 -5776
-6022 4528 16578 -9353 -123 -5845
-5977 3985 16293 -8743 -627 -6003
-5781 3633 16008 -7365 -1032 -6290
-5596 3074 15818 -5441 -1439 -6741
-5434 2542 15806 -3143 -1713 -7291
-5397 2501 15925 -1038 -2069 -7973
-5382 2445 16113 392 -2359 -8675
-5489 2641 16185 1290 -2783 -9408
-5530 2592 16081 1779 -3467 -9884
-5580 2700 16042 2039 -4186 -10094
-5481 3257 15761 1895 -5034 -10088
-5324 3360 15114 1940 -5883 -10004
-4974 3300 14470 2725 -6513 -10054
-4404 4142 14465 3538 -6465 -10176
-3930 5044 14701 3704 -5702 -10292
-3688 5564 14953 3106 -4342 -10233
-3784 5838 15057 2413 -2740 -9785
-3969 5854 14844 1661 -1546 -9067
-3809 6432 15076 410 -641 -8076
-3576 6930 15241 -1611 129 -6953
-3369 7066 15469 -4538 1180 -5771
-3296 5960 15374 -6928 2617 -4293
-3568 4824 15098 -8028 3899 -3156
-3960 4005 14736 -7975 5046 -1900
-4513 3285 14676 -7697 5549 -1037
-4517 2736 14896 -7403 6050 -683
-4364 2332 15093 -6816 6486 -622
-4500 1590 14889 -6496 7139 -1063
-4080 1365 14893 -5724 8074 -2060
-4014 1658 14976 -4628 9145 -3039
-3890 1978 14824 -3111 10220 -3757
-4424 2105 14828 -1794 11249 -4033
-5476 1910 14928 -561 11501 -3516
-6824 1760 14790 495 10710 -2347
-6446 1941 15044 968 9330 -1248
-7893 1814 14902 -17 8275 -222
-7137 1482 14866 -766 7046 278
-7349 1490 14992 -1753 5704 214
-7556 630 14942 -2721 4581 290
-7162 -144 14557 -2429 3964 215
-6961 -445 14677 -1820 3854 19
-6785 -477 14710 -1453 3971 -381
-6724 -377 14585 -1292 4322 -898
-6788 -194 14686 -994 4580 -1383
-6910 -176 14856 -568 4634 -1630
-7100 145 14906 -318 4521 -1582
-7284 546 15124 -340 4061 -1366
-7108 993 15086 -374 3173 -1224
-6992 1840 15057 -815 2411 -1077
-6846 1989 15417 -1944 2316 -572
-7153 1472 15234 -2614 2283 71
-7291 1051 15000 -2197 2021 700
-7345 737 15201 -839 1257 930
-7247 886 15711 14 445 664
-7393 976 15697 262 -306 268
-7489 1060 15485 384 -1105 29
-7314 1142 15260 638 -1732 -10
-7245 1152 15150 946 -2139 49
-6998 1262 15157 1208 -2157 169
-6816 1418 15230 1376 -1839 337
-6793 1765 15274 1136 -1283 421
-6796 1734 15280 771 -568 589
-6924 1569 15316 316 155 830
-6944 1389 15252 -3 773 1089
-6894 1174 15317 -332 1234 1245
-7036 886 15494 -652 1539 1373
-7372 538 15570 -925 1475 1458
-7553 308 15858 -891 1150 1482
-7528 257 15900 -609 730 1299
-7449 512 16026 -257 337 975
-7549 640 15986 200 -294 729
-7734 520 15856 782 -929 663
-7781 582 15817 1351 -1490 685
-7806 541 15737 1721 -2108 744
-7590 501 15773 1935 -2514 725
-7381 640 15933 1955 -2791 620
-7236 760 15928 1852 -3077 581
-7337 748 15737 1902 -3457 519
-7201 742 15654 1976 -3733 422
-6942 650 15664 2158 -3854 314
-6757 625 15649 2600 -3884 230
-6542 708 15709 3212 -3860 85
-6506 840 15749 3724 -3866 -50
-6572 982 15852 3952 -3920 -196
-6458 1360 15846 3883 -4043 -339
-6477 1428 15689 3629 -4206 -453
-6304 1570 15636 3399 -4330 -533
-6108 1728 15685 3253 -4345 -586
-5817 1877 15578 3105 -4223 -564
-5793 1946 15460 2986 -3972 -512
-5789 1981 15380 2802 -3607 -439
-5761 2125 15345 2545 -3267 -360
-5738 2181 15268 2044 -2894 -316
-5497 2324 15354 1498 -2382 -291
-5222 2333 15454 901 -1822 -218
-5246 2122 15393 431 -1171 -105
-5320 2170 15385 42 -559 26
-5407 2224 15435 -376 -91 55
-5375 2233 15443 -396 218 -30
-5430 2248 15448 -64 385 -97