-3529 14814 13544 7670 -2596 796
-3284 15510 13356 7500 -4920 943
-2714 16368 12768 7436 -5008 -24
-2397 17034 12433 6961 -4350 -875
-1793 17128 12874 6350 -3996 -1671
-1492 18131 13350 6514 -4109 -1464
-1500 18614 13057 6821 -4989 -549
-1216 18437 13073 6735 -5792 -133
-921 18877 12612 6687 -6352 1005
-996 19184 12368 6261 -6651 1732
-1107 20330 12020 5294 -6748 2890
-1513 21096 11702 3162 -7242 3464
-1130 21350 11668 2215 -8650 3829
-1619 21685 11572 817 -10358 4459
-982 21180 11419 -746 -12325 5712
-923 20813 10981 -1922 -13636 7263
-550 19977 10474 -2880 -13934 8377
-626 19660 10282 -3363 -13840 9274
-748 19146 9788 -3572 -13650 9658
-238 18636 9234 -3625 -13425 9783
166 18405 8657 -3262 -13499 9828
534 18236 8207 -2857 -13954 9713
836 17964 7889 -2891 -14131 9684
1609 17698 7616 -3491 -13941 9689
2170 17416 7301 -4692 -13746 10182
2986 16833 7068 -5952 -13552 10841
3477 16710 7065 -7333 -13523 11451
4252 16269 7124 -8641 -13872 11746
4792 15826 7100 -9323 -14208 11558
5234 15077 6954 -9563 -14718 11112
5529 14762 6557 -9588 -14289 10012
5948 14152 6169 -9894 -12960 9212
6254 13236 6010 -10404 -11671 8843
6519 12489 6066 -11011 -10450 8924
6762 12078 6346 -11475 -9800 9304
7176 11896 6404 -11738 -9476 9433
7173 11990 6373 -12089 -9070 9322
7535 11142 6136 -12409 -8184 8413
7344 11102 6112 -12479 -7526 7639
7572 10426 6200 -12703 -7138 7149
8227 9638 6676 -12582 -7694 6976
8488 9345 7133 -12017 -8373 7391
8901 8813 6972 -11866 -8797 7506
8997 7949 7099 -12018 -8764 6847
9703 6868 7286 -11941 -8468 5580
10508 5654 7342 -11694 -8010 4483
11342 4944 7300 -11258 -7731 3819
11552 4616 7254 -10758 -7302 2930
11846 4341 7310 -10680 -6664 1660
11892 4312 7382 -11216 -5867 441
12032 4134 7682 -11707 -5216 -439
12391 4479 7799 -12193 -4523 -1295
13053 4543 8013 -12549 -3835 -2152
13067 4575 8459 -12591 -3875 -3252
13040 4305 8751 -11947 -4126 -4184
12964 4468 8920 -11429 -4145 -4625
13091 4461 9248 -11169 -3981 -5086
13140 4816 9682 -11426 -3555 -5569
13176 5001 10021 -11858 -3270 -5934
13168 5125 10246 -12358 -3319 -6365
13293 4868 10546 -12533 -3780 -6896
13034 4890 10729 -12515 -4251 -7437
12854 4926 10790 -12468 -4785 -7918
12756 5027 10951 -12419 -5320 -8345
12696 5314 11162 -12374 -5724 -8451
12659 4928 11226 -12147 -6017 -8563
12741 4715 11480 -11771 -6191 -8766
13065 4426 11733 -11086 -6444 -8933
13213 4260 11713 -10257 -6732 -9067
13294 3960 11518 -9177 -6953 -9466
13467 3821 11419 -8099 -7226 -10329
13505 3868 11321 -7361 -7621 -11323
13426 3553 11389 -6785 -8244 -12198
13472 3624 11158 -5670 -9069 -13209
13104 3596 10542 -4496 -9583 -14001
12939 4393 9915 -3308 -9488 -14547
12092 4822 9612 -3212 -8768 -15599
12364 5428 9314 -3645 -8043 -16090
12166 5920 9144 -4393 -7643 -16521
11572 6558 8712 -5432 -7159 -16789
11104 6678 8732 -6067 -7394 -16759
10709 6797 8329 -6836 -7464 -16913
10018 6786 8002 -7468 -7491 -16836
9550 6652 8044 -7135 -7721 -16337
9385 6259 7726 -4962 -7903 -15914
9217 6265 7456 -3060 -7720 -16207
9174 6380 6978 -1677 -7220 -16834
8914 6659 6820 -506 -6732 -17727
8621 6872 6662 781 -6163 -18865
8206 7083 6297 2382 -5691 -19750
7550 7328 5936 3510 -5313 -20433
6900 7942 5542 4548 -4381 -21341
6442 8441 5292 5763 -3629 -22139
5892 9120 5206 6382 -2888 -22697
5392 9952 5132 6903 -2376 -23046
4750 10520 5306 7288 -2180 -23248
4385 10745 5441 7950 -2554 -23472
3870 10514 5038 8321 -2707 -23858
3324 10704 4274 8779 -2410 -24449
3236 11734 3710 8809 -1253 -24677
2593 12941 3042 9388 164 -24293
1537 13758 2518 10355 1236 -24141
930 14074 2116 10568 2647 -24607
436 14384 2220 10072 3354 -24847
322 14504 1942 9490 4065 -24864
61 15145 1796 9303 4325 -24005
94 16129 1670 8534 4276 -22626
376 17113 1121 7663 4030 -21055
81 17714 991 6211 3439 -19574
-742 17742 611 3727 2266 -19001
-1092 17343 433 1669 1131 -18647
-768 17938 852 674 305 -17705
118 19670 1856 -2095 177 -15815
924 21873 2832 -5950 1021 -13293
189 21738 3470 -8116 2021 -12313
-605 21130 4269 -9454 3400 -12370
-1982 20019 4953 -9682 4412 -13460
-2460 19394 5925 -8409 4955 -14250
-2465 19232 6573 -7342 5005 -14167
-2378 19861 7446 -6765 4627 -12976
-2085 20786 7932 -7732 4511 -11361
-2309 20833 8263 -9440 4541 -10207
-2852 20462 8944 -11143 4232 -9130
-3130 19788 10182 -11743 2718 -8460
-2340 18722 11412 -11308 -90 -7765
-1548 18461 12029 -10218 -2577 -7201
-596 18600 12026 -8881 -4131 -7356
-678 19024 11354 -8216 -3910 -8034
-1360 19464 10736 -8008 -1948 -8839
-1772 19680 10676 -7638 -569 -8960
-1969 19625 12091 -7036 -75 -8908
-1716 19597 13352 -6742 -2209 -7807
-2074 19768 13378 -7012 -3765 -7173
-2708 20912 13652 -7956 -6876 -5717
-3008 21796 13029 -11046 -9824 -3418
-2437 21589 13272 -15026 -11117 -883
-1921 19978 13794 -17856 -12889 1266
-265 17698 15150 -19087 -15620 2571
-240 17174 15170 -18193 -18541 2861
-372 17748 14794 -16960 -19818 1745
-882 17896 14076 -16035 -19652 687
-1129 17667 13341 -15114 -16867 -425
-724 17026 13552 -14255 -14028 129
-342 16740 15929 -16330 -18376 1866
1078 15308 15598 -17444 -18119 3040
1094 15006 15398 -17798 -16591 3469
337 15289 15129 -17370 -16101 2567
-484 14781 14820 -16569 -16205 832
-330 14710 14792 -16693 -15885 -475
-62 14208 14748 -16252 -16353 -959
514 14149 14762 -16356 -15312 -697
2118 13889 15078 -16121 -15375 -1304
969 13081 15213 -14229 -13892 -2252
995 12964 15284 -12876 -12490 -3493
741 12644 15044 -11056 -11593 -5001
213 12261 14882 -10022 -11628 -5714
203 12142 15054 -9503 -12512 -6340
1620 11835 15476 -9032 -12244 -6252
2342 11316 15344 -8441 -10854 -5982
978 11164 15158 -7732 -9541 -6271
647 11076 15032 -7996 -8472 -7791
1329 11372 14842 -6735 -8126 -8006
1213 11456 15185 -6437 -7697 -7107
1044 11212 15213 -6559 -7444 -6442
1265 11058 15129 -6672 -7367 -5866
1662 10732 15037 -6743 -6936 -5424
1838 10289 14704 -6490 -6009 -5598
1787 9958 14529 -5931 -4782 -5956
1545 9658 14270 -4967 -3719 -6002
2152 9805 14469 -5099 -3049 -5557
1762 9686 14101 -4916 -2130 -5131
2118 9552 14202 -4770 -1596 -4635
2355 9341 14168 -4276 -1187 -4305
2588 9105 14184 -3720 -1099 -4134
2862 9034 14153 -3299 -609 -4151
2941 9004 13907 -2863 102 -4094
3137 8902 13821 -2657 654 -3667
3148 8828 13989 -2806 823 -3388
3289 8694 14068 -2885 837 -3036
3310 8292 14129 -2907 515 -2923
3499 8228 14277 -2828 -60 -2921
3776 8388 14308 -2870 -434 -2923
3947 8230 14369 -2895 -407 -2886
3943 8196 14393 -3050 -69 -2743
4026 8041 14464 -3002 290 -2615
3781 7953 14390 -3102 348 -2601
3412 7738 14106 -3143 14 -2749
3396 7617 13944 -3106 -1198 -3147
3718 7759 13785 -3004 -2323 -3619
4098 7827 13493 -3472 -2260 -3515
4634 7810 13846 -4163 -842 -3060
4824 7810 14024 -4583 997 -2600
4536 7543 14275 -4872 2284 -2396
4138 7221 14502 -4411 2460 -2521
4123 7034 14706 -4021 1930 -2773
4220 7066 14581 -3463 1843 -3105
4205 7232 14493 -2896 1860 -3319
4224 7313 14590 -2577 1961 -3678
4249 7444 14412 -2082 2384 -4214
4693 7733 14649 -1325 3121 -4146