10420 6822 11544 -921 -764 6366
10497 6022 11210 -1075 -1347 6151
10950 5217 11097 -678 -1585 5932
11192 4744 10881 -134 -1529 5894
11461 4560 10725 394 -1180 5746
11653 4601 10557 619 -745 5428
11722 4486 10512 510 -330 4960
11717 4797 10554 360 18 4471
11672 4790 10562 32 81 4069
11913 4902 10552 -318 171 3761
12136 4949 10889 -382 106 3422
12525 4902 11221 109 -34 3043
12481 5133 11526 927 -11 2787
12186 5602 11789 1311 222 2514
12037 6362 12266 1062 752 2401
11706 6974 12890 630 1110 2382
11961 7458 13558 465 1247 2638
11706 8061 14074 648 934 3041
11626 8182 14490 1318 185 3412
11796 7953 14604 2435 -706 3688
11170 7925 14650 3718 -1685 4033
10897 7926 14176 5378 -2632 4315
10764 8077 13760 6634 -3112 4737
10530 8529 13230 7203 -3513 5164
10296 8537 12834 7136 -3943 5232
10556 7881 12561 6474 -4705 4988
10868 7142 12156 5748 -5676 5044
10912 6572 11686 5048 -6597 5398
11190 6033 11074 4380 -7036 6077
11418 5477 10253 3771 -6555 6950
11180 5328 9589 3195 -5552 7250
11337 5180 8945 2746 -4326 7287
11342 4725 8354 2398 -2763 6811
11380 4382 8194 1660 -1488 6291
11452 4325 8156 471 -590 6009
11218 4134 8149 -863 -509 5766
11576 3737 8010 -2097 -614 5865
11474 3428 7921 -3182 -1132 6014
11656 2902 8014 -4032 -1764 6004
12037 2424 8269 -4524 -2445 5971
12273 1933 8430 -4705 -2850 5828
12570 1632 8321 -4564 -2519 5664
12818 1265 8396 -4306 -1666 5347
13190 1050 8676 -3842 -543 4895
13262 814 8865 -3107 533 4339
13477 609 9126 -2236 1516 3743
13586 498 9488 -1453 2233 3169
13746 409 9682 -774 2472 2549
13865 440 9858 -259 2259 1864
13974 560 10018 -30 1487 1194
14272 255 10415 149 189 475
14592 178 10761 349 -1099 -23
14788 13 10940 645 -2019 -429
15166 -134 10857 1300 -2383 -868
15186 -16 10613 2225 -2122 -1550
15218 46 10482 3225 -1370 -2545
15185 49 10361 4228 -769 -3775
15148 225 10562 5219 -596 -5024
15262 69 10824 6120 -970 -6174
15210 26 10900 6809 -1947 -6890
15129 105 10813 7361 -2911 -7546
14814 116 10556 7889 -3968 -7830
14490 594 10177 8179 -4131 -8306
14237 1322 9573 8317 -4112 -8719
14064 1546 9460 8671 -3953 -9495
14186 1649 8934 9444 -3766 -10417
13960 2065 8797 10351 -3738 -11600
13861 1988 8584 10904 -3986 -12739
13734 2500 8358 11643 -4190 -13639
13324 2816 8162 12020 -4338 -14129
12961 3632 7704 12387 -4262 -14522
12406 3997 7389 12441 -3985 -14935
12160 4638 6918 12615 -3381 -15504
11297 5004 6224 12953 -2667 -16185
10796 5512 6066 13402 -2030 -17146
10508 5662 5568 14147 -1615 -17882
9786 6173 5544 14815 -1070 -18651
9942 6689 5302 15143 -746 -19110
8822 7166 5034 14950 -140 -19721
8922 7773 4666 14837 495 -20012
8005 8328 4486 14353 1046 -20247
7912 8637 4210 14120 1598 -20712
7878 8864 3980 13902 2303 -20938
7040 9326 3305 14348 3129 -20874
6296 9932 2928 14102 4226 -21510
5778 10528 2740 14562 5311 -21866
5284 10670 2660 14815 6204 -22262
4529 11477 2402 15634 7059 -22454
3529 12117 2484 15985 7569 -23186
2746 12946 2072 16016 7878 -23474
1917 13568 1742 16016 8116 -23734
1225 13982 1549 15620 7754 -23538
1204 13881 1214 15048 7741 -23119
24 14934 817 14273 7648 -22656
-1064 16049 252 13477 7515 -22136
-1624 16753 25 12166 7451 -21678
-2420 17072 -182 10610 7460 -21040
-3084 17628 -204 8486 6895 -20242
-3348 18141 -281 6417 6005 -18736
-3644 17916 -200 4485 5654 -17688
-3476 18574 104 2128 4746 -16302
-3605 18593 240 -133 3926 -14838
-3872 18837 460 -2332 3158 -13557
-3993 18972 761 -4325 2347 -12707
-3622 19120 1104 -5954 1642 -12019
-3864 19009 1400 -6944 1260 -11367
-3854 18946 1796 -7559 1159 -10687
-3901 18884 2146 -7925 1102 -10069
-4037 18813 2517 -8098 1135 -9607
-3714 19113 2990 -8694 1177 -9176
-3524 19194 3360 -9827 1276 -8464
-3252 19568 3753 -11298 1214 -8060
-2752 20025 4210 -12824 1076 -7077
-3216 19834 4730 -14427 630 -6399
-3401 19337 5392 -15715 -265 -6018
-3697 18814 6196 -16760 -1381 -6004
-3309 18533 7033 -17750 -2206 -5992
-2986 19218 7876 -18476 -2739 -5327
-2960 19694 8433 -19571 -2870 -4898
-2616 20156 8898 -20925 -2372 -4101
-2542 20460 9769 -22746 -1982 -3365
-2220 19884 10366 -24104 -1751 -3118
-2694 19226 11492 -24823 -1972 -3101
-2416 18776 12728 -24995 -3439 -3506
-2381 18989 13973 -26197 -8217 -3355
-1994 18741 14081 -25917 -9871 -3284
-1225 18877 14874 -26014 -10594 -2881
-914 18505 15341 -25804 -10766 -2229
-981 18354 15881 -25582 -10617 -1416
-818 17795 16544 -25175 -10268 -887
-696 17260 16934 -25026 -10077 -338
-477 16966 17132 -25523 -10008 444
24 16120 17669 -26058 -9961 1377
340 14929 17668 -25889 -9877 2211
1001 13860 17926 -24183 -9438 2238
937 13200 18153 -21953 -9483 1633
1573 12245 18441 -18961 -9022 519
1524 12221 18677 -15776 -8471 -426
1208 12770 18740 -13244 -7769 -1446
925 12968 18665 -11380 -7353 -2302
1461 12650 18848 -10204 -6699 -2912
1742 12333 18952 -9018 -6089 -3062
1721 12224 18882 -8061 -5929 -3066
1857 11914 18738 -7543 -6098 -2904
1860 11458 18401 -7600 -6463 -3074
2386 10933 18142 -7379 -6926 -3044
2598 10417 18161 -6897 -7327 -3019
2764 9902 17958 -6283 -7598 -3265
3085 9490 17753 -5768 -7652 -3459
2913 9237 17541 -5270 -7679 -3697
2677 9220 17220 -4846 -7641 -3831
2938 9166 17062 -4835 -7518 -3989
3264 9065 17050 -4886 -7183 -4036
3097 8973 16876 -4851 -7037 -4208
3174 8917 16837 -4586 -6881 -4371
3077 8772 16781 -4197 -6884 -4693
3020 8705 16813 -3597 -6865 -4851
2901 8601 16414 -3076 -6679 -4984
3052 8889 16836 -3610 -6487 -4610
3220 9190 16673 -4133 -6269 -3942
3197 8988 16840 -4393 -6012 -3847
2758 8428 16666 -4027 -5672 -4035
1797 8182 16421 -3294 -5560 -4664
1732 8138 16276 -2266 -5311 -5507
2098 8216 16101 -984 -5149 -6085
2242 8597 15870 86 -5000 -6156
2212 9020 15740 539 -4962 -5722
1798 9204 15449 263 -5068 -5248
1788 9072 15217 -293 -5004 -4869
1992 8742 15060 -1002 -4766 -4612
2313 8536 14870 -1516 -4393 -4122
2400 8566 14777 -2080 -3860 -3801
2444 8484 14761 -2819 -3227 -3541
2338 8460 14746 -3198 -2423 -3389
2358 8317 14680 -3409 -1706 -3193
2114 8005 14736 -3380 -1266 -2952
1970 7896 14865 -3426 -1178 -2589
1938 7812 15188 -3804 -1412 -2350
2134 7412 15404 -4277 -1759 -2224
2036 7230 15422 -4611 -2167 -2134
2117 6968 15490 -4531 -2416 -2314
2138 6732 15460 -4134 -2525 -2632
2166 6710 15320 -3413 -2506 -2980
2310 6614 15149 -2473 -2182 -3387
2517 6576 15130 -1443 -1790 -3710
2602 6564 15180 -422 -1489 -3883
2570 6520 15130 403 -1214 -3975
2524 6538 15096 950 -1030 -4050
2808 6452 14986 1164 -971 -4055
3105 6673 15034 995 -969 -4043
3270 6894 14857 503 -947 -3919
3297 6980 14789 -93 -1059 -3735
3325 7157 14726 -367 -1113 -3406
3110 6914 14605 -416 -1157 -3066
3108 6929 14566 -320 -1185 -2731
3300 7185 14557 -349 -1048 -2555
3230 7506 14565 -463 -787 -2426
3248 7882 14662 -971 -804 -2255
3408 7924 14681 -1546 -1067 -1872
3690 7966 14830 -1944 -1384 -1303