3457 7864 18273 4017 1877 1230
3015 8340 18139 5206 496 370
2921 8696 18057 6975 456 779
2968 8861 18082 8980 1143 1288
3143 9147 18229 10802 2279 1369
3161 9060 18290 12894 3952 503
2684 8780 17477 15329 5517 -535
1510 8901 16229 18419 7473 -1380
1421 9676 15680 20539 9182 -1641
1760 10288 15657 21876 10899 -1778
1879 10901 16407 22788 12434 -2708
2204 10742 17101 24161 9138 -3016
1762 11521 15103 24884 9057 -3453
1996 12587 13229 25333 11888 -3015
1788 14257 12285 26415 15692 -1186
1052 15630 12652 26234 18063 275
1310 16128 12701 25335 19034 1165
780 17269 12850 23698 18408 2294
954 17870 12996 20546 17911 2958
1015 18652 13836 16316 14818 4877
856 18964 13784 13519 12226 6771
489 19304 13804 10708 9320 8847
132 19357 13710 7733 6104 11286
-90 19229 13199 5978 3741 12916
474 18846 12740 4902 1856 14223
1390 18365 12475 3903 1570 14936
1933 18158 12401 2361 1887 15211
2136 17728 11948 1650 1811 15691
1884 17318 11415 1222 1847 16041
2090 17238 10942 648 1462 16397
1975 17184 10418 -448 719 16527
2994 16678 10391 -2877 -680 16612
3289 16325 10258 -5158 -2513 16819
4008 15456 10273 -7145 -3664 17032
4332 14248 9818 -8889 -4725 17150
4722 13306 9534 -9083 -4359 17333
4871 12725 9184 -8749 -3513 17388
4893 12283 8577 -7850 -1577 17013
4290 12637 8410 -7167 -78 16284
3682 12417 8105 -7057 377 15343
3654 11588 7879 -7566 418 14354
4354 10361 8169 -8652 -1466 14171
5769 9369 8340 -9175 -3101 14251
6614 9068 8228 -8853 -5212 14733
7408 9673 8112 -8033 -6767 14644
7784 10484 7702 -8026 -7435 13669
7978 10666 7334 -8620 -7378 12319
8420 10733 7038 -9398 -6420 10714
8800 10713 7078 -10201 -4992 9668
9451 10748 8107 -11319 -3231 9237
10830 9824 9414 -11941 -2850 9276
11136 9076 10274 -11474 -3585 9220
10741 8763 10662 -10624 -4044 8088
10228 9362 10503 -10051 -3424 6507
9959 9503 10379 -9046 -1943 4992
10029 9134 10836 -7433 -833 4066
9843 8408 11564 -5771 -296 3501
9394 7978 11867 -4702 -56 3446
9250 7900 11560 -4005 -66 4330
9016 8088 10961 -2987 135 5392
8914 8135 10531 -1861 -94 5935
8885 8039 10141 -1508 -884 5165
9064 7728 10036 -2283 -1964 4187
9428 7153 9892 -2987 -2916 3815
10011 6840 9736 -3647 -4060 4260
10419 6751 9470 -3978 -4667 5020
11041 6362 9248 -4106 -4508 5127
11164 5976 9016 -4291 -3642 4651
11214 5590 8914 -4561 -1908 3544
11255 5133 9114 -4885 4 2528
11544 5068 9792 -4964 521 2232
11620 4860 9930 -4567 354 2086
11723 4778 10062 -4031 -112 1888
11718 4618 10024 -3460 -576 1524
11888 4681 10055 -3015 -698 1203
12052 4734 10249 -3134 -600 1100
12226 4508 10672 -3629 -627 1007
12348 4285 10838 -4063 -931 1000
12570 4086 10716 -4144 -1310 827
12898 3932 10570 -3775 -1489 503
13149 3824 10322 -3323 -1256 177
13178 3814 10222 -3049 -948 -27
13248 3863 10165 -2799 -646 -135
13412 3749 10252 -2527 -441 -181
13941 3611 10459 -2211 -626 -222
14233 3600 10620 -1629 -838 -281
14348 3790 10630 -1386 -847 -513
14252 3834 10642 -1326 -784 -829
14216 3712 10624 -1160 -740 -1221
14508 3290 10878 -748 -1059 -1395
14718 2864 11209 484 -1832 -1481
15118 2342 11521 2445 -2762 -1976
15173 2101 11401 3651 -2947 -2933
15231 2172 11040 5082 -2552 -4471
15508 2241 11166 6286 -2212 -6170
15256 2603 10906 7087 -2236 -6874
15215 2641 10810 7652 -2530 -7436
14789 3185 10331 7717 -2665 -8099
14594 3596 10274 7841 -3066 -8707
14517 3844 10054 8016 -3307 -9183
13955 4217 9896 8159 -3959 -10114
13392 4264 9534 8740 -4901 -11084
12670 4494 8950 9071 -4981 -11704
12183 4912 8348 9857 -4937 -12615
11084 5012 7832 10517 -4540 -13380
10479 5482 7244 11187 -4294 -14378
9668 5989 6473 12188 -3604 -15386
8627 6389 5987 12585 -3269 -16137
7786 6825 5616 12893 -3316 -17042
7342 7028 5405 12997 -3530 -17864
6909 7178 4932 12959 -3656 -18499
6294 8037 4038 12845 -2563 -19192
5986 8500 3592 12876 -1169 -19697
5455 9229 3007 13181 995 -19767
4290 10291 2599 14014 3969 -19908
3320 10576 2164 14698 5980 -20340
2350 11549 2032 15475 7952 -20910
1543 12824 1689 15942 10144 -21104
893 13427 1631 15639 10815 -20560
-30 13894 1236 14903 10717 -19825
-849 14437 957 14137 9974 -19512
-1022 15202 666 13016 9293 -18890
-1382 15525 943 10771 8332 -17975
-872 15988 1321 7531 6979 -16420
-536 16196 1538 4631 5820 -14759
-632 16311 2005 1033 4199 -13306
-1239 16342 2144 -2276 2443 -12932
-1451 16246 2613 -3426 1718 -13332
-1448 16048 3065 -3470 1916 -13254
-1202 16256 3376 -3028 2911 -13151
-722 17300 3756 -2741 3926 -12605
-952 17569 4212 -2731 4418 -12220
-1398 17914 5030 -3396 4059 -12193
-2596 17896 5586 -4066 2072 -11859
-2634 18149 6051 -4609 -105 -10835
-2008 19314 6706 -6056 -1596 -9492
-1084 20236 7261 -8760 -2094 -8125
-924 21428 7780 -13496 -2493 -6122
-974 21248 8661 -18369 -3113 -4896
-388 20530 9606 -21340 -3694 -4696
-149 19320 11565 -22106 -7649 -4108
1242 18605 12541 -20659 -10553 -3530
1568 19732 12666 -18714 -11206 -2978
2126 21028 12733 -18131 -7801 -2620
1661 21426 12848 -19510 -3983 -2038
1706 21564 13636 -21265 -605 -933
590 22242 20562 -24611 -9473 1604
2293 19610 15364 -27523 -10825 2469
3052 17895 15807 -29070 -12167 3917
3890 16808 16305 -28198 -13189 4586
4748 16285 16652 -26791 -13159 4785
4898 15738 16714 -25636 -12446 4645
5473 15004 16460 -24395 -10676 4297
5374 14593 16766 -23402 -8795 4697
5474 14406 17474 -23183 -7026 4725
5577 13541 17708 -22833 -5967 4384
6257 12632 18203 -21135 -5127 4459
6428 11679 18708 -18036 -5220 4014
6389 11084 18904 -15347 -6008 3352
6696 10626 19040 -13849 -6231 2334
6538 10082 18772 -12567 -5877 1640
6397 9724 18377 -11996 -5993 1021
6938 8827 18156 -11184 -5527 115
7128 8469 18258 -9630 -5093 -566
6788 8412 18121 -8210 -5187 -1315
5882 8349 17929 -7074 -6210 -2374
5160 8396 17296 -6448 -7582 -2719
6166 8685 17552 -7528 -7927 -2293
6258 8546 16795 -8358 -7941 -1289
6920 8192 16286 -8662 -8527 -1426
6086 7553 16113 -8836 -7683 -1793
5872 7392 16073 -8483 -6706 -2605
5633 7533 16136 -7602 -5532 -3856
5633 7789 16290 -6054 -4402 -4558
5130 8098 16408 -4734 -3455 -4750
5150 8313 16644 -3946 -3003 -4227
4850 8544 16728 -3738 -2867 -3629
4752 8468 16476 -3426 -2685 -2933
4572 8372 16425 -3348 -2733 -2441
4674 8236 16272 -3223 -2745 -2426
4527 7968 16016 -3269 -2157 -2698
4322 7696 15569 -2841 -1404 -2777
3952 7646 15283 -1886 -961 -2729
3583 7868 15187 -974 -613 -2656
3615 7969 15231 -633 -444 -2296
3832 8081 15053 -468 -421 -1768
4002 8103 14946 30 -547 -1194
4148 8037 14766 494 -615 -626
4335 7997 14463 854 -517 136
4696 7901 14212 539 -99 875
4790 7825 14198 -10 143 1302
4760 7561 14160 -820 55 1612
4834 7258 14181 -1422 -204 1889
4684 6930 14106 -1776 -584 2120
4557 6750 14001 -1815 -1261 1909
4657 6814 13876 -1360 -1606 1077
4936 6951 14049 -874 -1028 253
4712 6953 14018 -276 -203 -391
4401 7195 14106 107 87 -660
4298 7266 14218 92 131 -823