1858 2133 16630 1683 1216 1244
2124 1996 16353 1855 1200 862
2184 2038 16266 1965 1445 618
2242 1873 16413 2202 1727 221
2018 1954 16393 2853 1838 -273
1922 2237 16556 3707 2005 -659
2004 2485 16660 4920 2370 -1029
2150 2730 17159 6367 2767 -1574
2612 3009 18116 8498 3485 -2429
2596 3353 19245 10806 4466 -3295
2162 3206 19482 13276 5044 -3955
1417 2614 19829 16621 5974 -3630
1119 3943 19877 20369 6865 -3076
955 5244 19765 23732 7987 -4481
812 6168 19430 25322 8087 -5662
-273 6950 19217 25504 7519 -6136
-1459 7615 17158 25004 6091 -5184
-2614 8997 15618 24086 4899 -3202
-3865 11168 14796 21908 3073 -662
-4778 13029 14817 18298 580 1632
-2778 12349 16077 14353 -2088 3394
-1806 12162 17737 12663 -4452 5121
-1167 12543 18395 11935 -6594 7670
-25 12836 18064 11524 -6619 8244
1004 12936 17514 11739 -5471 8538
2321 13148 17119 13144 -2343 7678
2541 13782 17008 13277 525 7917
2114 14518 16930 11894 1390 8997
2344 14624 17061 10082 1309 10018
2446 14708 16950 8625 891 11004
3413 13915 16836 7757 563 11816
3820 13612 16632 7677 607 12292
3863 13245 16446 7603 806 12482
3726 13352 15758 7456 1423 12481
3170 13360 15053 6522 1670 11928
3170 13505 14632 5306 1613 11662
3386 13202 14581 3937 877 11809
4224 12617 14558 2987 -25 12087
4902 12376 14520 2344 -792 12227
5954 10862 14603 3111 -2111 12609
6589 10530 14685 5059 -3539 13140
7040 11105 14332 6589 -4463 13945
7486 11268 13788 7615 -3661 14377
7049 11840 13505 8456 -2242 14513
6800 12205 12844 8624 -620 14778
7158 11953 12425 8498 384 15107
6746 12120 12098 8110 632 15416
6959 11746 11242 7585 714 15717
6324 11997 10987 6100 686 16659
6398 10953 11117 5125 -737 17365
6360 10834 11388 4858 -2064 18024
6289 10756 11735 3881 -3615 18406
6225 10883 11965 2614 -4289 17888
5936 10834 11973 1561 -3978 17412
6589 10508 12054 741 -3648 17672
6250 9982 11893 630 -3233 17987
6198 9257 11566 337 -3038 17947
6237 9297 11690 211 -2897 17838
6143 8659 11750 626 -3204 17887
6200 8908 11746 1225 -3399 17851
6682 8177 11478 1633 -3534 17404
6629 8065 11124 1852 -3394 17015
7125 6525 10932 2060 -3396 16254
7525 5998 10836 2214 -3358 15710
8026 5342 10561 2526 -3289 15786
7825 5208 10405 2610 -3153 16029
8534 4577 10368 2562 -3061 16037
8568 4186 9869 2530 -2484 15045
9093 3791 9262 2238 -1224 12735
9128 4369 9194 457 62 10973
9173 5075 9397 -1773 409 10114
9885 4391 9392 -3740 -13 9338
10117 4141 9630 -4801 -385 8537
10901 3414 9632 -5103 -818 8079
11276 2754 9881 -4964 -1067 7725
11778 2144 9968 -4596 -1586 7625
12244 1586 9804 -4042 -926 7008
12932 815 10161 -3755 -229 5918
14067 -13 10597 -3396 -246 4873
14548 -584 10664 -2482 -690 3739
14801 -1049 10529 -1479 -1100 2396
14897 -1348 10328 -453 -1242 828
15083 -1727 10240 683 -1237 -898
15006 -1824 10449 1347 -780 -2199
14981 -1747 10678 1770 -580 -2995
14864 -1513 11174 2214 -831 -3792
14881 -1594 11468 3185 -1458 -4712
14722 -1712 11328 4327 -1925 -5767
14567 -1576 11152 6020 -2207 -7581
14059 -1034 10846 7245 -2024 -10159
13777 -421 10752 7573 -1788 -11632
13356 48 10586 7567 -1934 -12317
12932 597 10539 7660 -2860 -12681
12728 804 10360 8061 -3520 -12903
11778 1741 9760 8195 -3728 -13544
11029 2204 9048 8220 -3870 -15122
10225 2646 8394 8062 -3407 -16567
9121 3413 8016 7320 -2785 -17753
8286 4268 7882 6157 -2060 -18587
7928 5006 7501 4754 -1569 -19157
7258 5574 7052 3737 -1085 -19609
7022 6036 6534 3537 -1282 -19887
6665 5661 5817 4565 -1693 -20333
6064 5587 5388 6911 -2031 -20315
5040 6248 4584 10781 -982 -20547
4062 8020 3682 13694 867 -20762
3109 9328 3206 15486 2335 -21743
2669 10076 2616 17340 3353 -23334
1502 10940 2292 18958 4383 -25352
950 12490 1514 19194 6495 -26237
-501 15070 930 16700 9889 -25163
-1296 16255 600 12245 13914 -22403
-1556 16242 931 7910 15824 -19730
-1817 16778 1840 5485 15823 -17891
-1810 17210 2289 3415 14876 -16562
-1373 17656 3201 372 12949 -15337
-1361 17432 3865 -1489 11194 -14573
-2068 17116 4040 -2454 10468 -14801
-2354 17648 4939 -3567 9988 -14902
-1731 18590 6474 -5546 9757 -14229
-1374 19882 7849 -8026 9320 -13272
-1929 20787 8474 -10844 8695 -12908
-3260 21557 8700 -14464 7446 -13253
-4038 21761 9691 -16825 5587 -13497
-3418 22060 11625 -18558 2695 -11956
-2824 22556 13161 -20994 503 -10107
-2912 23468 13684 -23615 -618 -8938
-3424 24771 14004 -29416 -834 -7643
-4077 24750 14326 -32768 -510 -7197
-3736 22298 16437 -32768 -6038 -6446
-1099 17106 17177 -32768 -17127 -6165
973 13000 19847 -32768 -18404 -7569
2216 11057 21729 -32768 -19022 -7732
1696 9476 22196 -32768 -17681 -6279
2785 7198 22386 -32349 -13265 -3625
4054 5685 22665 -26254 -8111 -2990
4556 5354 22850 -21648 -6152 -3435
4645 5054 22853 -16938 -4201 -4410
3544 5721 22923 -12419 -2805 -5271
2422 6541 22486 -10083 -2994 -6392
1691 6560 22003 -8046 -3402 -7423
1162 6881 21766 -6053 -3851 -7749
889 6966 21284 -4264 -4259 -7407
820 7398 20918 -3233 -4916 -6338
702 7892 20709 -3861 -5656 -5584
637 7866 20539 -5103 -6229 -5835
636 7540 20312 -5701 -6790 -6144
597 7062 19694 -6177 -7315 -6459
377 6673 18909 -6683 -8165 -6619
533 6085 18131 -6040 -8639 -6484
1208 6180 18268 -6103 -8892 -5843
1211 5762 18162 -5484 -8609 -5580
962 6036 17821 -4725 -7862 -5443
652 6310 17564 -4865 -7273 -5841
719 6208 17038 -5172 -6680 -6371
937 5584 16482 -4871 -6138 -6159
976 5033 16034 -4059 -5689 -5595
1209 4794 15857 -3075 -5275 -4916
1101 4746 15492 -2162 -5089 -4524
1324 4790 15122 -1483 -4931 -4505
1692 5048 15003 -947 -4626 -4288
2050 5260 14666 -854 -4113 -4140
2448 5260 14410 -1112 -3615 -3757
2892 5289 14290 -1876 -2881 -3089
3512 4816 14297 -2672 -2004 -2515
3973 3942 14218 -3000 -1481 -1899
4078 3493 14145 -3033 -1223 -1387
3894 3408 14126 -3128 -1258 -1159
4065 3079 14047 -2983 -1631 -1392
4389 3074 14195 -2614 -2111 -1994
4804 3129 14362 -2464 -2384 -2396
5008 3152 14328 -2210 -2262 -2341
5174 3403 14292 -2000 -1879 -1991
5457 3624 14398 -1934 -1097 -1698
5595 3758 14291 -2442 -490 -1610
5832 3637 14240 -3127 -251 -1243
5720 2962 14497 -3510 -588 -546
5376 2598 14986 -3429 -532 -166
5496 2598 15354 -3152 -236 -372
5500 2738 15641 -2901 442 -1085
5757 2692 16054 -2725 1076 -1386
5540 2853 16294 -2530 1479 -1344
5101 2606 16376 -2372 1543 -1261
4918 2300 16296 -1905 1300 -1307
4925 2305 16312 -1327 1045 -1459
4938 2356 16210 -772 963 -1610
4949 2496 16365 -333 1131 -1633
4612 2900 16225 -8 1571 -1670
4158 3045 15916 -38 1879 -1923
4108 2916 15852 -310 1832 -2091
4007 2855 15898 -904 1855 -1858
3994 2748 15908 -1637 1732 -1356
3890 2636 15988 -2251 1391 -924
3813 2560 16084 -2821 1050 -789
3610 2296 16016 -3018 878 -954
3485 1673 15867 -2972 614 -1105
3314 1505 15797 -2871 373 -1136
3322 1557 15645 -2559 335 -1404
3477 1650 15302 -1967 340 -1854
3729 1813 14898 -1105 645 -2142