-8436 21528 3244 2049 -18138 -3348
-8065 21757 3694 658 -18347 -2570
-7676 21969 4373 -625 -19054 -1871
-7149 22121 4718 -1479 -19968 -1270
-6774 22388 5156 -2013 -20976 -538
-6436 22729 5533 -2247 -21904 1
-6133 23282 5894 -2554 -22096 361
-5830 23876 6110 -3319 -21641 776
-5636 24462 6342 -3887 -20565 1474
-5147 24463 6755 -4708 -19339 2394
-4293 24037 7295 -6057 -18748 3790
-3587 23562 7932 -7432 -19248 5053
-3170 23113 8061 -8575 -19891 6019
-3088 22611 8002 -9942 -20348 6789
-3157 22184 7969 -11132 -20683 6795
-2428 21389 7897 -11972 -21035 6997
-2056 20878 8148 -12006 -21494 7802
-1584 20044 8213 -11563 -21929 8556
-773 19207 8382 -10878 -22059 9076
-22 18706 8132 -10184 -21480 9269
385 18414 7810 -9552 -20147 9244
815 18879 7560 -9529 -18289 9201
1138 18764 7304 -10058 -16823 8963
1490 18350 7209 -10842 -15927 8871
1589 17906 7026 -11464 -15503 9089
2080 17313 7170 -11970 -15632 9648
2827 16823 7367 -12443 -15824 10309
3374 16465 7500 -12926 -15862 10953
3773 15908 7386 -13218 -15587 11489
4054 15201 7354 -13418 -14617 11800
4634 14266 7134 -13660 -13352 11740
5061 13524 7259 -13960 -11968 11641
5490 12544 7321 -14085 -11078 11597
5852 11711 7581 -13901 -11247 11621
6626 10864 7877 -12975 -11741 11502
7301 10317 8043 -11645 -11953 11155
7519 10336 8059 -10281 -11639 10332
7568 10048 7895 -9439 -10241 8975
7412 9590 8014 -9225 -8425 7931
7444 9254 8233 -8929 -7126 7363
7368 9026 8302 -8479 -6260 7247
7505 8694 8629 -7893 -5875 7352
7680 8004 8809 -6668 -6135 7498
7672 7854 8696 -5130 -6394 7538
7949 8076 8506 -4419 -6428 7510
8304 7988 8288 -3913 -6265 7405
8699 7866 8284 -3546 -5891 7361
9206 7569 8491 -3902 -5297 7354
9597 7264 8441 -4320 -4927 7331
9996 6797 8424 -4521 -4712 7357
10154 6548 8286 -4600 -4527 7217
10305 6137 8112 -4804 -4284 6883
10573 5881 8284 -4962 -4036 6565
10862 5625 8434 -5127 -3955 6311
11409 5090 8745 -4959 -4004 6198
11765 4862 8818 -4652 -4004 6120
12134 4566 8736 -4405 -3746 5891
12447 4238 8665 -4017 -2923 5255
12634 3736 8394 -3404 -1321 4032
12586 3529 8436 -3208 31 2924
12760 3424 8744 -3527 713 2054
12841 3220 9116 -3870 432 1528
13213 3092 9214 -3937 -265 1228
13268 2958 9386 -3789 -864 1119
13292 2844 9312 -3419 -1037 1031
13438 2696 9437 -2999 -765 796
13506 2785 9676 -2607 -357 569
13553 2774 9790 -2303 298 264
13496 2784 10014 -2152 610 -107
13555 2687 10244 -1782 664 -580
13632 2768 10486 -1173 164 -1019
13825 2728 10716 -736 -458 -1151
14014 2877 10838 -425 -921 -1171
14154 2952 10810 -172 -1160 -1224
14202 3152 10712 204 -1232 -1548
14213 3326 10570 483 -1151 -2127
14201 3356 10649 757 -1270 -2705
14281 3345 10660 1177 -1543 -3157
14460 3232 10728 1742 -2051 -3381
14624 2981 10591 2738 -2462 -3681
14493 3090 10380 3695 -2668 -4109
14502 3512 10053 4233 -2129 -4773
14282 3746 9877 4433 -1592 -5430
14314 3712 9948 4599 -1429 -5811
14250 3521 9905 4892 -1484 -6254
14183 3452 9847 5409 -2044 -6817
13945 3505 9603 5924 -2794 -7625
13836 3661 9327 6095 -3027 -8366
13442 4069 8866 6248 -3016 -8959
13141 4336 8432 6563 -2848 -9463
12939 4629 8174 7197 -2539 -10076
12780 4678 8094 8016 -2433 -10799
12288 5090 7796 8718 -2462 -11502
11976 5260 7680 9159 -2478 -11974
11535 5704 7252 9565 -2211 -12485
10895 6337 6585 10163 -1679 -13100
10628 6800 6289 10742 -1352 -13679
9835 7245 6012 11185 -1079 -14381
9712 7644 5916 11242 -993 -15073
9524 8181 5852 11350 -884 -15668
9332 8857 5680 11648 -693 -16292
9148 9420 5134 11978 -358 -16204
8451 9786 4572 12409 660 -16387
7892 10128 3944 13239 2350 -16772
6885 10685 3476 13946 4101 -17246
5928 11639 3175 14560 6175 -18251
4450 12528 2853 15164 8031 -19066
3514 13330 2680 15036 8892 -19439
2929 13808 2382 14430 9075 -18902
2621 14302 2374 13561 8944 -18162
2548 14849 2326 12137 8832 -17067
1761 15337 2229 10513 8444 -15760
962 15357 1876 8942 7903 -14760
-171 15181 1532 7590 7625 -14465
-837 15497 1363 6630 7465 -13983
-381 16373 1881 4970 7357 -13371
-225 16706 2295 2584 7317 -12241
-530 16650 2684 312 7065 -11561
-914 16028 2678 -1354 6709 -11367
-1002 15764 2858 -2048 6589 -11402
-1180 15965 3295 -2731 6550 -11101
-1492 16817 3723 -3010 6885 -10378
-1782 17213 4298 -3333 7204 -9971
-1450 17620 4914 -4065 7221 -9947
-1050 17839 5466 -4745 7207 -9602
-1176 18106 6253 -6100 7156 -9202
-1344 18216 6684 -6966 6756 -8516
-1780 17942 7164 -7449 6116 -8284
-2171 18160 7423 -7203 5140 -7945
-2398 18510 7664 -6849 4162 -7897
-2564 18763 7985 -6396 3370 -7587
-2167 19928 8588 -6893 2276 -6059
-2582 20954 9325 -9335 1539 -3593
-2221 21801 9546 -12891 1631 -1261
-2376 22233 9701 -17968 1964 1150
-1974 22073 12340 -27981 812 2731
143 19042 13583 -32768 -10940 4322
2750 16753 14359 -32636 -10840 3974
3798 15623 16225 -29111 -11023 3465
3806 15668 16847 -24032 -12690 2894
3929 14560 13973 -16283 -2886 1975
3752 14405 15349 -12137 7708 -213
2908 15213 19797 -12938 2011 -169
3744 14210 18380 -13563 1393 -409
3836 12982 18243 -15262 -550 -951
3920 11996 18200 -16047 -3918 82
3384 12056 17994 -16636 -6184 287
3329 11365 17728 -17085 -8149 -200
3728 10950 17362 -16740 -9424 -587
3710 10354 17265 -16050 -9309 -1257
4454 9946 17488 -14543 -8333 -2303
4804 9736 17452 -12984 -7713 -3024
4734 9714 18010 -10222 -6320 -4711
4354 10304 18146 -7268 -5274 -5870
3576 10513 17996 -6269 -5515 -5884
3566 10992 18163 -6072 -5825 -5541
3914 11042 18424 -6807 -6814 -5064
4700 10898 18290 -7344 -7368 -4607
5020 10565 18079 -7089 -7951 -4516
4936 10501 17926 -7282 -7916 -5290
4580 11006 17618 -6628 -7743 -5563
4201 12026 17549 -6240 -8642 -6051
3937 11554 17414 -5897 -9057 -5164
3600 11364 16448 -4713 -9333 -4421
5161 11224 17414 -6135 -9004 -3941
5506 10554 16598 -5336 -8536 -2781
5207 10221 16096 -5333 -8227 -3316
5020 9668 15896 -4787 -8042 -3485
5070 9703 15864 -4333 -8026 -3497
5156 9408 15700 -3675 -7752 -3248
5612 8932 15440 -3450 -7330 -1841
5624 8249 14791 -3320 -6299 -1024
5549 7978 14544 -3207 -5784 -1340
5394 8073 14622 -2905 -5549 -1603
5110 8148 14649 -2561 -5295 -1759
4780 8497 14807 -1667 -4796 -1649
4777 9017 15006 -840 -4125 -1241
4774 9322 15160 -434 -3418 -831
4578 9578 15297 -668 -2778 -374
4400 9409 15360 -1160 -2143 -85
4418 9334 15122 -1587 -1208 2
4844 9296 14767 -1802 -149 608
5683 9017 14668 -2112 131 2290
6014 8524 14678 -2239 246 3632
6237 8008 14660 -2668 760 4167
6017 7450 14769 -3218 806 3936
5923 7297 14786 -3516 -206 3640
5666 6806 14664 -3649 -1132 3250
5740 6526 14373 -3205 -1989 3001
5900 6370 14104 -2435 -2534 2667
5880 6234 13840 -1676 -2217 2020
5814 6346 13718 -1114 -1506 1314
5653 6610 13450 -515 -688 702
5556 6744 13399 -352 236 -59
5569 7049 13596 -392 1007 -530
5390 7253 13849 -272 1473 -660
5146 7422 14230 -300 1656 -719
4859 7522 14252 -199 1399 -644
4905 7419 14146 39 802 -622
5105 7425 14240 198 698 -822