3829 8538 15798 9004 3790 5944
3644 9260 15885 8712 3590 5819
3476 9928 16192 7998 3528 5808
3348 10598 16790 6620 3675 6120
3018 10749 17554 5176 3892 6683
3034 10892 17606 5073 3994 7201
2885 10816 17655 5203 3921 7689
2660 11081 17817 5546 3789 8385
2348 11848 18040 5403 3499 8760
2230 12362 18246 5137 3052 8661
2794 12262 18376 5097 2261 8498
2965 12444 18305 5149 1615 8902
3259 12665 18123 5346 1164 9826
3174 13223 17928 5012 1064 10799
3335 12981 17586 5073 1075 10920
3069 13529 17361 5566 889 11347
3412 13390 17130 6064 585 11475
3541 13628 16829 6219 588 11921
3250 13851 16476 6086 48 12764
3509 13986 16321 6028 -537 13064
3080 14168 15908 6016 -1059 13968
3055 13526 15144 5327 -1393 14927
3618 12616 14653 4835 -1303 15804
3808 12340 14426 4544 -1103 16588
3690 12386 13980 3891 -710 17050
2984 12587 13608 2173 -366 17399
2606 11794 13456 255 -719 17489
3928 9892 13334 97 -1849 18011
4153 9241 13301 1450 -3824 19500
4823 9484 12344 4811 -4933 21112
5158 9725 11142 7322 -4222 20566
6161 9389 10160 7614 -2970 18504
6300 9394 10176 7161 -2481 17452
6852 9245 9970 6440 -2203 16923
7308 8930 9694 5758 -2052 16903
7851 8347 9656 4251 -2605 16743
8428 7270 9660 3062 -3784 15828
8741 6620 9582 2778 -3848 15123
9148 5860 9546 2824 -3189 14490
9492 5430 9569 2624 -1682 13462
9466 5136 9301 2187 -530 12340
9618 4787 9631 1553 956 11530
9616 4468 9952 1088 1001 11186
9790 3716 10300 1238 970 10766
9949 3062 10682 1526 422 10107
10218 2954 10648 1731 -114 9094
10127 2985 10796 1682 -578 7466
10353 3130 10410 997 -139 6123
10148 3312 10422 39 539 5470
10021 3650 10438 -922 899 5054
10113 3489 10586 -1909 931 4580
10575 3407 10884 -3120 -10 3907
10909 3677 11022 -3728 -1518 3068
11320 3465 10901 -3817 -2379 2344
11560 3544 10693 -3416 -2614 1647
11700 3497 10442 -2783 -2105 922
11749 3884 10345 -2035 -760 24
11925 3993 10454 -1628 434 -738
11785 4505 10558 -1700 1138 -1251
11665 4964 10806 -2105 1113 -1539
11848 5086 11176 -2701 381 -1618
11913 5349 11429 -3188 -772 -1541
11988 5216 11177 -3284 -1636 -1534
11914 5136 11044 -3214 -1825 -1577
11784 5206 10867 -3029 -1292 -1887
11542 5262 10730 -3096 -335 -2286
11554 5444 11141 -3668 398 -2538
11727 5518 11626 -4175 31 -2262
11412 5905 11869 -4487 -923 -1731
11532 5856 11820 -4552 -1380 -1459
11501 5670 11742 -4209 -1445 -1277
11221 5530 11527 -3590 -484 -1361
11294 5672 11492 -3222 953 -1555
11226 5670 11785 -3146 1551 -1609
11035 5609 11933 -3260 1054 -1541
11049 5464 12159 -3574 -293 -1104
11208 5559 12310 -3968 -1729 -569
11596 5272 12180 -4218 -2433 -317
11812 5012 12080 -4225 -2521 -271
12211 4676 12139 -3707 -2313 -345
12528 4128 12258 -2463 -1402 -820
12702 3645 12308 -1416 -407 -1664
13057 3312 12456 -630 96 -2186
13679 2986 12619 178 0 -2270
14186 2653 12820 918 -779 -2317
14333 2410 12865 1315 -1344 -2701
14468 2238 12765 1536 -1710 -3352
14210 2509 12602 1413 -1599 -4247
13930 2586 12653 1125 -1742 -5131
13890 2198 12684 1151 -2287 -5912
13476 2244 12696 1448 -3036 -6723
13518 2038 12494 2567 -4405 -7474
13044 1991 12320 4256 -5422 -8431
12878 2238 11924 5596 -5693 -9329
12198 2842 11489 6431 -4937 -10801
11651 3591 11012 7520 -4180 -12559
11229 3877 10653 8134 -3629 -13713
10782 4236 10661 9146 -3882 -14544
10603 4393 10468 10890 -4912 -15584
10512 4628 10042 12474 -5527 -16695
9584 5915 8984 13226 -4662 -17965
8647 7244 7717 15025 -2647 -19353
7669 7713 6942 16015 -863 -20392
7012 8097 6852 16143 -171 -20949
6485 8613 6520 15865 226 -21432
5470 8841 6356 15262 246 -21599
4778 9261 6131 14864 -599 -21440
4290 9250 5680 14705 -1590 -21180
3428 9604 5310 14488 -2662 -20967
2668 10044 4680 14481 -3587 -21151
2099 10366 4014 14680 -3963 -21097
841 11033 2905 14748 -3236 -21666
-92 12038 2090 14889 -2019 -22254
-624 13451 1501 14919 -750 -22576
-1697 14507 634 14409 1166 -22593
-2205 15769 480 13329 2387 -22263
-3026 16565 350 12136 2919 -21420
-3108 16972 886 10389 2576 -20313
-2893 16808 1210 8389 1631 -18942
-3318 16920 1582 5548 514 -17446
-3928 17242 1386 3440 -480 -16380
-4007 17644 1255 2364 -774 -15239
-5120 18198 1014 1391 -581 -14692
-5709 18414 465 1328 125 -14740
-5649 18554 301 871 2125 -15028
-5168 18884 1137 655 3103 -14351
-4426 19141 1743 803 3767 -12600
-4042 19503 2443 94 3713 -11524
-4026 19790 2702 -677 3872 -11262
-4152 20064 2904 -1715 4221 -11082
-3970 20588 3703 -2584 4740 -10468
-3682 20706 4294 -3736 4497 -9734
-3621 20686 5083 -4958 3659 -9355
-3375 20703 5601 -6356 2123 -8680
-2926 21279 6283 -8505 638 -8011
-2932 21810 6996 -10696 -214 -7631
-2461 22288 7690 -14061 -1925 -6977
-2482 22370 8221 -17779 -3432 -6604
-2418 22140 8788 -21453 -4368 -6595
-2414 21474 9552 -24103 -5312 -6804
-2361 20854 9949 -24934 -5603 -6446
-1774 20642 10885 -26143 -5350 -5650
-1414 20418 11377 -27159 -4382 -4788
-1290 20117 12234 -27926 -3335 -4284
-813 19281 13482 -27467 -3126 -4310
-674 18080 14530 -24931 -3679 -4870
-949 17244 15514 -20652 -4555 -5275
-1945 17504 15617 -14448 -4155 -4690
-3034 18316 14874 -9128 -582 -4027
-3693 19470 15076 -6926 2641 -3749
-3678 19846 15137 -6961 5606 -4003
-3753 19825 15496 -8271 6937 -3820
-3509 19012 15716 -10225 6405 -2465
-3061 17160 15632 -13493 3138 -1229
-2453 15333 15453 -16116 -2131 -781
-2023 14506 15274 -17927 -6940 -326
-1486 13270 15512 -17928 -11178 -231
-1004 12128 15872 -16214 -13658 -689
-959 11511 16192 -11820 -13322 -1105
-2028 12542 15764 -7288 -8468 -1510
-3360 14602 15584 -6769 -3316 -1840
-4443 15549 16600 -9001 -3088 -1820
-3569 14568 16550 -12762 -7815 -750
-2285 12518 17094 -14571 -10096 61
-1428 11376 17586 -14295 -11659 459
-1808 10980 17530 -12823 -11616 866
-2570 11380 17049 -11584 -10817 1253
-3462 12235 16413 -13184 -10860 1744
-2269 10599 16007 -17828 -11857 1724
-341 8216 16517 -19296 -11751 1746
728 6620 16792 -16381 -11014 1715
513 6173 16664 -12262 -9793 775
-435 6808 16219 -9382 -7973 10
-713 7225 15964 -8468 -6274 -104
-364 7112 16145 -9623 -5450 -107
263 5940 16346 -10708 -5096 -218
568 5085 16265 -10228 -5166 96
364 4697 16238 -8419 -4810 -465
-260 4414 15938 -6896 -3968 -1451
-680 4120 15745 -5784 -2992 -1861
-669 4249 15633 -4747 -1955 -2035
-905 4369 15668 -3993 -1339 -2548
-724 4064 15696 -2826 -907 -3789
-463 3906 15760 -1686 -1464 -4498
-583 4504 15566 -968 -1923 -4627
-757 5098 15072 -790 -2219 -4679
-746 5356 14772 -657 -2430 -4886
-624 5338 14594 -284 -2461 -4981
-308 5696 14362 267 -2360 -5016
211 6628 14108 126 -2052 -5134
488 6956 13984 -826 -1772 -5113
620 7337 13978 -1772 -1365 -4932
428 7308 14229 -2634 -666 -4362
200 6963 14665 -2944 369 -3487
-177 6557 15082 -2710 1163 -2560
-144 6306 15362 -2175 1214 -2301
-118 6134 15601 -1256 856 -2571
7 5950 15659 -161 326 -2782
-85 5912 15502 832 65 -2595
-74 6072 15322 1394 30 -2221