-1401 7806 19796 13579 3389 4357
-1250 7868 19710 14621 2811 5119
-969 8221 19622 15331 2077 5732
-422 8696 19307 15952 453 6764
160 9080 18802 16185 -716 7001
452 9741 17947 16490 -874 7170
934 11200 17970 17013 -515 7512
1325 12325 18220 16882 -301 7462
1757 13129 18486 16140 -558 7385
2489 13397 18680 15203 -987 7185
3073 13365 18909 15091 -1182 7558
3204 13292 18892 15502 -1451 7973
3584 14290 18853 16837 -2591 8951
3799 16221 17599 17310 -3633 10357
3890 17412 16578 15424 -2433 10826
4020 17763 16237 12833 -2263 11272
4626 17494 15858 10927 -3139 11943
5169 16986 15778 9783 -4948 12979
5881 16292 15380 9338 -7216 14467
6109 15813 14601 9763 -8735 15876
5860 15841 13110 9973 -8817 17037
5694 15556 11880 9218 -7662 17012
6558 15524 10876 8489 -5802 16955
7624 14986 10536 7407 -4750 17710
8230 14743 10321 6538 -4898 18226
9037 13462 9784 6002 -5291 18562
8654 12865 9196 5530 -5817 18601
8344 12460 8516 5031 -5526 18553
7648 12437 8032 3724 -4951 18524
7989 11721 7525 1766 -3935 18761
7882 11012 7302 342 -3124 18941
8264 9831 7267 -1427 -2790 19012
8496 8137 7501 -2751 -3557 18921
9121 6533 7483 -3124 -5494 18160
8964 6074 7292 -3368 -6753 16861
9269 5602 7038 -3687 -6960 15792
9436 5100 6636 -3474 -6632 15359
9463 4642 6238 -3379 -5577 14279
9720 4484 6052 -3205 -3694 12952
9789 4264 6180 -3165 -2290 12015
9834 4137 6508 -3295 -1607 11069
9929 4142 6610 -3551 -1277 10013
10494 4393 6950 -3470 -1485 9662
10662 4266 6907 -3292 -1313 9006
10844 4241 6996 -3432 -573 8040
11068 4396 7161 -3761 636 7040
10821 4632 7725 -4092 1608 6188
10582 4634 8165 -4284 1701 5585
10682 4565 8625 -3905 1350 5143
10140 4874 8860 -3457 895 5059
10455 5036 8949 -3219 1006 4783
10802 5392 9125 -3221 1500 4423
10613 5820 9332 -3408 2125 3970
10606 5509 9626 -3473 2663 3519
10704 5396 9930 -3263 2585 3330
10772 5194 10321 -2841 2314 3096
11381 4892 10850 -1893 1701 2940
11673 5070 11112 -830 1327 2897
11804 5330 11118 -53 1640 2828
11920 5624 11016 555 2793 2609
11672 5920 10880 612 4626 2335
11589 6028 11118 231 5673 2261
11511 5897 11605 -92 5487 2449
11267 5732 12072 49 3302 2793
11497 5400 12034 722 1421 2927
11320 5562 11936 1447 763 3060
11356 5601 11740 2375 1047 3030
11318 5638 11698 3020 1837 2759
11116 5917 11658 3187 2223 2500
11358 5812 11697 3181 2317 2421
11333 5872 11843 2977 1398 2709
11362 5855 11976 2719 156 3161
11494 5573 11894 2887 -433 3438
11714 5178 11796 3402 -345 3463
12008 4968 11716 3927 132 3391
12017 4998 11697 4440 792 3194
11853 5313 11641 4668 1756 2877
11801 5422 11662 4151 2584 2547
11436 5877 11793 3173 2599 2570
11554 5822 11965 2302 2025 2911
11753 5602 12146 1914 1170 3350
12060 5112 12166 2233 450 3749
12142 4672 12002 3179 104 3934
12315 4276 11932 4262 439 3700
12609 4096 11874 4723 1046 3107
12862 4049 12024 4639 1257 2637
12870 4016 12344 4497 935 2355
13053 3430 12570 4847 -431 2212
12910 3145 12180 5787 -1590 1888
12790 3109 11808 6414 -1638 1238
13101 2908 11693 6720 -961 473
13261 2885 12020 7236 -874 -145
13409 2671 11955 8211 -1187 -914
13440 2464 11980 9417 -2247 -1894
13576 2070 11886 11022 -3188 -3021
13705 2245 11244 12856 -2977 -3884
13353 2945 10736 14097 -2226 -4860
13246 3474 10377 14359 -632 -5702
12729 4268 10265 13767 856 -6677
12522 4460 10672 13104 968 -7399
12597 4422 10846 12927 31 -7869
12104 4893 10392 13226 -1441 -7942
11833 4758 9546 14209 -3232 -9128
10905 5248 8161 14460 -2571 -10861
10454 6006 7044 14304 -638 -12079
9532 6853 6644 14465 251 -12895
9049 7245 6148 14343 1109 -13311
8577 7496 6143 13967 1486 -13834
8456 7758 5712 13605 1425 -14169
7680 8308 4982 13186 1608 -14572
6771 9137 4149 12505 2142 -15107
5890 9373 3661 11944 2650 -15615
5263 9719 3467 11520 3356 -15977
4544 10628 3486 11334 4159 -15948
3388 11514 3963 10157 4671 -15925
2206 12425 3328 8832 4978 -15862
1940 12606 3023 8532 4962 -15635
1061 12726 2290 8296 4854 -15362
556 12758 1724 8452 5119 -15421
63 13745 1827 8071 5377 -15424
134 14705 2216 6962 5458 -14773
274 15110 2390 6194 5400 -13795
547 15176 2499 5351 5351 -12628
100 14916 1938 5034 5879 -12361
-20 15078 1474 5220 6936 -12438
146 15444 1748 4638 8258 -13356
643 16263 2173 3425 9693 -13160
372 16890 3116 1465 10544 -12505
556 17017 4098 -641 9881 -12248
474 16786 4846 -2036 8977 -12463
166 16882 5290 -3125 7946 -13023
228 17122 5525 -3635 7128 -13670
-847 18173 5448 -4431 7594 -14580
-600 20000 6322 -6402 8743 -14435
-173 21108 8024 -10538 8871 -13044
57 20406 10325 -16242 6946 -12670
-18 19021 11259 -17588 3373 -12754
432 18613 12066 -17758 9 -12847
637 19514 12544 -17805 -1292 -12401
-20 20280 13021 -18660 310 -12175
-896 21181 13714 -21002 3169 -12229
-577 21122 15410 -24525 5013 -12120
913 18136 17946 -23465 1368 -11690
793 16816 19305 -15329 -4971 -10869
-359 18245 18391 -10016 -6572 -10822
-2024 21011 17212 -10470 -3227 -10765
-2565 22026 18008 -14854 -1154 -10453
-3024 22216 20456 -18895 -9337 -7813
-1242 19239 19431 -22660 -10877 -6233
-152 16840 19632 -23330 -11474 -4515
-532 15893 19227 -21336 -12360 -3357
-1193 15525 18632 -18731 -13539 -3302
-2142 16185 18321 -17570 -14250 -3651
-2174 16484 18364 -19229 -14544 -4207
-1612 15212 18276 -20650 -14178 -3465
-828 14252 18396 -20793 -13426 -2506
-416 13015 18266 -18160 -11608 -1252
-477 12402 17880 -14522 -9988 -1436
-704 12022 17731 -11908 -9030 -2535
-1220 11997 17258 -10573 -8509 -3692
-1415 11605 16855 -11527 -8236 -4219
-843 10600 16713 -12727 -7873 -3904
-376 9594 16606 -12446 -7797 -3361
-831 8780 16245 -9038 -7744 -3247
-1481 8981 15762 -4872 -7430 -4072
-1338 9182 15467 -3347 -6841 -4367
-1092 9184 14934 -2622 -5771 -4253
-540 9040 14466 -2865 -4770 -4018
-6 8528 14118 -2840 -4075 -3544
14 8163 14006 -2131 -3702 -3148
-178 8288 13954 -1724 -3610 -2852
-148 8356 14017 -2079 -3451 -2459
54 8217 14096 -2784 -3429 -1811
344 8162 14290 -3700 -3286 -1361
829 7698 14454 -4247 -3059 -991
1321 7130 14590 -4242 -2880 -590
1336 6826 14598 -3946 -2791 -469
1836 6520 14926 -3589 -2622 -443
1977 6406 15278 -3389 -2258 -609
1833 6352 15577 -3364 -1962 -625
1718 6366 16115 -3050 -1566 -328
1510 6697 16621 -2456 -1285 394
2054 6814 16820 -2787 -1179 1435
2238 6545 16617 -2200 -1373 1959
2888 6127 16376 -1384 -1180 2119
3309 5418 15885 -970 -827 2137
2910 5041 15760 -1536 -933 1961
3622 4898 15990 -2285 -1201 1799
4485 4768 16364 -2493 -706 2079
4944 5080 16469 -2184 -168 2320
4768 4684 16181 -1372 28 2347
4585 5146 16061 -1114 202 1687
4682 5046 15902 -1118 206 949
4454 5138 15746 -1607 -435 -158
4160 5124 15612 -2170 -983 -24
3972 5517 15551 -2220 -1201 242
4000 5663 15582 -1950 -1340 264
3758 5644 15276 -1184 -1188 -171
3480 5797 15076 -277 -704 -503
3304 6240 15112 103 -162 -600