-2604 18090 5010 -7295 -1371 16518
-2704 18769 4956 -8013 -271 16771
-2209 18732 5337 -9136 57 17014
-1988 18950 5680 -10313 -647 17431
-1437 19040 6066 -11167 -1854 18122
-1908 19433 6214 -12129 -2786 18833
-1558 18806 6562 -13040 -3705 19719
-909 17826 7009 -13063 -4142 20494
-558 16824 7252 -12591 -4363 21187
405 16038 7484 -12082 -4165 21308
986 15897 7946 -11305 -3986 21629
1446 15489 8129 -11152 -3270 21515
1746 14832 8582 -11533 -2307 21098
2118 14504 9133 -12126 -1553 20477
2992 13504 9498 -12565 -1359 20248
3706 12833 9949 -12676 -1559 19987
3972 12620 10114 -12779 -1880 19724
4072 12142 10116 -13181 -2417 19383
4096 11520 10164 -13592 -3013 18751
4486 10808 10230 -13843 -3731 18381
4838 10357 10521 -13708 -4643 17976
5786 9538 10734 -13023 -5432 17725
6180 9376 10873 -12033 -5936 17571
6465 8865 10993 -10776 -6302 17099
6668 8388 11005 -9525 -5841 16209
6672 8272 10818 -8610 -4894 15324
6585 7797 10700 -7953 -3481 14299
6780 7521 10762 -7326 -2250 13766
7080 7100 10749 -6741 -1446 13271
7417 6849 10806 -6221 -1148 12781
7522 6872 10825 -6163 -1403 12029
7877 6305 10954 -6316 -2110 11117
8333 5848 11040 -6141 -3040 10213
8705 5426 11054 -5791 -3894 9601
9130 5370 10894 -5145 -4240 8961
9548 5076 10729 -4555 -4036 8275
9942 4968 10624 -3827 -3384 7353
9841 5229 10466 -3208 -2466 6261
9826 5630 10468 -3036 -1351 5244
9882 6098 10362 -3223 -411 4501
9860 6390 10465 -3837 240 3997
9742 6433 10684 -4584 298 3647
9772 6262 11126 -5002 -124 3495
9808 6317 11422 -5054 -724 3562
10098 6282 11618 -4743 -1410 3727
10377 6046 11569 -4264 -1598 3376
10510 6174 11446 -3868 -1237 2776
10286 6222 11418 -3740 -532 1951
10330 6260 11514 -3698 90 1366
10366 6301 11640 -3598 496 961
10290 6468 11757 -3581 317 655
10321 6346 11856 -3506 -59 351
10296 5936 11962 -3255 -692 -7
10258 5621 12001 -2736 -1357 -100
10444 5237 11974 -2059 -1632 -418
10532 5153 11993 -1345 -1830 -702
10813 4730 11790 -769 -1689 -1216
10908 4564 11626 -311 -1274 -1730
10894 4440 11614 -9 -936 -2115
10952 4202 11654 153 -667 -2476
11145 4058 11777 202 -785 -2745
11404 3716 11812 367 -1214 -2972
11581 3389 11906 819 -1907 -3222
11918 2980 12090 1661 -2894 -3417
12157 2741 12089 2712 -3420 -3770
12300 2745 11945 3665 -3624 -4301
12257 3153 11756 4354 -3143 -5142
12336 3326 11494 4690 -1997 -5958
12069 3692 11374 4510 -1083 -7076
11932 3680 11614 4606 -1023 -8040
12013 3512 11933 5267 -1770 -8705
12226 3266 11948 6352 -3094 -8945
11945 3616 11865 7510 -4286 -9249
11854 3924 11534 8806 -5298 -9563
11745 4538 10953 9736 -5340 -10123
11482 5082 10721 10233 -5091 -10979
11602 5357 10589 10777 -4878 -11886
11481 5862 10309 11217 -4562 -12684
11329 5966 10369 11767 -4992 -13073
11154 6297 10142 12556 -5497 -13631
10742 6785 9689 13239 -6234 -13863
10428 7470 9145 13589 -6668 -14361
9972 8036 8366 13705 -6699 -14866
9760 8529 7749 13449 -6248 -15449
9392 9110 7413 13316 -6102 -15776
9006 9365 7142 13333 -6207 -16040
8789 9437 6770 13456 -6624 -16380
8574 9277 6578 13726 -7551 -16682
8365 9386 5862 14126 -7860 -16908
7664 9610 5044 14416 -7499 -17059
7534 9813 4256 14531 -6527 -17086
7085 10362 3438 14392 -4833 -17244
6982 10873 2940 14098 -3009 -17199
6922 11312 3094 13610 -1905 -17056
6418 11573 3122 12784 -1609 -17121
6029 11797 2873 11607 -1730 -17352
5613 12264 2206 11096 -1826 -17609
5114 12817 2046 10446 -1838 -17648
4528 13197 1544 9678 -1640 -18007
3697 13790 1385 9184 -1350 -18380
2697 14321 801 9041 -1043 -18705
872 15061 168 9131 -552 -19144
-69 15729 -248 8938 -353 -19528
-652 16306 -414 8098 -36 -19479
-1094 16789 -465 6725 -139 -18878
-1424 16993 -717 5011 -262 -17651
-1532 16796 -656 3292 -553 -16310
-1997 16569 -686 1043 -575 -15494
-2525 16777 -369 -1095 -889 -14857
-2542 17160 -269 -3035 -1117 -14264
-2813 17705 -81 -4360 -1138 -13448
-2305 17857 56 -5272 -1039 -12637
-2622 17429 122 -5056 -434 -12361
-3022 16868 317 -4961 294 -13155
-3521 16777 504 -4294 1547 -13835
-3860 16842 960 -3361 2577 -14437
-4046 17049 1390 -2424 3481 -14301
-4125 17948 1992 -2589 3727 -14278
-3897 19012 2190 -3456 3649 -13859
-4218 19504 2637 -4735 3189 -13379
-4857 19754 2774 -6606 2845 -13370
-5534 20038 3188 -8840 2480 -13544
-5636 20013 3634 -10974 2004 -13365
-5480 19972 4093 -13176 1494 -12651
-5114 20072 4722 -15616 1028 -11658
-4773 20297 5732 -18173 -14 -10808
-4152 19965 7136 -20137 -1689 -10363
-3701 19501 8325 -20856 -3645 -10299
-3433 19050 9401 -20030 -5647 -10365
-3738 19022 9804 -18653 -6115 -10487
-4521 19325 10090 -17791 -6014 -11106
-4564 19793 10394 -18003 -4511 -11481
-4418 20029 11016 -18784 -2587 -11268
-4614 19962 12466 -19867 -2204 -10849
-4325 19210 13884 -19201 -7445 -9468
-3502 18489 14028 -18499 -7851 -9324
-3981 18529 14618 -17858 -8462 -9676
-4110 18385 14973 -17356 -9305 -9747
-4372 18065 15206 -16634 -9767 -9344
-4108 17677 15533 -15998 -9988 -8537
-4057 17310 15920 -15748 -10382 -7320
-3060 16952 16337 -15179 -9573 -6199
-4034 17512 16565 -15117 -9631 -5563
-3461 16924 16861 -14640 -9132 -5328
-3101 16346 17060 -14415 -8787 -6003
-2808 15494 17106 -13734 -8442 -6334
-2410 14776 17578 -13344 -7917 -6199
-2621 15164 17601 -13225 -7533 -5247
-2914 14450 17414 -12907 -7474 -4821
-2649 13773 17529 -11652 -7710 -4874
-2492 13033 17844 -9495 -8090 -5343
-2562 13058 18084 -7036 -8232 -5281
-2976 13753 18120 -5450 -8151 -4841
-3022 14169 17910 -4988 -8247 -4348
-2909 14257 17762 -5549 -8139 -3806
-2650 14238 17573 -6444 -8094 -3217
-2298 13476 17540 -7159 -8038 -2643
-2098 13097 17356 -7548 -7981 -2214
-2094 12653 17157 -7598 -8139 -2052
-2260 12197 16890 -7222 -8328 -2020
-2372 11729 16690 -6926 -8754 -1823
-2469 11748 16548 -6923 -9076 -1345
-2288 11681 16437 -7480 -9329 -938
-2116 11512 16476 -8309 -9329 -875
-1853 11090 16485 -8915 -9212 -1078
-1480 10233 16481 -8995 -8912 -1127
-1308 9721 16454 -8421 -8290 -834
-1485 9442 16285 -7603 -7710 -545
-1532 9174 16049 -6899 -7350 -230
-1540 9138 15953 -6570 -7067 -165
-1361 9002 15892 -6658 -7030 -177
-914 8742 15769 -6700 -6935 -118
-576 8437 15748 -6748 -6853 88
-85 8114 15874 -6427 -6507 401
-334 7884 15977 -5877 -5907 287
-741 7513 15941 -5141 -5352 -206
-1028 7648 16097 -4459 -4744 -672
-1228 7486 16172 -3585 -4037 -1222
-836 7146 16158 -2447 -3615 -1141
-901 7521 15944 -1122 -3160 -689
-570 7808 15702 -98 -2684 -438
-522 8109 15678 182 -2515 -445
-404 8441 15629 -151 -2437 -1096
-364 8389 15680 -938 -2593 -1734
-286 8118 15560 -1828 -2891 -1693
-177 7872 15206 -2260 -3149 -841
-109 7749 14921 -1964 -3162 -122
-80 7686 14612 -1444 -3221 3
144 7536 14700 -1315 -3023 -128
72 7917 14793 -1318 -2534 -467
-56 7437 14721 -1244 -1834 -515
-57 7057 14449 -1065 -1326 -456
15 6735 14213 -610 -788 -421
89 6602 14034 -37 -453 -694
-126 6444 13862 134 -490 -1385
-272 6381 13898 89 -734 -2153
-275 6379 14149 -38 -863 -2312
-466 6681 14290 -183 -465 -2172
-450 6618 14222 -253 -95 -2059
-657 6933 13998 -499 77 -2287