-9378 6893 13793 -497 379 -68
-9546 7178 14154 -386 682 -70
-9644 7313 14404 -476 959 -142
-9673 7538 14750 -468 1314 -128
-9862 7401 15212 -431 1776 -76
-9868 7389 15653 -413 2029 257
-10318 6834 15950 -451 1579 1132
-10413 6265 16041 -230 718 2485
-10477 4717 15268 1988 120 3586
-10238 6938 15130 4910 -293 4242
-10728 6564 15874 7879 -1366 4219
-11301 7645 16688 9974 -3758 4680
-11552 8249 17284 12799 -6999 6003
-11556 8472 17721 17121 -10632 7577
-11001 9737 18053 21460 -13860 9486
-10284 12304 18868 24183 -16540 11368
-10260 15204 18553 22932 -17595 12417
-10125 17418 17541 17140 -16326 13057
-9585 16614 16529 12700 -16288 13506
-9105 15289 16365 11839 -17905 14390
-8602 15789 16612 12727 -19536 15135
-7797 16188 17086 13423 -20346 15944
-6632 16589 17312 13242 -20500 16510
-5792 16989 17353 12783 -20429 16741
-5274 17294 17062 11813 -19857 17238
-4237 17436 16360 10458 -19012 17775
-3112 17529 15852 9442 -17864 18508
-2112 18068 15425 8048 -17160 18960
-1126 19478 15077 6427 -16092 19608
-677 20240 15241 2973 -15262 20291
-364 21286 15668 -1740 -15046 20559
-104 21712 15652 -6787 -14943 20672
313 21278 15476 -10296 -14641 20581
896 20778 15536 -12651 -14469 20841
1620 20112 15456 -14380 -14133 21314
2205 19629 15412 -14392 -13897 21818
2646 18332 15257 -12850 -13626 22433
3120 17252 15317 -10628 -13453 23212
3538 16917 15349 -9167 -13340 24112
3910 16444 15329 -9106 -13490 24908
4226 16340 15141 -10119 -13784 25538
4317 15641 14782 -11846 -14246 26040
4590 14657 14464 -13465 -14638 26591
4660 13497 14074 -14403 -14990 26966
4712 11326 13641 -14540 -15136 27140
4768 10329 13068 -14415 -15364 27306
4937 9029 12018 -14228 -15654 27276
5054 7708 10946 -13687 -15989 27369
5342 7046 10144 -12991 -16180 27363
5560 6488 9240 -12170 -16129 27095
6046 5360 8504 -11352 -15708 26940
6274 4257 8022 -10990 -15202 26764
6665 4184 7412 -11175 -13933 26552
6754 3661 7212 -12197 -12622 25953
6773 2768 6824 -13617 -11409 25290
6417 1888 6142 -14946 -10484 24457
6453 1020 5141 -16130 -9682 23757
6368 333 4509 -16982 -9122 22938
6408 -56 4113 -17644 -8399 21870
6212 -206 3654 -18115 -7288 20581
6269 -798 3166 -18705 -5860 19464
6200 -1925 3009 -18994 -4761 18463
6177 -2745 2784 -18832 -3946 17578
6096 -3176 2428 -18092 -3400 16631
6121 -3753 2238 -16365 -3107 15736
5628 -3926 2049 -14189 -3096 14708
5224 -4402 1684 -12035 -3189 13659
5188 -5081 1565 -9283 -3112 12776
5098 -5812 1805 -6312 -2647 11957
5234 -6002 2232 -3652 -2325 11100
5234 -6222 2853 -1385 -1934 10134
5313 -6197 2953 148 -1554 9386
5564 -6214 3398 1023 -1326 8792
5806 -6244 3949 1558 -1322 8199
5938 -6334 4388 1742 -1258 7691
6204 -6712 4846 1135 -879 7448
5810 -8453 4981 2518 -2948 5705
4313 -14414 5346 5519 -2658 -786
5033 -19936 3689 12714 -557 -4167
6852 -14492 5869 16990 1503 -3000
6105 -11282 7092 14788 2914 -3001
6697 -9865 7120 11834 3738 -3550
6716 -7764 6908 9896 2667 -3390
6846 -7549 6717 8291 808 -3794
6646 -7750 5949 8431 -364 -4414
6901 -8276 4416 10909 -1568 -5110
7196 -10657 3013 17524 -2791 -6478
7654 -11880 2300 26972 -2952 -8424
7708 -11098 1697 32767 -2235 -11092
8425 -10072 1834 32767 -988 -13745
8580 -7733 2226 32767 915 -16204
8352 -5382 2504 32767 2559 -18347
8722 -3964 3697 32767 4870 -20690
7866 -1177 3949 32767 6562 -22724
7369 -564 4344 32767 8104 -25128
6297 158 4368 32767 9611 -27074
5912 1386 4754 32767 11649 -28798
4940 3966 5288 32767 13212 -29397
4110 6085 5058 32767 14326 -29369
2908 6572 4390 32767 15831 -29863
1125 7688 2768 32767 17511 -30263
33 8557 1378 32767 18584 -30398
-1106 9872 -153 32767 17802 -29634
-1120 11300 -1857 32767 15659 -28825
-480 11922 -3045 32767 12352 -27695
-28 14060 -3988 32767 8872 -25149
369 16108 -4490 32767 5619 -22095
241 18024 -5018 32767 2419 -19727
237 18680 -5306 32621 -901 -18989
76 19028 -5462 28261 -3848 -19376
190 18562 -5941 23225 -6649 -20261
-138 18094 -6038 20043 -8546 -21066
-704 19600 -5320 17446 -9002 -21716
-342 21078 -4054 14166 -8359 -22579
-504 21930 -2809 10628 -6989 -24113
-1088 22270 -2106 7027 -5566 -25612
-1062 23066 -1238 3351 -3705 -26831
-1745 24558 -26 -1632 -2253 -27088
-2532 26672 1302 -8627 -2167 -26695
-3633 29361 3204 -18468 -3240 -26010
-4024 32062 5245 -29745 -3697 -25158
-4524 32767 6248 -32768 -3417 -24974
-4821 32767 6293 -32768 -1866 -25368
-4870 32463 7789 -32768 2254 -25229
-5142 31918 10381 -32768 5924 -24335
-4784 31237 12369 -32768 8903 -23787
-5169 27772 12362 -32768 10720 -24078
-6429 20578 10013 -32768 9701 -24797
-6446 8088 8992 -32768 9351 -27041
-8802 -574 12260 -32768 7523 -28810
-10762 -5506 17210 -27846 4951 -25168
-11973 -2024 21365 -12734 -2560 -18474
-12101 2621 21570 -6762 -8615 -13115
-11313 6588 21234 -4919 -11533 -11608
-10909 10480 21328 -4678 -11401 -11777
-10130 12369 20360 -5068 -8183 -12664
-10364 11277 19253 -10919 -3653 -13015
-11428 11161 18817 -13710 -10955 -16793
-10729 9933 19146 -16678 -15623 -17286
-9373 8874 19106 -19139 -14767 -16796
-8900 7616 18068 -20342 -13115 -16325
-8633 7258 16637 -22798 -14151 -15837
-8594 7452 16036 -26322 -15895 -16005
-7081 6880 15916 -26808 -13383 -15949
-6685 4941 15805 -23833 -8558 -16877
-7237 2884 15929 -18619 -4070 -16543
-7644 2289 15624 -12642 -1977 -16658
-8878 2350 14885 -8495 -3282 -17196
-8954 3398 14690 -7584 -6003 -17236
-9492 3990 15089 -6575 -7673 -17270
-8354 3825 15888 -4637 -7757 -16846
-7316 3448 16110 -2054 -6596 -16136
-7458 3565 15769 1302 -5271 -16218
-7212 4193 15542 5565 -3883 -16365
-7598 5046 15028 8416 -2656 -16275
-7638 6509 14317 9181 -1853 -15785
-7654 7488 14478 8974 -1433 -15225
-7234 8090 14914 8257 -768 -14190
-6978 8220 15488 7592 -443 -12764
-6662 8005 16017 6825 -471 -11243
-6544 8201 16034 5992 -239 -9643
-6244 8605 15952 5192 290 -8064
-6057 8752 15857 3928 1046 -6561
-5900 8482 16158 2341 2029 -5200
-5960 8093 16168 362 2493 -3989
-5688 7176 16268 -1562 2468 -2946
-5800 6165 16345 -3071 2382 -1905
-5692 5304 16278 -3613 2438 -1190
-5608 4501 16125 -3095 2280 -610
-5453 4066 16185 -1969 2113 -147
-5186 3737 16154 -766 2131 230
-5116 3648 16064 15 2196 454
-5348 3426 15745 95 2180 764
-5493 3316 15718 -464 1890 1087
-5505 3245 15816 -1190 1355 1313
-5308 2800 15893 -1739 689 1533
-5041 2218 15834 -1797 287 1752
-4845 1873 15998 -1374 178 1814
-4718 1510 15866 -804 174 1732
-4970 1537 15808 -409 118 1551
-4878 1733 15713 -148 130 1287
-4921 1462 15892 63 274 1171
-4944 1384 15960 232 428 873
-5206 1486 15933 541 534 639
-5278 1452 15781 1102 292 482
-5262 1450 15937 1814 -137 262
-5198 1589 16165 2518 -415 127
-5140 1813 16250 2841 -343 29
-5050 1918 16296 3309 1 106
-5077 1828 16440 2982 138 222
-4961 2202 16437 2481 -212 57
-4990 2369 16434 2264 -249 -57
-4898 2633 16320 2130 -250 -189
-4992 2813 16176 2145 -381 -410
-5034 2658 16197 2571 -315 -462
-5201 2730 16202 2933 -402 -464
-5477 3166 16070 3142 -613 -378
-5548 3822 15965 3104 -780 -232
-5428 4182 15950 2769 -1053 -82
-5077 4049 16098 2373 -1166 166