-9780 22497 -1198 -6318 -1156 32767
-9029 21610 -1376 -7066 858 32767
-8340 21093 -1720 -8890 2671 32767
-7753 20198 -2114 -11606 3503 32767
-7140 18938 -2268 -14051 3986 32767
-6612 17052 -2350 -15445 4538 32767
-6105 16138 -2085 -15810 5134 32767
-5330 15025 -1584 -15936 5872 32767
-4949 12586 -873 -15464 6393 32767
-4410 10344 -468 -14540 6832 32767
-4256 9370 -398 -13249 6832 32767
-3962 8760 -109 -12523 6880 32767
-3974 8869 332 -12037 6364 32767
-3541 7798 986 -12066 5952 32767
-3334 6766 2093 -12397 5270 32767
-2889 5516 2976 -12879 4532 32767
-2833 5024 3933 -13538 4020 32767
-2504 4352 4669 -14278 3679 32080
-2153 2802 5062 -14162 3250 31257
-2010 678 5476 -13913 3003 30657
-1980 -828 6113 -14665 2277 29224
-2022 -2146 6516 -14765 780 27367
-1748 -3861 6729 -13652 -1188 25702
-1265 -5141 7029 -12222 -3086 24326
-837 -6000 7581 -10772 -5405 22582
-104 -7240 8101 -10169 -8141 20129
1486 -8922 8497 -8021 -9341 18302
2690 -10514 9380 -5735 -9078 16367
3684 -11320 9918 -4063 -8041 14457
4533 -11262 10021 -2764 -7386 12535
5469 -11478 9813 -1683 -6559 11033
6318 -11433 9921 -1815 -5541 9601
7158 -10576 10566 -2299 -4381 8053
7630 -9833 10684 -2898 -3421 6525
8076 -9538 10417 -3802 -2752 5755
8332 -9802 10754 -4831 -3136 4915
8305 -12350 10946 -4755 -4034 1819
8414 -12934 10356 -914 -2880 628
8341 -13542 11002 2838 -2868 -1134
9260 -12840 10128 4293 -1415 -3102
9854 -9192 10738 4138 550 -2722
10012 -5950 11268 -142 1303 -2840
10222 -4636 11064 -5387 1477 -2805
10389 -5300 10664 -8094 1477 -2814
10441 -7708 9812 -6643 1286 -3414
10766 -9584 9814 -590 1112 -4660
10788 -10052 9177 9999 914 -5690
10957 -9682 9160 23125 1274 -7030
10664 -8417 7928 32425 1400 -8774
10166 -7466 7316 32767 1450 -10805
10057 -5444 6402 32767 1217 -13718
9916 -4913 5190 32767 2230 -16715
10253 -3374 4422 32767 4009 -19401
10054 104 3817 32767 6329 -22625
9298 4144 4180 32767 9426 -25311
8105 8134 4930 32767 12761 -26708
7334 10482 5177 32767 15753 -27086
6405 10556 5166 32767 17326 -26142
5433 10724 5329 32767 16766 -24841
4394 10053 4818 32767 13703 -23066
4082 9374 4824 32100 9345 -20638
3917 8580 5120 31377 4568 -17904
3537 9534 5482 31393 811 -16095
3650 11814 6720 29456 -1133 -15629
3818 13134 7800 25346 -1599 -15999
3781 14153 8586 19615 -850 -17209
3586 14040 8725 13913 -166 -18388
3068 13732 8941 9079 -265 -19148
2944 13048 8742 5371 -1147 -19268
2914 12480 8666 3635 -2466 -18657
2774 12450 8692 2349 -4285 -17448
2572 12993 8892 486 -6112 -15937
2293 14105 9190 -3327 -6834 -14633
2668 15494 9658 -8979 -6568 -13991
2906 16657 9968 -15354 -5589 -13731
2954 17697 10361 -23370 -4626 -13609
3006 16838 10780 -30969 -3622 -13380
3249 15354 11282 -32768 -2132 -12694
2701 14748 11886 -32768 -1047 -11321
2257 13441 12640 -32768 -249 -9418
1508 11926 12666 -32768 405 -7522
1313 9518 13258 -32768 1272 -5833
816 8242 13440 -32768 1754 -5078
937 5405 13846 -31986 2775 -5520
760 4704 14597 -23277 4415 -7832
912 6524 15376 -14136 6194 -10091
1077 9242 15724 -9146 7699 -11104
266 11721 16325 -10028 8290 -12010
485 12500 16909 -14417 8729 -12883
157 12873 17248 -19116 9403 -12524
-76 10538 18618 -21980 9428 -11849
-114 9750 19462 -21247 9125 -11456
-125 10070 20584 -18894 8655 -11566
54 11257 21709 -18292 7961 -11356
1009 12725 22472 -21521 8017 -10171
1193 13577 22422 -28867 9355 -7663
621 10026 22153 -32768 10873 -5651
64 7565 22929 -32768 12255 -4859
-613 7218 24252 -32768 12583 -4390
-1277 7462 25224 -32768 11735 -4004
-1580 7165 25209 -32768 11229 -3287
-1946 5973 24333 -32768 11333 -2430
-2781 1670 23509 -32768 11908 -2697
-3080 688 23804 -32768 12538 -4340
-3310 1085 24198 -30159 12676 -5768
-3769 461 24237 -25902 12318 -7535
-4438 -789 24388 -21492 12035 -9667
-5698 -377 24094 -17710 11160 -11656
-6574 184 24150 -15994 9803 -12965
-6718 -174 24214 -15671 8521 -13718
-6730 -437 24313 -15966 7547 -14143
-6736 -713 23804 -16504 6750 -14529
-6790 -1586 22992 -16449 6055 -15154
-7237 -2756 21886 -15100 5115 -16346
-7838 -3641 20424 -12209 3989 -18202
-8737 -3854 18821 -7708 2382 -20905
-9962 -3794 17217 -2365 -112 -24188
-10693 -3662 16005 3036 -3529 -28225
-10112 -2092 15004 9223 -7363 -32196
-9330 100 13913 16019 -10873 -32768
-7965 2456 12897 21580 -13579 -32768
-6330 4757 12248 24366 -14438 -32768
-5048 7056 11730 24792 -14075 -32768
-3373 9237 11036 23645 -13293 -32768
-1328 11090 11302 21212 -11056 -31267
946 12398 12336 15972 -6699 -25095
2824 11533 13817 9656 -317 -17516
2134 9916 14730 3408 5853 -10150
862 8894 15285 -2192 10150 -3574
24 8194 15677 -7378 12752 1986
-1196 7113 15974 -11413 13455 6577
-2412 5193 16168 -14630 12413 9619
-3130 2612 16577 -16458 10198 10680
-3352 340 16825 -15881 7106 10273
-2954 -1494 17006 -13115 3717 8831
-2600 -2565 16518 -8881 653 6665
-2404 -3437 15950 -3873 -1785 4406
-2120 -3374 15509 1196 -3618 2495
-1786 -3240 15185 4521 -4813 630
-1426 -3153 15197 6706 -5284 -835
-1108 -2577 15376 7656 -5169 -1699
-1056 -2044 15501 7540 -4724 -1857
-1188 -1573 15424 6706 -4104 -1453
-1060 -1374 15297 5498 -3097 -662
-1057 -1161 15414 4111 -1911 270
-1052 -1066 15244 2533 -697 1390
-1170 -1200 15289 785 281 2418
-1425 -1706 15293 -706 1168 3354
-1369 -2026 15445 -2180 2063 3988
-1218 -2486 15786 -3284 2751 4307
-1102 -2833 15958 -3754 3369 4277
-1360 -3098 16138 -3546 3487 3950
-1490 -3257 16049 -2927 3162 3374
-1458 -3324 16165 -1940 2759 2770
-1473 -3304 16250 -936 2247 2173
-1646 -3149 16314 -286 1738 1711
-1757 -2917 16277 18 1038 1406
-1686 -2704 16146 128 394 1186
-1336 -2528 16006 215 -34 1001
-1044 -2416 16068 405 -172 903
-1071 -2319 15774 439 -7 871
-1121 -2173 15696 194 283 864
-1102 -2054 15497 -190 602 896
-952 -2116 15524 -658 1055 981
-948 -2154 15433 -836 1509 1006
-1128 -2214 15445 -766 1843 985
-1449 -2194 15577 -652 2070 894
-972 -1877 15814 -650 2272 793
-1070 -1901 16060 -606 2672 663
-932 -1822 16306 -616 2770 604
-801 -1657 16512 -403 2706 536
-1050 -1657 16438 -50 2457 630
-1345 -1764 16505 307 2031 801
-1370 -1645 16696 407 1694 935
-1313 -1421 16828 295 1506 1013
-1370 -1429 16794 -36 1227 940
-1341 -1658 16686 -41 995 865
-1326 -1757 16666 307 755 760
-1197 -1705 16710 636 670 624
-1390 -1670 16429 843 525 515
-1685 -1693 16266 999 385 457
-1434 -1861 16253 1306 398 570
-1796 -1828 16184 1291 317 535
-1746 -1705 16224 951 243 567
-1684 -1558 15968 700 251 515
-1506 -1644 15922 998 157 497
-1446 -1578 15984 1141 195 534
-1418 -1293 15870 900 504 594
-1597 -1129 15849 747 709 668
-1641 -1118 15836 554 954 709
-1610 -1148 15741 574 1263 778
-1585 -1089 15708 677 1599 861
-1590 -1096 15809 571 2079 1057
-1649 -974 16069 230 2478 1184
-1745 -892 16234 -163 2664 1294
-1869 -870 16245 -633 2651 1328
-2126 -1194 16166 -895 2492 1340
-2137 -1557 16378 -801 2447 1349
-2176 -1714 16356 -520 2343 1290
-2349 -1742 16237 -317 2208 1176