-2596 10397 764 -23170 19579 27486
-2018 9505 1322 -24606 16893 26397
-1449 8378 1728 -25036 13581 25833
-977 7328 2226 -25286 10584 25389
-242 6180 2918 -26026 8170 25024
346 4990 3109 -26491 6452 24655
1217 3758 3144 -25733 5561 23973
1714 3098 3248 -24710 5318 23192
2036 2101 3813 -24868 4575 22106
2188 834 4314 -25218 2995 20447
2692 -777 4780 -24555 1365 18971
3749 -2497 5502 -22417 -326 18075
4138 -3428 5804 -19909 -1901 17352
4498 -3786 6046 -17558 -3383 16808
5058 -4220 6318 -15813 -4532 16129
5594 -4568 6648 -13822 -4939 14909
6396 -5104 7176 -11533 -4576 13634
7098 -5513 7869 -9625 -3653 12068
7813 -5501 8346 -7758 -2589 10400
8234 -5848 8892 -5596 -1195 8976
8482 -5657 9585 -3924 219 7777
8900 -5660 10269 -3024 1925 6699
8689 -4966 10901 -2939 3423 5682
8632 -4076 11382 -3588 4423 4684
8942 -3637 11602 -5273 4871 3764
9133 -3316 11870 -7900 5194 2861
9064 -3185 11890 -10793 5123 1933
9212 -2765 12006 -14533 5224 998
9390 -3770 13110 -17048 4154 -762
8641 -4629 14504 -18712 2136 -3596
8418 -7664 13988 -16186 581 -5757
9190 -8412 14353 -14972 73 -7268
9972 -8356 13824 -12370 450 -7948
10605 -7054 13681 -11189 1282 -7422
10940 -5477 13336 -11573 2181 -6727
10870 -4465 12898 -11801 2419 -6255
10789 -4577 12396 -11154 2207 -5895
10784 -4892 11832 -8972 1621 -5225
10630 -5894 11329 -5701 719 -4189
10476 -6768 10858 -1062 -157 -3086
10177 -7325 10144 4792 -1064 -1991
9474 -8753 9532 11848 -1765 -1086
9314 -9156 8794 21486 -2133 -793
8965 -8488 7786 31440 -2179 -704
8736 -8009 6834 32767 -2035 -1070
8536 -6788 5312 32767 -1701 -2069
8477 -5426 3420 32767 -1233 -3042
8625 -3338 1924 32767 -774 -4257
8340 186 1233 32767 -270 -5750
8077 2738 1008 32767 529 -7766
8070 5182 694 32767 2067 -10145
7574 5744 494 32767 4420 -11775
5941 5476 468 32767 6547 -13633
5052 5562 253 32767 7765 -15497
4722 6286 113 32767 7761 -17392
3993 7174 -238 32767 6469 -18906
3357 7913 -206 32767 4559 -20321
3132 9669 -161 32767 3021 -21744
2945 11088 38 32767 1760 -22681
2361 12406 482 32767 1028 -23297
1753 13896 933 32767 534 -23871
1432 15489 1113 32660 256 -24255
2052 16548 1801 28138 427 -24772
2057 17186 2346 22641 779 -24895
2321 16633 2621 19209 898 -24575
2272 16120 2625 18576 160 -23575
1636 15930 2610 19120 -1783 -22040
941 16812 2536 18943 -4902 -20544
761 18445 2746 16636 -7980 -19225
465 19862 2897 11925 -10396 -18185
34 20982 3050 5338 -11424 -17510
-457 21721 3389 -1723 -11314 -17180
-493 21685 3517 -8093 -10150 -17213
-486 21026 3742 -13281 -8618 -17256
-1294 19706 3840 -16529 -7837 -16738
-1145 19997 4548 -18108 -7249 -16416
-1268 22316 5822 -21235 -6308 -16289
-1258 24226 7648 -28604 -4617 -16541
-1184 23013 9042 -32768 -2253 -16743
-1045 22049 10470 -32768 583 -16772
-1870 23192 12462 -32768 2970 -16607
-3140 22144 14498 -32768 3624 -16286
-3557 21217 16605 -32768 3026 -15822
-4648 22574 18161 -32768 1982 -14677
-6117 23870 18766 -32768 -351 -13879
-6265 23801 19310 -32768 -3253 -13730
-5577 22721 20221 -32768 -5210 -13001
-4874 20246 21377 -31556 -6421 -11963
-4218 18309 22594 -24013 -7075 -11302
-3890 19356 23230 -17866 -7213 -11239
-4114 21074 23720 -18032 -7810 -10873
-4561 22504 23357 -25252 -9271 -10232
-4220 21928 22696 -32631 -9661 -9106
-4240 19650 20982 -32768 -9506 -7559
-4132 10677 19917 -32768 -8587 -6424
-4456 6614 19997 -32768 -6916 -7701
-5297 7048 21226 -25991 -7026 -10737
-5390 9677 21165 -15331 -9677 -13108
-4577 12469 20049 -10379 -12013 -13426
-4089 13784 19324 -11488 -12791 -14026
-3961 14593 18642 -17322 -11779 -13775
-3617 14066 17944 -25846 -9529 -13113
-3340 11366 18285 -32090 -5975 -12635
-3461 10202 18304 -32768 -1973 -11746
-4064 9609 17849 -32768 612 -10521
-4777 9009 17061 -32768 1700 -9442
-5254 8841 15788 -32768 2608 -8362
-5685 7761 15106 -32768 3441 -7589
-6134 6298 14428 -32768 3485 -6961
-6702 4829 14238 -32768 2928 -6117
-7061 3629 15248 -32768 2365 -5188
-6529 1438 15170 -32768 1804 -3981
-6990 -1732 15388 -32768 -614 -3457
-7273 -3210 14290 -32342 -2897 -2697
-6521 -3605 13458 -24740 -5542 -3450
-5733 -2662 12192 -15076 -7762 -5239
-4374 -1721 11654 -6936 -9333 -8622
-2950 -988 11614 231 -9107 -11999
-2040 -342 11930 5442 -8655 -14855
-1526 -444 12608 8538 -7545 -16549
-1013 -218 12973 9775 -6073 -17123
-429 380 13429 8951 -3918 -16568
-262 1206 14108 7162 -2149 -15365
-608 1777 14526 5654 -309 -13736
-1521 2385 14522 4595 1713 -12126
-2094 2534 14936 4265 3319 -10540
-1844 2470 15384 5014 4690 -8983
-1464 2648 15869 6080 5959 -7546
-1657 3048 16532 6708 6966 -6153
-2065 3396 17017 5986 7246 -4703
-2274 3152 17586 3710 6603 -3344
-2069 2436 18098 1213 5306 -1872
-1740 1544 18228 -440 3804 -340
-1301 586 18198 -1145 2599 1104
-965 -54 17806 -1201 1738 2188
-774 -733 17434 -1003 1394 2960
-925 -1181 17209 -851 1265 3270
-1313 -1576 16836 -691 986 3182
-1636 -1916 16425 -458 575 2988
-2034 -2358 16141 -321 -62 2653
-2189 -2498 15832 103 -786 2307
-2202 -2512 15622 622 -1381 2059
-2102 -2641 15474 1051 -1562 1827
-1964 -2462 15360 1346 -1485 1774
-1893 -2056 15074 1131 -1210 1680
-1861 -1890 15048 871 -781 1607
-1870 -1692 15048 734 -209 1617
-1949 -1441 15040 693 288 1767
-2012 -1462 15036 620 631 2042
-2044 -1833 15110 672 956 2338
-2054 -1802 15222 576 913 2428
-1925 -1910 15504 731 470 2407
-1792 -2085 15758 1186 -98 2297
-2121 -2337 15766 1672 -761 2183
-1752 -2428 16074 2203 -1362 1979
-1638 -2409 16453 2577 -1564 1807
-1589 -2157 16500 2703 -1523 1552
-1738 -2050 16237 2963 -1531 1336
-1922 -1920 16122 3224 -1615 1111
-1965 -1789 15858 3203 -1754 868
-1864 -1581 15789 3449 -2039 529
-1645 -1352 15850 4116 -2173 271
-1576 -1090 15840 4457 -2098 149
-1388 -1058 16120 4340 -1862 131
-1161 -961 16334 3909 -1594 212
-1076 -993 16424 3136 -1246 363
-724 -986 16561 2474 -912 512
-603 -927 16408 1616 -552 573
-593 -948 16183 943 5 612
-793 -1145 16065 651 550 638
-970 -1189 15969 896 785 706
-1080 -1189 15949 1292 751 808
-1148 -1046 15962 1879 605 991
-1196 -1049 16006 2402 385 1232
-1098 -1013 16193 2775 297 1457
-1065 -802 16186 2589 390 1652
-961 -532 16381 1421 526 1602
-727 -724 16489 380 702 1505
-564 -921 16450 198 1148 1297
-692 -876 16288 361 1490 1070
-1002 -944 16142 634 1555 820
-1120 -957 16122 1111 1512 611
-1034 -860 16374 1718 1492 319
-1077 -628 16714 2329 1472 107
-1104 -396 17014 2878 1430 -5
-1232 24 17057 3092 1311 -39
-1416 341 17017 2930 1112 -149
-1498 310 16928 2808 881 -271
-1438 232 16866 2961 811 -316
-1341 225 16982 3404 870 -351
-1326 274 16926 3722 1069 -280
-1354 489 17176 3643 1234 -160
-1424 662 17490 3094 1183 53
-1438 769 17586 2372 1012 327
-1621 748 17541 1832 740 633
-1854 582 17245 1526 306 875
-2018 546 16917 1392 -175 1043
-1840 440 16632 1430 -562 1111
-1741 281 16512 1633 -651 1190
-1736 -13 16525 1604 -666 1312