-11100 30645 4581 -14345 -3238 27339
-11092 31905 3562 -13985 -5190 28905
-11156 32704 2773 -14155 -7273 30460
-11022 32767 2661 -14654 -8387 32147
-10468 32763 2865 -15850 -8099 32767
-9704 31814 3069 -17082 -6833 32767
-9536 30766 2797 -16568 -5249 32767
-9674 29462 2394 -14587 -4279 32767
-9494 28814 969 -10166 -3286 32767
-8764 28828 512 -9297 -2068 32767
-8366 28061 240 -10804 -851 32767
-7458 26741 -200 -12089 1324 32767
-6436 25297 500 -14719 2717 32767
-7116 24593 873 -14974 4005 32767
-5865 22437 425 -15184 6443 32767
-5356 19216 145 -15425 9855 32767
-4953 17041 -230 -14924 12346 32767
-4736 15724 -356 -13766 14101 32767
-4661 15809 -250 -15365 14654 32767
-5092 17326 354 -19756 14097 32767
-5277 16912 596 -25434 12276 32134
-4924 14894 428 -30198 10083 31636
-4490 13280 310 -32548 8250 31341
-3952 11865 300 -32768 6448 31269
-3802 10621 166 -32768 4422 30910
-3457 9642 256 -32768 2173 30888
-3212 7594 456 -32331 -683 31683
-3040 5992 734 -29752 -3479 32299
-2214 4713 1012 -26656 -5813 32509
-1381 3580 1385 -24284 -7192 32381
-704 2346 1896 -22306 -7760 31995
-109 2168 2158 -20769 -7130 31077
921 1674 2466 -20765 -5813 29141
1284 746 2986 -20995 -4459 26981
1604 -392 3169 -20629 -3165 24913
1733 -2077 3216 -18868 -2586 23171
2312 -3698 3450 -15944 -2896 21694
2876 -5366 3972 -12442 -3908 20273
3496 -6904 4805 -8481 -5401 18842
4017 -7432 5805 -4527 -6468 17472
4517 -7536 6800 -2327 -7568 15463
5288 -7270 7600 -868 -8191 13508
6158 -8349 7917 232 -8199 11921
7278 -8789 8630 1597 -7011 10439
7978 -8318 9506 2552 -5166 9067
8402 -7752 9997 1804 -3642 7809
8492 -7497 10330 1069 -2527 6671
8516 -5841 10802 126 -2096 6450
8420 -10770 10914 852 -3677 3268
7734 -8637 10545 2868 -2901 3032
8394 -11048 10972 5159 -3781 412
9170 -10954 10456 6629 -2426 -944
9282 -7117 11205 6227 -1597 -582
9753 -5017 11413 2527 -1411 -590
9917 -3798 10921 -752 -1466 -668
10389 -3126 10853 -3609 -1484 -151
10502 -2664 10705 -6464 -1853 362
10672 -3302 10754 -8867 -2333 986
10858 -3446 10697 -10823 -2406 1666
10930 -3658 10740 -12600 -2613 2225
10946 -4325 10913 -14304 -3364 2813
11040 -5357 10636 -15218 -4191 3060
11880 -6542 10205 -14549 -4453 2335
12614 -7718 9320 -12126 -3677 1427
12964 -9150 8588 -7655 -2275 -58
12728 -10709 8113 664 -822 -2295
12813 -9485 7806 12333 1087 -5273
12389 -7380 7473 24374 2249 -7954
11900 -6105 7098 32587 2475 -10599
11284 -4570 6374 32767 2335 -13302
10881 -3172 5570 32767 2880 -15716
10360 -1808 4692 32767 3738 -17927
8478 -183 2771 32767 4104 -20950
6836 1324 1076 32767 3133 -23354
5935 3910 521 32767 1983 -24844
4770 6812 525 32767 1188 -26913
3968 7658 492 32767 1638 -27350
3441 7210 225 32767 2704 -27053
2960 6182 -281 32767 3629 -26233
2098 5902 -993 32767 4131 -25423
704 6398 -1957 32767 3268 -24482
-106 7478 -1825 32767 1391 -23770
-798 10089 -1870 32767 -1453 -24083
-322 12601 -1818 32767 -4824 -24906
-166 13781 -1626 32767 -7656 -25675
406 14957 -1722 32767 -9557 -26468
922 15830 -1880 30951 -10187 -27091
1514 15988 -2124 24845 -10016 -27158
1620 16134 -2141 20072 -9183 -26887
1605 16640 -2208 16800 -8461 -26287
1720 17153 -2149 14442 -8054 -25329
1618 18269 -2113 12075 -7927 -24205
1864 19593 -1661 9051 -7634 -23018
2602 20765 -549 4786 -6730 -21803
2664 21465 298 -472 -5294 -20271
2638 22558 1318 -7155 -3867 -18632
2338 23314 2293 -14639 -2358 -16704
1726 24396 3034 -22745 -1296 -14520
590 25049 3870 -30638 -1319 -12459
232 26016 4502 -32768 -1411 -10762
713 26178 6310 -32768 -987 -9549
676 28122 8677 -32768 -334 -8880
794 29104 10765 -32768 702 -8150
502 26978 10908 -32768 1794 -6590
869 17440 11938 -32768 4007 -4416
-674 12716 15205 -32768 6767 -2814
-2590 13312 18522 -32768 6255 -3236
-3645 15013 19601 -32768 1526 -4975
-2642 14798 20246 -32768 -3451 -7432
-1533 15361 20884 -32768 -5855 -9140
-689 15942 21624 -32768 -6902 -9476
-481 14013 21858 -32768 -6609 -9477
-412 12902 21686 -32768 -4522 -8842
-1158 9136 21286 -32768 -2757 -8311
-1992 5540 21365 -32768 -1582 -9319
-2782 6276 21661 -28697 -844 -11966
-3308 9497 21234 -23326 -1220 -14338
-3460 11696 20494 -23413 -1632 -15589
-3930 12221 19898 -27087 -2171 -15929
-4062 10740 19162 -31914 -1402 -15441
-4068 6882 19222 -32214 493 -15445
-4265 4693 20398 -25740 2609 -16911
-4904 6853 20804 -17702 3671 -18991
-5754 9077 20544 -12655 3334 -20757
-6792 9504 19860 -10668 1923 -22503
-7234 9865 19417 -10310 662 -23568
-7377 10372 19644 -11268 32 -24010
-7361 10656 20288 -13759 79 -23688
-7566 9621 20881 -17155 675 -23153
-8088 7856 20362 -19148 1182 -22523
-9833 7292 18808 -18389 637 -22267
-11536 8117 15912 -16253 -2123 -21893
-12950 9360 13385 -15144 -6324 -23278
-12346 10750 11820 -13392 -11124 -25596
-9560 11201 13889 -10631 -14161 -27998
-5069 11388 16834 -3780 -13906 -27366
-486 13308 18882 2337 -9971 -23617
1606 15673 18916 4867 -5617 -19942
2653 17820 18708 6004 -2496 -16003
4457 19782 20018 4919 -871 -10657
4857 18408 22037 2253 -594 -4161
2474 14086 21774 489 -1172 2908
-533 10878 20001 -1966 -3348 8932
-2653 6594 18392 -5382 -5409 13487
-3305 2282 16872 -8692 -6476 15198
-3046 -544 15294 -10442 -6180 14926
-2322 -2606 13813 -9796 -4665 12759
-1056 -3260 12932 -7007 -1854 9991
-462 -3725 12917 -3183 1599 6559
-1073 -4258 13565 392 4390 3319
-1821 -4061 14693 2423 5644 413
-2396 -3582 15905 3513 5463 -1533
-2594 -3010 16718 4298 4130 -2724
-2933 -2226 17049 4879 2026 -3359
-2696 -1362 17028 5216 -387 -3677
-1882 -544 16780 5535 -2031 -3643
-1085 -20 16670 5436 -2489 -3535
-578 536 16222 5153 -2007 -3315
-268 748 15794 4488 -917 -2801
-242 692 15617 3511 629 -2085
9 869 15636 2245 2371 -1250
-281 889 15580 900 3772 -457
-596 931 15757 -67 4671 258
-802 1182 16001 -259 4718 750
-582 1380 16382 -325 4528 811
-727 1435 16666 -60 4196 764
-1286 1220 16533 509 3466 571
-1049 868 16657 1506 2785 328
-833 1042 16884 2426 2306 54
-733 1161 16954 2362 1873 -223
-930 898 16660 2254 1603 -367
-889 729 16902 1972 1438 -473
-756 822 17146 1803 1341 -567
-865 928 16992 1920 1162 -561
-888 892 16958 2000 1170 -587
-928 741 16961 2284 1146 -551
-894 944 17105 2433 1038 -552
-981 1018 17025 2326 884 -588
-1069 868 17004 2387 827 -600
-1178 846 17021 2353 830 -540
-1317 956 17009 2099 839 -406
-1129 1045 17157 1685 923 -272
-949 1164 17224 1226 1167 -118
-899 1276 17177 873 1457 48
-944 1502 17117 397 1602 115
-1141 1497 17010 35 1708 137
-1205 1502 16897 -375 1836 -18
-1149 1634 16949 -747 1967 -318
-901 1702 17010 -707 2135 -596
-994 1822 17028 -374 2271 -852
-1010 2066 17082 210 2062 -1085
-1152 2345 17165 669 1812 -1207
-1258 2606 17058 891 1481 -1150
-1350 2702 17161 891 1162 -1044
-1440 2741 17108 785 833 -859
-1494 2672 17077 746 588 -590
-1601 2501 16925 615 370 -286
-1660 2341 16883 375 144 66
-1756 2121 16752 -43 80 365
-1874 1900 16621 -318 138 558