-10729 8325 12950 -7915 -6923 -624
-10194 7917 13068 -6884 -7848 537
-11128 8910 12049 -5719 -10217 -419
-5445 3133 12078 -4596 -9417 6410
-10296 7926 11828 -2499 -10337 5580
-5977 7848 12406 631 -10342 5263
-8744 10964 11693 1931 -10782 3909
-7329 10617 11950 1546 -10427 4180
-6896 10940 12536 240 -9377 4729
-7486 9936 12808 -961 -7815 6738
-7481 10512 13390 -700 -5802 7606
-8288 10234 13822 -1394 -4053 8266
-6576 8541 14916 -1910 -2197 9042
-9661 11784 15285 -997 -757 6676
-8566 11069 15053 -1130 -1511 4358
-7081 3969 15433 -1263 595 12392
-5922 9120 14741 2099 -1319 6380
-7232 10090 14474 2447 -1933 5281
-8698 12794 14488 45 -3651 3473
-7358 12484 14888 -3302 -5164 1989
-5209 11528 15632 -6413 -6486 1993
-7376 12036 15420 -9033 -6796 3998
-6324 10548 15721 -10350 -6925 4923
-6582 9945 15906 -10032 -6633 5464
-6822 9552 15813 -9512 -7469 6676
-6438 8622 16645 -8926 -8505 6668
-5968 7988 16610 -8076 -9672 8551
-5840 7793 16526 -6896 -10818 11094
-5425 8270 16600 -6177 -11895 13331
-4972 8742 16568 -6162 -12943 15215
-4600 8932 16281 -6386 -13924 16959
-4973 8453 15832 -4894 -15724 17991
-5250 8212 16174 -1834 -18106 18997
-4661 7718 16602 2920 -20024 19561
-3825 7800 17054 8761 -21363 20112
-2526 8670 17721 14879 -22189 21801
-1276 9592 18329 20874 -22483 24322
-744 11672 19176 26503 -21587 25911
361 13664 19698 30887 -20369 27394
1645 14524 19958 32767 -18881 28282
2860 15281 19773 32767 -17206 29103
4268 16600 19501 32767 -15364 29837
5493 18256 19344 32767 -13198 30017
5978 19706 19072 32767 -11484 29420
6120 20542 18680 30625 -10429 28513
6516 20634 18349 26001 -9864 27543
6696 20592 17952 21356 -9203 26556
6982 20870 17120 16230 -8289 25684
7262 20301 16072 10552 -7397 24526
7232 19492 14618 5366 -6536 23232
7068 18577 13185 1213 -5654 22245
6850 17032 11616 -1342 -5215 21346
7041 16236 10233 -2307 -5328 20499
7192 15161 9166 -2155 -5410 20270
7420 13802 8433 -850 -5366 19917
7762 13309 7912 1535 -5023 19649
7693 13110 7613 3782 -4186 19372
7524 12684 6878 5543 -3099 19136
7674 11953 5670 7044 -752 19192
7848 12708 5248 6034 2214 19061
7393 13748 5410 3196 4857 19157
6996 14066 5992 -265 5838 19415
6500 13140 5901 -4479 7096 19120
5764 11720 5832 -8598 8306 18962
5317 10182 6250 -10830 8332 19036
4994 8945 6525 -10408 7688 19071
4541 8762 6509 -8994 6732 18739
4952 8446 6658 -7872 5524 18334
5053 8526 7133 -7221 4162 18381
5009 8362 7653 -7750 2961 18546
4773 7912 7961 -8583 1753 18741
5240 7334 7776 -10346 719 18865
5640 5546 7036 -13383 1543 17939
5833 3457 6958 -14873 2930 16548
5678 2001 7040 -14746 3695 15548
5804 812 7046 -13867 4425 14593
5917 138 7420 -12094 4993 13332
5893 -457 7789 -9458 4950 12475
5884 -748 8322 -8336 4355 11430
5928 -1000 8704 -8578 3485 9806
6164 -1052 9030 -8391 2175 8930
6416 -1229 9186 -9328 849 8090
6793 -1512 9304 -11337 -167 7111
6982 -1905 9082 -12839 -1429 6547
7416 -3536 9254 -13587 -2046 5770
7908 -4130 9660 -12699 -1799 4230
8168 -4170 10224 -10685 -1451 2855
8108 -3804 10672 -9073 -1304 1376
8194 -2989 10909 -8626 -1375 -505
8085 -3329 11094 -7705 -2044 -2422
8092 -3293 10076 -7631 -1886 -3080
8510 -4172 10042 -6089 -1511 -3404
8173 -4217 10069 -2704 -1307 -4093
7777 -4677 10236 2672 -1754 -4266
7420 -4081 10209 8951 -2631 -5705
7768 -2856 9525 15215 -4152 -7531
7860 -2713 8058 21573 -5925 -9014
7946 -3605 6665 29303 -7383 -10794
7521 -2245 5214 32767 -8369 -13030
6649 -169 3949 32767 -10013 -15087
6449 1600 3105 32767 -11775 -16567
6601 3918 2404 32767 -12862 -18159
6672 4693 2086 32767 -12151 -19521
6598 5350 2470 32767 -10378 -20962
6325 5965 2352 32031 -8190 -22284
6420 6338 2361 27559 -5992 -23838
6118 6478 2241 23663 -3952 -25488
5804 5812 2278 22206 -2123 -27565
5809 6633 2366 22786 -666 -30485
6146 8042 2868 24669 593 -32650
5740 9488 3172 26509 1527 -32768
5101 10961 3393 27987 2273 -32768
4185 12770 3640 28949 2613 -32768
3805 14636 3954 28339 2924 -32768
3590 16022 4332 26183 3406 -32768
3700 17621 4905 22271 4068 -32553
3804 20006 5902 16370 4451 -29812
3758 22014 7006 8161 4120 -26324
3580 24504 8337 -3398 3569 -22861
3730 27097 9081 -18864 2642 -18899
3784 26586 9692 -31875 2076 -15060
4510 24017 10665 -32768 2711 -12193
5320 22753 12325 -32768 4039 -9839
5437 22806 14074 -32768 4921 -8450
6177 21798 15388 -32768 5982 -7157
6904 18174 17138 -32768 8018 -5358
6936 15134 18474 -32768 10356 -3201
6845 13038 19700 -32768 12506 -803
6736 12157 20986 -32768 14065 816
6049 10792 21605 -32768 14679 1647
5208 7749 22454 -32768 13677 1451
4912 5433 23129 -32768 12034 -187
4421 4690 23473 -31063 9427 -2392
3533 5178 23004 -25777 5290 -3797
3062 5186 21509 -23837 1315 -4216
2558 4205 20408 -23688 -1391 -3884
2744 2204 19761 -23494 -2367 -3876
2832 1317 19349 -22524 -1173 -4343
3324 1553 19584 -20486 1450 -5380
3420 2716 19694 -18230 4258 -6879
2986 3650 19364 -16126 6248 -7980
2018 4214 18450 -14915 6970 -8292
1428 4445 17677 -14838 6713 -8378
1162 3846 17462 -14402 6099 -8486
1113 3280 17598 -12294 5900 -8655
853 3350 17824 -9417 6515 -8993
870 4077 17973 -6779 7447 -9673
856 5532 18176 -5301 8113 -10316
734 6036 18037 -5473 8340 -10798
272 5978 18040 -6157 8362 -10660
-284 5202 18093 -6904 8152 -9862
-1004 4608 17965 -7395 7968 -8714
-1217 4076 17982 -7946 8116 -7857
-802 3894 18085 -7690 8861 -7770
-642 3788 17941 -6489 9859 -8311
-977 3780 17517 -4620 10471 -8920
-1682 3625 17356 -2628 10359 -9347
-2621 3734 17504 -920 9554 -9516
-2981 3877 17898 400 8566 -9700
-2902 4528 18448 1713 7707 -9903
-2777 4998 18933 3063 7013 -9972
-2637 5820 19312 3748 6311 -9775
-2560 6268 19540 3659 5661 -9355
-2398 6346 19705 3251 5220 -8798
-2269 6237 19553 2902 4929 -8147
-2070 6306 19312 2798 4784 -7520
-2021 6370 19125 2542 4638 -6965
-2233 6170 18713 2034 4262 -6223
-2588 5620 18360 1459 3638 -5333
-2728 5118 18053 1330 2930 -4420
-2676 4618 17997 1557 2351 -3636
-2734 4270 17989 1923 1888 -3094
-2753 4089 17790 2000 1507 -2667
-2766 3468 17589 1733 1066 -2323
-3009 2930 17361 1498 857 -2054
-2981 2624 17216 1191 625 -1822
-2812 2217 17186 950 641 -1625
-2805 2009 17169 876 662 -1466
-2804 1860 17225 888 548 -1295
-2858 1602 17390 849 431 -1053
-2988 1512 17314 788 206 -833
-2970 1353 17317 794 -276 -760
-2740 1621 17081 955 -820 -982
-2453 1689 17136 1227 -1030 -1244
-2496 1925 16784 1456 -1356 -1526
-2158 2054 16857 1646 -1394 -1668
-1934 2260 16989 1600 -1325 -1719
-1882 2388 16734 1510 -1229 -1622
-1740 2308 16468 1332 -1135 -1403
-1544 2422 16250 1269 -949 -1156
-1341 2562 16173 1068 -766 -948
-1189 2442 16028 701 -255 -851
-1229 2302 15916 651 319 -729
-1362 2334 15838 418 999 -533
-1586 2294 15776 28 1498 -305
-1865 2198 15689 -235 1835 -59
-1905 2165 15749 -350 1950 104
-1877 2110 15878 -171 2066 174
-1844 2045 15969 227 2176 26
-1956 2064 16113 852 2291 -146