-15209 9245 892 8844 -2311 -7966
-15093 9196 734 9853 -2462 -7525
-14900 9557 637 10271 -2559 -6970
-14854 9948 1048 9774 -2887 -6369
-14764 10501 1432 8731 -3318 -5689
-14574 10877 1664 7478 -3605 -5060
-14237 11150 1744 6116 -3548 -4370
-14053 11048 1709 4954 -3155 -3466
-13958 10970 1765 4124 -2433 -2485
-13537 11662 2258 3132 -1168 -1655
-13438 12266 2598 2127 240 -906
-13568 12552 2646 1330 1640 -131
-13582 12842 2752 402 2922 708
-13622 13789 3350 -998 3940 1684
-13800 14525 4201 -2580 4679 2777
-14225 14832 4816 -3946 5263 3893
-14857 14809 4954 -4786 5519 5119
-15376 14777 4937 -4697 5381 6485
-15638 15454 4984 -3721 5273 7789
-16002 16386 5248 -2545 5680 8977
-16696 17154 5212 -1283 6281 9840
-17473 17698 4996 34 7062 10874
-18338 18226 4644 1013 7790 12210
-19406 18806 4256 1198 8147 13606
-20618 19853 4126 388 8034 15261
-21856 20741 3982 -1048 7482 17031
-23100 21240 3813 -2643 6576 19122
-24285 21293 3440 -4455 5487 21351
-25614 21296 2898 -5869 4228 23769
-26936 21385 2126 -6662 2826 26388
-28210 21806 1354 -7235 1309 29225
-29494 22622 704 -7775 -169 32045
-31098 23690 717 -8921 -2264 32767
-32468 24460 757 -10872 -4524 32767
-32768 24965 462 -12930 -6992 32767
-32768 24890 -50 -13389 -9198 32767
-32768 24337 -373 -12329 -11121 32767
-32768 23986 -189 -9765 -12079 32767
-32768 24377 233 -6331 -12115 32767
-32768 25481 508 -3015 -12341 32767
-32768 25774 540 -50 -12472 32767
-32768 25925 600 2859 -11988 32767
-32768 26648 960 4202 -11158 32767
-32768 27045 1124 3067 -10216 32767
-32768 27269 913 281 -9083 32767
-32768 27602 460 -3245 -7541 32767
-32768 27154 366 -6732 -5835 32767
-32768 26465 26 -9715 -4341 32767
-32768 26113 -592 -11294 -2992 32767
-32768 26550 -920 -11874 -1330 32767
-32646 27160 -1166 -12213 520 32767
-31610 26416 -1357 -13151 2166 32767
-29646 24260 -1772 -14312 3666 32767
-27537 21218 -2222 -15016 5323 32767
-26061 19544 -2596 -14817 7579 32767
-24598 17112 -2194 -14341 10024 32767
-22356 13953 -1666 -14332 11955 32767
-20720 10988 -1717 -14585 13248 32767
-18558 7878 -2132 -14316 14091 32767
-17109 5529 -2332 -13858 14863 32767
-16485 4586 -2186 -14740 15255 32767
-15829 2437 -1585 -17737 14332 32767
-14956 -418 -768 -20476 11443 32767
-12628 -3828 -689 -20322 7902 32767
-9882 -8498 208 -15438 6289 32642
-8016 -12618 1136 -9311 6699 29275
-5876 -15232 2596 -4130 7970 25896
-4088 -15941 3332 668 8756 24490
-2272 -14848 4548 3457 9256 23534
-862 -13108 6288 2818 8853 22206
684 -12480 7781 761 7177 20708
2084 -11602 9265 -1573 5492 18340
3573 -10502 10061 -4449 3828 15577
4740 -9624 10316 -7119 2622 12838
5726 -9124 10301 -7119 1955 10807
6876 -9725 10802 -6913 1887 8801
7505 -10464 12077 -5963 885 6607
8478 -12665 14590 -3322 -1333 2724
7618 -13653 11558 547 -242 -215
8158 -13846 14149 5223 -437 -3092
9204 -11010 12557 6377 1383 -5672
9738 -5972 12344 4173 2729 -5147
9908 -2284 11665 -638 3238 -5143
9858 -189 11516 -7081 2530 -5093
9605 -225 10944 -13477 930 -5425
9489 -2956 10588 -16825 -722 -5109
9277 -5929 10297 -15704 -1966 -4856
8464 -8545 9665 -9855 -3723 -4459
8526 -11484 8888 501 -5174 -3900
8088 -12237 7706 16197 -6869 -4426
7122 -10425 5782 31069 -8230 -5818
6454 -9130 3709 32767 -9124 -8066
5454 -6434 1344 32767 -10620 -11458
5037 -2914 -810 32767 -11704 -15986
4785 1077 -1769 32767 -11243 -20946
4297 6298 -2892 32767 -10009 -26252
3626 9662 -4337 32767 -8011 -31430
2549 10465 -5722 32767 -5812 -32768
2354 9969 -6358 32767 -3635 -32768
2058 10902 -6874 32767 -1721 -32768
1866 11480 -6532 32767 430 -32768
1706 12804 -5826 32767 1924 -32768
2118 14905 -4537 32767 3115 -31838
2526 15974 -3028 32767 4033 -29643
2942 16496 -1037 26500 5037 -28101
2956 17317 288 15669 6023 -26678
3164 18397 1558 6148 6742 -25504
3257 19760 2708 -2507 6930 -24308
3837 21138 4329 -11973 6505 -23109
3870 22437 5769 -22346 5799 -21623
3522 24141 6666 -31746 4963 -19875
3142 25850 6993 -32768 4376 -17953
2856 26520 7041 -32768 4602 -16149
3002 21014 7454 -32768 5952 -14604
4289 14704 9584 -32768 7886 -14405
3532 11565 12208 -32768 9321 -14614
2725 12814 15394 -32768 10092 -15205
1964 15025 18030 -32768 9039 -15749
1330 14245 17646 -32768 7014 -16217
828 2833 16809 -32768 5983 -16122
-289 -1788 18742 -28931 5196 -17041
-1229 1770 20820 -10393 3730 -18795
-1738 7469 22396 6 323 -21126
-1654 12689 23589 1473 -2980 -21815
-964 16950 23573 -4924 -4564 -21130
-1145 18792 22842 -20079 -3443 -19565
-1724 13236 21733 -32338 -277 -18708
-2456 8742 22074 -26756 3697 -19939
-3846 8320 22197 -17947 4393 -20777
-4636 9990 21566 -12038 3164 -21147
-5318 12724 20869 -11804 1841 -20726
-5220 14937 20129 -18170 1201 -20296
-5386 15382 19002 -28274 1402 -20112
-5478 12486 17508 -32768 2278 -20964
-5154 7513 17116 -29305 4335 -23399
-5937 5436 17792 -12765 6064 -27229
-7238 8182 18726 3704 5409 -30376
-8201 13890 19896 11363 3960 -31882
-8749 19118 20374 6759 3062 -32599
-9141 20534 19896 -1794 2063 -31851
-10272 19233 20277 -7221 404 -29252
-11520 18398 20872 -8654 -1960 -26282
-12365 19416 20601 -8163 -5752 -22729
-12137 20564 19348 -5956 -9930 -19381
-10966 21869 17774 257 -14555 -16592
-9526 23360 16721 9037 -19251 -13462
-7320 23172 16596 17091 -22278 -9849
-5513 22730 17017 21013 -22306 -5492
-4086 22213 16768 20358 -21000 -897
-3186 20988 16028 15365 -18949 3594
-2560 18873 14949 7822 -16356 7271
-2133 16034 13906 597 -14130 9942
-1886 12550 13013 -3970 -12562 11771
-1241 9628 12488 -5806 -11190 12644
-236 6910 12280 -5376 -9281 12667
410 5258 12440 -3286 -6738 12000
996 3782 12800 -932 -3751 10875
1225 2976 13525 1434 -539 9387
1073 2806 14252 3073 2409 7894
504 3194 14796 2632 4624 6425
-397 3234 15377 1282 5479 5372
-1165 3028 15620 276 5180 4673
-1661 3294 15616 -237 4028 4024
-1936 3421 15561 62 2698 3226
-1993 3585 15593 1250 1535 2486
-1997 3464 15462 2902 589 1764
-1628 3909 15522 4409 93 1084
-1318 4616 15566 5639 16 468
-1146 5856 15449 6131 94 12
-1304 6773 15400 5707 133 -89
-1477 7348 15286 4335 116 323
-1104 7944 15414 2381 73 849
-714 8124 15586 340 681 1410
-253 7946 15737 -993 1529 1794
-322 7493 15580 -1716 2392 2052
-388 7038 15256 -1715 3165 2250
-550 6629 15110 -1274 3504 2299
-688 6392 14972 -741 3638 2234
-872 6617 14925 -503 3524 1824
-718 6869 14846 -707 3295 1344
-494 6373 14874 -934 3368 977
-356 5873 14778 -836 3610 658
-242 5384 14700 -444 4169 273
-148 5301 14709 -37 5028 -186
-250 5430 14557 371 5963 -719
-650 5524 14498 829 6647 -1174
-1112 5673 14421 1354 6962 -1602
-1334 5940 14336 1932 7007 -1917
-1480 6130 14318 2643 7111 -2116
-1742 6484 14321 3137 7217 -2212
-2034 7069 14506 3288 7199 -2185
-2285 7777 14729 2987 6936 -2020
-2566 8076 15133 2463 6506 -1661
-2844 8580 15354 1418 5878 -1390
-3036 8705 15252 541 5218 -1203
-2990 8473 15040 274 4805 -1114
-2941 8352 14953 904 4553 -1003
-2954 8316 14856 1630 4486 -873
-3020 8484 14757 2138 4360 -751
-3174 8794 14972 2314 4212 -622