-6830 32341 14333 5807 -12105 16068
-6422 31762 14402 5153 -9903 17807
-6000 31213 14364 6230 -8043 19893
-6100 32048 14378 5559 -7091 22263
-6814 32767 14596 1271 -7441 24215
-7554 32767 14509 -4401 -8527 25007
-7968 32767 13752 -8476 -9539 25279
-7845 31024 12520 -8707 -10010 25856
-7590 29653 11024 -5183 -10095 26833
-7304 29488 9373 -220 -10269 28009
-7518 30214 7638 4175 -10613 29252
-7125 31076 6141 6108 -10826 30619
-6596 32029 5257 4271 -10171 31693
-6256 32456 4158 123 -8814 32234
-6265 31280 2706 -3856 -7320 32091
-6032 27802 968 -4742 -5386 31897
-5857 24857 -637 -2730 -2880 31879
-5238 23197 -2328 157 167 31961
-4932 23441 -3736 1905 3597 31874
-5262 23124 -5020 1446 6170 31349
-5749 21720 -6057 -63 7857 30954
-5917 20898 -7268 -2274 8890 30490
-5953 19008 -8377 -4571 9382 29863
-5157 17645 -8661 -6925 9750 28579
-4477 16446 -9214 -9903 9971 27499
-3881 13944 -9541 -12066 10801 26646
-3473 11042 -9261 -13367 12355 25848
-3250 9506 -8617 -13506 13496 24660
-2654 8558 -7866 -13693 14336 23390
-2241 7636 -6482 -14719 14891 22450
-2453 5878 -4670 -16389 15087 21973
-2696 3533 -2253 -17918 14990 20865
-2192 1340 -180 -17217 14951 19601
-2612 -1166 1678 -14138 14476 19094
-2473 -3746 3676 -9974 12713 18315
-2084 -4476 5092 -5349 9150 18253
-1357 -4724 6608 -2329 5171 17755
-2 -4176 8560 -1531 1590 16474
657 -3102 10320 -2680 -1370 15122
1528 -2722 12212 -6464 -3941 13869
2234 -2348 13441 -10416 -5666 12504
3250 -2032 14314 -13027 -6422 11249
4336 -1924 14890 -13669 -6417 9176
5809 -2072 15152 -11536 -5648 7249
6796 -2102 15420 -7964 -4289 5564
7290 -937 15534 -4041 -3076 3824
7312 726 15438 -766 -2892 2666
7769 1980 15172 1546 -3232 2130
8309 3574 14341 3321 -3570 1765
8696 5094 13905 3323 -4158 1147
10236 6072 13228 1873 -5573 496
11006 5901 12292 1493 -6530 230
11254 5416 11474 1408 -7449 -166
11557 5068 10153 2565 -7281 -214
11305 4736 9858 3774 -6330 -95
11110 4346 9993 4387 -5450 -547
11332 3917 9518 6696 -3915 -1476
10898 3577 9517 9251 -2062 -2425
9965 2542 9672 11421 -811 -3621
9014 1289 9276 14330 -314 -4915
7521 510 9026 16910 -1314 -6786
7501 -546 8408 20368 -3127 -8417
6864 -729 7489 23690 -4892 -9670
6560 242 6936 26317 -6434 -10953
6336 3033 6785 26833 -6691 -12295
6217 5657 7180 23574 -5223 -13816
5913 6550 7141 18396 -2763 -15420
5076 6257 6589 13767 -431 -17095
4120 4809 5654 11384 1313 -18707
3434 2912 4804 12613 2219 -19986
2550 2268 4382 15072 2004 -20882
2113 3098 4048 17668 918 -21302
2416 4513 4022 19552 -616 -21333
2434 6116 3864 19915 -1771 -20869
2444 8053 3510 18588 -2202 -19893
2472 9845 3229 15230 -1738 -18732
2042 12357 3509 10139 -1225 -18368
1776 13856 3882 4554 -1291 -17658
2010 14574 4320 -1349 -1890 -15909
2092 14288 4724 -3907 -2685 -14831
2609 13958 4898 -4011 -4430 -13691
3708 13449 5206 -455 -6801 -12184
4448 14270 5688 4622 -7240 -11654
4961 16274 6386 7136 -6978 -11304
5237 18699 7261 4098 -5878 -10677
6055 21777 7673 -6739 -4347 -8648
7553 22077 8254 -18241 -3595 -6152
8072 21052 9088 -24484 -2751 -4747
8286 20944 10106 -29995 -1248 -3832
8334 20532 12772 -32768 2312 -2574
8513 18436 14273 -32768 5873 -1336
8986 16245 15457 -32768 9127 -1325
8685 15942 16250 -31131 10663 -1651
8165 16641 16204 -27333 10573 -1850
7784 17822 16530 -26722 9396 -2981
7430 17973 17685 -30177 8051 -3770
7012 15800 18432 -32768 6587 -3156
6768 11668 18789 -32768 6486 -2109
6754 9122 19553 -32768 7644 -1543
6594 7914 20136 -32014 9363 -1639
6584 6638 20729 -24674 10826 -2681
5845 8477 20990 -18073 11498 -3835
4717 10326 20833 -16834 9937 -4317
3904 9817 20713 -18758 7080 -4156
3381 8008 20744 -20198 4184 -3518
3562 6052 21214 -20068 2629 -3228
4289 6028 22302 -18110 2855 -3541
4792 7008 22910 -15806 4570 -4409
4629 7880 23114 -14659 6346 -4942
3890 8332 22888 -15344 7124 -4974
3002 7822 22536 -17435 6581 -4413
1989 6021 22430 -19408 5137 -3735
1186 3988 22094 -20057 3583 -3316
869 2409 21670 -18324 2316 -3440
1261 2416 21600 -15679 2077 -4463
1774 2921 21529 -13102 2506 -6181
1734 3874 20820 -11166 2808 -7804
1301 4369 20197 -10460 2454 -8955
793 3978 20342 -10197 1665 -9452
-278 3784 20577 -9988 804 -8812
-686 3652 20462 -10913 110 -8043
-682 3402 19361 -11848 -371 -7912
-480 2822 18118 -11509 -45 -8861
-584 2637 16848 -9724 1123 -10546
-1105 3216 15556 -7383 2594 -12496
-1540 3754 14769 -5189 3601 -14656
-2437 3377 15008 -1647 3961 -16491
-2908 4645 15564 1304 3790 -17595
-3141 6401 15962 2716 3164 -18125
-3097 7374 16209 2604 2931 -18104
-2982 8129 16294 2443 3405 -17576
-2625 8982 16656 2615 4580 -16491
-1562 10473 17496 2691 6191 -15298
-738 11933 18310 2606 7459 -13920
-354 12769 19186 2116 8193 -12219
-352 13106 19914 1673 8176 -10180
-622 13090 20429 1172 7286 -7839
-685 13109 20610 370 5527 -5374
-1048 12678 20582 -620 3216 -2738
-1118 11817 20332 -1811 633 -249
-1012 10618 19748 -2817 -1803 1663
-764 9428 18934 -3161 -3611 2823
-432 8217 17824 -3010 -4672 3381
-208 6944 16752 -2525 -5064 3589
-142 5650 16064 -1986 -4857 3618
-81 4768 15581 -1638 -4396 3440
-264 3852 15154 -1344 -3874 3264
-537 2840 14852 -1135 -3389 3216
-554 2434 14692 -1008 -3134 3095
-280 2329 14636 -881 -3034 2838
245 2030 14612 -671 -2736 2459
705 1885 14774 -220 -2027 1985
921 1870 15046 187 -1007 1450
852 1790 15248 452 252 890
582 1845 15589 488 1294 377
234 1933 15812 377 1732 90
8 2048 15960 437 1752 -174
-178 2374 16322 641 1472 -295
-180 2652 16677 677 1131 -290
10 2636 16955 658 783 -191
226 2625 17258 584 628 -86
485 2608 17262 481 500 -136
600 2617 17170 258 509 -186
433 2444 17033 57 429 -85
423 2148 16989 -62 350 172
620 2115 17018 -132 398 350
897 2195 17072 -177 470 332
544 2171 16817 -207 693 191
222 1871 16694 -45 657 136
22 2160 16512 -96 494 29
78 2366 16447 -239 76 -179
124 2229 16475 -194 -118 -269
520 2508 16354 -151 -121 -306
815 2613 16438 64 168 -319
824 2900 16485 136 535 -126
759 2886 16460 108 781 146
764 2942 16528 -121 1005 303
754 2916 16434 -302 1144 224
830 2812 16397 -234 1234 122
859 2867 16343 -37 1317 -27
944 2893 16381 202 1276 -114
827 2932 16592 353 1226 39
820 2958 16798 309 1249 349
868 2965 16837 -3 1295 604
890 2874 16866 -298 1395 720
800 2776 16850 -390 1547 670
758 2649 16888 -372 1741 602
537 2642 16928 -353 1887 465
316 2577 16970 -366 1951 303
296 2618 17214 -233 1893 172
160 2812 17267 -110 1767 72
101 3009 17279 -90 1467 107
81 3070 17346 -212 1150 228
-78 3007 17258 -269 916 404
-249 2841 17106 -317 720 544
-191 2797 17021 -315 537 541
-119 2758 16970 -185 560 449
-109 2858 16819 -153 604 264
-355 2790 16606 12 678 174
-631 2958 16394 251 556 150