-8282 24492 4808 -10399 -3003 27672
-8152 24740 5394 -7816 -374 28420
-8860 25978 6309 -5021 3171 28674
-9917 28716 7345 -3687 6902 28718
-11034 31446 7981 -5628 9370 29249
-11902 32767 7932 -10346 10042 29397
-12662 32767 7034 -16369 9247 29349
-13328 32767 5948 -20966 7404 29259
-14064 32767 5556 -24618 5407 29308
-14510 32767 5349 -28326 3450 29385
-14746 32767 5244 -31876 1223 29389
-15006 32767 5049 -32768 -1183 29385
-14940 32767 4649 -32768 -3420 29857
-15046 32536 4145 -32768 -5122 30799
-14868 31477 3572 -32768 -6704 32224
-14610 30022 3265 -32768 -8318 32767
-14094 28666 2578 -32768 -9819 32767
-13917 26742 1794 -32768 -11681 32767
-13554 24996 1062 -32768 -13822 32767
-13130 22825 624 -32768 -15764 32767
-12425 21490 714 -31949 -17418 32767
-11386 19376 882 -30809 -18802 32767
-10101 17584 1318 -29769 -19203 32767
-9510 16258 1462 -28908 -19406 32767
-9188 13465 1245 -27654 -19354 32767
-8550 11190 750 -25797 -18975 32767
-7601 9018 664 -23866 -18005 32767
-7250 7136 90 -21384 -16867 32767
-6849 6048 -328 -18341 -16533 32767
-6444 4801 -518 -16115 -16983 32767
-5832 3378 -396 -14754 -17328 32767
-4962 2102 140 -13863 -17485 32767
-4340 2113 936 -14069 -16796 32767
-3633 1649 1733 -15000 -14917 32767
-3229 920 1901 -16818 -12530 32767
-3020 -465 1486 -19105 -10522 30957
-2892 -2210 1034 -21486 -9584 28056
-2925 -3469 1040 -23270 -10256 25210
-2140 -5146 1197 -23201 -11365 22458
-1121 -7156 1245 -21979 -12186 20800
441 -8676 1336 -19238 -12721 19210
1676 -8961 1645 -15978 -12064 17473
2966 -9090 2169 -13773 -10660 15683
3862 -9977 2966 -11331 -9196 13683
4654 -10814 3824 -9200 -7629 12107
5554 -10712 4374 -7660 -5918 10672
6130 -10061 4534 -6708 -4977 9199
6545 -9945 4206 -6075 -4757 7823
6809 -9786 4404 -5564 -4907 6991
6956 -9478 4864 -4928 -5042 6402
6944 -9470 5252 -4395 -5036 6061
6804 -9054 5765 -4498 -4735 5788
6893 -8409 6398 -5439 -4498 5214
7272 -9349 6854 -6218 -4668 4277
7661 -10625 6794 -5880 -4328 3436
8186 -11620 5942 -4363 -4530 2107
8509 -12658 5124 -1728 -4710 -176
8585 -14321 3792 1991 -3954 -3144
8472 -14532 3489 6718 -2013 -5014
8509 -13061 3897 10215 -498 -6078
8441 -11998 4521 12515 581 -7229
8205 -10445 5308 14124 1216 -7785
8245 -9594 5597 14895 1425 -8534
7753 -9640 5230 15458 1181 -9839
7597 -10377 4253 17798 66 -11637
7474 -10444 3273 22050 -898 -13827
7346 -10068 2282 27176 -2031 -16245
7138 -9676 1893 32086 -2150 -18492
6777 -9054 1489 32767 -1418 -19873
6544 -8729 1512 32767 -788 -20338
6576 -7692 2788 32767 35 -20710
6426 -5386 3824 32767 239 -20832
7028 -2677 4999 32767 179 -21895
7616 -496 4945 32382 -1342 -23822
7985 -32 4454 29808 -2862 -25232
8654 494 3921 28380 -3142 -26129
8813 1036 3837 28023 -2367 -26722
8269 2572 3746 28846 -38 -27387
7248 4169 3600 30356 2727 -28217
6396 4846 3908 31729 5241 -28883
4834 7032 4032 32480 5995 -29181
4089 8285 3493 32767 5024 -29562
3266 9237 2338 32767 3146 -29806
2616 10541 1524 32767 1143 -29945
2846 11990 1632 32767 -372 -29957
3129 13902 1561 32767 -1368 -30140
2598 15064 966 32767 -1870 -30243
1478 16286 -74 32767 -2225 -30150
392 17040 -944 32449 -2583 -29822
-493 17678 -1758 31658 -3125 -29141
-428 19136 -2121 30589 -3643 -28358
-345 21057 -2078 28824 -4674 -28527
-425 21482 -2109 26804 -5054 -28853
-898 21632 -2377 25018 -4664 -29195
-1446 21498 -3033 23399 -3892 -29262
-2002 21949 -3678 22151 -3180 -29085
-2197 23396 -3616 19995 -2970 -28654
-1753 25246 -2756 16718 -2794 -28407
-772 26293 -2008 13092 -2222 -28353
-134 25964 -2001 10757 -622 -27779
494 25341 -1444 9270 1078 -26575
1228 25105 -732 7205 2432 -24906
1673 25052 510 4654 3306 -23236
2146 25688 2057 1169 3569 -21261
2454 27460 3348 -3625 4149 -19380
2140 28882 3646 -9493 4994 -17830
2242 29348 3134 -14181 6044 -16896
2138 27986 3312 -16922 7000 -16334
2366 27070 4456 -19397 7314 -15535
2405 26240 6013 -22395 7073 -14269
2746 25477 8224 -26655 6991 -12699
2526 25025 9882 -32246 7226 -10515
2130 24200 9384 -32768 6943 -9893
385 21741 7688 -32768 6086 -9588
-1357 19672 6548 -32768 4881 -9208
-2414 17086 7096 -28974 4245 -8919
-3313 16301 8696 -20430 3966 -7553
-3884 17441 11030 -14344 4366 -6487
-4208 20181 12554 -12436 4929 -6447
-4724 21725 13356 -14277 5155 -7220
-5533 22598 12882 -17627 5066 -7764
-6181 22754 12206 -20302 4681 -8364
-6429 22118 11540 -21355 4220 -8617
-6612 20701 11682 -20576 3626 -7644
-6898 20726 12317 -19346 3277 -6324
-6886 21866 13018 -20196 3015 -4504
-7077 22397 13477 -22883 2257 -3003
-7117 21334 13342 -24096 2225 -2357
-7444 19542 13313 -23578 2841 -1180
-7942 19124 13237 -21985 2669 156
-8114 17909 13370 -18765 2084 338
-9281 18586 14161 -16016 2080 462
-11274 20565 14098 -15457 1421 589
-11342 20092 14362 -15329 1009 576
-12226 19537 13777 -14946 322 890
-12736 18362 14254 -13328 -753 759
-11974 18240 15004 -10962 -1730 168
-11209 18496 15586 -8356 -2191 -506
-9732 19049 16546 -7762 -1170 -191
-8468 19880 16769 -10149 -92 1013
-7132 17964 16745 -13455 288 2847
-5558 15874 17077 -16847 -252 4998
-4333 13796 17588 -19408 -1501 6354
-3472 11892 17589 -21283 -2485 7612
-3484 10741 16778 -22355 -3077 8264
-4352 10421 14990 -22646 -3874 8165
-5322 9541 13309 -22428 -5037 7760
-5682 9408 12520 -21503 -6182 7277
-5516 9917 12541 -20407 -6639 6400
-5248 10746 12664 -19576 -6674 5649
-4674 10561 13013 -18839 -6315 5773
-4681 10078 13516 -18175 -5738 6227
-4821 9476 13738 -17691 -4938 6812
-5380 9826 13828 -17503 -4382 6883
-5876 9721 13356 -17325 -3950 6499
-6208 9130 12849 -16367 -3652 5642
-6409 8452 12366 -14538 -3713 4640
-6542 7944 12194 -12113 -3756 3680
-6305 7733 12605 -9593 -3610 2859
-5688 7797 13120 -7683 -3271 2321
-5269 7736 13586 -6261 -2968 1900
-5097 7440 13845 -5772 -2798 1884
-4990 6782 13870 -6256 -2845 2130
-5397 5708 13128 -6470 -2788 2635
-4444 4833 12641 -6700 -3138 3107
-4580 4080 12308 -6413 -3345 3024
-4040 3958 12129 -5985 -3556 2714
-3726 3593 12269 -5302 -4147 1917
-3641 3060 12449 -4730 -4146 1239
-3512 2937 12365 -3911 -3764 644
-3184 2950 12778 -2631 -3195 246
-2877 3185 13122 -1747 -2803 6
-2684 3310 13306 -1270 -2846 -165
-2234 3413 13512 -987 -3077 -89
-1716 3145 14037 -935 -3188 14
-1381 2764 14378 -1158 -2895 37
-1216 2298 14422 -1438 -2410 -211
-1078 1944 14496 -1125 -1893 -752
-1094 1764 14414 -386 -1288 -1518
-1145 1946 14933 592 -233 -2191
-1157 2321 15472 1334 833 -2811
-1010 3077 16098 1679 1434 -3365
-1348 3506 16558 1572 1594 -3526
-1606 3503 16768 1335 1156 -3020
-1514 3823 17015 1368 486 -2074
-1113 4238 17253 1271 -198 -1677
-1769 4981 16642 514 -702 -2015
-3150 5517 15510 731 -1070 -3061
-4010 5585 14750 1998 -817 -4038
-4406 6360 14422 3959 44 -5097
-3508 6628 15322 6238 1543 -5654
-2829 7377 16212 7658 3169 -5599
-2753 7914 16689 7591 4058 -4784
-2482 7942 17078 6195 3988 -3433
-2593 7962 16942 4394 3209 -2087
-2793 7606 16382 2492 2206 -1343
-3065 6974 16186 1679 1564 -1386
-3150 6424 15949 1791 1225 -1905
-3442 6110 15508 2979 1302 -2823
-3830 5624 15460 4877 1884 -3597