-13488 13521 3189 -25048 6945 8266
-13765 15196 3112 -30011 8622 10261
-15294 13625 3424 -32768 7395 9960
-16405 13981 1126 -32768 6510 10284
-17549 11974 297 -32768 6170 10766
-18988 10542 -109 -32768 5010 10499
-19830 10154 -336 -32646 4907 10921
-20878 10765 468 -29461 4554 10606
-21576 12952 1773 -25945 4355 10118
-21752 14413 2754 -24216 3935 9724
-21792 15232 3516 -23323 3402 9167
-21702 15684 3861 -22138 2451 8571
-21504 16117 3901 -20787 1077 8298
-20978 16533 3629 -19718 -720 8711
-20200 16862 3353 -18419 -2936 9673
-19470 17005 3014 -16632 -5783 10968
-18798 17054 2734 -14694 -8924 12487
-18190 17044 2465 -12584 -12077 14169
-17542 16882 2272 -10279 -15079 16001
-16954 16782 2418 -7277 -17117 17999
-16733 16558 2828 -3660 -18302 19903
-16157 16061 3441 174 -18739 21749
-15608 16157 3952 3416 -18296 23798
-14716 16754 4140 6045 -17151 26101
-13577 17346 4068 8387 -15518 28104
-12912 17912 3929 10218 -13576 29732
-11918 18165 3264 11222 -11582 31287
-11209 17498 2112 12171 -9562 32568
-10138 17112 1221 14098 -7866 32767
-9386 17645 654 19020 -5932 32767
-9046 17604 1234 25970 -3040 32767
-8201 20576 2633 30179 1330 32767
-8609 25190 3780 29776 5755 32767
-9224 27630 4657 25096 9514 32767
-9856 29241 4901 18247 12389 32669
-10360 30208 5316 10816 14355 29933
-10856 30658 4808 1802 15110 27430
-11089 30612 3814 -6639 14394 26928
-10870 30094 3136 -12658 12949 27422
-10449 29326 2393 -16247 11393 28449
-9941 28036 1913 -17234 9687 29660
-9186 27274 2038 -16550 8192 30338
-8472 27917 2701 -15959 7009 31136
-8053 29526 3180 -15958 5826 31425
-7640 29726 3221 -15973 4120 31670
-6968 28692 2845 -15420 2408 32393
-6377 27448 2378 -14039 974 32767
-6293 26916 1893 -11980 -338 32767
-5926 27446 1750 -10373 -2066 32767
-5254 27622 1393 -10167 -3686 32767
-4793 27084 1036 -11512 -5381 32767
-3934 26612 956 -14204 -7156 32767
-3217 26256 748 -16845 -8580 32767
-2476 24710 401 -19199 -9176 32584
-1677 23726 393 -21892 -7908 32569
-1042 22845 554 -25124 -3882 32767
-1006 20458 365 -29329 915 32767
-1672 19181 -80 -32650 4931 32767
-2216 15902 -853 -32768 7730 32767
-3142 12620 -1802 -32768 9218 31337
-4658 9564 -3274 -32768 8607 28836
-3954 6712 -4502 -32768 7247 25250
-3224 3546 -5181 -32768 6292 22726
-2354 1178 -5505 -32768 6414 20760
-1637 -750 -5192 -31467 7045 18826
-141 -2478 -4525 -26181 6610 16709
676 -3554 -3342 -21262 5679 14615
957 -4590 -2188 -17375 2451 13822
2329 -5073 -977 -14469 207 15504
2757 -4720 530 -11913 -2219 16593
3105 -3890 1601 -9844 -4632 16313
4253 -4561 2222 -8503 -5318 15256
4128 -5237 3732 -7534 -4771 13324
4568 -6168 4364 -6178 -4968 11770
4738 -5998 5330 -4787 -5045 10295
4682 -6560 6080 -3581 -5170 8873
4314 -6324 6681 -2732 -5376 7719
4692 -6098 7526 -2362 -5646 6295
4926 -4721 8392 -2931 -5526 4881
5773 -3726 9329 -4920 -5402 3485
6265 -3113 9712 -8115 -4948 2329
6888 -3016 9521 -11653 -4813 1631
7249 -3709 9238 -14545 -4367 1320
7572 -5005 9005 -16879 -4256 1597
7976 -5973 8322 -18082 -4021 2348
8437 -8189 7942 -17643 -4496 2553
8362 -10580 8350 -15126 -6121 470
7705 -9925 8041 -14283 -8631 -1580
8518 -7601 6621 -17481 -9691 -1933
9342 -6717 5957 -21198 -10308 -1900
9845 -7546 5960 -23820 -11560 -1732
9957 -7412 5537 -25682 -12203 -1281
10598 -8416 4268 -26953 -11576 -780
10633 -10501 3641 -26545 -9909 -1369
11192 -11277 2408 -25533 -7980 -1810
10360 -11257 1760 -24657 -5307 -2360
10329 -10853 1216 -22960 -3067 -3141
9616 -10194 418 -20090 -1049 -4185
8480 -9965 -712 -16501 802 -4959
7674 -9920 -2037 -10969 3384 -5473
6956 -9610 -3216 -4606 5915 -5415
6189 -8288 -4212 1568 8028 -5683
6032 -7644 -4830 8710 11005 -7010
6266 -5968 -4180 15499 14594 -9966
6178 -3238 -3162 20043 18983 -14065
5050 -1549 -2417 22779 22895 -19599
3705 -737 -1926 25819 24885 -25198
2592 -1162 -1569 30238 25449 -30409
1105 -546 -1245 32767 28386 -32768
569 -1290 -1677 32767 30053 -32768
-513 -233 -1409 32767 31784 -32768
-2329 2626 -1398 32767 32767 -32768
-4321 5896 -1176 32767 32767 -32768
-6002 8660 -461 32767 32515 -32768
-7352 12460 957 32767 30141 -32768
-8065 19286 3141 32767 26063 -32768
-7592 24836 5049 32767 20855 -32768
-4480 25719 6383 32767 15513 -32768
-1469 30006 7405 32767 12133 -32718
-361 32767 8174 26652 10367 -29659
-1368 32767 9100 14240 9178 -26754
-1288 32767 9853 839 8491 -25010
-901 32767 10485 -11888 7368 -24885
-1153 32767 12086 -24687 5592 -27423
-765 32767 12278 -32768 4415 -29683
-1021 32410 12014 -32768 4804 -30491
-1080 28200 13522 -32768 6662 -29272
-1262 25666 15274 -32768 9549 -25984
-2393 24266 17982 -32768 12815 -22539
-3341 22541 18956 -32768 15226 -19924
-4618 19926 18946 -32768 15152 -18143
-5961 17285 18548 -32768 13373 -17646
-6484 15404 18660 -32768 11490 -17489
-6984 13633 20716 -31935 10626 -16766
-6864 13210 21744 -27707 10355 -14134
-7090 13826 22140 -24544 10406 -11931
-7304 13008 21758 -23282 9166 -10106
-8072 11141 20782 -22960 5787 -8610
-7702 8652 19866 -20740 2767 -7208
-6822 7826 19577 -17341 1144 -7018
-6697 8069 18530 -12837 1379 -6915
-6301 8178 17842 -9238 1985 -6263
-5885 8557 17445 -6519 1172 -6360
-5962 8057 16766 -4503 -452 -6519
-5761 8161 17045 -3389 -1654 -6320
-5356 8225 17192 -2898 -2185 -5772
-4764 8412 17100 -2582 -2599 -5211
-4142 8658 16896 -2151 -2606 -4717
-4324 9005 16764 -1891 -1729 -4091
-4614 9102 16421 -1786 -1105 -3693
-4797 9425 15852 -1845 -1567 -3448
-5432 9666 15944 -2061 -1836 -3008
-5797 9824 16100 -2442 -1061 -2460
-5896 9925 16054 -2107 -40 -2075
-5654 9938 16173 -1140 352 -1584
-5397 9794 16605 -258 364 -1201
-5214 9673 16898 725 455 -629
-5013 9593 17169 1522 767 24
-7269 10877 16664 2289 1141 -257
-9598 10309 16265 3184 538 -634
-9050 9745 16289 4165 -499 -490
-8700 10082 16326 5685 -773 -721
-8101 10209 16813 7405 -803 -590
-6794 10414 17374 7781 -1164 -135
-6133 10396 17969 6716 -1558 441
-6093 9504 18185 5674 -1516 1354
-5504 8862 18390 4451 -958 2521
-4876 8626 18086 2881 -669 3246
-4744 7856 17622 1411 -1217 3632
-5349 7793 16545 614 -2603 3523
-6376 7694 15192 837 -4111 3001
-7165 7317 14152 2174 -5601 2376
-7370 7490 13469 4125 -6638 1513
-7038 7576 13185 5987 -6824 898
-6540 7969 13161 7327 -6467 531
-5962 8682 13326 7842 -5742 461
-5397 9221 13437 7630 -4980 659
-4805 9256 13602 6649 -4237 1156
-4016 9380 13766 5101 -3379 1632
-3652 9520 13860 3126 -2513 2126
-3628 9480 13618 1459 -1908 2387
-3914 9528 13341 399 -1421 2424
-4300 9430 13065 58 -751 2335
-4794 9192 12977 263 -153 2385
-5206 8962 12954 790 270 2475
-5334 9040 12942 1437 281 2488
-5453 8989 13076 1973 120 2456
-5268 9078 13162 2238 -97 2504
-4906 8576 13246 2343 -349 2747
-4484 8180 13440 2421 -658 3021
-3994 7929 13825 2272 -886 3342
-3652 7809 14089 1682 -1027 3499
-3528 7924 14082 929 -930 3537
-3594 7702 14020 163 -867 3456
-3637 7416 13913 -285 -705 3333
-3870 7345 13850 -460 -578 3104
-4108 7338 13824 -217 -640 2793
-4286 7294 13602 417 -765 2488
-4673 7445 13382 1223 -1185 2028
-4724 7780 13409 1892 -1599 1757