-17496 8500 -468 4955 -1293 -66
-17761 8670 -262 5289 -1473 -75
-17932 8886 -58 5498 -1442 -172
-18108 9088 129 5621 -1248 -395
-18168 9317 302 5598 -1065 -591
-18060 9441 373 5464 -869 -755
-18064 9600 264 5383 -892 -828
-19610 9449 -562 5751 -1217 -808
-21805 9208 -1693 6539 -2267 -623
-22402 8814 -2061 7648 -3679 -503
-23693 9149 -2497 8727 -5267 -117
-24070 9312 -2774 9804 -6904 125
-23192 9917 -2694 10821 -8150 277
-21626 10717 -2346 11691 -8620 475
-19174 11517 -1318 11587 -8402 726
-16194 12160 -228 10200 -7496 1264
-13490 12346 669 8003 -5654 2233
-11822 12066 1629 4899 -3408 3537
-9864 12812 2030 1536 -1588 6416
-10932 10536 2978 -2357 492 7310
-11905 11285 3056 -5838 1682 9188
-12258 11568 2682 -8190 2100 12731
-13889 10637 2716 -10556 1213 14545
-17540 10036 3088 -12161 -1708 13949
-17997 10346 2872 -12391 -4236 14574
-20306 9886 3662 -12524 -7004 13315
-20673 11133 4722 -11892 -9392 12123
-20762 11552 5325 -10687 -10417 12459
-20912 11792 5772 -10003 -12468 11961
-20429 12910 5894 -9013 -14806 11508
-19824 14134 5489 -7234 -17444 12610
-19390 15041 5210 -5098 -19851 14467
-18740 16377 5194 -2759 -21840 16805
-18116 17812 5376 -406 -23263 19124
-17520 18841 6058 1412 -23709 21242
-16544 19542 6934 2373 -23266 23447
-15482 21056 8104 2502 -21718 25116
-14894 23100 9054 1568 -19933 26250
-14717 24962 9554 -1292 -18178 27622
-14106 26914 9516 -5460 -16934 28994
-13822 27497 9148 -9559 -16159 30444
-13513 27970 9257 -11642 -15219 31722
-13293 27872 10010 -12771 -14017 32767
-13172 28300 10929 -13607 -12372 32767
-13685 29194 11705 -14542 -10813 32767
-14121 30473 12389 -15688 -9933 32767
-14452 31617 12544 -17366 -9685 32767
-15017 32767 12549 -19267 -9931 32767
-16053 32767 12401 -22279 -11055 32767
-16365 32767 11625 -26165 -13036 32767
-16420 32132 10864 -29039 -15070 32767
-16241 31094 10384 -30113 -16865 32767
-15514 29153 10016 -30591 -18384 32767
-14402 26780 9233 -31135 -19487 32767
-13738 25708 8556 -31273 -20027 32767
-13164 24348 7497 -30651 -20495 32767
-12081 22014 6540 -29403 -20583 32767
-10882 20086 5450 -27743 -21030 32767
-9768 17865 4624 -24291 -22226 32767
-8282 14805 3938 -20094 -23487 32767
-6956 12465 3286 -15598 -24123 32767
-5320 11374 3089 -11218 -23729 32767
-3600 11084 3101 -7724 -22343 32767
-2412 10668 3169 -5709 -19814 32767
-1616 10356 3572 -5734 -16764 32767
-1345 9005 3392 -6695 -13830 32767
-1636 7777 2840 -7422 -11708 32767
-1793 6744 2082 -7191 -10161 32601
-2049 5584 1225 -6239 -8825 31234
-2096 4637 594 -5089 -7394 30146
-1954 3032 164 -4027 -6009 29324
-1684 1301 -178 -3443 -4598 28915
-1501 578 -257 -2952 -3059 28002
-1134 -650 -157 -2637 -1788 26663
-760 -1080 96 -2274 -793 25319
-450 -927 510 -2210 361 23290
526 -2052 842 -2644 907 20772
1298 -3141 1238 -2215 959 18493
1965 -4312 2037 -1490 708 16388
2753 -4462 3054 -1102 449 14895
3129 -4808 4282 -1260 338 13753
3530 -4973 5420 -1803 -152 12555
4205 -5564 6520 -2610 -567 11565
4448 -6070 7502 -3902 -805 10450
3854 -7404 8972 -3546 -2798 8592
1500 -14937 10206 854 -7210 1978
2336 -17222 9130 2373 -5624 -1368
3797 -16345 8720 7218 -3970 -1156
3270 -13198 9913 6108 -3403 -730
3453 -9964 9297 5077 -4561 -2138
3460 -7608 8616 4114 -6954 -3162
3666 -6654 7492 3839 -9521 -5124
3314 -7337 6630 5072 -11660 -7321
4057 -9212 4589 10417 -12799 -9698
4778 -11682 2136 20973 -11436 -12373
3970 -10842 272 31281 -8604 -14104
3086 -8064 -237 32767 -6312 -15538
2526 -5468 18 32767 -4398 -17565
2385 -3097 374 32767 -3205 -19943
1405 -934 632 32767 -1664 -22661
1082 609 898 32767 -40 -25031
612 2026 957 32767 1510 -26677
266 2336 836 32767 2900 -27643
-234 3188 457 32519 3828 -28383
-561 3826 -96 29631 4661 -28434
-1021 5101 -597 26473 5258 -28203
-1812 6433 -1122 23929 5441 -28505
-1940 7270 -1733 22029 4932 -29533
-1721 8329 -2273 20567 3759 -30983
-1305 9301 -2617 19532 3015 -32440
-1549 10022 -2386 18149 1285 -32768
-1226 10681 -746 16052 -336 -32768
-424 13082 2965 11972 -1268 -32768
-648 17329 6866 4869 -699 -32768
904 22937 10518 -3899 6127 -32768
1573 26702 12558 -16034 12221 -32768
1888 29214 13529 -26125 16087 -32768
3530 27648 15713 -32626 17795 -32768
4149 27928 22222 -32768 18486 -32768
6456 28434 24697 -32768 22194 -32768
6413 21724 25390 -32768 26226 -32768
5972 16156 27105 -32768 29495 -31309
3437 10720 30584 -32768 32196 -27993
-725 3018 32767 -32768 32767 -29035
-5316 -8593 32767 -32768 31657 -21947
-10394 -9357 32706 -31436 23338 -15664
-10598 -6417 31544 -22534 16000 -13506
-10682 1432 30650 -17174 11529 -12061
-10213 5622 31385 -12240 13013 -14192
-10488 2790 30318 -5583 14672 -19057
-12878 2645 28128 788 15020 -22038
-14793 5929 27013 3955 14282 -23036
-15036 7921 26541 5945 11893 -22097
-15164 8360 25354 7592 7830 -20427
-14125 8592 23928 9647 3557 -19351
-12333 9380 23316 10838 1418 -18512
-10526 10884 23528 10157 1455 -17866
-9044 12337 22821 8010 2716 -17602
-8097 13094 22246 5597 3812 -16767
-7684 13352 21697 3241 3900 -15200
-7572 12933 20858 1326 3242 -12914
-7370 12548 19861 -212 1810 -10293
-6720 12300 19248 -1450 74 -8015
-5970 12025 18396 -3037 -1552 -6011
-5148 11482 17613 -4240 -2992 -4577
-4389 10270 16697 -4783 -3922 -3494
-3976 9276 15944 -4727 -4484 -2714
-3585 8508 15088 -4148 -4955 -2279
-3286 7509 14506 -3639 -5227 -1893
-3228 6766 14173 -3167 -5217 -1668
-3524 6025 13800 -2543 -4928 -1412
-4046 5600 13321 -2024 -4913 -1151
-4218 5632 13064 -1372 -5194 -1080
-4437 5484 12685 -375 -5454 -1128
-4322 5173 12704 1197 -5431 -1272
-4428 5278 13024 2781 -5213 -1341
-4482 5677 13518 3538 -4643 -1287
-4442 6140 14032 3454 -3991 -1112
-4380 6401 14482 2870 -3624 -751
-4236 6274 14784 2118 -3460 -219
-3956 6118 14964 1550 -3443 326
-3634 5804 15116 1283 -3271 1007
-3794 5388 15390 1272 -3181 1531
-5388 5769 15141 1780 -3071 1295
-6058 5453 15218 2971 -3067 938
-5758 5497 15442 4258 -2734 627
-5649 5525 15776 5819 -1979 206
-5180 5193 16477 7141 -1071 273
-4954 5352 17000 7669 -895 480
-4476 5117 17334 7169 -1401 984
-3633 4838 17620 5696 -1586 1868
-3000 4612 17616 3687 -1323 2792
-4000 4540 16702 1936 -1048 3228
-4597 4648 15832 679 -2168 2592
-5168 4636 15200 908 -2735 1689
-5233 5186 14598 1825 -2823 615
-5381 5722 13814 3795 -2417 -363
-5673 5882 13617 5646 -2152 -1007
-5233 6366 13973 7169 -1608 -1129
-4629 6952 14093 8429 -755 -941
-4324 7162 14592 8738 464 -241
-3646 7838 15173 7686 1280 493
-3317 8220 15674 5749 1939 1104
-2918 8196 16052 3131 2606 1688
-2917 7749 16169 768 3289 2079
-3130 6885 16281 -861 3804 2443
-3358 6154 16258 -1836 3911 2675
-3785 5712 16104 -1626 3345 2836
-3969 5346 16204 -631 2447 2804
-4416 5448 16049 299 1439 2494
-4816 5510 15678 926 347 2052
-4744 5408 15317 1802 -656 1621
-4969 5517 15024 2741 -1528 1156
-4885 5468 15094 3513 -2002 803
-4977 5606 15352 3985 -2326 566
-5358 5821 15484 3924 -2559 405
-5782 6132 15380 3543 -2955 159
-5825 6374 15173 3231 -3443 -131
-5984 6353 14920 3205 -3645 -338
-6229 6190 14640 3199 -4037 -507