-13509 20764 -32 -2282 2293 21839
-13082 20294 529 -4203 2601 21789
-12493 20950 1621 -6132 3274 21549
-12221 22064 2413 -8584 4071 21390
-12014 22441 2866 -10702 4946 21125
-11922 22882 2840 -12439 5650 20953
-11982 23465 2521 -13732 5844 21074
-11954 23868 1962 -14393 5330 21736
-12236 24582 1440 -13728 3874 22961
-12394 25416 1186 -12204 1998 24630
-11962 26512 1310 -10753 261 26813
-11252 27710 1925 -9817 -1277 28726
-10400 28365 2529 -9516 -2222 29736
-9954 29090 3100 -9283 -3992 29477
-8672 28908 2705 -9245 -4349 30517
-7789 29076 2421 -9477 -4085 31866
-6497 29108 1890 -9867 -3120 32329
-5629 28730 1256 -10480 -2416 31988
-4905 28206 478 -11424 -1958 31886
-4046 28306 -472 -12697 -1712 31931
-3156 25930 -1829 -12621 -1684 32114
-2152 22962 -2826 -10075 -1441 32679
-368 22560 -3698 -6097 -1476 32767
1086 22477 -5036 -971 -1469 32669
2296 23528 -5756 2979 -1134 32214
4381 24836 -5706 3842 -537 30648
5372 25032 -5814 1117 -247 28707
6150 24794 -5694 -2868 1435 28675
5921 22649 -5441 -5465 5365 29789
4056 20308 -5158 -7283 10128 30510
3614 18513 -5070 -8245 15300 29107
3026 16925 -5220 -9671 21090 27650
2488 14990 -5692 -10973 25868 25491
1140 14257 -6101 -12032 28822 22562
249 13734 -5852 -13414 29833 19186
-128 12234 -5397 -14971 29693 15890
-176 10258 -4853 -15817 29146 13549
-124 8745 -3769 -16068 28907 12155
-302 7352 -2574 -16288 27653 11487
-341 5556 -1470 -15088 26655 11145
-868 4949 -450 -13796 25090 10513
-1085 4224 881 -12590 22900 9401
-1074 2978 1913 -11079 20447 8045
-908 1610 2873 -9046 17895 6966
-782 864 3928 -6709 15903 6642
-705 840 4913 -4670 14060 6664
-428 922 6148 -2783 12405 6726
-30 1106 7452 -1944 11456 6773
-121 2168 8520 -2322 10427 6952
129 2109 9537 -2817 9775 6999
-40 2882 10229 -3446 8832 6866
297 3376 10977 -4979 7925 6487
-268 3704 11385 -6930 6260 5636
364 3329 11664 -8874 3464 4781
1309 3306 11801 -10761 1024 4563
1414 2676 12052 -12061 -1291 4487
1534 2492 12461 -12663 -3181 4684
1433 3122 13137 -12897 -4658 4056
1957 2962 14173 -13611 -6039 2753
2244 2104 15184 -14691 -7557 1699
2904 776 16014 -16537 -8992 -1002
3453 -1428 14573 -16824 -8845 -2817
5985 -2161 13794 -16149 -8295 -1900
6288 469 13308 -15729 -8847 -189
5713 1384 11776 -15061 -11327 1015
6166 309 10928 -11380 -13645 1757
7664 809 10952 -6570 -13844 2243
9033 1265 11273 -1995 -12815 2063
9916 1826 11568 1660 -11823 1835
10312 2529 11477 4120 -10993 1854
10204 3224 11026 5279 -10507 2069
9974 2076 10953 6723 -11140 1849
10385 -153 10244 9532 -12350 1580
9990 -702 9074 12817 -12918 1709
9559 -1401 7449 17883 -13470 1931
9501 -842 5649 24373 -14586 918
9777 -74 4053 28482 -15639 -438
9873 1265 2561 31540 -16241 -1619
9288 2777 1245 32767 -16142 -2666
8720 4329 122 32767 -15993 -3804
8180 5209 -802 32767 -15572 -4622
7734 5945 -1264 32767 -14876 -4784
8352 6545 -986 32767 -13213 -4528
8930 6949 -212 32272 -10689 -4249
9404 7390 418 30124 -7922 -4428
9560 7434 874 27608 -4817 -4575
9032 7889 1461 24386 -1404 -5318
7901 9265 2158 19945 1657 -5983
7946 11138 3266 13800 4525 -6692
7300 12893 4194 5581 4842 -8269
7252 14664 5074 -6320 3878 -9026
7505 16998 5572 -21557 874 -10158
7621 18265 4236 -32768 -1863 -10826
8836 16745 3525 -32768 -2758 -12590
10261 15610 3734 -32768 -1218 -13140
12256 14240 4266 -32768 2774 -13734
13596 11562 5049 -32768 8002 -13666
13482 8070 6313 -32768 12623 -13174
13173 5822 9172 -32768 17472 -13410
12912 5666 12709 -32768 22092 -13589
11204 6362 16386 -32768 24894 -12854
9613 7905 19212 -32768 27462 -10444
8010 9490 20730 -32768 30137 -7689
7758 11573 23165 -32768 32636 -4929
7566 13520 24421 -32768 32767 -3475
6318 8450 24046 -32768 32767 -2193
3917 2798 23438 -32768 31872 -918
1377 668 22926 -25137 25903 -361
1188 1417 22785 -12964 21455 -2810
936 2233 22337 -3674 19749 -5267
688 1760 22453 -2059 16806 -1309
1366 5622 24853 -2913 14594 -2164
2797 7653 27132 -7392 14234 -2992
2665 8474 27268 -12806 15458 -3028
2437 7025 26768 -15516 17069 -3017
1426 5645 25526 -13763 18325 -3359
-678 4536 23666 -10134 16837 -3767
-2565 3532 22194 -5616 12956 -4408
-3794 3218 21806 -1401 8832 -5427
-3741 3794 22517 1732 6571 -6666
-3061 5012 23704 3452 5838 -7834
-2552 6536 24709 3463 5716 -8535
-2385 7588 24960 2081 5796 -8428
-2729 8116 24205 -58 5473 -7677
-4392 8352 21962 -1089 4293 -7704
-5344 6834 20484 -33 2922 -8108
-4432 6478 20022 2432 1894 -8419
-4221 7005 19104 5445 1247 -9331
-5117 7041 18562 8207 1375 -9864
-4945 8049 18190 9894 1301 -9671
-3884 8208 18584 9733 999 -9358
-3234 8448 18792 7902 2402 -8118
-2630 7537 18812 5959 4953 -6350
-2181 6972 18808 3308 5643 -4848
-1638 6253 18636 521 5193 -3801
-1825 5794 18044 -1695 4791 -3018
-2326 4986 17317 -2150 4744 -2893
-3604 4578 16576 -1604 4514 -3019
-4442 4974 16016 -530 3600 -3608
-4918 5600 15922 753 2394 -4433
-5369 6308 16022 1559 1584 -5069
-5785 6937 15684 1976 993 -5384
-6069 7222 15240 2834 371 -5712
-5964 7368 14802 3824 -468 -6005
-5526 7397 14556 4819 -1423 -6032
-4661 7216 14324 5413 -2244 -5516
-3628 7230 14196 5694 -2887 -4809
-2670 6970 14125 5149 -3207 -3852
-1888 6490 14166 3881 -3100 -2709
-1197 5900 14062 2562 -2689 -1847
-896 5200 13793 1565 -2315 -1498
-849 4482 13750 1081 -2002 -1500
-888 4145 13718 1073 -1514 -1789
-1170 3869 13636 1485 -886 -2249
-1717 3604 13488 2232 -582 -2679
-2080 3777 13306 3418 -676 -2981
-1738 4640 13641 4142 -1651 -3446
-1505 5184 14054 4268 -2235 -3603
-1521 4994 14226 4677 -1898 -3254
-1342 4838 14582 5359 -1102 -2849
-812 4976 15061 5859 -308 -2518
-346 5052 15574 5935 -1 -2527
-265 5380 16185 5299 234 -2457
-529 5277 16674 4314 553 -2213
-1126 5366 16956 2987 914 -1637
-1550 5542 17201 1569 958 -1141
-1590 5698 17397 397 545 -837
-1597 5506 17442 -218 -110 -928
-1654 5268 17544 -476 -702 -999
-1530 5042 17365 231 -1045 -1205
-1590 4958 17410 1376 -1236 -1398
-1474 5256 17513 2269 -1405 -1522
-1408 5676 17568 2648 -1462 -1623
-1416 5806 17570 2602 -1323 -1605
-1548 6008 17632 1899 -1085 -1434
-1777 6021 17606 992 -1099 -1233
-1650 6002 17664 305 -949 -1091
-1497 5898 17634 -277 -647 -1174
-1616 5770 17402 -451 -295 -1558
-4317 6422 16048 658 -366 -2866
-4542 5728 16938 2489 -25 -3501
-3911 7280 17390 3829 877 -4309
-4349 7988 17397 4659 1730 -4945
-5083 8567 17012 4833 1593 -5296
-5476 7665 16502 5547 911 -5026
-4342 7762 16986 5825 1247 -4497
-3148 7840 17080 5342 1534 -4107
-2350 7877 16752 3715 871 -3601
-2106 7708 16116 2211 -10 -3267
-2397 7280 15191 634 -565 -2792
-3031 6927 13777 245 -501 -2837
-3501 6937 13030 919 -576 -3422
-4060 7324 12737 2221 -405 -4309
-4773 8073 12632 3743 472 -5182
-5324 8466 12480 4667 1043 -5566
-5574 8674 12451 5377 1230 -5716
-5345 9102 12757 5584 1277 -5789
-5336 9513 12966 5121 1497 -5889
-5576 9728 12969 4256 1720 -5840
-5665 9291 13028 3438 1734 -5726