-18154 23645 1993 -1955 -197 5961
-18141 24813 2010 153 -1378 7658
-18433 25561 1810 2329 -2353 9743
-18209 27593 2236 3621 -2629 11348
-17558 30392 2982 2284 -2689 12964
-16190 31968 3660 -1410 -2162 14227
-13893 31449 3944 -7066 -810 16417
-12088 30472 4197 -12790 759 19922
-11308 29196 3966 -17032 1952 23871
-11649 28390 3492 -19440 2455 27356
-12898 27538 3022 -20426 2344 30448
-13990 27001 2665 -19919 1749 31816
-14710 27357 2581 -17454 359 32674
-14866 27726 2745 -14161 -615 32767
-14384 28493 3141 -11581 -2014 32767
-13413 28845 3100 -10198 -2970 32767
-13048 29272 3330 -9511 -3928 32767
-12094 29022 3346 -10256 -4457 32767
-11461 29450 3646 -12213 -4798 32767
-11046 28858 3705 -14625 -4871 32767
-10206 27100 3486 -15436 -4272 32767
-9690 25809 3422 -15069 -3025 32767
-9380 24732 3705 -14588 -2047 32767
-9440 24720 3456 -14732 -1390 32767
-9144 23541 3073 -14669 -1342 32767
-8561 22566 2330 -13390 -422 32767
-8202 21820 2069 -12189 -87 32767
-7785 22078 1885 -11259 -171 32767
-7665 21929 1520 -10408 -364 32767
-7166 20673 1189 -8561 -256 32767
-6637 20102 1292 -6510 -399 32767
-5844 19584 1217 -4323 -701 32767
-4982 17972 737 -1492 -660 32767
-4241 16094 16 2522 -238 32767
-3512 15253 -185 5942 540 32767
-3020 15889 -685 7838 1198 32681
-2458 15373 -1076 9497 1870 31522
-1609 15173 -953 10050 2333 29904
-585 16870 -1232 9691 3664 28202
8 17165 -1110 6920 6208 25505
1104 15725 -1506 2544 10099 23101
544 14742 -2290 -1842 14446 21747
36 13792 -3014 -5072 18756 21171
-425 13296 -3562 -7932 22190 20395
-842 12849 -3377 -10994 23819 19769
-592 11218 -2358 -15044 24117 19023
-313 9602 -1261 -19163 23884 18642
-209 7676 -330 -22626 23517 18398
49 5029 1126 -24983 23166 17838
221 2556 2685 -26169 22801 16471
157 -72 3202 -25289 20962 13948
381 -2204 4862 -22972 18909 11651
649 -3042 6765 -20785 16318 10332
504 -3816 8805 -19968 12834 9435
537 -4590 10314 -20469 7896 9287
1042 -5380 11005 -20853 2871 9237
2158 -6294 11460 -20751 -578 8704
2629 -6109 12168 -20393 -2880 7830
3608 -5981 12501 -20164 -4126 6790
3734 -5441 12397 -20059 -4454 5425
3513 -4440 12388 -20060 -4819 3976
3378 -3836 12132 -19924 -4913 2861
3174 -3409 12029 -20537 -4314 2194
2988 -3605 11756 -22295 -4469 1312
3045 -5396 10640 -24368 -4050 -384
2285 -6789 8513 -24847 -4433 -2494
1916 -8708 6181 -22765 -5591 -4552
2753 -10573 5189 -18300 -7764 -7126
2296 -10604 4430 -12741 -10523 -9205
3386 -10680 3160 -6109 -12344 -9554
4558 -11316 2744 1862 -12770 -9359
5802 -9936 2749 8914 -12928 -8754
7220 -9108 2618 15457 -13060 -9177
7697 -8118 1582 20707 -12151 -10530
7341 -6921 929 26518 -11369 -12798
7653 -7870 758 32373 -10220 -16615
7296 -6937 1117 32767 -8193 -20070
7530 -4393 1606 32767 -4981 -22974
7992 -981 2409 32767 -947 -25980
7670 1536 3173 32767 2175 -28720
8169 3500 4088 32767 4868 -30623
8213 4728 4376 32767 7484 -31824
8058 5862 4944 32767 10364 -32561
7550 8102 5630 32767 12998 -31689
6945 10610 5925 32767 14693 -29966
6364 12361 6362 32767 15475 -28436
5493 14602 6809 32679 15223 -26691
4046 17133 8309 28298 12917 -24594
4216 19472 10148 19409 9947 -22355
4466 20661 10889 9503 7713 -20860
3517 21389 10438 -310 6755 -20685
2052 21770 9978 -9177 5657 -22229
1458 21249 8976 -15443 4263 -25532
1368 20317 9313 -18566 3421 -28492
2081 20709 11613 -21424 3653 -29934
3005 21564 15028 -26980 4198 -29581
3693 23154 16877 -32768 5843 -28346
3140 23557 16326 -32768 8369 -27249
2425 21886 14196 -32768 10794 -26451
1525 17629 12820 -32768 13212 -24718
901 13041 14344 -32768 15424 -22805
933 12046 17345 -32768 16999 -19272
446 12980 19917 -32768 18923 -16493
-798 14054 21626 -32768 19941 -15594
-2665 13662 21918 -32768 19313 -15873
-4305 10597 19922 -32768 17938 -16268
-5364 7894 18774 -32768 17840 -17289
-7421 6244 19180 -27138 16967 -16864
-7898 6602 20328 -16023 15461 -15295
-8721 7556 21437 -8078 14589 -14561
-9673 9286 21317 -3270 13422 -13768
-10134 9860 20862 -1222 10152 -12657
-10629 10148 20514 -1038 4886 -11901
-9965 10448 20346 -1497 -38 -11588
-9018 9330 19837 -56 -2752 -11388
-8068 8892 18889 3684 -3595 -11291
-8166 9460 18054 7966 -3524 -10847
-8922 10885 16889 10205 -4274 -9324
-9738 11842 16105 10209 -6291 -7738
-9188 12533 15644 10296 -8058 -6974
-8654 13490 15444 10575 -9218 -6159
-7962 13850 15145 11052 -9281 -5500
-6892 13573 15096 12121 -8298 -4850
-6214 14002 15313 13202 -6525 -4254
-6176 14094 15612 12844 -5338 -3324
-5973 14032 15966 11428 -4249 -2569
-5608 14450 16120 8572 -3524 -1851
-5248 13793 16092 5431 -3166 -1238
-4580 12658 15824 2987 -2913 -651
-4029 11825 15404 1669 -2603 -247
-3346 10730 15288 838 -2157 217
-2954 9881 15200 594 -1621 663
-2829 9153 14960 733 -993 828
-2996 8477 14737 1014 78 1128
-3525 8076 14341 1216 1194 1492
-3898 8050 14233 734 1714 1639
-4412 7949 14084 -77 1518 1865
-4686 7644 13916 -743 1039 1960
-4792 6953 13612 -873 946 2042
-4777 6564 13454 -809 915 1921
-4398 6288 13496 -457 937 1542
-4326 6162 13289 -124 908 1005
-4272 6154 13004 396 938 416
-4390 6072 12818 1309 1333 -24
-4773 6116 12610 1965 1892 -188
-5246 6314 12616 2308 2032 -216
-5790 6738 12641 2449 1700 -231
-6156 7473 12964 2375 975 -387
-5945 7904 13493 2203 256 -790
-5473 7938 13944 2482 -133 -1341
-5166 8158 14418 3074 -78 -1893
-5144 8489 14864 3309 348 -2228
-5074 8788 15276 3236 1253 -2302
-5297 9178 15664 2645 2443 -2193
-5181 9562 15882 1525 3548 -2055
-6834 10310 14894 291 3779 -2449
-8926 10230 13934 191 3118 -2809
-9632 10088 13708 1272 2079 -3240
-10576 10468 13322 3402 1276 -4012
-10296 10340 13658 6143 1031 -4550
-8606 10596 14456 8658 1486 -4731
-7438 11373 14741 10139 1828 -4856
-6952 11829 14974 10347 2025 -4694
-6221 12090 15257 9250 2206 -4182
-5554 12044 15312 7520 2700 -3485
-4942 11665 15662 4979 3617 -2634
-4480 11426 16138 2121 4384 -2122
-4133 11105 16540 -142 5239 -1849
-4086 10618 16421 -2361 5681 -1747
-4502 9874 15970 -3819 5840 -1769
-5140 8892 15150 -3665 5445 -1891
-6594 8388 14378 -2193 4398 -2004
-7797 8497 13524 -309 2889 -2215
-8776 8440 12472 1866 1064 -2677
-9449 8754 11606 4209 -345 -3078
-9556 9197 11310 6123 -1203 -3463
-9261 9757 11398 7397 -1424 -3814
-8758 10196 11761 7955 -1112 -4179
-8145 10524 12240 7665 -338 -4494
-7302 10594 12622 6596 881 -4591
-6646 10460 13065 4859 2265 -4583
-6054 10098 13346 3100 3575 -4497
-5978 9758 13604 1565 4616 -4396
-6022 9521 13614 507 5170 -4209
-6148 9089 13478 44 5143 -4162
-6714 9069 13120 250 4568 -4409
-7205 9038 12637 1290 3309 -4759
-7581 9024 12132 2827 1743 -5023
-7750 9164 11722 4623 168 -5164
-7624 9830 11593 6145 -1118 -5334
-7361 10734 11964 6861 -1885 -5548
-6989 10780 12202 7038 -1835 -5484
-6613 10936 12636 7015 -754 -5267
-6216 11460 13017 6186 735 -4983
-6017 11933 13436 4460 1793 -4916
-6202 12162 13306 2207 2272 -4737
-6693 11578 13190 337 2284 -4456
-7178 11000 12913 -657 2102 -4136
-7769 10554 12637 -579 1668 -3835
-8102 10132 12542 539 845 -3676