-11888 12874 1385 31616 -7084 4577
-13526 11117 1066 32130 -8093 5104
-12044 11857 265 30800 -8661 5927
-10258 14165 386 28194 -8663 5088
-10653 13598 54 26842 -8362 7078
-11792 13024 -296 24660 -10867 9875
-11801 12674 -994 21896 -12307 10635
-13492 12062 -1972 18981 -13201 10455
-13665 11957 -1473 16605 -13517 11306
-14192 12748 -806 14645 -11620 11181
-14378 14028 289 14983 -7735 9895
-16001 15218 1214 16188 -8373 6316
-15680 15964 736 17657 -12876 4290
-13829 16650 238 18127 -10257 4554
-13589 17074 -152 16427 -8070 4073
-13328 16748 -716 13376 -8893 4004
-13017 16437 -1693 11203 -11085 4999
-12690 16078 -2612 11257 -12552 6966
-12557 15582 -2956 13323 -13286 9897
-11846 14942 -2964 16473 -13426 13406
-11186 15537 -2270 19510 -12579 16449
-10621 17430 -1637 22155 -10615 17952
-10146 19745 -1134 22946 -8370 18402
-9470 21892 -693 21235 -6858 18399
-8372 23884 -346 18187 -6431 17553
-7569 25316 -578 13355 -6345 16391
-6625 25868 -1208 7659 -6345 15522
-5736 25917 -1977 2771 -6090 14870
-5109 25644 -2522 -867 -5725 14496
-4624 25721 -2232 -3864 -5761 15131
-2981 26390 -1921 -7193 -3439 15834
-3249 27553 -1588 -9786 -1742 15892
-4932 28574 -1398 -12062 -1802 16202
-4244 28865 -1328 -14311 -305 16263
-5206 29606 -1328 -16278 466 16213
-4380 29042 -2377 -18423 2333 18000
-4934 28684 -3074 -18874 3684 18332
-5856 28614 -3993 -18114 2860 18896
-5325 29008 -4504 -17000 2239 19541
-5441 29104 -5022 -15654 933 20563
-4936 29674 -5233 -13570 955 22336
-4640 30484 -4882 -12263 1329 24152
-4217 31010 -4973 -11569 2038 25642
-4928 31468 -5597 -10478 3233 26682
-4513 32767 -5940 -11065 4410 26967
-3504 32393 -7000 -11388 6028 27061
-3369 31706 -7452 -11628 7739 27847
-3130 31938 -7749 -12094 9501 28168
-2596 30390 -7745 -13058 10840 28314
-2190 28366 -7656 -13852 12225 28951
-1524 27028 -6853 -14872 14070 29550
-1753 26986 -6317 -16695 16140 30301
-1888 26149 -5680 -18895 18008 30281
-1876 23898 -5082 -21514 19865 29885
-2336 22137 -5252 -24346 21292 29166
-2252 20358 -5268 -26575 21947 27946
-2176 18609 -6061 -27934 21854 26765
-2646 17684 -6990 -28319 20731 25422
-2284 15249 -6624 -28660 19568 24021
-2146 13184 -6078 -29450 18447 23448
-1958 10970 -5252 -29693 17212 23217
-1844 9502 -4724 -29510 15983 23256
-2201 7910 -4313 -28996 14581 23351
-2506 6693 -3716 -29116 12722 23568
-2770 6252 -3450 -28996 10175 23490
-2526 5530 -2842 -29286 7558 22996
-2565 4609 -2482 -29946 5055 22488
-2776 3912 -1796 -30969 2891 22152
-3101 3346 -1040 -32523 774 21997
-3345 2548 -297 -32768 -1460 22141
-3780 897 414 -32768 -3908 22141
-4097 -688 1144 -32768 -6177 21791
-4485 -2344 2256 -32768 -8987 21157
-4224 -2166 3526 -32768 -11418 20232
-3622 -3224 3936 -32768 -13490 18388
-3177 -5281 4494 -32768 -15187 16164
-2550 -6877 5002 -32768 -16573 14397
-1790 -9444 5596 -32768 -18191 12279
-366 -19070 10173 -29290 -22022 2604
-1520 -26038 5058 -22190 -20898 -1364
2846 -22212 6729 -16739 -15070 -1826
5205 -18998 5834 -9035 -11312 -602
7086 -13234 6441 -6015 -8926 384
6762 -8628 7392 -6074 -9165 -1306
5628 -7829 7924 -6404 -11717 -3883
8041 -8914 7337 -2401 -13291 -7535
10405 -10765 5628 7598 -12131 -10725
10492 -11588 4810 21825 -9844 -12970
9758 -10634 2686 32767 -6877 -17010
8596 -8525 1044 32767 -3754 -20814
8014 -4786 -1150 32767 -1160 -22333
7325 -42 -3281 32767 1064 -22120
7297 3469 -3962 32767 3086 -23179
6430 6633 -3793 32767 4227 -24486
4656 9896 -3733 32767 4475 -25079
4212 11288 -2654 32767 4928 -26261
3622 10696 -2232 32767 5780 -26480
2728 10836 -2517 32767 6527 -25595
1552 10188 -3188 32767 6372 -24338
461 9324 -3834 32767 5628 -22658
-905 8578 -4056 32767 4076 -20812
-1832 8136 -3850 32767 1736 -18763
-2217 8514 -3590 31406 -924 -17659
-1873 9358 -3209 28538 -3858 -17936
-1017 11944 -1293 25749 -5558 -19412
-392 17106 2234 21152 -5463 -22070
825 22694 6060 12854 -3126 -26338
1752 27093 8978 1143 143 -30543
3617 27150 10229 -13628 5850 -32759
5106 24068 8657 -27001 9285 -32768
4953 20842 6318 -31244 9127 -32607
1953 19634 5064 -27025 6972 -31724
-196 20773 7104 -22203 5332 -29411
-204 26036 11708 -24163 1817 -28049
1013 31076 14110 -31495 -3460 -28892
938 31952 12585 -32768 -5285 -29689
-2062 29271 12562 -27578 -5303 -31249
-2788 25216 16676 -9349 -6971 -29587
-2265 24672 20713 -5847 -7533 -21787
-617 27608 23588 -11010 -5400 -15084
765 30296 24653 -20443 3723 -13503
-372 29445 22542 -29271 5826 -14635
-2612 26425 20484 -32768 1211 -15386
-2180 24464 20557 -32768 39 -15974
-3578 20797 20394 -31954 1349 -15039
-4564 19460 21858 -31250 1986 -13352
-4326 20921 22869 -32768 732 -11685
-3746 20912 23210 -32768 -693 -10551
-3666 20020 22553 -32768 426 -10507
-3084 17821 21909 -32768 4131 -10186
-3704 16380 21924 -32768 7704 -6760
-4653 16389 20845 -32768 8069 -6738
-6278 12658 18585 -32768 6168 -5460
-6882 8229 16733 -32768 4355 -3775
-7377 6016 16321 -32768 1907 -3724
-7649 1734 16810 -32768 -3165 -941
-7725 40 17040 -30732 -7918 660
-7644 -130 17285 -20070 -11052 -50
-6296 948 17902 -11042 -12308 -492
-5496 2981 17802 -5338 -11691 -1644
-5306 4105 17836 -3391 -10523 -2748
-4569 4924 18349 -3254 -9298 -4073
-4146 6032 18969 -4596 -8261 -4740
-3682 5938 18910 -5940 -7171 -4687
-3453 4814 18432 -5148 -6587 -4473
-5800 5608 16809 -2591 -6210 -4746
-6368 5097 16441 680 -6018 -4978
-4673 5130 16660 2998 -5900 -4767
-4558 5600 16568 4491 -5163 -4955
-4893 5789 16258 5064 -4556 -4718
-4782 5893 15802 4458 -4769 -4113
-4516 5538 15652 3256 -4781 -3533
-3877 4865 15517 2956 -3815 -2943
-2484 3853 15389 2654 -3186 -1968
-1278 3084 15222 2217 -3060 -973
-753 2662 14881 1232 -2767 98
-849 2534 14366 239 -2600 904
-1506 2233 13646 -953 -2814 1401
-2217 2438 12916 -1919 -2868 1326
-2546 3021 12101 -2088 -3524 611
-2308 3109 11965 -1687 -4473 -302
-2409 3325 11613 -409 -4563 -1088
-2218 3421 11465 1745 -3926 -1762
-1878 3697 11721 3989 -2703 -2261
-1744 4030 12126 5427 -1529 -2442
-1708 4622 12934 6053 -726 -2328
-1790 5405 13664 5535 296 -1943
-1897 5758 14094 4101 1425 -1273
-2060 5614 14526 2960 2505 -667
-2096 5185 14794 2572 3398 -382
-2125 4948 15026 2828 4024 -506
-2069 4317 15230 3784 4304 -743
-1904 3756 15652 5107 4308 -833
-1946 3572 16128 5662 4182 -506
-2025 3520 16617 5147 3656 187
-2084 3328 17052 3790 2658 1183
-2185 3006 17370 2069 1336 2283
-2108 2081 17345 602 206 3213
-1852 1536 17205 -69 -311 3682
-1704 1118 16990 -113 -572 3602
-1585 725 16824 635 -894 2857
-1497 833 16544 2056 -1459 1768
-1254 1293 16692 2864 -1791 898
-1170 2008 16750 2878 -1991 409
-1181 2420 16660 2374 -2437 365
-1326 2804 16129 1710 -3305 746
-1204 2869 15982 1295 -4093 1299
-1057 2880 15961 1077 -4362 1719
-904 3184 15909 836 -4128 1661
-788 3169 15865 645 -3701 1096
-589 3121 15756 823 -3010 390
-757 3018 15577 1337 -2178 -315
-817 3040 15393 2234 -1442 -1006
-937 3073 15532 3086 -882 -1442
-1074 3364 15714 3647 -319 -1549
-1114 3300 16254 3615 -29 -1343
-1154 3361 16738 3330 9 -1029
-1745 3686 16749 2895 51 -1033
-3398 4501 15794 3352 101 -1905
-3928 4144 15620 4831 397 -2819