-15798 4570 -2945 6658 -11903 4706
-15742 3938 -2950 8540 -14305 5175
-15306 4073 -3097 11543 -16614 5302
-15198 4217 -3177 15162 -17742 5665
-14880 4842 -3334 18623 -18753 5414
-14701 5244 -3518 21530 -19184 4902
-14380 5848 -3558 24359 -19313 3810
-13980 6845 -4084 26912 -19809 2944
-13149 8066 -4188 28349 -19262 1295
-12629 8917 -4760 29642 -19471 -125
-13194 9868 -5064 30355 -21478 -1628
-13384 10790 -4954 30380 -23394 -2338
-11628 12104 -5726 28293 -21626 -3372
-12552 12686 -5901 25778 -21716 -4988
-12592 13708 -6394 23483 -22444 -6344
-12637 14189 -6930 22198 -23931 -7167
-11476 15526 -7481 21817 -23228 -7582
-12166 15406 -7218 21311 -23343 -7742
-12132 16488 -7090 20007 -23724 -7908
-11796 17049 -7244 19576 -23049 -6901
-12554 16269 -7189 19566 -23095 -5661
-12201 16096 -7258 21310 -21548 -4589
-13820 16508 -7209 24268 -21587 -3279
-13468 16474 -6872 27423 -20402 -260
-14401 16849 -5940 29310 -19500 1433
-15417 17085 -5165 30199 -18898 2338
-16469 17206 -4532 30657 -17664 2802
-18005 17414 -4090 30501 -17100 3189
-19886 18100 -2933 30599 -17401 3585
-19613 20508 -1941 28473 -15864 2504
-19588 22221 -556 23887 -15494 1116
-18330 22680 696 16234 -14962 300
-16448 22501 1846 7387 -14539 -930
-14205 19885 2668 -135 -13990 -998
-12509 16577 3897 -5274 -12734 -578
-11078 14313 5025 -7657 -10713 394
-10536 11956 6256 -7816 -8196 1796
-10485 10669 7782 -5941 -5305 3061
-11340 11244 8925 -3111 -3284 3986
-12524 12238 9970 -184 -2638 4518
-13541 13588 10390 3140 -4256 4859
-14902 15016 10965 5927 -8427 5690
-15930 16584 11517 6432 -14366 6148
-16826 17960 11906 5383 -21067 5730
-17370 18634 11841 3898 -26886 5564
-17332 18797 11589 3606 -31302 5681
-17054 19393 11668 4517 -32768 5985
-16585 20286 11525 5647 -32768 6711
-15945 21309 11329 6478 -32768 7668
-15006 22168 11146 6395 -32768 8774
-13852 23208 10930 5195 -32768 10007
-12702 24141 10909 2474 -32768 11297
-11588 24906 10852 -1097 -32768 12670
-10490 24274 10474 -4549 -32768 13813
-9264 23141 9790 -7898 -32768 15305
-8178 22122 8740 -11097 -31100 16899
-7602 21737 8204 -14315 -28972 18439
-7356 21897 8201 -17343 -28600 19661
-7340 21625 8128 -19517 -30087 20563
-6946 20877 8377 -20324 -31813 21280
-6501 20941 8822 -19839 -32633 21614
-5712 20733 8853 -18882 -32636 22064
-4690 19833 9233 -17139 -31981 22639
-4229 19305 8565 -14967 -31481 23426
-3392 19437 8124 -12666 -30461 24187
-1938 21574 9194 -10997 -28783 24198
-705 24542 9893 -12289 -27233 23601
989 26224 10248 -15463 -25009 22673
2805 24642 9860 -18515 -22289 22601
3668 22421 9305 -20066 -19810 24146
3946 20178 9021 -20283 -18093 26864
3890 19033 8509 -20904 -17636 29648
3769 16901 8297 -22039 -18296 32208
4149 16672 7970 -23266 -18715 32767
4408 15714 7462 -25008 -18887 32767
4449 14238 6450 -26124 -18334 32767
4524 10454 5084 -24813 -17289 32767
4669 8494 3592 -22443 -15519 32767
4150 6982 2336 -21040 -14746 32767
2961 5650 1602 -20244 -16197 32767
2710 4586 1717 -21463 -17225 32767
2244 3989 1901 -24660 -17637 32347
2394 474 625 -25799 -16487 31561
2913 -3398 -1320 -24348 -13645 30691
2638 -4932 -2785 -23378 -11329 28699
1966 -5638 -4224 -22989 -9675 25651
1836 -7510 -5841 -21804 -8117 22373
1420 -9116 -6077 -19542 -6995 18847
1440 -11525 -5785 -16072 -6756 16117
1537 -12433 -4661 -12804 -7216 14511
1734 -11918 -3040 -11192 -7228 13395
2697 -11064 -1132 -10375 -7451 12368
3953 -9962 168 -10735 -7200 11703
4368 -8469 1425 -12489 -6868 11753
4882 -8330 1894 -14082 -8280 11855
5917 -7990 2928 -15530 -9792 12110
6565 -7597 3140 -16397 -10614 12747
7166 -7538 3580 -17293 -10891 14381
6922 -8636 3181 -17237 -12371 13542
7696 -12374 3012 -13273 -12420 11537
8465 -11036 2694 -9982 -11082 10566
9049 -11937 2224 -7037 -9151 8172
8728 -12774 1536 -4262 -6997 5486
8176 -12292 908 -1903 -5402 3164
7149 -12074 98 877 -4838 667
7080 -10964 -781 3564 -4523 -1679
6330 -10596 -1793 6415 -4817 -4706
5705 -11945 -2909 10981 -5614 -9009
5818 -12369 -4064 17698 -5239 -14033
5502 -11692 -4918 25088 -3426 -19648
5142 -11581 -5602 31892 -1001 -25321
4544 -10746 -6385 32767 337 -30674
3922 -9506 -6290 32767 864 -32768
3270 -7225 -6200 32767 1834 -32768
2554 -5306 -4817 32767 3588 -32768
2753 -2704 -2540 32767 6258 -32768
2414 -397 -444 32767 9613 -32768
1518 1998 1250 32767 12397 -32768
1484 4758 2044 32767 12961 -32768
1194 7453 2220 32767 13131 -32768
1048 8932 1393 32767 12268 -32768
-188 9165 -618 32767 11703 -32768
-1753 9617 -2073 32767 11030 -32768
-2732 11097 -3625 32767 10726 -32768
-2733 13732 -3304 32767 10162 -32768
-1926 18145 -1356 32767 7683 -32768
-966 21234 2037 32767 4365 -32768
566 23913 4337 32459 3431 -32768
1682 24164 5164 27001 4856 -32768
1002 22901 4958 21119 6639 -32768
1102 22054 3690 18880 8519 -32768
712 21264 3086 18267 11003 -32768
633 21288 2700 18135 13499 -32768
-1054 21642 2052 17351 15103 -32768
-2022 23117 1716 14839 15160 -32768
-3573 24434 1316 11159 13516 -32337
-4602 26005 1846 7678 11141 -30174
-5218 27744 3454 4395 8013 -27786
-5556 30140 5600 249 5359 -26527
-5289 30422 7657 -6332 4307 -26310
-4858 30689 9110 -16282 7647 -25709
-4125 29480 8102 -26303 9489 -25688
-4925 26185 5888 -32141 7295 -25761
-6397 22882 6420 -32768 2712 -27123
-6564 21813 9652 -32768 -1314 -28181
-5425 20422 14164 -32768 -3316 -27067
-3556 18140 18069 -32768 -1339 -23986
-3732 17157 19650 -32768 1198 -20938
-4682 14552 19712 -32768 3213 -17917
-5560 13741 18520 -32768 4985 -14974
-7049 14722 17020 -30343 6225 -13228
-8156 15037 15730 -24376 6537 -12209
-8712 15544 15993 -20002 5862 -11367
-9541 16809 16789 -19347 4963 -10767
-9753 16738 16620 -20310 3382 -10439
-9776 15333 16128 -19515 2827 -10047
-9850 14644 15550 -16822 2128 -9188
-9712 14201 15609 -12019 1670 -8744
-9648 15017 15546 -7321 1604 -7436
-9278 15472 16314 -5165 1338 -6212
-9161 15554 17398 -5090 886 -5320
-8730 14913 17649 -6173 145 -4263
-8484 13518 17342 -7527 -572 -2841
-8220 12637 16761 -7363 -1973 -2166
-7682 11862 16073 -5457 -3365 -1549
-6889 11672 16160 -3315 -4142 -1048
-6416 11744 16566 -1818 -3743 -1129
-6577 12392 17028 -1047 -2475 -1088
-6993 12441 16942 -1481 -2028 -912
-7448 11781 16936 -2367 -2214 -978
-7842 11805 16726 -3150 -2817 -980
-8260 11994 16258 -2897 -3498 -691
-7988 12088 16206 -1720 -4237 -397
-7757 12814 16237 -401 -4445 -265
-10394 13614 15872 390 -4199 -778
-11077 13285 16005 527 -4045 -1028
-10809 13738 15522 452 -3867 -1565
-11225 13756 15604 989 -3204 -2155
-10849 14306 15938 1524 -1587 -2438
-11137 14948 15694 1751 -120 -2570
-11348 14052 15674 1185 265 -1936
-10334 12997 15753 -149 -482 -820
-9024 12248 15236 -955 -1816 240
-7100 11508 14676 -1007 -2892 1390
-5569 10868 14213 -697 -3940 2131
-4792 10593 13536 -466 -4817 2481
-4708 10269 12725 -385 -5217 2666
-4904 10080 11877 -163 -5166 2671
-4705 10044 11208 -239 -4764 2715
-4777 9949 10818 -209 -4221 2616
-5397 9849 10405 -424 -3929 2631
-5676 10122 9984 -414 -3903 2474
-5997 9796 9386 815 -3940 2065
-5748 10173 9145 1908 -3360 1708
-5398 10274 9304 2126 -2613 1270
-4874 10384 9513 2095 -1681 876
-4637 10253 9700 1869 -587 613
-4782 10026 10074 1475 266 564
-5081 9897 10356 1118 778 558
-5493 9869 10256 959 993 564