-11756 5098 11964 -659 350 -690
-11818 4725 12050 -745 118 -585
-11821 4448 12177 -503 26 -593
-11804 4186 12129 -36 -91 -786
-11652 4257 12305 206 -289 -959
-11504 4373 12572 252 -663 -809
-11490 4242 12936 211 -1092 -522
-11497 4153 13242 468 -1429 -99
-11634 4082 13757 825 -2012 452
-12058 4190 13970 1393 -2746 785
-12336 4813 14358 1838 -3484 876
-12649 4732 14798 2268 -3953 1033
-13368 4705 15104 2951 -4001 1429
-13908 4892 15581 3006 -4313 2154
-14416 4137 16392 3698 -5081 2614
-15056 3832 17097 4666 -6158 2811
-15505 4076 18200 5411 -7314 3119
-15814 4817 19133 5767 -8496 3456
-16054 4938 19821 6349 -10041 3605
-15952 4200 20412 7706 -12267 3770
-15894 3958 21172 10516 -14997 4021
-15845 4830 21574 13471 -17236 5140
-15385 6042 22186 15814 -19166 6136
-14801 7714 22908 16578 -20706 6597
-14221 10182 23677 15228 -21864 6858
-13637 12782 24142 11731 -22977 6715
-13465 14836 24444 6983 -24399 6289
-12610 16529 24584 1697 -25942 5670
-11892 17028 24616 -4130 -27339 4797
-11494 17338 24308 -9297 -28538 4065
-11048 16213 23657 -12617 -29628 3648
-10009 14708 22989 -13708 -30591 3658
-9442 14537 22501 -13472 -31346 4336
-8734 14776 21953 -12946 -32178 5411
-8333 15201 21576 -12170 -32705 6724
-7877 15634 20666 -11711 -32768 8187
-7218 15470 19694 -11534 -32768 9695
-6654 15637 18389 -11479 -32768 11067
-5740 15166 16990 -11792 -32768 12454
-5210 15112 15961 -12567 -32768 13724
-4280 15142 14714 -14130 -32768 14815
-3804 14465 13028 -16109 -32768 15627
-2718 13278 11389 -17384 -32768 16215
-1452 11600 9778 -17922 -32768 16915
-582 10094 8236 -17170 -32768 17439
98 9128 6529 -16175 -32768 18423
1322 8062 5432 -14466 -32768 19242
1776 7502 4449 -12977 -32768 20223
2993 6928 3721 -11680 -32240 21065
3422 6945 3310 -10822 -29353 21650
4002 6978 3100 -10749 -26299 21696
4569 6504 2444 -11597 -24234 21287
4789 5338 2601 -12750 -23077 21187
4993 4505 2062 -13554 -22688 20833
5364 2957 1434 -12639 -22304 20172
5822 1426 324 -11159 -21890 20354
5985 -37 -890 -8659 -21112 20794
6633 -1513 -1598 -4999 -19649 20892
7428 -2250 -1661 -1630 -17217 21093
7670 -2565 -1536 330 -13963 20731
7896 -3264 -1456 1013 -10776 19867
7834 -4576 -1549 869 -8054 18867
7610 -6314 -1661 879 -5737 17657
7060 -7828 -1612 1734 -3625 16318
6928 -9132 -1585 3372 -1638 15098
6670 -9973 -940 4570 -31 14407
6477 -10070 -140 5055 974 13621
6389 -10634 224 4678 1499 12564
6270 -10593 769 3550 1508 11487
6042 -11445 1385 2281 405 10451
6440 -11872 2296 1639 -641 9386
6708 -11594 3273 1037 -1375 8391
7410 -11792 3780 483 -2375 7469
7880 -12254 4152 957 -3353 6491
8580 -12328 4525 1836 -3802 5663
8962 -11596 4894 2903 -3636 4655
9261 -10912 5272 3790 -3133 3645
9386 -9472 6070 3810 -2793 2347
9936 -12416 5501 5841 -1824 -1324
9245 -11070 6442 6954 2 -2079
9650 -10221 6861 6895 2042 -3185
9637 -9586 6909 7005 3503 -3991
9458 -8914 7228 7176 4280 -4187
9158 -7904 7516 7145 4303 -4541
8740 -7533 7417 7255 3653 -5041
8114 -8141 6962 8547 2534 -5777
7884 -8822 6112 10891 1658 -6593
7506 -9528 4546 15352 1235 -7607
6776 -10845 2632 22049 995 -8267
6308 -11053 1585 30190 1243 -9250
5621 -9680 450 32767 1169 -10481
5189 -8901 -54 32767 720 -11354
5037 -8396 -697 32767 -547 -12749
4582 -6513 -1350 32767 -1529 -13527
4432 -5498 -1721 32767 -1925 -15040
3998 -3305 -1593 32767 -2112 -16847
3989 -256 -1405 32767 -1660 -19128
3626 2978 -498 32767 -859 -22129
3652 4793 -38 32767 719 -25751
2612 5366 420 32767 2593 -29254
1988 6482 938 32767 4841 -31645
1701 7977 857 32767 6346 -32768
1462 7869 777 32767 7627 -32768
541 8566 188 32767 8080 -32768
-269 10376 328 32767 7841 -32768
-646 13408 768 32767 6829 -32768
-565 15378 1498 32767 5705 -32768
-78 17348 3028 32767 4841 -32768
693 20145 5152 30046 4440 -32768
1280 23726 8084 21010 4898 -31901
2188 26922 10550 8722 6349 -29786
2216 28489 12000 -4949 8096 -27870
3005 26732 12581 -17958 10004 -25658
1842 25202 11460 -27220 10393 -24064
-600 24532 11166 -32137 9955 -24622
-570 22248 11990 -32418 8643 -26274
-1725 19649 14169 -30432 6932 -28245
-2044 20266 16436 -31647 5174 -28148
-1680 21192 16618 -31829 3303 -27799
-2081 15833 17865 -25670 2943 -28706
-2769 14934 20324 -20583 2657 -27135
-2597 18337 22214 -21015 3335 -23607
-2918 18697 22948 -24216 5560 -21601
-3556 17818 22970 -26989 8403 -21360
-4486 16276 22004 -30679 8730 -21629
-5152 14857 19626 -31561 4757 -22059
-5666 10356 19513 -23984 1955 -24587
-6413 10150 20525 -17205 320 -24648
-6441 11468 21005 -16154 -295 -22383
-6148 12444 21641 -18708 -486 -21035
-6097 12993 21894 -23443 -16 -20708
-5812 12880 20344 -27620 1281 -20320
-6096 10261 18330 -27195 2164 -20916
-6489 6121 17658 -21019 2876 -21701
-6821 5024 17044 -13918 2429 -21331
-7397 5382 16688 -8067 1055 -20912
-7617 5612 16402 -3912 -324 -20568
-8069 6437 16165 -1787 -1450 -19954
-8349 8521 16476 -1644 -2226 -19082
-8117 10014 16606 -2922 -2390 -18830
-7792 10796 16805 -3968 -1680 -18770
-7674 10297 17002 -3951 -1054 -19022
-7732 9232 16594 -4102 -671 -19375
-8118 8961 15413 -3402 61 -18655
-8254 8070 14992 -2991 -25 -18112
-8421 8229 14884 -2108 -611 -17901
-8350 8729 15165 -1174 -676 -17316
-8166 9496 16062 -356 -21 -16822
-8220 10412 16409 -699 958 -16565
-8132 10581 16302 -1459 1869 -16015
-8162 9461 15893 -208 2484 -15582
-8414 8157 14993 3087 2510 -14588
-8544 7913 14128 6670 1266 -12761
-8660 8470 14224 9880 -401 -11420
-8876 9677 14550 12162 -1607 -10366
-8461 10593 14568 13320 -2553 -9370
-7960 10932 14789 13652 -3062 -8503
-7452 11104 15537 13125 -2771 -7633
-7192 11342 16094 11480 -1948 -6618
-7065 11228 16249 9364 -1462 -5591
-7092 10709 16081 7320 -1554 -4481
-7037 10170 15606 5634 -1767 -3261
-7000 9808 15246 4467 -1734 -2144
-6741 9428 15066 3846 -1493 -1118
-6564 8977 15070 3690 -1192 -237
-6453 8612 15326 3550 -1146 463
-6441 8268 15373 3057 -1085 867
-6273 7998 15488 2395 -1103 1122
-6094 7564 15602 1751 -951 1213
-5904 7253 15448 1268 -647 1194
-5814 6861 15346 966 -367 1137
-5812 6357 15252 776 -156 1145
-5808 6061 15057 715 -4 1144
-5730 6120 15097 769 90 1184
-5718 6214 15154 695 125 1191
-5710 6200 15356 471 153 1136
-5658 6122 15388 290 257 1078
-5648 6046 15504 45 232 979
-5615 6266 15547 -74 376 680
-5609 6260 15437 115 685 374
-5718 6440 15436 462 1150 96
-5882 6733 15566 601 1362 2
-6029 6976 15522 559 1219 -14
-6074 7136 15542 402 903 -10
-6106 7325 15557 154 622 65
-6270 7410 15490 -128 465 154
-6389 7366 15365 -316 236 298
-6452 7211 15118 -102 -66 478
-6366 6908 15154 295 -194 761
-6185 6918 15118 638 -71 858
-6102 7060 15141 816 -147 849
-5997 7093 15042 809 -293 742
-6010 7226 15161 570 -466 700
-5856 7316 15066 139 -573 841
-5861 7192 14988 -289 -660 1055
-5922 7141 14853 -652 -686 1297
-5968 7141 14920 -965 -648 1494
-5904 6962 15046 -1092 -671 1472
-5829 6484 14956 -745 -591 1374
-5786 6342 14761 -233 -474 1163