-16187 11160 -1034 10099 -803 1572
-15333 11309 -692 9709 56 1520
-14910 11324 -109 9159 1159 1689
-14525 11256 712 8329 2656 2155
-14289 11061 1520 6993 4452 2684
-14278 10949 2341 4847 5636 2836
-14029 11018 2500 2345 6088 2513
-13741 10798 2620 44 6021 1972
-13592 10881 2430 -1718 5831 1354
-13210 10629 2318 -2986 5478 680
-12856 10473 2518 -3873 5260 38
-12750 10481 2932 -4835 5353 -660
-12538 10215 3460 -6009 5668 -457
-12626 9954 3462 -7630 5307 -677
-12482 9764 3048 -9196 4412 -829
-12560 9334 2451 -10001 3419 -620
-12970 8952 1978 -9539 2842 -317
-13301 8900 1690 -8664 2283 -41
-13658 8754 1430 -7559 1801 300
-14659 9052 1367 -6084 1436 555
-15917 9576 1489 -4930 1289 694
-16609 10132 1600 -4446 1384 873
-17220 10611 1273 -4378 1337 1106
-17728 10768 524 -4667 842 1449
-18056 10704 -325 -4925 -112 2103
-18572 10392 -1208 -5089 -1399 3115
-18934 10184 -1686 -5166 -2378 3928
-19163 10050 -1722 -5253 -3424 5142
-19298 9892 -1407 -5802 -3935 6178
-19276 9864 -1172 -6213 -3751 6553
-19238 9813 -572 -6709 -3062 6812
-19309 9941 402 -7623 -1425 6641
-19320 10266 1184 -8464 538 5991
-19413 10337 1510 -9095 2076 5234
-19349 10241 1537 -9571 3310 4401
-20749 9981 774 -9370 3977 3636
-23438 9418 -184 -8122 3862 3363
-23734 8638 -789 -6197 2337 3240
-23214 8127 -755 -3400 269 3488
-21604 8214 -380 -578 -1357 3883
-18033 9144 339 1142 -2882 3791
-18360 9486 1326 3285 -2119 3964
-16395 9717 2346 4302 -3308 5789
-12218 11936 3947 3523 -2457 5493
-10524 13024 5105 2351 -1351 8463
-9362 15145 6394 -605 -1184 9485
-7393 16050 6456 -2905 798 11605
-12690 16775 6931 -6694 564 14721
-14129 18773 6437 -10284 -1054 19450
-18436 19132 6213 -14564 -4167 21718
-20493 20180 5970 -17812 -8641 21984
-22876 18122 6246 -17713 -12447 21513
-24063 18896 6397 -11674 -15771 23064
-24746 21381 7833 -2844 -17257 26018
-24488 25293 9132 3084 -17767 26937
-23101 30831 11153 3074 -17370 28915
-21890 32767 11617 -2132 -17891 30381
-21464 32767 11005 -8836 -18948 31877
-20586 32767 9888 -14335 -20356 32767
-18610 32726 9282 -17398 -21566 32767
-16600 31758 9316 -17595 -21809 32767
-14862 30717 9906 -16365 -21134 32767
-13066 30798 10702 -15589 -19767 32767
-12065 30708 10456 -16117 -18435 32767
-11237 30001 9621 -17871 -17143 32767
-10965 30810 8925 -20877 -16238 32767
-11108 29850 7942 -25595 -16161 32767
-11189 28790 6542 -30313 -16608 32767
-11210 26629 5781 -32575 -17058 32767
-11162 23836 4457 -32768 -17684 32767
-10428 18693 3442 -31617 -18661 32767
-9314 16558 2978 -29032 -19337 32767
-8637 15437 2476 -26499 -19698 32767
-7537 13701 1997 -24610 -19441 32767
-6542 12212 1769 -23472 -18833 32767
-5478 12526 1702 -22887 -17589 32767
-4092 11576 1062 -22685 -16170 32767
-3473 10294 206 -22197 -14935 32767
-2788 8888 -832 -20328 -13862 32767
-2216 7202 -1348 -17659 -12712 32767
-1832 6556 -1634 -15415 -11043 32767
-1282 5786 -1456 -13680 -9673 32767
-1066 5985 -821 -12800 -8386 32767
-809 5537 -180 -13310 -6737 32767
-716 5794 450 -15038 -4762 32767
-1217 5346 752 -17685 -3494 31795
-1181 3820 948 -20565 -2906 29807
-1302 2954 1168 -23643 -3138 27715
-1676 805 1077 -25461 -4280 25096
-1433 -1341 1272 -25662 -5685 22403
-706 -2918 1482 -24558 -6883 19793
13 -4205 1574 -22449 -7759 17238
113 -4764 1438 -18690 -8497 14621
649 -6614 1612 -13816 -9395 12559
1428 -7637 2802 -8980 -10069 11200
2718 -7470 4229 -4976 -9585 10135
3428 -7580 4900 -1638 -8379 8658
3553 -8085 4592 961 -7406 7019
3717 -8461 4053 2882 -7134 5052
3873 -8473 3504 4206 -7289 2730
4114 -9094 1956 5735 -8143 -1125
3425 -13732 700 11425 -7316 -6192
4276 -13202 -276 16618 -5561 -8179
3572 -9442 681 20586 -5602 -8370
4197 -7822 1077 23996 -6644 -10258
4880 -6058 797 27844 -7546 -12753
5725 -5786 232 31652 -7756 -16090
6225 -6569 -646 32767 -6623 -19750
6389 -6437 -1938 32767 -4102 -23444
5517 -5840 -3137 32767 -984 -26356
4437 -5276 -4060 32767 2300 -28467
3250 -3970 -4474 32767 3883 -28862
2525 -409 -4724 32767 4301 -28509
2788 2826 -4413 32767 3886 -28644
3402 4880 -4128 32767 2957 -29015
3436 6337 -3541 32767 1932 -29175
3670 7881 -2185 32767 1210 -29546
3690 9172 -636 32767 1376 -29576
3936 10474 1492 32767 2596 -29336
4270 12100 3696 31999 4612 -29373
4398 13589 6132 22131 6847 -30139
4781 13804 8045 9108 9020 -30861
5568 13925 9438 -4032 10557 -31166
6074 14737 10102 -16443 10910 -31048
6284 14268 10732 -25226 11593 -31457
6454 12824 11778 -28739 13416 -31860
6173 12398 13076 -28855 15399 -31793
6096 12252 14444 -25515 17279 -30841
5672 11106 16196 -19047 18078 -29825
4705 11508 18226 -12569 17268 -28388
3617 14436 19985 -8437 14998 -26562
2909 16434 21773 -7723 13461 -25267
2345 18252 22674 -11662 13266 -23993
721 20401 22449 -16754 12037 -23732
-1302 20610 21642 -19531 9625 -24158
-2042 18910 21030 -18212 7791 -23728
-2694 17518 21234 -13334 7165 -22705
-3113 18452 22378 -11086 6644 -21440
-2706 19389 22041 -14874 5591 -20436
-3910 19213 21176 -20053 4655 -20294
-6065 19890 20506 -22411 5483 -21166
-7784 20450 19296 -22443 7788 -22594
-8270 19076 18632 -20552 9738 -22171
-8925 17692 18870 -18097 10517 -20796
-9564 17165 19273 -16097 9824 -19377
-10093 17468 20156 -15615 8633 -18427
-9604 17436 20753 -17087 8650 -17440
-9338 15844 20510 -18261 8254 -16531
-10012 13516 19589 -16538 7585 -16593
-11236 13081 18288 -12436 6295 -17155
-12258 13710 17197 -8136 5165 -16982
-12641 14229 16364 -4273 3921 -16334
-12490 14890 15994 -609 2868 -15457
-12710 15165 15580 2120 1291 -14283
-12584 15398 15418 4096 -367 -13021
-11924 15116 15406 4814 -1855 -11535
-10014 15330 15761 4599 -2108 -9994
-8316 15184 16030 3384 -1460 -8303
-6641 14209 16340 1702 -824 -6587
-5585 12753 16130 -345 -737 -4844
-5122 10946 15542 -2018 -1458 -3343
-4936 9256 14706 -2475 -2187 -2085
-4281 8024 13902 -2477 -2452 -1030
-3596 7210 13512 -2078 -1993 -585
-3269 6613 13356 -2018 -1393 -481
-3328 6017 13317 -1682 -886 -792
-3376 5285 13501 -1310 -679 -1016
-3537 5453 13492 -842 -742 -1223
-3572 5324 13534 -55 -721 -1586
-3934 5417 13566 836 -659 -1857
-4345 5781 13772 1354 -673 -2019
-4661 6301 13761 1415 -1181 -2226
-4602 6522 13897 1156 -1614 -2181
-4258 6658 14272 955 -1594 -1886
-3789 6848 14466 906 -1707 -1771
-3790 7213 14693 610 -1658 -1634
-3882 7568 14590 429 -1596 -1531
-4277 7849 14254 595 -1666 -1394
-4569 7770 14209 931 -1751 -1102
-4953 7968 14332 1162 -1754 -848
-5228 8501 14364 987 -1876 -887
-5494 8641 14142 827 -2241 -1061
-5598 8301 13973 1227 -2526 -1254
-5680 8429 13946 2084 -2577 -1456
-5838 8720 13990 2979 -2481 -1479
-5874 9028 13946 3680 -2333 -1312
-5789 9385 13840 4292 -2054 -891
-5608 9810 13629 4299 -1950 -227
-6536 10566 13116 3932 -1666 100
-8141 10605 12861 3748 -1134 41
-7990 10301 13521 3839 353 -101
-8053 10561 13665 3938 1995 -688
-7734 10377 14137 4280 3958 -1306
-6948 10729 14698 4773 5930 -1674
-6308 11585 14452 4888 6632 -1827
-6522 11802 13870 4600 5864 -1552
-6849 10966 13672 4526 4912 -213
-5936 10109 14461 4680 4538 1773
-5164 10252 15237 4080 4534 3156
-5084 9898 15784 2438 4148 3437