-14490 9051 2785 -9765 4137 6429
-14652 8684 2614 -11266 3544 6449
-14841 8231 2235 -12166 2785 6419
-15103 7678 1693 -12492 1604 6345
-15281 7398 1281 -12403 399 6229
-15500 7124 916 -12056 -549 6070
-15689 6966 692 -11336 -1452 5846
-15836 6892 560 -10616 -1939 5686
-15882 6943 364 -9581 -2185 5519
-15929 7248 235 -8106 -2211 5176
-15869 7564 230 -6933 -1940 4761
-15595 7984 233 -5893 -1427 4226
-15492 8338 118 -5239 -981 3772
-15590 8677 -70 -4459 -454 3320
-16004 9213 -308 -3681 189 2792
-16728 9530 -502 -3627 528 2638
-17360 9826 -593 -3901 715 2588
-17954 10074 -616 -4408 799 2545
-18416 10261 -500 -5205 751 2481
-18594 10476 -441 -6204 655 2379
-19070 10560 -562 -7075 576 2236
-20672 10540 -1160 -7796 364 2034
-22695 10428 -1868 -8069 -427 1753
-23153 10524 -1933 -7423 -1335 1446
-22144 10904 -1568 -6463 -1742 1247
-20101 11309 -865 -5672 -1282 1330
-18400 11552 -241 -5301 -254 1808
-17214 11652 361 -5594 1005 2687
-16150 11554 934 -6448 2319 3935
-15029 11446 1445 -7896 3372 5429
-13771 11491 1927 -9749 4056 7196
-12644 11430 2233 -11541 4469 8737
-12790 11124 2269 -13262 4396 10032
-13692 10557 1888 -14728 3885 11000
-15030 10022 1557 -15502 2877 11392
-15940 9689 946 -15373 1309 12004
-16928 8853 330 -14676 -439 12505
-17949 8062 -100 -13827 -2562 12266
-18448 7535 -359 -12195 -5072 11691
-18364 7274 -286 -10040 -7146 10904
-17536 7156 -45 -7942 -8311 10164
-16354 7148 168 -5927 -8737 9572
-14868 7270 653 -3942 -8636 8990
-13516 7354 928 -2553 -8020 8526
-12593 7494 1005 -1721 -7234 8341
-11852 7464 1093 -1086 -6317 8361
-11190 7449 1271 -278 -5038 8450
-10732 7526 1730 557 -3668 8512
-10537 7874 2110 1284 -2490 8447
-10502 8176 2456 1634 -1561 8212
-10374 8440 2816 2007 -827 8147
-10461 9125 2957 3107 -518 8124
-10626 9648 2965 5155 -704 8070
-10750 10134 3016 7375 -922 8116
-10856 11176 3266 10111 -1469 8613
-11113 13432 3661 12406 -2460 9555
-11153 15465 4236 13665 -3059 10490
-11306 17790 5025 14143 -3325 11429
-11276 19148 5500 13869 -3326 12124
-10982 21344 6516 12450 -3480 12933
-10276 24136 7087 9547 -3739 14405
-8910 25338 7061 7591 -4576 16039
-8060 26458 7010 6236 -5286 17509
-7373 27386 6761 5022 -5877 19014
-6621 28154 6660 4076 -6331 20437
-6484 28844 6488 3657 -6765 21392
-6178 28990 6060 3717 -6960 22396
-6445 30232 5385 4467 -7101 24182
-6698 31658 4893 4868 -6835 26008
-6684 32763 4344 4742 -6383 27906
-6504 32767 4020 3992 -5639 29184
-7256 32767 3178 2946 -4605 30481
-8522 32767 2438 1586 -3522 32550
-8100 32767 1502 432 -2805 32767
-8332 32767 695 -850 -1858 32767
-8598 32767 313 -5437 -50 32767
-9010 32767 -493 -12623 993 32767
-9862 32767 -2200 -16837 1413 32767
-9886 32703 -2994 -18066 1613 32767
-9012 29840 -3369 -17961 1736 32767
-7835 26284 -4084 -15720 2579 32767
-6413 23521 -4642 -13382 4412 32767
-5368 21020 -5130 -11765 6243 32767
-4534 17462 -5681 -8690 8726 32767
-3642 15473 -6024 -4172 12213 32767
-3278 15286 -5838 -2256 14745 32767
-2820 15105 -5744 -1766 17032 32767
-2345 12676 -5927 -2102 19778 32767
-2258 10181 -6162 -2233 22007 32767
-1833 7870 -6075 -1015 23342 32528
-1337 6362 -5353 689 24189 29577
-1345 5117 -4389 1622 25375 26397
-1532 5969 -3642 1341 26300 23766
-1552 4580 -2805 872 27002 21193
-1637 2331 -869 35 27576 18508
-2214 1910 830 -1725 25410 16712
-1788 508 1952 -2488 21974 15163
-2074 -162 3190 -2729 19125 13692
-1861 -869 4847 -2326 15222 10916
-1146 -666 6998 -2594 10783 7909
-1121 -948 8410 -3397 7417 6485
-957 -816 9222 -3538 4661 5572
-818 566 10221 -3680 2272 4897
-90 1018 11112 -4225 -90 3746
1070 1068 11513 -4963 -1805 2446
1942 473 11625 -5302 -3309 1211
2950 357 11434 -5379 -4699 154
4112 260 11290 -5487 -4798 -1128
3233 -4830 11420 -4094 -7513 -8238
3734 -7072 10268 -4302 -8231 -9497
6976 -6186 9054 -3247 -8291 -9938
7734 -4128 9241 -3535 -7882 -8903
8861 -3954 8538 -3804 -7944 -7706
9034 -3106 7650 -3928 -8150 -6187
8334 -2630 7330 -3495 -9313 -6183
7590 -2542 6366 -2718 -11082 -7817
7109 -2301 5312 -1812 -12661 -9392
6900 -1942 4382 -876 -13628 -10494
7050 -1160 3929 426 -13770 -11212
8522 -1392 4512 1984 -13084 -11800
10925 -1605 4669 3650 -11568 -12843
11697 -2533 3930 5294 -8955 -13865
11490 -3141 3330 7060 -5543 -14063
11312 -1758 3677 8956 -1814 -14159
10258 445 5356 9680 1803 -15442
9038 3213 6836 7393 4594 -18932
8693 4066 7972 3379 5441 -24758
8109 5220 9876 -2051 5936 -29690
8476 6274 11513 -7706 7254 -31261
9053 6544 12945 -13818 9493 -30247
8969 7128 14345 -20589 11259 -27745
8901 6858 15517 -26100 12509 -25446
9206 6068 15897 -28685 13719 -22963
9689 4642 15906 -28476 15683 -19455
9192 3256 16533 -28136 18487 -15451
7504 4628 17858 -29482 19995 -13719
6260 7564 20273 -32408 21408 -14599
6204 7420 21520 -32768 21894 -16180
5644 2798 21585 -31710 21563 -16821
3717 938 21838 -24719 20924 -16224
2405 1758 21486 -18000 20260 -15194
993 3060 20913 -14465 19904 -13719
692 5828 22226 -15124 20500 -11659
1380 10222 24130 -18493 22774 -10445
1397 11670 23461 -22698 22873 -11110
1260 7602 21772 -23149 20906 -11132
-86 4240 21004 -18642 19885 -9889
-657 4277 20720 -12671 18849 -8537
-521 5906 21296 -7004 18972 -8599
-982 5978 20950 -4121 18917 -7746
-1190 5914 21543 -4039 15971 -7305
-1221 5681 22917 -4842 14270 -8400
-1782 5950 23688 -5798 14983 -9075
-2214 7572 24506 -7709 16527 -9179
-2538 7700 23949 -8853 16628 -9317
-3408 6168 22888 -8532 14536 -8956
-4701 5042 21838 -6545 10681 -8606
-4780 4857 21569 -2759 6982 -8938
-4233 5014 21601 1781 4468 -9755
-3885 5433 21538 5237 3064 -10440
-3430 6364 21477 7394 1980 -10782
-3313 6878 21385 7804 687 -10551
-3702 7280 21264 6652 53 -9701
-4248 7605 20686 5221 -1074 -8087
-3217 7673 20856 3596 -2286 -6906
-3169 8456 21082 1750 -1522 -6384
-3032 8464 20697 318 -136 -5899
-2726 7865 20150 119 322 -5525
-2821 7177 19982 -66 172 -5081
-3096 7193 19348 -79 107 -4534
-3225 7205 18618 1048 -128 -3879
-3922 7357 17988 2087 -737 -3321
-6086 7774 17340 2913 -1676 -3103
-4805 6996 17992 3495 -2771 -2418
-3834 7500 17776 3615 -3118 -2053
-3534 7102 17342 3736 -2550 -1769
-3294 6593 17221 3915 -2073 -1408
-3161 6716 16832 3648 -1759 -1206
-3358 6369 16649 3208 -1058 -1000
-2677 5550 16758 2928 4 -443
-1796 5705 16734 2572 1117 329
-1162 5461 16784 1548 1349 974
-512 5382 16948 -119 908 1570
-306 4950 16720 -1492 87 1826
-666 4476 16009 -1968 -471 1636
-1269 4614 15162 -1477 -559 1188
-1742 4426 14325 -545 -648 578
-1793 4473 13580 1061 -734 -132
-1825 4602 13080 2970 -448 -664
-1957 4998 12900 4407 82 -924
-2158 5385 13104 5447 783 -951
-2294 5769 13338 5701 1455 -780
-2373 6462 13658 4924 2092 -656
-2384 6824 13769 3502 2720 -556
-2454 6894 13761 2495 3296 -648
-2616 6554 13884 2323 4051 -787
-2933 6434 14078 2675 4941 -983
-3336 6570 14308 3166 5664 -1250
-3824 6786 14538 3873 6116 -1303
-4237 6725 14557 4334 6223 -1058