-2540 20834 3062 -9019 19739 11984
-2238 21238 2802 -9084 19950 12214
-1960 21497 2654 -8838 20008 12435
-1717 22126 2542 -8397 20131 12611
-1597 23465 2880 -8260 20682 12575
-1552 24670 3292 -8926 21548 12300
-1484 25040 3474 -10223 22348 11990
-1562 25038 3276 -11297 22704 11931
-1848 25556 3226 -11152 22992 11691
-2561 27586 4032 -10695 23660 11338
-3128 30105 4676 -11603 24808 11065
-3294 30825 4581 -13974 25603 11617
-3281 28880 3330 -16592 24816 13501
-2736 25046 1620 -16946 22233 16788
-2156 21678 590 -14387 19108 20263
-1392 20737 678 -10446 16479 22893
-565 21105 1512 -6625 15597 24443
129 22713 2906 -4112 16247 24630
650 24784 4322 -3725 17760 24551
1044 27070 5425 -5845 19771 24180
1134 29197 5758 -9916 21274 23885
1118 29166 5465 -14163 21455 24399
808 28345 5264 -17276 20481 25644
512 27664 5446 -18538 18989 27250
600 26914 6340 -18143 17532 29017
796 26748 7264 -16336 16333 30328
1114 27717 8464 -14518 15384 31066
1474 27817 9660 -14223 14736 31859
1652 28853 11062 -15357 14326 32611
1538 30434 12652 -18043 13982 32767
1464 30609 13258 -22375 12985 32767
1189 28854 12722 -26081 10929 32767
1521 25970 12390 -26741 7619 32767
1836 23881 12342 -25116 3856 32767
1881 22400 12512 -22783 22 32767
1973 21392 12794 -20787 -3296 32767
2134 21186 12693 -19367 -5723 32767
2289 20168 11788 -18858 -7460 32767
2154 18604 10546 -19269 -8857 32767
1862 17162 9974 -20162 -10761 32767
2670 15568 7972 -20865 -12417 32767
3398 13610 6900 -20973 -12663 32767
4032 12632 7337 -22333 -12157 32767
4338 12582 8972 -27371 -11179 32767
3752 12588 11062 -32093 -12424 32767
2949 9852 11025 -32768 -15186 32767
3512 5750 9410 -32768 -17141 32767
4050 3777 8048 -32081 -17882 32767
4644 3990 6494 -28465 -18139 32767
4180 3940 5565 -25175 -19363 32767
3929 4336 4958 -22265 -20866 32767
4297 3677 4362 -17902 -21302 32392
4480 2465 3786 -12154 -21095 29491
4505 876 3805 -7043 -19933 27640
4189 182 4754 -3548 -19670 26690
3424 -238 5009 -522 -19951 25729
3529 -1045 5429 863 -20146 25370
3345 -1182 5933 965 -19929 24504
3496 -1001 6441 -936 -19270 23825
3496 -272 7448 -3801 -18126 22433
3696 -333 7637 -7017 -17061 21084
3354 -1354 7234 -9729 -16117 19803
2996 -2450 6934 -11257 -15654 18505
2709 -3441 6542 -12279 -15940 17713
2473 -4512 6070 -11818 -16539 16533
2288 -5453 5276 -10243 -17401 15065
1272 -6328 4001 -6641 -19057 12391
532 -11274 2024 -1094 -20468 8439
272 -12553 1081 6220 -21356 5870
617 -12573 430 12946 -21692 3356
1089 -15378 233 18935 -21335 -1014
1937 -15638 725 24084 -19583 -4499
2764 -14206 753 27545 -16991 -7469
3673 -14421 821 30397 -13655 -9909
3886 -14258 597 32719 -10959 -12193
3726 -13296 193 32767 -8933 -14738
3216 -12797 -646 32767 -7492 -17519
2836 -12320 -1132 32767 -6305 -20350
2350 -10168 -1154 32767 -6134 -23008
2074 -8525 -542 32767 -5622 -25580
1872 -7580 37 32767 -5313 -27795
2009 -6613 272 32767 -4911 -29902
1806 -5564 778 32767 -4102 -32005
1844 -3253 1328 32767 -2793 -32768
1628 -1576 1496 32767 -1060 -32768
1157 -57 1444 32767 360 -32768
765 848 1256 32767 1475 -32768
-98 2165 461 32767 2471 -32768
-926 3973 -293 32767 3968 -32768
-1449 6176 -554 32767 5484 -32768
-2320 8093 -400 32767 6586 -32768
-2788 9830 -112 32767 7392 -32768
-3489 11754 144 32767 8135 -32768
-3918 13613 189 31426 8945 -32768
-3978 14832 -446 26111 9619 -32768
-4393 14916 -2044 22876 9905 -32768
-5465 14202 -3806 24011 10196 -32768
-5525 13868 -4680 27415 10964 -32768
-5964 14204 -4973 30695 10492 -32768
-5754 15294 -4145 32656 9752 -32768
-5250 17242 -3120 32197 9141 -32768
-5428 20052 -2685 30221 8481 -32768
-6909 23516 -2740 26910 6648 -32768
-6474 26254 -2822 23004 4779 -32655
-5474 27922 -3041 18640 3166 -31855
-5412 27940 -3496 15641 1534 -30995
-5182 28074 -2342 13842 -298 -30180
-3726 27616 -960 12795 -575 -27813
-3876 27369 580 11227 318 -24840
-4878 28316 2082 7957 1104 -21942
-6468 29938 2756 3271 1063 -19967
-8636 32229 1589 -153 152 -19599
-10924 32767 961 -569 -1610 -21149
-11158 32767 3077 -2705 -3624 -23164
-10361 32767 5522 -8215 -4681 -23595
-10434 32767 7190 -15612 -4568 -22482
-9708 32767 8945 -23406 -2739 -19307
-8850 32767 10294 -31207 1733 -14132
-8758 32413 10780 -32768 6319 -9986
-9921 28677 10444 -32768 8148 -8876
-10400 24966 9825 -32768 9102 -9748
-11476 22561 10382 -32768 9959 -11302
-11830 21029 11133 -32768 10065 -11439
-12061 19740 11586 -32768 9853 -10266
-12148 19916 11664 -32768 9035 -9683
-11949 19666 11305 -32768 8214 -10312
-11398 18826 12134 -31794 8590 -11695
-12220 17474 11857 -28550 8887 -12223
-11661 15613 12189 -25444 9057 -10053
-12060 14930 12869 -22398 8638 -9760
-12353 14024 12990 -20737 7848 -9412
-12740 13828 13060 -20273 6728 -8724
-11828 13092 12954 -19875 5345 -8163
-11466 12024 12522 -18000 4332 -7619
-11428 10900 12226 -15557 2942 -6647
-11158 10990 12080 -13139 1339 -6283
-11073 11350 11792 -12069 149 -6120
-11258 11345 11378 -11707 -826 -5955
-11121 10877 10862 -11064 -1605 -5568
-10849 10346 10382 -9935 -2520 -5213
-10441 10108 10218 -8238 -3302 -4998
-10232 10002 10114 -6286 -3721 -4825
-10168 10370 10266 -4401 -3319 -4614
-10034 10570 10324 -3014 -2416 -4309
-10113 10468 10429 -2117 -1548 -3839
-10337 10072 10170 -1447 -1302 -3287
-10473 9732 9746 -777 -1810 -2638
-10561 9738 9322 -75 -2710 -2012
-10656 9522 9002 647 -3494 -1258
-11081 9316 8612 1788 -4363 -720
-11058 9241 8882 2475 -4968 -439
-11097 9458 9302 2784 -5142 -541
-11469 9238 9645 2947 -4854 -908
-11809 9869 10034 3160 -3932 -1380
-12102 10256 10232 3117 -3154 -1362
-12178 10154 10432 2762 -3010 -1093
-12116 10246 10530 2650 -2906 -680
-11746 10512 10864 2792 -2543 -102
-11306 10986 11176 2399 -2084 491
-11338 11081 10778 1413 -2083 745
-14440 11380 8382 1326 -3717 183
-15222 9593 8632 3076 -5012 56
-13377 9692 9802 4910 -4656 -212
-13021 10730 10049 6174 -3096 -550
-12326 10581 10874 6944 -472 -526
-11610 11401 11485 5977 1542 -409
-11348 11669 11700 3610 2714 -162
-10702 11142 12044 759 3812 515
-9974 10890 12044 -1996 4654 1314
-9713 10068 11649 -4178 5080 1881
-10278 9660 11177 -5487 4793 2087
-11357 9304 10668 -6257 3765 1677
-12128 8598 10206 -6127 2416 939
-12764 7644 9981 -4647 1367 110
-13004 7969 9729 -2494 825 -679
-13073 8538 9438 -359 428 -1222
-13221 9110 9134 1288 -132 -1548
-13293 9781 8984 2177 -1106 -1667
-12981 9748 8810 2640 -2166 -1460
-12308 9630 8726 3195 -2720 -997
-11624 9638 8742 3705 -2744 -374
-10792 9645 8829 3905 -2375 236
-10101 9576 9048 3545 -1970 653
-9438 9198 9334 2834 -1611 842
-8990 9009 9425 2052 -1134 806
-8673 8701 9552 1298 -540 624
-8476 8364 9632 597 67 426
-8279 7909 9522 -37 298 203
-8139 7686 9400 -198 -106 72
-8174 7642 9357 148 -636 -94
-8160 7706 9322 806 -968 -292
-8285 7718 9412 1619 -1035 -414
-8316 7716 9545 2626 -921 -468
-8390 7974 9809 3498 -668 -521
-8450 8406 9985 3787 -338 -588
-8546 8718 9956 3765 115 -478
-8920 8945 10108 3601 248 -449
-9152 9148 10208 3431 180 -419
-9436 9312 10340 3328 140 -380
-9789 9265 10562 3546 214 -208