-16673 7460 -2270 -13331 6509 1457
-16408 7742 -1669 -12099 6829 1191
-16217 7877 -1166 -11358 6932 689
-15805 8204 -616 -11108 6735 -47
-15557 8184 -173 -11110 6495 -828
-15170 8385 -193 -11240 6484 -1501
-15897 8441 -437 -11258 6769 -2126
-17301 8298 -1446 -11738 6906 -2750
-17336 7846 -1349 -12843 6469 -3687
-17700 8196 -973 -13026 5188 -4721
-18304 8132 -569 -12156 3578 -5806
-17512 8265 -232 -10136 2150 -6624
-16910 8156 110 -7249 979 -7196
-16482 8552 -430 -3199 56 -7123
-15909 6761 -998 3826 -3022 -6821
-14900 5469 -424 13574 -7293 -6018
-13441 6793 -176 22219 -9466 -4714
-12276 10618 -217 25385 -8570 -2322
-10637 14064 341 23388 -5687 133
-10428 14632 825 19458 -4036 1917
-10820 12186 1065 14387 -3723 2692
-11220 12492 -130 11942 -3367 3741
-12942 12009 198 9082 -2214 3974
-13792 12606 -541 5780 -1030 5356
-14793 12224 -177 1836 66 8120
-16293 12578 166 -1993 10 9226
-17054 12474 -86 -5059 -472 9295
-17648 12644 -56 -6598 -1340 8115
-17765 11508 104 -7855 -1224 7791
-17564 11828 476 -6890 -993 6729
-17536 10980 1064 -5129 -974 6420
-17048 11245 1152 -3515 -1039 7008
-16330 11361 1088 -2582 -1033 7194
-15553 11373 1092 -1919 -757 7298
-14866 12238 1504 -2060 -933 6598
-13858 13168 2222 -2212 -268 6762
-13100 13680 2876 -3298 500 6548
-12918 13933 3232 -5405 156 7496
-12346 14514 2737 -6749 -1112 8010
-11674 14529 2133 -6101 -2629 9494
-11857 14628 2052 -3675 -5127 11516
-11366 15973 2137 -2986 -7734 12528
-11138 17202 2878 -1920 -9740 14413
-11996 18741 3872 -2537 -13275 15909
-11737 20366 4766 -3539 -15144 16657
-12006 20869 5708 -3099 -17390 16265
-11466 20160 5660 -852 -18068 16986
-10220 20185 5112 3820 -16863 17696
-9734 21304 4517 9371 -14275 19027
-9506 23993 3837 13871 -11385 20752
-9510 26050 3113 15678 -8483 22563
-9353 27992 2473 15190 -6092 24092
-9566 29670 1986 12534 -4226 25098
-10278 30496 1306 8579 -2739 26238
-11169 30978 525 4648 -728 27687
-11982 32280 -72 835 1576 29262
-12818 32700 -1134 -2454 3679 30654
-13780 32767 -2409 -4510 5550 31913
-14412 32767 -3432 -5000 7479 32670
-14513 32767 -4166 -4468 10024 32767
-14502 32767 -4718 -3684 11514 32767
-14470 32767 -5298 -2623 12297 32767
-14542 32767 -6182 -1355 12882 32767
-15849 32767 -7202 877 13317 32767
-15010 32767 -7210 2339 12362 32767
-14149 32767 -8129 3352 11483 32767
-14560 32767 -8880 4399 11662 32767
-13716 32767 -9522 5604 12128 32767
-13450 32758 -10382 7217 13237 32767
-13177 31994 -9796 7308 14648 32767
-11958 32224 -8077 4531 16527 32767
-11390 29805 -6528 522 18843 32767
-11542 27476 -5949 -4125 20989 32767
-11784 23992 -6237 -8925 23307 32767
-12068 19890 -7624 -11787 25150 32767
-12028 16508 -8512 -12367 26419 32767
-11524 14573 -8612 -12153 26967 32767
-10500 13056 -8305 -12094 27079 32767
-9314 11636 -7460 -11832 27504 32767
-8897 10341 -7428 -11032 28036 32767
-7686 7864 -6674 -9934 28855 31089
-6476 7208 -6193 -9181 29551 29205
-5678 5849 -5670 -8571 29976 27152
-4725 4981 -5018 -8181 29968 25461
-4318 4413 -4493 -7605 29265 23805
-3840 3373 -3954 -6847 27992 21652
-3642 2422 -3060 -5401 26682 19239
-3244 2476 -1790 -4525 25717 16941
-3392 3546 -205 -4812 24956 14568
-3494 3538 1198 -6442 24323 11684
-3615 3460 2868 -9994 24435 8004
-3326 4113 4318 -16010 23753 4481
-2233 3196 6024 -22254 22003 2133
-2204 2262 6281 -26476 19377 1420
-1956 48 6957 -27368 15823 814
-1489 -901 7753 -25502 12035 422
-1562 -1961 8760 -22590 8453 -34
-1556 -1345 9838 -20334 5130 -5
-1165 -546 11278 -18970 2476 97
-714 -72 12492 -18650 652 178
-310 462 13505 -18890 -1182 -223
729 484 13738 -19907 -3028 -1281
2029 937 13456 -22121 -4591 -2927
2524 -261 14214 -22810 -6688 -7737
641 -11364 12165 -20665 -10944 -14953
4550 -11029 10229 -18302 -11441 -13745
6668 -12901 9468 -13742 -10686 -12410
6070 -13381 8760 -7659 -11858 -10356
6849 -12760 7592 -1050 -13261 -8495
6714 -10442 7254 4249 -13590 -7748
7092 -7266 7484 8193 -13753 -9203
7662 -5084 7938 10010 -13672 -12166
8428 -2857 7674 10134 -12356 -15515
8968 -1228 7370 9318 -10191 -18164
8964 -222 7296 7646 -8405 -20137
10229 -1218 7530 6477 -6286 -22112
9589 -950 7326 6285 -4109 -23521
9177 -1212 7526 6983 -2305 -24515
9358 -897 8314 7676 -307 -24011
9858 376 9576 8940 3154 -22927
8801 2558 10352 11028 5368 -24410
7342 5448 11874 10813 5467 -28002
6772 9225 14365 5861 5011 -31758
6660 13222 16800 -3429 4567 -32768
7392 15184 17701 -14261 5770 -32768
7494 15449 17870 -22928 7772 -32749
6485 14550 18629 -29726 10364 -31266
6208 12704 19272 -32768 11189 -27808
5948 9006 17362 -32768 11953 -23655
3973 4837 15578 -31518 12370 -20458
765 4918 17032 -23696 13638 -19265
-1054 11480 19532 -18612 15218 -19293
-1732 18294 21926 -20727 16894 -20576
-1256 18854 22954 -29587 18137 -20406
-596 15273 21329 -32768 19281 -17521
-1801 10518 19301 -32768 19292 -13969
-2620 7961 19382 -32768 19389 -10347
-2701 6681 20021 -32768 20661 -7766
-3121 5341 21210 -32768 22782 -6137
-3150 6225 23786 -32768 26115 -5649
-4034 7030 24090 -32768 28655 -5707
-6100 4782 22318 -32768 28094 -4754
-7278 2065 20610 -29053 24474 -3173
-8049 -1352 19320 -21002 18851 -1506
-7981 -2605 19348 -12885 12387 174
-7372 -2716 19014 -6736 7875 115
-7082 -2789 18232 -2605 5812 -1076
-6389 -2577 18264 -323 5514 -2646
-5496 -1136 19629 1268 7165 -4590
-4682 1361 20932 1932 9030 -6925
-4949 1798 21133 1246 9518 -8491
-5650 1704 20624 447 8724 -8619
-6085 1249 20076 153 7036 -7638
-5872 873 19817 508 4434 -6357
-5918 862 19300 1090 2048 -5548
-5476 672 18509 1487 188 -5234
-4602 1073 18077 2221 -453 -5180
-3750 789 18108 2803 -170 -5162
-3558 920 17769 3174 716 -5163
-4170 1360 17221 2967 1130 -4902
-4604 1688 17392 2596 838 -4474
-4993 1572 17820 1695 546 -4100
-4905 1710 18068 1300 469 -3877
-4565 1890 18193 1614 668 -3912
-4090 2350 18720 2084 1023 -4116
-6460 4102 17850 3084 1374 -4977
-8476 3094 17768 5404 1157 -5423
-7794 3074 18265 7442 721 -5098
-7608 3708 18332 8735 397 -4992
-7081 3505 18486 9089 296 -4229
-6994 4233 18136 9133 183 -3683
-5710 3536 18697 8766 -11 -2877
-3994 2782 19562 7050 559 -1465
-2970 3002 19834 4589 1344 -223
-2917 2368 19438 2068 1826 756
-3936 1766 18317 -394 1498 1222
-5074 1198 17008 -1681 659 965
-5513 1184 16492 -944 119 423
-5530 1405 16082 987 98 -424
-5330 1904 16073 2861 142 -1580
-5309 2492 16028 4254 20 -2786
-5289 2857 15952 5272 -85 -3704
-5182 3310 15889 6282 -100 -4202
-5009 3776 15556 6889 79 -3988
-4693 4269 15728 6693 -224 -3428
-4152 4738 16076 5942 -715 -2734
-3553 4817 16490 4834 -1044 -2190
-3161 4764 16752 3546 -981 -1719
-2936 4356 16712 2382 -732 -1290
-2985 3622 16366 1767 -529 -876
-2950 3074 16014 1514 -279 -372
-2645 2580 15670 1406 -472 -189
-2686 2066 14876 1277 -867 128
-2938 1508 14337 801 -1394 575
-3244 1276 13624 265 -2257 1174
-3202 1053 13176 -316 -3070 1792
-3217 845 13142 -680 -3579 1873
-3036 554 13165 -1003 -3705 1598
-3138 85 13210 -904 -3306 1031
-3512 -42 13202 -619 -2300 163