-14449 9153 1721 3086 -2810 1695
-14216 8957 1466 2788 -2450 1600
-13972 8758 1173 2862 -2231 1466
-13693 8534 861 3345 -2083 1390
-13452 8356 678 4081 -1921 1309
-13285 8300 640 4965 -1828 1331
-13061 8390 580 5652 -1716 1343
-12913 8465 469 6025 -1636 1366
-12849 8514 392 6163 -1530 1271
-13372 8630 120 6374 -1410 1143
-14353 8749 -245 6807 -1341 932
-15418 8817 -381 7237 -1046 663
-16030 9185 -160 7385 -474 264
-16112 9921 284 7211 432 -411
-15597 10774 972 6676 1607 -1285
-14909 11634 1514 5738 2888 -2095
-14449 12433 1849 4373 3987 -2371
-14028 12636 1901 2862 4613 -2083
-13556 12698 1721 1878 4556 -1285
-13117 12740 1556 1675 3954 -78
-13088 13097 1473 2420 2791 1424
-13434 13706 1517 4354 1488 3302
-13889 14017 2238 6670 228 5364
-14793 14637 3070 8844 -978 7497
-15838 15381 3709 11018 -2533 9469
-16416 16653 4504 13475 -4167 10752
-16465 19278 5854 14846 -4901 11916
-15990 22553 7704 14748 -5220 12755
-14854 26112 9476 13568 -5039 13357
-14032 29804 10808 11947 -4924 14093
-13101 32608 11553 8542 -5530 15604
-12329 32767 11701 3508 -6932 17903
-11950 32767 11968 -1771 -8614 20819
-11701 32767 12397 -5049 -10041 24442
-12045 32767 13390 -6459 -10690 28445
-12621 32767 14718 -7984 -11054 31736
-13632 32767 15382 -10224 -11427 32767
-15001 32767 15202 -12549 -12504 32767
-16424 32767 14208 -14636 -13957 32767
-17584 32767 13108 -17469 -15454 32767
-18392 32767 12057 -20480 -16886 32767
-19333 32767 10802 -22248 -18168 32767
-20232 32767 10089 -23102 -18611 32767
-20697 32767 9377 -24993 -18208 32767
-21108 32767 8340 -27464 -17511 32767
-21453 32767 7261 -30391 -17041 32767
-21481 32767 5849 -32768 -17033 32767
-20854 32767 4840 -32768 -16762 32767
-20564 32767 3782 -32768 -16276 32767
-19948 30624 1936 -32768 -16326 32767
-18621 26740 230 -32768 -16488 32767
-17253 25334 -897 -32768 -16073 32767
-16146 22104 -2241 -32768 -16425 32767
-14525 18529 -3650 -32768 -17940 32767
-12977 16086 -4626 -32768 -18950 32767
-11330 14801 -4676 -32768 -19680 32767
-10316 14194 -4554 -31406 -19218 32767
-9336 11833 -4744 -29171 -18187 32767
-8052 10366 -4878 -26329 -16084 32767
-7105 8544 -5025 -22919 -13797 32767
-6294 6489 -4813 -19427 -12163 32767
-5614 5569 -4321 -16731 -10799 32767
-4900 4506 -3329 -15059 -9493 32767
-5102 3861 -2096 -14796 -8354 32767
-4853 2736 -1380 -15594 -7740 32506
-4360 921 -960 -16606 -7852 30385
-3397 -1710 -1101 -16937 -8223 28075
-2518 -3849 -1086 -15611 -8535 25735
-1692 -6510 -728 -12799 -8960 23382
-1373 -8048 -385 -9133 -9895 21112
-692 -9690 116 -5179 -10542 19335
77 -9796 1092 -1882 -10379 17661
906 -10030 2697 -103 -9545 16313
1872 -10152 4082 482 -8726 14768
2574 -8528 5700 -394 -7457 13110
3244 -8525 6376 -2659 -6840 11285
3656 -8688 6454 -5147 -6866 9774
4221 -9106 6165 -6893 -7692 8332
4498 -9318 6366 -7679 -9665 6673
5300 -14144 3772 -5215 -9834 1785
4504 -15184 5350 -1253 -10861 -536
8804 -19724 2468 276 -5690 -5119
7170 -18120 2538 3967 -1888 -5076
9533 -16020 2712 5827 2132 -4526
8696 -13105 3962 6676 2506 -3732
8828 -10470 5230 5665 2022 -2341
8438 -8840 6118 1733 929 -1295
7836 -8433 6497 -2331 -1069 -1122
7545 -8984 6846 -5357 -3676 -1039
7286 -9517 6716 -7659 -6026 -1209
6773 -11197 5614 -8211 -8218 -1926
6557 -13780 3626 -5354 -10172 -2960
6422 -15900 2082 466 -10968 -4297
6105 -16292 1018 7861 -11071 -6724
5649 -16228 -721 16630 -11289 -10494
6120 -16754 -1936 26615 -10333 -15213
5848 -15904 -2537 32767 -7665 -20277
5622 -13226 -2261 32767 -4614 -25116
4534 -9905 -1957 32767 -1231 -29408
3648 -6641 -641 32767 2300 -32531
2329 -3622 -225 32767 5587 -32768
650 -2033 -428 32767 8295 -32768
-738 -581 -790 32767 10622 -32768
-2450 2685 -1902 32767 11653 -32768
-3389 6013 -2845 32767 11786 -32768
-4412 9105 -4452 32767 11178 -32768
-5520 12749 -6097 32767 10495 -32768
-5853 15072 -7286 32767 9287 -32768
-4914 17006 -7176 32767 8881 -32768
-3198 19112 -5652 32767 9755 -32768
-802 20198 -4062 32767 12642 -32651
313 19764 -2653 30984 16312 -29836
813 20022 -614 21288 19527 -26133
40 20862 2124 9697 21302 -23126
-569 22644 4517 -2913 19862 -21288
585 23414 5974 -13109 16595 -20592
1464 23001 7246 -19859 14718 -21049
1490 23018 8136 -23250 13094 -21307
3024 22508 10956 -25997 12334 -20835
4204 22010 14920 -29342 11839 -19861
5296 20474 17465 -32590 11891 -17632
5313 16593 17757 -31642 14108 -14139
3721 13353 17897 -24001 16032 -12118
3041 11528 19204 -14168 16752 -10172
2480 11942 21384 -7100 16194 -8246
2176 13313 23144 -5091 14813 -6806
2004 15769 25244 -8595 14066 -6493
1722 18813 25689 -16785 13006 -6699
520 19152 24245 -21611 9748 -7580
97 17966 24092 -22421 6763 -9494
520 17228 24097 -23470 5321 -11080
737 15676 25276 -26486 5306 -12049
1445 15572 26294 -31136 6397 -12318
1478 14106 26417 -32768 8290 -12529
684 10150 23546 -32768 8667 -13166
-1226 6252 20906 -32768 7358 -14593
-2625 3408 19104 -31627 4573 -16194
-3488 1182 18893 -22305 2239 -16915
-4070 1994 19358 -13323 1877 -15781
-4238 4981 20477 -7384 2457 -15532
-4542 8186 21220 -6772 3871 -15645
-4345 10666 22301 -8628 6207 -15381
-4525 11556 23202 -12799 7492 -14801
-4838 11154 22776 -16540 5863 -15609
-5653 9888 21286 -17606 3844 -16191
-6721 8600 19862 -15856 3310 -16407
-7469 8881 19076 -13293 2118 -16191
-6796 9396 18872 -9808 1949 -16513
-7844 9360 18105 -6128 2078 -16043
-7685 8957 17452 -2980 6 -15238
-7781 8949 17024 361 -4218 -15997
-7510 8840 16992 4360 -7282 -16911
-7056 9326 17048 8161 -8367 -17315
-6666 10429 17001 10975 -8220 -17601
-6368 11789 16181 11980 -8214 -16903
-6065 12097 15709 11857 -8380 -15848
-5806 12598 15345 11168 -8328 -14551
-5032 13160 14888 10424 -7824 -12966
-4278 12669 14386 9937 -6955 -11183
-3505 12170 14236 8700 -6147 -9092
-2376 12184 14493 7205 -4875 -7193
-1465 11493 15132 5133 -2879 -5174
-1200 10986 15542 2501 -720 -3220
-1716 10262 15534 -29 689 -1632
-2346 8630 15729 -1905 1900 -111
-3318 7450 15148 -3025 2544 953
-4162 6481 14413 -2962 2120 1433
-4257 6193 14002 -2319 1140 1474
-4292 5865 13993 -1436 -207 1170
-4008 5884 14142 -598 -1411 788
-3713 5681 14344 98 -2119 518
-3369 5196 14589 525 -2056 612
-3240 5082 14705 450 -1534 768
-3126 5094 14684 81 -1111 925
-3194 4925 14598 -461 -935 1154
-3133 5013 14473 -1016 -919 1001
-3213 5077 14454 -1099 -898 594
-3192 5109 14376 -640 -748 69
-3228 5113 14268 394 -599 -493
-3240 5120 14340 1753 -307 -886
-3458 5438 14626 2980 0 -1033
-3546 5944 14893 3413 164 -829
-3452 6324 15180 2952 178 -222
-2948 6410 15632 2018 207 515
-2361 6232 16349 623 369 1336
-1509 5613 17078 -785 925 1996
-1625 5700 17544 -2525 1772 2237
-4261 6645 16061 -2993 1898 929
-5178 4341 15073 -1465 1488 101
-4969 3737 14900 835 2117 -306
-4530 4354 15165 3510 2281 -968
-3661 5162 15976 5725 2292 -1482
-3880 6314 16448 6384 2129 -1724
-4120 6397 17080 5783 1600 -1465
-3402 6348 18169 4114 1802 -609
-3014 6621 18396 2028 2579 50
-2908 6632 17969 229 2995 317
-3606 6460 17306 -759 3040 59
-4980 6282 16554 -475 2429 -637
-6122 6054 15840 914 1480 -1453