4202 -4708 3534 -7401 -8172 14978
5134 -9381 4152 -5102 -9666 10247
2753 -15758 2245 2310 -9466 4355
6401 -19301 1500 7088 -4614 -152
5865 -16176 2853 10655 123 -585
7217 -12693 4714 9168 3312 -2071
6801 -9749 5505 5577 4775 -2408
7386 -8402 6094 671 4439 -2051
8105 -9600 5738 -3277 2924 -2136
7924 -11042 5464 -4863 1528 -2268
8244 -11630 5216 -4768 249 -2519
8254 -11909 4620 -3285 -1038 -3732
8346 -13133 3270 361 -1598 -5460
7889 -13958 1288 5823 -3257 -6583
8750 -15781 -809 13928 -6024 -9159
9245 -15669 -3025 23518 -7279 -12381
9940 -13678 -4138 31465 -6224 -16140
9868 -12612 -3834 32767 -5878 -20988
9208 -10617 -2353 32767 -5194 -25021
9184 -7625 -808 32767 -3593 -27442
8258 -5038 752 32767 -1654 -30845
8324 -2352 2778 32767 1004 -32768
7482 1968 4669 32767 4068 -32768
6085 4785 5065 32767 5387 -32768
3521 6466 3965 32767 5107 -32768
1604 6388 2077 32767 2739 -32768
-1961 7124 -1088 32767 -714 -32768
-4258 8561 -3684 32767 -4982 -32768
-3644 9922 -4773 32767 -9517 -31787
-2092 12098 -3882 32767 -13216 -28535
1257 14284 -1853 32767 -14453 -25718
4676 15798 268 32767 -12336 -24004
6525 16448 3433 32021 -8892 -21605
7208 17158 5869 22511 -3855 -19802
6526 16100 6460 9829 300 -18678
5056 13720 4986 -935 1835 -19263
3832 10762 2718 -7137 1013 -20706
3228 8610 436 -8250 -925 -23289
3144 8081 -686 -5697 -2799 -25378
3528 8608 -966 -1397 -3569 -27167
3720 10028 -205 2270 -3189 -28914
4582 11769 1452 4113 -1547 -30337
5408 12798 3648 3586 -455 -30799
6600 13796 5210 1429 -282 -30541
5753 15268 5468 -1198 -1030 -29708
4361 17989 5261 -3803 -2482 -28903
4678 19693 4962 -5567 -1120 -29097
4700 19773 4944 -8217 -1353 -30212
4373 18969 5740 -12130 -1583 -29984
4034 21490 6568 -16514 -2102 -27917
3188 29369 8608 -22311 -3168 -26327
4397 32767 11093 -31428 -2444 -24123
7537 32767 12736 -32768 -258 -20316
10396 31181 13390 -32768 2749 -14286
11380 25170 13564 -32768 7922 -9452
10310 21517 14553 -32768 12730 -6675
7329 20630 17188 -32768 16839 -5824
3592 21205 20113 -31899 18398 -6837
457 21853 22520 -25920 16510 -7959
-1322 22470 24356 -21764 12988 -8237
-1852 20773 25658 -18708 11182 -6961
-3000 19321 26196 -16877 10612 -3906
-4484 18132 25300 -15891 8282 -3224
-5138 17037 24564 -15838 5531 -4119
-5720 16428 23149 -16991 3726 -5470
-6017 16697 21637 -18386 1734 -7341
-5577 17694 20169 -19741 845 -8356
-5581 18136 18485 -20858 1068 -7738
-4550 16525 17080 -20924 2574 -5111
-2494 14714 16965 -20549 4363 -2882
-1185 13526 17641 -19348 6134 -1275
-416 13246 18893 -19124 8275 749
-1306 12650 19085 -19384 9617 2118
-3140 12533 18345 -19842 9303 2664
-5276 11702 17102 -19927 6991 2221
-6777 10920 15465 -18395 3676 925
-7661 10924 13902 -14674 1044 -618
-7638 10689 12792 -9483 -113 -2295
-6982 11394 12108 -3657 632 -3647
-6816 12482 11773 2364 2198 -4437
-7317 13396 11482 7091 3455 -4766
-8402 14972 12732 5519 3871 -4706
-9561 17202 14369 -1996 1377 -3468
-8762 13921 12661 -6767 -2500 -2462
-7409 10129 10734 -5026 -5232 -1244
-6650 9702 9801 -1464 -6284 -251
-5897 9325 9380 344 -6220 -312
-4876 8124 9629 1138 -4861 -736
-4050 7482 9852 1891 -2663 -1432
-3922 7392 10469 2944 -138 -2356
-3188 8054 11502 3738 1837 -3087
-2922 8284 12273 3098 2442 -3434
-3084 8596 12824 1934 2367 -3402
-3129 8901 13008 611 2244 -3079
-2680 9141 13170 -707 1710 -2998
-2498 8528 12824 -1288 1139 -2870
-1990 8121 12936 -800 935 -2865
-1665 8141 13146 390 941 -3184
-1646 8046 13338 1474 1157 -3306
-1762 8241 13488 2411 1270 -3422
-2034 8130 13508 3364 1277 -3317
-2552 8205 13518 3992 1385 -2919
-2972 8490 13686 4486 1247 -2544
-3192 8934 13828 4830 793 -2508
-3206 9000 14125 4874 267 -2716
-3125 9350 14536 4981 30 -3202
-3116 9429 14836 5260 270 -3709
-3338 9368 15105 5643 942 -3994
-3658 9465 15300 6118 1527 -4147
-4092 9541 15426 6486 1561 -4165
-4817 9026 15638 6655 1388 -3756
-5353 8973 15465 6620 552 -3137
-4361 9476 15861 6546 -293 -3102
-4138 9832 15954 6266 -1248 -3612
-3353 9414 16036 5831 -2003 -4107
-2541 9045 15766 6132 -2502 -4388
-1852 8506 15914 6729 -2175 -4237
-1444 8897 16220 6626 -1358 -3910
-2880 10750 15752 5528 -1053 -4419
-6514 12218 13953 4949 -1376 -6061
-7521 11852 13233 5817 -1831 -7112
-8713 12282 12146 7653 -1766 -7767
-8068 11929 12098 9968 -1177 -7653
-6777 12897 12496 11137 -582 -6908
-5606 13976 13186 9976 311 -6045
-4546 14972 14318 6950 2208 -5180
-4844 15813 15136 2868 4783 -4774
-6080 15905 15040 -841 6899 -4797
-6936 14428 14620 -2657 8106 -4582
-7133 13920 14448 -2489 8819 -4441
-6997 13230 14745 -661 9101 -4300
-7426 12486 14986 1052 8361 -3902
-7897 12170 15112 2580 7028 -3513
-8338 11836 14974 3706 5680 -3121
-7997 11630 14804 4362 4584 -2942
-7277 11254 14468 4624 3601 -2892
-6364 10636 14117 4627 2568 -2836
-5388 10301 13977 4532 1821 -2808
-4357 9982 14202 4433 1769 -2761
-3586 10277 14057 4307 1717 -2828
-2998 10429 13714 4226 1451 -3002
-2789 10914 13421 3919 1019 -2929
-2557 11504 13174 3304 671 -2602
-2532 12161 13109 2399 438 -2150
-2477 12684 12952 1362 522 -1662
-2548 12746 12737 304 400 -1398
-2750 12490 12457 -296 122 -1172
-2994 12354 12294 -343 -55 -975
-3460 12432 12274 -104 -35 -820
-3949 12620 12180 356 92 -854
-4404 13001 12120 837 380 -1011
-4829 13316 12226 1027 895 -1133
-5174 13529 12306 1058 1545 -1066
-5614 13520 12432 1014 2020 -792
-6000 13301 12640 629 2398 70
-6230 13352 12920 -287 2286 1058
-6226 13114 12872 -1239 1387 1361
-5942 12338 12658 -1228 414 1350
-5940 11978 12462 -398 -200 1214
-5821 11829 12273 892 -425 1013
-5650 12114 12268 2281 -134 893
-5345 12876 12604 3073 535 800
-4870 13848 13210 3003 1425 842
-4545 14517 13765 1886 2397 1300
-4432 15046 14172 156 3554 2100
-4672 15165 14522 -1853 4475 2982
-4933 14886 14428 -3575 5117 3863
-7608 15553 13626 -4122 5565 3804
-9708 14258 13374 -3580 5864 3514
-9669 13514 13852 -2574 6030 3260
-9624 13712 13782 -1641 5807 2691
-8822 13049 14202 -592 5601 2382
-8422 13873 14210 5 4713 2105
-8060 14432 13877 -602 3087 1994
-6722 13742 13316 -1374 1714 2562
-7156 12650 12301 -1510 874 3838
-5670 13018 11908 -1133 146 4199
-6150 13260 11142 -988 -309 4136
-6573 13378 10286 -2138 -1700 3699
-6693 13264 9648 -2481 -2511 3008
-7049 13038 9298 -2199 -2114 2534
-6930 13466 9340 -1315 -665 2130
-7008 14056 9362 -203 1089 1729
-7244 14688 9132 182 2352 1564
-7280 14996 8926 127 3002 1570
-7725 15192 8720 -421 3098 1860
-7672 14902 8774 -1066 3155 2310
-7284 14512 8822 -1666 3540 2773
-6828 14044 8724 -2166 4100 3237
-6542 13282 8530 -2656 4375 3602
-6445 12506 8176 -2986 4161 3899
-6409 11624 8006 -2934 3762 4348
-5938 10753 8284 -2291 3648 4881
-5581 10341 8273 -1552 3609 5118
-5128 10148 8358 -1002 3585 5167
-4933 10092 8573 -733 3517 5021
-4862 9890 8945 -990 3437 4683
-4992 10289 9477 -1875 3433 4102
-5208 10310 9850 -2943 3527 3464
-5637 10149 10150 -3333 3774 2902