-14938 8244 1533 1893 2066 1656
-14739 8559 999 2767 1967 1483
-14695 8748 587 4291 1952 1432
-14621 8989 317 6152 1815 1540
-14418 9420 42 7914 1298 1499
-14492 10126 -121 9618 952 1543
-14377 10625 -152 10945 808 1799
-14432 11328 -308 11478 735 2266
-14333 11897 -490 11556 657 2880
-14344 12482 -414 11256 870 4096
-14246 12991 -100 10563 1274 5563
-14498 13542 -98 9849 1388 6425
-14597 14275 -562 9217 1317 7278
-15144 15244 -1412 8952 1281 8475
-16034 16262 -2304 8623 1251 9545
-16852 17333 -2528 8131 1374 10172
-16816 18862 -2342 7050 1117 10059
-15721 20282 -1910 5538 669 9589
-14600 21268 -1806 3397 656 9502
-13371 21902 -2260 -344 850 9591
-12421 22260 -3029 -5380 967 10283
-11868 22014 -3666 -9658 1018 11368
-11376 21523 -4575 -13746 1391 13345
-11108 20698 -5056 -16349 2145 15739
-11125 19929 -5350 -17001 3201 17671
-10873 19746 -5136 -16334 4950 19263
-11197 20372 -5062 -15649 7265 20706
-11470 22033 -4784 -15514 10755 22143
-11841 22512 -4752 -15766 14028 22624
-12248 22302 -5172 -15840 15572 23163
-12494 22470 -5632 -15222 16716 23728
-12644 22590 -6157 -14459 16910 24635
-12857 23478 -6361 -13706 16896 25993
-12976 24921 -6304 -13752 16490 27306
-12776 26056 -5880 -13760 16377 27883
-12587 27564 -5672 -14399 16145 28370
-11465 30330 -4774 -15569 16999 29322
-10558 31390 -4194 -17620 17882 30477
-9938 30541 -4050 -19625 18488 32317
-8877 29085 -3604 -20289 17788 32767
-7508 28302 -2944 -19019 16622 32767
-7052 28782 -2366 -17567 15761 32767
-6469 29601 -1478 -15698 14968 32767
-5821 30600 -265 -14244 14230 32767
-5456 31684 564 -14054 14267 32767
-4982 32716 1462 -15160 14716 32767
-4696 32767 2304 -17982 15398 32767
-4442 32767 2988 -20809 15481 32767
-4006 32767 3924 -23982 15130 32767
-4034 31358 4760 -26667 13599 32767
-3694 30020 5628 -27517 12282 32767
-3370 28869 6562 -28161 10772 32767
-3285 26874 7301 -28371 8794 32767
-3277 25076 7658 -28329 7025 32767
-3346 23122 7896 -27938 5119 32767
-3332 22388 8540 -27495 3091 32767
-3722 20556 8638 -27992 510 32767
-3837 18254 8185 -28261 -2741 32767
-3902 16420 8016 -27700 -6101 32767
-3306 14669 8022 -26388 -8591 32767
-2489 12829 7758 -24558 -9774 32767
-1593 11172 7644 -22394 -9993 32767
-1118 9384 6962 -20294 -9702 32767
-476 8133 6077 -17945 -8193 32767
-424 7573 5350 -16207 -6935 32767
-594 6676 4288 -15064 -6482 32767
-1018 5470 3073 -14302 -6210 32767
-984 4557 2200 -13597 -5867 32767
-541 3828 1962 -12998 -5646 32629
-192 2584 2114 -12408 -4981 30607
-448 1262 2598 -11978 -3692 28225
-364 -593 2244 -10965 -2255 26136
-405 -2030 1985 -9239 -1167 24005
-534 -2973 2158 -7252 -772 21936
-442 -3769 2790 -5381 -1057 19993
-284 -4301 3720 -3893 -1771 17909
66 -4216 4650 -2611 -2212 15780
524 -4452 5557 -1486 -2650 13913
602 -4964 6276 -780 -2944 12436
700 -5281 7064 -673 -3591 11364
1221 -5512 7921 -1189 -4337 10395
1486 -5560 8138 -1824 -5272 9713
1300 -6717 7149 -1230 -7932 9157
764 -13089 7797 2585 -11481 2607
-1480 -20838 2808 8576 -9473 -3852
2408 -19444 2522 17916 -7458 -4200
2513 -12362 5756 18238 -6428 -3377
3180 -10305 5344 15119 -5477 -4977
3842 -7709 5788 10766 -6238 -4658
4292 -8718 4656 7469 -8973 -5756
3573 -8462 4088 5827 -12474 -5298
3761 -8304 3110 6528 -15032 -5438
4012 -10194 1626 10351 -16783 -6840
4226 -12016 428 16490 -16701 -8557
4705 -12693 -421 22793 -15204 -10934
4702 -11984 -1142 29500 -12833 -14362
4412 -11482 -1796 32767 -9665 -18363
3824 -10244 -2438 32767 -6140 -23070
2720 -7981 -3154 32767 -3286 -27171
1662 -6140 -3602 32767 -949 -30701
225 -4057 -4328 32767 114 -32677
-949 -2213 -4689 32767 538 -32768
-1816 -170 -5094 32767 742 -32768
-2360 1840 -5721 32767 1047 -32768
-3085 4484 -6332 32767 1387 -32768
-3302 7752 -6788 32767 1439 -32768
-3320 10120 -7044 32767 1411 -32768
-3280 11553 -6836 32767 1267 -32768
-2942 12333 -6176 32767 999 -32768
-2321 12822 -5566 32767 988 -32768
-2262 12741 -5641 32767 967 -32768
-2926 12274 -6632 32767 822 -32768
-2772 11594 -8269 32767 1108 -32768
-3224 13321 -9428 32767 2221 -32768
-3545 16842 -9238 32767 3188 -32768
-2690 20369 -7316 31844 4462 -32768
-1973 23970 -4634 29368 6857 -32768
-1786 28092 -1996 26380 9968 -32768
-1120 30288 921 21158 12076 -32768
-442 30934 752 15398 12556 -32768
-326 30653 217 12227 12342 -32768
325 31657 1582 8780 10415 -32403
928 32767 2825 4365 8072 -30271
274 32767 3789 -1123 4927 -28836
-768 32767 2013 -4752 1258 -28041
-2686 32767 492 -6343 372 -28323
-4392 32767 1793 -9586 -539 -29116
-5537 32767 4072 -15187 -3274 -29929
-7060 32767 6793 -24747 -6776 -30548
-7549 32767 9653 -32768 -7428 -31601
-6353 32767 10414 -32768 712 -32296
-6066 32767 9448 -32768 8596 -32768
-7890 27742 4650 -32768 9072 -32768
-10054 19764 3940 -32768 6416 -32768
-12629 17118 6586 -31762 2986 -32674
-13768 17864 8928 -24031 -1304 -26436
-13624 20774 9977 -18586 -4330 -19581
-14050 21653 11862 -15657 -3483 -18445
-13105 22350 10392 -9155 -152 -17517
-14624 18346 9968 -7962 831 -13959
-13818 18129 8890 -9785 -3569 -15539
-13981 17816 8296 -10554 -7926 -16102
-13901 18757 9008 -10171 -8657 -16004
-13154 20537 8884 -10541 -7790 -15996
-12258 20536 8765 -11609 -5427 -14980
-11706 18388 8206 -12847 -3464 -12562
-11966 16437 7741 -12827 -3368 -10723
-11582 15740 7941 -11509 -3805 -9270
-11080 15366 8482 -9715 -3665 -7292
-10281 14965 9200 -8191 -2844 -5416
-9858 14605 9026 -7077 -2644 -3656
-9677 13760 9276 -6412 -3079 -2388
-9730 13161 9320 -5989 -3621 -1385
-9813 12109 9465 -5984 -4266 -363
-9737 11216 9506 -5439 -4762 418
-9890 10277 9789 -4884 -5617 761
-9550 10126 9462 -3734 -6621 649
-9458 9654 9198 -2237 -7228 305
-8989 9520 9192 -536 -7113 -28
-8882 9785 9273 1149 -6557 -369
-8954 10100 9684 2470 -6309 -743
-9004 10310 10448 3021 -5446 -809
-9286 11257 10882 2265 -4108 -844
-9634 11574 10998 843 -2992 -722
-10054 11600 11017 -436 -2420 -804
-10361 11469 10960 -1153 -2015 -977
-10584 11480 11041 -1046 -1263 -1352
-10905 11612 10940 -154 -430 -2006
-11024 11529 10998 1194 194 -2608
-11170 11610 11234 2666 480 -3117
-11072 11645 11428 3696 499 -3074
-10836 11681 11545 4169 196 -2410
-10337 11585 11882 4125 -364 -1487
-9996 11532 12509 3352 -1171 -551
-11568 12532 11897 2509 -2325 -643
-14826 13169 9870 3075 -4052 -1461
-14901 11822 9521 4726 -5250 -1591
-14832 12164 9200 7001 -5148 -2078
-14549 12236 9362 9438 -4162 -2184
-13340 12466 9862 10402 -3139 -1962
-12532 12934 10572 9342 -2322 -1566
-11333 12692 11304 6792 -1444 -626
-10188 12500 11861 3383 -942 62
-9278 12420 11936 194 -875 309
-9598 12022 11485 -2140 -768 212
-10550 11709 10545 -3470 -845 -134
-11353 11050 9696 -3156 -1015 -509
-11742 10269 9097 -1457 -1188 -784
-12044 10069 8920 978 -1338 -1041
-12357 10161 8942 3281 -1466 -1186
-12464 10380 8830 4897 -2002 -1243
-12190 10010 8642 5971 -2867 -854
-11698 9760 8506 6295 -3895 -236
-10986 9688 8562 6468 -4831 172
-10120 9570 8612 6662 -5453 415
-9333 9210 8512 6740 -5888 480
-8796 8729 8409 6550 -6370 317
-8290 8602 8309 6480 -6661 -45
-7733 8708 8226 6592 -6414 -404
-7500 9040 8221 6500 -5769 -689