-11706 13684 2268 -2940 -4057 -490
-11620 13769 2253 -3382 -3773 -581
-11369 13262 2106 -3386 -3117 -614
-12150 13701 2382 -3143 -3609 -909
-11877 13718 2221 -2459 -3440 -896
-12066 13996 2116 -1330 -2921 -952
-11724 13874 1756 73 -1817 -1232
-12138 13773 2184 1413 -1373 -1453
-12080 13996 2318 1840 -527 -1305
-12669 13912 2641 1445 -524 -1069
-12532 13616 2641 638 -454 -655
-12660 13309 2481 73 -671 -334
-12542 13210 2260 -388 -952 -121
-12229 13132 2330 -624 -1238 25
-12248 13706 2328 -706 -1455 -7
-12242 13954 2382 -590 -1513 -262
-12053 14093 2404 -280 -1447 -575
-12041 14013 2605 173 -1338 -957
-12061 13598 2804 484 -878 -890
-12132 13569 2913 491 -378 -569
-12225 13533 3128 225 -4 -386
-12288 13522 3241 -202 104 -360
-12298 13693 3192 -732 48 -473
-12197 13922 3181 -1207 32 -600
-11997 13882 3061 -1314 129 -662
-11945 13918 2861 -1081 388 -698
-11941 13614 2800 -528 666 -779
-12108 13497 2797 -61 824 -832
-12230 13345 2670 330 753 -826
-12321 13340 2806 394 822 -762
-12344 13152 2869 63 900 -604
-12302 13092 2804 -373 811 -347
-12234 13073 2704 -864 634 -123
-12101 13130 2660 -1202 586 -6
-12124 13288 2588 -1495 553 -39
-12084 13498 2532 -1729 539 -37
-12045 13476 2374 -1884 645 106
-12124 13258 2382 -1709 630 149
-12208 13308 2273 -1507 509 161
-12168 13429 2242 -1503 388 291
-12220 13440 2294 -1537 271 421
-12158 13632 2508 -1503 275 399
-12290 13840 2665 -1654 446 362
-12360 13964 2889 -1993 690 233
-12200 13966 2753 -2227 957 143
-12098 13757 2705 -2207 1244 170
-12089 13642 2390 -2056 1409 195
-12120 13589 2178 -1752 1525 184
-12025 13498 2085 -1451 1625 229
-12022 13382 2012 -1304 1640 301
-12064 13284 2049 -1225 1536 478
-12157 13296 2065 -1226 1333 553
-12117 13317 2124 -1280 1103 639
-12200 13373 2105 -1380 849 752
-12224 13314 2118 -1375 593 868
-12129 13453 1952 -1178 362 858
-12113 13632 1986 -694 212 826
-12172 13737 2068 -203 173 795
-12222 13880 2213 17 243 824
-12318 13908 2349 -73 242 722
-12321 14022 2398 -297 216 614
-12290 13870 2293 -496 70 567
-12157 13801 2212 -454 -46 478
-12212 13820 2074 -427 -181 413
-12308 13742 2045 -514 -242 398
-12298 13684 2070 -642 -304 240
-12406 13540 2146 -731 -249 114
-12566 13714 2257 -1063 -289 -238
-12312 13616 2240 -1136 -142 -328
-12313 13684 2261 -1074 -35 -432
-12293 13769 2265 -1121 65 -441
-12332 13636 2233 -1009 17 -364
-12310 13506 2097 -714 -61 -278
-12245 13458 2188 -512 -151 -195
-12233 13354 2158 -368 -255 30
-12256 13185 2072 -246 -469 147
-12253 13242 2212 -226 -774 243
-12084 13302 2289 -317 -891 338
-12086 13361 2340 -416 -1007 370
-12088 13508 2418 -400 -1117 319
-12130 13621 2408 -262 -1051 234
-12113 13737 2638 -73 -1017 155
-12129 13726 2686 89 -977 109
-12117 13766 2796 160 -728 110
-12120 13789 2841 187 -594 34
-12072 13666 2720 206 -508 5
-12081 13574 2684 208 -456 -32
-12050 13504 2565 205 -498 -62
-12061 13634 2628 192 -573 -123
-12054 13672 2642 188 -714 -186
-12028 13686 2698 115 -587 -165
-12090 13602 2763 8 -400 -87
-12058 13592 2770 44 -313 -57
-12101 13715 2760 10 -226 -119
-12108 13796 2788 40 -281 -206
-12048 13812 2769 84 -364 -247
-12021 13738 2733 119 -386 -293
-12032 13648 2810 218 -417 -301
-11958 13514 2842 391 -437 -239
-11990 13535 2954 370 -406 -140
-12017 13510 3034 71 -519 -81
-11978 13641 3050 -171 -561 -78
-11931 13783 3055 -397 -494 -146
-11961 13809 2936 -342 -350 -199
-12005 13760 2967 -184 -208 -225
-11969 13656 2869 52 35 -198
-12050 13606 2904 129 192 -221
-12012 13597 2889 87 200 -210
-12074 13609 2905 -13 -97 -164
-12040 13712 2880 -138 -243 -148
-12084 13713 2936 -265 -201 -195
-11957 13674 2958 -311 -122 -176
-11949 13617 2921 -331 4 -163
-11994 13613 2865 -382 159 -196
-12072 13678 2933 -467 193 -203
-12024 13566 2868 -495 209 -208
-11998 13622 2866 -468 274 -213
-12048 13590 2841 -443 350 -190
-12069 13596 2832 -372 398 -195
-12049 13606 2962 -218 398 -174
-12104 13625 2989 -179 384 -147
-12040 13672 3060 -192 377 -83
-12064 13600 2933 -281 390 -100
-12060 13509 2910 -346 413 -91
-12041 13492 2864 -409 450 -75
-12054 13613 2938 -475 422 -107
-12065 13589 2929 -459 327 -97
-12106 13602 2982 -465 265 -99
-12149 13596 3000 -431 249 -139
-12193 13677 2993 -425 315 -176
-12148 13728 3050 -505 450 -240
-12114 13678 3113 -656 525 -284
-12101 13597 2973 -701 575 -324
-12050 13570 3073 -683 642 -286
-12068 13582 3158 -738 581 -367
-12126 13634 3152 -931 516 -361
-12092 13630 3176 -1069 511 -410
-12070 13618 3217 -1075 473 -428
-12084 13576 3210 -1126 468 -401
-12138 13414 3145 -1183 418 -374
-12076 13336 3113 -1231 420 -305
-12036 13290 3068 -1307 485 -218
-12000 13249 3105 -1372 562 -172
-12057 13322 3009 -1513 585 -155
-12136 13342 3069 -1564 525 -184
-12154 13332 2981 -1480 515 -153
-12121 13436 3022 -1274 533 -143
-12226 13496 3046 -1154 553 -164
-12312 13509 3194 -1095 477 -174
-12302 13570 3216 -1078 474 -191
-12273 13568 3234 -1093 491 -175
-12200 13428 3097 -1060 486 -203
-12137 13350 3265 -1075 466 -139
-12125 13317 3233 -983 464 -167
-12074 13285 3300 -979 488 -135
-12185 13348 3345 -984 532 -138
-12290 13525 3346 -1140 574 -214
-12333 13606 3333 -1303 603 -257
-12304 13532 3254 -1397 606 -354
-12261 13461 3094 -1391 580 -378
-12208 13244 2898 -1241 542 -383
-12209 13004 2898 -985 479 -339
-12136 12940 2818 -740 462 -239
-12129 12913 2833 -491 441 -113
-12188 12996 2985 -341 329 -44
-12161 13212 3134 -362 278 12
-12225 13345 3389 -490 264 28
-12166 13502 3368 -542 316 -31
-12138 13610 3465 -646 313 -77
-12164 13648 3396 -727 326 -116
-12197 13497 3328 -775 316 -154
-12158 13317 3229 -656 390 -123
-12134 13260 3178 -456 438 -93
-12118 13270 3176 -344 547 -8
-12152 13322 3246 -346 627 6
-12124 13449 3389 -467 642 36
-12086 13421 3370 -611 660 55
-12074 13452 3400 -774 707 88
-12085 13422 3313 -805 728 130
-12177 13377 3222 -739 705 96
-12210 13318 3141 -662 672 47
-12192 13348 3122 -608 636 27
-12221 13317 3113 -513 624 14
-12242 13368 3168 -360 605 2
-12212 13404 3234 -328 492 27
-12181 13412 3308 -363 466 52
-12158 13457 3388 -426 441 42
-12114 13436 3296 -544 443 75
-12132 13417 3394 -645 496 77
-12106 13349 3337 -664 529 73
-12124 13284 3378 -543 532 88
-12128 13393 3341 -586 609 68
-12092 13385 3394 -614 655 95
-12078 13413 3496 -650 662 116
-12101 13453 3502 -687 679 111
-12144 13452 3513 -789 663 109
-12124 13380 3484 -891 664 110
-12193 13306 3445 -977 669 110
-12173 13325 3377 -1009 708 105
-12185 13316 3337 -1008 730 98