-12122 13514 3302 -773 801 39
-12117 13436 3293 -760 800 76
-12124 13425 3201 -804 777 119
-12140 13336 3090 -823 685 129
-12187 13393 3091 -843 553 126
-12199 13437 3173 -784 503 134
-12184 13518 3186 -726 527 136
-12189 13519 3336 -712 560 121
-12180 13550 3334 -660 591 69
-12125 13569 3237 -632 578 70
-12148 13485 3240 -704 571 74
-12097 13382 3205 -732 550 53
-12093 13338 3176 -709 584 72
-12164 13322 3102 -658 549 90
-12157 13418 3151 -661 548 80
-12217 13456 3177 -665 526 89
-12193 13428 3142 -586 539 87
-12150 13404 3133 -490 505 80
-12196 13350 3089 -477 537 71
-12200 13360 3133 -478 563 53
-12174 13288 3122 -504 607 81
-12161 13276 3089 -525 674 112
-12134 13296 3084 -528 772 107
-12146 13309 3064 -568 957 147
-12417 13239 3115 -564 973 158
-12737 13312 3110 -436 954 147
-12877 13437 3120 -562 686 53
-12979 13345 3068 -520 224 2
-12984 13047 2865 -487 50 -46
-12973 12897 2667 -408 -162 70
-12957 12850 2470 -333 -405 171
-13032 13004 2358 -276 -583 281
-12929 13043 2468 -144 -787 270
-13033 13124 2689 28 -1095 310
-12863 13019 2952 142 -1424 399
-12664 12874 3132 297 -1658 540
-12463 12826 3143 573 -1825 628
-12287 12639 3469 955 -1803 621
-12241 12454 3733 1221 -1834 541
-12230 12607 3780 1236 -1814 353
-12172 12563 3984 1214 -1843 274
-12117 12480 4106 1220 -1951 392
-12085 12506 4202 1191 -2170 615
-12025 12642 4217 1175 -2460 801
-11929 12714 4258 1276 -2621 966
-11829 12690 4269 1436 -2542 1097
-11760 12789 4280 1559 -2351 1165
-11652 13116 4417 1638 -2102 994
-11510 13357 4510 1600 -1789 842
-11606 13454 4480 1483 -1424 649
-11508 13325 4464 1529 -1210 466
-11573 13210 4426 1542 -925 360
-11613 13010 4209 1640 -735 207
-11684 12876 4222 1759 -579 238
-11857 13020 4130 1849 -629 195
-11817 13157 4033 1958 -744 286
-11925 13249 4113 2075 -870 437
-12016 13584 4068 2081 -890 622
-12129 14017 4056 1828 -923 679
-12189 14306 4116 1533 -1028 594
-12094 14344 3956 1082 -848 493
-12044 14102 3529 924 -595 250
-12050 13709 3234 1016 -147 -63
-12185 13342 2793 1297 243 -300
-12474 13080 2432 1530 556 -344
-12808 13048 2060 1463 608 -219
-13206 13141 1780 1229 370 -5
-13436 13401 1780 1038 -176 198
-13496 13705 1718 971 -838 206
-13326 14089 1853 982 -1391 186
-12918 14260 2318 1162 -1839 32
-12525 14321 2860 1630 -2155 -123
-11968 14276 3788 2214 -2350 -296
-11606 14046 4576 2674 -2376 -451
-11049 14090 5032 2920 -2340 -655
-10666 14130 5294 2847 -2235 -853
-10450 14021 5300 2641 -2128 -927
-10516 13776 5145 2268 -2128 -904
-10874 13533 4772 1378 -2151 -727
-11192 12997 4024 481 -2214 -647
-11656 12450 3322 42 -2283 -483
-12008 12017 2482 80 -2386 -277
-12400 12253 1628 285 -2509 -98
-12532 13060 990 466 -2639 -7
-12721 13682 694 569 -2806 -13
-12614 14024 705 623 -2991 -208
-12538 14198 834 766 -3049 -328
-12137 14456 964 709 -3203 -512
-11422 14728 886 609 -3359 -604
-11054 14638 937 755 -3649 -598
-10970 14304 1117 943 -4208 -459
-10972 14082 1292 1257 -4823 -145
-10902 14194 1496 1731 -5048 35
-10892 14509 2181 2313 -5041 226
-10626 15122 3074 2206 -5058 428
-10588 15789 3729 1851 -5013 406
-10272 16322 4396 1467 -4779 282
-10060 16733 4846 1274 -4469 60
-9792 16680 5024 1387 -3962 -227
-9546 16153 5074 1618 -3229 -467
-9710 15782 5052 1844 -2592 -720
-9749 15477 4966 1931 -2116 -840
-9534 15192 4892 2034 -1765 -808
-9609 14966 4861 1889 -1403 -752
-9753 14753 4790 1469 -1218 -684
-9960 14585 4680 984 -1282 -604
-10080 14666 4733 298 -1396 -504
-9962 14972 5114 -400 -1368 -410
-9777 15006 5456 -588 -1303 -468
-9448 15020 5814 -132 -1480 -291
-9281 15092 5949 157 -1469 -61
-9476 14662 5826 765 -1562 46
-9621 14766 5828 1305 -1951 30
-9629 14980 5990 1487 -2141 -136
-9765 14861 6152 1638 -2065 -138
-9996 14781 6370 1485 -2041 -240
-10076 14245 6525 1317 -2113 -275
-10252 14134 6444 1066 -2249 -197
-10320 13945 6329 922 -2452 -183
-10409 13629 6212 873 -2792 -158
-10440 13712 6061 722 -2926 -132
-10378 13678 6182 695 -2963 -37
-10329 13618 6420 782 -3030 64
-10294 13572 6685 925 -3243 212
-10449 13537 6800 1003 -3533 258
-10342 13750 7010 743 -3967 164
-10132 13900 7098 602 -4188 67
-10061 13928 7237 496 -4352 0
-9757 13894 7340 456 -4462 -100
-9408 14005 7593 440 -4336 -189
-9196 14306 7916 222 -4092 -296
-9146 14241 7900 3 -3790 -403
-9256 14433 7849 -381 -3491 -453
-9318 14268 8074 -723 -3070 -524
-9434 14753 8198 -1263 -2717 -759
-9572 14785 8250 -1729 -2669 -1125
-9525 14541 8294 -1899 -2631 -1413
-9452 14517 8293 -1972 -2369 -1640
-9237 14253 8286 -1631 -1965 -1879
-9264 14000 8288 -1141 -1715 -2175
-9408 13524 8197 -557 -1618 -2351
-9365 13328 8164 -134 -1377 -2404
-9436 13252 8092 23 -1225 -2476
-9461 13196 7894 41 -1250 -2540
-9526 13229 7746 -11 -1239 -2683
-9708 13336 7566 -278 -1268 -2843
-9173 14286 6902 -794 -1093 -2876
-8608 14126 6661 -427 -757 -2961
-9521 12144 7018 1061 -821 -2919
-10266 13496 7373 1313 -440 -2696
-10314 14242 8130 582 310 -2620
-10577 14409 8294 -322 846 -2783
-11402 13964 8013 -1087 983 -3001
-12474 13493 7001 -2170 550 -3060
-12642 14334 5464 -4056 722 -2805
-12397 14610 4145 -4832 1070 -2497
-12352 14986 3013 -4473 1304 -1818
-12521 14846 2217 -3534 1554 -1012
-12902 14750 2446 -2136 1616 -29
-13605 14205 3197 -442 1543 874
-13934 14561 4486 573 1439 1637
-13928 15564 5884 339 1267 2027
-13794 16024 6800 -764 911 2123
-13690 16004 7344 -2081 472 2175
-13594 15638 7870 -3032 145 2119
-13174 15120 8334 -3656 178 1842
-12773 14582 8234 -4233 452 1434
-12457 14358 7762 -4856 725 1104
-12004 14146 6692 -5740 1267 1029
-11629 13436 5568 -6154 1493 701
-11268 12813 4592 -5963 1317 188
-10648 12532 3661 -5631 1515 -250
-10093 12096 3002 -4875 1850 -735
-9664 11726 2413 -3758 2219 -1144
-9422 11597 2033 -2501 2773 -1531
-9416 11436 1916 -1571 2923 -1764
-9440 11102 1902 61 3160 -2010
-9719 10394 2296 2946 3261 -2142
-10101 9984 2805 5352 3053 -2031
-10777 10287 3523 7482 2763 -1409
-11518 11054 4354 9097 2235 -355
-12203 11993 5212 10387 1340 789
-12414 13008 5889 11179 849 754
-12560 13581 5862 11017 2191 -475
-13026 14244 5570 12064 5894 -1172
-13306 16130 5508 13739 8077 -462
-13749 16128 4988 14444 8435 -595
-14576 17034 4854 13331 7765 -73
-15072 17169 4610 9978 6217 745
-15009 16157 4569 5910 4224 1476
-14554 14904 3986 2447 2107 1416
-13480 13810 3297 382 874 870
-12240 12870 2945 55 463 454
-11280 12361 2881 600 591 243
-10405 12205 2965 1391 1033 50
-9806 12336 3076 2068 1652 -133
-9417 12437 3033 2548 2385 -303
-9085 12225 3005 2816 3177 -441
-9241 11925 2984 2767 3724 -489
-9444 11688 2702 2377 3918 -540