4808 7798 15262 -632 328 566
4914 7746 15400 -369 331 470
5046 8005 15381 -631 264 386
5118 8182 15388 -992 285 255
5161 8176 15333 -1349 360 141
5254 8243 15085 -1624 551 -61
5285 7972 14920 -1760 708 -237
5177 7540 14964 -1505 785 -386
5066 7409 14905 -1304 974 -490
5034 7306 14984 -1144 1084 -594
5018 7252 15030 -896 1174 -716
4923 7201 15107 -752 1169 -720
4872 7364 15118 -708 1151 -690
4840 7349 15268 -870 1148 -648
4778 7442 15396 -1099 981 -629
4742 7514 15514 -1103 835 -614
4773 7447 15583 -1030 620 -510
4762 7583 15631 -876 503 -319
4762 7494 15801 -691 274 -121
4647 7423 15864 -337 -19 -42
4740 7336 15866 -5 -151 6
4824 7608 15755 20 -13 157
4804 7546 15754 -318 -5 2
4719 7470 15568 -594 -111 -55
4705 7258 15410 -496 -155 -29
4661 7166 15301 -287 -190 -73
4668 7154 15281 -67 -328 -153
4720 7062 15281 140 -427 -251
4736 7140 15236 471 -433 -336
4732 7208 15297 844 -391 -371
4728 7368 15481 1016 -387 -355
4706 7610 15418 1035 -455 -312
4784 7538 15350 1100 -470 -157
4825 7624 15333 1069 -462 -45
4874 7711 15263 921 -481 60
4923 7724 15213 865 -584 12
4952 7764 15188 968 -585 -31
4954 7741 15182 1167 -500 -52
4964 7658 15116 1502 -406 -61
4894 7596 15080 2077 -302 -10
4921 7613 14971 2602 -244 84
4878 7850 14992 2562 -407 74
4991 8082 14976 2100 -520 23
5055 8182 15120 1493 -499 -41
5165 8256 15077 984 -341 -15
5220 8236 14990 455 -206 -23
5275 8163 14908 174 -147 -118
5318 7996 14882 170 -30 -174
5310 7918 14876 264 90 -216
5256 8085 14885 272 335 -295
5188 8186 14778 -63 505 -339
5254 8144 14716 -334 494 -347
5252 8058 14633 -500 432 -353
5170 8094 14726 -586 387 -391
5252 7924 14732 -505 289 -388
5297 7944 14874 -332 200 -418
5292 8097 15024 -168 304 -413
5269 8230 15138 -168 437 -382
5244 8276 15080 -314 503 -380
5204 8310 15056 -440 502 -358
5205 8189 14977 -478 420 -306
5224 8126 14848 -501 302 -225
5262 8110 14844 -396 188 -128
5286 8097 14856 -408 126 -153
5282 8236 14890 -292 167 -160
5318 8238 15006 -293 279 -81
5326 8337 14982 -608 247 -105
5333 8458 15140 -1014 268 -173
5385 8520 14969 -1413 421 -124
5357 8381 14968 -1650 401 -199
5336 8084 14889 -1557 467 -118
5316 7998 14858 -1562 425 -163
5336 8088 14813 -1532 376 -220
5260 7854 14718 -1369 381 -133
5184 7805 14882 -1077 300 -116
5161 7864 14909 -856 240 -53
5161 7869 14933 -715 115 -82
5140 7856 14969 -598 -26 -181
5197 7810 15018 -367 10 -208
5201 7805 15089 -215 113 -215
5193 7877 15185 -183 312 -160
5173 8102 15220 -394 369 -136
5185 8274 15197 -711 448 -97
5245 8266 15182 -973 471 -89
5230 8157 15122 -1117 508 -37
5098 8124 15026 -1165 488 9
5170 7990 14937 -1096 495 124
5141 7820 14930 -809 416 152
5089 7644 14937 -394 326 182
5055 7723 15049 -3 325 164
5108 7833 15027 -14 413 143
5100 7897 14940 -179 538 95
5116 7796 14861 -319 573 64
5150 7564 14761 -268 561 5
5163 7332 14572 0 555 2
5195 7375 14503 328 660 -49
5245 7641 14809 461 863 -186
5188 7988 15238 269 1193 -249
5172 8204 15466 -88 1417 -230
5032 8352 15709 -442 1547 -223
5024 8313 15689 -592 1650 -175
4906 8157 15598 -738 1535 -194
4921 8108 15621 -661 1345 -216
4904 8305 15698 -593 1298 -153
5014 8248 15810 -735 1298 -81
4913 8200 15830 -935 1193 -69
4897 7956 15858 -997 1140 -13
4826 8022 15924 -962 1186 118
4728 7882 15877 -1298 1010 133
4861 7854 15605 -1472 941 254
4689 7865 15536 -1583 691 435
4708 7770 15473 -1716 84 327
4736 7513 15460 -1648 -329 204
4868 7576 15345 -1399 -358 261
5001 7612 15301 -1187 -195 341
5016 7650 15208 -1158 -205 205
5065 7718 15145 -1257 -213 63
4982 7758 15112 -1366 -295 -64
4966 7700 15033 -1375 -328 -115
4964 7853 15074 -1335 -189 -106
4896 7805 14997 -1362 -93 -65
4800 7729 14826 -1293 -135 -98
4734 7670 14804 -1158 -252 -88
4830 7592 14837 -935 -326 -48
4789 7518 14672 -630 -319 -27
4826 7405 14762 -355 -182 -1
4825 7434 14833 -281 -69 49
4828 7440 14900 -387 44 56
4810 7364 14948 -438 146 81
4813 7314 14969 -389 234 115
4853 7309 15030 -322 287 149
4872 7392 14868 -282 347 101
4939 7289 14897 -282 354 50
5072 7315 15011 -284 485 40
5098 7280 15081 -289 798 59
5089 7292 15208 -333 1018 81
5006 7210 15346 -356 1138 102
4944 7232 15462 -285 1160 42
4817 7090 15590 -216 1063 49
4725 7183 15717 -262 960 61
4905 7329 15828 -337 631 -9
4602 7046 15969 -433 556 -170
4666 7109 15932 -383 617 -77
4662 7260 15825 -337 670 -112
4602 7556 15896 -346 770 -154
4590 7664 15676 -596 678 -183
4710 7721 15446 -683 511 -262
4669 7594 15293 -598 393 -211
4764 7688 15250 -421 342 -216
4778 7744 15214 -338 303 -199
4776 7644 15157 -283 216 -249
4800 7598 15120 -131 170 -276
4837 7588 15208 -77 259 -263
4880 7652 15197 -131 317 -346
4890 7394 15233 -194 396 -388
4973 7256 15134 -220 518 -374
5028 7282 15101 -205 745 -403
4989 7204 15048 -293 966 -397
4936 7344 15105 -401 1272 -353
4716 7312 15240 -574 1286 -232
4512 7252 15218 -600 1066 -106
4396 7345 15460 -392 671 -57
4428 7163 15670 -43 350 87
4540 7470 15837 157 283 262
4605 7448 15917 281 221 308
4774 7814 15988 98 288 385
4861 7897 15914 -297 327 385
4905 7737 15808 -572 477 468
4930 7613 15812 -771 643 536
4837 7374 15714 -842 738 608
4700 7210 15717 -813 708 675
4556 7126 15828 -684 620 725
4434 7188 15834 -593 508 730
4456 7113 15773 -556 428 703
4477 7184 15577 -284 462 791
4549 7136 15530 -259 335 741
4573 7240 15490 -397 101 680
4749 7285 15359 -629 1 613
4838 7414 15397 -755 117 595
4848 7384 15377 -759 281 559
4786 7412 15325 -733 407 507
4804 7438 15213 -755 315 369
4686 7345 15217 -800 252 293
4598 7184 15225 -750 236 240
4660 7177 15220 -700 215 251
4637 7125 15321 -660 239 239
4661 7080 15302 -713 207 228
4658 6934 15225 -693 103 102
4686 6712 15230 -587 60 -5
4752 7084 15232 -719 208 -73
4838 7304 15152 -839 376 -246
4833 6840 15433 -732 218 -437
4938 6910 15640 -478 143 -631
5009 7202 15999 -455 509 -1113
5155 7352 15851 -1271 1549 -1879
5024 7318 15240 -2318 2491 -2057
4822 6525 14530 -2046 3016 -1829
2902 8745 15084 -2390 2976 -760
5028 3581 14892 138 664 -1267
3421 7749 14755 29 651 388