-13960 308 3801 15853 1062 -8208
-14445 685 3521 17140 930 -8412
-14358 1042 2908 17838 833 -8682
-14478 1658 2626 18106 190 -8810
-14461 2250 2564 17408 10 -8886
-14748 2837 2982 15643 -341 -8804
-15158 3400 3261 13215 -482 -8608
-15805 3780 3801 10249 -564 -8345
-16417 3777 4488 6963 -463 -8006
-17086 3490 4661 3735 -391 -7568
-17434 3004 4645 721 -234 -7122
-18006 2432 4630 -2061 260 -6696
-19164 2264 4969 -4778 554 -6333
-20290 2808 5746 -7850 865 -6081
-21610 4256 7282 -11941 1027 -5912
-22774 6262 8773 -17569 1204 -5863
-23516 7024 10062 -24571 1284 -5498
-23670 6721 10378 -31183 1779 -4629
-23984 5613 10060 -32768 1646 -3205
-23846 3520 9098 -32768 788 -1591
-24132 966 7996 -32768 -597 93
-24549 -1030 7649 -32768 -2754 1817
-23881 -2480 7736 -31689 -4999 3393
-22197 -3241 7530 -25982 -6684 4582
-21013 -3720 6948 -19328 -8649 5614
-20281 -3918 6270 -12802 -10747 6768
-19756 -3780 5749 -7115 -12473 8014
-18961 -3161 5664 -2216 -13786 9115
-18140 -2241 5566 1645 -14250 9928
-17417 -1350 5513 4738 -14216 10676
-16936 -305 5662 6929 -13661 11316
-16744 766 5782 7964 -12838 12040
-16533 1824 6157 7668 -11794 12934
-16281 2521 6440 6650 -10650 13631
-16378 3114 6497 5584 -9258 14091
-16530 3670 6273 4535 -7879 14263
-16598 4044 6257 3353 -6659 14359
-16588 4294 6309 2126 -5518 14593
-16766 4220 6877 554 -4529 15075
-16838 4072 7262 -905 -3741 15489
-17236 3738 7177 -1849 -2973 15691
-18037 3377 6868 -2091 -2931 15577
-18734 3280 6810 -2065 -3443 15455
-19390 3461 6922 -2221 -4420 15223
-19954 3598 7030 -2404 -5624 14817
-20045 3676 7229 -2476 -6902 14185
-20146 3878 7152 -2361 -8180 13481
-20016 4240 6760 -2135 -9574 12812
-19566 5028 6573 -1931 -11063 12308
-19004 5205 6178 -1608 -12237 12054
-18636 4597 5378 -573 -13236 12110
-18201 4084 4577 1302 -14201 12323
-17253 4150 4430 3360 -14652 12550
-16428 4984 4662 4807 -14439 12779
-16160 6038 5262 5280 -13815 12884
-16169 6789 6380 4782 -12726 12998
-16741 7421 7194 3889 -11289 12839
-17624 7794 7749 2835 -10025 12359
-18337 8504 7884 1699 -8708 11623
-19376 9449 7660 207 -7824 10740
-19820 9549 6965 -1016 -7730 10217
-19620 9816 6617 -2144 -8228 10483
-19729 10369 6884 -3388 -9011 11369
-19378 10753 7728 -4750 -9604 12515
-18913 10869 8692 -6137 -9794 13581
-18549 11125 9749 -7682 -10009 14435
-18485 11320 10536 -9524 -10012 14950
-18553 11264 11192 -11458 -10353 15079
-18510 10837 11441 -13361 -10936 14786
-18765 10321 11821 -15341 -11912 14320
-18961 9656 11896 -17330 -13280 13823
-18838 9020 12140 -19042 -15129 13223
-18272 8662 12250 -20395 -16565 12684
-17759 8100 12413 -22141 -18241 12195
-17442 7400 12580 -23501 -20490 11776
-16486 6718 13094 -24537 -21810 11431
-15708 5727 13675 -25404 -22818 10985
-14358 4178 13568 -25188 -23740 10014
-12834 2768 13312 -23755 -23928 9192
-11489 1286 13224 -21174 -23192 8289
-10340 -73 12917 -17747 -22258 7282
-9422 -595 12348 -13837 -21159 6135
-8814 -580 11896 -11071 -20239 5414
-7943 -154 11562 -8911 -19209 4818
-6852 413 11632 -7678 -18126 4608
-6545 489 11526 -7123 -16776 4510
-6897 -513 11469 -5721 -15285 4041
-5762 -2488 11105 -1693 -13154 3439
-3876 -4673 9868 5932 -8989 2564
-2161 -4630 8576 16023 -3896 1663
-1550 -1836 7294 25204 1889 1447
-1996 1109 6861 31134 6622 1468
-2172 2858 7056 32767 9133 1727
-2477 4889 7632 32767 10756 1621
-3932 7300 8318 32598 10965 1562
-4986 9409 8965 28824 9990 1434
-6282 11777 10588 20695 7608 2186
-7302 13233 11833 10895 4446 3099
-7470 13101 12846 1010 148 3100
-7257 11602 13288 -7394 -4353 3006
-6926 9833 13354 -14100 -9574 2885
-6409 7814 13217 -19905 -14645 2659
-5474 5361 13798 -24814 -20693 2917
-3942 3220 14938 -28840 -24588 3098
-3548 1522 16174 -31760 -27112 3971
-2200 -857 16428 -32646 -27752 4037
-505 -3496 16424 -30749 -26526 3531
764 -5493 15688 -27473 -24278 2816
1701 -7142 14977 -24901 -20686 2432
2272 -7672 14717 -23056 -17966 2202
2898 -7681 14870 -21975 -16783 3064
3508 -7477 15478 -21243 -15895 4843
3728 -7601 15438 -19569 -12971 6631
3489 -7292 14018 -18235 -9610 8454
2706 -6201 13680 -18443 -6151 11780
2329 -5848 14076 -16117 -6610 13913
2778 -4496 14110 -14384 -6854 12563
1326 -2220 13962 -15799 -8114 10114
1934 -3076 13297 -18942 -10814 7066
3149 -3614 11497 -22476 -9689 4680
3982 -3600 10260 -26479 -8214 2942
4952 -3384 9686 -29868 -6270 1416
4765 -2658 9561 -32448 -4476 388
4528 -2742 9662 -32768 -4009 -702
4240 -2674 9502 -32768 -3382 -1402
4521 -3169 9592 -32768 -3501 -1467
5401 -4370 9606 -32555 -1600 -1161
5505 -4905 9868 -30517 1788 -476
4846 -4294 10110 -28401 3880 -12
4438 -4106 10460 -27433 5870 -120
3962 -4396 11137 -26794 6645 -27
3937 -5065 11654 -26002 7259 -63
3444 -5429 12128 -25094 7688 -474
2876 -5620 12734 -24332 6599 -989
1460 -3589 13485 -24592 2526 -1149
1782 -5570 13488 -23537 -3738 -1162
3304 -7560 12910 -19699 -6352 -928
4248 -8606 12386 -15186 -7426 -534
5202 -9730 11750 -10772 -6525 120
4413 -8862 10685 -8031 -4990 2218
3769 -6976 9296 -7856 -5477 4007
2980 -6265 8316 -8489 -7309 5136
3825 -7968 7725 -8352 -9305 5973
5618 -10165 7865 -6419 -10079 6087
5248 -10896 7426 -4755 -10563 5463
5174 -11894 5421 -5401 -10246 4333
4906 -13798 3914 -7117 -9114 4520
6533 -15944 4810 -8953 -8268 4473
5802 -15092 7964 -10618 -7031 5565
3725 -13141 9948 -10292 -9431 6896
3569 -12010 9844 -9429 -8916 8883
1945 -10565 7810 -6743 -6611 11147
1968 -8764 7162 -7178 -4167 10827
4566 -14672 6390 -6525 -2423 6824
-2389 -10626 4598 -6606 2357 7030
-120 -13001 4580 -6166 -371 5481
810 -13876 4038 -4218 3628 3204
1126 -14141 3360 -3690 3180 3181
3293 -12498 3317 -4050 3283 3790
5221 -11373 4216 -5843 2935 5172
8672 -11942 4916 -7740 3098 6518
10470 -13021 5549 -8099 4074 5463
9444 -13556 6562 -7134 5350 3107
9256 -17456 8821 -1398 5242 -1196
15701 -26062 15584 16731 4871 -13145
17992 -12618 5182 19124 14560 -12893
10417 -2426 2568 8113 20299 -9910
1201 -2550 4317 3022 26026 -10226
7446 -28805 6185 16064 23811 -19127
4189 -13853 -1885 12843 28068 -13712
4830 -22801 7494 21558 23822 -17262
3890 -18552 4098 28563 25739 -16121
3597 -19702 2584 32767 26268 -16660
3569 -18445 1224 32767 24912 -14761
2324 -23164 2002 32767 23433 -13790
-1849 -7644 6125 32767 27668 -9242
-9882 -11037 18698 32767 15358 -13105
1360 -26325 14909 32767 6802 -12093
1406 -19081 13301 32767 2627 -7842
1089 -13700 12966 32767 2387 -6945
1281 -5792 8254 32767 4427 -5326
3482 -16713 18094 32767 1404 -6103
4350 -21593 17674 32767 658 -4741
2445 -22373 16996 32767 4427 -4771
13893 17671 -21718 32767 32650 7213
-5589 8953 5021 32767 30112 3317
5108 -176 7214 32767 15247 1295
10152 5565 5882 32767 650 -7739
-120 17864 2114 32767 5191 -4054
-12950 32282 -2072 32511 9354 6089
-5304 17804 9468 32363 -1202 3012
-2664 5770 13525 32767 -9374 3142
-1893 9092 10646 32767 -9747 6556
-5410 9396 15373 32767 -12316 9121
-1177 2241 15996 32767 -18892 9237
3989 4577 7793 32767 -16205 10006
6384 17686 -5608 32767 -5154 11134
-309 28770 -6270 31425 -6700 12602
1896 23393 -2448 27185 -18055 9955
7250 17952 2153 23504 -20618 11030