1563 6310 16187 443 736 -289
1494 6525 16181 444 992 -213
1450 6765 16186 228 1063 -144
1370 6609 16582 -89 1007 -240
1220 6653 16182 -201 972 -230
1149 6800 16564 -112 606 -84
1322 6588 16341 457 376 55
1384 6800 16064 367 546 215
1308 6871 16077 40 579 289
1381 6752 16200 -307 1043 371
1248 6680 16272 -392 1136 369
1181 6546 16472 -207 1158 292
1060 6462 16373 -96 1116 227
1060 6415 16428 -137 1084 121
1161 6518 16293 -248 1116 -45
1300 6546 16321 -22 1387 -84
1394 6577 16330 170 1616 -130
1482 6422 16165 411 2017 -153
1312 6002 16425 246 2460 -303
1080 6600 16806 -485 2011 -655
705 6680 16625 -354 1085 -1163
352 6966 16020 406 706 -1206
382 7232 16282 693 317 -713
409 7391 16124 285 -27 -251
705 7049 15978 -890 34 426
1320 6958 15788 -1499 983 649
608 6068 16960 -1578 456 471
857 6337 16467 -1424 527 -61
866 6278 16545 -986 394 -463
889 6583 16441 306 409 -410
762 6906 16372 1260 292 -197
469 7053 16373 2294 164 -7
550 6920 16656 5092 15 634
460 6840 16604 6695 38 1369
84 6936 16917 6280 -671 1980
569 7082 16586 4241 -1590 2384
928 6876 16522 4598 -1663 2596
972 7519 15490 4805 -751 2711
1196 8181 15170 2780 -38 2354
1765 7743 15700 156 -342 1804
1666 7972 15572 -3047 -1141 1212
1322 7820 15558 -5428 -1754 595
1969 6929 15748 -7917 -1980 -456
2284 6381 16106 -9985 -1817 -1388
2290 6394 16168 -10276 -1235 -2311
2289 5612 17032 -9631 44 -3127
1606 5606 16797 -4224 -864 -3086
1580 6204 15905 -2595 213 -3766
726 6294 16469 -2782 176 -3906
1248 5960 16770 -2528 -122 -4294
1018 5897 16550 -2360 -531 -4693
1432 6225 16474 -2148 -290 -5037
1361 6040 16817 -996 -21 -4877
1142 6219 17062 1744 -53 -3724
532 7040 16649 3378 -345 -1480
-145 7949 15926 3105 -521 1005
165 7558 15944 1930 -1003 2072
1170 6704 16134 1981 -785 2604
982 7260 15918 2005 -204 3170
610 7284 16077 485 -556 3431
1461 6453 16364 103 -841 3258
2059 6169 16333 315 -437 2815
2165 6022 16264 638 212 2055
2320 5769 16398 1143 529 1378
2018 6224 16264 1806 1088 981
1516 6733 16282 1836 1154 677
1245 7088 16074 1137 877 736
937 7561 15929 284 504 1061
1024 7632 16071 -809 80 1312
1217 7212 16261 -1140 -402 1512
1244 7104 16270 -1153 -616 1657
1574 6718 16172 -1078 -502 1483
1847 6204 16599 -458 -405 1154
1691 6488 16525 163 -442 1204
1561 6563 16240 -118 -737 1303
1833 6810 16124 -1 -479 1312
2037 6712 16153 -237 -272 1055
2056 6577 16225 90 -131 715
2132 6349 16108 222 52 420
2088 6564 16447 262 212 45
1904 6496 16680 1048 -76 -84
1632 6800 16300 1996 -153 417
911 7566 15841 1202 -273 1397
1556 7478 15992 855 1 2023
1612 7214 16070 153 -195 2092
1873 7001 16089 -336 -337 1995
2290 6612 16274 -341 -334 1726
2490 6530 16178 -164 -215 1330
2707 6427 16155 -11 120 626
2714 6115 16617 652 487 -215
2204 6328 16486 1357 517 -650
1949 6578 16428 1962 435 -772
1690 6792 16113 2298 427 -810
1539 7423 16019 2074 261 -520
1404 7932 15774 1107 -51 38
1556 7876 15744 324 -155 292
1789 7641 15852 548 54 619
2020 7606 15829 420 345 820
2292 7160 15890 401 617 832
2232 7300 15878 19 699 588
2373 7048 16002 -390 756 -56
2565 6974 16033 -485 1047 -682
2396 7120 16082 -478 1164 -980
1953 7289 16101 -500 1034 -1059
1696 7511 16002 -853 740 -808
1454 7720 16164 -1176 351 -408
1336 7502 16017 -637 288 -98
1522 7226 16259 237 362 85
1656 7090 16413 1713 618 221
1556 7270 16392 3504 1091 517
1349 7557 16121 5962 1762 1069
1550 8074 16180 8361 4362 1737
1336 7892 16018 6376 4642 1816
1147 7284 16528 2590 1411 1821
1962 7600 16031 2447 -156 2010
1802 8478 14474 1075 1350 1756
2146 8166 14765 -605 1898 1289
2646 7954 15164 -2083 1089 817
2854 7808 15236 -2710 938 244
2312 7686 15426 -4155 354 -648
2577 7330 16220 -6877 -716 -1902
2409 6782 16561 -8156 -1370 -2990
1230 6238 17974 -6042 -1690 -3432
1946 6997 16566 -2543 -807 -3726
1364 6573 16541 -1974 -796 -4644
2014 5818 16364 -1579 -566 -5562
2373 6224 16021 -1770 -433 -6969
2498 6153 15502 -2462 118 -8850
2772 6466 15654 -3237 1002 -9954
2133 6674 15914 -3178 1854 -10222
1105 7402 16344 -2925 1880 -9841
798 7833 16933 -1557 1806 -8992
41 7816 17306 418 1511 -7784
-289 7686 16942 2595 971 -5911
-1141 8897 16182 3046 322 -3095
-1516 8856 16056 2384 -818 -623
-881 9202 15745 1699 -1508 1525
178 8440 15980 371 -1949 2484
885 7922 15918 -154 -1887 2736
1757 6788 16005 -415 -1572 2254
2312 6238 16240 150 -1051 1320
2388 6176 16001 525 -396 409
2152 6533 16224 623 82 -412
1918 6709 16156 731 391 -956
1333 7168 16133 750 438 -1027
1105 7856 16060 452 193 -841
1121 7964 15841 -42 80 -383
721 8499 15768 -368 -244 480
1052 8284 16034 -1326 -774 861
1118 7892 16349 -1102 -1319 1311
1257 7716 16293 -1147 -1905 1529
1569 7133 16192 -950 -2024 1504
1676 6961 16204 -706 -1860 1367
1688 6852 15766 -299 -1478 971
1934 6961 15770 -162 -896 627
1958 7057 16148 299 -414 303
1881 7019 16217 685 -88 -105
1656 7290 16616 1776 133 -607
1557 7274 16081 2624 380 -637
1489 7603 15835 4459 1178 -107
1274 8130 15888 6564 3082 741
1299 7533 16899 6037 5519 1505
901 8023 15722 2213 2865 1333
1564 7837 15753 813 490 1424
1937 7972 15426 793 278 1218
1985 8041 15134 -203 779 596
2168 7952 15248 -995 867 79
1982 7994 15674 -1636 152 -579
1374 8147 15938 -2320 -651 -1077
1324 8002 16494 -2475 -786 -1217
1202 7833 16325 -2030 -638 -1043
1092 8000 16232 -939 -221 -667
853 7798 16101 -534 -330 -338
1246 7804 16221 -313 -399 -17
1031 7913 16030 -126 -323 107
1098 7554 16404 189 -349 366
1024 7656 16432 580 -347 557
625 7338 16461 974 -483 674
29 7408 16504 1190 -820 1181
-357 7860 16532 1622 -882 1557
-789 7936 17666 2932 -1345 1736
-1820 7742 19314 5396 -2800 2109
-3122 6996 21556 8555 -5203 2969
-2764 4397 23750 12489 -6735 4826
-3321 7204 26854 13170 -7472 6846
-1849 10257 24366 14034 -5507 5574
-14560 11598 23562 16652 -5956 -4651
-2614 11053 24569 12307 -8595 -6815
-6300 5208 22342 18420 -7589 -10896
-4302 6356 20909 19253 -7886 -13722
-3541 6446 17558 20450 -7207 -16482
-3333 7376 15217 21268 -4955 -19312
-2992 7738 13546 21254 -2105 -21985
-2801 7814 12169 20782 1050 -24200
-2302 7928 11332 19691 4554 -25306
-2957 7790 10293 18422 7760 -25837
-3556 8076 9750 16422 10419 -25897
-3944 8790 9526 14037 12808 -25179
-3464 9350 9413 10791 15419 -24297
-3916 10041 9420 6867 16854 -23211