-11976 3558 2157 687 884 -8001
-12430 3065 2678 885 1924 -8199
-12500 2846 2812 1305 2195 -8115
-12490 2393 2865 2218 2332 -7611
-11986 2284 2637 3372 2272 -7478
-11761 2357 2354 4892 1831 -7550
-10877 2586 1765 6491 1689 -7752
-10144 3396 2248 7500 1903 -7912
-10344 4660 2430 7371 2403 -8000
-10677 5441 3650 6030 2716 -7408
-10733 6529 4833 3152 3739 -6336
-11632 6946 5762 -210 4489 -4991
-12412 5354 5032 -2264 4715 -3895
-12730 3600 4976 -1853 4603 -3461
-13093 2902 4697 -3 4634 -3642
-13837 3666 4806 2127 4086 -3693
-13761 4532 4672 3334 3605 -3718
-13388 5461 5092 3826 3902 -3412
-13157 5922 5276 3538 5007 -2478
-13436 7521 5868 1783 6179 -1095
-13640 8818 6357 -922 7174 778
-13934 9121 7044 -3866 7409 2231
-15033 8774 7813 -6226 7157 3894
-15773 8374 8613 -7687 6309 5608
-16374 8161 9492 -8214 4901 6832
-16956 7252 9728 -7352 3417 7592
-17470 6000 10036 -4805 1898 7816
-17284 4673 9848 -880 860 7912
-16769 4024 9417 4028 307 8005
-16022 4985 9602 8013 790 8737
-15934 6721 10135 8196 1954 10036
-16661 7497 10425 6260 2274 11020
-16967 6989 10759 3783 2206 11895
-17372 5961 10533 1924 1173 13072
-16226 4645 10670 1375 -546 14159
-15220 5005 11245 723 -1327 14380
-13724 6672 13231 -1579 -2437 14958
-13385 8600 16461 -6837 -2714 15293
-15688 7286 16916 -11320 -3408 14999
-17412 3960 16177 -12779 -4963 14758
-19073 -52 15380 -11599 -6427 14469
-20586 -1653 14673 -7721 -8659 13094
-20789 -2060 14514 -2015 -11134 10672
-21601 -893 14180 3326 -11758 8537
-21884 -1637 14176 8112 -10580 6297
-22856 -149 12824 9394 -8880 4353
-25124 1228 10690 6182 -8357 4283
-25909 528 9564 2227 -7744 3907
-26736 276 8993 -641 -5867 2518
-27893 -1206 7680 -731 -5310 1213
-28010 -2276 6920 3108 -5566 840
-27009 -3453 7238 8306 -5232 937
-25788 -2825 7256 12951 -4710 1311
-24445 -2265 6910 16104 -3465 1145
-23633 -2113 6082 17966 -1427 -5
-22886 -1933 5541 18034 1517 -1473
-23221 -1685 6050 16097 4690 -3137
-24136 -544 5490 11932 5864 -3646
-24793 69 5310 6420 5559 -3187
-26029 44 6921 2426 2939 -1789
-26540 -194 7966 1218 -130 559
-25729 -236 9361 1216 -2651 1984
-24574 -1361 11138 3426 -6344 2191
-22978 -1940 11288 5088 -6738 2141
-22256 -1122 10968 5476 -5633 1915
-22525 -1460 10222 6125 -3850 1755
-21573 918 9810 8022 -2120 133
-22604 1788 10004 8958 4535 -2713
-23970 2492 10808 8346 3277 -3102
-24012 3682 10764 6119 2964 -2349
-25268 5137 10824 2740 466 -107
-24801 6013 10842 -660 -1043 2118
-24041 6386 11593 -2591 -343 4036
-23674 7644 12417 -3034 -878 5439
-23602 9185 12712 -3375 -1692 6901
-22972 10022 13158 -2820 -3614 8480
-21942 10836 12729 -3104 -4494 9573
-22685 11082 12862 -4298 -4700 11993
-22676 11550 12812 -5155 -4405 13560
-22820 11437 11812 -5258 -3817 14649
-22800 11422 12225 -4419 -4474 15672
-21521 11565 11938 -3823 -5012 15659
-19944 12017 12280 -3663 -4616 15039
-18446 13238 12290 -4645 -3521 14620
-17926 13297 12614 -5820 -1860 14059
-18350 11758 11322 -4732 1261 14481
-19053 12926 11577 -3297 3640 15541
-18213 15104 11926 -3527 4761 15802
-18958 14958 12437 -3313 3926 16321
-18062 14440 12666 -3266 1092 15893
-15934 12061 11400 -2806 -323 13914
-14541 11117 10794 -2402 257 12477
-12732 11225 11109 -2133 458 11453
-11796 12589 12272 -4703 519 11157
-10838 11850 12588 -8149 -909 11819
-10244 11988 13050 -12333 -2275 12312
-9485 10717 13453 -14970 -3875 12438
-8360 9133 13533 -14643 -5265 12295
-7142 8904 12730 -12979 -5176 10783
-7171 8478 11534 -8255 -4892 8623
-7522 7533 9000 -2261 -4649 6365
-7341 8313 7482 539 -4920 4870
-6809 10796 7968 257 -4676 3715
-7060 11354 8166 -1441 -4421 3305
-7208 10783 7786 -3896 -4273 3730
-7837 9916 7241 -6829 -3526 4303
-8521 8630 8186 -6515 -2763 5327
-8108 6996 9498 -2236 -1745 6979
-9339 5220 8726 2612 -1536 8180
-9802 2776 6210 7978 -3492 8063
-9260 1576 4750 11739 -5115 6903
-7426 1547 3795 16625 -6684 5778
-5590 3261 4617 19950 -7733 4991
-4474 4089 5480 19597 -7876 4522
-3060 5181 6897 16720 -6670 4539
-2932 7016 7588 13424 -4824 4032
-3620 6954 7578 13931 -4180 3480
-4038 6890 6666 16969 -4346 3547
-4100 6812 5670 20245 -5224 3579
-3593 7689 4742 21190 -6421 3425
-3756 8666 4130 21191 -6940 3011
-3231 8264 3796 19333 -7850 2850
-2093 9072 3903 16410 -8265 2703
-1769 11447 4410 12318 -8156 2380
-824 12556 4170 9445 -7491 1662
-101 13636 3470 7747 -6734 1058
116 14386 2477 7699 -6740 508
186 15257 1952 8016 -7181 -282
20 15764 1680 8516 -7547 -729
-224 16274 1235 9480 -7532 -1440
-1096 17704 918 9593 -6515 -2068
-1902 19089 933 8438 -5422 -2127
-2033 19268 1146 6413 -4167 -1920
-2592 19061 1170 4234 -3196 -1063
-3077 17622 840 2100 -2777 75
-3378 16277 272 697 -2863 917
-3417 15385 197 540 -3117 1310
-3053 14841 357 1232 -3142 1367
-2316 14666 969 2446 -2767 907
-1375 14659 1574 4209 -1436 -21
-905 15100 1992 5665 536 -1211
-489 15622 2318 5958 2235 -2138
-361 15214 2608 5357 3429 -2710
-430 15196 2676 4330 4165 -3075
-645 15036 2900 2820 4672 -3585
-1340 15764 3156 1471 4754 -4191
-1605 15856 3304 842 4762 -4820
-2013 16240 3303 1340 5249 -5745
-2258 16692 3530 2023 5717 -6266
-2433 16718 3708 2776 6259 -6938
-3066 17389 3772 3149 7120 -7199
-3414 17318 3633 2418 6831 -6718
-3185 17260 3349 1123 6843 -6260
-3329 17834 3069 -330 6857 -5866
-3209 18072 3032 -1502 7220 -5700
-3445 18332 3084 -2264 7725 -5651
-3769 18866 3265 -2369 8293 -5555
-4614 19706 3285 -2537 8671 -5452
-5114 19614 3305 -2469 9045 -5420
-5393 19154 3314 -2179 9414 -5320
-5448 18465 3025 -1918 9862 -5004
-5770 18420 2638 -1978 10249 -4753
-6256 18176 2418 -2449 10267 -4464
-6440 17794 2132 -2983 10279 -4253
-6928 17983 2082 -3584 10075 -3829
-7058 17750 2096 -4385 9762 -3171
-7318 17793 2105 -4961 9747 -2606
-7336 17418 2072 -5615 9520 -2063
-7409 17256 1952 -6139 9446 -1747
-7805 17428 1969 -6486 9287 -1592
-7854 17081 1661 -6599 8951 -1379
-8036 17020 1669 -6505 8667 -1135
-8157 16905 1693 -6478 8561 -1114
-8390 16829 1651 -6053 8731 -1317
-8720 16630 1632 -5126 8809 -1513
-8774 16574 1569 -4461 8754 -1443
-8840 16472 1495 -4202 8579 -1288
-8910 17182 1811 -4737 8004 -1240
-9192 17870 1862 -5655 7547 -1243
-9693 18085 1783 -6426 7013 -1132
-10044 17736 1518 -6478 6120 -902
-10276 17744 1264 -5852 5377 -788
-10182 18068 1323 -4683 5458 -1047
-10440 18779 1348 -3276 5719 -1445
-10508 18994 1288 -2617 6108 -1751
-10634 19148 1201 -2434 6379 -2010
-10733 19230 1038 -2622 6377 -2140
-10724 19350 894 -2836 6240 -2174
-10840 19616 858 -3402 5864 -1969
-10261 19235 825 -3972 5408 -1476
-9624 18620 830 -3953 5135 -853
-8940 18202 814 -3781 5170 -331
-8456 17957 658 -3649 5342 94
-7948 17685 656 -3503 5563 434
-7601 17673 576 -3512 5722 563
-7110 17685 617 -3599 5882 526
-6890 17901 584 -4008 6138 429
-6698 17880 592 -4510 6257 255
-6546 17924 587 -5246 6622 -32
-6615 17791 688 -5784 6894 -190