-9017 15730 1186 3536 -251 -1847
-8861 15757 1194 2411 -309 -1395
-8754 15917 1232 977 -470 -931
-8696 16038 1250 -581 -716 -549
-8565 15954 1286 -1874 -960 -201
-8406 15673 1468 -2738 -1028 -72
-8393 15446 1625 -2869 -1083 26
-8404 15213 1712 -2720 -1132 -6
-8405 15174 1777 -2288 -1141 -122
-8521 15445 1888 -1909 -1069 -350
-8557 15660 1856 -1579 -1148 -565
-8572 15906 1980 -1438 -1181 -705
-8760 16094 1980 -1386 -1263 -739
-8837 16180 2052 -1390 -1381 -627
-9096 16260 2268 -1366 -1604 -350
-9297 16122 2496 -1370 -1934 -1
-9369 15942 2618 -1380 -2233 318
-9425 15738 2672 -1327 -2633 530
-9424 15636 2693 -1052 -3107 619
-9446 15481 2840 -591 -3490 404
-9460 15330 2746 126 -3818 52
-9357 15230 2536 1186 -3988 -493
-9604 15350 2441 2404 -4103 -1213
-9756 15554 2181 3531 -4082 -2005
-9996 15882 1897 4484 -4011 -2797
-10138 16357 1758 5226 -3745 -3542
-10510 17148 1542 5669 -3370 -4094
-10828 17653 1496 5816 -3106 -4354
-11072 17986 1476 5730 -2903 -4272
-11248 18072 1352 5240 -2877 -3763
-11165 18000 1258 4523 -2974 -3006
-11006 17798 1261 3642 -3105 -2112
-10788 17502 1153 2720 -3192 -1196
-10569 17168 1022 2035 -3191 -380
-10325 16898 972 1521 -3120 133
-10236 16714 942 1257 -2974 315
-10178 16525 893 1247 -2786 173
-10297 16605 885 1213 -2388 -149
-10413 16722 1136 985 -1888 -508
-10530 16696 1189 662 -1303 -808
-10562 16584 1252 381 -856 -955
-10516 16122 1190 410 -625 -961
-10352 15861 1245 545 -504 -821
-10044 15702 1325 500 -401 -542
-9636 15410 1290 313 -304 -257
-9237 15366 1170 -88 -224 82
-8920 15214 1036 -551 -131 261
-8580 14895 851 -1136 6 506
-8184 14538 825 -1710 105 630
-8070 14429 865 -2272 236 641
-7924 14394 788 -2800 455 617
-7785 14417 789 -3284 666 554
-7896 14813 853 -3722 666 492
-7834 14944 802 -3918 318 343
-7672 15172 766 -3797 -108 -292
-7405 15208 677 -3044 -743 -1012
-7056 15453 633 -1963 -1407 -1486
-6804 15538 588 -701 -1881 -2074
-6829 16053 826 689 -1735 -2760
-7066 16754 1230 1802 -1256 -3164
-7448 17313 1612 2391 -570 -3153
-8256 18069 1877 2206 183 -2853
-9266 18246 2077 1722 418 -2359
-10093 18330 1928 1335 371 -1777
-10776 18474 2080 955 71 -1115
-10956 18382 2226 785 -225 -545
-11137 18649 2372 833 -519 65
-11313 18746 2532 913 -880 687
-11448 18609 2702 978 -1161 1248
-11453 18512 2901 1104 -1330 1742
-11502 18550 3108 1136 -1219 2206
-11557 18358 3261 1254 -1196 2619
-11714 18232 3294 1353 -1002 2907
-12069 17985 3437 1451 -893 3199
-12034 17806 3526 1689 -901 3548
-12066 17473 3564 2026 -997 3938
-12009 17032 3538 2345 -1191 4394
-11597 16436 3448 2632 -1396 4776
-11066 15824 3289 2897 -1483 5071
-10528 15505 3018 3093 -1524 5207
-10110 15160 2734 3255 -1555 5197
-9806 14913 2485 3196 -1519 5007
-9496 14613 2325 3020 -1428 4756
-9256 14444 2090 2747 -1261 4423
-9066 14272 1913 2461 -983 4065
-8789 13929 1694 2428 -779 3706
-8701 13852 1518 2587 -530 3344
-8628 13824 1380 2779 -239 2951
-8646 14021 1318 2717 0 2568
-8628 14157 1441 2547 141 2227
-8608 14352 1400 2165 293 1862
-8682 14590 1532 1570 332 1597
-8412 14496 1550 921 321 1415
-8284 14416 1554 266 304 1263
-8192 14162 1478 -365 92 1133
-8036 14017 1442 -890 -133 1047
-8217 14062 1338 -1256 -353 831
-8418 14156 1402 -1468 -538 546
-8578 14384 1438 -1734 -498 252
-8978 14898 1440 -2174 -315 -187
-9249 14936 1357 -2628 -52 -571
-9336 15160 1360 -2855 185 -838
-9628 15490 1362 -3392 504 -1163
-10171 16237 1525 -3995 613 -1367
-10451 16750 1575 -4365 444 -1387
-10425 17073 1630 -4696 122 -1267
-9799 17111 1245 -4250 -189 -1003
-8251 17125 554 -1797 56 -1290
-6718 17794 -304 1996 606 -2184
-6187 19404 -992 6860 856 -3172
-6856 22101 -1908 9281 35 -3163
-7509 23534 -2586 8379 -1010 -2158
-8309 24210 -2820 6052 -2154 -453
-8488 23622 -2953 4133 -2261 1568
-8592 22060 -2694 3110 -2664 3290
-8134 20828 -2745 3347 -2323 5162
-8352 20308 -2332 2574 -3369 5823
-8613 20134 -2234 1465 -4495 6504
-8814 19894 -1898 -565 -5759 7114
-8358 18956 -1406 -2863 -6676 7589
-7714 17684 -846 -4346 -6859 7766
-6985 16424 -241 -4349 -6161 7508
-6466 15840 113 -3280 -4639 7021
-6260 15486 577 -2051 -2776 6358
-6505 15756 949 -1063 -805 5621
-6872 15809 1050 -874 1024 5051
-7245 16156 1472 -1186 2417 4647
-7466 16164 1496 -1919 3437 4655
-7466 16226 1666 -3144 4240 4932
-7274 16217 1714 -4414 4751 5337
-7380 16177 2057 -5415 4338 5350
-7149 15933 2033 -5553 4011 5450
-6800 15921 2318 -5415 3498 5051
-6744 15792 2361 -4729 3395 4530
-6392 15740 2432 -3715 3660 3853
-6105 15696 2436 -2903 4077 3282
-5716 15524 2464 -2158 4727 2751
-5453 15725 2390 -1864 5374 2271
-5188 16049 2416 -1926 5726 1905
-5089 16336 2342 -2234 5808 1539
-4834 16645 2165 -1896 5532 1259
-4684 16977 1691 -1468 5337 902
-4645 17554 1377 -1169 5102 471
-4773 18333 1209 -775 5180 -452
-5680 20258 992 -1242 5592 -1820
-7416 21981 588 -2568 5734 -3106
-8098 22901 329 -4505 5672 -3966
-7908 22013 466 -6371 6438 -4021
-7328 20421 762 -7100 7302 -3345
-6980 18833 924 -6177 7436 -2526
-6216 18354 520 -4352 8187 -1987
-6361 17609 496 -2016 8240 -1457
-6561 17401 690 -237 7520 -1033
-6242 17466 1096 250 6739 -401
-6276 18402 1362 -527 7196 564
-6442 18980 1333 -2628 7029 1345
-6009 18200 1360 -4485 6260 1861
-5170 17284 1330 -5187 5437 2063
-4256 16422 1353 -4913 5098 2293
-3637 15782 1162 -4196 4847 2418
-3169 15560 1204 -3454 4749 2364
-2649 15517 1217 -3022 4919 2204
-2406 15612 957 -3007 5353 2065
-2138 15661 886 -3122 5619 1952
-2112 15850 782 -3607 5821 1815
-2230 16042 720 -4372 6072 1799
-2417 15934 657 -5045 5921 1653
-2497 15593 728 -5439 5682 1423
-2930 15369 720 -5511 5246 1147
-3186 15266 805 -5152 4447 738
-3678 15388 773 -4662 3937 306
-4414 15746 946 -3985 3488 -299
-5089 16386 934 -3421 3279 -1053
-5681 16842 1258 -2959 3566 -1886
-5933 17289 1481 -2856 4350 -2539
-6054 17046 1454 -3169 5333 -2905
-6254 16688 1602 -3307 6120 -3095
-6622 16042 1837 -3504 6396 -3096
-7257 14918 1981 -3053 6342 -2931
-7746 14738 2460 -2007 5118 -2728
-8558 15100 2552 -985 4282 -2675
-8994 15550 2800 -291 3468 -2865
-9269 15844 2824 -281 3269 -3118
-9500 15825 3090 -429 3173 -3197
-9490 15805 3214 -873 3286 -3161
-9654 15478 3228 -1033 3282 -3191
-9824 14967 3071 -701 3176 -3393
-10214 14854 2914 -35 3175 -3816
-10466 15025 2890 463 3424 -4390
-11009 15444 2918 951 3683 -5008
-11526 15530 2842 1112 3741 -5499
-11983 15844 2724 1192 3655 -5887
-12023 16211 2567 502 3763 -6447
-11672 15992 2526 -400 4256 -6396
-11335 16166 2696 -1241 5175 -6043
-11217 16121 2930 -2412 6575 -5703
-10700 15708 2926 -3583 8038 -5581
-10885 15564 2857 -5427 9538 -5220
-11072 14858 2508 -6293 10509 -4958
-11704 14756 2286 -6626 10589 -4539