2108 20615 6811 -15692 -23440 -13295
1485 21144 6901 -16009 -24533 -13590
778 21700 6766 -17032 -25288 -13644
318 21936 6606 -18098 -25479 -13904
214 21821 6544 -18569 -25048 -14024
-341 22001 6409 -19101 -24856 -13891
-674 21926 5972 -19953 -25207 -13496
-816 21693 5353 -19820 -25156 -13419
-1004 20854 4945 -17992 -25034 -13579
-788 19828 5045 -14826 -24587 -14100
-1072 19928 5097 -11949 -24201 -14594
-1457 20390 5312 -10075 -24275 -15192
-1489 20357 5720 -9290 -23955 -15761
-1558 20137 5669 -8453 -23668 -16070
-1512 19553 5609 -8288 -23218 -15818
-1366 19257 5334 -8043 -22963 -15232
-1430 18752 4629 -7669 -22482 -14762
-2024 18605 4170 -6944 -22107 -14537
-2762 19134 3826 -6269 -21745 -14603
-3629 20096 3704 -5904 -21973 -14312
-4044 20522 3672 -6555 -22766 -13858
-3918 20000 3301 -6493 -23742 -13581
-3737 20226 2821 -5937 -24015 -13267
-3228 20702 2677 -5918 -23424 -13174
-2934 20736 1866 -5596 -21720 -12586
-3052 21008 1772 -3400 -20370 -11128
-2496 20721 2562 -2596 -19459 -9934
-2489 20534 2229 -1809 -18315 -9361
-2038 20652 1874 -96 -16455 -8733
-925 19709 972 3123 -13461 -8161
-1090 19541 464 7294 -9556 -7571
-1793 20296 -729 10415 -5487 -7101
-2656 20842 -1316 11367 -1576 -7125
-3292 20917 -2577 10884 1500 -7472
-3532 21317 -3174 9269 3978 -7414
-3669 21853 -2748 6388 5732 -7181
-3562 21804 -2344 3348 7676 -6630
-3949 21101 -2048 1093 7468 -5567
-3124 20032 -1540 720 8224 -4063
-2504 20565 -780 1586 7863 -2376
-1960 20628 -694 2103 9928 -1640
-2318 20385 -709 3201 12066 -1697
-2825 20084 -860 4843 13432 -1955
-3918 19558 -1150 6468 13916 -2418
-4257 19232 -725 7194 13321 -3058
-6628 18605 253 7847 12196 -3105
-5005 18080 5324 16161 6322 -1751
-1861 19289 5758 15287 6580 -2927
-1869 18148 3858 18827 5487 -2819
818 15765 3081 21487 7740 -3151
84 18210 381 24014 11249 -2477
-2180 15530 184 23467 11456 -3490
-1957 16361 -2290 22770 13158 -4186
-3210 16614 -2898 20514 13809 -4417
-3752 17634 -3338 17497 13945 -4360
-4418 17672 -2950 15220 12829 -3739
-4040 18066 -3157 13250 12688 -3522
-3732 17725 -3340 14065 12848 -2959
-2912 17149 -4436 16805 13925 -2997
-1934 18077 -6260 21036 18561 -3506
-4300 17741 -6538 24468 20633 -3758
-5146 19788 -7200 21955 20434 -4403
-4629 18816 -8285 17953 19506 -4786
-3558 18170 -8297 15751 19062 -3696
-4113 18717 -6893 13245 18058 -1470
-15642 22361 -200 11504 8988 3199
-17273 20156 437 10858 -7793 11184
-9 25198 -2806 1154 -9475 14915
-2980 17370 -3310 -4167 -2480 9789
-6634 8798 -3853 -168 -8306 9375
-2069 11038 -5764 6378 -6629 10317
-822 15897 -4312 10790 -1926 10572
-246 22880 -2777 13365 153 4082
-142 23642 -3462 11321 2657 6577
313 20244 -4690 10950 2818 6637
2465 18438 -5132 10035 1974 4971
2157 15701 -8330 10246 1353 5058
-64 13926 -11837 11768 322 7132
1322 13794 -13006 12493 728 8327
153 14841 -12413 10079 -2280 10109
4325 15874 -8472 7879 -4949 12730
10373 20842 -1080 3320 -7682 14880
19306 23582 7101 137 -7285 17442
14692 26566 9641 -723 -9157 17710
9540 23918 -405 633 -6673 12362
6161 22980 -2978 5631 -2666 9588
1958 23542 -7000 8481 930 7938
10529 29938 -7909 9720 4449 5468
14000 31420 -4998 11644 10493 1739
16324 31864 -2684 11949 15378 -2232
10338 26594 -8652 12476 18377 -4662
718 20441 -19805 9375 20082 -5942
3068 23530 -24574 2994 31067 -4647
-9242 20372 -24884 -2804 29445 -4221
-11360 15105 -25166 -3776 20537 -653
-6958 15209 -21926 -6622 18131 -135
-2586 16152 -17184 -10034 20000 -1145
-7132 9969 -17492 -6729 16694 -4258
-4588 11664 -21592 -1160 18789 -2572
-17588 630 -7330 1918 1257 -14733
-15454 -27724 -5749 14786 -26467 -14462
3144 -19946 481 25031 -14324 -16110
-1486 1932 -1696 19578 -2997 -14015
-2296 2961 -486 10236 -22505 -9000
11598 17281 -10165 3084 -5058 304
3962 19558 -8040 -2381 5314 2651
2994 14128 -15528 1770 5962 2798
1561 6170 -13617 19722 9958 -2768
-789 6604 -14962 32767 10466 -10665
4718 4004 -14994 32767 16735 -12652
4561 8342 -16489 32767 19674 -16104
4141 12418 -18858 32630 24206 -16111
4805 15717 -19981 29603 27310 -13652
944 18916 -18580 27065 28274 -10861
-5528 26745 -15748 25166 18836 -2345
-1644 27660 -8628 20233 2222 5056
9172 17581 -14709 26811 115 10890
9088 18458 -15977 32161 3245 10484
5258 15156 -14697 26967 -2728 10327
9224 5977 -21628 19429 -2413 4001
14154 5116 -16144 19761 2410 481
1756 11744 -20849 19712 6319 1515
2332 13157 -21396 21268 1107 6717
-328 23256 -21742 18811 4401 9770
-1932 16830 -17300 27985 -3853 2539
2312 1414 -10477 32767 -5175 -3926
682 3140 -3120 31663 -8613 -6259
5202 4413 -6492 23695 -14816 -3934
13596 -3949 -7792 14133 -3463 -423
9981 118 -7780 3141 7122 4462
6737 2733 -7428 -3525 3392 10174
9388 2197 -8856 -5541 2794 10266
11585 3962 -7641 -5656 1573 10458
12772 8250 -7382 -5266 -275 9729
11528 6376 -11952 -585 8264 6146
2005 9214 -17540 -5322 15037 4887
-6684 7285 -24304 -10114 8753 6707
-3962 6448 -27476 -12797 9202 6794
-3996 7645 -25869 -8581 -931 2808
5328 4897 -18194 -6992 -5042 317
9015 9007 -14580 -12466 -141 -514
11260 15615 -20399 -27128 8581 80
20806 30158 -26881 -32768 27111 399
3263 7252 -6581 -32768 23039 -12390
-624 638 -19918 -17648 14846 -16935
-5521 12159 -17544 -32768 12200 -18202
20831 19399 -21773 -32768 19085 -13702
7165 26153 -32360 -32768 27032 -9816
-5465 9430 -20077 -32768 8103 -7199
-5765 21742 -18717 -32768 9129 -5273
-7586 16968 -15188 -32768 11245 -10521
808 11257 -15618 -32768 14852 -9966
6622 7940 -13212 -32768 20100 -10149
8437 -9280 1658 -32768 18245 -12607
9934 -29409 25331 -25937 4630 -14547
11700 -556 4570 -10094 7456 -6950
2880 18538 -113 -11572 907 -2785
528 16864 3510 -5147 -1551 -3013
865 19026 4049 -6418 -1204 -2598
4641 16289 3865 -4721 -1077 -3908
8849 12022 1872 -2588 -305 -2114
9769 14832 -476 -1768 -1547 -972
8522 17692 361 -851 -3213 -326
5440 19849 4097 118 -4266 -72
2557 17625 6157 1048 -4462 -342
1588 14112 5105 2334 -3227 331
4817 15136 1721 2258 -3128 770
7438 15238 1590 2844 -3986 1837
5745 17949 2800 3158 -4920 3287
4277 18036 4862 3314 -4672 3503
4652 17820 3972 2878 -4220 2823
6057 17122 2834 2946 -4491 2059
6661 17598 2712 3217 -4714 1986
5765 18280 3053 2796 -4618 2091
6257 17713 3596 2821 -4058 1743
6480 17330 3496 2998 -2990 1464
6268 17534 2785 3112 -2290 977
6165 17848 2557 2643 -1856 1134
6090 18476 2722 1980 -2121 1238
6285 17962 3682 1889 -1979 991
5972 17837 3006 2146 -1442 410
6089 18060 1621 1964 -1284 -331
6422 18632 1293 1413 -1883 -599
6648 18796 1670 925 -2189 -1230
6506 18558 2694 736 -2245 -1485
6916 17342 2630 984 -1444 -1965
6538 16874 2457 1608 -928 -2114
6340 16121 2229 2413 -723 -2237
5609 15394 1726 3414 -546 -2058
4766 17498 1541 5046 -1331 -2285
4044 17864 160 4957 -2086 -2674
3656 18586 269 4687 -4129 -2458
3237 17234 870 4418 -6164 -2768
5148 15768 580 4503 -6041 -1992
5086 18340 344 4115 -5315 -1747
4753 18016 1065 5289 -5949 -2492
5209 17437 912 6525 -5338 -3235
5437 19696 106 6850 -5090 -3833
4444 19870 -294 6319 -5789 -4008
4661 18940 -1069 5749 -5998 -4286