-9529 -3006 8812 15391 -4865 -4094
-9093 -3562 8102 16515 -617 -6366
-9381 -3074 7170 18277 3734 -8836
-9985 -2832 6837 19599 6458 -10775
-10253 -2426 6456 20699 7041 -11859
-10328 -1978 5772 22003 8362 -13044
-10812 -1568 5064 24232 10059 -14081
-11658 -1012 4708 25800 9664 -14240
-12268 -302 4285 27126 9797 -13782
-13196 468 4218 27572 9206 -12930
-13758 941 4113 27119 7316 -12149
-14221 1800 3621 25988 5235 -11480
-14849 2516 3466 24156 2847 -10818
-15398 3017 3316 22192 693 -10351
-15756 3296 3142 20427 -1184 -10143
-15824 3410 3048 18929 -2605 -10230
-15905 3540 2976 17807 -3267 -10506
-16052 3490 2997 17033 -3197 -10794
-15996 3230 2996 16170 -2859 -10998
-15910 3021 3032 15430 -2108 -11211
-15938 3124 3049 14842 -1237 -11451
-15890 3078 3170 14394 -245 -11698
-16029 2936 3274 14311 651 -11883
-16330 2564 3309 14210 1452 -12028
-16916 2184 3420 13706 2324 -12235
-17874 2012 3550 13368 2729 -12396
-18264 1746 3564 13512 2779 -12529
-18658 1472 3504 14120 2712 -12620
-18778 1176 3321 15128 2415 -12504
-18574 1037 3070 16428 2001 -12272
-18229 1062 2677 17692 1662 -11964
-17889 1129 2598 18729 1489 -11494
-17464 1130 2720 19479 1511 -10965
-16922 1117 2988 19994 1825 -10370
-16421 1082 3049 20211 2326 -9769
-15913 1269 3025 20091 2985 -9319
-15572 1461 2954 19743 3675 -9072
-15306 1681 2993 19169 4280 -9098
-15077 1916 2966 18429 4744 -9400
-15018 2058 3101 17502 4956 -9825
-15012 2208 3218 16335 5056 -10364
-15128 2228 3454 14918 5080 -10950
-15257 2198 3676 13368 4942 -11494
-15444 2184 3864 11782 4640 -11943
-15516 2094 3981 10176 4257 -12339
-15740 1933 4005 8875 3808 -12741
-15921 1800 4030 7968 3409 -13172
-16133 1584 3958 7469 2988 -13665
-16445 1321 4017 7373 2673 -14121
-16624 1241 3906 7638 2492 -14541
-16825 1260 3846 8055 2469 -14940
-17053 1257 3924 8455 2679 -15213
-17329 1288 3769 8858 2977 -15384
-17561 1322 3750 9257 3353 -15466
-17965 1368 3698 9633 3755 -15515
-18293 1290 3749 9860 4188 -15487
-18841 1213 3738 9964 4635 -15361
-19394 1174 3846 10066 4948 -15156
-19836 1090 3964 10070 5195 -14901
-20009 1257 4025 10103 5371 -14575
-19809 1602 4062 10006 5493 -14184
-19425 1945 3918 9889 5642 -13748
-19054 2264 3806 9737 5769 -13188
-18702 2420 3590 9606 5824 -12517
-18397 2469 3525 9529 5815 -11682
-18172 2381 3477 9455 5847 -10672
-17982 2313 3344 9318 5825 -9481
-17728 2322 3318 9109 5802 -8187
-17448 2393 3246 8884 5621 -6811
-17149 2128 3257 8700 5316 -5492
-17034 1896 3221 8854 4949 -4261
-17108 1662 3184 9178 4353 -3290
-17169 1434 3110 9581 3717 -2461
-17476 1205 3005 9980 2996 -1842
-17697 921 2894 10399 2240 -1395
-17992 562 2869 10839 1598 -1129
-18401 181 2768 11274 994 -1039
-18773 -124 2797 11630 514 -1064
-18888 -190 2918 11827 220 -1113
-18825 -65 3113 11896 115 -1377
-18526 196 3081 11931 129 -1746
-17984 605 2858 11990 365 -2226
-17384 881 2685 12017 749 -2707
-16748 1181 2498 12041 1268 -3082
-16144 1396 2426 12173 1900 -3258
-15497 1578 2368 12302 2689 -3239
-15110 1840 2372 12331 3464 -3051
-14784 1994 2417 12214 4204 -2671
-14606 2144 2444 11972 4719 -2214
-14514 2101 2410 11664 5071 -1765
-14629 2064 2362 11324 5187 -1368
-14900 1940 2402 10902 5099 -1059
-15162 1661 2450 10424 4764 -828
-15449 1438 2518 9872 4338 -695
-15785 1262 2653 9218 3857 -642
-16105 1072 2785 8511 3423 -694
-16397 945 2950 7747 3030 -845
-16549 869 3072 6984 2785 -1036
-16784 732 3214 6248 2723 -1296
-16844 640 3354 5549 2788 -1526
-16672 642 3418 4960 3068 -1783
-16490 677 3536 4393 3569 -2010
-16281 748 3698 3873 4082 -2152
-16038 828 3805 3418 4611 -2245
-15888 950 4030 2928 5074 -2310
-15808 1090 4258 2332 5432 -2290
-15758 1153 4549 1687 5687 -2211
-15840 1137 4740 1028 5872 -2077
-15970 1117 5029 416 5823 -1892
-16044 1026 5184 -40 5668 -1691
-16154 856 5429 -439 5473 -1459
-16217 785 5646 -772 5222 -1221
-16194 692 5832 -1028 5038 -957
-16153 654 5881 -1178 4872 -672
-15980 557 5968 -1227 4739 -421
-15842 421 6033 -1177 4665 -118
-15704 193 6036 -974 4649 215
-15413 166 6093 -576 4662 523
-15006 4 6102 167 4685 890
-14590 -145 5884 1202 4806 1204
-14317 -313 5817 2356 4854 1442
-14088 -460 5577 3645 4833 1636
-14014 -585 5306 5091 4753 1789
-14025 -622 5074 6503 4552 1920
-14300 -598 4790 7734 4202 1985
-14660 -642 4526 8707 3617 1993
-15050 -750 4334 9301 3030 1971
-15494 -737 4373 9600 2389 1913
-15820 -730 4318 9591 1758 1806
-16174 -770 4270 9319 1214 1590
-16398 -834 4354 8969 763 1290
-16581 -904 4383 8475 404 801
-16615 -907 4415 7863 231 160
-16813 -950 4494 7232 466 -642
-17518 -1391 4722 6613 982 -1518
-18783 -2404 4730 6271 1531 -2490
-21066 -3827 4948 6363 1992 -3558
-22526 -4121 5770 6382 2226 -4523
-22513 -3285 6614 5946 2627 -5424
-21048 -1064 7140 4357 3580 -7022
-18837 670 7138 2383 4669 -8031
-17376 1494 6953 1242 5424 -8218
-15626 1910 6600 494 6051 -7981
-14089 2153 6128 138 7080 -7383
-13128 1996 5628 419 7955 -6301
-12498 1533 5238 1116 8636 -4896
-12314 1018 4817 2123 9114 -3170
-12718 593 4552 3294 8880 -1315
-13057 -69 4176 4820 7995 379
-13789 -1021 3694 6648 6496 1971
-14908 -1864 3340 8501 4710 3652
-16086 -2536 3130 10363 2405 5351
-16964 -3146 2897 12232 81 6732
-17526 -3545 3017 14149 -2130 7730
-17934 -3933 3058 15977 -4309 8479
-18253 -3958 3161 17622 -6102 8974
-18352 -3844 3192 18940 -7364 9127
-18497 -3453 3233 20012 -8122 8902
-18260 -2714 3538 20594 -8403 8527
-17660 -1873 3733 20420 -7966 7818
-17109 -1100 3961 19694 -7267 6912
-16384 -437 4166 18689 -6340 6049
-15521 37 4185 17494 -5207 5152
-14913 301 4016 16181 -4011 4482
-14326 530 3737 14772 -2942 4012
-13796 633 3653 13287 -1955 3712
-13392 708 3588 11986 -727 3368
-13481 940 3818 11244 746 2582
-13641 1098 4533 12144 3499 359
-13372 1885 5728 13196 6132 -2703
-13481 1868 5617 13348 9430 -5497
-13562 969 4693 13570 13911 -6893
-13808 597 3877 13431 17989 -6800
-14092 966 3333 12584 21258 -5972
-14637 1962 3010 10467 23638 -4137
-15276 3524 2860 7669 24823 -1646
-15877 4882 3225 4884 24550 1297
-16468 5364 3906 2963 22697 4125
-17102 5358 4526 2262 19753 6495
-17705 6013 4929 2424 15318 8225
-18106 6781 5308 2813 10419 9463
-18621 7393 5932 3411 4989 10259
-18997 7734 6206 4167 140 10879
-18949 8230 6404 5419 -3421 11317
-18898 8692 6765 6810 -5974 11678
-18645 8886 7061 8045 -7643 12311
-18576 9525 7588 8673 -8338 12958
-18532 10221 8149 8818 -7865 13529
-18948 11125 8552 8590 -7200 14260
-19038 11482 8646 8143 -6337 15046
-19374 12041 8589 7909 -5329 16211
-20037 12488 8670 8591 -4788 17359
-20874 12917 8656 10058 -4495 18162
-21568 13765 8453 11538 -4506 18971
-22028 14525 7990 12682 -4729 19594
-22433 14756 7393 13846 -5416 20260
-22448 15525 6548 14289 -5902 20914
-22748 16425 5757 14081 -6244 21501
-23010 17082 5280 13470 -6666 22052
-23204 17254 4674 12302 -7374 22822