-19608 825 1410 -14310 435 12996
-19702 568 1398 -14349 539 13360
-19738 420 1336 -14317 963 13677
-19701 380 1301 -14048 1610 13945
-19360 140 1198 -13456 2519 14064
-18946 18 1084 -12693 3434 14058
-18586 -24 957 -11285 5068 13815
-18323 566 729 -9644 6975 13321
-18377 1154 593 -9003 8096 12988
-18473 1859 367 -9395 9031 12671
-18752 2270 164 -10517 9424 12594
-18834 2143 -287 -12169 9167 12921
-18754 1629 -681 -13567 8576 13349
-18428 1491 -769 -14120 7987 13489
-17991 1665 -323 -14789 7164 13587
-17618 2101 13 -15450 6798 13677
-17506 2693 293 -16137 6673 13655
-17308 3100 500 -16588 6876 13539
-17168 3186 516 -16953 7341 13296
-16654 3186 568 -17012 7922 13100
-16572 3308 429 -16542 8656 12871
-16585 3483 160 -15213 9429 12276
-16436 3496 148 -14463 9507 12059
-16337 3965 86 -13557 9397 11864
-16062 4491 54 -13035 9581 11482
-16211 4728 -92 -12694 9408 10979
-16265 4827 -99 -12411 8863 10476
-16317 5057 -26 -12379 8273 9935
-16211 5005 -138 -12023 7781 9261
-15995 5199 -342 -11057 7735 8538
-15836 5633 -253 -10168 7840 8014
-15396 6047 -115 -9148 8419 7648
-15090 6116 -190 -8558 8874 7506
-15087 5946 -344 -7697 9283 7315
-15170 5603 -401 -6235 9383 6906
-15242 5364 -341 -4872 9316 6421
-15336 5296 -489 -3641 8982 5836
-15266 5210 -618 -2587 8689 5311
-15476 5372 -630 -1990 8413 4892
-15581 5537 -721 -1528 7896 4329
-15753 5580 -680 -1119 7302 3795
-16265 5797 -493 -1216 7025 3576
-16706 5569 -466 -1516 6647 3558
-17026 5182 -677 -1447 6563 3501
-17626 4853 -671 -519 6255 3157
-17692 4672 -818 899 5641 2785
-17585 4582 -1188 2594 5377 2369
-17462 4857 -1265 4433 5327 2155
-17274 5558 -1441 6225 5269 2017
-17280 6674 -1518 7280 5041 2122
-17036 7310 -1502 7534 4914 2349
-16770 7701 -1132 6786 4884 2890
-16584 7802 -1316 5178 4973 3519
-16700 7347 -1606 3937 4847 4016
-16680 6830 -1874 3429 4565 4683
-16215 6577 -1925 3844 4302 5365
-16148 6696 -1888 4764 3965 5823
-15944 7309 -1692 6117 3383 6071
-15437 8484 -1798 6276 3026 5708
-15426 9066 -1798 5474 2619 5480
-15056 9463 -1839 3844 1706 5335
-15118 9488 -2029 -274 417 4522
-14241 7133 -2230 -1812 -2599 2982
-14288 7990 -2565 -3234 -3106 2948
-13600 7581 -2125 -2988 -5345 2575
-12746 7934 -1712 -1502 -5349 1961
-12882 9577 -1300 96 -5805 1716
-12346 9813 -1021 623 -6276 1570
-13015 9470 -3147 577 -753 2222
-15380 12322 -602 900 952 2060
-14290 10609 -1488 2275 2486 4138
-14758 10516 -1028 3723 4221 6113
-16504 14393 -1707 1778 3638 8859
-16266 15158 -2744 -4136 2594 9620
-16118 14010 -2408 -6701 1605 8849
-14256 13206 -3041 -6269 2176 7937
-13172 12506 -3386 -4191 1990 6957
-12510 11752 -3524 -1797 1244 6039
-11542 10584 -3366 802 1301 4000
-11255 10688 -3669 4095 3588 1423
-12458 11986 -3708 5991 4712 562
-13153 13703 -2464 5242 3915 1131
-13157 14532 -912 4329 2592 1866
-13070 13753 -700 3613 2153 1960
-13186 12656 -361 3333 2530 1974
-13393 12600 -384 2487 3029 1380
-12977 11107 -39 2444 3685 782
-14152 11004 130 1672 3988 1537
-15140 11258 -740 -380 3039 2744
-13513 11077 -2518 -2094 2742 2715
-13264 9085 -1897 -2797 3631 2209
-15810 11186 -1355 -3374 2588 2868
-15036 11950 -1884 -4817 1600 2316
-14469 12001 -1332 -4905 1775 2258
-13893 13201 -993 -4940 1916 2349
-13649 14141 -1594 -5402 2395 2486
-13812 14285 -1044 -4892 2468 2407
-13606 13778 -1090 -4531 2665 1744
-13616 12544 -1497 -4682 2268 1512
-13173 12241 -1934 -5656 2404 1635
-12298 13204 -2240 -6831 2933 1652
-11194 13865 -2178 -6860 3183 1496
-11120 13973 -1753 -5955 3026 1666
-10902 14993 -2204 -5504 2559 1810
-11424 15334 -2424 -5227 1930 1970
-11328 15572 -2620 -5524 1277 1906
-10796 15469 -2612 -5612 1108 1784
-10444 14858 -2508 -4972 968 1645
-10278 15463 -2738 -4747 1114 1618
-10518 14760 -2925 -4778 931 1577
-10878 14108 -2546 -4026 556 1631
-10406 14665 -2569 -3119 724 1526
-10359 15761 -2346 -2466 844 1359
-10106 15954 -2400 -2112 552 901
-9920 15748 -2611 -1989 231 534
-9814 15016 -2895 -1995 -432 430
-10306 14698 -2965 -2155 -930 889
-10113 14578 -3074 -1729 -1303 1589
-9721 15580 -3367 -1545 -598 2174
-10128 15726 -3074 -1392 -381 2589
-9852 16152 -2806 -994 -697 2530
-9880 16396 -2644 -633 -458 2173
-10008 15988 -2222 310 -910 1590
-10008 15744 -2136 1260 -1107 1001
-10447 15385 -2260 1288 -1619 1050
-10528 15092 -2400 1171 -2186 1452
-10227 15412 -2303 509 -2379 1782
-9909 15544 -2109 -130 -2625 1563
-9844 15778 -2169 -155 -2810 892
-9758 16004 -2056 196 -2520 483
-9643 15765 -1748 946 -2412 137
-9466 15456 -1388 2311 -2269 -210
-9770 16028 -1218 3317 -1853 -548
-10166 16310 -1370 3577 -1910 -816
-10316 16070 -1553 3937 -2089 -573
-10349 16140 -1602 3163 -2607 155
-10357 15781 -1634 1668 -2989 873
-10074 15369 -1604 529 -3383 1094
-10006 15288 -1644 79 -3901 1098
-10536 15476 -1582 113 -4116 1085
-10392 15656 -1572 45 -4351 1168
-10256 15633 -1682 -215 -4065 1174
-9982 15578 -1706 -396 -3766 1012
-9729 15190 -1876 -306 -3189 688
-9892 14960 -1717 320 -2775 359
-9996 14698 -1577 640 -2918 216
-10405 15285 -1528 820 -2614 103
-10721 16002 -1570 848 -2949 400
-10838 16510 -1566 676 -2991 728
-10891 16937 -1516 -196 -3596 1201
-10106 16497 -1241 -821 -4312 1442
-9920 16109 -924 -832 -4462 1271
-9749 15942 -689 -406 -4779 874
-9528 15590 -304 -5 -5127 748
-8969 15269 -506 48 -4685 514
-9068 15164 -441 60 -3983 336
-9391 15384 -461 119 -3430 344
-9790 15566 -534 295 -3467 634
-10062 16324 -561 -107 -2756 1338
-11039 17787 72 -2916 -2472 2700
-11757 18906 156 -6993 -3243 4668
-11458 19320 204 -10205 -3988 5622
-10850 16785 809 -12171 -5805 6108
-7486 12597 1949 -8991 -6837 3781
-6979 12402 1928 -4271 -4976 1553
-8348 14292 1762 -898 -4165 566
-9145 16096 1188 -79 -3354 328
-9736 16132 1438 -114 -3583 319
-10306 16578 1200 -504 -4153 200
-9370 16145 577 -611 -3488 -310
-10226 15617 879 396 -5160 -461
-8481 15340 293 1688 -3745 -1103
-10441 16060 1038 2490 -4959 -1274
-9320 16229 821 2793 -4632 -1389
-9564 16039 1072 2618 -5440 -1299
-9313 15119 1258 2808 -6248 -1334
-10197 15749 1605 2658 -6312 -1054
-8908 15209 684 2485 -5716 -809
-10129 16449 1813 2288 -6583 -460
-9368 17286 1373 1180 -5934 -264
-9858 17358 2325 -113 -7668 -262
-8913 17321 1788 -924 -7429 105
-9129 16957 2159 -1979 -8561 35
-9666 17200 2421 -2976 -8523 503
-8601 15678 2561 -2256 -8774 -186
-8858 15478 2786 -982 -8845 -1188
-8914 16542 2216 -712 -7688 -1061
-8948 15966 2715 -843 -7653 -1510
-9130 16242 3633 -989 -7394 -1732
-7541 15421 3870 -398 -5862 -2184
-8516 16258 4317 157 -5260 -2086
-8892 16776 4075 -103 -4718 -1654
-9643 16961 3386 -2181 -3633 -1193
-9329 16200 2853 -2708 -3318 -1176
-10232 16555 2859 -3675 -3162 -1006
-9773 16097 2478 -3609 -3035 -1282
-9789 15710 2210 -3392 -2849 -1481
-9714 15573 2204 -3186 -2342 -1443
-9678 15936 2185 -3070 -1828 -1481
-9625 16172 2014 -2968 -1419 -1490