-7844 7273 13324 -877 1841 918
-8120 7453 13302 -1472 1911 1035
-8229 7420 13449 -1998 1747 1014
-7777 7596 13369 -2658 1627 802
-7676 7541 13565 -3376 1641 660
-7284 6985 13628 -3649 1997 356
-7596 6917 13357 -4170 2797 114
-9752 5784 14668 -3424 2147 223
-9745 5374 15244 -1400 887 351
-10305 6074 15161 -1163 344 351
-10757 6238 15480 -1346 -4 281
-10856 5601 15808 -1187 -601 156
-10753 5410 15598 -592 -608 280
-10706 5317 15189 217 -355 396
-10442 5384 14786 642 -261 352
-10016 5376 14078 1112 145 185
-9937 5305 13648 1565 598 112
-9941 5038 13426 2441 888 140
-10406 5044 13053 3485 804 213
-10465 5053 13018 4119 574 230
-9994 4949 13325 4371 209 369
-9984 5497 13416 3963 -160 916
-9664 6109 13476 3024 -865 1580
-9121 6485 13685 2051 -1408 1828
-8652 6780 13680 1011 -1582 1887
-7926 6756 13905 236 -1469 1558
-7568 6894 13969 -72 -917 1063
-7112 6788 13913 -129 0 554
-7001 6737 13934 -70 926 146
-7006 6824 13966 -4 1680 -3
-7067 6937 14089 -66 2200 74
-7406 7102 14005 -359 2227 226
-7517 6970 14046 -383 1878 431
-7665 6998 14085 -529 1231 618
-7610 6905 14038 -254 779 709
-7346 6812 14036 61 546 823
-7104 7085 14178 -113 335 840
-7036 7041 14162 -397 275 668
-6909 6874 14126 -605 444 416
-6972 6888 14126 -754 683 159
-7044 6692 14118 -820 850 -182
-7162 6673 14141 -594 1123 -436
-7401 6852 14374 -562 1187 -544
-7602 6794 14308 -678 1188 -687
-7762 6597 14250 -572 1089 -636
-7940 6630 14380 -214 889 -507
-8106 6814 14497 123 629 -380
-8232 6880 14644 138 400 -355
-8340 6902 14352 42 263 -519
-8261 6786 14382 68 259 -645
-8198 6616 14465 363 266 -769
-8313 6732 14420 672 427 -831
-8320 6757 14313 958 615 -888
-8498 6973 14245 1008 827 -918
-8654 7038 13993 920 1040 -915
-8798 7154 13870 679 1235 -864
-8860 7000 13890 516 1309 -745
-9228 7104 13893 356 1304 -611
-9324 7004 14022 209 993 -474
-9376 6816 14044 338 699 -326
-9382 6896 14137 502 476 -196
-9381 7012 13998 464 253 -188
-9184 6870 13818 402 209 -194
-8998 6818 13709 363 339 -159
-8854 6805 13752 197 534 -96
-8900 6760 13832 -229 701 -88
-8873 6501 13884 -350 698 -188
-8868 6364 13740 -121 666 -272
-8821 6133 13880 410 533 -391
-8821 6389 13826 783 481 -417
-8930 6453 13760 864 451 -514
-8924 6722 13784 766 458 -536
-8950 6905 13668 381 334 -480
-8876 6853 13669 90 233 -358
-8749 6832 13686 50 235 -205
-8720 6896 13560 66 388 -94
-8550 6734 13472 246 634 -94
-8556 6795 13517 105 949 -1
-8596 6694 13582 -12 1099 69
-8826 6648 13578 -83 1215 3
-8929 6605 13826 -212 1069 -179
-8885 6714 13832 -192 832 -345
-8749 6666 13921 -158 725 -485
-8549 6837 14044 -105 713 -489
-8538 7105 14086 -185 757 -396
-8577 7190 14066 -272 735 -307
-8609 7100 13930 -334 670 -185
-8606 7072 13908 -411 641 -72
-8602 6913 13782 -397 547 80
-8642 6886 13712 -511 374 216
-8566 6710 13548 -589 341 272
-8476 6621 13541 -597 323 260
-8649 6610 13469 -742 317 210
-8682 6616 13620 -799 269 156
-8854 6594 13724 -698 328 82
-9029 6686 13780 -570 341 56
-9122 6769 13733 -453 391 12
-9169 6821 13876 -363 453 13
-9174 7010 13926 -421 505 23
-9226 6961 13962 -610 446 -43
-9329 6942 14017 -670 502 -88
-9420 7064 14148 -778 423 -98
-9573 7124 14093 -762 320 -97
-9600 7226 14013 -730 134 36
-9674 7409 13998 -571 -70 394
-9873 8028 14158 -742 -485 816
-9740 8050 14100 -863 -819 1150
-9506 8072 14170 -1055 -972 1635
-9344 8134 14104 -1150 -1141 2010
-9015 8063 14068 -983 -1177 2302
-8629 8088 13890 -749 -1084 2623
-8392 8460 13530 -761 -1016 2806
-7884 8621 13628 -1126 -902 2993
-7527 8777 13621 -1945 -547 3526
-7342 8577 13728 -2620 -360 3982
-7100 8226 14028 -3201 -89 4495
-7047 7795 14334 -3795 2 4807
-6943 7228 14404 -3830 256 4750
-7116 7137 14633 -3487 304 4555
-6993 6877 14629 -2970 206 4257
-7109 6940 14500 -2413 42 4013
-6981 6849 14612 -2306 -280 3884
-6882 7061 14674 -2454 -449 3827
-6839 7024 14693 -2887 -646 3789
-6802 6780 14678 -3174 -679 3716
-6842 6586 14756 -3403 -612 3565
-7029 6506 14578 -3586 -603 3313
-7082 6138 14564 -3820 -722 2989
-7038 5862 14644 -3929 -641 2594
-7166 5765 14782 -4126 -429 2188
-7045 5238 15049 -4101 -217 1835
-6973 4805 15310 -3770 72 1496
-7064 4276 15586 -3114 403 1130
-7046 2906 15569 -1714 780 852
-8404 1717 15429 878 834 1426
-8216 2074 15560 3767 95 1699
-8041 2712 14840 7059 925 1017
-7740 3842 14633 9178 2459 -273
-8237 5889 14225 9885 3734 -1616
-9336 8276 13961 7605 4233 -2988
-9937 8824 14413 5662 4727 -3897
-10302 9504 14748 4178 4546 -4213
-10820 10002 14912 2638 4125 -3897
-11119 9960 14771 556 3249 -3055
-11151 8998 14306 -795 1562 -1603
-10520 7704 13705 -244 143 -444
-9929 6956 12981 838 -604 16
-9294 6521 12479 1757 -641 -93
-8733 6284 12560 3261 -469 -391
-8521 6553 12150 4139 212 -700
-8564 6908 12172 3901 628 -850
-8654 7014 12128 2593 1235 -1090
-8936 7086 12496 1626 1193 -1119
-8991 7031 11964 1009 1154 -1169
-9233 6926 11420 46 814 -946
-9030 6974 11372 -794 658 -547
-8744 6932 11696 -1310 869 -168
-8764 6976 11884 -1566 1102 13
-8981 6928 12144 -1737 1618 -64
-9139 6635 12290 -1344 1976 -497
-9300 6614 12293 -850 2309 -718
-9562 7109 12176 -567 2322 -975
-10035 7531 12145 -592 2138 -985
-10352 8176 12500 -745 1858 -803
-11124 8578 12871 -1056 1217 -99
-11494 8698 12970 -1266 -79 871
-11332 8459 12936 -1088 -1170 1691
-11110 8228 12806 -400 -2175 2531
-10452 8048 12561 619 -2629 2943
-9545 7666 12368 1949 -2462 3287
-9005 8028 12284 2454 -1700 3760
-8533 7985 12401 2679 -1175 3986
-8126 8359 12772 2561 -384 4312
-8066 8792 12754 1680 8 4367
-7986 9005 12976 388 -121 4230
-7757 9089 12880 -1291 -99 3974
-7528 8229 12872 -2554 181 3528
-7168 7460 13206 -2800 655 3081
-7124 7297 13589 -2169 890 2647
-7198 7400 14036 -1533 905 2175
-7203 7450 14076 -906 1099 1610
-7158 7536 14377 -423 1370 1203
-7174 7508 14532 -304 1584 992
-7205 7434 14686 -328 1704 797
-7420 7340 15054 -400 1649 555
-7628 6705 15324 -285 1033 114
-7754 6448 15221 674 577 -500
-7944 6241 15446 1871 -444 -940
-7825 6464 15518 2998 -1490 -1461
-7809 6998 15308 4185 -2567 -1894
-7668 7413 14711 5662 -3048 -2231
-7865 8041 13950 6015 -3112 -2274
-7836 8640 13566 5444 -3041 -2222
-7872 9176 13212 4098 -2759 -1995
-7722 9193 12753 3146 -2377 -1899
-7714 9754 11862 2062 -1732 -1740
-7839 9742 11407 620 -1080 -1526
-7572 9630 11206 -112 -344 -1258
-7480 9589 11009 -898 761 -853
-7329 9421 10906 -2043 2322 -371