-9408 9537 12672 3052 -1024 2752
-8960 9566 12594 3048 -1342 2709
-8341 9242 12281 2578 -1337 2163
-8061 9516 12536 2207 -962 1903
-7472 9818 12733 1689 -829 1726
-7132 9850 12817 1171 -542 1481
-6894 9852 12769 498 -158 959
-6593 9925 12729 -297 333 283
-6382 9866 12930 -737 773 -263
-6157 9950 12993 -1128 1472 -946
-6429 10001 13252 -1643 1851 -1545
-6644 9853 13372 -1848 2132 -1941
-6829 9721 13546 -1743 2210 -2243
-7268 9309 13992 -893 2091 -2283
-7754 10113 14305 296 1325 -1515
-8238 10020 14252 869 812 -1251
-8765 10748 13965 845 75 -857
-8874 10680 13742 514 -171 -728
-9181 10853 13554 180 -449 -548
-9161 10569 13236 190 -564 -414
-9296 10404 12906 424 -711 -287
-9161 10038 12629 773 -791 -197
-8708 9485 12337 1250 -776 -69
-8482 9138 12110 1768 -744 -20
-8137 8738 12142 2241 -576 -181
-8310 9045 12129 2204 -338 -413
-8764 9265 12458 1734 -249 -845
-9082 9878 12602 779 -43 -1256
-9512 10061 12724 -403 108 -1401
-9597 10038 12769 -1125 266 -1466
-9510 9870 12781 -1422 368 -1322
-9444 9568 12786 -1096 336 -1012
-9158 9493 12769 -423 211 -663
-9014 9477 12770 173 146 -394
-8866 9598 12896 502 90 -206
-8714 9658 13033 474 138 -166
-8617 9762 13249 418 237 -190
-8704 9541 13194 340 366 -260
-8801 9396 13120 453 290 -274
-8674 9264 12953 598 218 -254
-8893 9196 12977 916 107 -175
-8972 9192 12656 1037 -93 -115
-9064 9158 12494 981 -173 -30
-8767 9222 12543 658 -89 64
-8714 9160 12398 253 26 -9
-8460 9252 12453 -41 163 -182
-8282 9298 12488 -306 377 -365
-8524 9318 12466 -372 613 -590
-8565 9397 12442 -552 798 -760
-8629 9418 12413 -531 916 -796
-8905 9546 12258 -542 1036 -722
-9238 9594 12033 -489 1061 -520
-9550 9725 11910 -532 1107 -311
-9894 9730 11638 -525 1191 -38
-10240 9634 11530 -132 1163 436
-10574 9502 11430 540 1066 1120
-10841 9309 11421 1331 1015 1852
-10938 9021 11618 2266 879 2574
-11038 9142 11694 2843 684 3005
-10920 8938 12049 2947 438 3103
-10429 8516 12580 2881 31 2969
-9970 7817 12668 3337 -617 2662
-9868 7990 12504 3779 -1137 2362
-9476 7669 12246 4437 -2325 1636
-9724 7214 11792 5370 -4100 52
-9909 6957 10552 7314 -6099 -2181
-10045 6669 10129 9336 -7992 -4308
-9938 6821 10028 11865 -10286 -6633
-7556 7101 10006 14961 -11146 -8826
-5989 8758 10066 16831 -9770 -10333
-5172 10432 10164 17108 -7704 -11146
-5092 12836 9737 15538 -5632 -11312
-5700 14152 9656 12532 -3968 -10582
-6608 14669 9890 9328 -2907 -9443
-7784 14728 9717 6356 -1981 -7807
-8649 14886 10238 4482 -1865 -6409
-8817 14704 10773 4153 -2000 -5372
-8798 14662 11013 4436 -1992 -4688
-8754 14268 11453 5015 -1569 -3929
-8608 14061 11484 5551 -679 -2750
-8596 14037 11274 4718 -64 -1802
-8722 13714 11285 3366 134 -1071
-8662 13349 11265 2374 217 -518
-8638 13298 11106 960 68 -16
-8653 12872 11108 47 -180 419
-8253 12456 10921 -294 -457 986
-7950 12404 10934 -699 -701 1457
-7548 12278 11209 -1152 -953 1796
-7241 12516 11426 -1719 -788 2056
-7214 12337 11500 -2246 -283 2130
-7217 12172 11420 -2330 492 2111
-7292 11976 11364 -2293 1269 2138
-7462 12064 11344 -2349 1924 2262
-7637 12481 11274 -2514 2537 2457
-7632 12494 11050 -3085 2930 2256
-7621 12690 10582 -4517 3413 2035
-7110 12438 11140 -4841 3688 1714
-6894 12568 10545 -5173 4099 1334
-6774 12638 10290 -6547 4720 1006
-6608 12240 10542 -6812 4821 645
-6669 12770 10788 -8195 5352 272
-6716 12990 11736 -9726 5444 -200
-6461 13064 12928 -11013 5185 -797
-6321 12900 13809 -12085 5210 -1389
-6762 11997 13906 -13268 5547 -2148
-6834 11229 14733 -12944 6059 -2712
-8438 9640 15985 -9393 5587 -2428
-9564 8962 16404 -4662 2764 -1083
-9781 11241 16152 -2019 1044 -189
-10026 11042 15176 249 -1719 455
-9173 11659 14743 1047 -2709 1078
-9205 11692 14381 1027 -2160 1149
-8776 11148 13914 1770 -1537 950
-9229 10488 12821 2240 -692 469
-9601 10081 12182 2218 25 19
-10071 10103 11594 2096 318 -150
-10560 9768 11116 1791 179 -373
-11200 9597 10411 921 -229 -75
-11266 9218 10085 212 -1288 791
-11354 9053 9884 224 -2227 1879
-11465 9054 9686 310 -2802 2659
-11381 8960 9442 134 -2822 2938
-11250 8705 9542 -166 -2635 3111
-11436 8344 9053 -296 -2277 3294
-11417 8364 9002 -394 -1905 3629
-11249 8413 9012 -559 -1586 4009
-11006 8341 9058 -698 -1316 4450
-10617 8201 9213 -742 -1014 4728
-10118 8437 9150 -979 -473 4738
-9798 8522 9273 -1630 176 4399
-9138 8340 9470 -1986 999 3940
-8634 8480 9621 -2288 2026 3226
-8153 8809 9552 -3013 3120 2542
-7690 8752 9902 -3761 4001 1993
-7294 8694 10424 -3912 4987 1679
-7237 8948 10726 -4316 5724 1517
-7466 9534 10984 -5370 5991 1273
-7446 9146 10961 -6691 6095 798
-7092 9056 11658 -7543 6067 421
-6794 9086 12077 -7793 5882 -36
-6696 9261 12285 -7916 5769 -397
-6517 9353 12661 -7691 5554 -709
-6473 9244 13074 -7497 5263 -1116
-6249 9486 13644 -7120 5020 -1385
-6313 9961 14078 -6533 4907 -1659
-6540 10424 14698 -6152 4865 -2085
-6761 10629 15173 -5913 4979 -2498
-7102 10881 15526 -5769 5029 -2644
-7441 10949 15794 -5679 5034 -2595
-7977 10006 15713 -4185 4926 -2301
-10220 10866 17218 -2113 3319 -199
-8766 10602 16373 -671 1399 11
-10020 11860 16125 234 357 813
-9320 11536 15493 72 -318 689
-9581 11580 15061 -69 -912 844
-9266 10962 14624 408 -1324 1009
-9176 10725 14138 967 -1396 1181
-9144 10298 13713 1468 -1548 1198
-9020 10116 13286 1853 -1364 1109
-8937 10008 12970 1999 -1053 982
-9049 9977 12738 2036 -813 871
-9078 9941 12373 2025 -592 781
-9285 9913 11901 1784 -434 684
-9514 9956 11650 1118 -361 603
-9344 9809 11625 486 -289 598
-9422 9785 11581 -25 -90 666
-9664 9697 11461 -611 -168 734
-9886 9304 11160 -1099 -310 678
-9828 9166 10964 -1358 -387 648
-9850 8946 10858 -1205 -503 553
-9608 9041 10738 -675 -477 394
-9508 9290 10554 -316 -353 272
-9538 9372 10702 -193 -297 269
-9868 9561 10944 -137 -405 397
-10364 9678 10964 150 -742 727
-10620 9606 11094 640 -1360 1207
-10641 9626 11185 1276 -2050 1707
-10216 9614 11129 1875 -2502 2168
-9658 9680 11093 2698 -2700 2450
-9400 9758 10978 3816 -2450 2614
-9408 9894 10894 4110 -2257 2556
-8864 10073 11057 4041 -1660 2318
-8578 10460 11198 3174 -628 1896
-8522 10636 11472 1813 459 1309
-8164 10310 11590 469 1419 636
-7950 10144 11737 -838 2329 159
-7900 10128 11837 -2055 2979 -73
-7968 10341 11912 -3402 3567 -189
-7936 9926 12185 -4833 3835 -447
-7780 9736 12597 -6087 4134 -728
-7722 9306 13057 -7078 4090 -1127
-7857 9102 13014 -7501 4103 -1640
-7754 8682 13286 -7555 4206 -2037
-7860 8298 13982 -6856 3834 -2325
-7978 8296 14164 -5159 3628 -2520
-9144 7294 15849 -1426 2472 -1866
-9165 9318 15865 743 441 -1244
-10316 9772 15930 2344 -942 -450
-10536 10054 15902 3525 -2490 -18
-10394 10357 15434 4840 -3735 687