-9048 10407 13215 -1480 1076 -103
-9353 10658 13478 -1538 1207 -169
-9616 10733 13598 -1534 1080 -206
-9637 10576 13325 -1397 796 -79
-9432 10173 13134 -1111 293 271
-9278 9968 12948 -787 -145 649
-8839 9538 12705 -68 -795 1262
-8268 9704 12468 276 -952 1563
-7907 9232 12751 803 -1123 1560
-7234 8822 12968 2334 -1387 1367
-7212 9676 12634 2191 -1020 1405
-7441 9857 12553 1595 -1091 1218
-7234 9650 12372 753 -918 696
-7092 9710 12417 -232 -615 265
-7076 9554 12638 -937 -438 -232
-7044 9673 12569 -1330 -369 -528
-6938 9398 12450 -1690 -33 -948
-7085 8999 12159 -1635 304 -1562
-7030 8501 12545 -1321 911 -2020
-7239 8662 12601 -457 1235 -1848
-7696 9244 13096 -838 1146 -1487
-7778 9025 13370 -1059 701 -1775
-7944 9090 13526 -874 532 -2148
-8397 8920 13343 -249 46 -2811
-8616 8936 13068 -51 -172 -3126
-8616 8277 12891 2225 -350 -3124
-10276 10008 12857 2978 -1375 -677
-9351 11486 13740 1768 -2551 233
-8416 11172 13628 722 -2286 -129
-8127 10292 13088 -57 -1246 -717
-8144 9741 12409 -1416 86 -1188
-7692 9400 12367 -1765 1136 -1837
-8074 9240 12072 -2216 2288 -2267
-8445 9426 12052 -2731 2880 -2228
-8908 9576 11796 -3192 3022 -1895
-9472 9884 12042 -3996 2934 -943
-9784 9740 12464 -4301 2342 -116
-9589 9546 12653 -3983 1881 84
-9304 9200 12732 -3337 1515 131
-9101 8886 12706 -2459 1440 151
-9034 8700 12780 -1363 1211 292
-9054 8830 12957 -461 857 591
-9110 8990 13041 332 281 948
-9167 8974 12964 1472 -537 1353
-9228 8877 13001 2352 -1274 1507
-8479 8174 13665 4133 -1916 1037
-8476 9225 13469 4842 -1903 1165
-8656 10426 13474 4315 -2302 1689
-8606 10522 13222 3599 -2641 1548
-8243 10395 13189 3032 -2475 1370
-7674 9845 13249 3133 -2258 1125
-7788 9564 12700 3579 -2382 808
-7937 9369 12636 3773 -2998 696
-7694 9752 12526 4159 -3366 617
-7545 10341 12693 3332 -3541 525
-7046 10755 12770 1495 -3607 51
-6581 11332 12978 -1132 -2498 -796
-6309 11328 13058 -3917 -513 -2093
-6360 10464 12393 -5973 2047 -3507
-6668 9710 12162 -6629 4139 -4383
-7369 9006 11788 -4814 4591 -4636
-8259 8047 11003 -4313 4814 -4459
-8396 7820 12284 -2862 3611 -3246
-8924 8825 13149 -1502 1029 -1920
-8918 8997 13594 -1026 -551 -1556
-8439 8940 13830 -1161 -866 -1567
-8256 9180 14145 -792 -779 -1560
-8237 8658 14044 351 -484 -1257
-9425 10014 14109 620 -442 -342
-9108 9444 13944 1050 -508 -196
-9437 10189 14042 1462 -696 111
-9412 9704 13296 1642 -986 204
-9233 9208 12672 1994 -1800 612
-8836 9239 13034 1400 -2430 990
-7820 9594 13357 980 -2652 900
-7101 9570 13353 360 -1964 447
-7137 9600 13044 -534 -723 -109
-7246 9510 12602 -1079 185 -418
-7654 9516 12343 -1843 965 -541
-8097 9544 12327 -2456 1543 -387
-8737 9422 12553 -2456 1299 -30
-8529 9228 12625 -2248 990 96
-8602 9018 12828 -1879 702 205
-8480 8917 12806 -1449 394 325
-8187 8915 12785 -1388 335 263
-8002 8754 12921 -1342 466 128
-7902 8850 12974 -1291 637 30
-7990 9058 12944 -1390 883 -121
-8054 9049 12897 -1438 1121 -285
-8158 9214 12956 -1481 1229 -372
-8250 9231 12943 -1353 1153 -301
-8367 9292 12943 -1450 1023 -344
-8393 9253 12988 -1447 875 -414
-8498 9329 12986 -1492 793 -315
-8308 9290 13014 -1490 825 -243
-8401 9365 13081 -1403 882 -188
-8426 9296 13262 -1327 856 -178
-8274 9100 13388 -1048 940 -87
-8401 9247 13501 -739 870 53
-8153 9130 13466 -566 731 5
-8036 9116 13480 -506 671 -74
-7788 9048 13685 -328 772 -115
-7796 8980 13744 -27 942 -149
-7922 8974 13814 299 884 -200
-8085 9097 13748 383 717 -218
-8256 9184 13694 468 384 -150
-8486 9274 13240 581 -224 44
-8528 9252 12721 179 -875 190
-7841 8288 13688 1256 -1660 -732
-7626 7112 14092 5510 -1732 -877
-7333 8705 14244 6443 -1856 224
-7846 10288 14414 5747 -2184 850
-8179 10959 14220 4050 -2562 905
-8066 10802 13741 2276 -2314 592
-7686 10004 13292 1570 -1911 377
-7578 9971 12845 530 -1399 399
-7563 9814 12830 -585 -923 385
-7535 9749 12941 -939 -222 263
-7614 9544 12623 -1280 649 -102
-7752 9229 12398 -1646 1241 -445
-7770 9014 12344 -1789 1588 -517
-8084 9278 12434 -1808 1578 -376
-8222 9182 12137 -1761 1387 -208
-8372 9116 12438 -1800 1156 -86
-8364 8996 12723 -1520 823 59
-8456 9124 13022 -1154 520 195
-8529 9340 13001 -1133 358 281
-8530 9173 12925 -1228 378 230
-8577 9056 13030 -1094 366 201
-8488 9204 12818 -1190 375 175
-8574 9372 12658 -1609 468 186
-8529 9114 12482 -1918 600 96
-8337 9064 12358 -2430 936 -88
-8229 8940 12358 -3052 1371 -277
-8076 8893 12366 -3682 1921 -577
-7998 8600 12241 -4203 2489 -963
-8117 8388 12029 -4492 3062 -1232
-8332 7437 11200 -5466 3344 -1770
-10701 9070 12100 -5879 4617 -251
-7986 6590 12833 -2352 1450 -537
-9425 8540 12433 -1853 2210 21
-9932 8370 12466 -1475 1155 124
-9538 8162 12572 -973 834 48
-9724 7642 12856 143 266 112
-9805 7853 13004 1101 -462 136
-9606 8401 12986 1306 -855 276
-9189 8552 13240 996 -989 300
-8789 8420 13332 945 -950 180
-8422 8608 13104 506 -616 -100
-8350 8649 12900 -165 -260 -425
-8074 8502 12864 -598 37 -772
-7577 8278 12748 -764 582 -1008
-7093 8450 12801 -668 1090 -1169
-6693 8726 12892 -524 1576 -1426
-6705 8828 13224 -251 2040 -1547
-6717 9232 13609 -304 2577 -1664
-7018 9354 14078 -464 2881 -1630
-7253 9374 14377 -598 2983 -1489
-7532 9520 14622 -781 2874 -1338
-7714 9474 14984 -884 2619 -1168
-7841 9497 15150 -832 2291 -1005
-7733 9386 15270 -710 2002 -874
-7705 9497 15394 -396 1762 -874
-8154 9435 15450 467 1271 -734
-8764 9353 15093 1113 556 -314
-9100 9419 14579 1476 -628 116
-9002 9361 14033 1279 -1291 257
-8673 9197 13916 974 -1452 236
-8449 8859 13734 1019 -1453 345
-8176 8821 13425 1075 -1141 371
-8453 8562 13274 955 -840 304
-8565 8547 12996 741 -554 177
-8910 8594 12842 547 -396 133
-9232 8788 12492 177 -313 73
-9334 8766 12420 -270 -194 69
-9361 8711 12487 -494 -48 124
-9223 8721 12529 -694 132 334
-9257 8621 12590 -759 282 348
-9146 8566 12630 -792 280 197
-8974 8422 12613 -784 384 37
-8873 8342 12550 -642 541 -95
-8786 8336 12381 -588 732 -176
-8865 8264 12230 -580 802 -139
-8962 8206 12093 -677 798 -78
-8993 8229 11870 -816 836 -34
-9058 8229 11712 -959 934 -27
-9113 8177 11514 -1115 1081 -34
-9225 8029 11572 -1237 1193 -45
-9050 7737 11649 -1263 1342 -8
-8810 7778 11756 -1396 1562 -93
-8233 7661 12102 -1463 1860 -228
-7577 7908 12409 -1301 2204 -548
-7376 8244 12706 -1044 2552 -960
-7470 8626 13197 -911 2680 -1146
-7724 9020 13753 -933 2595 -1058
-7957 9656 14541 -1041 2443 -947
-7832 9876 15400 -1222 2138 -849
-7712 9829 15989 -656 1343 -809
-7545 10072 16258 264 367 -712
-7288 10698 16110 752 -358 -604