-3868 16572 -3118 -1145 4645 -11040
7428 17458 -1532 -144 10466 -12411
7228 13580 220 3696 15642 -15295
3705 16822 4990 10827 16658 -16780
4401 21094 4821 12437 15782 -16958
4290 19478 9482 20061 9284 -14975
6865 19032 13620 22065 1045 -14398
9718 20877 8050 23950 2307 -11516
8674 18005 7706 28227 1349 -8850
5754 18590 2316 30164 3992 -8342
-1708 22810 -2118 17316 5640 -7067
-7974 29134 -2082 -2100 -1161 -6727
-2510 15593 1404 -8118 -5357 -5314
2954 17368 2710 -5871 -3144 -635
5286 19164 1924 -4038 -2962 -139
3921 16497 2884 1004 -2322 -1545
1378 18710 3284 4282 -666 -1514
1125 17646 3800 3837 -1004 705
-2554 20154 1300 -3213 -1801 3899
-7037 17968 -1440 -10293 -4486 3880
-8690 17489 -1414 -12078 -5545 3392
-5364 18669 -372 -11585 -5543 3964
-5992 18178 322 -9932 -4440 2640
-4122 21717 680 -6483 -1994 69
-2641 23188 -76 -3321 731 -1834
-6964 21640 -2824 1463 3316 -4111
-9221 19710 -7624 4630 8503 -7530
-20874 23369 -16042 11791 15030 -9294
-22282 22546 -5290 20522 15513 -16076
756 30569 6212 26748 19570 -22485
1198 27288 -5430 30686 28934 -21473
-10195 21007 -9078 32767 32595 -27181
-9668 22280 -8552 32767 31519 -22262
-1510 22782 -221 32767 27753 -21474
5460 20816 3472 32767 22776 -21171
7894 19616 2628 32767 19331 -20944
2161 20889 -2553 32767 17411 -17102
-352 15588 -4822 30901 15790 -13847
-2316 15028 -5377 26769 15658 -11314
-4532 14778 -2628 20275 13418 -9687
-3181 15877 -4046 17965 12225 -8949
-1897 15456 160 14409 7598 -7066
2718 17577 -7032 10249 11326 -5669
-921 15130 -8224 7432 14069 -5174
-3866 14625 -9669 7447 14711 -5289
-2958 17962 -9366 8332 15892 -5703
-2480 19913 -7048 8922 15898 -6145
-2062 22090 -6117 9225 14578 -6103
482 23306 -6461 7686 13491 -4984
2306 19558 -8265 5575 14780 -6530
1353 19709 -9496 4060 17448 -6715
-881 19724 -10812 316 18779 -6323
-5365 17577 -4337 -3074 12159 -3457
-294 -15890 325 15846 -2415 -15006
8230 24865 -2868 13607 408 -6309
6960 14900 -4496 -1053 -7776 -3804
11064 8906 -6550 657 -7490 -1675
4589 12538 -9470 3383 -3230 3495
-1365 16978 -9929 6789 -3548 6095
-2224 15990 -10316 10111 -3489 7530
-4145 15264 -10738 16250 -3794 7505
-4397 13710 -11760 22039 -4751 6870
-4344 9998 -12141 25984 -6228 5582
-3156 -4766 -15509 23612 -13870 -9152
-132 -12849 -25916 26049 1664 -24959
-13832 9933 -25584 11647 17861 -17280
-21324 11592 -29013 -913 13435 -10937
-14421 -5934 -21156 346 1900 -4668
-7828 -5121 -14250 5170 15548 -2399
-6578 6342 -14765 11768 21149 -3964
-5914 10122 -20814 10977 19901 -5345
-12857 11660 -14177 -1439 12530 406
-5854 -834 -6497 -4681 -8851 1267
10725 9949 -5696 -785 -1866 2153
10920 19221 -8858 -5477 10039 6069
1920 20498 -9142 -12779 5734 7157
1644 10133 -10137 -8160 -3896 5037
-1949 6324 -15334 -3066 6430 2203
-7392 10618 -18630 3672 14399 -4087
-8764 5406 -16804 3195 8795 -185
-5470 9228 -17370 -386 8348 -373
-3593 9966 -14045 -2860 7222 -1145
-362 12648 -12050 -5620 5964 -394
2400 11516 -11105 -5538 6614 227
1574 11688 -11392 -5871 9017 449
-827 13991 -11838 -10534 6884 1553
-4101 13856 -14672 -15507 2194 1832
-4489 14705 -17413 -18198 -1447 2570
-2690 11745 -16878 -16964 -2632 969
-1908 8002 -16808 -12642 -2694 -67
1413 7468 -14902 -7066 -703 -678
-525 10600 -13848 -7774 -644 105
1297 9216 -12645 -7295 -307 650
-310 10516 -12936 -6702 1114 911
-1430 10897 -13594 -6139 925 888
-129 10822 -13554 -4855 2207 917
-761 12036 -13706 -3990 2770 801
-262 11910 -13862 -3459 2941 825
337 11830 -13705 -2494 3114 1149
13 12376 -14069 -1977 3192 1369
-320 12418 -14266 -1814 2679 1462
-960 12556 -14296 -1566 2399 1389
-1220 12966 -14169 -1765 2126 1381
-1001 12570 -13721 -1888 1827 1154
-758 12652 -13192 -1887 1974 922
-248 12544 -12938 -1983 2456 704
204 12290 -12944 -2273 3670 314
146 12194 -12780 -2264 4970 -134
340 11737 -12416 -1292 5968 -582
-73 12674 -11997 -527 6361 -332
-250 12945 -12278 -192 6492 -238
177 12657 -12441 -137 6956 -230
78 12845 -12426 -677 7236 -204
334 11728 -12210 -831 7156 -201
1026 12346 -12210 -428 7121 227
312 12966 -12352 -671 6549 167
1057 12749 -12378 -663 6050 300
1081 12737 -12218 -696 5422 513
626 13220 -12352 -755 4542 576
981 12945 -12570 -629 4227 359
860 12678 -12704 -393 4039 265
1236 13052 -12913 -436 3741 310
1356 12681 -12845 -588 3104 357
1917 12541 -12729 -425 2712 480
1612 12840 -12706 -415 2282 463
1618 12517 -12437 -319 1158 545
1972 12630 -12332 -362 615 777
1562 12865 -12412 -515 123 869
1670 12818 -12204 -405 -582 914
1550 13442 -12137 -485 -808 865
1429 13284 -12113 -603 -1044 785
1660 12725 -12169 -371 -1082 686
1561 12785 -12376 -215 -516 592
1264 13021 -12471 -246 -104 536
1458 12631 -12402 -121 216 462
1770 12239 -12475 33 1273 430
1634 12579 -12837 -165 1689 643
1744 12194 -13156 -342 1617 712
1552 12542 -13413 -485 1864 720
1602 12382 -13394 -293 1441 784
1638 12337 -13025 -637 1275 688
1302 11388 -12625 -1729 818 168
2352 9664 -12880 -1366 413 89
2899 12228 -12276 -554 1649 1797
2212 13949 -12034 -1189 1167 2114
3542 13549 -11602 -1662 937 2240
3342 14569 -11456 -2598 1310 2696
2921 15265 -11941 -3440 868 2756
2718 15313 -13250 -4333 753 3310
1730 14941 -13868 -5732 216 3261
1102 13710 -14885 -6811 -908 3141
49 15541 -15200 -8347 -3503 3704
-721 14909 -15396 -9827 -6792 3656
-661 14966 -16094 -11303 -9238 3908
-492 13314 -15513 -11240 -11508 3694
2945 7366 -13372 -7554 -12360 2143
5180 9336 -10066 -3780 -9093 1272
3517 13009 -7528 -4431 -8608 2015
4525 12822 -6342 -5523 -8661 3126
4532 12912 -5988 -5373 -4666 3123
1681 14298 -6713 -5651 -1576 2885
1992 13761 -7592 -4886 836 2337
957 13944 -8692 -5164 3380 1043
-17 15913 -9213 -7023 3129 990
217 17760 -9638 -10096 2513 791
2770 14972 -10000 -11255 2937 1002
2860 14485 -10477 -10752 4223 955
2094 14004 -11144 -9934 5928 744
1241 13996 -10886 -8854 7054 102
2569 14676 -10960 -7547 8785 16
3102 14074 -9953 -5677 10232 -546
2869 14164 -8876 -4393 11099 -879
4336 12254 -7666 -2988 11533 -43
4058 11142 -6956 -1730 11216 852
4048 10378 -6634 -1105 11574 1230
3542 10512 -6213 -1762 12741 1633
2741 10740 -5456 -3344 13291 1805
-561 11821 -6281 -8840 15075 3379
-2217 13214 -3004 -12855 9573 2871
-5221 15653 -2384 -20172 4479 1714
-5628 15730 -790 -26466 -5606 -39
-2160 14370 -1348 -29167 -11341 339
1302 15744 -1256 -32231 -11330 4109
-630 13717 -1414 -32768 -11092 5125
-2128 7581 1106 -32768 -14847 3948
2377 1996 3542 -30870 -17656 -511
7093 -622 2681 -22312 -18359 -7143
8133 2069 873 -21470 -9625 -10687
3976 8782 -3193 -17175 3810 -10863
-1461 7454 -2098 -16718 5315 -7788
-440 8082 -1000 -19928 4292 -4139
-604 10017 885 -27429 4580 -3924
-458 10166 3133 -32768 1141 -6349
128 10001 3876 -32768 -1085 -8524
1024 8865 4500 -32768 -2007 -10964
3452 6590 5792 -32768 -1396 -12526
3421 5914 6181 -32768 -1858 -14611
3825 5594 7080 -32768 -1933 -16545
2788 6652 8050 -32657 -5207 -18116
1410 7104 7828 -31915 -6153 -20920