-7585 5684 15380 -482 864 1181
-7718 5789 15486 -505 705 992
-7590 5618 15578 -455 719 823
-7253 5644 15448 -490 826 799
-7278 5370 15333 -629 923 631
-7176 4945 15412 -752 939 383
-7238 4881 15378 -947 932 66
-7368 4698 15449 -1067 707 -161
-7344 4728 15197 -1009 484 -286
-7381 5033 15060 -858 269 -385
-7313 5440 14948 -717 300 -484
-7302 5808 14858 -440 555 -503
-7484 6292 14898 -292 749 -403
-7682 6698 14837 -287 939 -223
-8012 6670 15017 -213 980 187
-8320 6877 14930 24 483 837
-8169 6957 14706 168 -287 1563
-7989 6752 14566 809 -1130 2237
-7406 7053 14034 1325 -1204 3209
-7564 7462 14809 2448 -2018 4704
-7141 8136 14705 3039 -2407 5569
-6906 7909 14320 2379 -2350 5314
-6101 7830 14327 1364 -1523 4414
-5584 7802 14188 205 -293 3319
-5202 7768 13961 -897 986 2349
-5142 7440 13830 -1846 2247 1660
-5384 7114 13664 -2607 3186 1118
-5730 6902 13756 -3353 3709 721
-5984 6277 13805 -3313 3838 287
-6488 6437 13944 -3421 3866 -198
-6413 5999 14433 -3168 3179 -981
-6456 6064 14596 -2968 2759 -1405
-6432 5857 14669 -2822 2477 -1557
-6514 5729 14761 -2568 2408 -1652
-6704 5970 14738 -2162 2282 -1709
-6852 5924 14696 -2106 2257 -2061
-8240 5993 15201 -1464 2811 -1099
-8066 5348 16122 712 366 -200
-9017 7403 15620 -246 -54 536
-7928 6496 15332 -1176 -278 170
-7681 6046 15282 -2039 -285 -224
-7781 5702 15037 -2275 -381 -507
-7984 5586 15130 -2612 -1012 -993
-8214 5806 15176 -2987 -1703 -1571
-7992 5665 15137 -3264 -2289 -1880
-7904 5600 15146 -2944 -2957 -1788
-7558 4953 15248 -1363 -3414 -1802
-7280 4778 15330 -79 -3513 -2044
-7040 4850 15300 682 -3410 -2323
-6998 5155 15332 911 -3332 -2817
-7006 5266 15377 772 -3568 -3239
-7309 5512 15282 957 -4038 -3384
-7060 5649 15133 1099 -4383 -3375
-6784 6139 14909 1071 -4644 -3284
-6240 6446 14572 1103 -4153 -2995
-5832 7230 14349 597 -2965 -2395
-5899 7601 14075 -404 -1322 -1720
-5849 7661 14216 -1194 -215 -1244
-5926 7363 14322 -1552 650 -585
-5948 7060 14780 -1481 945 82
-5790 6938 15064 -1307 1135 562
-5898 7044 15362 -1255 1216 970
-5867 7089 15813 -1331 1210 1203
-5926 7026 16172 -1415 1137 1104
-5907 6829 16515 -1400 1097 1003
-6024 6764 16900 -1496 1039 893
-5916 6403 17088 -1284 1087 762
-5974 6278 17136 -745 950 577
-5972 6026 16902 -277 822 426
-5886 5959 16714 256 784 426
-5923 5732 16217 775 743 418
-5798 5714 15123 1350 963 376
-5601 5553 14394 1769 1265 876
-5266 5209 13914 2603 1713 1638
-5176 5361 13758 3166 2438 2456
-5241 5685 13574 3044 3216 2676
-5649 6793 12933 1116 3914 1723
-5657 7112 13146 -1794 4832 617
-6570 6282 13818 -3356 4750 32
-6740 6088 14465 -4111 4370 -123
-7157 5870 15420 -3814 3564 22
-7392 5326 16162 -2751 2565 186
-7321 5460 16233 -1820 2070 471
-7700 5450 16544 -797 1185 716
-8117 5560 16590 -776 283 411
-8130 5498 16608 -996 -163 135
-8182 5422 16573 -1293 -415 69
-8096 5400 16308 -1491 -504 93
-7864 5387 15675 -1345 -574 106
-7314 5351 15013 -974 -148 195
-7053 5084 15084 -299 571 526
-6890 5200 15324 127 1160 748
-6690 4814 16001 773 1739 911
-6420 4496 16541 1979 2124 1238
-6004 4332 16878 3651 2169 1512
-5665 4080 17001 5849 2080 1515
-5954 5151 17709 7536 829 1340
-5975 7296 18564 7781 -2742 1106
-6396 8987 18547 3582 -7183 1103
-5797 9638 18434 -842 -9956 1664
-5154 9236 18033 -2906 -10739 1999
-4556 8393 17240 -3394 -10641 1690
-3772 7794 16558 -3008 -9911 939
-2878 6998 16209 -1720 -8268 103
-2326 6758 15772 -393 -6334 -563
-2458 7066 15463 278 -4460 -1173
-2750 7294 15214 -243 -2942 -1776
-2992 7184 15304 -497 -2511 -1927
-3252 7352 15316 -1058 -2101 -2169
-3558 7200 15409 -1881 -1885 -2604
-3776 7077 15164 -2240 -1469 -2825
-4117 6678 15194 -2058 -1235 -2742
-4709 6733 15164 -1273 -1245 -2310
-5582 7068 15060 -720 -1514 -1744
-6138 7295 15076 -275 -1786 -1244
-6865 7579 15092 34 -2153 -664
-7282 7741 14869 -8 -2515 -316
-7304 7692 14444 -199 -2591 112
-7206 7324 14042 -507 -2539 505
-6942 7038 13798 -544 -1936 1006
-6849 6417 13598 -817 -1222 1526
-6808 6460 13392 -845 -955 1628
-6530 6104 13246 -914 -789 1501
-6284 5924 13196 -929 -636 1457
-6131 5746 13070 -991 -388 1321
-6037 5480 12796 -1201 93 1031
-5964 5125 12688 -1330 236 592
-5594 4966 12493 -1432 537 151
-5346 4769 12086 -1329 1238 -449
-5618 4926 11929 -1746 2021 -1137
-5674 4864 12402 -2291 2528 -1920
-6190 5008 13649 -3425 3115 -3738
-7082 4096 14590 -4479 5269 -5226
-8782 4754 18205 -2238 3312 -4058
-8264 7273 17030 -2615 4682 -3755
-10025 5230 17568 -1469 2684 -3641
-9190 4312 17372 1609 1499 -2987
-9068 4342 16966 3950 292 -1806
-9442 4672 16095 6991 -1793 -84
-8484 4542 15368 8920 -3162 2234
-8608 5575 15643 9801 -4567 4727
-8218 6956 15203 8397 -6215 5599
-6346 6494 14527 6297 -6408 4740
-4517 6013 14128 4765 -4627 3672
-3521 5844 13766 3735 -2405 3029
-3086 6013 13370 2606 -363 2266
-2690 6320 13004 1350 1474 1402
-2598 6333 12978 -115 3152 553
-2548 6261 13269 -1133 4361 -3
-2844 6242 13360 -1907 5053 -428
-2858 5942 13538 -2133 5306 -583
-2942 5996 14087 -2069 5419 -405
-3268 6202 14773 -1804 5265 -123
-3486 6453 15070 -1897 5062 -169
-3777 6486 15338 -2090 4865 -420
-3700 6386 15741 -2099 4475 -407
-3998 6569 16193 -1967 3727 -201
-4304 6858 16824 -1718 2864 -158
-4561 6682 17042 -1216 2047 -204
-4545 6652 17301 -483 1577 -48
-4811 6898 17522 34 1304 13
-5092 6996 17220 228 1155 -47
-5048 7094 16809 420 1135 -56
-5204 7412 16518 117 1051 -116
-5208 7138 16302 -457 826 -449
-4822 6602 16379 -493 930 -640
-4593 6175 16393 -466 1001 -1039
-4170 6092 16305 -177 997 -1555
-4202 6342 16330 -41 821 -1986
-4165 6414 16371 144 717 -2336
-4245 6410 16592 319 602 -2452
-4494 6525 16841 456 448 -2570
-4501 6706 16875 477 289 -2796
-4464 6714 16936 486 189 -2981
-4620 6736 16878 855 93 -3190
-4898 6860 16828 1127 -94 -3443
-5342 7093 16400 1161 -541 -3543
-5553 7256 16157 1100 -949 -3527
-5604 7149 16044 1231 -1252 -3439
-5944 7304 15601 1639 -1569 -3472
-5734 7449 15426 1899 -1505 -3179
-5904 7477 15528 2011 -1771 -2787
-5895 7351 15273 2023 -2059 -2597
-6268 7188 14776 1868 -2572 -2565
-6607 7219 14235 1620 -2910 -2829
-6696 7528 13802 1272 -3234 -2835
-6020 7973 14286 788 -3164 -2236
-5766 8128 15060 -200 -3436 -1612
-5152 7650 15237 -588 -3648 -1346
-4823 7190 14981 -417 -3132 -1293
-5034 7124 14572 148 -2264 -1523
-5606 7426 13950 698 -1521 -1880
-5792 7732 13355 597 -192 -2345
-5928 7932 13160 -190 917 -2477
-6203 7848 13060 -1517 1525 -2074
-6558 7625 12970 -2863 2335 -1389
-6701 7268 13142 -3327 2732 -910
-6868 6956 13277 -3454 2903 -622
-6753 6977 13401 -3580 2885 -438
-7122 6985 13201 -4319 3079 -282