-5102 4482 15904 -113 2185 3442
-5200 4657 16218 -85 1729 3372
-5158 4793 16196 -157 1320 3262
-4944 4768 16120 -172 865 3098
-4756 5037 16165 -150 588 2825
-4630 5173 16240 -597 440 2301
-4801 5158 15904 -949 213 1567
-5046 5241 15649 -965 -112 999
-4725 5182 15976 -696 -506 469
-4670 5414 16109 -788 -1157 -188
-5245 6226 16065 -1966 -2564 -1277
-5442 6574 16170 -3778 -4567 -3070
-4684 6148 16234 -4434 -5743 -5118
-3568 5177 16576 -3516 -5764 -6494
-2812 4517 16524 -1791 -4828 -7087
-2269 4472 16590 -157 -3171 -6711
-2265 4704 16488 822 -1647 -5925
-2624 5428 16402 855 -591 -5026
-3042 6176 16552 253 -269 -4305
-3581 6486 16353 -382 -396 -3859
-3837 6581 16316 -733 -960 -3512
-3584 6450 16474 -676 -1388 -3391
-3302 6205 16520 43 -1613 -3285
-3196 6349 16208 616 -1359 -3276
-3030 6481 16254 951 -1068 -3174
-2893 6601 16457 952 -663 -3126
-2886 6746 16317 854 -28 -3066
-2960 6808 16322 768 622 -2932
-3328 6888 16236 532 982 -2929
-3813 6866 16217 186 939 -3059
-4092 6836 15882 125 724 -3160
-4106 6741 16114 470 254 -3011
-4048 6920 16074 682 -222 -2895
-4022 7258 16156 822 -441 -2661
-3940 7374 16309 954 -425 -2440
-3929 7437 16408 1014 -265 -2200
-4033 7450 16265 881 -62 -1998
-4116 7345 16317 956 9 -1839
-4040 7256 16281 1234 5 -1700
-4161 7454 16008 1297 20 -1518
-4201 7512 15888 1344 57 -1388
-4366 7672 16028 1042 40 -1360
-4462 7672 15818 303 -163 -1375
-4589 7544 15688 -24 -339 -1299
-4530 7542 15786 20 -521 -1035
-4436 7485 15856 197 -546 -824
-4432 7453 15798 377 -511 -599
-4374 7444 15652 654 -348 -474
-4261 7532 15549 905 -62 -374
-4322 7550 15685 705 43 -352
-4297 7544 15516 702 144 -234
-4274 7515 15575 757 125 79
-4293 7401 15544 599 -62 419
-4282 7389 15514 621 -227 661
-4144 7426 15809 567 -367 767
-3916 7210 15865 756 -483 821
-3577 7250 16194 627 -785 677
-3177 7081 16286 764 -943 473
-3338 6996 15972 1186 -613 346
-3378 7086 15740 1054 -13 172
-3369 6817 15616 823 609 -427
-3025 6169 15913 1118 1047 -1079
-3032 5872 15926 1464 1264 -1688
-3464 5469 15481 1814 1654 -2420
-3606 5312 15570 2599 2132 -3021
-3445 4916 16025 3772 2539 -3861
-3213 4494 16166 5167 3088 -5005
-2986 3841 15998 6315 4212 -6768
-3330 3984 15090 9069 5746 -8515
-4065 3573 14322 10931 7166 -10962
-4920 3997 13420 13328 9006 -13502
-5638 4725 13685 14818 10355 -15873
-7674 2868 12385 16594 11113 -17927
-11866 9506 15762 19804 9621 -13704
-10596 9166 13572 14502 5750 -15118
-12453 10860 14116 14241 2350 -13594
-10965 10708 13697 11901 -35 -13942
-9763 9278 13119 10967 -1936 -13977
-8146 8504 12704 11783 -2193 -13717
-6846 8776 12457 13090 -464 -13269
-5583 9179 12619 14186 2390 -13331
-5696 10136 12273 12441 4612 -12932
-6767 11220 11616 7427 5956 -10846
-8157 12053 11791 1487 5623 -7245
-9651 11261 11511 -2018 2354 -2775
-9546 11066 11914 -2819 -485 416
-9074 10854 12298 -2826 -1831 1330
-8634 10725 12414 -2337 -1729 1890
-7986 10620 12588 -2234 -1188 1907
-7522 10702 12830 -2058 -239 1525
-7506 10876 12690 -2143 775 930
-7438 10804 12712 -2433 1614 511
-7392 10426 12934 -2451 2201 264
-7592 10282 13308 -2243 2597 211
-8228 10340 12985 -2411 2530 378
-8538 9928 13072 -2365 2048 631
-8632 9486 13540 -2039 1097 861
-8496 9630 13445 -1720 397 1050
-8265 9616 13446 -1669 -180 1188
-8180 9396 13429 -1626 -517 1120
-8369 9192 13076 -1392 -452 900
-8352 9018 12897 -903 -174 667
-8238 9030 12957 -263 251 461
-8217 9280 13169 -150 694 343
-7932 9239 12946 -265 1332 149
-7764 8932 13069 -252 1695 104
-7886 8833 13162 -166 1652 49
-7976 8700 13291 -6 1355 31
-8184 8560 13144 16 933 -145
-8260 8550 12994 299 704 -342
-8454 8456 13018 580 430 -492
-8562 8688 12565 717 220 -717
-8442 8612 12517 632 27 -970
-8258 8653 12748 790 -214 -1164
-7949 8665 12712 1378 -277 -1285
-7801 8570 12856 1867 -496 -1485
-7373 8786 12742 2506 -454 -1753
-6972 8480 13024 3409 -318 -1946
-6782 8857 13209 4164 -207 -2299
-6838 9098 13252 4475 -164 -2804
-6368 8889 13680 5319 -213 -3366
-6313 9112 14172 5778 -723 -3777
-6156 9646 14848 5421 -2017 -3523
-6153 9216 15432 3949 -3823 -2307
-4441 9057 13734 3459 -3869 -1133
-6009 9046 18010 3215 -7523 -174
-5742 9769 14600 3666 -8737 -498
-5514 9556 13462 5319 -8283 -1138
-6077 10180 13412 6719 -7486 -2293
-6211 11290 12625 7222 -5409 -4528
-6757 11330 12198 6821 -2587 -6669
-6978 11244 12193 6716 -610 -7226
-7665 11777 12265 5320 563 -7180
-8150 11960 12080 4111 1147 -6930
-8770 11685 12114 3518 1298 -6097
-8838 11554 11824 3194 1316 -5201
-9502 11262 11418 2392 1088 -4446
-9805 11009 11090 1801 913 -3805
-9394 11001 10813 972 1374 -3378
-9170 10509 10321 330 2737 -3134
-9230 10469 10365 -279 4522 -2926
-9894 11034 10848 -1525 6084 -3207
-10260 10668 11356 -2805 7249 -3333
-10904 8849 12610 -2248 6898 -2581
-11420 9564 13454 -464 6160 -1690
-11411 10179 14197 652 4805 -897
-10914 10423 14378 1095 3835 91
-10518 10470 13986 1021 3379 660
-9650 9633 13290 2549 4494 1267
-9429 9890 12685 4305 5997 1988
-9872 10117 11506 4582 7536 2406
-10738 9454 11193 5819 8241 2528
-11399 10302 11147 6495 7378 2207
-11005 10592 11025 6163 5985 1610
-10342 10752 10456 5060 4652 1251
-9801 10832 10080 4263 4876 887
-9614 10900 9963 3709 4864 1197
-9093 11237 9801 3066 5225 1610
-8813 11566 9522 2611 5784 1832
-8757 11598 9298 1976 6192 1982
-9129 11292 8937 1265 6796 1858
-9490 10845 8984 1490 6556 1577
-9856 11557 9389 1979 6375 1244
-10068 11932 9544 2089 5855 802
-10102 11847 9599 2510 5607 460
-10418 12286 9555 2514 4524 382
-10546 12700 9755 2160 3408 342
-10534 12738 9766 1896 2509 410
-10481 12893 9629 1778 2351 405
-10512 12913 9600 1648 2430 397
-10698 12880 9408 1676 2459 222
-10944 12990 9246 1639 2281 -178
-10960 12645 9041 1505 1999 -635
-10732 12376 8900 1487 1783 -908
-10800 12188 8668 2174 1474 -1103
-10597 12119 8607 3657 1444 -1094
-10170 13174 8692 4204 1619 -395
-10932 13340 8757 3552 1147 -129
-10954 12737 8636 2666 693 -23
-11037 12824 8525 2724 520 388
-10862 12685 8545 2971 59 756
-10749 12874 8377 2936 -210 792
-10558 12921 8114 2911 43 803
-10703 12762 7999 2766 457 726
-10582 12486 7918 2795 1084 614
-10777 12460 7752 2587 1273 305
-11086 12556 7648 2414 1167 -164
-11040 12390 7706 2413 886 -463
-10967 12174 7561 2749 720 -567
-10724 12293 7730 3145 647 -508
-10618 12709 7766 2931 690 -535
-10642 12446 7690 2338 776 -631
-10664 12294 7526 2064 813 -602
-10660 12192 7672 1664 612 -398
-10752 12138 7760 1423 520 -387
-10721 12171 7745 1249 481 -351
-10757 12296 7594 1239 744 -341
-11004 12412 7402 1088 740 -428
-11032 12437 7340 1110 722 -357
-11193 12557 7262 928 360 -355