-16596 1976 -3650 -4711 1304 3290
-16371 2325 -3695 -4743 999 2922
-16521 2602 -3759 -5054 823 2584
-16732 2738 -3864 -5429 536 2452
-16801 2728 -3915 -5627 209 2554
-16704 2540 -3885 -5624 -179 2885
-16642 2393 -3860 -5380 -409 3209
-16444 2330 -3738 -5008 -607 3479
-16165 2287 -3598 -4347 -777 3819
-15848 2360 -3514 -3569 -878 4176
-15677 2381 -3612 -2893 -813 4423
-15778 2488 -3368 -2289 -681 4599
-16059 -76 -852 -5706 422 1834
-24004 372 -5432 2195 195 11074
-10672 4790 -3349 -1132 -1000 3768
-17890 2683 -2353 -1423 -32 4795
-14330 3453 -3864 -223 1092 4137
-16200 3414 -3101 261 442 4648
-14970 2776 -3526 693 577 4160
-15787 4076 -3135 696 768 4090
-15697 4480 -2546 320 618 3940
-15506 4705 -2435 580 -143 4865
-14410 4512 -3094 3116 -784 7530
-13514 3892 -2988 8292 -935 10372
-13020 3842 -2533 14939 594 13981
-12028 2628 -2250 22874 3414 16888
-11060 1288 -2096 29117 5834 17830
-12088 3622 -2782 32567 10745 17926
-15749 8817 -3937 32767 13972 16743
-17529 11516 -5422 30200 14445 13953
-18722 13496 -7096 20547 12812 9639
-18954 13684 -8526 10387 9802 6412
-16602 10939 -8851 2879 8328 3512
-14254 8037 -8574 -757 8907 1817
-12600 6073 -7593 -210 9732 2020
-11565 4916 -6978 1552 10115 3048
-11616 4996 -6780 3457 9704 3910
-12521 5728 -6640 4798 9080 4405
-13508 6849 -6745 5126 8534 4420
-14522 8136 -6849 3318 8034 3659
-14945 8430 -6660 782 6933 2891
-14713 7889 -6394 -1512 5862 2126
-14222 6789 -5707 -3238 5361 878
-13597 4893 -4880 -2182 5799 117
-13256 4228 -4594 -181 6671 -14
-13409 4292 -4201 2228 6285 349
-13753 4865 -3982 4787 5299 897
-13929 5586 -2955 6969 3683 1877
-14986 7357 -1983 7039 858 3450
-16266 7910 -906 5995 -3029 3715
-16770 7728 -410 4918 -5375 3182
-16850 7222 105 4094 -7265 2312
-16626 6344 205 4116 -8026 1238
-16300 5912 -118 5504 -7442 481
-16626 5753 -398 7421 -7509 219
-16816 5560 -974 9041 -7928 890
-16380 4965 -1499 10779 -7560 1596
-16886 5596 -1494 12283 -7440 2104
-17213 6558 -1605 12671 -7530 2346
-17522 7506 -1850 12181 -7395 2532
-17800 8096 -2237 11796 -7712 2514
-17649 8814 -2821 10028 -8004 2211
-17582 9406 -3378 7256 -8534 1816
-17213 9334 -4100 3473 -9416 1429
-16650 9237 -4908 -929 -10044 882
-16059 8740 -6090 -6345 -10272 222
-15683 8908 -7507 -12040 -10330 -398
-16167 10230 -9108 -19740 -10964 228
-15999 10475 -10404 -27683 -9776 1509
-15640 10432 -10624 -30778 -8629 1913
-15388 10589 -10548 -32439 -7098 2123
-15466 11208 -10353 -32768 -6028 2201
-15134 10888 -9337 -32768 -6042 1994
-14334 10329 -7836 -32768 -5487 1815
-14324 10157 -5916 -31712 -4543 2477
-14503 10391 -3854 -27758 -3568 3512
-14990 10813 -1941 -24317 -2590 5131
-15089 10646 -161 -21770 -1542 6466
-15211 10920 1204 -20096 -814 7345
-16033 11535 2307 -20222 -1247 7796
-16282 11152 3221 -21111 -2612 8094
-15665 10288 3814 -21412 -3402 8017
-15276 9550 3814 -20541 -3885 8236
-14824 8417 4152 -18454 -4349 8407
-14131 7738 4860 -14661 -4454 8472
-13232 7429 5313 -8822 -4309 8237
-13088 7884 5642 -4732 -3572 7753
-13350 8515 5908 -2483 -2307 6952
-13920 9088 6070 -1954 -1284 6418
-14354 9681 5946 -2654 -1090 6224
-14733 10026 5718 -4062 -1450 6018
-14712 9902 5590 -5319 -1912 5886
-14273 9550 5536 -5524 -2135 5736
-13661 8753 5621 -4226 -1858 5737
-13262 8540 5964 -2483 -1473 5836
-12892 8564 6205 546 -874 5500
-12624 9014 6350 3593 148 5047
-12456 9465 6468 5169 1127 4712
-12414 9939 6169 6571 2769 4015
-12854 10590 6044 7599 4215 3177
-13160 11018 5850 7728 4970 2790
-13560 11668 5673 7280 5319 2561
-13881 12304 5114 6767 5006 2377
-13981 12358 4593 6293 4898 2347
-14050 12608 4280 6521 4959 2401
-13676 11924 3901 8118 5786 2649
-13449 12004 3354 10227 7167 2525
-13884 12501 2628 12840 9030 3222
-14225 12878 1493 15689 11231 3593
-14996 13345 724 18148 12201 3672
-14892 12944 -54 19997 14058 3370
-14179 13163 -1494 23489 15945 3836
-14374 13722 -2930 24935 17687 4056
-14991 14015 -4669 25021 18618 3734
-15212 14494 -6258 23485 18246 3471
-15665 16385 -7505 19612 15298 4034
-15824 17977 -8208 10918 11195 5284
-14546 16996 -6355 -2 5005 5315
-11689 14093 -4184 -5486 -1718 5532
-9254 11828 -3138 -4770 -5916 5038
-8885 11560 -2433 -3070 -10465 4853
-8418 11229 -1814 -704 -15034 5276
-8113 10665 -1569 2711 -18041 5846
-7241 9310 -1893 6294 -18233 6616
-7136 10796 -2597 9057 -14746 6648
-7581 13365 -3353 9419 -8568 5390
-8792 16076 -3381 13897 -4784 5338
-8161 15820 -2314 11229 -2201 5304
-7981 16222 -2320 6494 2066 3126
-9132 15645 -3427 4334 4937 1927
-9604 14788 -4473 4533 7881 1190
-10306 14485 -5358 5891 10030 821
-11920 14715 -6620 6994 9742 1629
-12724 14214 -6964 5709 8359 2762
-13132 15084 -6896 2474 6972 3503
-13380 15549 -6274 -1099 4808 4077
-13146 15702 -5484 -3897 2608 4009
-12688 15430 -5198 -5850 1403 3435
-12126 14346 -5057 -5719 549 2747
-10296 12934 -5207 -3172 2893 1330
-10168 13308 -5364 -1219 5415 420
-10345 13762 -5408 1019 6773 -186
-9881 13674 -5376 2413 8070 -694
-9648 13380 -5629 2542 9662 -1528
-8929 11733 -5958 3867 12838 -2866
-8989 11657 -6317 6081 15725 -4289
-9160 11884 -6628 8595 17788 -5042
-8880 11781 -6600 10511 19193 -6038
-8933 12540 -7218 10224 19672 -7004
-9484 13648 -7918 8067 18237 -6491
-9770 13953 -7985 5123 15632 -5385
-9353 13536 -7933 2670 13129 -4094
-8896 12680 -8262 2914 11891 -3221
-8106 10516 -8549 6483 11475 -3104
-7660 10438 -8172 11216 10772 -3477
-8162 12468 -9897 13740 13142 -2864
-9702 14537 -10709 13573 14084 -2158
-10260 15626 -11266 11320 13870 -2132
-10337 15213 -11505 8343 12515 -2315
-9565 14588 -11489 5453 11317 -2301
-8796 13890 -11680 2720 11710 -2473
-8740 13781 -11714 994 12011 -3069
-9125 13150 -11356 -488 10464 -2150
-8452 13010 -11394 -2889 9663 -2034
-10986 13202 -9353 -5823 5543 -251
-9554 10873 -9546 -9469 435 -1672
-7636 11842 -9408 -12105 -2274 -1303
-7449 11220 -8456 -15170 -4897 -1692
-7932 10618 -9054 -15507 -6937 -2387
-6645 5438 -7092 -7724 -10124 -2807
-4378 6885 -8958 -1734 -5628 -5415
-7868 9702 -8857 344 -4479 -4456
-7753 10673 -9901 1281 -4146 -4013
-9377 10616 -10130 -89 -5980 -4008
-8244 11405 -10137 -1655 -8501 -2378
-8862 11092 -10398 -1399 -7857 -1437
-9045 11278 -10804 171 -5644 -1774
-8598 10742 -10561 2721 -4059 -2371
-7485 10084 -10805 5042 -2881 -4016
-7893 10929 -11161 5643 -1679 -5238
-8718 11986 -11270 4426 -1422 -5259
-9041 12406 -10929 2458 -376 -4724
-10038 12758 -9688 742 997 -3868
-10101 12481 -8078 -28 814 -3346
-9630 12626 -7878 -695 798 -3591
-9776 12145 -7954 -1646 675 -3939
-10008 11585 -8710 -1925 106 -4256
-10410 11862 -9004 -2353 -334 -4313
-11978 12913 -8710 -3316 -2687 -3334
-12002 12166 -8734 -3636 -5266 -1979
-11538 11430 -9049 -2527 -5891 -1431
-10621 10557 -9784 46 -5480 -1709
-10552 10861 -10884 2181 -4781 -2096
-10524 11684 -12049 2464 -3733 -1864
-9644 11610 -11732 1367 -3832 -2263
-8438 10722 -12113 -1174 -2276 -3051
-8849 10242 -11973 -2415 150 -3120
-9737 10596 -10504 -2014 1306 -2914
-10381 10126 -9566 -1525 760 -3454
-10378 10393 -9376 -1646 90 -3891