-12448 11854 -6189 -6081 -3061 -2229
-12593 12314 -5972 -6346 -3176 -1801
-12878 12673 -5758 -7274 -3432 -1676
-11837 11869 -5789 -7447 -3523 -1523
-12142 11962 -5524 -6774 -3153 -1407
-11768 12326 -5446 -6021 -3650 -1695
-11930 12150 -5352 -4453 -4322 -1892
-12180 12701 -4798 -3655 -5064 -2471
-12652 13096 -4333 -3898 -5620 -1645
-13780 12692 -3778 -4138 -6438 -1369
-13564 12025 -3509 -3427 -7577 -1980
-12912 12406 -3598 -3158 -8011 -2064
-13273 13329 -3497 -3928 -8230 -1802
-12448 12462 -3244 -4252 -8153 -973
-12034 11610 -2751 -4211 -7535 -236
-11637 10821 -2425 -3387 -7279 -178
-11874 10896 -2249 -2617 -7168 -172
-11438 11485 -2117 -2243 -6947 -86
-11545 10633 -1718 -1809 -6816 163
-11688 8680 -964 -1329 -7224 -169
-11757 10576 -1200 -661 -7223 282
-11660 10035 -751 230 -7026 939
-11316 9761 -564 579 -6547 1821
-10978 9274 -619 1734 -6191 2227
-10937 9497 -862 2695 -5999 2266
-11548 9593 -905 3308 -5762 2348
-11681 9742 -840 3774 -5638 2319
-12221 9960 -684 4129 -5698 1987
-11596 9340 -458 4586 -5303 2174
-10993 8778 -216 5589 -5505 2522
-10880 8347 -498 7536 -5896 2057
-10886 8526 -956 9347 -5607 2152
-10780 8102 -1144 10533 -5613 2139
-10964 8500 -2007 11738 -5950 2256
-11409 8380 -2409 13285 -6572 2439
-11854 8294 -2812 14956 -6591 2402
-11714 9615 -2384 15669 -5741 2149
-10164 10396 -2598 15607 -3505 2478
-9435 10914 -2213 15920 -2097 2230
-9364 11434 -2969 16369 -936 2508
-9021 10274 -3717 17791 620 2450
-10254 10700 -4680 19211 1473 2202
-12057 11865 -4804 18642 1514 1484
-13394 13917 -4205 16675 106 860
-13060 12081 -4324 16033 1754 391
-13638 11957 -3990 16040 3069 187
-13625 11591 -4036 15724 4399 457
-12644 9510 -4584 16277 6339 800
-12916 9381 -4936 17367 8315 1056
-13296 9669 -5181 17916 9355 1323
-12912 10070 -5585 18177 10576 1523
-13605 11500 -6062 17808 12030 2052
-13842 12224 -6810 17362 12959 2325
-15109 13657 -8001 15936 13264 2320
-15941 14347 -8809 14033 12535 2539
-15610 13628 -8240 13140 11612 2932
-14768 12932 -8219 13459 11002 3482
-14781 13638 -7025 12022 10874 3005
-13186 14028 -7592 10235 8200 4124
-13283 12937 -7952 10461 9664 3425
-12866 14506 -8272 10289 10656 2754
-12560 15209 -8232 8501 10255 2336
-11780 15408 -8290 7221 10447 1581
-11807 15916 -9120 4899 10248 600
-11795 15420 -10571 1777 9449 -141
-12711 15951 -10952 -958 8424 -784
-12957 15884 -11859 -4076 7485 -722
-13062 15770 -12318 -7199 6737 -217
-12708 14925 -12462 -9115 5572 -585
-11514 13286 -12324 -10275 5047 -808
-10864 12798 -12096 -10711 4630 -963
-10534 12137 -12134 -10530 4213 -1222
-9734 11456 -12361 -9969 3907 -1403
-9675 12115 -12194 -9999 2965 -1037
-9717 11528 -12096 -10003 2404 -760
-10424 11680 -11512 -9848 1970 -665
-11524 12586 -11330 -10346 1144 -1009
-12477 13206 -10928 -11567 -367 -1071
-12730 13089 -10664 -12196 -2150 -909
-12868 12944 -10442 -12260 -3466 -709
-12812 12595 -10704 -12760 -4588 -538
-12626 12626 -11020 -13961 -5530 -29
-11632 11221 -11207 -15046 -5670 481
-11202 10154 -11224 -15575 -5241 136
-10764 10488 -11716 -16523 -4883 -424
-10885 11078 -12012 -17334 -4763 -943
-11164 11882 -10918 -17994 -5875 -1760
-10584 10648 -10908 -18631 -5369 -2374
-9323 9474 -9675 -18214 -2928 -4428
-8904 9100 -7819 -13115 -4433 -7646
-8145 9965 -7881 -10448 -6676 -8602
-8074 10549 -7172 -11077 -8780 -7344
-8526 10477 -6496 -10651 -13015 -6494
-8196 9298 -6389 -8789 -16921 -6143
-7281 8196 -6450 -5479 -19104 -6388
-6970 8268 -6714 -2818 -19987 -7265
-6759 8881 -7221 -1614 -19422 -7990
-5611 9175 -7042 -701 -18487 -7257
-6513 9842 -5689 -98 -17619 -5159
-7328 10196 -3627 -488 -16999 -2952
-8304 10650 -2140 -514 -16964 -2437
-8716 10757 -665 283 -17113 -2313
-8616 10633 1078 3080 -17600 -1928
-8941 11133 1114 5278 -18490 -1358
-9309 12290 896 5840 -19239 -420
-10194 12725 473 6106 -20537 318
-10478 13002 626 6245 -20730 642
-11271 12371 2848 6484 -18220 706
-14029 15044 4670 9002 -8959 1241
-17176 18321 3281 5463 -7749 1191
-14770 16422 981 1452 -7512 2358
-14685 14341 -313 195 -8328 4391
-14112 13168 -648 491 -8657 4753
-13824 12304 -1005 1840 -8847 5378
-13020 12773 62 3320 -9546 6008
-12480 12932 1094 3953 -9860 6516
-9952 13004 1702 6015 -8331 7659
-12212 13044 3172 6644 -6066 8030
-10950 14562 3713 7730 -5676 7707
-11082 15350 3788 8438 -4061 8281
-11781 16652 3932 6972 -4171 7585
-10850 15561 4456 6742 -3840 6980
-11932 17638 4812 5850 -3916 6119
-14049 19246 3656 1908 -6301 5852
-14926 21518 3028 -4937 -9604 7043
-14166 21182 2396 -9888 -9667 7084
-8562 13970 -878 -11089 -5880 5067
-13094 13112 2569 -5712 -3849 956
-6857 9286 -436 -3627 -3866 27
-10342 13253 1796 -2531 -1013 36
-10596 14236 1840 -2621 -1862 61
-9448 13755 3433 -2729 -1150 586
-10496 9968 10228 12310 -3276 3747
-2040 21187 17283 28557 -11229 -4901
832 13492 9505 29854 43 -9685
-10357 10318 3748 32767 6328 -9694
-17373 17684 26 32767 3323 -14032
-18990 23124 -392 32767 239 -13143
-16052 28637 1318 21212 -7527 -2315
-16914 21806 -2117 231 -10180 8621
-16044 13426 -4021 -7651 -9739 11799
-15070 9170 -4044 -9534 -7986 10205
-13757 9063 -3784 -10850 -4534 6322
-13678 8860 -3014 -10639 -1382 1415
-13552 9302 -1577 -12035 473 -1044
-12185 9702 177 -14566 2421 -2639
-11113 8841 1222 -17270 4703 -4575
-10276 8018 2284 -18972 5835 -6635
-10338 6979 3198 -18906 6910 -9136
-9505 7085 3968 -21218 6671 -9848
-9511 5784 4612 -22858 4293 -10991
-8689 5150 4365 -20435 2843 -11488
-8404 5750 4273 -18500 2856 -12519
-9016 5928 4198 -18155 1853 -12646
-8387 7316 3895 -18447 1789 -13732
-8912 7854 3342 -19550 2060 -15468
-9358 7732 3050 -19638 2761 -16896
-9885 7761 2816 -18510 4614 -18517
-11527 8043 2465 -15372 7195 -19739
-12141 8462 2490 -12267 9042 -19715
-12042 8240 2508 -10554 9114 -19015
-13504 8942 2501 -10174 7433 -17860
-14044 9570 2417 -10938 4545 -16467
-14265 10266 2349 -12408 1121 -16016
-14782 10272 2180 -13916 -1833 -15815
-13829 9885 2361 -14577 -3498 -15847
-13594 9385 2630 -14237 -4378 -15716
-13508 8940 2978 -13547 -4644 -15401
-13412 8490 3466 -11779 -4519 -14648
-13998 8150 3928 -9578 -2881 -13389
-15312 7853 4242 -7597 -890 -13097
-15741 7598 4486 -5868 969 -13327
-15146 7008 5096 -5168 1492 -12812
-16256 7046 5438 -4720 2916 -12865
-17257 6869 5718 -3818 4091 -12717
-17256 6182 5656 -2656 4980 -12157
-17774 6724 5549 -1494 5855 -11530
-17464 6269 5396 -584 6353 -10884
-17272 4681 5462 893 6768 -9811
-16693 4070 5264 3401 7672 -8717
-16385 3726 4709 5564 9059 -8171
-17060 4390 4852 6140 10803 -8016
-18381 5109 4757 4797 11768 -8297
-19613 5657 4714 3019 11717 -9570
-19941 5654 4166 2250 11361 -11959
-19165 5329 3532 1163 12308 -14219
-20037 4885 2820 163 13213 -15452
-21856 5324 2156 -1838 13371 -15619
-22953 6581 1516 -4759 12249 -14828
-23901 7570 1046 -8314 10515 -13141
-24596 8208 968 -11395 8574 -10748
-24373 7874 245 -13169 6541 -8258
-23981 7658 204 -14094 4797 -5185
-23957 7665 62 -14261 3228 -1727
-24437 8077 -285 -13683 1714 1895
-25080 8242 -598 -12568 420 5721
-26309 9337 -225 -11717 -513 9630
-26580 9216 -69 -10705 -1631 13331
-25772 8301 -5 -9333 -1758 16659
-25428 7650 458 -6798 -2722 19497