-6553 4350 2332 -5998 14670 2199
-7402 4170 1789 -6151 16083 1004
-7982 3989 1698 -6408 16816 -342
-8549 3270 1786 -6831 16201 -1315
-8365 2558 1782 -6644 15541 -1956
-9032 2398 1713 -5697 15422 -2728
-10082 758 1660 -3911 15392 -2848
-10794 -901 1286 -1141 15601 -1983
-11726 -1226 861 2301 16157 -1924
-13049 -257 148 5171 16937 -2769
-14949 1661 -1053 6801 17525 -4168
-16472 3098 -1781 8127 17488 -6956
-17558 5641 -1352 8995 18239 -10574
-19940 9689 -248 7015 18219 -13637
-24988 10632 2370 6419 18407 -13756
-27114 19706 7986 2192 10505 -6959
-25969 19929 11649 -1831 212 -5459
-22153 18933 10689 -5693 -3256 -4149
-19588 18512 12137 -8763 -5504 -2126
-14000 16776 11065 -9374 -4586 -3866
-15737 13001 11497 -4417 -4746 -3329
-17318 14384 10236 -3122 -7724 -1509
-12816 12646 8405 370 -7225 -2208
-14417 13437 7137 1258 -5561 -620
-13156 12400 7406 2187 -5705 -731
-11984 12292 7790 3716 -4881 -2550
-11960 8624 8136 5071 -5124 -5006
-10677 7160 7098 5369 -1411 -7492
-11286 7298 8522 4985 2801 -10193
-12666 6105 10257 4857 6788 -11519
-14774 7469 12076 6668 5217 -8515
-14362 12401 11497 5001 5506 -7887
-16268 12362 11398 2194 3639 -7086
-14710 12590 11493 -1280 3296 -7204
-15100 12788 11301 -3600 2605 -7679
-15695 12763 8647 -7698 3357 -8436
-15450 11432 7382 -12055 2779 -9498
-16977 9728 5288 -13798 3999 -10248
-15530 6473 2870 -14264 5371 -11372
-19172 2871 3260 -14024 6437 -11331
-15749 628 4805 -9946 10639 -13204
-19362 832 6538 -9239 12201 -11460
-18288 6368 6551 -9118 12028 -12275
-13384 4037 6089 -9896 17214 -14171
-13913 -2397 5305 -1572 17374 -13674
-13977 -3364 4240 8990 16986 -12352
-15766 921 2937 15386 16240 -10021
-16869 5760 2568 15542 14559 -8638
-17790 8668 2890 10907 13142 -7793
-17126 8478 3082 6247 11192 -7071
-15922 7814 4073 3898 10605 -6305
-14532 10533 3620 2138 7849 -6840
-14921 7308 3220 2183 5083 -7970
-15794 5938 2362 2389 3562 -7617
-18560 5441 1864 1050 2477 -6669
-20182 -826 7717 7814 -6769 -5036
-9744 -516 5085 14315 -1918 -6398
-16368 -1154 6152 18167 -1427 -6605
-17570 6089 6488 18625 -2119 -4037
-14358 2310 6232 18246 -2961 -6225
-14385 2885 3830 16999 -2947 -6949
-13136 2793 497 16853 285 -7622
-14060 1990 -114 17682 865 -8893
-11629 -2266 -874 20657 2636 -11568
-13929 1441 -1869 22235 5657 -10432
-16137 1700 -1690 21228 5382 -10893
-17129 526 -900 21040 5561 -10906
-18122 493 268 19821 6014 -10898
-18660 248 2188 18699 4844 -10870
-18148 233 2941 17026 4594 -10056
-18413 320 3840 15717 3868 -9371
-18714 484 4444 14074 2319 -8949
-18470 512 4778 12351 610 -8250
-18350 338 4689 10501 -1658 -7636
-18373 198 4153 8876 -3951 -7408
-17737 -320 3665 7969 -5172 -7108
-16747 -995 3580 8726 -5295 -7078
-16417 -673 3970 9940 -4344 -7262
-15954 -532 3550 11366 -2188 -7905
-16568 -153 4069 12910 -2046 -7718
-16289 -285 3797 13335 -1532 -7390
-16869 876 3664 13330 -792 -7009
-17566 1413 3449 12502 5 -6623
-17768 1666 3338 12538 870 -6073
-17690 2240 2941 12760 1544 -5536
-18172 2677 3066 13201 1742 -4223
-17946 1822 3118 13588 1147 -2660
-17656 174 2777 13595 543 -502
-18545 -386 2350 13346 -384 1385
-19013 697 1546 12043 -845 2892
-19014 2584 1306 10658 -728 3720
-20012 4261 1142 8556 -811 4207
-20120 4854 909 7228 -1174 4269
-19770 4736 516 7372 -1646 3398
-19170 3180 420 7958 -1386 2617
-18705 2146 716 8578 -1287 2211
-17606 892 1108 8529 -751 1970
-17016 581 1792 7734 99 2020
-16553 404 2441 6521 677 2232
-16060 365 2732 5274 1112 2246
-16129 337 2966 4792 1426 2111
-16336 656 3208 4728 1378 1827
-16506 869 2780 4706 1367 1289
-16472 36 2352 4781 987 1221
-15886 -526 1718 4985 892 1041
-16061 -793 1345 5196 619 1204
-16585 -1328 841 5120 -725 1882
-16782 -1560 60 4833 -2796 2742
-16704 -2274 -193 4869 -4252 3420
-15782 -1884 -82 5796 -4877 3939
-15405 -166 949 7399 -4568 4131
-15290 1342 2201 9443 -4399 3706
-16078 2854 3441 11539 -3852 3262
-16821 3774 3997 13260 -2940 2498
-17720 3926 4481 14123 -2395 1560
-18306 3776 4941 14454 -1952 610
-18652 4505 5518 13926 -1144 239
-19213 5246 5053 11864 -709 -152
-19800 5994 6506 8562 -1392 -339
-18460 5857 5366 6659 -313 176
-18512 4826 5881 6317 903 -367
-18698 4802 5517 6373 2443 -1191
-19256 5338 5113 5980 2640 -1372
-19330 5009 4316 4874 2766 -1289
-18962 4738 4458 3700 2899 -1230
-19077 4316 4492 2770 2783 -1011
-19562 4132 4128 1758 2404 -520
-19400 3120 4192 1172 2322 -128
-18688 2736 3736 912 2756 -96
-18574 2460 3774 1061 2834 -278
-18713 2834 3624 917 2838 -305
-18894 2789 3657 695 2873 -483
-19073 2328 3788 849 2824 -699
-19516 1744 3714 1392 3115 -804
-19562 1500 3821 2147 3571 -1200
-19662 1688 4217 2768 3951 -1644
-19278 1646 4437 3171 3880 -1891
-19120 1702 4254 3063 3650 -1947
-19188 1338 4256 2827 3239 -1917
-18773 884 4033 2377 2590 -1549
-18824 652 3774 2386 2208 -1348
-19086 866 3570 2701 1956 -1485
-18544 776 3857 3394 1925 -1704
-18384 845 4129 4264 1963 -1760
-18008 993 3884 4671 1866 -1617
-17594 892 3730 4875 1724 -1461
-17912 1104 3333 4723 1476 -1211
-17568 1377 3150 4162 1294 -649
-17245 1293 3234 4153 1326 -297
-17806 1884 2997 4376 1141 -147
-17912 2418 2713 4541 1205 -202
-17806 1716 2716 5406 1337 -124
-18177 1897 2698 5988 1780 -187
-18374 2013 2728 6279 1566 -41
-17866 1996 2682 6189 1357 139
-17597 2126 2723 5934 1350 303
-17626 2437 2529 5589 1098 355
-17394 2406 2334 5595 852 296
-17161 1998 1944 6453 880 381
-16894 1800 1620 7485 1371 272
-17385 2515 1947 8156 1753 279
-17434 2849 2077 8438 1792 192
-17029 3019 2391 8366 1979 285
-16432 2954 2466 8221 2381 550
-16576 3232 2408 8023 2778 722
-16830 4198 2891 7415 2647 1027
-17146 5081 3045 7118 2923 1460
-17100 5438 2672 7705 4015 1730
-18132 5321 1753 10316 6581 1987
-18554 4506 542 14136 10697 1968
-18878 5268 602 17403 13681 1662
-18288 5618 1574 19373 15237 1245
-17341 6030 2231 17780 15397 1842
-15618 4808 3412 14244 14658 3148
-14935 4468 3964 9513 14102 3850
-14648 4898 3174 5730 11578 5185
-15127 5421 1814 2318 9833 5925
-15977 4635 -108 -814 7181 6508
-16253 3721 -1132 -2029 5078 6974
-15563 2986 -206 -1739 3423 7354
-14512 2374 974 448 3882 7436
-13785 731 1917 3714 2938 7035
-13213 1030 2059 6874 3514 6724
-13054 2894 1993 8695 4117 6729
-13706 4490 2210 8822 4190 7133
-13905 5707 1748 7440 3778 7310
-13694 6066 1820 5198 3018 7861
-13448 5716 2028 4119 2829 8131
-13232 5500 2116 3790 2118 8203
-12246 4578 1786 4962 1656 7641
-11558 4098 1712 8448 2351 7237
-11639 5024 1075 11404 2678 6177
-11790 6041 -4 11450 3042 5461
-12248 6753 -876 10492 3413 5153
-12598 7132 -1553 9283 3313 4992
-13005 6862 -2058 8631 2860 4783
-12583 6898 -2424 8160 3284 4580
-12895 7187 -2398 8274 2518 4367
-12894 7459 -2433 8770 1903 4028
-13012 7738 -2868 8630 1745 3634