-21719 -3407 5761 4124 -3914 -18377
-20372 -3230 6098 10721 -1684 -15015
-18815 -2857 6780 16332 2611 -13016
-18315 -2166 6953 21037 7893 -12091
-18418 -1414 6553 24088 11523 -11986
-18572 -1036 5746 25748 13785 -12481
-19104 -169 4608 27396 15876 -13570
-19482 968 3868 26806 17417 -14430
-19986 1810 3824 24855 17626 -14377
-20500 2216 3933 22149 16951 -14172
-20922 2536 3978 18828 15789 -13681
-21264 2946 3945 14809 13974 -13012
-21380 3241 3674 10695 12020 -12497
-21314 3485 3456 6383 9553 -11615
-20929 4004 3077 2625 6731 -11255
-20165 4166 2902 -774 3963 -10909
-19309 4199 2856 -4280 981 -10070
-18445 3842 3216 -7343 -1450 -8953
-18081 3474 3738 -9548 -3024 -7814
-17900 3249 4162 -11426 -4416 -6605
-17592 3081 4514 -12601 -4966 -5561
-17221 2861 4686 -13041 -4484 -4801
-17152 2666 4957 -13094 -4156 -4114
-17026 2818 4845 -12555 -2812 -3819
-17062 2462 5132 -12192 -840 -3491
-17185 2461 5312 -11466 -318 -3052
-17310 2354 5674 -11048 246 -2986
-17470 2164 5444 -10152 974 -2754
-17549 1737 5512 -9092 1420 -2446
-17833 1396 5462 -7693 1862 -1782
-18096 1092 5236 -5895 2133 -1069
-18380 924 5146 -4056 2012 -125
-18572 877 4845 -2052 1607 962
-18608 680 4665 -245 726 2120
-18510 609 4396 1348 -69 3205
-18436 678 4177 2746 -716 4364
-18360 652 4097 3860 -1305 5470
-18228 729 3890 4673 -1393 6420
-18078 929 3813 5127 -1569 7239
-17837 1077 3681 5250 -1492 7840
-17717 1102 3648 5184 -1262 8388
-17533 1098 3452 4769 -1188 8904
-17517 1041 3470 3996 -1038 9429
-17574 1060 3378 3166 -1169 9876
-17590 1002 3328 2186 -1081 10352
-17669 794 3381 1196 -1258 10805
-17762 616 3414 108 -1713 11129
-17772 344 3353 -1001 -1914 11625
-17805 93 3469 -2179 -2293 12017
-17844 -84 3586 -3191 -2754 12406
-17897 -254 3573 -4186 -3266 12600
-17964 -456 3748 -5117 -3643 12852
-17929 -584 3730 -5872 -4142 12903
-17840 -668 3866 -6433 -4427 12895
-17730 -918 3840 -6823 -4638 12916
-17544 -985 3757 -6927 -4604 12862
-17408 -1145 3626 -6881 -4407 12822
-17241 -1278 3540 -6680 -4148 12765
-16984 -1368 3408 -6284 -3786 12693
-16654 -1480 3320 -5769 -3364 12596
-16282 -1514 3213 -5149 -2904 12491
-16120 -1646 3077 -4555 -2437 12324
-16016 -1744 2997 -4013 -2033 12159
-16066 -1838 3028 -3820 -1592 11956
-16120 -1770 3093 -3791 -1374 11669
-16202 -1766 3198 -4060 -993 11213
-16368 -1486 3482 -4578 -1102 10597
-16490 -1264 3518 -5534 -1092 9800
-16698 -1086 3820 -6450 -1318 8765
-17086 -1166 3905 -8084 -1340 7756
-17222 -637 4194 -9433 -1577 6612
-17269 -254 4346 -10875 -1841 5303
-17062 105 4372 -12350 -1937 4141
-16774 260 4358 -13492 -2012 3149
-16333 376 4332 -14395 -1927 2458
-15988 666 4269 -14994 -1870 2121
-15564 724 4257 -15039 -1787 1998
-15160 470 4322 -14361 -1461 2071
-14766 277 4349 -13094 -1171 2289
-14770 150 4510 -11559 -834 2607
-14930 25 4492 -9820 -742 3041
-15086 -332 4472 -7890 -637 3381
-15534 -493 4450 -5894 -666 3684
-16158 -270 4552 -4373 -771 3881
-16869 57 4805 -3472 -1081 3924
-17354 293 5028 -3029 -1432 3891
-17682 602 5138 -3059 -1639 3840
-17749 1005 5452 -3535 -1903 3996
-17380 1298 5530 -4221 -1993 4248
-16918 1345 5502 -4641 -2117 4481
-16510 1237 5105 -4411 -2242 4564
-16088 1138 4753 -3554 -2326 4667
-15906 1141 4538 -2163 -2226 4748
-15812 1290 4689 -580 -1890 4845
-15858 1444 4789 782 -1337 5008
-16029 1721 4960 1846 -755 5311
-16045 1804 5013 2443 -223 5612
-16106 1885 4825 2705 184 5837
-16292 1758 4685 2806 384 5915
-16476 1738 4600 2743 439 5946
-16517 1838 4622 2664 593 5766
-16372 2038 4708 2727 724 5396
-16025 2274 4749 2797 1128 4974
-15776 2717 4961 2540 1522 4712
-15538 3490 5062 1789 1865 4601
-15321 3992 5150 718 1912 4589
-15001 4394 5172 -212 1909 4680
-14625 4400 5144 34 1888 4837
-14742 3664 4274 1251 3133 4998
-15037 3616 4566 1120 4258 5091
-15508 4410 4772 841 3857 5740
-16265 3837 4917 228 2344 5430
-15530 2458 5266 -134 1348 4885
-14257 1402 5473 1095 245 3615
-13922 1998 4994 2811 -125 1962
-14162 2948 4780 3719 -515 443
-14289 3798 4441 4118 -258 -1008
-14098 3981 4533 4463 687 -2382
-14397 4444 4614 4575 2279 -3142
-15016 5093 4358 4259 3526 -3236
-15233 5233 4104 3528 4627 -2603
-15276 4801 3796 3165 5295 -1422
-16028 4802 3294 3053 5790 -93
-16621 4868 3093 2776 5204 1177
-16896 5038 2756 2454 4661 2316
-17045 4909 2625 2277 3995 3215
-17005 4620 2820 1919 3069 4016
-16686 4365 2938 1685 2368 4531
-16277 3852 3285 1284 1641 4980
-15796 3237 3464 1140 1146 5308
-15562 2788 3678 1005 408 5614
-15257 2457 3682 1014 -14 5753
-15053 2209 3777 1246 -132 5898
-14638 2189 3994 1791 290 5895
-14537 2140 4228 2542 1272 5874
-14284 1946 4240 3325 2079 5958
-14440 2877 3798 3524 3377 6054
-14952 3650 3641 2534 3829 6021
-15002 3558 3437 1217 3874 5758
-15086 3236 3406 -25 3389 5261
-14841 3424 3142 -996 3185 4760
-14845 3182 2986 -1549 3223 4055
-14770 2814 2960 -1744 3243 3025
-14661 2676 2812 -1620 3439 2037
-14673 2512 2920 -1412 3735 1404
-14653 2225 2837 -1260 4002 1312
-14498 1957 3052 -1510 4479 1348
-15382 1708 2974 -1900 5213 1362
-17412 846 3006 -1320 4714 1287
-18973 289 3061 -205 3798 1010
-19339 466 2862 472 2865 380
-18982 938 2760 1017 2392 -601
-17879 2017 2322 1204 2530 -1585
-16448 3424 1450 1484 3295 -2519
-15432 4632 1288 801 4060 -3033
-14705 5042 1554 -768 4741 -3706
-15282 4793 2391 -3327 3909 -4264
-16092 3403 2794 -4029 2377 -4375
-17660 2164 2697 -2210 509 -2728
-17248 2652 1744 -1049 284 -1397
-19144 5057 788 -2009 1734 1099
-20298 4755 227 -3479 -57 1695
-20443 4996 153 -4480 -1090 1175
-18590 4057 1709 -3851 -2546 1347
-17840 4480 2972 -4494 -2967 1910
-16174 2030 3342 -3944 -2254 1367
-17040 3024 4241 -1262 -2032 2415
-17196 4729 4646 -907 -3302 3083
-16450 4809 4884 -299 -4834 2925
-16284 5710 4516 -395 -5632 2967
-16814 6233 3215 -1438 -6101 2468
-16604 6385 2312 -3106 -5318 2827
-17210 6682 1702 -5692 -3762 3391
-17192 5688 2426 -7029 -2892 3153
-16422 5577 3249 -6810 -1092 2746
-17098 5590 3666 -6403 -275 2088
-17032 5580 3768 -6459 -30 957
-16764 5264 4200 -5884 84 239
-15933 5050 4029 -4115 472 -56
-15754 4998 3874 -1873 814 -464
-15493 5212 4054 408 896 -652
-15480 6164 4266 2517 861 -262
-15507 7176 4674 2430 233 -416
-15261 6901 5506 3898 420 930
-15787 7727 5953 3685 -38 2205
-15422 6374 6936 5275 -618 2145
-15974 6598 6966 6894 -613 2603
-16673 6420 6926 8068 -2077 2606
-17483 6621 5190 8500 -2681 2069
-17917 6201 5594 10247 -2672 2085
-18765 7864 6037 8303 -3629 2809
-17870 8460 6596 4608 -5139 2774
-18706 10832 6669 1667 -5908 2360
-19969 11150 6100 -1449 -9820 1582
-20206 9674 5690 -5999 -14553 634
-16940 7369 7126 -6238 -17268 -886
-14233 6384 7315 -2623 -17923 -1678
-12538 3897 7136 2933 -16500 -2066
-12332 2633 7905 8799 -15178 -1646
-12965 4962 7828 12876 -14717 -713