-16159 -1077 -3796 10172 990 -225
-15386 -1132 -3254 9813 1173 -321
-15430 -1576 -2963 9031 1768 13
-16658 -2681 -3265 8044 2017 885
-16045 -2873 -3172 7202 2311 1632
-15786 -3346 -3340 6438 2339 2129
-15964 -3782 -3401 6013 2184 2527
-16460 -3188 -3801 5957 2029 2623
-16792 -2996 -4384 6496 2019 2184
-16598 -2828 -4230 7112 2002 1809
-15830 -2654 -4061 7794 1808 1197
-15352 -3100 -4384 8208 1823 684
-15429 -3130 -4633 8116 1724 731
-15272 -3621 -4744 7696 1282 1156
-15497 -3746 -5228 7695 1096 1583
-15874 -3616 -5533 7574 888 1983
-15605 -3465 -5461 7427 1115 2395
-15284 -2920 -4944 7160 1144 2699
-15028 -2848 -4574 6920 1206 2921
-15073 -2914 -4460 6898 1559 3100
-15475 -2953 -4695 7032 2039 3233
-15613 -2794 -4812 7136 2476 3249
-15680 -3014 -4966 7375 2679 3213
-15569 -3158 -5245 7838 2963 3120
-15280 -2865 -5076 8020 2628 3022
-14629 -2745 -5104 7669 1810 3019
-14345 -3496 -5386 7637 1270 2911
-14322 -3329 -5882 7893 752 2903
-14788 -3913 -5693 8524 212 2742
-14172 -5434 -5219 10688 245 2821
-15086 -5753 -5650 12680 -292 3081
-15068 -4322 -4994 13546 -690 3434
-13568 -3469 -3532 16093 -809 3190
-12177 -854 -3032 17450 363 3012
-12628 -1021 -3717 15624 2519 3133
-12944 -1524 -4146 13640 4854 3144
-13702 -1166 -5193 12364 7260 3596
-14782 -762 -5288 11337 7829 3823
-14449 -954 -5376 10755 7771 3951
-15023 -362 -5424 9902 7090 4131
-14941 -2115 -5694 10245 6020 4110
-15326 -1262 -5824 10616 5351 4142
-14895 -776 -5203 9856 3888 3975
-14756 -884 -4644 9265 2674 4010
-14203 -767 -3922 9282 2087 3780
-13390 -865 -3194 9538 2457 3558
-13988 -1298 -2760 9681 2423 3230
-13509 -1620 -2634 9584 2839 3473
-14571 -2430 -3624 10056 3243 3101
-14970 -1620 -3928 10004 3028 2675
-13746 -1709 -3562 9916 2959 2485
-13385 -821 -3037 9609 2846 2353
-12753 -892 -2792 8790 2659 2128
-12287 -1487 -3174 8016 3096 2048
-13264 -1369 -3624 7459 3382 2220
-13350 -2158 -3876 7681 3985 2143
-13175 -2122 -4312 8096 4565 2189
-13578 -1896 -4570 7905 4363 2297
-12745 -1434 -5221 7649 3922 2602
-13304 -802 -4604 7143 3501 2428
-12965 -1308 -3952 6030 2474 2198
-13581 -2674 -4530 6281 1941 2254
-13997 -2024 -5542 6439 1263 2062
-14086 -1729 -5594 6505 648 1643
-14289 -1981 -5129 7213 336 1118
-13925 -1693 -4545 7396 213 587
-12830 -1344 -4310 6939 63 713
-13113 -1070 -3600 6124 -295 527
-13206 -377 -3501 4856 -572 594
-13345 -792 -3491 4952 589 637
-13829 -636 -3545 4768 2512 595
-14126 -978 -3530 4121 3729 808
-14238 -1128 -3820 3561 4141 974
-14420 -122 -3138 1617 3936 1299
-14224 4 -3320 223 3607 1330
-14740 -22 -3256 -374 3437 882
-14922 -796 -3628 -252 3524 430
-15410 -187 -3786 -255 3636 190
-15485 328 -3868 -1123 3364 -259
-15542 226 -4186 -2232 2490 -149
-15776 271 -4296 -3237 2106 113
-15982 -926 -4085 -3702 2109 267
-16680 -1032 -3740 -3949 2517 552
-17320 -676 -3657 -4402 2725 665
-18979 -1512 -4312 -3984 2548 755
-19576 -3023 -4891 -1727 2204 101
-19189 -3044 -4641 -916 1366 311
-18874 -2425 -4597 -1670 389 397
-19156 -3464 -4433 -1807 -172 300
-18774 -2785 -4080 -1673 188 416
-18330 -2097 -4246 -1564 1037 429
-18651 -3106 -3775 -1445 1662 552
-19194 -3120 -4166 -2101 2103 991
-18943 -3197 -4976 -2614 2073 1631
-19582 -3218 -6010 -1461 2036 1734
-19284 -1786 -5834 -803 1398 1655
-18285 -1017 -4990 -386 1237 1421
-18108 -968 -4314 36 1335 1089
-17784 -1696 -4676 647 1386 1124
-17682 -1688 -5189 763 640 1542
-16834 -1636 -5669 1035 258 2249
-16233 -674 -5190 1527 371 2580
-16252 1052 -5141 1725 -32 2556
-15673 497 -5306 2521 98 2525
-15333 33 -5106 3304 666 2602
-14645 -932 -4460 4787 1381 2838
-13570 -108 -5621 6384 4633 2813
-14937 644 -5661 7475 7036 2106
-14433 3121 -5793 6012 9056 1678
-14702 3184 -6434 3292 8564 714
-14877 12 -9262 4361 7901 -654
-15617 798 -10945 4908 5819 -1447
-15588 613 -11044 4783 3843 -1851
-14946 1656 -10544 3264 3798 -1715
-13304 724 -8028 1145 4321 -1325
-13326 2924 -8434 -503 6346 -26
-14791 2098 -7647 -1953 6966 296
-15086 1054 -7740 -4604 6832 1266
-15265 929 -8528 -5575 6006 1960
-16802 377 -7654 -7312 4631 1558
-13704 93 -7404 -7870 3378 1483
-15204 -413 -6400 -7906 3030 1169
-14510 -492 -6644 -8163 2492 1539
-14785 -106 -6266 -8113 2215 1349
-15128 -73 -6513 -8264 1640 1433
-14564 -1020 -5176 -8678 837 1330
-14755 -978 -5747 -7761 440 1741
-15810 -1122 -6984 -6622 -217 1792
-16388 -1271 -7361 -5781 -1574 1876
-17292 -1569 -7445 -4763 -3544 2385
-17525 -4246 -6769 -1668 -4483 2763
-16231 -1921 -3412 551 -4860 2039
-15597 -1268 -2821 220 -5544 2115
-17042 -874 -3486 -183 -5709 2262
-17076 -666 -4531 -567 -5114 2001
-18272 -442 -5716 -427 -3951 1808
-18548 658 -6108 -359 -2905 1595
-18781 928 -6093 -629 -2285 1450
-18443 900 -6302 -606 -953 1614
-19290 1312 -6982 -505 -229 1881
-19284 1736 -7744 -393 102 1630
-18616 2434 -8474 -164 359 1572
-19061 3661 -9246 -251 206 1859
-19045 2956 -9220 -54 -655 1243
-18258 3177 -9848 -259 -754 1469
-18126 2708 -9418 -491 -1370 1484
-15499 1842 -9160 42 -171 2448
-17180 4752 -7480 -1181 417 2976
-17473 4838 -7416 -2656 -1698 2960
-16356 3622 -6976 -2971 -1619 2378
-16590 4438 -6277 -3346 -2314 1877
-15524 3992 -6142 -4024 -2338 1366
-15336 3176 -5167 -3734 -3081 347
-14458 1197 -4634 -1720 -1981 -277
-14964 3484 -4142 -1630 -1044 -24
-15270 308 -4468 -2009 -1310 506
-14769 2552 -3514 -2423 -1091 490
-14618 2562 -2870 -2544 -1969 195
-14198 3159 -2140 -3349 -3528 387
-13552 3700 -2286 -4127 -3206 551
-13828 4741 -1981 -5984 -3023 555
-14116 3954 -2541 -7309 -3258 191
-13665 2579 -3340 -7953 -2225 -594
-15498 3443 -4443 -9068 -3105 -1732
-15097 2008 -5768 -8931 -3178 -3027
-14840 1746 -6714 -9199 -3460 -3091
-13984 633 -6681 -9261 -3969 -2407
-13566 710 -6380 -9699 -3932 -1066
-14049 332 -6501 -9562 -3345 -248
-14424 408 -6360 -8943 -2233 379
-15197 3648 -5414 -9944 -1582 127
-14017 -54 -6174 -7583 88 937
-15181 1954 -6096 -6332 -16 1527
-15478 2246 -6464 -6363 -53 2154
-14926 3180 -6725 -5031 495 2763
-15154 5114 -6334 -4952 655 2890
-14250 4396 -6978 -4367 863 2795
-14865 5775 -6196 -4778 784 2811
-15242 3330 -5949 -3922 1145 2826
-14754 7988 -6452 -4094 1320 2740
-15685 5244 -7680 -3653 1545 1838
-15922 4613 -7586 -3327 949 1753
-16346 998 -8118 -3008 555 2271
-16276 3233 -8820 -3833 661 1937
-15769 2766 -7620 -3309 -107 2489
-15574 1709 -7492 -2611 -793 2224
-15186 2117 -7686 -3604 -624 2240
-14869 2001 -7288 -3040 -1065 1789
-14104 2049 -7681 -3876 -605 1382
-13776 2658 -6434 -4007 -636 1227
-14222 3106 -6254 -3971 -398 643
-14177 3854 -6700 -4323 49 37
-14049 2880 -5684 -3635 -560 -664
-14399 2746 -6028 -4485 -390 -844
-15464 2861 -7024 -4739 -848 -1319
-16378 4756 -5488 -5906 55 -1670
-31294 20125 4010 -4555 -3825 4214
-5989 -6576 -12350 -2418 -478 -4567
-14945 -428 -11059 -2888 4210 -2889
-14757 1288 -8766 -4854 6477 -4751