-13633 19198 16948 3158 -2820 -596
-13016 19812 16849 3490 -2667 630
-13763 20112 16602 3098 -2802 2167
-15292 19577 16241 2608 -3244 3764
-16050 18960 15852 2580 -3883 4912
-16464 18448 15502 3299 -4364 6283
-16175 18270 15116 5121 -4640 8160
-15927 18147 14602 7764 -4627 10450
-16481 17714 13997 10266 -4148 12344
-17780 16799 12972 13171 -3368 14175
-19274 16598 11820 15723 -2547 15697
-19756 16488 10944 16574 -2281 16693
-19060 16176 10153 17128 -1383 18323
-18127 16631 9699 17162 630 21006
-17913 16781 8949 15948 2217 23506
-17612 16108 7968 14260 3697 24916
-16826 15139 7306 12023 4766 25883
-15364 13762 6274 9538 5962 26816
-13941 11886 4597 7883 6928 27452
-11789 10879 3361 6212 7822 27885
-9109 10753 2790 2856 8700 28049
-7661 10820 2677 -236 9848 28197
-7155 8152 3091 -1433 11810 27651
-7790 4780 3221 -183 13810 27211
-7604 348 3228 4433 15883 26444
-7993 -1325 2831 10812 19233 25318
-7992 -1532 2829 15152 20977 24090
-7196 -803 3243 16663 20848 22520
-4780 496 3993 15947 20465 20236
-1900 1770 5190 12495 20196 17913
1189 2197 5857 8743 19406 15767
4818 2460 6478 5150 19493 13405
7553 2965 7188 1657 18883 11090
10683 2755 8338 -2301 17814 7847
13664 1553 8777 -4729 16823 2526
13042 430 8510 -4917 15405 -4002
11040 -836 7597 -3854 13732 -12039
7220 -1495 6504 -2556 9436 -20113
3333 208 6313 -3184 6397 -25573
96 2602 5828 -6559 7035 -28794
-2869 4562 6330 -11345 6440 -31469
-5536 3914 6722 -17053 6816 -32768
-8364 4408 7741 -21433 7059 -32768
-11025 3875 7747 -25083 7642 -32768
-13266 2988 8001 -27148 8014 -32768
-15072 2778 8394 -27381 9086 -32768
-16864 2592 9290 -26617 10015 -32768
-18602 3468 10178 -25051 11279 -32768
-20196 4984 10782 -24101 13262 -32768
-22102 6007 11173 -23039 14408 -32768
-22778 6465 11186 -21980 15309 -32768
-22601 6242 10605 -20166 16138 -32768
-21601 6280 9696 -18171 17044 -32768
-21564 6652 9364 -16657 17643 -32768
-21638 5946 8781 -14993 18754 -32768
-22220 4513 8018 -11742 19266 -31317
-23310 3606 8097 -9058 19200 -28365
-24527 2879 8695 -6470 19009 -24465
-26122 902 9231 -3955 19055 -20068
-28741 -2892 8448 -134 18510 -16658
-29670 -2950 8524 5749 17018 -13970
-27767 320 9744 7794 16279 -12798
-26032 2308 10490 6978 16355 -13181
-25762 2993 10560 5410 16011 -13593
-24521 3082 9862 3758 15413 -14321
-24937 2302 9650 1859 14721 -14359
-24593 1848 9365 -851 13156 -13418
-23482 103 9128 -1690 11514 -11903
-23192 -301 8750 -306 10184 -10807
-22758 40 8345 600 9038 -10136
-22685 493 8268 1178 7927 -9709
-22753 417 8224 1640 6994 -9269
-22412 606 8136 2094 6109 -8746
-21818 292 7844 2606 5458 -8051
-20700 -103 7398 3772 4946 -6896
-19124 -446 7130 5590 5013 -5563
-18245 -921 6917 7852 5398 -4602
-17146 -1065 6402 10684 5965 -3778
-15970 -605 5660 13734 6192 -3139
-15290 248 5124 16067 6360 -2703
-14958 1484 4936 17206 6648 -2463
-15028 2889 5468 16788 7051 -2431
-15496 3896 6205 15043 7420 -2593
-15756 4560 6997 12557 7331 -2828
-15537 4414 7326 10131 7295 -3162
-14980 3914 7284 8340 6860 -3383
-14458 3278 6873 7083 6421 -3453
-14074 2985 6238 6222 5802 -3239
-13316 3029 5305 5977 5227 -3040
-13029 3318 4942 6005 4630 -3021
-13477 3281 4870 5954 4003 -2844
-13966 3352 5093 5599 3319 -2702
-14712 3402 5368 4946 2519 -2546
-15618 3172 5494 3963 1641 -2320
-16410 2724 5588 2848 731 -2050
-17046 2150 5690 1965 -181 -1725
-17584 1581 5733 1430 -1080 -1425
-18146 1221 5846 1240 -1948 -1143
-18380 860 5874 1410 -2623 -882
-18329 674 5617 2036 -2950 -592
-18165 604 5301 2964 -2974 -181
-17970 545 4896 4239 -2625 230
-18049 266 4420 5806 -2370 854
-18468 -130 3949 7373 -2119 1571
-19188 -584 3889 8634 -2099 2477
-20157 -974 3716 9759 -2086 3795
-21297 -1464 3592 11080 -1765 4915
-22260 -1852 3712 12296 -1700 5586
-22938 -1646 3896 12946 -1771 6147
-23316 -1185 4086 12992 -2263 6765
-23026 -904 4056 12515 -2762 7300
-22274 -464 4178 11633 -3082 7858
-21122 148 4226 10446 -3149 8421
-19817 725 4264 9102 -2959 9001
-18686 1056 4144 7820 -2584 9589
-17589 1172 3932 6645 -1979 10175
-16921 1152 3962 5341 -1314 10870
-16370 1101 3934 3993 -602 11591
-16334 834 3878 2660 128 12288
-16682 369 3981 1540 556 12961
-16929 -184 4076 691 788 13422
-17326 -622 4289 73 846 13693
-17720 -994 4606 -463 704 13799
-18154 -1380 4832 -1092 517 13855
-18633 -1792 5153 -1591 173 13805
-18837 -2094 5373 -2040 -256 13703
-18745 -2317 5518 -2401 -612 13530
-18568 -2510 5621 -2582 -1005 13255
-18188 -2620 5626 -2563 -1371 12982
-17608 -2822 5461 -2306 -1658 12628
-16900 -3057 5297 -1686 -1846 12175
-16076 -3246 5096 -710 -1898 11646
-15373 -3308 5009 427 -1807 11040
-14630 -3310 4972 1627 -1649 10482
-13826 -3188 4940 2817 -1386 9787
-13165 -2997 4798 3825 -1067 9043
-12662 -2782 4796 4575 -741 8267
-12313 -2370 4726 5074 -473 7396
-12116 -2106 4682 5233 -278 6462
-12122 -1906 4680 5155 -268 5456
-11940 -1725 4677 4855 -301 4404
-11817 -1493 4842 4340 -232 3246
-11966 -1369 4836 3711 -331 2086
-12040 -1297 4924 3080 -579 858
-12110 -1289 4821 2540 -846 -411
-12270 -1257 4732 2123 -1210 -1701
-12478 -1230 4650 1885 -1655 -2994
-12546 -1352 4562 2003 -2090 -4243
-12584 -1318 4425 2317 -2449 -5423
-12780 -1289 4292 2746 -2833 -6466
-12821 -1330 4146 3331 -3054 -7431
-12946 -1321 4000 4038 -3150 -8366
-13196 -1345 3817 4836 -3148 -9250
-13674 -1322 3805 5604 -3066 -10202
-14186 -1217 3869 6302 -3029 -11173
-14500 -1077 3904 6849 -2961 -12194
-14821 -970 3848 7258 -2776 -13189
-15200 -901 3909 7579 -2600 -14120
-15636 -797 3868 7895 -2442 -14961
-16046 -834 3734 8287 -2328 -15705
-16557 -848 3688 8849 -2259 -16363
-17028 -926 3565 9552 -2260 -16889
-17468 -922 3534 10311 -2241 -17228
-17734 -826 3396 11162 -2303 -17427
-17697 -670 3258 12064 -2325 -17459
-17698 -613 2896 13059 -2286 -17340
-17624 -476 2705 14116 -2254 -17062
-17478 -348 2562 15010 -2186 -16756
-17361 -295 2370 16254 -2006 -16134
-17380 -150 2315 17791 -1662 -15228
-17704 -239 2221 18898 -1196 -14317
-18230 -356 2322 19644 -728 -13436
-18582 -497 2352 20078 -273 -12798
-18918 -622 2436 20221 77 -12291
-19208 -509 2705 20000 446 -11592
-19620 -806 2492 19941 891 -11100
-20325 -1328 2460 20133 1021 -10792
-20818 -1233 2436 20031 1415 -10451
-21341 -1205 3125 19229 1531 -10033
-21502 -1554 3238 18702 1597 -9735
-21560 -2140 2891 18785 1792 -9488
-21390 -2486 2530 19330 1954 -9355
-20876 -2378 2032 20488 2270 -9351
-19902 -1844 1934 21937 2948 -9508
-19210 -1344 2232 22639 3594 -9611
-18221 -863 2644 23024 4564 -9670
-17348 -816 2438 23336 5691 -9712
-16168 -413 2770 23388 7000 -9723
-14776 457 3120 22765 8327 -9881
-13823 1833 3821 21033 8913 -10260
-13717 3244 4700 18203 9231 -10887
-14076 4085 5500 15607 8896 -11400
-14564 4183 5666 12560 8326 -11947
-15317 4218 5830 9881 7581 -11987
-15655 3398 5642 8662 6941 -11654
-15980 2490 5506 8611 6436 -11071
-16472 1368 4846 9906 5855 -10129
-17164 256 4322 11863 5080 -8867
-17948 -438 4056 13861 4504 -7545
-18801 -710 4237 15981 3797 -5957