-18370 38 -6148 919 -7341 6606
-17832 906 -4789 -1191 -8613 8591
-17649 1912 -3605 -4797 -9385 12027
-16750 1944 -2853 -8071 -9803 12987
-17353 2005 -2461 -9443 -10200 12992
-16832 1570 -1850 -9366 -11601 12202
-15597 537 -1630 -6094 -11417 11311
-14601 2348 -2834 -4880 -8786 10816
-15605 3858 -3348 -4558 -6513 10455
-14583 1642 -3149 -2148 -1728 8832
-13372 1282 -2996 96 3729 7858
-14951 1961 -2412 2535 6993 6788
-14302 -726 -110 7135 6116 3882
-14204 988 -661 7749 6461 1188
-14813 1144 510 5396 4554 -713
-14865 2136 352 3298 2288 -1828
-13918 2804 -640 454 2865 -958
-14340 2706 -914 -1894 2275 -270
-15729 2885 -2229 -3011 2384 -127
-15843 3547 -2913 -4223 1859 973
-16391 3936 -3839 -6213 383 1064
-16904 3994 -4034 -7810 -628 581
-17383 4821 -4028 -8883 -1854 237
-17671 4452 -4342 -8997 -3017 1188
-16700 4134 -4786 -7141 -2761 2559
-17653 5446 -5184 -8453 268 3301
-19508 2648 -1660 -7016 -1750 3887
-15513 2666 -1594 -5983 -2425 3789
-17341 4784 -863 -7543 -2349 2415
-16672 4446 -1022 -9465 -5153 805
-16121 4532 -1236 -10140 -4909 1818
-16446 4843 -2547 -10955 -5071 3723
-17108 4682 -3597 -11105 -4308 4670
-16387 3112 -3387 -8550 -3185 4255
-14869 2244 -1896 -2939 -435 2460
-14222 2149 -1736 1497 2908 877
-14365 3271 -817 3801 5878 -838
-14349 1282 -1295 9865 8171 -2303
-15490 160 -1576 16396 8344 -2093
-15825 4297 -2132 17927 8315 -1042
-15732 2082 -2010 20821 6812 -2501
-15006 1932 -2780 23484 9010 -3480
-15868 4138 -3513 23548 11392 -3771
-15748 4880 -4385 20914 13383 -3648
-16177 4369 -4821 17413 14205 -2990
-16071 4872 -5171 13710 13676 -2346
-16692 4376 -5785 8622 12541 -2420
-15998 3384 -5669 3989 9767 -2822
-16593 3672 -5577 -131 5709 -3882
-16196 3465 -6234 -3462 2949 -4355
-16994 3522 -7153 -7352 386 -4463
-19578 4356 -4072 -9425 -3061 -1408
-16703 3114 -2530 -9559 -11819 1037
-17477 5219 -3353 -13994 -13482 2608
-17722 5970 -3135 -20225 -18499 4218
-16749 5193 -7061 -28773 -19012 3440
-19354 4179 -4436 -32513 -17823 4218
-14238 -557 -4123 -29686 -18295 3330
-14228 370 -3590 -24072 -14025 3097
-14626 644 1364 -15220 -13470 4449
-14008 4607 -148 -10071 -8176 3529
-15848 5628 181 -6218 -4229 2595
-15122 5002 -539 -6941 -997 1603
-16366 5864 -972 -8589 42 1919
-17367 7488 -1814 -11718 170 2794
-17817 7910 -1706 -14693 -952 4164
-17221 7736 -1452 -17640 -645 3281
-16054 5748 -1736 -18418 -1214 1083
-15944 2730 -1140 -15170 -2442 2073
-16569 2529 -1444 -8840 -3869 4735
-17025 2869 -137 -2276 -5218 6796
-15922 3734 -730 2859 -3695 6737
-16876 4684 -1028 5655 -2264 6813
-17934 6240 -1692 5917 -2458 8113
-17682 6070 -1420 4026 -2564 8790
-16113 3381 376 6580 -3101 8463
-13768 2473 1481 10653 -309 6566
-13943 4534 1215 14265 3664 4281
-15180 7709 -316 13940 6859 2340
-17799 10400 -1967 10241 7700 2064
-18288 11613 -3135 7804 6613 2698
-17876 10884 -2991 7564 5207 2607
-15658 8172 -2373 9252 5179 2418
-15029 6685 -1778 10353 5758 1688
-14756 5962 -1537 9980 6414 1101
-16098 7070 -1222 6687 5475 643
-16505 6798 562 4764 3996 29
-16253 5624 1316 4843 3325 -580
-16719 6202 1172 4566 4017 -1352
-18326 8021 -212 3660 5392 -1604
-18562 9321 -1157 2340 4761 -1628
-17696 9506 -1977 810 4735 -1015
-16938 10768 -3101 -995 5302 -563
-16038 10987 -3588 -2512 5485 113
-15522 9953 -3653 -2926 4511 1017
-14364 9285 -3893 -3293 3876 1547
-14008 8258 -3222 -4276 2559 1665
-12232 5414 -2189 -4860 1565 1617
-10896 3592 -1452 -5453 1450 683
-9789 2150 -689 -5043 1132 -227
-9340 1610 -652 -4294 1314 -636
-10083 2874 -2135 -3023 2390 -1134
-12984 5213 -4252 -1100 2888 -508
-14192 6692 -5360 -42 2999 -616
-14814 6792 -5090 559 2457 -655
-14746 6273 -4166 636 2497 -906
-14697 5676 -3134 1146 2456 -1451
-14760 4953 -1666 1269 2063 -2245
-14576 5144 -1006 726 1932 -3239
-14916 5684 -630 -183 1839 -4276
-15391 7048 -570 -2729 1558 -5787
-16657 8142 -980 -6488 -1016 -6399
-16720 7305 -2085 -8849 -2629 -6585
-16482 5218 -2460 -8082 -2778 -6304
-16948 5878 -3482 -6779 -2378 -6255
-17283 6052 -4559 -5609 -2191 -6075
-17108 5825 -5121 -4174 -1509 -5284
-17488 6117 -5505 -2876 -927 -4329
-17688 6500 -5578 -1322 -1050 -2996
-17243 7264 -5454 -1558 -1903 -1861
-16268 5988 -5065 -1450 -2878 -1858
-15742 5382 -4834 -639 -2977 -2210
-15701 5038 -4370 434 -3237 -2609
-14787 2910 -2706 4430 -2949 -3154
-13700 2559 -1255 10991 -1505 -3172
-13507 2283 -909 16289 -131 -3180
-12997 1885 -990 20358 2144 -3574
-14445 4016 -1720 20461 2400 -3469
-13970 2372 -2294 20127 964 -3233
-14233 2553 -2476 18559 -31 -2975
-14136 2205 -2412 16445 -1769 -3294
-14278 1888 -2644 12840 -3267 -4183
-14143 1335 -2772 8697 -5211 -5311
-13661 1194 -2798 5796 -5832 -6691
-13488 1613 -2844 3119 -6517 -7749
-13350 2617 -3081 306 -6945 -8237
-13262 2926 -3465 -2527 -6708 -8538
-14346 4494 -4402 -5884 -5385 -7799
-16127 5804 -5400 -8516 -4297 -7223
-18586 7314 -5817 -9609 -2920 -6809
-18222 6196 -6272 -8063 -2266 -6883
-17937 6257 -6837 -4591 1324 -6642
-18954 7173 -6369 -637 4353 -5232
-19105 7426 -6253 1480 5958 -3676
-19420 7638 -5746 2182 6578 -1917
-18944 7820 -4936 1339 6060 -762
-18424 7701 -3946 33 5518 -465
-17705 6606 -3625 -1264 4365 -617
-17069 5198 -3445 -2094 3171 -589
-16272 4221 -2612 -1985 1520 -640
-15634 2877 -1705 -779 -338 -1001
-16192 2709 -1146 463 -1272 -609
-16593 3356 -770 574 -2727 141
-16687 4138 -380 -617 -4405 1170
-16076 4126 270 -2364 -5499 2041
-15312 3971 560 -3302 -6292 2366
-14384 3060 150 -3080 -7010 2500
-14254 1173 -829 -1296 -8359 2743
-13720 849 -914 1209 -9506 3134
-13281 1138 -568 2373 -10060 3450
-12837 2305 82 2288 -9922 3464
-13586 3297 978 1260 -9340 3148
-14374 3592 1450 -179 -9622 2735
-14426 2724 1617 -1231 -9477 2057
-15394 1230 1021 -954 -9688 1372
-15532 -148 910 376 -10077 995
-15906 77 870 2358 -10471 541
-16293 1230 1252 3832 -11559 220
-16378 2048 1628 4027 -12046 -132
-17708 2265 2244 3817 -12402 -746
-19933 2042 3161 3658 -12802 -1421
-20112 1324 3424 4042 -12842 -1804
-20318 956 3744 5406 -11704 -2136
-20073 282 3829 8363 -10470 -2178
-19488 -196 3392 12490 -9235 -2137
-19678 -440 3084 15690 -8716 -1969
-20124 -184 2998 17796 -8112 -1911
-20061 116 2998 19429 -7244 -1643
-19377 738 3633 19442 -6207 -1567
-18421 1030 4012 18289 -5330 -1452
-17569 1161 4145 16781 -4488 -1457
-17505 1342 4240 14947 -3440 -1809
-17740 1605 4442 12883 -2989 -2104
-17798 1261 4140 10845 -2757 -2382
-18381 726 4209 9008 -2793 -2456
-19022 -557 3705 7507 -2795 -2559
-20008 -1353 3661 6393 -3002 -2512
-19532 -1504 3758 5362 -3350 -2494
-18308 -1433 3576 4303 -3121 -2605
-17305 -1145 3560 3207 -2493 -2668
-16300 -944 3709 1918 -1584 -2750
-14982 -990 4170 621 -446 -3001
-13604 -1473 4538 25 936 -3293
-13493 -1414 4673 -1 2141 -3706
-13505 -1245 4770 14 2988 -4240
-13526 -870 4872 -48 3744 -4850
-13650 -712 4892 291 4088 -5499
-13757 -813 5072 1049 4173 -6287
-13796 -1014 5149 2271 4086 -6923
-13884 -837 4965 3469 3764 -7508