-1989 18713 2002 690 3394 2019
-1954 18726 1888 -22 3357 1827
-2020 18728 1832 -579 3266 1493
-2096 18704 1724 -847 3120 1093
-1974 18470 1809 -903 2937 733
-1984 18390 1821 -850 2600 430
-1905 18280 1896 -694 2163 297
-1801 18290 1989 -551 1824 270
-1786 18281 1934 -337 1585 335
-1801 18442 2057 -15 1400 430
-1749 18734 2068 257 1260 545
-1757 19329 2068 191 1107 542
-1664 19572 2142 -34 976 501
-1684 19666 2214 -407 834 495
-1573 19756 2266 -746 770 513
-1561 19725 2460 -1118 735 400
-1542 19609 2413 -1553 713 280
-1485 19189 2481 -1772 751 240
-1462 18742 2592 -1769 927 294
-1548 18713 2620 -1621 1241 374
-1549 18612 2585 -1372 1437 421
-1501 18572 2628 -1094 1620 511
-1382 18524 2496 -874 1708 579
-1333 18416 2262 -573 1771 643
-1244 18492 2074 -285 1831 721
-1216 18556 1965 -152 1912 886
-1209 18946 1884 -111 1909 1088
-1177 19242 1806 -285 1892 1160
-1253 19297 1624 -478 1912 1192
-1301 19324 1548 -621 1935 1161
-1350 19238 1580 -580 1981 1116
-1323 19110 1796 -306 2058 1046
-1268 18993 1984 -283 2032 1005
-1256 18971 2009 -365 1980 932
-1269 18969 2066 -503 1982 899
-1284 18844 2092 -675 2023 831
-1328 18766 2132 -786 2117 691
-1288 18760 2161 -794 2264 557
-1265 18665 2276 -857 2371 494
-1252 18510 2240 -850 2418 485
-1252 18522 2170 -683 2383 465
-1232 18616 2160 -567 2381 472
-1121 18765 2168 -522 2386 494
-1053 18832 2172 -536 2394 475
-1091 18871 2166 -534 2473 429
-1024 18822 2154 -515 2576 343
-1038 18726 2148 -544 2606 292
-955 18789 2067 -576 2587 253
-942 18637 2076 -536 2427 338
-966 18506 2100 -413 2267 482
-836 18558 2147 -296 2007 596
-748 18636 2226 -270 1775 642
-577 18739 2320 -528 1734 561
-582 18762 2496 -820 1826 479
-636 18729 2536 -1208 1986 343
-720 18462 2538 -1411 2119 233
-772 18296 2543 -1320 2196 188
-849 18442 2588 -1136 2226 125
-920 18518 2619 -873 2251 64
-1008 18693 2593 -699 2294 -43
-1090 18784 2665 -796 2306 -141
-1164 18808 2618 -897 2192 -174
-1264 18683 2566 -996 1932 -128
-1387 18687 2600 -1011 1616 -103
-1372 18580 2640 -976 1455 -146
-1489 18520 2646 -685 1251 -201
-1512 18600 2684 -307 1095 -236
-1499 18824 2796 67 1083 -187
-1542 18943 2921 208 1111 -31
-1562 18772 2836 303 1081 -13
-1493 18684 2784 468 1022 44
-1365 18769 2706 558 1014 65
-1360 18882 2674 410 973 35
-1255 18767 2597 181 881 -31
-1274 18696 2511 -29 667 -111
-1292 18722 2512 -106 485 -124
-1277 18786 2493 -202 356 -180
-1274 18818 2610 -300 316 -234
-1346 18866 2566 -387 286 -328
-1377 18874 2600 -424 324 -297
-1405 18774 2538 -260 351 -172
-1436 18754 2564 24 345 -83
-1303 18948 2613 84 317 -70
-1205 18785 2538 -67 285 -157
-1142 18669 2485 -112 251 -251
-1102 18538 2445 -100 180 -313
-1022 18473 2425 -204 88 -318
-926 18476 2388 -285 -7 -363
-907 18639 2333 -352 11 -486
-948 18830 2356 -362 60 -615
-985 18977 2365 -428 148 -659
-996 18881 2380 -360 187 -707
-932 18750 2414 -324 217 -655
-923 18692 2408 -247 242 -564
-888 18589 2428 -265 210 -489
-794 18472 2400 -340 206 -406
-752 18552 2580 -376 257 -357
-710 18560 2556 -421 336 -273
-660 18748 2703 -370 480 -201
-725 18912 2742 -298 704 -185
-789 19036 2691 -350 911 -215
-797 19068 2725 -349 1069 -207
-916 19267 2698 -351 1317 -170
-1092 19420 2660 -536 1484 -85
-1200 19269 2561 -665 1553 31
-1264 19084 2344 -545 1609 78
-1266 18948 2320 -261 1623 240
-1290 19008 2214 -56 1694 382
-1370 19272 2256 -62 1790 443
-1402 19357 2270 -205 1827 454
-1448 19213 2220 -378 1807 386
-1440 19055 2221 -321 1762 341
-1578 18920 2232 -324 1836 345
-1584 18901 2256 -273 1812 314
-1585 18760 2308 -254 1885 322
-1602 18698 2284 -297 1894 283
-1648 18524 2153 -343 1845 258
-1657 18394 2104 -309 1764 247
-1580 18423 2090 -239 1663 183
-1626 18496 2164 -366 1614 151
-1629 18506 2300 -491 1558 68
-1615 18555 2363 -502 1525 -36
-1690 18552 2414 -478 1517 -105
-1712 18580 2466 -393 1505 -172
-1728 18654 2458 -262 1502 -185
-1576 18705 2497 -333 1423 -207
-1500 18706 2410 -660 1318 -215
-1464 18644 2382 -859 1226 -211
-1480 18598 2450 -918 1179 -221
-1403 18568 2566 -910 1160 -235
-1442 18604 2716 -904 1130 -237
-1412 18541 2794 -923 1084 -207
-1414 18363 2798 -855 955 -143
-1434 18351 2755 -609 823 -153
-1404 18540 2794 -642 652 -263
-1432 18918 2658 -1274 236 -297
-1356 19390 2596 -2297 -382 -506
-1261 19765 2708 -3656 -813 -907
-1396 20022 2602 -5274 -1112 -1271
-1734 18484 2698 -5144 -1038 -1420
-2037 17689 2064 -2730 -336 -898
-1516 17418 3060 1257 472 -1331
-1888 17428 4520 3801 798 -895
-2034 18060 4701 5183 1326 28
-2472 17769 4074 6449 1867 888
-2228 17976 3406 7308 2291 1526
-1941 18664 2774 8071 2497 1647
-2033 19788 2237 8182 2186 1532
-1765 20336 1702 7470 1572 1240
-1428 20661 1386 6190 1174 1032
-1194 20441 1219 4761 1042 745
-858 20214 1410 2965 1323 479
-1109 20061 1585 1077 1431 41
-1136 19953 1800 -884 1490 -332
-1312 19612 1780 -2977 1427 -510
-1293 19096 1633 -4286 1445 -564
-1422 18637 1584 -4876 1475 -470
-1519 18432 1516 -4780 1467 -471
-1609 18188 1496 -3654 1537 -606
-1656 18207 1617 -2253 1563 -708
-1588 18333 1732 -1106 1682 -701
-1864 18588 1968 -589 1614 -405
-1800 18664 1990 -677 1546 -206
-1818 18465 1851 -649 1339 20
-1769 18523 1827 -627 997 392
-1718 18620 1782 -831 881 584
-1834 18710 1728 -931 797 654
-1784 18669 1691 -901 716 597
-1864 18692 1693 -826 500 404
-1828 18718 1746 -740 133 253
-1740 18590 1752 -595 -291 309
-1694 18521 1809 -491 -583 395
-1674 18509 1893 -354 -854 479
-1601 18548 1957 -205 -1079 440
-1580 18570 1912 -120 -1248 422
-1603 18617 2009 -100 -1379 395
-1646 18649 1966 -211 -1472 425
-1646 18486 1945 -328 -1521 335
-1561 18262 1942 -296 -1428 193
-1711 18158 2007 -247 -1466 93
-1646 18154 2006 -173 -1477 14
-1653 18116 2092 -199 -1443 -30
-1528 18106 2154 -167 -1237 -161
-1560 17976 2280 -138 -1154 -195
-1592 17903 2402 98 -1087 -204
-1585 18124 2650 202 -1310 -78
-1676 18294 2828 63 -1235 -88
-1349 18344 3194 -880 -966 46
-1353 18370 3268 -1924 -208 -81
-1546 18328 3252 -2287 209 -380
-1332 18226 3204 -2388 445 -701
-1049 18188 3050 -2362 598 -951
-1360 19028 3432 -2287 0 -1025
-820 18868 2834 -1837 640 -1230
-681 18488 2621 -821 990 -1476
-752 18637 2509 -155 1153 -1367
-946 18680 2582 -82 784 -1234
-1298 18645 2542 -437 21 -1171
-1218 18580 2356 -1015 -578 -1153
-1362 18534 2306 -1592 -1225 -1162