-7781 3826 15312 4201 -1249 -1146
-7670 3644 15168 5143 -1575 -745
-7305 3512 15017 5910 -1667 -434
-6806 3692 14881 6613 -1946 -645
-6545 4401 14721 6478 -2353 -1274
-6354 4861 14704 5374 -3244 -2493
-5965 4598 14898 4360 -4846 -3385
-5854 4450 15282 4249 -7189 -4209
-5667 3915 15395 4464 -10687 -4715
-5519 2780 15392 5244 -13931 -4601
-4288 2849 14428 3480 -11437 -3353
-1909 5293 11516 -6173 4667 -4418
-3926 2477 16119 -3519 2463 -4551
-4375 2792 15855 -842 47 -2408
-4514 5010 15450 1455 -662 -1903
-4745 3071 15162 119 -444 -2358
-5078 3267 15720 -13 90 -2359
-5228 3346 15908 -39 329 -2591
-4797 3101 15832 328 241 -2354
-4478 2488 15686 1501 1109 -2140
-4364 3436 14795 -3486 6932 -2947
-4986 5170 16210 -2238 5441 -1548
-3788 2900 16886 971 -8 -648
-4220 3625 15282 604 1132 -54
-4849 3320 15304 -1495 3199 -810
-5088 3146 15428 -3008 4825 -1106
-4720 3378 15542 -3477 6024 -1466
-5204 3465 15726 -3509 5656 -1852
-5488 3441 15960 -3469 5123 -1760
-5720 3382 15934 -2606 3506 -925
-5740 3144 15808 -2449 2666 -288
-5320 2854 15830 -2541 2288 146
-5320 2741 15752 -2473 1953 497
-5182 2758 15720 -2528 1525 489
-5848 3308 15720 -2481 818 678
-6022 3582 15983 -3227 29 768
-5560 2092 15593 -3534 -153 1438
-5600 2587 16278 -3064 -75 1194
-5856 3182 16692 -3187 -137 1062
-6264 2968 16781 -3781 -293 558
-5726 2571 15661 -3446 -203 221
-5510 2328 15650 -3536 -565 -382
-5476 2805 15804 2518 -447 -357
-7746 4346 17782 10569 -3100 925
-7838 -1461 19846 12982 -10161 1624
-7005 2002 17433 11405 -8406 2014
-6154 3585 15536 9619 -7529 1781
-5281 4756 14641 6126 -1973 1632
-4875 3746 15137 4840 -601 483
-5640 3266 14850 5652 -1203 649
-5020 3719 14173 5352 -584 457
-5260 4176 14292 4582 -40 44
-5334 4563 14396 3485 111 -453
-5201 4405 14588 2292 607 -1117
-5261 4158 14848 1811 1209 -1479
-5037 3805 14646 1846 1665 -1805
-4944 3516 14306 2226 2100 -1919
-4812 3295 13683 3148 2444 -2204
-4544 2894 12988 4696 2413 -2591
-4170 2556 12158 6319 2267 -2957
-3918 2656 11780 7503 2210 -3268
-3972 2916 11666 7965 2186 -3649
-3834 2976 11487 8113 2300 -4352
-3617 2938 11194 7947 2725 -5438
-3853 3034 10998 7941 3268 -6607
-3744 2829 10764 8082 3696 -7663
-4284 3556 11282 7945 4674 -8689
-5605 4631 11901 7077 5308 -9822
-5674 4264 11887 6337 6391 -11170
-5843 3360 11004 7492 8296 -12213
-5941 2385 9941 10447 9970 -13122
-6272 1797 9357 13770 10770 -13892
-6506 1369 8538 17563 11756 -14869
-7644 1881 8373 21812 13325 -15954
-9098 3037 8630 24951 14905 -16895
-9614 3492 8866 26752 16718 -17694
-10215 3370 8191 28194 19091 -18680
-11237 3561 6669 29153 21739 -20061
-12725 4126 5329 29813 23342 -21535
-14620 4805 4465 30080 23137 -22815
-16905 6006 4134 28929 21304 -23361
-18405 7245 3818 26721 18929 -23413
-19412 8008 3688 24505 16673 -23680
-20138 8360 3931 21651 13593 -24338
-20558 8368 3877 18217 9488 -25993
-21523 7705 3628 15235 4660 -27861
-20786 5762 3840 11991 -1657 -29043
-19370 3104 3936 10501 -5195 -28346
-19554 2236 3876 10049 -6776 -27503
-20495 2054 3953 9820 -7793 -26817
-22506 2660 4527 9487 -8363 -26683
-23549 3253 5177 9123 -7356 -27047
-23756 3862 5172 7221 -5080 -27913
-23218 3762 5344 8384 -3016 -27081
-22736 3153 5346 7139 -1028 -26057
-22051 2639 4664 6851 1772 -24519
-21296 2370 4005 7764 4239 -22600
-20798 2153 3724 9190 6069 -20694
-20298 1898 3757 10729 8279 -18683
-20224 1804 3921 12336 9392 -16806
-20098 1553 4348 13836 9632 -15082
-20295 1009 4487 14590 9314 -13194
-20610 792 4250 14262 8460 -11242
-20512 501 3872 13478 7581 -9759
-20341 353 3868 12681 6781 -8840
-20304 424 4040 11814 5951 -8265
-19937 204 4290 10415 4482 -7843
-19248 -327 4506 8940 3114 -7694
-18925 -514 4609 7891 2482 -7894
-18842 -898 4393 7102 2250 -8305
-20813 -1988 4227 6684 2178 -9267
-23114 -2105 4950 6735 1522 -10376
-23154 -1349 5372 6441 1427 -11550
-22589 -742 5313 5782 1893 -12406
-21473 -121 5237 4972 2810 -12848
-19427 692 5222 4650 3896 -12690
-16627 1401 5217 5490 5166 -12146
-14168 2346 5191 6766 7042 -11476
-12688 3467 5635 7669 8953 -10087
-12384 4636 6118 7088 9897 -8857
-12814 5076 6600 5927 10122 -8064
-13147 5257 6559 3769 9764 -6984
-13728 5176 6416 1750 8916 -6154
-14317 4884 6090 -223 7430 -5296
-15057 4333 5896 -2440 5103 -4066
-15725 3687 5915 -3856 2783 -2965
-16609 3065 6030 -4834 269 -1978
-17308 2830 6310 -5418 -1763 -1344
-18017 2780 6681 -5934 -3247 -921
-18649 2740 6981 -6428 -4482 -613
-19048 2753 7162 -7008 -5261 -228
-19168 2913 7348 -7757 -5849 321
-19077 2962 7488 -8643 -6003 1062
-18742 3148 7584 -9521 -6077 2009
-18245 3181 7741 -10151 -5924 3036
-17849 3198 7918 -10542 -5632 4096
-17460 3002 8162 -10662 -5281 5400
-17176 2562 8401 -10367 -4974 6882
-17198 2050 8536 -9880 -4813 8182
-17396 1552 8486 -8981 -5054 9109
-17738 1172 8374 -7408 -5314 9918
-18261 1101 8149 -5027 -5718 10435
-19052 1514 8030 -3055 -6354 10851
-20470 3456 8003 -2478 -7619 11533
-21954 5496 7051 -4008 -9016 12317
-23089 5237 5080 -5743 -10311 13964
-22874 3998 4354 -6905 -10933 16314
-22778 3225 4280 -7365 -12030 18525
-22193 2551 4481 -7134 -12977 20830
-21934 2525 4654 -6913 -13876 22784
-21313 2202 4534 -6767 -14744 24193
-20857 2502 4785 -6841 -15300 24932
-20236 2509 4801 -7067 -15753 25069
-19469 2912 4734 -7661 -15503 25097
-19184 4410 3934 -12238 -15518 25268
-19697 6698 3209 -20251 -16913 25576
-19213 6136 3144 -25789 -18371 24738
-18456 5561 3460 -30132 -20464 22492
-16680 4144 3742 -30733 -22269 20061
-14840 2599 4389 -28484 -22746 18475
-13037 1362 5342 -23646 -22361 17919
-12450 1305 6153 -19182 -20868 18235
-12549 2130 6066 -15221 -17985 19176
-12749 2288 6179 -11554 -14628 20062
-13504 3210 5978 -8087 -11250 20286
-12823 3048 6246 -7512 -7445 20562
-13334 3848 6312 -7864 -4022 20472
-13434 4095 6185 -8009 -1915 20380
-13702 3901 5830 -7857 177 20247
-14162 3761 5760 -7296 1737 20098
-14320 3502 6254 -7118 2934 20150
-13876 3258 6376 -6914 3844 20020
-13745 3161 6193 -6531 4506 19808
-13662 3065 5976 -5809 5374 19420
-13821 3221 5778 -4927 6465 18872
-13890 3396 5580 -4212 7479 18284
-13719 3236 5285 -3323 9026 17521
-13621 3362 5089 -2512 11144 16680
-13885 3713 4810 -2589 12565 16244
-14066 4026 4668 -3197 13388 16168
-13984 4240 4746 -4504 14851 15843
-14001 4481 4968 -5898 15942 15396
-14020 4488 5176 -6839 16221 15099
-13957 4190 5102 -7631 16369 14532
-13878 3885 5041 -8208 16560 14106
-13806 3437 4860 -8496 16638 13566
-13726 2958 4646 -8370 16628 13041
-13826 2108 3885 -6968 16608 12294
-13501 745 3162 -4756 16903 11194
-13338 246 3020 -3023 17240 10410
-13767 932 3391 -850 17173 9412
-13637 1506 4653 270 16262 7728
-13593 2029 5206 -130 15471 6276
-13470 2454 5469 -1761 15091 4710
-13468 2504 5674 -3723 15029 3373
-13541 2260 5574 -6665 15403 1417
-13629 1506 5482 -9113 16004 -1092
-13744 885 5407 -10527 16963 -3949
-14320 829 5365 -11719 17446 -6737
-14628 688 5352 -12443 17628 -8142