-19381 1148 3490 925 -3251 13157
-19469 1172 3622 2124 -3403 13818
-19629 1212 3758 3258 -3532 14684
-19584 1077 3716 4410 -3639 15651
-19450 905 3353 5640 -3593 16511
-19318 708 3244 6906 -3372 17295
-19069 601 3165 8309 -2971 17896
-18809 530 3070 9705 -2437 18247
-18674 488 3170 10930 -1931 18420
-18546 693 3126 11749 -1393 18520
-18333 746 3102 12268 -917 18479
-18153 690 2789 12632 -715 18303
-17910 690 2522 12883 -663 18106
-17693 614 2092 12962 -684 17869
-17405 580 1706 12927 -890 17581
-17120 581 1465 12766 -1251 17194
-16847 749 1215 12219 -1727 16651
-16302 873 1038 11158 -2473 15888
-15595 991 1242 9808 -2676 14818
-15238 1524 1908 8125 -2553 14019
-14712 1898 2382 6197 -2149 13187
-14410 1980 2870 4541 -1688 12422
-14067 1690 2989 2863 -873 11386
-13614 1268 3239 1403 433 9859
-13016 890 3257 993 2288 8032
-13233 482 3267 618 3415 6525
-14196 -823 3159 483 3609 5080
-16084 -2390 3265 957 3370 3403
-17043 -2252 3734 1526 2790 1411
-17117 -1489 3894 1499 2107 -636
-16455 -313 4111 609 1504 -3087
-15440 1080 4604 -1129 1535 -5436
-14184 2372 4925 -3475 2120 -7422
-13447 2928 4763 -5939 2926 -8632
-12900 2510 4555 -7206 3626 -9027
-12658 1945 4645 -7669 4011 -9017
-12626 1706 4370 -7829 4516 -8988
-12770 1406 4188 -7736 5017 -8864
-13188 1238 4211 -7101 5085 -8912
-13530 1136 4362 -5886 4581 -8824
-13690 864 4424 -4910 3878 -8710
-14256 197 4384 -3762 2954 -8513
-15009 -890 4430 -1952 1674 -8303
-15728 -1856 4440 -218 905 -8376
-16476 -2356 4635 1832 223 -8707
-17209 -2361 4864 4055 -372 -9433
-17694 -1968 4979 5857 -680 -10557
-17861 -990 4832 7117 -493 -12294
-17682 47 4658 7174 -209 -13868
-17270 600 4557 6806 213 -14864
-16998 1074 4614 6137 889 -15399
-16752 1308 4628 5551 1453 -15644
-16516 1271 4741 5023 1925 -15551
-16279 1427 5419 4316 2604 -15118
-16206 1388 6108 3817 3139 -14834
-16184 1780 6900 3219 3714 -14675
-16604 1756 7091 2510 4309 -14739
-17547 930 6007 2646 3753 -15133
-18393 202 4938 3660 2336 -15419
-18974 -144 4266 5624 946 -15486
-19360 -337 4249 8332 -326 -15163
-19578 -190 4252 10167 -998 -14859
-19427 402 4157 11961 -1761 -14338
-19108 1016 3880 13044 -2303 -13776
-18918 1586 3717 13029 -2435 -13284
-18702 2305 3407 12411 -2313 -12647
-18577 2858 3048 11442 -2137 -12212
-18516 3136 2932 10486 -1937 -11876
-18477 3376 2877 9127 -1658 -11407
-18399 3477 2711 7016 -1167 -10682
-18338 3506 2676 5100 -733 -9934
-18229 3489 2749 3610 -481 -9247
-18124 3404 2768 2638 -306 -8769
-18014 3249 2827 1395 -164 -7959
-17856 2870 2868 343 -29 -6931
-17752 2636 2807 25 84 -6199
-17656 2444 2850 143 216 -5646
-17705 2446 2852 556 419 -5283
-17704 2486 2904 1152 799 -4887
-17640 2554 2922 1527 1104 -4606
-17556 2659 2967 1780 1529 -4192
-17442 2758 2966 1825 2022 -3749
-17608 2945 3052 1667 2459 -3147
-17745 3085 3141 1233 2775 -2458
-17833 3166 3349 535 3030 -1742
-17966 3229 3589 -354 2831 -927
-17960 3185 3754 -1078 2567 -290
-17870 3006 3904 -1807 2357 463
-18360 2250 3688 -2164 2220 1038
-20143 1150 3889 -2194 2034 1633
-21413 1057 4848 -2473 1643 2296
-21148 1592 5304 -2964 1623 2453
-20712 2093 5217 -3926 1724 2625
-20296 2142 4690 -5073 1744 2979
-19954 2038 4432 -5470 1608 3520
-19185 2248 4334 -5759 1310 4519
-18496 2217 4460 -6020 1279 6114
-18056 1841 4373 -6069 1278 7639
-17834 1653 4449 -5959 1186 8827
-17673 1616 4532 -5793 806 9833
-17688 1672 4644 -5856 645 10437
-17781 1556 4850 -6188 197 11360
-17901 1228 5002 -7019 -337 12499
-17870 1000 5014 -7626 -719 13129
-17746 758 5006 -8024 -1112 13608
-17753 361 4853 -8590 -1744 14258
-17872 -80 4705 -8983 -2491 14847
-18322 -134 4789 -9277 -2934 15144
-19212 0 4892 -9682 -3606 15403
-19898 -13 4869 -9801 -3994 15548
-20705 124 4826 -9724 -4282 15750
-21243 103 4521 -9204 -4599 16163
-21372 -144 4127 -7551 -4374 16694
-21689 -208 3765 -4935 -3885 17347
-21594 -178 3445 -2196 -3381 17987
-21464 64 3129 89 -2634 18545
-21250 276 2957 2003 -1934 19086
-20984 440 2784 3365 -1315 19534
-20555 928 2420 4693 -484 20023
-19988 1605 1961 5607 214 20459
-19304 1881 1601 5714 494 20562
-18677 2071 1088 5280 510 20564
-17957 2198 642 4186 196 20442
-17408 2264 332 3292 -19 20254
-16731 2215 84 2244 -264 19797
-15792 2146 -262 1291 -340 18714
-15110 2448 -514 643 8 17287
-14553 2781 -645 -223 630 15699
-14296 3224 -613 -1228 1313 14644
-13997 3421 -633 -2260 1818 13732
-13757 3512 -685 -3043 2265 12875
-13556 3432 -677 -3770 2594 12050
-13394 3285 -717 -4361 2893 11144
-13308 3282 -670 -4759 3092 10194
-13149 3186 -702 -4989 3207 9213
-12912 3132 -801 -5137 3355 8226
-12764 3152 -800 -5250 3591 7271
-12634 3112 -850 -5410 3715 6491
-12472 3032 -919 -5769 3944 5243
-12392 3020 -930 -6249 4191 3837
-12337 3053 -744 -6722 4344 2917
-12301 3074 -621 -7320 4543 2001
-12211 2881 -496 -7979 4763 911
-12197 2725 -341 -8592 5033 -232
-12223 2583 -141 -9142 5242 -1391
-12266 2389 -8 -9695 5469 -3014
-12407 2153 66 -10003 5691 -4900
-12718 2232 184 -10342 5964 -6410
-13053 2306 348 -10828 6158 -7521
-13386 2495 772 -11660 6445 -8754
-14204 2737 968 -13067 6803 -10261
-14960 2785 1197 -14397 6971 -11515
-15460 2912 1437 -15442 7076 -12345
-16058 3210 1940 -16735 7293 -13272
-16884 3512 2500 -17942 7477 -14300
-17657 3961 3037 -18978 7457 -14883
-18168 4266 3140 -19814 7354 -15123
-18761 4392 3246 -20761 7010 -15309
-19240 4448 3117 -21642 6556 -15528
-19693 4522 3036 -22217 6019 -15616
-19990 4572 3036 -22725 5403 -15554
-20269 4757 3128 -23308 4824 -15407
-20724 5204 3505 -24375 4098 -15010
-20924 5592 3724 -25783 3480 -14412
-21072 5632 3786 -26807 3034 -13843
-21024 5472 3587 -27954 2281 -12873
-20715 5220 3210 -28791 1191 -11498
-20086 5228 2980 -28825 332 -10367
-19276 5281 2621 -28529 -219 -9471
-19557 4410 2609 -27841 -581 -8489
-19409 4006 2433 -26835 -1115 -7353
-19238 3504 2544 -25853 -1509 -6321
-18690 3198 2704 -24682 -1729 -5127
-17836 2933 2888 -23304 -1750 -3817
-17050 2801 2958 -21880 -1633 -2958
-16673 3057 2825 -20424 -1452 -2469
-16502 3329 2774 -19222 -1337 -2143
-16580 3578 2616 -18428 -1286 -1891
-16740 3665 2536 -17911 -1318 -1512
-16792 3628 2516 -17647 -1357 -1178
-16901 3792 2427 -17531 -1447 -672
-17269 3740 2228 -17526 -1874 500
-17444 3417 2122 -17235 -2430 1704
-17421 3089 1912 -16582 -2719 2616
-17437 2904 1791 -15517 -3076 3746
-17434 2765 1631 -14084 -3383 5060
-17408 2374 1680 -12599 -3584 6112
-17574 2063 1551 -10753 -3617 6903
-18222 1895 1448 -8287 -3587 7616
-18674 1634 1225 -6216 -3416 8161
-19080 1518 1242 -4841 -3199 8539
-19415 1177 1200 -2919 -2609 9302
-19493 914 873 -817 -1634 10101
-19529 922 355 886 -845 10583
-19595 1127 -121 2681 130 11008
-19921 1312 -450 3988 919 11118
-20262 1070 -722 5123 1546 11106
-20976 461 -997 6268 2191 10937
-21697 501 -878 7245 2682 10698
-21082 1905 -770 7220 3133 10402