-7540 6884 20148 3087 -1632 -458
-7973 6924 19950 2848 -2336 357
-7834 6749 19598 2493 -2854 1209
-7921 6378 19217 2323 -3516 1790
-7821 6461 19017 1843 -3871 2073
-7413 6738 18840 1266 -3292 2176
-7341 7248 18680 591 -2574 2550
-7164 7221 18246 -273 -2193 2886
-7065 6658 17465 -595 -2086 3091
-7457 6861 17086 -1198 -2332 3416
-7733 6800 16761 -1968 -3571 3934
-7273 6060 16197 -2156 -4574 4884
-6732 5290 15533 -1452 -4662 5691
-6726 5270 15193 -1200 -4640 6147
-6587 4893 14925 -1520 -4529 5889
-6330 3868 14654 -1738 -3813 5401
-6401 3238 14376 -1913 -2792 4907
-6641 2886 14116 -2059 -2332 4175
-6677 3024 14120 -2391 -2049 3753
-6285 2482 14286 -2423 -1883 3283
-6329 2088 14074 -1923 -1504 2864
-6170 1841 13886 -860 -1212 2575
-6108 2249 14110 -37 -997 2161
-5854 2698 14270 -155 -652 1805
-5453 2416 14198 -203 53 1390
-5380 2424 14169 -1 786 1060
-5409 2390 14297 198 982 657
-5302 2345 14216 647 962 212
-5250 2417 14193 689 1209 -107
-5120 2714 14254 857 1698 -243
-5293 3022 14308 308 1891 -688
-5262 2340 14068 -61 2018 -1093
-5340 1925 13820 256 2156 -1389
-5349 1626 13514 760 2321 -1876
-5590 1380 13233 1417 2723 -2447
-5732 1672 13141 1641 3206 -2714
-5846 1673 12728 1574 3441 -3073
-6024 906 12402 1977 3826 -3761
-6502 1198 12232 2004 4181 -4314
-6918 1513 12045 1403 4443 -4880
-7085 1077 11804 1275 4661 -5556
-7553 781 11477 1388 4829 -6313
-7822 233 11216 1975 4745 -7175
-7846 -960 10638 3654 4898 -8346
-8256 -1334 10466 5780 5777 -9558
-9036 -277 10552 7058 6838 -11187
-9618 -1037 10041 7766 6889 -12761
-10246 -2198 9480 9115 6536 -14053
-11244 -2690 9244 10708 6044 -15629
-12154 -2353 9533 12956 6293 -17304
-13004 -1456 10048 14875 6637 -18896
-13885 -577 11822 17535 6888 -20875
-15113 1301 12964 19178 5904 -22795
-16169 2109 13930 20235 5809 -24658
-17189 2425 14276 21335 5939 -26359
-18338 3720 14452 22775 5566 -28064
-19361 5725 14558 24063 4831 -29115
-20032 8402 14858 24123 3202 -28708
-20156 10025 14504 23604 415 -27865
-19670 10836 13510 23717 -3599 -27159
-18673 11494 12440 25549 -7202 -26563
-16817 12326 12433 28474 -8804 -25782
-14858 13876 13696 31249 -7407 -24849
-13648 16438 15761 30566 -4755 -22965
-12729 19106 16654 25464 -3601 -20544
-13272 20185 15432 18772 -6179 -16939
-12214 19361 17216 11955 -6370 -11530
-10762 17997 18554 6445 -4123 -7667
-10501 15652 18992 1781 -3397 -5546
-10796 13190 18945 -1442 -4811 -4582
-10680 11161 18377 -2865 -5842 -3874
-10484 8885 17364 -2357 -5852 -3273
-10714 6813 16385 33 -5875 -2981
-11036 5692 15892 2274 -6299 -2686
-11201 5642 15229 3106 -7364 -2085
-10749 5585 15328 3532 -8175 -1893
-10442 6057 15085 3148 -8546 -1813
-10230 6328 14964 1559 -8785 -2172
-9681 6250 14424 352 -9385 -3007
-9333 5582 14285 -16 -9274 -3651
-9453 5664 14108 39 -8663 -4139
-9332 6228 13793 -166 -8205 -4502
-8820 6306 13726 -196 -7916 -4471
-8578 6590 13898 -192 -7120 -4046
-8601 7133 14100 -211 -6095 -3690
-8712 7168 14624 -420 -5554 -3179
-8616 7173 15302 -694 -5395 -2736
-8818 7185 15733 -1028 -5366 -2599
-8922 7025 15966 -1161 -5429 -2271
-8917 6757 16332 -1006 -5748 -1850
-9000 7088 16394 -952 -6015 -1192
-8974 6868 16713 -944 -5964 -482
-8928 6880 17176 -777 -5853 114
-9485 6798 17018 -903 -6591 -7
-9470 6921 17062 -1189 -7395 -63
-9177 6820 16934 -1248 -8038 -136
-8872 7082 16741 -1229 -7985 270
-8557 6909 16500 -1401 -7836 807
-8498 7032 16360 -1807 -7679 1138
-8368 6882 16356 -2221 -7602 1129
-8501 6881 15882 -2540 -7943 989
-8258 6478 15445 -2535 -8452 927
-7572 6257 14861 -2051 -8416 1071
-7142 6280 14501 -1342 -8209 1123
-6492 5989 13902 -622 -8022 1256
-6061 5897 13501 -121 -7491 1383
-6094 6133 13372 -222 -6940 1553
-6065 6374 13053 -676 -7041 1510
-5713 5953 12794 -828 -7399 1521
-5122 5685 12396 -352 -7406 1510
-4588 5420 11872 500 -7380 1445
-4022 5484 11498 1194 -7082 1585
-3721 5952 11504 2221 -5657 1769
-3973 6626 11532 2166 -4014 1581
-4172 7101 11629 1408 -3356 1455
-4264 7481 11838 556 -3064 1379
-4052 7522 12088 -269 -2689 1572
-3910 7360 12330 -575 -2651 1936
-3878 7416 12726 -647 -2553 2135
-3755 7127 13269 -357 -2393 2380
-3956 6592 13592 471 -2446 2505
-4430 6633 13360 939 -2707 2588
-4381 6185 13349 1306 -2739 2691
-4410 6312 13567 1224 -2438 2531
-4417 6349 13657 341 -2241 2292
-4269 5878 13365 -232 -2327 2216
-4032 5152 13424 -67 -1988 2154
-4172 4518 13370 626 -1684 2046
-4062 4230 13350 1328 -1311 2016
-4294 4213 13213 1773 -891 1928
-4388 4628 13266 1888 -657 1558
-4512 4869 12969 1275 -537 1202
-4288 5377 12873 263 0 1003
-4118 5670 12958 -616 446 853
-4136 5792 13148 -1003 596 789
-3848 5489 13509 -1360 900 725
-3826 5044 14050 -1736 1369 541
-3911 5219 14420 -2069 1376 246
-3985 5305 14565 -2189 1028 229
-3829 5269 14561 -1774 720 352
-3521 5164 14600 -1203 393 407
-3310 4716 14800 -458 385 209
-3304 4465 15024 145 928 -181
-3322 5013 15523 -80 1517 -577
-3284 5296 15849 -780 1961 -707
-3230 5654 15942 -1407 2294 -698
-3464 5908 16247 -1698 2506 -441
-3784 6236 16793 -2522 2652 -86
-3848 5531 16483 -2057 2174 71
-3876 5200 16632 -707 1597 206
-3861 5309 17014 319 1440 316
-3741 5064 17021 1376 982 185
-3769 5494 17222 1846 789 -82
-3741 5858 17176 1258 1008 -180
-3633 5778 17029 647 1489 -157
-3682 5746 17116 249 2037 -261
-4080 5674 17157 -32 1949 -367
-4238 5160 17320 359 1360 -265
-4265 5000 17436 945 710 -279
-4217 5062 17457 1270 102 -408
-4148 5308 17396 1252 -249 -607
-4227 5700 17226 953 -514 -984
-4312 5784 16706 497 -684 -1284
-4360 5700 16370 96 -659 -1306
-4206 5781 16354 -121 -428 -1110
-4253 5872 16628 -179 -349 -941
-4200 5808 16840 -410 -332 -918
-4188 5488 16862 -329 -768 -991
-3988 5340 17000 -147 -1036 -1112
-3822 5608 17105 -172 -1088 -1323
-3762 5586 17105 -223 -1040 -1503
-3612 5665 16910 -20 -1013 -1564
-3826 5732 16673 265 -1073 -1608
-3970 5838 16552 361 -1155 -1515
-4024 5820 16417 266 -1215 -1484
-3949 5610 16145 125 -1525 -1648
-3712 5674 16060 152 -1664 -1715
-3620 5766 15937 -150 -1622 -1708
-3624 5796 15816 -424 -1641 -1717
-3764 5406 15525 -209 -1900 -1714
-3774 5435 15386 735 -2247 -1758
-3517 5768 15216 1160 -2086 -1826
-3284 6136 15273 918 -1843 -1807
-3365 6417 15328 112 -1657 -1891
-3329 6180 15204 -485 -1760 -1953
-3248 6221 15380 -890 -1575 -2048
-3380 5892 15262 -1228 -1422 -2267
-3388 5343 14951 -989 -1289 -2379
-3794 5678 15326 -199 -1639 -2270
-2922 6334 15886 920 -531 -1291
-2536 7473 15718 1809 128 -2372
-570 7055 15779 4587 3880 -7049
-392 5381 13726 2691 10449 -11108
-3291 4451 16169 8772 11269 -12239
-4936 7894 16157 8617 12439 -11788
-5932 9374 16047 3020 7947 -9483
-5401 9310 16782 945 3974 -6930
-5386 7666 17418 2440 2295 -5635
-5436 6868 16944 5464 886 -4205
-5037 6983 16413 9111 261 -2845