-14529 10400 713 190 1702 -1303
-14550 10322 801 509 1885 -948
-14805 10675 772 841 2533 -408
-14862 10693 873 790 2883 243
-14960 11041 924 348 2906 655
-14973 10989 893 64 2620 904
-14822 10796 1086 -77 2126 944
-14605 10670 1122 -235 1497 939
-14473 10539 1113 -673 658 827
-14200 10458 1082 -1210 54 541
-14002 10184 1026 -1335 -55 166
-13924 10133 932 -1252 123 -302
-14052 10182 701 -1118 489 -692
-14218 10484 626 -1165 921 -991
-14426 10460 576 -1264 1346 -1081
-14698 10565 657 -1120 1704 -1057
-14968 10978 680 -1245 1770 -664
-14992 10592 814 -1231 1764 -196
-14928 10589 966 -928 1457 261
-14900 10502 1021 -610 1219 513
-14681 10377 1004 -204 969 709
-14602 10389 993 119 761 772
-14524 10366 941 332 618 737
-14454 10428 708 363 624 596
-14261 10596 558 183 775 449
-14261 10220 433 298 1228 246
-14353 10514 305 352 1442 152
-14562 10668 308 72 1380 190
-14720 10722 474 -344 969 232
-14602 10621 440 -673 694 241
-14417 10548 454 -758 539 209
-14461 10464 517 -589 481 186
-14382 10680 498 -615 420 161
-14297 10584 530 -543 475 227
-14689 10953 376 -837 333 267
-14321 10677 469 -1439 454 38
-14928 11126 -126 -2240 41 -63
-13350 10233 430 -2783 517 -640
-14320 10244 673 -2428 388 -672
-14406 10428 801 -1732 281 -789
-14505 10506 992 -1454 308 -711
-14872 10578 945 -1481 24 -626
-14828 10561 1089 -1457 -194 -462
-14901 10538 1041 -1399 -452 -321
-14834 10520 1006 -1291 -756 -196
-14814 10466 1038 -1165 -935 -158
-14653 10445 1030 -1130 -1047 -176
-14540 10420 997 -1130 -1062 -221
-14534 10482 902 -1103 -979 -243
-14434 10470 834 -1120 -819 -257
-14468 10460 966 -959 -578 -294
-14536 10504 869 -776 -361 -263
-14585 10588 878 -680 -238 -238
-14554 10548 932 -696 -141 -177
-14648 10497 972 -595 -201 -110
-14708 10432 976 -450 -357 -34
-14778 10449 1093 -326 -580 61
-14816 10520 1102 -308 -835 171
-14806 10590 1170 -342 -1057 312
-14770 10672 1310 -360 -1274 433
-14642 10628 1354 -403 -1395 519
-14553 10661 1386 -446 -1431 606
-14360 10457 1285 -257 -1280 602
-14232 10422 1308 24 -1026 561
-14256 10448 1288 260 -849 492
-14370 10492 1281 509 -657 448
-14478 10310 1280 911 -603 402
-14588 10226 1301 1621 -770 271
-14580 10372 1414 2735 -857 391
-14584 10997 1596 3397 -1217 913
-14826 11169 1437 3591 -1394 1211
-14686 11085 1458 3357 -1547 1532
-14684 11049 1806 3041 -1968 1755
-14601 10961 1949 2820 -2386 1968
-14687 10656 1970 2698 -2760 1817
-14102 9834 1718 3387 -2786 1137
-13948 11443 1866 3264 -2934 858
-13965 9688 1060 2364 -3813 630
-13429 10558 1117 2631 -2023 301
-14397 11093 1268 2311 -2578 194
-13864 10530 1088 1810 -1820 131
-14249 10940 891 1159 -1488 -31
-13948 10572 840 975 -755 -168
-14105 11120 736 717 -460 -74
-14124 11268 609 465 210 -29
-14282 11350 756 145 491 -113
-14238 11632 896 -486 189 97
-14497 11481 1138 -1316 223 116
-14006 10949 1291 -1014 56 45
-13962 10848 1528 -914 124 -19
-14076 10818 1512 -932 293 -115
-14125 10820 1546 -920 481 -220
-14250 10864 1719 -925 556 -339
-14292 10895 1736 -977 588 -356
-14340 10826 1788 -681 271 -262
-14349 11057 1608 -341 103 5
-14361 11274 1514 -314 288 220
-14249 11054 1528 -343 380 173
-14212 10880 1508 -405 304 51
-14161 10853 1481 -446 285 -23
-14184 10814 1580 -523 317 -80
-14200 10828 1517 -589 281 -161
-14210 10946 1585 -659 275 -186
-14221 10960 1573 -720 216 -226
-14204 10884 1634 -792 266 -284
-14166 10911 1591 -769 304 -323
-14196 10936 1684 -780 333 -375
-14184 10924 1611 -770 383 -385
-14181 10950 1687 -790 440 -421
-14250 10936 1680 -822 525 -463
-14286 10957 1660 -851 557 -500
-14322 11024 1582 -901 547 -507
-14300 10995 1636 -951 539 -499
-14331 10908 1582 -896 459 -423
-14208 10867 1751 -546 347 -394
-14273 10883 1731 -354 363 -311
-14268 10960 1736 -385 395 -266
-14290 10866 1628 -461 367 -291
-14330 10894 1606 -602 306 -347
-14421 10795 1625 -708 296 -397
-14409 10829 1598 -759 343 -451
-14408 10848 1628 -811 408 -415
-14488 10747 1605 -826 414 -382
-14521 10732 1624 -840 377 -339
-14584 10722 1635 -894 324 -269
-14584 10688 1648 -962 212 -192
-14513 10763 1674 -978 69 -149
-14415 10756 1700 -864 -91 -91
-14281 10661 1813 -735 -122 -9
-14322 10701 1878 -591 -78 40
-14248 10660 1840 -508 -22 108
-14248 10708 1920 -408 90 96
-14288 10779 1850 -345 269 134
-14354 10801 1902 -352 347 152
-14306 10725 1806 -279 380 195
-14278 10765 1757 -176 428 242
-14288 10786 1756 -120 372 275
-14352 10702 1742 -27 344 226
-14514 10660 1822 -197 562 -159
-14956 11224 1970 -533 341 -780
-14416 11131 1730 -1609 172 -1300
-14024 11040 1696 -3317 576 -1838
-13799 11564 1403 -5414 1184 -2184
-13908 10173 1021 -7035 927 -2625
-13336 9442 1189 -5651 2344 -2345
-14006 10081 1578 -4040 1862 -2463
-14344 10568 1862 -3160 2341 -2265
-14910 10806 1904 -3341 2492 -1693
-14902 10566 1931 -3419 2264 -1156
-15060 10308 2242 -2476 1652 -242
-15096 10282 2421 -1359 995 503
-14825 10189 2542 -532 601 755
-14702 10049 2558 211 270 947
-14551 10037 2433 793 -40 1004
-14447 10030 2262 1184 -189 930
-14399 10216 2124 1292 -342 744
-14420 10249 1972 1327 -450 534
-14424 10288 1974 1398 -576 417
-14468 10369 1906 1361 -605 289
-14513 10452 1796 1267 -661 237
-14474 10542 1782 1124 -657 192
-14482 10605 1797 945 -586 132
-14449 10672 1733 723 -528 141
-14421 10666 1745 335 -349 103
-14332 10649 1792 -8 -127 56
-14313 10527 1956 -413 258 -101
-14618 10744 2260 -694 254 -568
-14746 10747 2165 -639 -523 -1296
-14452 10704 1956 -632 -1830 -2112
-13990 10206 1878 -1046 -2538 -2575
-13787 10278 1921 -1942 -2351 -2782
-14089 10008 2140 -2402 -3300 -2709
-14160 10212 2445 -2109 -3099 -2911
-14505 10253 2526 -1457 -2252 -2764
-14663 10220 2506 -1114 -996 -2393
-14788 10189 2350 -743 444 -1622
-14978 10122 2197 -531 1476 -777
-15074 9970 2236 -278 1826 -303
-15123 9909 2216 -110 1978 335
-15159 9822 2389 -166 1921 983
-15148 9894 2369 -276 1739 1201
-15069 9973 2420 -322 1292 1070
-14968 9828 2440 -361 774 825
-14816 9788 2490 -442 461 546
-14672 9754 2514 -521 260 351
-14593 9778 2597 -506 169 218
-14554 9836 2661 -339 209 159
-14578 9901 2645 -56 310 168
-14740 10036 2525 204 453 218
-14768 10168 2336 205 629 323
-14718 10113 2184 104 599 441
-14629 10041 2220 222 584 484
-14624 10078 2204 468 500 513
-14617 10309 2244 530 551 511
-14603 10350 2187 349 470 574
-14385 10271 2270 130 518 485
-14484 10257 2328 195 445 340
-14521 10230 2304 271 443 218
-14561 10249 2266 416 461 120
-14625 10206 2297 518 475 101