-14693 9840 3229 -380 162 -137
-14664 9780 3176 -401 129 -155
-14647 9767 3222 -360 138 -163
-14649 9753 3257 -311 168 -154
-14644 9704 3230 -281 198 -150
-14707 9690 3198 -331 209 -140
-14688 9709 3220 -346 203 -179
-14679 9699 3239 -360 162 -147
-14711 9764 3162 -410 123 -165
-14650 9797 3174 -489 82 -163
-14642 9768 3242 -545 82 -152
-14622 9752 3250 -578 65 -173
-14614 9762 3232 -622 97 -196
-14588 9692 3229 -611 144 -208
-14688 9684 3346 -527 123 -242
-14668 9688 3344 -528 174 -238
-14694 9677 3310 -534 222 -231
-14676 9717 3305 -508 243 -232
-14701 9672 3242 -453 208 -213
-14684 9698 3250 -458 185 -210
-14702 9684 3252 -510 127 -206
-14632 9688 3286 -534 132 -201
-14617 9672 3310 -536 158 -211
-14630 9630 3321 -483 211 -201
-14660 9605 3390 -429 208 -227
-14724 9609 3418 -386 235 -207
-14762 9614 3469 -365 218 -177
-14786 9639 3371 -333 200 -152
-14704 9586 3387 -282 164 -124
-14714 9608 3377 -276 168 -131
-14738 9600 3304 -289 162 -116
-14714 9648 3314 -312 188 -103
-14660 9596 3275 -348 188 -132
-14675 9613 3304 -351 226 -146
-14638 9578 3345 -314 235 -144
-14720 9647 3311 -342 260 -144
-14740 9676 3302 -372 253 -145
-14741 9660 3398 -392 233 -150
-14696 9654 3328 -395 236 -137
-14667 9652 3384 -359 226 -136
-14662 9629 3383 -335 253 -123
-14642 9664 3344 -347 231 -136
-14659 9628 3352 -334 245 -119
-14715 9628 3308 -340 200 -117
-14762 9615 3371 -313 186 -84
-14768 9618 3309 -319 199 -63
-14736 9620 3397 -339 193 -62
-14692 9572 3350 -310 193 -28
-14680 9542 3378 -313 225 -41
-14712 9553 3460 -299 267 -28
-14698 9533 3432 -279 318 -48
-14680 9508 3496 -291 381 -29
-14674 9592 3438 -261 392 -31
-14666 9556 3476 -249 399 -44
-14672 9536 3398 -173 412 -47
-14729 9593 3337 -111 410 -58
-14706 9594 3346 -117 410 -55
-14716 9640 3360 -122 367 -75
-14696 9712 3292 -192 342 -80
-14679 9732 3280 -286 273 -95
-14746 9754 3293 -382 212 -119
-14741 9637 3369 -443 190 -148
-14770 9602 3340 -491 182 -155
-14793 9585 3350 -499 157 -113
-14781 9550 3418 -458 178 -80
-14742 9498 3385 -361 191 -26
-14691 9517 3395 -266 218 -5
-14665 9514 3336 -253 213 -15
-14628 9555 3328 -328 217 -81
-14691 9630 3369 -395 223 -114
-14737 9734 3295 -548 194 -161
-14716 9761 3317 -681 146 -176
-14709 9746 3418 -714 109 -177
-14685 9567 3485 -647 124 -134
-14704 9514 3579 -504 168 -104
-14621 9349 3529 -254 309 -88
-14734 9386 3548 -81 431 -19
-14719 9450 3524 -13 499 -35
-14762 9638 3476 -52 465 -58
-14766 9656 3376 -155 423 -54
-14706 9668 3326 -233 374 -46
-14705 9642 3325 -242 399 -25
-14734 9540 3400 -273 398 -32
-14774 9620 3366 -283 382 -22
-14753 9594 3356 -293 393 -35
-14764 9560 3409 -283 376 -19
-14696 9544 3361 -244 391 -7
-14717 9546 3425 -195 372 0
-14688 9549 3371 -176 360 8
-14691 9575 3400 -180 368 4
-14682 9590 3417 -195 387 -31
-14684 9621 3366 -214 390 -31
-14708 9628 3352 -245 394 -59
-14667 9594 3379 -216 435 -36
-14730 9569 3389 -174 448 -39
-14744 9566 3393 -149 443 -45
-14748 9589 3333 -140 408 -14
-14749 9592 3353 -164 370 -9
-14761 9566 3256 -187 365 -11
-14718 9610 3322 -195 356 -11
-14682 9536 3357 -177 390 -18
-14688 9586 3272 -203 420 -31
-14689 9612 3265 -213 417 -18
-14703 9605 3310 -222 455 -10
-14763 9653 3346 -247 428 4
-14701 9606 3326 -198 466 22
-14697 9617 3351 -143 501 42
-14703 9530 3340 -113 569 37
-14726 9574 3378 -72 564 24
-14743 9620 3247 -91 510 21
-14797 9660 3188 -126 458 41
-14767 9713 3199 -158 419 47
-14736 9634 3250 -157 379 69
-14706 9632 3186 -156 367 76
-14718 9614 3194 -169 381 56
-14706 9565 3217 -163 384 53
-14733 9626 3201 -198 399 46
-14718 9592 3217 -190 396 69
-14728 9592 3258 -166 400 99
-14700 9577 3274 -144 403 104
-14738 9630 3253 -122 401 127
-14724 9578 3230 -87 371 89
-14694 9606 3267 -38 331 110
-14644 9660 3260 2 305 95
-14652 9699 3270 -12 317 68
-14614 9732 3206 -48 381 20
-14600 9711 3138 -124 412 -25
-14638 9729 3204 -182 457 -61
-14656 9693 3152 -207 451 -97
-14644 9684 3193 -227 489 -111
-14642 9672 3181 -253 473 -124
-14712 9694 3200 -276 488 -137
-14717 9699 3164 -293 447 -132
-14776 9714 3155 -334 413 -115
-14790 9722 3166 -336 384 -87
-14824 9706 3197 -320 394 -61
-14786 9676 3161 -321 380 -2
-14713 9587 3228 -244 393 20
-14700 9600 3179 -204 417 30
-14742 9560 3168 -173 428 29
-14737 9588 3218 -195 428 21
-14725 9637 3188 -206 422 32
-14730 9642 3192 -180 403 27
-14752 9669 3170 -166 386 14
-14777 9664 3146 -192 384 21
-14732 9678 3084 -187 381 7
-14724 9717 3069 -222 341 0
-14743 9642 3091 -241 302 -3
-14690 9684 3118 -246 306 -4
-14704 9689 3130 -207 303 12
-14695 9702 3100 -201 279 10
-14734 9732 3108 -206 275 9
-14714 9719 3106 -230 276 12
-14704 9687 3134 -248 248 4
-14658 9680 3139 -232 262 -2
-14705 9642 3175 -213 263 -25
-14724 9701 3172 -228 275 -37
-14716 9688 3152 -244 261 -32
-14780 9760 3130 -233 257 -48
-14714 9701 3150 -247 234 -44
-14710 9704 3114 -240 239 -3
-14717 9698 3173 -152 206 8
-14689 9698 3174 -160 230 7
-14716 9693 3176 -256 279 -16
-14677 9669 3134 -220 277 -33
-14712 9707 3123 -186 277 5
-14735 9698 3155 -115 272 52
-14726 9672 3260 -10 272 75
-14743 9653 3213 24 252 119
-14721 9660 3228 15 282 112
-14756 9704 3156 21 290 137
-14654 9678 3120 -68 300 87
-14620 9725 3053 -174 272 21
-14612 9773 3109 -231 261 -26
-14617 9810 3117 -215 242 -57
-14638 9740 3108 -177 258 -68
-14680 9704 3186 -171 236 -73
-14613 9677 3118 -160 225 -88
-14620 9688 3086 -174 241 -71
-14659 9637 3111 -168 244 -77
-14709 9682 3097 -165 258 -118
-14714 9706 3056 -138 287 -138
-14716 9786 3072 -158 273 -112
-14734 9785 3148 -174 285 -107
-14692 9789 3061 -211 268 -96
-14652 9830 3074 -261 229 -80
-14652 9794 3128 -300 242 -89
-14588 9765 3111 -352 257 -105
-14555 9691 3179 -422 293 -140
-14568 9634 3180 -403 323 -171
-14664 9630 3183 -340 346 -165
-14740 9662 3204 -277 352 -157
-14748 9673 3193 -229 388 -145
-14793 9694 3190 -183 366 -121
-14758 9720 3133 -160 338 -111
-14801 9729 3112 -167 314 -122
-14734 9752 3117 -206 271 -157
-14768 9818 3060 -271 233 -214
-14812 9788 3027 -411 191 -266
-14783 9729 2972 -537 126 -271