-14786 9759 3462 -316 236 -54
-14670 9500 3432 -329 253 -123
-14552 9248 3391 -267 347 -143
-14622 9184 3260 -96 424 -95
-14753 9272 3249 31 452 -30
-14846 9410 3270 37 447 1
-14889 9537 3309 -18 396 30
-14894 9688 3324 -170 311 -7
-14855 9799 3325 -336 189 -56
-14781 9769 3320 -389 130 -73
-14770 9616 3354 -381 120 -80
-14679 9478 3335 -313 113 -118
-14724 9354 3386 -228 168 -147
-14701 9364 3393 -213 207 -145
-14759 9421 3367 -196 229 -110
-14753 9521 3275 -160 257 -22
-14743 9632 3183 -137 269 3
-14707 9579 3224 -161 299 -3
-14721 9610 3284 -223 296 -68
-14784 9609 3286 -323 257 -117
-14794 9668 3284 -406 231 -163
-14784 9606 3297 -446 169 -174
-14748 9552 3320 -450 165 -170
-14759 9453 3467 -406 173 -159
-14748 9402 3426 -316 245 -130
-14746 9412 3368 -219 284 -117
-14786 9418 3426 -190 285 -72
-14705 9413 3370 -157 289 -80
-14690 9460 3314 -141 254 -78
-14696 9492 3312 -188 229 -110
-14699 9539 3274 -255 203 -143
-14754 9579 3298 -311 225 -162
-14740 9584 3274 -312 231 -133
-14750 9621 3350 -288 239 -91
-14769 9558 3340 -210 241 -85
-14793 9529 3354 -204 236 -70
-14786 9497 3264 -213 224 -82
-14777 9426 3329 -260 217 -81
-14707 9355 3274 -240 199 -91
-14678 9359 3349 -184 157 -76
-14674 9366 3380 -183 144 -55
-14728 9370 3313 -210 137 -56
-14723 9445 3451 -250 119 -90
-14774 9504 3398 -273 156 -104
-14716 9571 3404 -243 206 -46
-14678 9582 3396 -133 303 32
-14628 9538 3316 -19 337 90
-14672 9591 3269 26 321 75
-14705 9628 3291 -103 236 0
-14786 9680 3317 -251 224 -32
-14748 9618 3362 -280 217 -35
-14738 9505 3345 -211 192 11
-14738 9333 3403 -66 174 32
-14728 9269 3418 -80 208 -51
-14793 9383 3366 -245 279 -183
-14837 9502 3366 -357 316 -228
-14828 9693 3266 -361 376 -205
-14896 9764 3288 -306 370 -122
-14896 9751 3291 -215 304 -36
-14833 9687 3408 -210 266 11
-14750 9520 3353 -163 249 56
-14641 9358 3409 -128 260 55
-14568 9286 3393 -60 306 10
-14623 9360 3329 -87 358 -29
-14722 9430 3360 -179 408 -56
-14762 9520 3392 -223 417 -90
-14792 9656 3296 -249 440 -75
-14825 9680 3372 -221 470 -7
-14833 9710 3358 -146 490 85
-14888 9673 3333 -117 471 133
-14754 9538 3320 -73 455 182
-14896 9537 3272 14 426 190
-14662 9434 3206 -135 357 299
-14551 9279 3239 8 469 230
-14589 9384 3277 77 485 228
-14680 9576 3258 64 486 159
-14726 9640 3294 -66 448 121
-14700 9644 3221 -179 413 96
-14768 9617 3217 -166 340 104
-14798 9625 3258 -149 265 90
-14846 9628 3222 -134 218 87
-14896 9732 3185 -182 180 86
-15006 9748 3187 -313 158 110
-14997 9757 3153 -414 86 93
-14994 9755 3168 -584 19 33
-15028 9800 3296 -744 -48 -38
-15070 9874 3334 -896 -169 -152
-15088 9900 3474 -1032 -250 -275
-14922 9680 3548 -961 -343 -303
-14826 9472 3640 -823 -417 -287
-14736 9237 3568 -705 -439 -255
-14696 9002 3590 -576 -367 -225
-14575 8898 3529 -369 -269 -102
-14539 8815 3448 -78 -105 73
-14561 9061 3421 122 36 264
-14656 9611 3396 96 156 390
-14656 9978 3434 35 137 444
-14648 10228 3419 -72 141 413
-14605 10197 3445 -269 141 296
-14541 9928 3480 -387 198 271
-14532 9636 3610 167 -197 236
-14290 9560 3657 584 -7 242
-14265 9557 3317 386 66 323
-14180 9332 3350 29 143 302
-14112 9142 3212 -166 52 48
-14271 9326 3160 -708 135 -230
-14536 9692 3328 -942 242 -424
-14653 10004 3446 -960 413 -441
-14868 10112 3480 -958 519 -300
-14818 9938 3500 -844 477 -105
-14753 9744 3600 -620 382 -14
-14591 9430 3716 -448 262 43
-14472 9199 3866 -124 224 23
-14480 9278 3862 247 302 -29
-14562 9456 3861 498 414 -8
-14730 9770 3715 603 547 87
-14789 9840 3432 572 666 171
-14725 9826 3304 418 709 171
-14682 9722 3280 367 634 97
-14670 9737 3174 183 530 -9
-14698 9749 3174 -121 441 -123
-14661 9794 3210 -342 399 -205
-14696 9806 3298 -476 421 -239
-14673 9742 3276 -556 421 -248
-14750 9733 3413 -552 412 -287
-14846 9730 3512 -599 425 -282
-14959 9751 3573 -672 354 -259
-14998 9740 3592 -762 316 -155
-14945 9488 3622 -620 293 -34
-14843 9255 3537 -253 310 108
-14764 9056 3548 88 287 210
-14754 9087 3511 401 320 290
-14681 9434 3412 545 359 397
-14566 9715 3282 433 386 423
-14529 9948 3272 326 340 435
-14522 10014 3221 227 240 415
-14524 10166 3250 151 197 337
-14590 10232 3289 4 119 207
-14636 10193 3394 -199 105 64
-14601 9984 3412 -321 155 -44
-14557 9776 3423 -369 210 -162
-14481 9676 3456 -357 274 -270
-14570 9685 3372 -359 332 -388
-14533 9817 3398 -413 490 -516
-14585 9990 3320 -491 638 -607
-14640 10067 3128 -792 737 -671
-14843 9980 3012 -1202 726 -786
-15001 9909 3050 -1551 580 -885
-15216 9809 3125 -1791 275 -835
-15136 9520 3291 -1946 49 -586
-14901 9023 3517 -1748 -155 -309
-14682 9033 3653 -1065 -104 -164
-14813 8963 3959 -597 -55 117
-14686 8988 4018 -468 148 259
-14780 9129 3949 -175 197 311
-14726 9269 3964 111 192 389
-14780 9471 3881 381 151 467
-14582 9571 3831 604 140 498
-14572 9520 3748 718 166 510
-14495 9402 3588 799 287 457
-14412 9186 3484 935 452 341
-14464 9420 3293 804 565 217
-14498 9737 3112 392 666 90
-14717 10049 2977 36 553 -24
-14871 10422 2955 -402 281 -36
-14832 10512 3102 -644 69 15
-14759 10261 3113 -834 36 163
-14491 9806 3307 -665 -57 219
-14290 9574 3300 -358 -91 206
-14297 9490 3402 -151 7 243
-14212 9388 3498 -52 125 244
-14426 9509 3503 50 255 251
-14656 9590 3536 68 326 260
-14821 9667 3444 -54 304 226
-14814 9692 3394 -239 276 227
-14755 9681 3330 -317 185 248
-14721 9760 3349 -326 64 275
-14618 9775 3331 -302 -39 276
-14457 9777 3416 -259 -2 247
-14354 9769 3410 -266 91 163
-14377 9854 3455 -325 230 40
-14382 10030 3408 -469 268 -73
-14514 10059 3522 -631 285 -205
-14616 9990 3565 -709 294 -277
-14583 9773 3626 -630 297 -267
-14605 9455 3662 -342 307 -198
-14556 9197 3717 -49 389 -139
-14602 9270 3649 104 475 -81
-14612 9328 3568 186 568 -74
-14692 9638 3393 129 678 -73
-14763 9908 3385 -2 732 -69
-14829 10332 3318 -90 789 55
-14830 10488 3246 -71 809 249
-14721 10394 3222 33 854 422
-14616 10150 3281 215 802 532
-14585 9856 3262 380 729 536
-14454 9620 3305 454 670 487
-14445 9433 3354 478 652 364
-14466 9515 3352 327 669 220
-14599 9686 3344 169 630 71