-14260 9898 2842 295 343 309
-14412 10056 2830 184 300 252
-14692 10508 2995 -229 177 78
-14786 10538 3146 -720 5 -85
-14716 10374 3188 -940 -64 -159
-14573 10026 3309 -947 -113 -170
-14425 9709 3321 -699 -129 -168
-14340 9540 3372 -402 -58 -212
-14380 9452 3372 -219 23 -219
-14357 9550 3246 -154 209 -127
-14425 9787 3146 -40 423 -94
-14548 10011 3031 -52 628 -89
-14640 10232 2956 -144 626 -37
-14640 10128 2908 -304 494 34
-14590 9903 3113 -421 299 25
-14524 9680 3206 -399 265 38
-14430 9505 3282 -188 358 82
-14434 9516 3327 62 474 84
-14517 9651 3358 150 577 30
-14622 9752 3238 162 633 36
-14723 10066 3126 -8 596 -7
-14810 10209 3014 -365 457 -107
-14781 10268 3009 -578 313 -147
-14693 10142 2980 -600 220 -23
-14474 9837 3036 -493 182 53
-14364 9642 3129 -363 193 51
-14460 9620 3198 -331 236 -98
-14572 9696 3244 -453 337 -218
-14654 9774 3148 -485 412 -278
-14752 9908 3000 -632 630 -239
-14823 10013 2968 -511 654 -132
-14986 10134 2992 -223 524 -44
-14957 10341 2978 -201 389 88
-14900 10349 3089 -337 275 142
-14880 10156 3137 -442 251 126
-14634 9845 3200 -591 162 47
-14554 9629 3326 -632 156 -53
-14418 9388 3444 -545 230 -155
-14437 9375 3405 -422 390 -165
-14414 9309 3356 -250 500 -64
-14396 9345 3295 -1 586 2
-14459 9633 3211 189 649 72
-14570 10077 3046 194 684 111
-14624 10314 2849 18 629 103
-14626 10417 2877 -105 511 111
-14614 10333 2821 -208 469 62
-14650 10152 2942 -292 411 -14
-14647 10017 2987 -398 379 -144
-14660 9836 2936 -513 385 -232
-14645 9853 2983 -572 398 -270
-14788 9886 3019 -561 412 -282
-14910 10030 3048 -604 423 -397
-15073 10076 3126 -685 327 -481
-15134 10110 3252 -805 260 -547
-15133 10044 3456 -877 212 -545
-15009 9726 3533 -793 189 -424
-14897 9528 3557 -550 244 -286
-14800 9316 3488 -261 284 -193
-14666 9099 3349 204 340 -94
-14644 9215 3165 502 370 -39
-14670 9562 3014 529 372 40
-14685 9747 2918 480 328 196
-14680 9977 2836 420 253 306
-14622 10101 2828 318 129 319
-14656 10168 2924 240 56 304
-14514 9966 2920 146 50 294
-14343 9855 2981 153 50 223
-14261 9711 3008 170 41 163
-14212 9758 2884 192 9 40
-14209 9867 2864 110 15 -41
-14391 10105 2895 -129 19 -268
-14577 10325 2874 -441 5 -487
-14632 10424 2970 -675 28 -532
-14582 10290 2943 -679 88 -431
-14525 10096 2953 -491 130 -272
-14422 9850 2954 -303 117 -189
-14455 9732 2972 -227 17 -195
-14511 9653 3045 -425 50 -290
-14457 9565 3104 -623 220 -432
-14707 9802 3146 -710 281 -637
-14955 10093 3153 -773 293 -639
-14852 9957 3153 -579 324 -387
-14460 9568 3136 -309 347 -89
-14278 9169 3127 -4 348 -11
-14379 9271 3102 -61 340 -240
-14584 9633 3118 -499 464 -507
-14858 10099 3093 -862 664 -625
-15077 10480 3061 -1032 839 -572
-15114 10586 3117 -894 776 -345
-15062 10468 3137 -677 627 -70
-14899 10062 3253 -549 447 103
-14652 9461 3362 -457 320 141
-14546 9033 3450 -336 269 34
-14462 8747 3443 -197 320 -107
-14515 8794 3433 -68 456 -216
-14681 9070 3354 -22 565 -204
-14835 9337 3138 -3 647 -99
-14874 9626 2949 1 684 24
-14972 9856 2764 13 661 130
-14956 10004 2745 -8 593 181
-14984 10172 2725 -116 502 213
-14982 10270 2770 -248 391 211
-14978 10320 2750 -398 340 153
-14927 10214 2831 -519 249 50
-14985 10172 3046 -679 167 -93
-14996 10014 3186 -740 96 -157
-14886 9847 3227 -689 81 -131
-14760 9608 3330 -545 71 -83
-14745 9510 3372 -372 81 -123
-14740 9452 3456 -348 45 -208
-14767 9572 3429 -442 49 -313
-14733 9590 3444 -540 180 -358
-14637 9527 3328 -452 251 -291
-14610 9524 3257 -176 244 -196
-14622 9558 3006 91 162 -72
-14542 9540 2972 217 122 53
-14372 9435 2805 302 161 125
-14184 9365 2742 359 214 140
-14217 9499 2649 284 261 19
-14385 9837 2670 16 232 -122
-14614 10090 2736 -309 180 -239
-14800 10361 2839 -610 131 -291
-14838 10425 3063 -734 56 -199
-14770 10166 3202 -579 -17 -61
-14673 9918 3308 -384 63 -22
-14659 9754 3415 -308 128 -85
-14504 9490 3394 -289 208 -175
-14421 9233 3356 -121 375 -232
-14388 9097 3223 90 638 -184
-14473 9229 3094 234 735 -178
-14648 9422 3028 270 688 -178
-14834 9642 2924 76 668 -160
-14869 9797 2881 -135 571 -164
-14824 9784 2852 -262 470 -161
-14855 9780 2905 -325 340 -173
-14918 9700 2897 -349 256 -200
-15008 9786 2992 -418 260 -289
-15064 9853 3056 -530 221 -316
-15064 9962 3090 -620 249 -284
-15066 9921 3106 -631 207 -179
-14884 9751 3111 -502 235 -38
-14812 9595 3195 -288 298 46
-14791 9508 3182 -153 369 64
-14788 9534 3170 -97 431 93
-14706 9554 3114 -69 481 162
-14634 9669 3011 18 525 271
-14596 9854 2942 30 561 291
-14570 9724 2976 -56 457 277
-14554 9653 3136 121 379 179
-14571 9638 3113 117 384 138
-14655 9577 3103 -87 439 82
-14624 9491 2951 -103 383 -62
-14709 9612 2866 -165 389 -73
-14686 9792 2743 -225 421 -24
-14730 10001 2772 -302 466 48
-14730 10044 2788 -434 472 63
-14806 10059 2950 -597 450 -69
-14915 10024 3150 -618 434 -170
-14982 9856 3274 -448 415 -145
-14934 9653 3289 -303 388 -130
-14834 9474 3232 -226 354 -169
-14801 9386 3056 -247 352 -317
-14877 9513 2998 -415 426 -496
-15044 9673 3044 -585 441 -548
-15014 9664 3062 -644 450 -519
-14957 9657 3017 -659 468 -381
-14848 9448 3052 -406 324 -133
-14658 9362 3043 -87 335 45
-14601 9318 3072 76 268 122
-14614 9365 3026 60 243 63
-14589 9444 2922 -63 242 -9
-14618 9469 2839 -212 239 3
-14649 9670 2866 -251 318 -45
-14720 9878 2742 -273 348 -58
-14778 10046 2760 -399 342 -72
-14722 10100 2768 -556 386 -9
-14680 10080 2975 -378 291 110
-14436 9721 2984 -81 262 295
-14296 9361 3040 50 282 305
-14668 9470 3188 -167 311 -259
-14812 9684 3084 -512 473 -498
-14759 9667 2910 -370 622 -324
-14632 9724 2708 32 658 28
-14694 9976 2559 251 527 182
-15020 10402 2662 -173 404 43
-15016 10519 2735 -797 370 -160
-14691 9984 2708 -966 342 -104
-14256 9142 2766 -396 150 124
-14435 8817 2924 -45 135 10
-14820 9186 3098 -318 141 -327
-14992 9542 3158 -784 179 -516
-14954 9822 2998 -1109 222 -448
-14914 9976 2860 -934 310 -238
-14990 10084 3004 -544 311 -97
-15106 10111 3146 -190 353 80
-14975 9946 3224 -165 482 186
-14737 9620 3144 -211 561 190
-14580 9444 3141 -166 543 139
-14546 9262 3056 -95 431 104
-14605 9166 3120 38 369 43