-10196 4204 13042 -10436 -3761 13373
-9053 3624 13047 -9089 -2965 12842
-8357 3574 12784 -7696 -1424 12256
-8282 3181 12694 -6804 -689 12025
-8323 4016 11616 -7363 -719 12184
-7895 3998 10936 -8151 -1242 12532
-7604 4438 10830 -7757 -1524 13239
-7668 5578 10548 -8476 -1220 14341
-7580 5368 11025 -8688 -1087 14920
-7849 5762 11336 -8374 -1301 16771
-6997 4800 11389 -8870 1040 19379
-8564 3041 11493 -11275 -466 24267
-8934 1768 11364 -11707 -395 30139
-10370 2518 11888 -13141 -1531 32767
-8788 4891 12349 -17823 -5645 32767
-4479 6179 12963 -17539 -5683 30867
-3624 8688 11328 -18596 -1171 24719
-2798 8392 13084 -17648 -2038 18548
-1166 4353 17901 -10787 -3529 12567
342 3376 19130 -2543 -4646 8605
-338 6914 19747 752 -7277 9228
-1928 8866 15635 -6073 -8539 12822
-2738 6219 15745 -5976 -8850 13633
-3721 7360 16153 -4043 -8252 14547
-2749 6386 16514 -3749 -9540 13942
-1561 5901 17062 -3490 -9742 12511
-2069 6106 17868 -3097 -8055 9948
-2521 6141 18761 -2190 -5898 7948
-3138 6153 18490 -1790 -4125 7360
-3622 6010 18217 -891 -2136 6963
-4000 6344 17854 -534 -1269 6469
-4324 6741 17818 76 -167 6085
-4372 7064 17789 325 488 5642
-4090 7257 17610 595 1015 5580
-3656 7072 17257 868 1149 5338
-3511 7104 16618 914 1608 4966
-3544 7060 15956 190 2225 4473
-4174 6479 15359 64 2244 4308
-4529 6568 14776 74 2013 4244
-4928 6409 14401 211 1686 4204
-4754 6122 13882 303 1421 4102
-4368 6200 13725 444 1333 3896
-3382 6316 13349 288 1590 3293
-3094 6372 12766 261 2097 2948
-2836 6302 12022 171 2723 2689
-2916 6588 11324 183 3259 2607
-2907 6930 10431 1153 3308 2810
-2768 8202 10330 2079 2699 3839
-4262 9862 12880 1529 -956 4584
-4470 8258 14771 1273 -6889 5394
-5396 6364 17660 1418 -16218 6104
-5528 4428 17587 4025 -17591 3741
-3133 7721 17134 3568 -11477 1199
509 10304 18287 2293 -4875 -988
2316 12762 19916 546 -1016 -1416
-35 9681 18729 -1064 442 -421
-3154 7238 17452 -582 270 -425
-4638 7044 16444 -60 -367 -91
-5444 7316 16076 404 -1577 47
-4264 7851 16120 936 -1897 427
-2792 8485 16283 812 -2182 820
-1980 8098 16126 1070 -2297 561
-1164 8013 15762 1375 -1558 397
-1278 8077 15481 1387 -1073 276
-2034 7778 15300 1663 -1072 88
-2118 7872 15641 1763 -916 140
-2196 8320 15837 1629 -673 104
-2144 8285 15913 1475 -458 18
-1973 8338 15941 1541 -589 -235
-1700 8581 15988 1524 -502 -405
-1583 8519 15825 1417 -447 -347
-1454 8397 15765 1287 -188 -183
-1322 8585 15669 1167 -67 -57
-1314 8682 15530 995 11 59
-1169 8677 15422 937 50 71
-1060 8844 15543 928 -65 -1
-876 9047 15708 805 -18 -9
-767 9134 15814 752 31 -59
-554 9181 15960 846 195 -221
-686 9331 15965 802 246 -390
-776 9181 15930 768 181 -447
-694 9168 16019 631 238 -369
-347 9379 16267 401 438 -275
-154 9361 16384 139 661 -126
-129 9135 16267 52 662 -66
-264 8913 16104 37 540 12
-272 8749 15951 125 390 53
-53 8825 15856 197 366 92
-125 8867 15891 145 589 77
-397 8954 15815 61 675 103
-654 8804 15728 91 604 110
-820 8928 15624 75 524 149
-1044 9166 15656 -18 480 145
-1261 9079 15678 -217 418 136
-1330 9278 15613 -293 399 90
-1378 9167 15779 -440 476 38
-1599 8864 15595 -396 417 -64
-1569 8973 15550 -448 407 -89
-1477 8954 15566 -545 487 -105
-1650 8680 15344 -575 550 -50
-1536 8745 15510 -608 686 -35
-1385 8766 15519 -655 856 -49
-1368 8866 15504 -649 910 -58
-1172 8932 15742 -714 1042 -20
-1098 8976 15752 -804 1124 0
-1205 8792 15661 -817 1133 -7
-1220 8950 15650 -815 1094 -2
-1182 8848 15598 -796 1024 1
-1201 8888 15698 -792 886 16
-1134 8776 15704 -781 794 85
-1187 8720 15694 -752 666 170
-1230 8752 15666 -733 479 270
-1262 8757 15648 -701 289 346
-1317 8710 15598 -657 55 417
-1372 8756 15578 -566 -167 453
-1575 8736 15383 -541 -428 464
-1554 8724 15458 -495 -695 470
-1496 8696 15630 -500 -775 408
-1434 8720 15677 -525 -711 346
-1549 8546 15660 -550 -714 356
-1625 8563 15716 -573 -675 324
-1610 8540 15734 -592 -603 286
-1650 8501 15762 -591 -521 286
-1595 8433 15828 -581 -422 226
-1654 8416 15828 -565 -381 233
-1533 8402 15812 -620 -150 152
-1507 8452 15794 -707 169 62
-1570 8261 15710 -697 319 -37
-1477 8392 15705 -718 421 -101
-1482 8341 15726 -699 527 -152
-1536 8356 15569 -722 606 -244
-1462 8356 15622 -701 656 -270
-1320 8404 15617 -735 775 -323
-1369 8362 15538 -702 778 -358
-1156 8390 15602 -674 764 -342
-1135 8331 15722 -658 775 -347
-1004 8376 15726 -573 765 -332
-828 8496 15899 -524 792 -313
-852 8433 15782 -496 751 -339
-989 8450 15778 -470 649 -264
-1038 8438 15725 -417 519 -194
-897 8660 15785 -406 443 -192
-856 8602 15802 -438 458 -172
-782 8555 15865 -380 391 -202
-719 8502 15914 -410 357 -183
-873 8402 15830 -402 325 -126
-1040 8230 15762 -337 209 -56
-941 8485 15759 -312 128 -45
-962 8469 15847 -316 142 -7
-1047 8298 15741 -275 111 35
-1224 8230 15687 -241 26 49
-1351 8222 15603 -173 -51 103
-1135 8415 15788 -170 37 64
-1196 8395 15766 -176 117 36
-1356 8299 15821 -130 88 43
-1414 8384 15702 -116 59 40
-1408 8432 15736 -131 70 73
-1342 8414 15820 -176 161 67
-1419 8420 15713 -176 182 16
-1437 8460 15720 -197 202 29
-1414 8445 15740 -222 231 12
-1462 8324 15625 -212 240 -51
-1364 8485 15684 -198 289 -73
-1269 8473 15717 -200 311 -103
-1312 8432 15733 -188 279 -139
-1288 8433 15775 -182 264 -106
-1288 8348 15716 -204 254 -97
-1324 8452 15641 -138 159 -126
-1124 8501 15705 -148 104 -153
-961 8505 15813 -161 137 -159
-934 8486 15876 -188 163 -147
-918 8493 15821 -193 140 -116
-940 8496 15899 -215 127 -98
-1100 8384 15725 -183 50 -81
-1008 8445 15732 -177 -33 -67
-1066 8396 15732 -171 -51 -70
-1020 8449 15758 -209 -20 -85
-1061 8505 15731 -247 10 -78
-1172 8408 15777 -241 -11 -67
-1210 8328 15640 -185 -126 -30
-1288 8233 15609 -146 -243 -18
-1457 8117 15541 -62 -375 -16
-1457 8089 15401 -48 -482 -43
-1638 7993 15275 -25 -586 -82
-1597 8054 15383 -22 -584 -491
-1111 8083 15745 135 -790 -719
-519 8397 16060 433 -900 -1362
-556 8189 16391 1081 -1351 -2308
-357 9245 16083 1099 -932 -2764
-524 9349 16254 684 -890 -2325
-682 8940 16077 493 -703 -2238
-1059 8980 15957 298 -477 -2200
-985 8885 15710 143 -407 -2247
-625 8568 15755 233 -368 -2296
-500 8739 15777 342 -17 -2275
-452 8758 15720 287 323 -2076
-168 8717 15838 417 936 -2012
-468 8862 15846 445 1422 -2009
-426 8834 15810 348 1730 -2052
-661 8020 15729 798 2067 -2212