-13367 6132 9428 1316 -1912 597
-13552 6648 9124 423 -3853 649
-13255 7138 8703 -2496 -4663 20
-13424 6706 9310 -5819 -5426 -23
-12954 6352 9090 -6117 -6094 -223
-12401 6216 9040 -6215 -6149 -515
-11942 5972 9098 -5558 -5845 -872
-12122 6057 9499 -5075 -4464 -694
-12290 6346 9925 -5506 -1474 -80
-11860 6400 9750 -5262 -20 -358
-12402 6637 9821 -7141 2421 -385
-11618 -381 9224 -14124 8624 -2715
-8980 345 10533 -22217 18718 -13421
-15484 13388 9958 -10979 17197 -4279
-16048 6896 11749 -3513 6086 629
-12376 2537 10150 -4850 7799 -235
-13910 5348 10666 -2410 5659 751
-13689 3772 9840 -2106 5199 830
-13340 3438 9936 -2376 5488 299
-13796 4782 10054 -2725 6110 -62
-13731 4809 9883 -2033 5276 81
-14539 4722 9860 -2402 4530 -476
-14355 4499 9777 -2080 3527 -410
-15243 4629 9589 -1514 2132 -210
-14714 4719 9570 -1427 1601 61
-14752 4505 9500 -1430 1533 175
-14784 4273 9370 -1241 1385 448
-14820 4378 9276 -917 1003 530
-14850 4370 9006 -486 258 891
-14762 4161 8849 300 -739 1220
-14434 4068 8642 921 -1490 1625
-14050 4190 8604 1397 -1831 1927
-13885 4270 8599 1634 -1839 2144
-13589 4422 8638 1596 -1568 2355
-13536 4490 8598 1458 -1172 2513
-13800 4704 8703 1828 -1511 3129
-13570 4927 8640 2590 -2346 4060
-13366 4352 8851 1758 -2252 3341
-12845 4218 9127 2364 -1790 1797
-13700 4802 8968 1786 -3094 1908
-13255 5715 9162 2200 -4180 2274
-12480 4566 9030 2501 -5131 2539
-12285 4916 9170 3035 -6000 2318
-12524 4980 9160 3363 -6937 2366
-12916 5088 9429 3172 -8802 2279
-12029 5987 8978 366 -7323 509
-12683 7116 9611 -3156 -3430 -1433
-12753 6424 9817 -4208 -3051 -1275
-13088 5053 10170 -4506 -1234 -1928
-12855 5453 10399 -3608 -218 -1693
-12766 5512 10356 -2701 1461 -1685
-12892 5070 10171 -2217 3383 -1508
-13236 5577 10116 -2233 4698 -1396
-13809 5888 10060 -2082 4710 -1210
-14184 5676 9972 -1886 3692 -792
-14213 5659 9920 -1996 2614 -347
-14700 5824 10132 -1366 78 536
-14297 5118 10005 -811 -2098 1358
-13648 4933 10065 -528 -2257 1544
-13047 4668 10161 -370 -1943 1583
-13473 4313 10469 188 -2241 1781
-13154 4828 10482 825 -2532 1975
-13029 5520 10285 799 -2636 2002
-12356 3704 10148 536 -1612 1544
-12638 5102 10466 565 -565 1128
-13089 4992 10552 750 -493 830
-12657 5313 10492 807 401 312
-13017 5428 10788 646 598 -107
-13014 5690 10872 241 92 -267
-12978 5717 11358 -545 -173 -157
-13153 5392 11836 -569 -602 89
-13193 4947 11636 543 -931 442
-13148 4785 11218 1861 -1280 826
-13184 4753 10940 2561 -1235 1024
-13196 5001 10577 3145 -1616 1220
-12833 5161 10144 3284 -1261 1150
-12796 5466 9824 2824 -674 928
-12876 5776 9627 2074 -421 639
-12849 5920 9454 1219 -643 440
-12968 6019 9680 1008 -1703 376
-12932 6100 9801 1184 -3465 470
-12918 5641 10130 1841 -5190 451
-12378 5384 10070 2546 -6337 447
-10796 4369 10294 2687 -2035 -1064
-12774 4956 10342 2581 -2088 -314
-12077 5729 10580 2867 -1797 -319
-12030 5204 10636 1939 -560 -834
-12502 6272 10884 1440 -752 -794
-11700 5560 10892 800 -401 -1071
-12802 6009 11141 337 -408 -808
-13016 5794 11258 -413 -566 -89
-12626 6218 11293 -1583 -575 681
-11032 5302 10734 -2338 458 920
-12296 7236 11260 -2798 821 930
-12288 8033 10776 -4080 267 1062
-13412 8861 9820 -6722 220 958
-12608 8402 9875 -8926 -1006 976
-12402 7846 10086 -9910 -1916 694
-12218 7055 10488 -9844 -2417 420
-11966 6404 10576 -9185 -2573 185
-12003 6092 10676 -8347 -2415 288
-12288 6242 10714 -7859 -2300 424
-12244 5974 10861 -7556 -2022 497
-12040 5448 10997 -7080 -1538 627
-11947 5080 11198 -6471 -1151 672
-11864 4702 11420 -5817 -877 705
-11738 4313 11707 -4758 -561 693
-11585 3780 11884 -3538 -219 761
-11556 3706 12010 -2852 39 788
-11541 3563 12179 -2097 352 868
-11677 3693 12469 -1577 688 824
-11815 3792 12605 -1523 920 718
-11978 3840 12707 -1836 950 585
-11949 3632 12742 -2060 855 524
-11860 3230 12654 -1910 834 621
-11631 2897 12519 -1227 852 699
-11537 2646 12485 -158 1014 781
-11547 2722 12486 984 1262 849
-11573 2870 12456 1885 1359 812
-11710 3202 12285 2296 1364 728
-11866 3430 12334 2475 1048 715
-11812 3497 12257 2446 573 773
-11597 3061 11938 2879 513 1046
-11138 2900 11610 4150 916 1283
-11146 3120 11641 6217 1403 1519
-11492 4041 11558 8039 1949 1476
-12170 5377 11541 8675 2142 1374
-12652 6276 11566 8169 2117 1328
-13026 6979 11541 6509 1600 1211
-12860 7184 11342 3860 675 652
-12738 7012 11196 2014 -14 278
-12582 6706 11004 206 -758 158
-11980 6173 10947 -1292 -1381 -79
-11796 5836 11028 -1503 -1560 -126
-11430 5464 11079 -861 -1319 -200
-11446 5445 11137 44 -791 -276
-11408 5438 11180 406 -335 -287
-11500 5598 11334 508 134 -391
-11812 5972 11461 -7 289 -461
-12024 6192 11581 -788 143 -511
-12146 6222 11613 -1411 -105 -569
-11993 6008 11584 -1670 -322 -601
-11912 5835 11580 -1683 -430 -580
-12022 5427 11324 -1528 -536 -576
-12076 5509 11424 -1331 -803 -192
-11617 5106 11732 -1022 -270 -175
-11909 5290 11738 -477 171 -109
-11842 5488 11708 -479 482 -73
-11926 5421 11672 -427 571 163
-11742 5448 11628 -326 511 185
-11620 5614 11601 -378 159 97
-11656 5628 11510 -556 -130 122
-11625 5645 11290 -633 -360 66
-11728 5566 11385 -475 -719 185
-11232 4371 11981 511 -33 834
-10753 3160 12360 3046 1767 1361
-11145 3061 12618 5828 3579 2102
-11353 3730 12332 8081 5559 2546
-12582 5262 12377 8687 6209 2649
-13057 6368 12288 7805 5400 2602
-13125 7028 11944 5651 3790 1830
-13462 7300 11598 2745 1366 1169
-12706 6722 11306 798 -490 770
-12308 6068 11182 -240 -1861 351
-11612 5520 10886 -243 -2300 110
-11408 5531 10701 761 -2098 -127
-11318 5910 10434 1548 -1482 -183
-11232 6130 10198 1621 -940 -334
-11361 6740 10226 1205 -414 -616
-11541 7137 10142 143 -141 -1169
-11748 7254 10132 -661 -41 -1355
-11895 7002 10127 -1367 43 -1511
-11808 6480 10333 -1622 101 -1351
-11720 6240 10458 -1502 490 -1251
-11914 5873 10581 -1078 880 -897
-11777 4860 10878 242 1925 -589
-11751 3772 11501 3214 3550 -267
-11868 3032 11617 7274 5133 51
-11634 2538 11678 10285 6407 328
-12482 4358 11645 13096 7543 785
-13110 6048 11213 14125 8134 914
-13690 7654 11026 13155 7856 805
-14565 9758 10793 10444 6222 604
-14640 9994 10329 7557 4545 94
-14550 10044 9716 5140 2625 -188
-13805 9385 9131 3737 713 -103
-13129 8758 8805 3812 -228 43
-12621 8288 8557 4908 -258 442
-12366 8103 8583 7051 508 964
-12276 8082 8437 9577 1710 1390
-12486 8667 8142 12526 3311 1744
-13024 9896 7765 13783 3946 2073
-13360 10640 7816 13459 3899 2248
-13537 10958 7881 12649 3820 2404
-13612 11211 8254 11018 3489 2537
-13886 11185 8537 9472 2525 2610
-13585 10538 8952 8892 1443 2451
-14055 10978 9373 8977 902 2174
-14514 10722 9786 9491 701 2326
-13937 9870 10154 10777 1007 2498