-14834 -1760 20072 1828 -756 -2091
-14990 -1152 19657 2670 -296 -2744
-14361 -627 18624 3565 616 -3854
-13806 -135 17780 4482 1910 -4625
-13781 398 17116 5128 2705 -5081
-13844 1026 16658 5312 2989 -5353
-13803 1651 16096 5114 2839 -5482
-13380 2568 15470 4590 1638 -5422
-13070 3510 14970 3813 427 -5023
-12265 3716 14944 3116 -502 -4577
-11552 3975 15121 2492 -1079 -4069
-10860 4295 15183 1968 -1159 -3609
-10282 4392 15037 1417 -1022 -3298
-9660 4229 14549 1254 -529 -2978
-8958 3978 13951 1580 -244 -2590
-8464 4148 13283 2058 -463 -2124
-8188 4593 12817 2445 -966 -1818
-8034 4801 12473 2457 -1346 -1475
-7900 5127 12195 2227 -1798 -1429
-7867 5540 11753 1436 -1669 -1543
-8224 5518 11116 -12 -1976 -1656
-7845 4929 10198 -1597 -2266 -1700
-8326 3684 9336 -2511 -2752 -1261
-8296 2308 8666 -1925 -3133 -914
-8204 1320 8258 -238 -3013 -725
-8361 967 7636 2686 -2539 -667
-8162 1877 7352 5857 -1659 -1036
-8807 3178 7315 7808 -884 -2083
-9502 4573 7507 7686 -617 -3232
-9233 4972 8088 5953 -66 -3896
-8880 4869 8600 4049 545 -4108
-8485 4449 8752 1972 1281 -4028
-8203 3663 9081 300 1473 -3506
-7538 2377 9634 -437 1417 -2538
-7331 1215 10108 303 1081 -1913
-7365 632 10288 1441 752 -1733
-7465 299 10174 2707 429 -1892
-7567 78 9821 4139 -25 -2259
-7688 125 9508 5119 -174 -2609
-7838 409 9020 5878 -387 -2997
-8002 816 8010 6884 -213 -3496
-8372 1120 6752 8386 -161 -3754
-8286 1152 6451 9858 89 -3483
-7936 1137 6417 11426 741 -3046
-8029 1238 6588 12554 1419 -2805
-8573 1362 6560 13534 1982 -2803
-9410 1795 6362 14391 2807 -3310
-10355 2435 6224 14416 3743 -4170
-10925 2981 6236 13464 4466 -4783
-11285 3557 6641 12035 4938 -5033
-11729 3838 7773 9416 6001 -5013
-12284 3900 8980 6714 7012 -5000
-12437 3790 10077 4708 7781 -5015
-12440 3508 11292 2799 8359 -5060
-12313 3386 12228 1053 8791 -5069
-12102 3117 12970 -360 9268 -4996
-11932 2949 13832 -1552 9416 -4824
-11948 2455 14575 -1664 9278 -4918
-12245 2320 14588 -304 8348 -5139
-12284 2836 14321 1429 6620 -5327
-12070 3512 14204 3042 4420 -4961
-12039 4095 14715 3657 2719 -4260
-12484 4793 15281 3345 2389 -3788
-12616 5474 15492 2776 2411 -3702
-12294 5986 15344 1865 2722 -3664
-11773 6472 15139 605 3279 -3470
-11624 6744 14817 -232 3724 -3092
-11595 6801 14455 -869 3935 -2703
-11880 6942 14417 -1502 3842 -2056
-12061 6820 14245 -1694 3532 -1529
-12174 6885 13780 -1705 2991 -1180
-12406 6904 12944 -1713 2340 -856
-12745 6919 11714 -1581 1424 -503
-12805 6872 10120 -1241 527 -150
-12980 6816 8610 -761 -237 147
-13025 6664 7286 -247 -720 451
-13174 6404 6333 284 -713 885
-13241 6189 5636 765 -233 1397
-13364 6032 5413 1049 40 2104
-12649 6449 6106 387 886 2744
-11846 6862 7316 -1583 1949 3223
-11296 6818 8184 -3695 3129 3700
-11527 6211 9004 -6477 4719 3875
-12175 4791 9646 -9076 5712 3392
-12866 3537 10694 -10291 6296 2669
-13112 3106 11360 -10745 6021 1825
-13141 2924 12011 -10561 5789 677
-12728 2966 12561 -9946 5271 -83
-12534 2922 12624 -9160 4928 -296
-12624 2699 12765 -7487 4267 -365
-13123 2396 12499 -4992 3230 -361
-13640 2284 12343 -2226 2065 -492
-13854 2398 12096 -12 1147 -607
-13962 2916 12129 1272 781 -596
-13930 3692 12210 2278 486 -708
-13748 4097 12061 2989 364 -896
-13625 4602 11413 3193 683 -1101
-13748 4969 11158 2924 917 -1164
-13636 5076 10957 2512 1170 -1114
-13760 5308 10761 1865 1405 -926
-14127 5558 10725 989 1323 -598
-14328 5686 10789 2 955 -352
-14484 5534 10677 -677 127 -198
-14230 5410 10650 -947 -607 -57
-14292 5248 10497 -1063 -1034 17
-14405 4838 10377 -1111 -1431 120
-14579 4572 10400 -1191 -1596 304
-14838 4489 10310 -1279 -1614 359
-15084 4568 10132 -1458 -1782 474
-14955 4361 9914 -1510 -1778 491
-14924 4170 9604 -1363 -1764 521
-14808 4122 9292 -1172 -1763 610
-14606 4020 9056 -909 -1714 818
-14070 4066 9044 -895 -1654 1038
-13476 4092 9068 -1459 -1785 1118
-13243 3832 8948 -2109 -1972 952
-13316 3421 9028 -1757 -2043 651
-13221 3202 8985 -1068 -1755 481
-13157 2935 8619 318 -1184 60
-12821 3264 8721 803 490 -316
-13468 3840 8780 713 217 -65
-13017 4153 8650 -47 834 -20
-13255 4450 9076 -1941 971 232
-13209 4113 9769 -3583 957 243
-13503 3671 10193 -4230 -535 507
-13026 3235 10512 -4180 -1651 723
-12842 2975 10097 -3310 -2954 915
-12318 3296 9742 -2907 -4286 1139
-12056 3726 9788 -3300 -4979 1365
-12024 4659 10357 -5329 -5662 1854
-12974 4859 11152 -9649 -6048 2306
-14530 3892 11708 -13701 -6712 2118
-14993 2688 11550 -16324 -7640 1807
-14981 1047 10646 -17431 -8674 1752
-14365 -96 10018 -16177 -9429 1817
-13848 -425 9793 -14469 -9231 2127
-13309 -397 9886 -12663 -8629 2549
-12377 -281 10106 -10472 -6952 3209
-12020 62 10228 -8907 -4952 3652
-11679 -18 10219 -7933 -3419 3632
-11734 -164 9716 -7008 -2139 3416
-11608 0 9428 -6498 -1397 3256
-11388 241 9078 -6314 -659 3034
-11305 500 8914 -6490 -200 2928
-11173 524 9238 -6951 -151 2747
-11197 390 9634 -6978 237 2615
-11301 260 10694 -6707 621 2671
-11353 -124 11145 -5371 1724 2577
-11684 -212 11338 -2903 3433 2565
-11617 -408 11233 254 4918 2683
-11188 -577 10736 4074 6037 2793
-11028 -228 10136 9069 7546 2819
-11512 1157 10292 13401 8516 2767
-12366 2012 10832 14581 9072 2566
-13286 3250 10748 13677 8946 2579
-13858 3697 10710 11626 8146 2398
-14681 3620 10528 9043 5845 1931
-15098 3489 9893 6646 3499 1631
-15526 3178 9670 4422 958 1502
-15281 2902 9736 2568 -1214 1490
-14977 2641 9833 1363 -2917 1338
-14817 2562 9894 53 -3783 1113
-16348 4749 10366 -5218 -6722 653
-18389 7004 10038 -14310 -12924 -487
-18364 6574 10064 -22490 -17907 -1750
-15752 3847 10758 -27671 -23355 -2187
-12202 441 11806 -27304 -23579 -820
-9988 -2280 12804 -24249 -23025 1061
-7952 -4674 14170 -18410 -23380 4244
-7493 -4874 15109 -11358 -21136 6712
-8348 -3353 14358 -3073 -15158 5240
-6548 -5284 12368 -39 -6338 3584
-7936 -3349 14010 1688 -6396 2616
-9117 -879 13441 92 -1280 218
-8997 -416 13561 -2079 1068 -878
-10152 -1148 14169 -1584 2725 -459
-11462 -174 16222 -124 4015 1094
-9781 -362 16684 768 3103 1540
-10309 -121 17476 1278 1916 2143
-9998 -613 17713 1730 -881 1891
-9654 -986 17653 2374 -2874 1720
-10046 -396 17337 2666 -2936 1643
-10665 -18 16530 4041 -1199 1114
-9818 -335 15902 5181 1888 -594
-9417 -325 15452 5653 3221 -1427
-8896 10 15174 5733 3562 -1568
-8935 544 15108 5314 3796 -1362
-8956 836 15320 4057 3565 -1159
-9068 1007 14985 3124 3546 -698
-9294 594 14706 1699 1568 -16
-8824 449 13698 1451 -397 250
-8804 582 12870 1912 -1488 446
-8545 818 12263 2662 -675 425
-8906 1414 11907 3269 467 189
-9178 2049 11645 3175 1114 -112
-9449 2533 11404 2760 1724 -258
-10026 2950 11268 2393 2381 -64
-10525 3239 11402 2311 2590 734
-10730 3232 11354 2157 2524 1627
-10808 2848 11482 2322 2056 2126