-9205 5653 13706 -198 146 -5
-9168 5676 13761 -157 188 -60
-9163 5669 13736 -168 220 -102
-9204 5722 13694 -134 241 -98
-9196 5721 13666 -106 240 -102
-9183 5818 13670 -175 283 -92
-9172 5807 13670 -321 375 -71
-9265 5702 13604 -317 328 -79
-9261 5682 13661 -286 277 -64
-9198 5686 13705 -214 268 -34
-9276 5746 13733 -224 284 -50
-9231 5781 13719 -297 288 -27
-9188 5788 13803 -349 276 40
-9176 5787 13961 -399 228 34
-9173 5794 13970 -352 228 21
-9204 5730 14022 -253 178 6
-9142 5716 14013 -66 132 42
-9102 5805 13939 -4 99 84
-9105 5765 13765 -65 56 15
-9030 5748 13658 -195 130 -53
-9025 5808 13658 -333 181 -43
-9042 5690 13656 -304 142 -96
-8949 5697 13546 -359 251 -134
-8914 5818 13600 -307 297 -124
-8895 5835 13456 -411 477 -201
-8820 5806 13577 -542 536 -128
-8979 5934 13580 -839 431 -177
-8908 5946 13669 -1006 460 -224
-8913 5989 13845 -858 401 -181
-8821 6169 13689 -734 617 -125
-8792 6227 13972 -1113 1032 -329
-8806 6164 13792 -1614 1449 -527
-8906 5944 14004 -1973 1472 -690
-9001 5886 14016 -2106 1337 -898
-8895 5567 14341 -1512 944 -999
-8820 5527 14350 -883 705 -1034
-8862 5476 14592 -545 216 -1043
-9058 5375 14491 -131 129 -621
-9360 5555 14903 11 -586 -159
-9314 5614 15076 278 -886 -22
-9398 5478 14960 383 -1195 -38
-9132 5480 14908 730 -1266 -150
-9128 5553 14826 1421 -995 -386
-9269 5578 14652 1615 -804 -512
-9348 5670 14541 1681 -674 -589
-9485 5960 14328 1446 -710 -569
-9504 6035 14275 964 -762 -490
-9530 6064 14068 456 -817 -373
-9544 5966 13874 213 -861 -298
-9565 5983 13572 -128 -848 -178
-9416 5886 13491 -536 -682 -11
-9440 5718 13508 -852 -454 132
-9393 5536 13493 -1100 -378 202
-9371 5308 13448 -1341 -364 249
-9225 5071 13275 -1480 -293 202
-9184 4966 13270 -1566 -138 177
-9214 4962 13169 -1715 -33 78
-9141 4804 13226 -1974 118 -102
-9086 4758 13328 -2112 318 -219
-9236 4670 13185 -2017 457 -309
-9385 4662 13061 -1815 510 -400
-9498 4756 12941 -1629 535 -339
-9551 4863 13008 -1549 673 -280
-9423 4844 13420 -1527 822 -223
-9332 4766 13721 -1389 882 -313
-9290 4796 13777 -1249 891 -418
-9178 4780 13756 -1073 946 -502
-9130 4840 13814 -1000 1041 -519
-9187 4946 13818 -962 1066 -578
-9091 5019 13822 -914 974 -622
-9038 5110 13817 -866 924 -516
-8932 5065 13965 -813 882 -412
-8902 5052 14044 -730 765 -374
-8930 5081 14160 -613 674 -325
-8832 5128 14290 -687 562 -319
-8726 5140 14329 -743 576 -296
-8778 5298 14592 -876 556 -241
-8740 5307 14976 -963 508 -232
-8701 5397 15218 -1096 525 -225
-8748 5340 15388 -1120 479 -234
-8722 5324 15332 -1054 325 -172
-8697 5405 15283 -1072 225 -144
-8538 5508 15328 -1161 77 -29
-8652 5621 15221 -1294 -32 76
-8673 5533 15192 -1325 -412 84
-8470 5384 15174 -1140 -743 73
-8328 5281 15281 -878 -1006 51
-7950 5092 15285 -397 -1132 -82
-7788 5168 15513 -200 -1152 -210
-7741 5282 15670 -215 -1208 -342
-7722 5202 15734 -264 -1360 -423
-7834 5132 15725 -313 -1629 -565
-7955 5054 15580 -220 -2016 -788
-8009 5078 15376 -37 -2198 -967
-8053 5067 15112 202 -2303 -1076
-8522 4729 14825 479 -2292 -1202
-8865 4530 14741 962 -2452 -1371
-8816 4529 14601 1358 -2393 -1571
-9062 4531 14348 1644 -2209 -1678
-8977 4581 14042 1825 -2120 -1798
-8913 4802 13994 1806 -1869 -1777
-9102 4936 14030 1771 -1747 -1703
-9158 4796 13830 1805 -1684 -1663
-9287 4811 13792 1786 -1553 -1484
-9422 4766 13765 1841 -1443 -1339
-9474 4603 13348 1930 -1171 -1286
-9666 4470 13035 1933 -960 -1240
-9660 4416 12892 1970 -713 -1215
-9793 4461 12963 1918 -257 -1132
-9902 4260 12969 1957 172 -1096
-9990 4105 13057 2417 306 -1045
-9798 3846 13038 3463 489 -951
-10073 3990 12748 4334 789 -655
-10253 4442 12629 4492 870 -308
-10367 4562 12633 4582 908 105
-10661 4706 12445 4438 582 625
-10553 4794 12216 4233 200 1047
-10413 4879 11876 4102 -11 1714
-10298 5292 11733 3390 -232 2543
-10102 5488 11634 2471 -236 3003
-9879 5638 11495 1637 126 3365
-9722 5738 11528 845 401 3673
-9451 5503 11387 120 1000 3782
-9374 5516 11266 -386 1907 3889
-9372 5134 11073 -856 2670 3935
-9442 5210 10924 -1547 3317 3963
-9246 5792 11279 -3116 3974 4232
-8726 6405 11681 -5892 5021 4748
-8664 6528 12278 -8636 5846 5279
-8520 6680 12272 -10205 6318 5687
-8667 6176 12791 -12585 5728 5875
-8642 4796 13032 -15997 5389 5316
-7808 3438 14562 -15984 4435 4667
-7300 3128 15190 -14141 3414 4457
-6884 2596 16894 -11435 2278 3492
-5994 2286 18777 -8405 1434 2603
-5554 2004 19738 -6484 1210 1941
-5223 1904 20252 -3829 774 1060
-4888 1446 20279 580 402 -186
-4682 1434 19761 5613 278 -1379
-4707 1486 18922 10627 453 -2151
-4368 2300 18104 14173 1766 -2630
-5627 4196 17081 17063 2996 -3098
-6274 6600 15680 18941 4655 -3566
-7546 7806 15364 18310 4961 -3314
-8196 8728 14745 16434 4781 -2985
-9223 9632 13727 11588 4319 -2455
-9829 9918 13276 6725 3356 -2087
-10101 9816 13038 3954 2590 -1973
-10243 9501 12633 1248 1897 -1832
-10065 8895 12885 -1113 1565 -1897
-10137 8717 12928 -2615 1615 -2080
-10162 7774 13106 -3076 1632 -2338
-11303 8280 13258 -3559 1699 -801
-11581 8088 13172 -3943 598 -47
-11381 7729 13143 -4083 -505 -22
-11154 7404 13032 -3773 -1119 -196
-11000 7097 13180 -3384 -1730 -165
-10502 6684 13101 -2880 -2046 12
-10340 6468 13054 -2425 -2182 223
-10198 6070 12826 -1947 -2253 283
-10045 5934 12693 -1327 -2149 160
-9834 5725 12634 -624 -1875 -41
-9891 5656 12325 137 -1332 -252
-10117 5764 12024 293 -893 -505
-10230 5854 11829 20 -567 -697
-10498 5800 11680 -358 -236 -976
-10710 5760 11454 -775 -146 -1139
-10746 5836 11197 -1300 -146 -1271
-10760 5656 11034 -1654 -346 -1223
-10800 5431 11134 -1630 -544 -1143
-10755 5450 11527 -1248 -643 -1308
-10757 5589 12557 -1594 -430 -1512
-10908 5598 13201 -1924 -207 -1869
-10518 5424 13636 -1734 518 -2321
-10309 5610 14349 -1138 978 -2234
-10209 5848 14925 -330 854 -1713
-10212 6412 15140 509 735 -1284
-10454 7052 15062 1276 -191 -745
-10217 7152 14460 1296 -1584 -179
-10221 7032 15204 2000 -2483 634
-9068 7006 15820 3564 -3511 1281
-8765 8465 16391 4878 -4084 2095
-8074 9330 16588 3484 -4453 2087
-7750 9230 16428 2219 -4105 2129
-7484 8888 16222 1551 -4052 2226
-7218 8762 15651 436 -3595 1972
-7324 8441 15464 4 -3416 1412
-7516 8498 15170 -123 -3261 948
-7517 8321 15062 -203 -3095 663
-7294 8132 14986 -651 -2791 773
-7436 7898 14923 -1308 -2379 1194
-7646 7597 14827 -2677 -2172 1740
-7933 7101 14554 -3888 -2434 1668
-7978 6606 14306 -4175 -2695 1456
-7867 5926 13687 -4310 -2680 979
-7910 5478 13522 -4070 -2442 403
-8165 5326 13290 -3887 -2094 -293
-8224 4988 13192 -3707 -1644 -864
-8092 4363 13026 -3374 -940 -1114