-8774 3242 15411 -7838 -1573 3085
-8317 2530 15480 -6405 -1772 3012
-7917 2033 15345 -4489 -1452 2537
-7665 1850 15292 -2452 -898 1996
-7454 1774 15294 -1138 -345 1574
-7568 1995 15407 -131 421 1206
-7780 2334 15304 215 570 809
-7788 2370 15168 97 411 482
-7794 2412 15025 -207 -15 113
-7472 2040 14800 -302 -274 -55
-7196 1564 14733 146 -290 -556
-6879 954 14264 1519 -122 -1866
-6756 858 14069 2550 315 -3382
-6433 972 13891 3503 1189 -4779
-6420 1302 13762 4092 2560 -5833
-6887 1530 13712 4267 3915 -6357
-7582 2194 13841 3936 4922 -6335
-9102 3527 14085 1873 4586 -5527
-10539 4549 14382 -1663 2331 -3489
-11368 4935 14758 -4079 -272 -1252
-11261 4656 14769 -4278 -2654 650
-10480 4486 14921 -2450 -3727 2141
-9910 4529 14958 -717 -3503 2665
-9578 4686 14900 124 -2830 2626
-9248 4850 14680 472 -2007 2508
-8917 4780 14469 569 -1198 2250
-8842 4780 13989 527 -420 2033
-8914 4851 13631 -4 -52 1962
-8762 4852 13492 -913 93 2119
-8585 4701 13501 -1703 148 2321
-8356 4454 13536 -2108 168 2458
-8089 4254 13776 -2414 320 2608
-7893 4145 14022 -2592 572 2695
-7790 3960 14253 -2730 978 2797
-7854 3970 14516 -2922 1360 2768
-7872 3690 14717 -2967 1754 2751
-8170 3430 15056 -2927 2026 2785
-8340 3297 15222 -2866 2135 2684
-8328 3032 15329 -2646 1968 2525
-8468 2966 15244 -2464 1766 2318
-8637 2814 15282 -2414 1270 2247
-8704 2646 15252 -2441 906 2312
-9028 2811 15320 -2704 120 2604
-8908 2838 15370 -2982 -556 2951
-8673 2579 15376 -3004 -917 3161
-8454 2202 15500 -2660 -964 3316
-8373 1962 15442 -2208 -848 3367
-8208 1768 15242 -1686 -556 3063
-8020 1514 15253 -1253 -282 2789
-7825 1309 15245 -864 117 2465
-7749 1245 15382 -557 319 2077
-7571 1082 15307 -423 472 1638
-7612 864 15204 -383 463 1377
-7532 767 15103 -296 366 1112
-7632 572 14982 -262 -29 800
-7291 357 14875 -156 -242 665
-7264 267 14691 -140 -396 251
-7198 69 14622 -214 -373 -283
-7348 81 14609 -360 -384 -973
-7355 -43 14645 -358 -506 -1936
-7142 32 14644 -118 -560 -2851
-7011 289 14531 -65 -726 -3984
-6846 253 14389 -279 -779 -4837
-7017 510 14229 -737 -804 -5305
-7301 902 14096 -2183 -1272 -5473
-7394 923 13818 -4663 -2482 -5465
-7654 989 13381 -8344 -4662 -5365
-7970 1120 12917 -11572 -6156 -4830
-8229 1653 13380 -14365 -6989 -4028
-7868 1578 14186 -15202 -7888 -3125
-8030 1070 14786 -13520 -6500 -2383
-7840 549 15390 -10028 -4623 -2116
-7480 496 15957 -5843 -2253 -2031
-7502 848 16522 -2595 -555 -1980
-7577 1390 17054 201 1287 -2228
-7886 2490 17142 1844 2858 -2217
-8434 3216 16901 1838 3110 -1959
-8890 3570 16518 1359 2735 -1554
-9113 3851 16029 225 1303 -645
-8944 3732 15609 -870 -518 268
-8106 3293 15454 -1104 -1504 860
-7443 2914 15268 -894 -1087 1201
-7077 2693 15156 -552 -325 1175
-6953 2652 15334 -347 438 1105
-6988 2582 15464 -212 1046 998
-7266 2731 15489 -125 1484 1070
-7508 2630 15628 123 1609 1301
-7738 2605 15613 412 1357 1566
-7945 2457 15512 886 682 1915
-7729 2246 15470 1288 29 2349
-7508 2109 15370 1471 -113 2595
-7278 1866 15316 1517 38 2763
-7250 1590 15281 1621 268 2795
-7109 1376 15226 1733 557 2920
-7294 1421 15012 1824 671 3018
-7164 1149 14949 1907 722 3240
-6920 585 15020 2159 1195 3623
-6925 21 15306 2883 1922 3553
-6730 -922 15752 3918 2563 2917
-6080 -2407 16344 6642 3943 1485
-5178 -3890 16274 11591 6574 -1029
-5271 -4356 16603 15939 8325 -3912
-4868 -4574 15684 20263 10827 -6221
-5258 -3704 15306 22773 13963 -8075
-7766 -834 15465 22802 15606 -9199
-10097 870 15093 20052 15595 -9873
-10621 1498 14228 16697 16778 -10613
-15242 2375 14074 13677 14741 -8715
-17713 2892 12868 11583 11790 -6424
-18376 1406 10657 12705 9308 -3754
-18992 1685 8753 15253 6462 -166
-19162 3039 7444 16737 3466 2922
-19070 4063 6599 16213 569 5568
-18525 5608 5841 12909 -1222 7516
-17648 5965 5738 8685 -2460 8606
-16634 6132 5736 4614 -1987 9138
-15378 4674 6770 -1052 -3985 9913
-13330 2885 7945 -2934 -2075 8928
-12128 1860 9193 -1600 1536 7053
-11065 1622 10202 404 5947 4557
-10590 1634 11057 2635 9501 1881
-10047 2243 12805 5112 13356 -888
-10116 3324 14214 6922 16310 -3013
-11188 4006 14125 8193 16551 -5221
-11474 4626 13850 8787 15470 -6761
-12222 5109 13618 8809 13167 -7860
-12685 5790 13212 8680 10356 -8736
-12510 6574 13465 8032 8109 -9201
-12294 7586 13831 6665 5954 -9084
-12052 8094 13213 5368 4271 -9199
-11946 7806 12507 4793 3291 -9426
-11720 7967 11959 4535 2737 -9507
-11113 8504 12257 3584 2851 -9355
-11521 9020 13168 2143 3335 -9203
-11500 9090 13958 383 3742 -9031
-11900 8774 14206 -655 3888 -8964
-12272 8252 14160 -1316 3391 -8841
-12178 7615 13594 -1387 1664 -8436
-12146 6998 12832 -426 214 -7970
-11687 7844 12287 -218 -1062 -7321
-10737 8330 12358 -629 -1666 -6511
-9944 8666 12388 -1775 -1364 -5650
-10032 8019 12037 -2714 -1038 -5071
-10136 6986 11328 -2611 -1142 -4796
-9892 6512 10864 -2045 -1233 -4675
-9868 6464 10684 -1047 -1395 -4515
-9633 6750 10893 -338 -1325 -4366
-9822 7334 11298 -590 -1050 -4389
-10278 7148 11484 -1215 -1019 -4474
-10917 6350 11215 -1071 -1190 -4568
-11286 5678 10990 87 -1313 -4656
-11562 5662 10734 1800 -1234 -4732
-11852 5866 10644 3491 -727 -4724
-12088 6182 10381 3904 -376 -4524
-12647 6629 10294 3518 -279 -4182
-12900 6734 10240 2749 -445 -3810
-12892 6719 10108 1908 -599 -3357
-13012 6566 9962 1013 -927 -2776
-12868 6400 9952 731 -1085 -2439
-12728 6290 9847 448 -1286 -1993
-12578 6126 9754 55 -1403 -1427
-12345 5973 9999 -185 -1139 -1059
-12343 5721 10022 -122 -652 -933
-12120 5140 9800 880 82 -996
-11810 4737 9787 2719 1218 -967
-11874 4825 9632 4505 2247 -889
-11953 4650 9648 6073 3171 -918
-12117 5001 9396 7479 4222 -957
-12558 5296 9256 8245 4647 -1089
-12695 5802 8981 8059 4701 -1254
-13004 6421 8777 6869 4341 -1141
-13362 7092 8655 4607 3594 -736
-13534 7256 8931 1697 2780 81
-13260 7174 9149 -293 1957 768
-13750 7543 9673 -2223 1143 1475
-14123 7798 10072 -5002 -228 2696
-14741 7938 10360 -9449 -2255 4847
-14669 6497 10169 -12286 -4206 7006
-13692 5081 9874 -12496 -5219 8218
-12510 4046 9629 -11608 -5708 9022
-11118 2954 9918 -9852 -5528 9343
-9916 2852 10182 -7793 -3848 8984
-9653 3146 10696 -7249 -2337 8428
-9494 3400 10772 -7815 -780 7746
-9635 3654 11135 -9586 980 6711
-9264 3314 11424 -10918 2041 5715
-8594 1880 11866 -8705 3233 4748
-7512 324 11878 -2209 5962 2823
-7712 160 12168 3691 8169 1117
-7663 225 12231 11527 10640 -1221
-8112 1326 11580 17456 13636 -3474
-9077 3076 11288 20007 15159 -5136
-10533 5259 10800 19537 15163 -7101
-11892 6616 10496 17407 13742 -8193
-13666 7514 10532 14714 10807 -7747
-15164 8499 9716 10526 6885 -6262
-16368 8312 9050 8266 3567 -5081
-17027 7916 8432 8887 1097 -4278
-17546 7900 7698 10501 -395 -3992
-18079 8256 7134 12765 -1008 -3984