-9820 8649 11560 4227 659 -10119
-10874 8469 11597 4122 443 -9453
-10969 8542 11370 3453 -5 -8432
-10889 8973 11610 2247 -497 -7173
-11066 9050 11530 947 -1075 -6120
-11147 8901 11227 -534 -1516 -5061
-11025 8285 11038 -1815 -1682 -3801
-10905 7933 10738 -2467 -1436 -2776
-10745 7578 10827 -3370 -763 -1768
-10790 7210 10711 -3878 8 -1058
-10825 7042 10685 -4367 380 -554
-10762 6942 11013 -4972 415 -368
-10530 6956 11382 -5490 429 -208
-10483 6814 11555 -6025 638 -198
-10579 6394 11555 -6181 572 -483
-10269 6066 11467 -5427 1091 -1597
-10297 6380 11502 -4820 2369 -3239
-10137 6581 11985 -5280 3326 -4774
-9765 5934 12132 -5845 4814 -6428
-9941 5302 12304 -6424 6500 -7695
-10396 4279 11759 -8066 7668 -9150
-15698 3428 13270 -5078 10224 -5484
-13306 2261 13216 -544 4909 -3784
-14069 6376 12118 508 6009 -934
-14754 5500 11940 -6 2568 -621
-13167 4977 12640 150 624 -226
-12070 5581 12652 -1310 -1327 15
-11676 5316 12660 -2146 -2124 413
-10980 4645 12366 -2595 -2406 799
-10454 4252 11906 -2648 -1817 742
-10222 4000 11760 -2515 -1038 371
-10032 3749 11505 -2247 70 -195
-10214 3568 11363 -1620 1567 -779
-10599 3582 11164 -744 2453 -982
-11071 3983 10988 -157 2689 -902
-11357 4475 11053 91 2527 -919
-11606 4982 11186 -355 1738 -781
-11656 5118 11276 -979 955 -831
-11808 5153 11792 -2049 300 -534
-11836 5260 12152 -2837 -259 -52
-11683 5261 12876 -3472 -647 516
-11646 5231 13297 -4013 -848 1000
-11796 5044 13522 -4085 -934 1286
-11687 5187 14230 -3743 -1621 1728
-11423 5052 14461 -2172 -2727 2556
-10830 5684 14499 -990 -3347 3044
-10304 4862 13657 -368 -3359 3016
-9970 4052 13505 -492 -3607 3364
-9061 3309 14396 207 -4065 3900
-8329 3437 15446 2310 -4309 4121
-8506 4604 15436 3112 -4473 4193
-8619 5872 15884 3532 -5317 3973
-8560 6518 16160 3143 -6211 3179
-8048 6461 15906 2671 -6270 2250
-7577 6121 16118 3070 -5740 1125
-7491 5840 15150 4044 -4556 87
-7596 5734 14520 5148 -3060 -1089
-7988 5841 14022 6307 -1943 -2021
-8301 6066 13514 7013 -893 -2726
-8666 6312 13486 7551 -204 -3098
-9090 6534 13370 7333 213 -3249
-9502 7098 12801 6346 497 -2914
-9806 7250 12927 4341 293 -2327
-9909 7368 12921 2807 44 -1590
-10454 7326 12738 1654 -234 -939
-10380 6864 12852 443 -1152 -452
-10447 6343 12916 -244 -1310 9
-10421 5837 12454 -361 -1147 27
-10354 5586 12450 -20 -924 -15
-10164 5432 12108 490 -507 -140
-10086 5311 11892 351 327 -450
-9796 5295 11706 -637 1422 -858
-9910 5216 11562 -1634 2326 -1139
-9952 4950 11412 -2327 2911 -1372
-10250 4646 11137 -3246 3499 -1710
-10224 4112 10884 -3942 3764 -2090
-10135 3808 10892 -4468 4557 -2582
-11017 3466 10758 -5648 6554 -3529
-12020 4124 12684 -2151 6933 -3459
-13670 5026 12582 11 6755 -3103
-13182 5229 12410 582 5856 -2799
-13190 5385 12314 584 4656 -2243
-12823 5551 12126 206 3462 -1693
-12245 5534 12152 -445 2509 -928
-11356 5319 12397 -1636 2177 -129
-10952 5276 12802 -3054 1933 224
-10460 4669 12680 -3813 1943 90
-10030 4309 12624 -4380 2631 -398
-9392 3956 12580 -4422 3345 -1160
-9042 3822 12740 -3746 4242 -1937
-9104 3952 12966 -3133 4401 -2002
-9395 4133 13008 -2470 4195 -1785
-9768 4209 13209 -1688 3746 -1231
-10310 4638 13400 -1294 3381 -845
-10520 4935 13630 -1330 2838 -519
-10960 4848 13578 -1227 2413 -453
-11346 4881 13329 -1016 2045 -699
-11612 5142 12881 -800 1327 -967
-11636 5260 12592 -530 915 -987
-11441 5626 12396 -368 712 -606
-11644 5905 12529 -482 650 -26
-12129 5756 12512 -556 317 159
-12274 5458 12502 -617 44 224
-12126 5149 12625 -613 -107 353
-11962 4864 12694 -585 -208 439
-11885 4447 12559 -406 -367 468
-11730 4245 12312 -68 -380 498
-11724 4089 12212 269 -384 454
-11705 4124 12156 376 -318 447
-11768 4094 12384 504 -299 480
-11694 4089 12417 307 -150 484
-11692 4061 12542 110 1 384
-11665 3996 12736 -37 68 295
-11590 3961 12796 -28 166 130
-11627 4062 12557 173 350 26
-11697 4272 12492 412 364 62
-11609 4487 12500 342 475 109
-11765 4457 12428 631 483 214
-11766 4508 12440 909 413 247
-11800 4625 12728 1561 410 329
-11980 4664 12722 2467 413 329
-11927 4824 12876 4059 582 334
-12111 4863 12773 6731 854 129
-11853 5237 12148 8170 1683 341
-12074 5092 13520 10074 1294 894
-11404 6260 14109 12637 771 2042
-12044 8556 14348 12659 -944 3274
-12099 8972 14076 10513 -3026 3366
-11463 8954 13382 7716 -4353 3171
-10804 8502 12778 5690 -4570 3088
-10471 7972 12446 4144 -4549 3062
-9937 7359 11969 2738 -4180 2794
-9696 6978 11678 2362 -3626 2226
-9486 6747 11209 2301 -2596 1457
-9382 6757 10706 2280 -1714 730
-9469 6890 10465 1759 -1116 227
-9830 7368 10489 572 -892 -88
-9837 7516 10568 -881 -936 -186
-9962 7549 10546 -2282 -793 -115
-10216 7523 10763 -3729 -1456 92
-10262 7084 10821 -4688 -1927 98
-10204 6637 10821 -4862 -1859 -509
-9976 6122 10818 -4746 -1185 -1585
-9944 5940 10792 -4789 -559 -2212
-10274 5480 10758 -4936 799 -3154
-10340 5400 10498 -5817 2810 -4292
-12162 4309 9645 -7806 5432 -4719
-15163 2241 14519 -3334 1658 -2881
-14818 5964 13150 -1569 4059 -1914
-15569 4109 12736 28 2820 -2214
-14028 3589 12168 2268 2395 -1819
-13721 3626 11652 4560 1300 -408
-13020 3466 10882 6271 465 410
-13136 3539 10009 7161 -310 1412
-12918 3713 9760 6981 -655 2568
-12796 3605 10637 7183 -1441 3706
-12344 4564 10937 6742 -2140 4861
-12397 5005 11005 5490 -3013 5608
-12209 4972 10508 4212 -3380 5811
-11673 4703 10101 3068 -2604 5362
-10850 4798 9764 2209 -950 4680
-10388 5310 9664 1456 894 3896
-10345 5494 9769 932 2210 3376
-10299 5852 9992 -310 3645 2957
-10276 6382 10516 -2532 4780 2526
-10128 6342 11146 -4348 5385 2309
-10207 6154 11514 -5940 5212 2401
-10280 6426 12214 -7204 4615 2667
-9742 6380 13687 -8195 3418 3079
-9354 6762 15513 -9455 1754 3687
-8945 6802 16788 -10711 -159 3968
-8545 6145 17600 -10941 -2138 3671
-8047 5223 17584 -9614 -4167 2901
-7406 4226 17250 -4725 -6148 994
-6884 4493 16656 436 -6510 -1404
-6804 4824 16262 3253 -5893 -2930
-6820 5538 15568 6329 -4528 -4730
-7101 6554 14674 9098 -2761 -6443
-7613 7376 13882 10181 -1412 -7524
-8289 8248 13489 10859 -329 -8135
-9160 9296 13168 10335 130 -8202
-9768 10443 12991 8288 -34 -7573
-10664 11501 12489 4665 -934 -6031
-11161 11888 12196 929 -2285 -4003
-11241 11642 12158 -988 -3163 -2445
-11124 11460 11888 -2154 -3316 -1264
-10986 11234 12094 -2921 -3386 -266
-10722 11074 12236 -3372 -3180 395
-10576 10986 12406 -3730 -2776 1112
-10727 10951 12539 -4532 -2508 1957
-10700 10680 12790 -5104 -2467 2595
-10630 10377 13006 -5567 -2404 3095
-10442 9928 13404 -5883 -2413 3543
-10205 9185 13491 -5385 -2725 3956
-10080 8650 13230 -4419 -3137 4095
-9711 8201 13311 -3514 -3464 4020
-9185 7800 13376 -2062 -3484 3756
-9185 7496 12997 -780 -3240 3467
-9268 7160 12576 -124 -3088 3366
-9264 6955 12404 652 -2939 3105