-8682 16034 -3633 -485 239 -544
-8649 16074 -3596 -625 193 -548
-8476 15978 -3424 -640 115 -585
-8230 15512 -3389 -540 182 -746
-8525 16033 -3416 -793 610 -257
-8780 16842 -3670 -1426 830 5
-8858 16176 -3592 -1525 915 -110
-8717 16028 -3558 -1250 986 -325
-8577 16038 -3546 -985 1103 -368
-8593 16298 -3506 -902 1144 -404
-8641 16580 -3372 -970 994 -529
-8738 16525 -3345 -1119 754 -517
-8793 16522 -3318 -1291 437 -403
-8713 16441 -3305 -1280 241 -397
-8665 16298 -3264 -1143 159 -475
-8613 16184 -3141 -866 107 -480
-8505 16093 -3109 -559 139 -411
-8546 16036 -3130 -352 223 -352
-8757 16029 -3166 -241 180 -290
-8826 15922 -3268 -137 82 -315
-8904 16116 -3260 -156 -3 -390
-8956 16057 -3268 -260 -45 -433
-8972 16116 -3318 -323 24 -393
-8988 16068 -3300 -361 67 -400
-8965 15922 -3310 -194 56 -240
-8928 15758 -3426 1 179 -216
-9053 15974 -3425 81 315 -146
-9129 16093 -3315 -61 503 -183
-9149 16181 -3200 -340 689 -287
-9334 16328 -2950 -678 775 -347
-9504 16492 -2792 -1031 902 -403
-9608 16582 -2477 -1319 1097 -393
-9700 16526 -2246 -1472 1158 -181
-9462 15949 -2221 -1335 1249 2
-9369 15302 -2132 -799 1376 130
-9482 14740 -2077 -64 1319 331
-9314 14376 -2018 546 1252 535
-9075 14373 -2051 1051 1048 617
-8740 14554 -2028 1251 809 566
-8482 14737 -2020 1186 555 374
-8121 14710 -2112 971 431 -10
-7918 14822 -2296 703 265 -506
-7948 15222 -2592 257 -242 -890
-7968 15278 -2798 -230 -834 -1255
-8108 15524 -2988 -700 -1348 -1643
-8465 16132 -3294 -1205 -1869 -1883
-8550 16344 -3388 -1636 -2116 -2062
-8879 16636 -3527 -1901 -2257 -2203
-9100 16872 -3689 -2069 -2282 -2270
-9493 17274 -3716 -2132 -2278 -2175
-9733 17429 -3849 -2189 -2129 -1974
-9928 17529 -3954 -2128 -1948 -1708
-9914 17400 -3970 -1777 -1672 -1299
-9861 17050 -4034 -1073 -1212 -1039
-9912 17092 -3972 -415 -847 -737
-9856 17232 -3937 139 -412 -403
-9795 17138 -3847 321 30 80
-9734 16886 -3862 237 262 369
-9702 16651 -3768 70 367 463
-9620 16474 -3600 -163 389 537
-9606 16468 -3557 -424 426 501
-9492 16182 -3354 -689 566 490
-9480 15890 -3192 -684 758 467
-9626 15825 -3146 -670 791 504
-9605 15684 -2997 -589 797 558
-9483 15752 -2846 -592 821 561
-9408 15724 -2706 -612 885 557
-9346 15812 -2621 -664 999 474
-9336 15836 -2434 -742 1160 417
-9333 15693 -2437 -771 1264 415
-9438 15709 -2281 -825 1340 317
-9636 15790 -2167 -965 1320 241
-9862 15854 -2100 -1228 1199 260
-10286 15704 -1996 -1399 887 292
-10530 15460 -1989 -1255 414 344
-10562 15193 -1954 -856 173 399
-10737 15110 -1930 -318 -12 445
-10866 14994 -1918 143 -35 444
-11199 15008 -1815 616 -92 482
-11598 15042 -1724 996 -172 531
-11818 14925 -1634 1251 -114 610
-11876 14937 -1621 1460 -158 780
-12174 15076 -1706 1654 -432 819
-12278 15133 -1793 1711 -762 768
-12313 15365 -1924 1571 -1256 662
-12364 15429 -1845 1179 -1669 574
-12397 15618 -1840 699 -1885 508
-12758 15441 -1870 416 -2121 484
-12756 15104 -1984 543 -2294 536
-12566 14824 -2090 995 -2239 704
-12498 14544 -2204 1746 -2226 938
-12321 13796 -2516 2955 -2194 1129
-12200 12844 -2862 4077 -2224 1270
-11570 12161 -3152 5100 -2305 1166
-11094 12526 -3168 5439 -2486 784
-11126 13054 -3342 4774 -3030 419
-11140 13590 -3366 3356 -3386 -173
-11180 13878 -3338 1801 -3650 -788
-11367 14122 -3398 -116 -3802 -1436
-12078 14784 -3401 -2253 -3922 -2069
-12190 14638 -3272 -3389 -3699 -2421
-12208 14341 -3277 -3602 -3641 -2413
-12070 13540 -3388 -3210 -3610 -2142
-11744 12827 -3473 -1463 -3710 -1817
-11416 13236 -3505 734 -3927 -1566
-11421 14797 -3230 1263 -3995 -1479
-11041 15970 -3033 631 -3871 -1443
-11018 16812 -2749 -662 -3792 -1337
-10868 16408 -2552 -1944 -3666 -1139
-11108 15867 -2276 -2410 -3597 -762
-11108 15504 -2066 -1802 -3501 -516
-11078 15321 -1940 -602 -3635 -138
-10905 15121 -1935 884 -3682 402
-10678 14796 -2124 2421 -3850 996
-10501 14565 -2213 3776 -4109 1499
-10520 14736 -2462 4848 -4404 1824
-10606 15318 -2440 5295 -4684 2021
-10428 15897 -2447 4844 -4899 2190
-10253 15717 -2420 4081 -5113 2264
-10032 15332 -2686 3663 -5394 2299
-9746 15157 -2890 3422 -5852 2428
-9570 14764 -3138 3384 -6276 2384
-9677 14717 -3548 3543 -6692 2292
-9686 14926 -3765 3614 -7155 2366
-9316 14948 -4107 3657 -7095 2206
-8827 15347 -4453 3630 -6461 2302
-8577 15741 -4388 3523 -5580 2134
-8802 16292 -4257 3404 -4868 1949
-8904 16521 -4089 3048 -4325 1738
-9027 16655 -3957 2183 -3757 1632
-9200 16644 -3754 1240 -3530 1622
-9341 16491 -3512 276 -3598 1611
-9135 16854 -3027 -968 -3811 1662
-8886 17024 -2508 -2360 -3770 1581
-8672 16792 -2122 -3198 -3514 1355
-8288 16620 -1590 -3456 -3009 1298
-7615 16186 -922 -3219 -1810 1127
-7397 16178 -562 -2470 -1269 899
-7232 16326 -436 -2039 -1286 800
-7086 16336 -358 -1752 -1350 621
-7282 16605 -442 -1522 -2036 522
-7396 16722 -489 -1477 -3116 505
-7465 16826 -520 -1626 -3919 540
-7742 16732 -356 -1884 -4755 638
-7698 16378 -193 -2175 -5291 634
-7665 15957 80 -2472 -5512 459
-7702 15384 330 -2844 -5627 162
-7748 14950 750 -3412 -5694 -204
-7743 15031 1142 -5024 -6050 -779
-8108 15919 1398 -8557 -7133 -1426
-7294 14836 1550 -10753 -7242 -2436
-6986 13694 1786 -10573 -6664 -3625
-7027 13662 1754 -9248 -5853 -4417
-7012 13036 1714 -6698 -4799 -5199
-7348 13089 1604 -4053 -4207 -5568
-7728 13692 1357 -1671 -3867 -5646
-8166 15008 1376 -345 -3877 -5461
-8492 15884 1376 -176 -4013 -5386
-9039 16960 1147 -641 -4389 -5203
-9438 17939 1057 -2211 -5066 -4982
-9341 17891 818 -3139 -5444 -4932
-9058 17552 738 -2674 -5572 -4893
-8692 16966 577 -932 -5095 -4819
-8743 17238 507 976 -4507 -4610
-9209 17845 459 1731 -4191 -4315
-9381 18124 454 1689 -4153 -3986
-9632 18328 286 1365 -4074 -3756
-9973 18307 362 885 -4220 -3424
-10216 18133 346 414 -4273 -3123
-10614 17674 492 -129 -4322 -2987
-10428 16519 876 -52 -3607 -3205
-10414 16305 1142 358 -2516 -3458
-10276 16314 1570 632 -1775 -3688
-10112 16696 1776 424 -1100 -4133
-10598 17678 1522 -1030 -1197 -4053
-10818 17899 1459 -3574 -1995 -3890
-10784 17756 1532 -5584 -2774 -3867
-10499 17407 1850 -7582 -3505 -3567
-9797 16866 2562 -9309 -3578 -3417
-9320 16430 2729 -9631 -3580 -3492
-8948 15953 3134 -8839 -3548 -3503
-8754 15816 3281 -7659 -2933 -3393
-8612 15612 3346 -6510 -2179 -3167
-8860 15801 3538 -5373 -1506 -2734
-8960 15828 3736 -4330 -830 -2349
-9431 16128 3972 -3544 -401 -1959
-9826 16557 4170 -3418 -373 -1407
-10085 16693 4202 -3585 -751 -736
-9964 16362 4357 -3485 -1257 -284
-9861 15992 4378 -2923 -1574 191
-9660 15610 4438 -2128 -1750 508
-9738 15361 4414 -1438 -1724 815
-9761 15386 4316 -1033 -1522 1194
-9870 15081 4368 -627 -1450 1467
-9694 15049 4173 -382 -1191 1659
-9873 15060 4212 -301 -1023 1761
-9814 14920 4144 -281 -758 1821
-9921 14558 4569 28 -669 1850
-10189 14873 4577 54 -633 2107
-10574 15402 4425 -530 -655 2647