-8356 4372 14997 -280 328 -309
-8320 4331 14853 -408 389 -234
-8342 4136 14714 -376 395 -252
-8222 4118 14654 -250 511 -238
-8113 4024 14626 -155 686 -255
-8204 3796 14608 -14 686 -279
-8240 3686 14399 -153 575 -263
-8318 3617 14632 -48 392 -198
-8348 3717 14387 -257 285 -140
-8343 3829 14465 -479 40 -67
-8324 3832 14360 -591 -22 -27
-8359 3881 14288 -626 -18 -42
-8316 3941 14298 -653 105 -127
-8418 4046 14248 -637 222 -150
-8515 4025 14187 -596 334 -160
-8553 4116 14149 -586 393 -164
-8625 4111 14148 -630 399 -164
-8624 4124 14234 -592 409 -129
-8582 4104 14294 -500 439 -122
-8534 4030 14445 -321 516 -174
-8518 3952 14466 -14 575 -255
-8460 3979 14529 124 668 -349
-8538 4006 14504 229 704 -429
-8458 4042 14342 312 733 -469
-8426 4037 14382 426 759 -525
-8392 4169 14422 424 802 -540
-8505 4165 14513 504 813 -532
-8560 4136 14608 537 801 -504
-8414 4096 14710 575 736 -450
-8377 4059 14744 478 693 -404
-8310 3990 14677 473 567 -409
-8356 3996 14566 385 543 -398
-8486 3989 14501 304 597 -389
-8465 4042 14449 201 634 -406
-8466 4062 14456 120 685 -426
-8512 4077 14412 74 689 -391
-8470 4180 14486 -26 676 -386
-8579 4132 14599 -200 682 -368
-8700 4154 14629 -201 652 -374
-8634 4186 14682 -209 677 -320
-8613 4168 14594 -130 740 -294
-8685 4158 14689 64 727 -298
-8625 4172 14568 129 648 -294
-8643 4173 14582 126 578 -274
-8546 4156 14493 -100 476 -172
-8449 4181 14521 -296 421 -114
-8384 4134 14614 -380 406 -124
-8376 4096 14636 -440 362 -119
-8404 4149 14718 -396 321 -114
-8483 4191 14824 -167 200 -47
-8568 4263 14765 -105 105 35
-8579 4246 14663 -378 -44 120
-8658 4290 14536 -598 -130 178
-8575 4222 14542 -791 -139 220
-8654 4145 14577 -569 -111 270
-8562 4145 14566 -573 -101 302
-8485 4064 14550 -646 -159 333
-8568 4060 14512 -517 -227 393
-8469 4017 14333 -681 -236 372
-8570 3918 14192 -667 -299 346
-8477 3945 14168 -802 -184 320
-8524 3947 14167 -870 -93 238
-8431 3976 14193 -746 -16 188
-8451 4079 14269 -761 -53 205
-8446 4042 14437 -924 -92 201
-8446 3958 14463 -856 1 113
-8558 3870 14370 -671 170 -79
-8549 3837 14412 -287 428 -254
-8606 4078 14398 141 708 -393
-8644 4255 14417 296 803 -492
-8594 4344 14637 379 728 -571
-8416 4388 14665 577 877 -547
-8778 4522 14636 456 599 -356
-8646 4429 14598 215 377 -253
-8662 4312 14514 35 128 -171
-8582 4183 14379 52 -18 -104
-8504 4082 14310 112 -22 -98
-8327 4068 14435 233 94 -135
-8363 4164 14643 426 192 -171
-8497 4128 14749 446 89 -189
-8385 4140 14681 226 43 -188
-8430 4108 14595 124 -31 -141
-8444 4018 14710 109 -193 -173
-8133 4078 14568 464 164 -285
-8400 4181 14746 511 32 -313
-8450 4286 14720 329 40 -364
-8387 4200 14747 214 30 -356
-8439 4198 14706 89 3 -350
-8444 4120 14720 155 111 -389
-8594 4188 14657 383 175 -481
-8577 4100 14442 608 348 -509
-8752 4298 14294 657 248 -448
-8700 4364 14261 613 272 -389
-8694 4436 14106 392 247 -258
-8599 4407 14208 29 210 -135
-8483 4232 14321 -163 161 -29
-8436 4047 14415 -144 124 24
-8358 4077 14415 -145 127 -53
-8281 4104 14490 -239 166 -110
-8404 4218 14432 -321 204 -155
-8522 4118 14447 -393 227 -196
-8732 4006 14324 -418 263 -228
-8905 3962 14248 -299 429 -295
-8960 3981 14132 -391 671 -374
-8993 4168 14153 -428 879 -418
-8994 4390 14060 -184 1027 -520
-9085 4720 14252 -266 1075 -614
-8900 4354 14339 -192 1292 -481
-8914 4198 14357 39 1350 -225
-8710 4048 14280 406 1282 -209
-8701 3968 14152 522 1265 -240
-8393 3828 14029 643 1261 -277
-8286 3717 14098 923 1381 -324
-8337 3817 14152 1195 1566 -496
-8470 3870 14126 1423 1723 -682
-8551 3998 14265 1675 1987 -850
-8912 4208 14225 1784 2136 -970
-9148 4432 14066 1765 2188 -1101
-9361 4537 13936 1727 2065 -1162
-9241 4761 13833 1608 1944 -1129
-9216 4922 13805 1419 1788 -1006
-9237 4890 13818 1319 1624 -884
-9214 4824 13876 1186 1489 -758
-9173 4689 13945 1104 1389 -673
-9109 4486 13965 1028 1296 -620
-9043 4266 13830 1019 1045 -538
-8829 4154 13645 999 937 -517
-8524 4176 13678 916 969 -522
-8620 4217 13702 583 963 -494
-8722 4156 13690 155 922 -460
-8931 4198 13731 -323 808 -383
-9106 4276 13861 -1012 470 -281
-9309 4002 13882 -1059 281 -338
-9208 4082 13573 -717 684 -462
-9596 3907 13472 -40 923 -595
-9549 4213 13258 491 1655 -681
-9832 4639 13279 182 1930 -817
-9728 4481 13307 84 1865 -846
-9731 4519 13334 -104 1891 -677
-9753 4400 13307 -280 1697 -544
-9536 4385 13159 -726 1385 -332
-9240 4364 13304 -1108 1167 -160
-9167 4284 13324 -1345 1310 -176
-9405 4233 13540 -1551 1077 -59
-9097 4236 13890 -1801 1202 -67
-9116 4308 14140 -2156 1281 2
-9088 4204 14262 -2476 1193 59
-9156 4177 14452 -2831 1084 67
-9196 4040 14382 -2980 954 -31
-9191 3975 14430 -3007 899 -101
-9128 4073 14389 -2999 879 -101
-9048 4066 14367 -2945 1084 -41
-9419 4110 14382 -2777 1244 32
-9646 4002 14384 -2887 1209 57
-9758 4015 14364 -2874 944 87
-9784 4054 14382 -2904 771 136
-9864 4048 14457 -2724 544 180
-9728 3948 14460 -2693 546 273
-9516 3472 14489 -2166 654 462
-9560 3560 14368 -1329 1257 447
-9804 3706 14180 -1054 1398 293
-10057 3706 14049 -1009 1392 179
-10263 3701 13759 -1046 1365 98
-10392 3657 13625 -1032 1193 32
-10533 3581 13444 -1034 983 40
-10734 3452 13178 -948 855 155
-10857 3437 12928 -994 823 237
-10650 3444 12466 -1180 1168 137
-11497 3320 12298 -1182 875 439
-10602 3273 11973 -1493 1144 571
-10338 3312 12036 -1814 1565 704
-10056 3345 12297 -2241 1748 846
-9809 3423 12605 -2895 2067 811
-10248 2908 13392 -2789 1811 1004
-9877 2733 14233 -1279 1574 732
-10005 3562 14273 -1075 1596 612
-9860 3658 14278 -1657 1731 469
-10074 3638 14360 -1974 1711 684
-9469 3485 14790 -828 1353 695
-9700 4322 14948 -266 1158 706
-9639 4764 14666 -589 949 640
-9760 4501 14828 -784 581 614
-9745 4617 14364 -968 796 677
-9700 4312 14238 -967 582 577
-9720 4206 13992 -1102 727 563
-9749 3889 14017 -1030 627 483
-9614 3901 14094 -504 594 559
-9532 3793 14246 -201 429 476
-9368 3602 14435 70 503 300
-9315 3567 14456 417 601 -34
-9513 3455 14263 563 795 -324
-9512 3546 13948 500 1183 -448
-9675 3588 13788 571 1211 -391
-10137 3621 13522 431 1082 -344
-10241 3492 13212 277 922 -326
-10457 3518 13134 221 811 -233
-10673 3556 13073 32 589 -144
-10405 3309 13151 62 339 -74
-10277 3245 13313 170 339 -57
-10392 3260 13348 155 456 -137