3238 18528 -2593 257 -1196 -808
3092 18438 -2685 312 -1278 -809
2792 18217 -2677 354 -1344 -348
2614 18302 -2661 432 -1207 547
2941 18548 -2509 516 -1199 859
2612 18320 -2358 598 -1167 370
2426 18310 -2326 649 -1180 369
2718 18670 -2165 627 -1367 987
2148 18912 -2152 678 -1769 594
2328 19506 -2102 560 -2071 -440
2098 19334 -1948 -358 -2348 -149
2114 19154 -1836 -1037 -2372 -49
2272 18960 -1708 -1528 -2139 -330
2191 18556 -1685 -1784 -2155 -40
2308 18238 -1700 -1657 -1897 -421
2414 18236 -1788 -1573 -1689 -418
2730 18149 -1812 -1543 -1449 -502
2840 18425 -1949 -1431 -1415 -569
3034 18464 -2126 -1421 -1347 -856
3047 18650 -2465 -2086 -1198 -1406
3126 18178 -2628 -2417 -961 -1123
2628 18348 -2693 -1909 -1162 -1099
2264 18416 -2720 -1263 -975 -1579
2108 18470 -2636 -713 -503 -1304
2048 18586 -2394 -237 -122 -954
1939 18735 -2186 0 58 -915
1976 18844 -2072 -191 29 -1088
2032 18740 -1696 -903 -7 -890
2003 18408 -1578 -2108 -144 -441
1880 18244 -1658 -2528 -280 -303
1775 18039 -1727 -2102 -361 -253
1673 18089 -1717 -355 -255 -169
1632 18288 -1790 579 -216 -13
1704 18707 -1861 623 -401 63
1902 19058 -1830 -77 -629 120
2022 19020 -1893 -846 -822 75
2032 18878 -1662 -1389 -1022 52
2086 18883 -1527 -2071 -988 180
2058 18584 -1305 -2438 -811 286
1933 18408 -1333 -2236 -639 433
1973 18488 -1382 -1371 -439 574
1899 18857 -1445 -270 -242 543
1891 19024 -1524 341 -273 423
2016 19169 -1591 261 -489 346
2178 19152 -1674 -97 -722 402
2157 19010 -1650 -394 -992 318
2180 19076 -1656 -833 -1169 184
2302 18989 -1678 -1140 -1173 151
2180 18962 -1522 -1335 -1210 -13
2097 19012 -1468 -1807 -1149 -28
2101 18886 -1474 -2153 -1061 77
2054 18592 -1438 -2224 -955 176
2073 18414 -1433 -2045 -914 288
2081 18298 -1413 -1652 -855 330
2121 18378 -1581 -1273 -782 260
2032 18506 -1661 -993 -681 129
1930 18636 -1718 -749 -677 14
1852 18913 -1764 -934 -663 -130
1809 18940 -1782 -1303 -728 -288
1857 19000 -1766 -1672 -718 -394
1862 18832 -1768 -1944 -651 -473
1885 18556 -1816 -1906 -512 -546
1965 18170 -1865 -1750 -428 -533
2014 18057 -1930 -1352 -369 -460
1860 18242 -1660 -1287 -281 -326
1860 18882 -1284 -2155 -336 -378
2060 18837 -1418 -3000 -174 -580
2009 18405 -1614 -3187 89 -827
2034 17902 -1704 -2794 273 -926
2141 17281 -1854 -1943 477 -810
2245 17252 -1705 -1040 663 -611
2421 17506 -1510 -458 788 -392
2296 17590 -1360 -414 764 -202
2564 17822 -1041 -643 447 -225
2525 18026 -1153 -695 216 -110
2495 18148 -1327 -25 -45 -63
2249 18825 -1327 724 -263 -11
1892 19588 -1249 933 -197 -77
1690 20018 -955 814 -36 -217
1413 20041 -869 687 122 1
1165 19786 -841 861 284 138
1200 19489 -866 1275 374 323
1357 19070 -826 1713 446 581
1433 18802 -856 2055 527 917
1366 18308 -805 2436 611 1336
1308 17909 -781 3059 603 1618
1442 17848 -702 3787 571 1756
1498 18160 -869 4318 478 1696
1669 18530 -874 4467 294 1526
1630 18994 -849 4163 160 1452
1782 19336 -1018 3413 -47 1342
1953 19446 -1240 2504 -236 1342
2053 19193 -1416 1923 -185 1252
2146 18864 -1601 1524 -52 1150
2290 18646 -1741 1395 68 1043
2517 18553 -1937 1371 320 965
2574 18381 -2106 1295 520 827
2572 18356 -2260 1252 583 740
2586 18464 -2418 1272 569 722
2724 18746 -2572 1114 592 682
2765 18933 -2638 961 444 509
2677 18976 -2729 846 456 397
2782 19020 -2777 777 510 221
2792 19069 -2746 446 590 88
2765 19114 -2694 -76 644 2
2502 19122 -2482 -892 571 -92
2204 19137 -2297 -1996 289 -169
2445 18634 -2185 -2482 30 -339
2345 18205 -2286 -2369 -30 -248
2188 17889 -2254 -1882 -48 -18
2149 17746 -2185 -1290 -102 99
2160 17664 -2233 -693 -174 185
2126 17760 -2216 -52 -202 292
2138 18308 -2145 163 -252 318
2169 18796 -1994 -212 -315 144
2218 18756 -1980 -521 -298 -49
2265 19085 -2021 -832 -330 56
2370 19414 -2226 -1422 -307 259
2230 19322 -2329 -1944 -348 280
2236 19117 -2320 -2365 -477 369
2289 18757 -2166 -2560 -607 379
2320 18485 -1994 -2346 -626 423
2442 18384 -1850 -1992 -523 563
2638 18218 -1685 -1635 -311 715
2685 18218 -1598 -1181 -101 787
2683 18346 -1537 -781 72 837
2752 18553 -1449 -438 257 801
2813 18753 -1405 -325 396 805
2854 18848 -1380 -290 540 803
2822 18848 -1512 -173 713 844
2822 18756 -1641 -149 862 821
2824 18541 -1692 -32 938 813
2922 18412 -1688 157 930 810
3013 18382 -1721 259 923 813
3065 18429 -1745 254 946 840
3065 18416 -1800 22 914 815
3128 18486 -1756 -254 906 772
3184 18473 -1745 -561 861 726
3050 18321 -1652 -669 842 637
3010 18218 -1633 -542 808 627
3093 18230 -1642 -292 874 641
2996 18265 -1557 -90 834 614
2933 18451 -1726 41 913 575
2957 18472 -1712 122 985 450
2881 18585 -1805 55 1061 412
2936 18510 -1804 -31 1116 334
2902 18474 -1805 -263 1179 279
2873 18280 -1786 -371 1163 199
2925 18218 -1789 -335 1123 170
3034 18145 -1617 -222 1004 120
3116 18298 -1609 -236 992 169
2972 18240 -1605 -323 808 44
2880 18277 -1538 -483 625 -27
2704 17862 -1492 -256 498 -185
2717 18140 -1650 -349 523 -66
3125 18666 -1720 60 862 -106
2649 18244 -1377 430 1026 -158
3000 18226 -1608 582 1152 -170
2728 18034 -1680 718 1097 -102
2893 17504 -1745 876 879 2
2880 17573 -1988 1224 752 280
2617 17604 -2085 1518 394 278
2897 18444 -2122 1459 -124 148
3012 18957 -2038 982 -557 -172
2974 18968 -1954 197 -1180 -560
3136 18948 -1788 -717 -1740 -797
3113 18721 -1710 -1730 -2287 -815
3064 18768 -1810 -2347 -2692 -663
3196 18872 -1614 -3023 -2930 -303
3132 18869 -1521 -3646 -2978 27
2938 18721 -1558 -4011 -3109 167
2702 18513 -1617 -4114 -3280 153
2618 18301 -1744 -3498 -3344 40
2598 17398 -2101 -1295 -2069 402
2769 19686 -2116 721 -354 653
2798 19861 -758 2197 1122 -109
3090 19340 -1286 1874 1990 -214
2618 19155 -1600 1217 1970 -42
2795 19153 -2133 344 1619 164
2734 19137 -2546 -405 1385 336
2819 19117 -2608 -1776 862 150
2783 18641 -2328 -2461 377 -16
2877 18309 -1878 -2650 99 -50
2964 18299 -1305 -3075 -453 -104
3258 17884 -1346 -3092 -782 -177
3138 17857 -1613 -2973 -926 -147
2934 17861 -1701 -2963 -1208 -107
2683 17797 -1909 -2813 -1538 -103
2620 18100 -1665 -2707 -1922 -141
2780 18433 -1278 -2975 -2138 -381
2960 18437 -1350 -3347 -2056 -670
3116 18285 -1440 -3513 -1873 -766
2989 18404 -1454 -3671 -1849 -778
2925 18597 -1297 -3991 -2039 -739
2774 18408 -1025 -4426 -2366 -658
2698 18622 -942 -4666 -2641 -396
2588 18794 -698 -4720 -2752 -360
2381 18494 -768 -4212 -2675 -448
2294 17062 -622 -1818 -2164 -599
2624 18012 -625 513 -809 288