-13516 11434 7033 1514 3773 -4958
-13604 11276 6928 1225 3298 -4717
-13559 11212 6630 668 2614 -4153
-13567 11035 6375 -189 1568 -3227
-13704 10854 6186 -771 821 -2519
-13801 10665 6000 -1146 209 -1982
-13834 10420 5824 -1231 -232 -1698
-13962 10200 5791 -1109 -690 -1520
-14210 10044 5620 -805 -1012 -1497
-14357 10012 5610 -492 -1192 -1526
-14537 9820 5512 -76 -1201 -1536
-14936 9913 5297 282 -1036 -1419
-15445 9882 5309 603 -1266 -932
-15910 10078 5413 776 -1875 -87
-16018 10054 5292 875 -2469 592
-15811 10049 5217 933 -2936 1255
-15436 9960 5610 1652 -3060 1647
-14674 9966 5146 1557 -2054 1959
-14992 10234 4642 144 -892 2723
-15393 9706 4344 -1252 -1030 3625
-15550 9196 4158 -2065 -1180 4236
-15629 8898 4020 -2340 -1631 4095
-15584 8766 3860 -2102 -1799 3469
-15654 8310 3797 -1541 -2027 2729
-15492 8124 3756 -707 -1981 2133
-15510 7941 3844 -48 -2058 1793
-15543 7867 3704 406 -2162 1664
-15769 7620 3600 825 -2498 1786
-15872 7485 3465 989 -2964 2119
-15794 7317 3400 991 -3408 2431
-15570 7382 3453 881 -3769 2627
-15597 7626 3775 218 -4564 2730
-15656 8481 4579 -2244 -6221 2317
-15484 8307 5040 -5333 -9201 1092
-14965 6985 5409 -5358 -11834 115
-14096 6138 5968 -3612 -12921 -88
-13420 5784 6286 -1947 -12974 -30
-12833 5717 6615 -308 -11947 -42
-12773 6077 6433 1971 -8562 -1267
-13940 6289 6037 4122 -5499 -2558
-14872 6497 5468 5434 -4020 -3380
-15296 6468 5137 6142 -2927 -3970
-15766 6602 4849 6205 -1684 -4288
-16474 6705 4704 5884 -1017 -3980
-16606 6974 4497 5158 -315 -3579
-16881 7092 4205 4276 591 -3418
-17293 6908 4401 3381 1121 -2831
-17304 6890 4758 1747 842 -1802
-16820 6640 5790 -363 542 -653
-16993 6577 6784 -2417 -260 634
-16796 6299 7573 -4432 -2374 2153
-16790 6030 7926 -5581 -5323 2670
-16340 5570 7862 -5124 -7669 1700
-15661 5104 7937 -3565 -9318 160
-14798 4838 8044 -1247 -9484 -1794
-14324 4580 7716 1061 -7570 -3998
-15017 4376 7271 4369 -5668 -6328
-16010 4428 6616 7211 -3307 -8740
-16848 4792 6217 8709 -1741 -10193
-17114 5354 6104 8985 -804 -10681
-17100 5784 6274 8171 197 -10920
-17365 6117 6424 6737 1525 -11075
-17994 6085 6488 4822 1783 -10697
-18185 5848 6385 3178 1127 -10173
-18394 5398 6124 1518 673 -9891
-18536 5030 5801 395 -120 -9930
-18354 4744 5644 37 -280 -10237
-18213 4564 5526 89 -234 -10778
-17949 4353 5380 324 451 -11449
-17916 4174 5396 351 1243 -11737
-18022 4324 5365 72 2127 -11994
-18106 4264 5590 -980 3458 -12086
-18073 4318 5770 -2515 4551 -11763
-17960 4320 5712 -3839 4768 -11335
-17954 4018 5694 -4851 4960 -10670
-18045 3707 5714 -6523 4763 -9390
-17987 3886 5808 -8382 3863 -7858
-17430 4114 6045 -9997 2905 -6804
-17041 4290 6100 -10925 2093 -6016
-16604 4126 6128 -11756 1271 -5336
-16204 4038 6238 -12187 603 -4689
-15807 3804 6418 -12474 -243 -3720
-15592 3303 6643 -11967 -1112 -2663
-15616 2652 6764 -10612 -1433 -1987
-15764 2232 6984 -8589 -1298 -1513
-15596 2029 7134 -6553 -822 -1246
-15127 2168 7131 -4786 -759 -1061
-14321 2192 6902 -2805 -401 -1147
-13861 2226 6725 -777 -342 -1155
-13186 2190 6354 1406 -367 -1176
-12757 1928 6005 3708 -197 -1199
-12685 1539 5604 6771 -177 -1058
-12918 1089 5149 9711 -350 -900
-13308 688 4870 11788 -527 -965
-13605 364 4529 13469 -816 -1167
-13710 483 4381 14673 -1058 -1779
-13920 788 4318 14953 -1168 -2663
-14121 1126 4336 14475 -1211 -3609
-14260 1316 4380 13924 -1263 -4389
-14211 1542 4165 13052 -1146 -5284
-14338 1991 4306 11249 -807 -6078
-14322 2159 4313 9163 -455 -6383
-14596 2104 4364 7733 -326 -6179
-14818 2022 4470 7170 -436 -5836
-15276 1693 4516 7063 -652 -5319
-15493 1352 4640 7346 -1053 -4562
-15781 913 4843 7979 -1034 -4004
-16052 464 4914 8834 -1053 -3736
-16217 94 4735 10194 -1178 -3661
-16378 -234 4294 11836 -1139 -3905
-16588 -449 3988 12985 -1038 -4289
-16492 -73 4193 13742 -934 -4657
-16272 491 4916 13624 -327 -5090
-16086 1004 5432 12539 313 -5287
-15937 1157 5444 11333 757 -5332
-15807 1178 5371 10070 821 -5210
-15742 876 5311 9355 632 -5003
-16131 564 5785 9453 -116 -4861
-16326 385 6033 9826 -936 -4815
-16593 84 6173 10059 -1509 -4790
-16715 -184 6200 9960 -1874 -4872
-16785 -214 6221 9766 -2111 -5093
-16585 -37 6508 9371 -2234 -5412
-16202 191 6649 8783 -2245 -5926
-15989 80 6474 8474 -2109 -6644
-15690 17 6089 8554 -2004 -7206
-14744 372 5562 8939 -1511 -7769
-14251 443 5088 9719 -755 -8324
-13704 862 4829 10526 -313 -8660
-13143 1598 4525 10518 388 -8999
-12774 2116 4486 9635 1206 -9204
-12340 2632 4817 7141 2366 -9130
-12461 2984 5979 2846 3629 -8915
-12962 2987 7004 -954 3973 -8952
-13110 2644 7874 -3444 4189 -9122
-13243 2713 8567 -5364 4290 -9222
-13237 2637 9204 -6674 4320 -9457
-13478 2405 9768 -6722 4564 -10183
-14194 2001 9950 -5183 4517 -11095
-14880 1709 10133 -2548 4449 -11906
-15529 1256 10064 383 4155 -12398
-16443 840 9768 3850 3725 -12628
-16736 984 9276 7230 3306 -12667
-16957 1345 8803 9983 3314 -12312
-16468 2644 8583 11977 3463 -11367
-15926 3741 8570 12272 3678 -10271
-15694 4150 8729 11614 3937 -9007
-15610 4686 9003 9757 3970 -6932
-15459 4905 9455 6713 3586 -4512
-15449 4825 9786 4526 3082 -2917
-15366 4600 10065 2891 2664 -1735
-15420 4316 10116 2127 2313 -1060
-15631 3696 10124 1926 1735 -334
-15697 2712 9724 2823 887 440
-15629 2030 9166 4526 623 815
-15637 1370 8711 8128 38 1389
-15124 1200 8120 12413 -25 2098
-15072 1486 7992 14407 334 2517
-15024 1813 7761 15832 793 2947
-15102 1886 7445 16349 1585 3365
-15552 1834 7157 16220 1889 3702
-15834 1644 6856 15740 1834 4040
-15864 1520 6465 14854 1683 4256
-15988 1412 6396 14144 1594 4319
-15604 1844 6143 12984 1385 4411
-14816 2570 6146 11101 1404 4498
-14195 3026 6514 8508 1728 4732
-13646 3175 6984 4809 2543 5360
-13432 2766 7517 2099 3275 6047
-13615 2128 7826 -71 3928 6586
-13805 1405 8556 -2374 4281 7165
-13896 812 9073 -3287 4068 7336
-13840 438 9109 -3211 3802 7096
-13764 192 9204 -2719 3407 6631
-13615 180 9535 -1888 2985 5928
-13509 214 9830 -868 2550 5162
-13625 -12 9933 433 2186 4493
-13712 -340 9606 2362 1802 3836
-13854 -762 9170 4172 1515 3432
-13928 -1099 8478 6631 1089 3043
-13993 -1268 7744 9597 530 2588
-14264 -1520 7266 11585 174 2000
-14556 -1766 6773 13237 -97 1108
-14693 -1508 6232 14159 -323 103
-14435 -485 6114 13629 -178 -1341
-14040 1090 6310 10707 318 -3095
-13945 1973 6338 7370 863 -4441
-13657 3030 6528 4053 1384 -5387
-13381 3665 6793 387 2057 -6102
-13318 3966 7050 -2636 2697 -6437
-13304 4046 6996 -6659 3289 -6145
-13761 3543 7166 -10721 3803 -4948
-14100 3076 7236 -11989 3484 -3977
-14380 2809 7534 -13013 2674 -2738
-14980 2287 7924 -13426 958 -1450
-15171 2009 8525 -13236 -269 -947
-15316 2029 9181 -12850 -1087 -984
-15230 2198 9422 -12487 -1264 -1247
-14979 2052 9404 -11011 -932 -2085
-15020 1360 9037 -8226 -396 -3118