3826 11379 12158 2077 2800 1683
3182 12255 11441 2848 4466 691
2358 13383 10975 2639 5460 -36
1540 13949 10608 1442 5917 -689
849 14526 10559 -684 5581 -525
269 14902 10602 -3118 4144 145
294 14363 10451 -4581 3538 476
169 13506 10433 -4707 3352 694
237 12900 10384 -4427 3674 850
-160 12240 10416 -3711 4464 1384
-975 11959 11018 -1716 5492 2009
-1894 12366 11740 534 6054 2184
-2719 13375 11990 1637 5809 2173
-3523 14462 11752 1010 4992 1811
-4012 14602 11472 -14 4171 1474
-4140 13928 11380 -1310 3194 1239
-3856 12660 11468 -2355 2454 1006
-3269 11686 11372 -2675 2375 821
-2614 10793 11312 -2652 2562 530
-2252 9845 11066 -2564 3223 93
-1661 8876 10743 -2492 4138 -477
-1306 8410 10517 -2884 4856 -1027
-885 7464 10441 -2728 4996 -1325
-1022 7640 10422 -1808 5415 -1387
-1484 7137 10072 -1283 4151 -1173
-1925 6872 9124 -2705 3366 -832
-1770 7196 8370 -4946 3016 -482
-1412 7023 9743 -7137 1599 -1374
-1118 6586 12436 -7343 -1591 -2886
-267 6764 14234 -6086 -3934 -4108
424 7174 14945 -5074 -3656 -4760
858 7862 16580 -5466 913 -4961
841 10046 19093 -8123 7290 -4622
-156 12772 20518 -9710 11847 -5066
-1296 14432 21228 -11017 14595 -6201
-2802 13856 22078 -11974 16313 -6320
-3352 12125 23412 -12591 16370 -5371
-4034 10233 23237 -11034 14302 -4378
-4629 9052 21700 -7228 9957 -2977
-4516 8404 19892 -4101 5835 -2291
-3981 8101 18753 -2047 3410 -2557
-3540 7882 17880 -381 1881 -2881
-2711 7800 16842 1128 760 -3489
-2226 7842 15838 1991 526 -4203
-2047 8056 15213 2292 744 -4610
-2026 8258 14588 2282 1151 -4834
-2085 8478 14149 1679 1742 -4853
-2174 8508 14031 250 2639 -4684
-2192 8328 14078 -670 3290 -4552
-2368 8200 14170 -1199 3798 -4604
-2795 8310 14451 -1408 4145 -4912
-3124 8380 14466 -1445 4242 -5140
-3721 8503 14731 -1579 4192 -5416
-4276 8504 14812 -1579 3989 -5379
-4460 8531 14937 -1816 4032 -5275
-5077 8694 15113 -2434 4136 -4996
-5150 8478 15342 -2771 4386 -4797
-5158 8134 15480 -2538 4795 -4863
-5421 8140 15373 -1642 4685 -5026
-5524 8400 15257 -1264 4046 -5384
-5447 8687 15286 -1257 3352 -5657
-5229 8940 15534 -1692 2865 -5640
-5077 8990 15778 -2075 2620 -5237
-4858 8744 15856 -2032 2625 -4835
-4790 8445 15661 -1478 2956 -4510
-4957 8312 15605 -826 3350 -4162
-5000 8238 15570 -313 3718 -3996
-5062 7978 15802 628 4051 -3776
-5252 7840 16039 2307 4287 -3787
-5765 7890 16397 4767 4229 -3850
-6531 8336 16674 7196 3802 -3683
-6850 8668 16956 8220 3117 -3157
-6854 8505 17285 9883 3247 -2736
-6292 7268 17840 13201 4073 -2553
-6672 7037 17958 17880 4517 -2233
-6964 7349 17081 22180 4885 -1942
-7645 7396 16481 27424 5167 -1912
-9046 9611 16143 31797 5040 -778
-9406 12341 17241 32741 4250 606
-9564 12829 17905 32767 2626 1384
-10042 13224 17650 32767 1020 2112
-10506 13504 16468 32767 -1360 3128
-10073 12698 14798 32767 -3316 4123
-8964 11674 13577 32767 -3761 4801
-8521 11964 11952 32767 -4094 5966
-8365 13267 9863 32767 -4821 6903
-7898 14129 8270 32767 -5105 7183
-7064 14348 6996 32767 -5038 6649
-6453 14425 6098 32767 -5187 6560
-5577 14274 5072 32767 -5093 6361
-5080 14325 4208 32767 -4779 6284
-4733 15174 3782 32767 -4491 6079
-4273 15232 3412 31183 -4086 5401
-4454 15585 2585 27709 -4139 4981
-4341 14894 1745 24453 -4465 4119
-4601 14309 952 22008 -5085 3393
-4609 13926 45 20260 -5465 3102
-4644 13416 -840 19635 -5659 2781
-4939 13664 -1824 18885 -6840 2563
-4837 14033 -3387 17867 -8476 2173
-4833 14329 -4338 16934 -9595 1583
-5001 15061 -4972 15577 -10165 1360
-4830 15264 -5482 14285 -10225 1188
-4428 15186 -5750 13083 -9260 725
-4544 15537 -6199 11520 -7805 -40
-4837 16253 -6498 9881 -6174 -924
-5473 17237 -6753 8234 -5437 -1395
-5484 17086 -7057 6728 -4231 -1942
-6015 17595 -7304 4995 -3230 -2174
-6260 18060 -7585 3219 -2630 -2052
-5994 18426 -7836 1945 -1862 -1952
-6777 19026 -7678 525 -1831 -1411
-6456 19358 -7585 -1053 -1326 -963
-6362 19594 -7317 -2590 -1155 -361
-5870 19513 -7168 -3955 -940 175
-5648 19506 -6728 -5251 -690 456
-5321 19178 -6325 -6466 -512 668
-4916 18336 -5887 -7597 -206 695
-4435 17493 -5237 -8055 268 273
-4256 17352 -4622 -8467 326 -2
-4057 17424 -4180 -9337 95 -248
-4052 17480 -3579 -10889 -253 -496
-4381 18129 -3156 -13882 -1282 -699
-4672 18370 -2738 -17223 -2297 -610
-4828 18850 -2440 -21553 -3429 -394
-6024 19345 -1976 -27572 -5326 -278
-6043 18702 -1719 -32270 -7788 -93
-6276 18270 -996 -32768 -9736 -549
-5817 17450 -653 -32768 -10554 -915
-5332 16154 237 -32768 -10390 -1299
-4585 15682 1408 -32768 -8829 -2178
-3997 15128 2198 -32768 -6541 -2944
-4066 14312 3662 -32768 -4232 -3475
-3950 14012 4422 -32768 -1168 -4254
-3732 12655 6003 -32768 3817 -5684
-3650 11196 6933 -32768 8436 -6879
-3931 9714 7920 -29593 11491 -5969
-6086 11380 10403 -20885 11933 -2104
-7286 12095 12822 -11477 11172 2158
-9716 14433 15344 -615 8939 5401
-9800 15195 15437 5433 5796 6214
-9492 14936 15008 6925 3639 5929
-8042 13986 14709 7172 1609 5382
-6515 13188 14582 6442 336 4668
-5708 12723 14265 5130 -158 3683
-5518 13056 13786 3595 -537 2526
-5729 13440 13190 1540 -988 1362
-5831 13344 12352 -1095 -1517 -117
-5550 12264 11536 -2067 -1587 -1121
-5636 11772 11166 -2182 -1491 -1538
-5640 11418 10916 -2211 -1421 -1897
-5915 11237 10764 -2194 -1020 -2334
-6535 11983 10753 -2957 -373 -2990
-7008 12398 10910 -4320 188 -3602
-7051 12224 10999 -5239 527 -3923
-7162 12468 11042 -5708 641 -4118
-7422 13076 11312 -6381 708 -4210
-7589 13576 11401 -6894 798 -4167
-7582 13708 11496 -6965 938 -4112
-7531 13771 11577 -6700 1143 -3778
-7499 13801 11470 -6033 1529 -3306
-7328 13376 11318 -4573 1978 -2760
-7276 13056 11220 -3209 2281 -2474
-7312 13134 11209 -2093 2463 -2309
-7630 13405 11300 -1177 2286 -1843
-7852 13662 11334 -980 1833 -1512
-7924 13697 11332 -1003 1250 -1177
-7846 13616 11417 -1209 510 -690
-7648 13320 11428 -1482 -105 -178
-7378 13020 11510 -1568 -301 126
-7174 12704 11582 -1383 -287 364
-7042 12539 11595 -1007 46 503
-6856 11995 11390 -466 601 568
-6950 11956 11328 152 953 464
-7006 11876 11381 668 1174 428
-7098 12142 11418 922 1400 414
-7115 12227 11335 879 1385 394
-7025 12234 11343 532 1245 460
-6774 11928 11362 278 1313 390
-6560 10650 11805 712 1800 258
-6732 10332 12241 1683 2547 -325
-7302 10569 12448 1746 2493 -853
-7693 11049 12552 1251 2169 -1275
-8171 11528 12802 15 1395 -1687
-8752 12023 12957 -1720 116 -1943
-8932 12134 12838 -2866 -920 -2084
-9050 12288 12867 -3455 -1666 -2087
-8784 12368 12450 -3502 -2275 -2026
-8410 12112 11895 -2577 -2324 -1920
-8234 12248 11692 -1341 -1946 -1376
-7840 12000 11476 -447 -1498 -1143
-7658 12252 11234 1112 -790 -580
-7345 12228 10782 2932 190 172
-7192 12260 10336 4468 1051 749
-7282 12214 9975 5702 1799 1066
-7121 12348 9828 5889 2238 1118
-7037 12461 9810 5505 2488 1058
-6820 12674 9837 4704 2690 905
-6585 12753 9925 3636 2838 648
-6420 12646 10254 2404 2978 287