-9121 11043 11138 -883 -222 -520
-9137 11004 11145 -832 -108 -546
-9240 11116 11160 -857 -35 -611
-9389 11255 11183 -1042 -36 -640
-9562 11425 11208 -1668 -129 -561
-9646 11440 11244 -2107 -350 -383
-9889 11678 11356 -2673 -943 -112
-10252 12284 11573 -3841 -2627 579
-10316 12340 11716 -4662 -3943 1191
-10018 11997 12234 -5350 -5897 2282
-9357 11262 13174 -4808 -7186 3710
-8415 10267 13633 -2620 -7146 4157
-7208 9062 13372 1894 -5897 3733
-6780 9038 12824 5151 -4711 3042
-6934 9562 12364 6524 -3956 2501
-7278 10348 11998 6872 -3409 2027
-7449 11133 11563 6346 -3078 1657
-7564 11925 11273 5052 -2908 1470
-7336 12219 11198 3427 -2484 1283
-6728 11997 11180 1429 -1613 733
-6555 11545 11182 299 -749 86
-6402 11134 10950 -78 -181 -270
-6481 10619 10956 -434 664 -722
-6752 10550 11282 -744 1484 -1115
-7131 10772 11669 -1340 2113 -1542
-7581 10862 11952 -2394 2547 -1915
-7853 10702 12200 -3027 2574 -2027
-8032 10612 12384 -3205 2505 -2093
-8186 10528 12572 -3432 2307 -2079
-8433 10516 12812 -3506 1862 -2103
-8600 10618 12882 -3520 1561 -2183
-8686 10853 13081 -3693 1128 -2192
-9077 11300 13226 -4711 149 -2069
-9514 11673 13426 -6747 -1259 -1932
-9322 11025 13339 -9147 -3610 -2602
-9104 9030 13090 -10362 -6315 -3773
-8449 6608 13230 -8678 -7553 -4629
-7681 5712 13782 -5774 -7540 -5417
-7268 6349 14006 -2701 -6506 -5975
-7182 8029 13874 -194 -4958 -6191
-7148 9902 13526 332 -3975 -6092
-7238 11551 13086 -551 -3284 -5439
-6798 11967 12751 -2360 -2243 -3952
-6810 10741 12566 -2916 -989 -2207
-7154 9181 12208 -1582 -78 -761
-7608 8526 11948 196 483 -229
-8312 9250 11727 1810 673 -394
-8597 10619 11442 1801 535 -979
-8507 11555 11336 340 673 -1133
-8072 12061 11322 -1385 1286 -959
-7634 12117 11478 -3038 2210 -519
-7354 11777 11786 -4147 3571 204
-7185 11333 12201 -4208 4847 726
-7452 11116 12657 -3935 5720 1134
-7794 10598 13190 -3382 6469 1635
-7932 10216 13472 -2900 6853 1989
-8272 9805 13909 -2249 6936 2457
-8675 9407 14488 -1253 6803 2859
-8800 9242 14820 -673 6255 2987
-8774 9020 14960 -264 5780 2925
-8842 9020 15124 101 4986 2760
-8894 8916 15289 378 3940 2537
-9020 8820 15341 506 2894 2295
-9032 8450 15237 751 1800 2051
-9052 8140 15020 1106 1137 1809
-9131 7728 14228 2080 -208 1517
-8306 7460 12612 3512 -1998 1574
-7094 7302 11518 5012 -2434 1650
-6629 7876 10836 6185 -2234 1462
-6212 9220 10286 6159 -1535 1129
-5989 10241 10418 5121 -507 887
-6030 10588 10578 3630 549 823
-6234 10746 10988 1236 1949 962
-6786 10453 11466 -2176 3929 1162
-7693 9631 11893 -5040 5287 935
-8574 8909 12294 -6936 5843 492
-9500 8547 13107 -8000 5678 -387
-9828 8440 13562 -8537 5160 -1381
-10050 8821 13836 -9090 3903 -2266
-9842 9313 14253 -9522 2180 -2771
-9476 9457 14369 -9486 833 -2778
-9142 9317 14350 -8847 -483 -2516
-8837 8700 14330 -7429 -1418 -1862
-8706 8030 14341 -5470 -1664 -1217
-8713 7601 14417 -3546 -1488 -677
-8610 7197 14434 -1562 -1043 -178
-8730 6800 14068 888 -382 164
-9008 6783 13454 3346 181 478
-8882 7362 12965 4656 416 780
-8561 8007 12566 4968 848 947
-8618 8706 12490 5067 1136 1188
-7944 9536 12221 4573 1578 1448
-7629 9930 11930 3457 2292 1630
-7644 10040 11686 2253 3007 1967
-7970 10258 11906 268 3700 2047
-8529 10015 12264 -2129 4124 1739
-9148 9588 12536 -3750 4177 1298
-9384 9098 12872 -4462 4128 876
-9796 8868 13161 -4913 4034 562
-10257 8300 13557 -5083 3292 355
-10209 7629 14038 -4516 2250 241
-9857 7285 14256 -3383 1523 93
-9633 7214 14432 -2058 868 -22
-9320 7410 14306 -734 196 -64
-9222 7808 14157 365 -530 -61
-9159 8124 13946 989 -1216 110
-8970 8064 13746 1280 -1535 356
-8732 7482 13519 1880 -1426 562
-8768 6779 13013 3490 -821 576
-9057 6783 12231 5235 -302 379
-9216 7322 11636 6412 62 186
-9460 8357 11344 6810 425 18
-9318 9332 10993 6597 719 0
-8963 10186 10547 5842 1179 24
-8982 10920 10442 4280 1748 399
-9144 10942 10722 2803 2170 901
-9063 10243 10989 1364 2974 1418
-8836 9201 11078 655 3939 1506
-8573 8648 10632 753 4445 1016
-8944 8886 10399 352 4354 405
-9421 9520 10571 -1266 3415 -379
-9778 10314 11091 -4251 2360 -1313
-9764 10789 11828 -7724 1666 -2023
-9560 10569 12570 -10763 1383 -2526
-9344 9834 13136 -12775 1336 -2810
-9276 8617 13864 -13876 1494 -3242
-9424 7210 14310 -13013 1464 -3675
-9700 6366 14560 -10963 1267 -3891
-10234 6102 14918 -8516 770 -3799
-10622 6026 15288 -6375 184 -3548
-11061 6043 15508 -3472 -695 -3001
-11458 6052 15713 -404 -1674 -2209
-11537 6182 15604 1619 -2278 -1579
-11536 6222 15462 3425 -2704 -901
-11586 6436 15109 4927 -3050 -368
-11652 6793 14480 6260 -3470 171
-11477 7094 13280 7473 -4054 731
-10882 7215 11940 8564 -4582 1206
-10173 7809 10907 9596 -4462 1437
-9815 8645 10353 9689 -3938 1472
-9474 9206 10085 8473 -3069 1595
-8966 9156 10300 6275 -1670 1829
-8552 9011 10511 4265 -213 1685
-8158 8831 10614 2699 820 1181
-8054 8942 10757 1270 1316 556
-7900 9137 11210 -147 1516 -42
-7808 9320 11682 -1790 1733 -709
-7957 9404 12202 -3408 1805 -1427
-8121 9109 12754 -5064 1715 -2392
-8663 8960 13113 -6417 1088 -3298
-8774 8696 13388 -7045 399 -3720
-8559 8396 13792 -7275 -309 -3970
-8042 7870 14112 -6829 -607 -4025
-7283 7265 14408 -5666 -303 -4008
-5504 5354 14873 -2989 975 -3960
-3836 3455 15028 2190 3797 -4317
-3933 3697 14586 7711 6519 -5335
-4885 5388 13769 10482 7821 -6417
-6404 7584 12804 10745 7932 -6970
-7592 9622 11802 8988 6841 -7157
-8494 10856 11100 6716 5515 -7225
-10079 12082 10665 769 2459 -6968
-11497 11587 11059 -6863 -405 -6562
-11890 10654 11694 -10716 -2552 -6775
-12281 9996 12200 -13068 -3550 -7040
-12590 9668 12702 -14565 -3663 -7103
-13057 9054 13209 -15667 -3122 -6991
-13391 6985 13885 -14700 -2162 -6076
-12998 4704 13982 -10121 -1433 -4576
-12873 3557 13427 -3715 -1275 -2813
-12820 3534 12734 1609 -1511 -1293
-12828 3736 12420 4323 -1643 -463
-12627 4152 12154 6655 -1888 506
-11973 4536 11704 8689 -1700 1735
-11708 5177 11573 8349 -1739 2568
-11476 5730 11612 6709 -1536 2656
-11410 5988 11852 5043 -1355 2539
-11235 6110 11976 2560 -1007 2228
-10414 5611 11699 138 -502 1750
-9948 5404 11400 -816 28 1489
-9498 5568 11358 -1180 564 1303
-9040 6324 11384 -1478 1252 1029
-8839 7888 11703 -2273 2261 690
-8905 9007 12288 -4022 3350 550
-8886 8638 12888 -5371 4157 681
-8742 7575 13418 -5812 5177 935
-8712 6410 13988 -5076 6246 1082
-9214 6056 14516 -3784 6668 964
-9798 6115 15193 -2579 6444 705
-9813 5817 15581 -1350 5798 368
-10033 5616 15573 -50 5025 -111
-10786 6035 15434 896 3496 -505
-11391 6459 15136 1319 1172 -859
-11712 6567 14238 1277 -1495 -1074
-11429 5614 13305 1651 -3627 -1029
-11514 5087 12714 2578 -4934 -931
-11786 5296 12477 3272 -5279 -958
-12017 6141 12301 3341 -5358 -867
-12060 6513 12225 2809 -5349 -711
-11873 6377 12089 2116 -5028 -275