950 14600 11205 -1979 -24 24078
774 12212 10008 -1415 -673 24632
681 10266 8593 -667 -1757 25094
916 8566 7682 254 -2865 25399
1624 6853 7502 757 -3377 25759
2176 5470 7728 880 -3051 26071
2756 4046 8210 -43 -3024 25915
3413 2832 8312 -715 -2118 25346
3289 1693 7928 -965 -662 24194
3021 1013 7458 -204 1628 22263
3597 -729 7918 -192 3390 21029
4778 -1682 8517 180 6416 19552
5093 -2198 8545 642 9448 17616
4793 -2080 8504 334 10854 15561
4929 -2130 8269 -394 11783 13211
5408 -2772 9021 -1102 12794 10953
7096 -3976 10728 -1530 13508 9387
7973 -4310 12098 -1891 14148 7847
8292 -4461 13950 -2632 13976 6968
9297 -5120 15792 -3380 13675 6318
9273 -5349 16221 -2481 14640 4857
8472 -4412 16792 -507 15674 3022
8193 -3364 18682 -160 14640 977
8649 -3644 20654 816 13676 -990
9032 -4257 22564 1836 12691 -3343
8936 -4469 23700 4053 12151 -4993
8129 -4137 24137 6192 11771 -6408
7176 -3842 23916 8333 11092 -7729
6174 -3289 23030 11082 10404 -9223
4973 -2642 21238 14881 10305 -10549
3705 -1505 19593 18725 10332 -11566
2020 48 17636 22226 10203 -12529
165 1652 15185 25196 9887 -13215
-1092 3697 12922 27042 8904 -13720
-1262 5481 11225 26994 8588 -14089
-1882 6916 10045 25165 8353 -14164
-2440 8056 9856 21650 8441 -13769
-2480 8636 9760 17303 8745 -12649
-2912 8808 9344 12638 9025 -11555
-3109 8581 8772 8342 9339 -10396
-3109 8464 7894 4841 9563 -9596
-3121 8705 7105 1626 9732 -9175
-4064 9420 6326 -1256 8841 -9218
-4784 10298 6028 -6529 7107 -9227
-6057 13822 4950 -17702 6361 -8438
-9380 16580 4334 -30585 4338 -5592
-7334 12408 4360 -32768 1473 -3604
-3584 9486 5101 -32768 2511 -2863
-1628 7533 6533 -32768 2592 -3256
1227 5966 9750 -32724 2110 -3315
5506 5505 12050 -26549 6948 -4363
5158 5275 13042 -17200 15754 -7539
6832 4113 15693 -8222 19399 -8219
4474 6494 16368 -3982 22740 -11028
4158 7323 17103 -56 24183 -12871
2048 8396 17960 2145 25748 -13790
-1105 10480 19583 2291 27474 -14095
-3888 13118 22433 69 25549 -12967
-6089 14484 24376 -1838 20316 -11130
-6322 13888 25088 -3378 15878 -9922
-6797 13188 25412 -3905 12788 -8693
-6882 12078 25048 -3151 10355 -7894
-6596 11154 24390 -1809 8510 -7136
-6276 10786 23904 135 7784 -6610
-6569 10676 23737 1821 7653 -6133
-6817 10477 23312 3538 7893 -5672
-7364 10814 22332 4508 7607 -4984
-8038 11449 21218 4374 6737 -3988
-8426 11242 20656 3915 5619 -2956
-8753 11092 20093 3647 4534 -2212
-9437 10860 19457 3803 3276 -1629
-9328 10050 18473 4232 1856 -1052
-9060 9289 17412 5160 552 -662
-8785 8592 16196 6483 -684 -273
-8465 7970 15102 7871 -1471 139
-8482 7741 14386 9065 -1840 506
-8529 7446 13949 9996 -2042 807
-8594 7557 13233 10519 -2087 1044
-9005 7600 12942 10506 -2245 1205
-9004 7838 12392 10166 -2399 1063
-8194 7869 12413 9907 -2495 857
-7205 8241 12054 9652 -1930 300
-6594 8921 12013 9164 -1399 -126
-6133 9565 12066 8251 -652 -281
-5756 10178 12212 7039 193 -332
-5720 10704 12662 5462 949 -259
-5697 11010 13121 3620 1866 -204
-5802 10985 13792 1619 2821 -94
-6066 11069 14224 -346 3650 150
-6238 10936 14876 -1982 4419 237
-6884 11154 15521 -3326 5128 98
-7682 11270 15909 -4622 5343 0
-8013 10966 16146 -5619 5423 -86
-8461 10625 16296 -6183 5576 35
-8889 10282 16397 -6413 5442 408
-9065 9938 16543 -6527 5175 1129
-9400 9877 16634 -6391 4637 1717
-9564 9698 16430 -6181 3709 2109
-9467 9336 16228 -6030 2674 2520
-9213 8973 16193 -5984 2131 2847
-8994 8732 16238 -6050 1774 3103
-8729 8456 16169 -6095 1575 3174
-8624 8037 16004 -5987 1571 3117
-8477 7463 15875 -5523 1611 2909
-8201 6894 15421 -4705 1664 2675
-8154 6540 14863 -3563 1512 2465
-8165 6400 14207 -2171 1126 2302
-7921 6325 13729 -1023 804 2191
-7843 6416 13318 -56 480 2126
-7679 6604 12946 673 -25 1984
-7492 6576 12688 1029 -192 1844
-7285 6516 12710 1412 -195 1489
-7086 6565 12733 2099 104 871
-6741 6607 12681 2741 854 366
-6806 6946 12688 2933 1555 161
-7017 7280 12770 2779 2032 28
-6953 7496 13114 2493 2463 -39
-7142 7784 13492 2057 2916 -109
-7537 7958 13782 1556 3161 -179
-7944 8136 14002 951 3113 -217
-8219 8247 14255 252 2800 -248
-8215 8116 14398 -228 2372 -249
-8250 8237 14685 -347 2047 -210
-8444 8385 14817 -439 1847 -197
-8540 8609 15126 -610 1780 -194
-8616 8624 15269 -841 1768 -48
-8530 8432 15352 -1006 1840 85
-8612 8446 15252 -1179 1773 332
-9524 9620 15683 -3463 649 927
-10540 12506 15839 -12281 -1646 2967
-11006 11997 14856 -21453 -2228 5359
-10168 9068 13949 -24809 -775 6130
-9104 6096 13578 -23298 2706 5385
-7613 3567 12764 -17767 8164 3864
-7274 2346 12164 -13050 12006 3299
-7466 2130 12227 -8348 14380 3284
-7651 2800 12324 -2790 15447 3477
-8148 4004 12636 1017 14982 3367
-8641 4760 12873 2616 14225 3213
-8954 5218 12992 3263 13550 2944
-9341 5510 13031 3483 11870 2659
-9716 5686 12817 3686 9446 2800
-9626 5888 12637 3389 6868 2689
-9457 6038 12480 2561 3996 2769
-9312 6100 12500 1894 2297 2697
-8881 5643 12679 1491 2067 2486
-8266 4962 12788 1907 2553 2215
-8212 4741 12728 2683 3306 1743
-8248 4738 12732 3458 4074 1422
-8205 4656 12618 4243 4881 1217
-8276 4632 12440 4994 5433 1032
-8343 4772 12487 6075 6002 737
-8554 5184 12380 6912 6275 481
-9133 5803 12384 7305 6056 75
-9973 6792 12414 7071 5326 -375
-10321 7461 12370 6395 4444 -797
-10490 7948 12217 5486 3581 -1237
-10648 8274 11973 4515 2756 -1536
-10829 8584 11704 3659 1988 -1739
-10776 8668 11604 3112 1533 -1754
-10964 8842 11293 2505 906 -1491
-11134 8956 11074 2085 327 -1054
-11160 8725 11105 2084 88 -617
-11310 8653 11006 2425 9 -163
-11438 8556 10776 3109 51 160
-11570 8548 10512 3818 96 396
-11554 8481 10120 4491 169 528
-11496 8457 9762 5174 318 579
-11554 8610 9348 5779 410 708
-11596 8840 9093 6266 523 785
-11609 9062 8964 6609 706 893
-11813 9608 8796 6462 744 1076
-11658 9730 8625 5850 762 1345
-11426 9744 8520 5228 931 1480
-11565 10116 8258 4342 1273 1381
-12149 11569 7882 1743 1633 1314
-12310 12824 7124 -2892 1898 1112
-12526 13050 6469 -9071 1710 792
-11898 11424 6316 -14140 1799 456
-11477 10010 6998 -15307 1772 535
-11402 9182 7681 -14666 1948 884
-11849 8542 8378 -12915 1981 1404
-11926 7630 9038 -10011 2824 1758
-12316 7433 9682 -7001 3666 2000
-12668 6996 10277 -3973 4354 2411
-13048 6956 11108 539 5694 2779
-13778 7776 11680 3006 6653 3088
-14126 8252 12129 3421 6978 3151
-14434 8783 12470 2961 6714 3154
-14584 8942 12662 1729 5940 3129
-14356 8706 12569 437 4777 3074
-13979 8267 12547 -494 3208 2978
-13358 7673 12405 -826 1788 2879
-12906 7218 12234 -746 1026 2770
-12524 6917 12021 -404 581 2628
-12130 6690 11706 358 269 2331
-12019 6702 11407 1272 256 1946
-12138 7013 11276 1890 304 1691
-12180 7178 11230 2283 402 1372
-12417 7637 11174 2476 551 1001