-10770 5872 12106 1427 23 1646
-10799 5856 12184 985 8 1355
-10800 5840 12224 679 -20 1124
-10664 5666 12343 409 31 896
-10690 5723 12354 134 86 453
-10638 5841 12350 -66 41 147
-10632 6000 12356 -168 -6 -102
-10795 6330 12275 -406 -161 -320
-10876 6756 12211 -851 -402 -457
-10736 6798 12112 -1107 -532 -417
-10733 6880 12021 -1132 -550 -242
-10578 6674 12046 -1000 -473 -15
-10489 6528 12096 -631 -211 194
-10600 6596 12182 -365 0 344
-10555 6457 12296 -31 357 566
-10544 6284 12323 386 820 752
-10706 6362 12294 542 1007 808
-10618 6255 12454 560 1084 877
-10569 6290 12456 638 1155 809
-10645 6390 12478 535 1097 742
-10604 6409 12441 311 957 626
-10640 6519 12414 -8 753 478
-10562 6516 12456 -354 582 287
-10608 6507 12342 -629 450 127
-10653 6460 12385 -904 322 -34
-10623 6364 12494 -952 359 -114
-10610 6324 12410 -835 551 -98
-10533 6208 12497 -554 831 -50
-10439 6214 12385 -98 1189 29
-10385 6330 12190 344 1451 154
-10404 6532 11934 632 1533 230
-10259 6657 11500 1055 1469 249
-10705 6507 10334 1982 1049 324
-11308 6256 9500 2872 528 432
-12081 6914 9183 3166 -43 457
-12176 7829 9276 1854 -239 474
-11109 8052 9637 -100 508 567
-10322 8010 9956 -1581 1396 679
-10200 7974 10597 -3187 2454 700
-10384 7694 11693 -5132 3649 423
-10522 6814 12973 -6909 5013 58
-10770 5570 14028 -7722 6024 -312
-11164 4432 14855 -7189 6296 -463
-11497 3821 15444 -5838 5867 -692
-11812 3772 15482 -4733 5160 -860
-12104 3888 15523 -3083 3618 -1002
-12253 4485 14966 -1408 1180 -1032
-12132 4876 14356 -544 -882 -1031
-11958 5259 13601 295 -2686 -671
-11576 5751 12743 1124 -4322 -381
-11205 6182 12115 1506 -4696 -209
-10894 6189 11797 1527 -4256 -124
-10682 6305 11404 1568 -3327 -40
-10657 6458 11046 1477 -2315 -25
-10862 6804 10876 1130 -1625 -38
-11008 7158 10943 248 -780 -76
-11152 7328 11006 -792 5 -105
-11194 7228 11253 -1500 511 -143
-11175 7121 11360 -2070 1041 -80
-11214 6886 11430 -2273 1385 39
-11206 6514 11509 -2117 1564 184
-11277 6083 11478 -1484 1753 374
-11588 6169 11524 -1023 1700 538
-11774 6197 11441 -844 1519 576
-11741 6193 11445 -765 1358 647
-11359 6182 11240 -693 1310 677
-10658 6073 11181 -493 1597 654
-10459 6218 11215 -267 2154 471
-10604 6388 11434 -309 2682 204
-10842 6448 11657 -584 3004 -100
-11290 6517 12052 -1298 3083 -402
-12101 6677 12512 -2462 2674 -394
-12506 5976 12754 -2999 2067 -307
-12550 5074 13102 -3013 1483 -14
-12616 4608 13196 -2574 1156 230
-12514 4113 13240 -1717 932 615
-12400 3872 13204 -419 803 1007
-12212 3911 13203 696 767 1294
-12040 4050 13058 1894 779 1569
-11702 4105 12834 2856 794 1784
-11504 4316 12304 3686 728 1943
-11546 4652 11931 4237 509 2107
-11335 4919 11664 4518 232 2171
-11238 5385 11485 4282 -40 2088
-11196 5748 11484 3691 -164 2018
-10973 5893 11328 2850 -186 1705
-10771 6106 11247 1504 31 1098
-10628 6059 11112 590 216 483
-10957 6247 11118 20 205 -5
-11178 6434 11202 -480 97 -342
-11528 6693 11333 -1010 -82 -679
-11940 7008 11457 -1781 -390 -1022
-12193 7157 11636 -2455 -734 -1122
-12376 6982 11876 -2890 -946 -1166
-12054 6580 11954 -2767 -998 -1087
-12085 6478 11936 -2213 -971 -974
-12098 6594 11834 -1722 -961 -786
-11929 6865 11776 -1050 -854 -505
-11674 6986 11744 -188 -562 -36
-11645 7103 11682 505 -201 532
-11372 7098 11562 1229 178 959
-11302 7166 11450 1788 424 1327
-11296 7226 11318 2172 570 1726
-11246 7013 11448 2505 690 2092
-11158 6804 11538 2787 876 2283
-11126 6760 11665 2986 1082 2369
-10959 6680 11679 3084 1364 2215
-10822 6750 11703 3038 1739 1849
-10864 6902 11634 2666 1954 1563
-10924 7260 11636 2048 2028 1286
-10972 7572 11618 1136 1924 1052
-10801 7602 11538 288 1664 763
-10652 7434 11448 -308 1322 539
-10451 7261 11272 -685 912 287
-10673 7312 11260 -859 589 44
-10752 7314 11288 -1012 478 -105
-11148 7476 11419 -1351 516 -316
-11321 7492 11478 -1883 638 -505
-11389 7480 11506 -2183 871 -597
-11465 7410 11556 -2345 1082 -622
-11546 7308 11558 -2303 1227 -600
-11507 7226 11494 -2053 1304 -494
-11619 7184 11552 -1580 1307 -280
-11701 7130 11501 -1092 1241 -41
-11872 7157 11500 -787 1060 199
-11985 7125 11536 -496 895 457
-12224 6999 11577 -162 706 636
-12766 7076 11420 183 413 852
-14198 7874 11012 483 -248 1291
-15093 8734 11010 540 -1043 2104
-15004 8793 11145 659 -1225 2864
-14482 8414 11468 1045 -1016 3793
-13206 7494 11499 2766 -101 4927
-12245 7447 11408 5903 1541 6143
-11717 7821 11406 8417 3092 7066
-11125 7757 11188 10508 4471 7672
-11038 8127 11042 12284 5796 8303
-10928 8578 10898 13432 6684 8861
-10736 9012 10702 13603 6639 9121
-10536 9347 10633 13046 6117 8969
-10413 9403 10821 11411 5141 8417
-10313 9074 11234 9630 4258 7466
-10056 8512 11498 8621 3930 6545
-9911 8308 11488 7975 3632 5466
-9858 8596 10979 7877 3356 3993
-10026 9464 10396 7922 2927 2892
-10104 10137 9906 7526 2455 2386
-10288 10461 9494 6978 1900 2047
-10608 10845 9072 6427 1193 1861
-10705 10872 8685 5832 407 1737
-10918 11105 8217 5003 -733 1444
-11122 11499 7789 3890 -2001 894
-11230 12729 7329 2062 -3136 -25
-11388 13522 7085 -332 -3990 -988
-11393 13858 7041 -2104 -4213 -1632
-11138 13746 6946 -3141 -3958 -2091
-11085 13803 6857 -3767 -3459 -2567
-11161 14000 6808 -3946 -2332 -2648
-11596 14348 7237 -3535 -1520 -2148
-12196 14868 7388 -3544 -1206 -1510
-13115 15314 7588 -4306 -1163 -529
-13657 15189 8128 -5484 -1345 915
-13160 14080 8656 -5831 -1190 2092
-11605 11869 9596 -4583 109 3810
-10476 11017 10134 -1108 2556 5573
-10340 11666 9851 1593 4198 6620
-10282 11711 9301 2888 4544 7128
-10117 11134 8848 3681 4170 7499
-9756 10685 9186 4275 3521 7464
-8924 10036 9428 4579 2893 6903
-8882 9390 9311 4991 2091 5765
-9454 9304 8738 5185 891 4425
-9908 9928 8336 4171 -1192 2725
-9781 10496 8228 1278 -3354 427
-9064 10607 8650 -1645 -3891 -1205
-8460 9846 9003 -3119 -3020 -2276
-8538 9752 9052 -3322 -2244 -2922
-8640 9880 9000 -3226 -1880 -3295
-9244 10934 8729 -3375 -1484 -4574
-9862 12428 8303 -4394 -1981 -5853
-10396 13896 8183 -5799 -2738 -6401
-10905 15226 8378 -7859 -3564 -6857
-11165 15130 8550 -9595 -4081 -7171
-11314 14760 8870 -10812 -4321 -7182
-11292 14213 9105 -11378 -4238 -7027
-10905 13044 9376 -10902 -3921 -6273
-10473 11810 9808 -9100 -3203 -5163
-10390 11582 10120 -7473 -2459 -4439
-10190 12036 10521 -5306 -1555 -3604
-9302 12734 10428 -3008 -410 -2803
-9168 13114 9824 -1690 308 -1866
-9678 13402 9540 -1219 566 -1057
-10253 13473 9522 -1461 558 -641
-10844 13317 9492 -1940 430 -354
-11366 12729 9544 -2502 292 -17
-11652 11933 9604 -2920 312 297
-11696 10639 9828 -2905 572 907
-10895 9007 10517 -1209 1942 1671
-10883 9367 10869 522 3428 2068
-11353 9785 10820 1038 3784 2160