-6755 6202 15460 4377 932 911
-6738 6000 15475 5612 -570 2096
-6766 5782 15796 7220 -1656 3065
-7259 5953 16153 9811 -3090 3819
-7914 6248 16610 12527 -5351 3438
-8295 7074 16770 13790 -7979 2329
-8086 8086 16586 13426 -11520 475
-7064 8992 16058 11220 -13657 -779
-6288 8972 15640 9790 -14673 -1236
-4965 8180 14755 8050 -15311 -1464
-3694 7341 13897 6738 -15143 -1597
-2946 7065 13777 6622 -14587 -2078
-2453 6885 13529 7249 -13213 -2615
-2070 7342 13529 7866 -11160 -3450
-1824 7992 13630 8105 -8001 -4370
-1764 8885 13450 7188 -4018 -4837
-2276 9449 13136 5734 -1769 -5025
-2728 9694 13096 4274 -357 -5161
-3270 9950 13064 3043 580 -5065
-3650 10080 13272 2273 972 -4860
-3826 10260 13322 1678 1202 -4792
-4171 10498 13594 723 1466 -4638
-4357 10594 13911 -501 1897 -3949
-4495 10486 14215 -990 2379 -3041
-4720 10586 14614 -745 2676 -2504
-4720 10660 14604 -621 2929 -2261
-4948 10778 14978 -218 3307 -1898
-5286 10925 15070 365 3694 -1394
-5752 10885 15056 763 3624 -817
-6207 10830 14957 1066 3024 -227
-6294 10740 14909 1128 2277 182
-6163 10484 14704 1173 1501 451
-5544 9826 14283 1647 1149 663
-5204 9540 13970 2158 1288 652
-5094 9380 13757 2496 1549 584
-5132 9320 13605 2637 1761 518
-5168 9434 13509 2577 1876 477
-5213 9551 13583 2201 1957 423
-5337 9702 13724 1650 2038 331
-5195 9595 13878 1145 2175 246
-5145 9558 13924 806 2382 219
-5169 9612 14006 629 2494 206
-5305 9534 13978 612 2550 312
-5633 9590 13996 884 2263 605
-5937 9576 14065 1356 1643 1424
-5842 9828 13961 2242 2019 2453
-5896 10850 13914 2675 2960 3310
-6548 11274 14418 3091 2992 4282
-6653 11888 14249 3163 2378 4938
-6688 12690 14220 3099 1394 4891
-6478 12640 14290 3036 -796 3861
-5869 12008 13661 3405 -2191 2906
-5182 11353 13500 3859 -3299 2213
-4738 11416 13514 4078 -4186 1957
-4361 11629 13740 4043 -4401 2148
-4038 11780 13900 3689 -4066 2560
-3962 11933 13756 3207 -3097 2596
-3970 11886 13840 2672 -2325 2229
-3913 11548 13732 2413 -1776 1981
-3897 11200 13584 2462 -1537 1784
-4005 11058 13444 2458 -1355 1752
-3948 11080 13361 2418 -1377 1723
-3761 11236 13274 2210 -1374 1627
-3520 11304 13282 1969 -1392 1513
-3140 11488 13318 1618 -1197 1247
-3006 11505 13424 1170 -779 830
-3013 11495 13472 831 -213 342
-3276 11362 13497 316 321 -113
-3502 11344 13528 -61 723 -581
-3694 11318 13641 -80 866 -844
-3888 11604 13718 32 936 -969
-4217 12005 13770 209 868 -1176
-4505 12430 13872 490 861 -1263
-4977 12948 13826 701 1145 -973
-5593 13312 13628 160 1698 -281
-6044 13232 13509 -942 1168 463
-5762 12236 13273 -1989 734 1114
-5424 11452 13308 -2408 575 1585
-4944 11099 13410 -2151 14 1370
-4306 10793 13355 -692 -51 942
-4061 11018 13140 435 194 392
-4002 11225 13210 1027 294 12
-3857 11662 13082 1356 481 -189
-3849 12352 13059 1299 815 -292
-3656 12794 12966 929 1102 -227
-3602 13181 12974 414 1329 -5
-3561 13226 12897 -19 1116 299
-3554 13070 13158 -577 431 494
-3280 12623 13213 -831 -534 512
-3061 12284 13393 -356 -1086 329
-3140 12204 13304 587 -1053 6
-3314 12329 13191 1595 -809 -238
-3514 12402 13148 1982 -626 -193
-3606 12613 12982 1949 -492 -71
-3891 12743 12767 1734 -246 55
-3974 12533 12613 1473 -105 323
-3764 12482 12468 1377 -71 386
-3815 12262 12349 1458 18 429
-3851 12217 12227 1522 152 389
-3965 12241 12124 1567 321 372
-3994 12283 12108 1668 801 406
-4125 12193 12114 2023 1262 570
-4404 12143 12144 2390 1389 841
-4593 12696 12480 2428 980 848
-4559 12777 12812 2509 830 842
-4529 12776 12882 2437 905 1051
-4664 12923 12755 2006 1096 1192
-4670 12926 12704 1522 1253 1245
-4523 12825 12486 947 1243 1299
-4390 12718 12478 529 1032 1182
-4262 12590 12518 443 947 1036
-4153 12520 12514 450 890 842
-4084 12540 12472 455 733 682
-4184 12669 12494 531 598 444
-4161 12839 12366 547 440 212
-4086 12996 12226 333 445 111
-3988 13129 12190 102 401 65
-3788 13080 12073 -214 551 -9
-3576 12988 12029 -522 627 -70
-3122 12769 12018 -826 897 -172
-1816 11645 12006 -686 1627 -379
-368 10395 12145 1316 3409 -1249
360 9467 12453 5213 5592 -3215
-257 10020 12129 8886 7063 -5226
-1440 11381 11713 10980 8625 -7065
-2538 12726 11232 11369 9417 -8330
-3709 14340 10661 9534 10324 -10113
-5084 15168 9700 6252 10771 -11098
-6695 15616 9280 2962 9946 -10461
-8362 16089 9515 -1177 7666 -8451
-8887 16358 10458 -4515 4560 -5866
-8638 15750 11406 -6021 2048 -3605
-8144 14817 11758 -5104 1494 -2242
-8171 14309 11893 -3687 1832 -1485
-8184 13946 11868 -2501 2260 -717
-7983 13246 11931 -1445 2985 82
-8050 12910 11981 -364 3647 928
-8324 12907 11883 189 3709 1631
-8769 13101 11672 71 3344 2388
-8881 12791 11532 -1118 2374 2944
-8338 11754 11256 -2288 1768 3061
-7798 11174 11116 -2626 1663 2915
-7210 11016 11176 -2727 1664 2537
-6680 11271 11181 -3001 1905 1871
-6284 11722 11188 -3557 2146 1125
-6128 12248 11344 -4151 2061 587
-6184 12718 11241 -4860 2032 190
-6306 13136 11348 -5686 1630 -241
-6428 13045 11493 -5763 1311 -503
-6416 12848 11636 -5026 1219 -551
-6456 12668 11740 -4177 1178 -538
-6574 12599 11792 -3023 1267 -522
-6910 12692 11988 -1939 1350 -471
-6992 12824 12020 -1025 1369 -521
-7192 13086 12109 -416 1387 -667
-7421 13192 11912 -210 1355 -973
-7556 12992 11704 38 1506 -1378
-7683 12829 11399 220 1847 -1827
-7772 12598 10937 428 2534 -2551
-7561 11745 10497 705 3286 -3192
-7362 10864 10236 1099 4741 -3602
-7780 11100 10078 643 5392 -3294
-8429 11720 10067 -620 4844 -2435
-9405 11728 9928 -1796 4202 -1685
-10140 11274 9985 -2445 3104 -1404
-10481 10760 10109 -2717 2045 -1250
-10228 10402 10462 -2533 561 -1701
-9584 10592 10692 -2351 -302 -2365
-9056 10903 10776 -2724 -552 -2741
-8822 11272 10916 -3430 -390 -2798
-8607 11743 11328 -4554 216 -2478
-8565 12301 11910 -5667 990 -1952
-8354 12022 12322 -5962 1604 -1601
-8218 11816 12446 -5681 2060 -1330
-8307 11898 12546 -5001 2428 -961
-8240 11962 12649 -4034 2566 -431
-7807 12046 12852 -2574 2610 298
-7417 12174 12876 -956 2636 851
-7361 12379 12698 194 2439 1104
-7516 12500 12512 779 2157 1202
-7508 12434 12412 1309 1755 1307
-7510 12509 12309 1876 1313 1260
-7796 12917 12137 1770 843 1211
-8017 13084 11912 1435 291 1131
-8229 13174 11797 989 -85 1106
-8431 12937 11580 439 -369 1202
-8001 12224 11265 374 -242 1401
-7934 11364 11010 1028 346 1560
-8256 11409 10814 1433 814 1668
-8364 11636 10886 1459 888 1661
-8372 11635 10769 1191 1378 1519
-8587 11653 10664 342 1841 1489
-8852 11128 10462 -641 2149 1424
-9099 10667 10459 -1579 2153 1257
-9288 10255 10519 -2225 1963 1151
-9088 9928 10594 -2479 1995 1087
-8968 9852 10733 -2621 2020 1027
-8841 9777 10852 -2684 2152 887
-8936 9939 11056 -2871 2198 683
-9144 10199 11246 -3244 2141 150