-10089 12860 10434 -792 523 -1681
-10283 13020 10277 -536 474 -1277
-10396 13220 10154 -423 404 -973
-10084 13100 10072 -291 384 -602
-9725 12982 9860 77 483 -249
-9487 13016 9648 450 594 18
-9276 13030 9558 774 891 374
-9282 12877 9681 415 1343 673
-9011 12595 9924 86 1854 713
-8981 12477 9997 -172 2026 568
-8992 12482 9945 -506 2017 407
-9142 12524 10044 -854 1891 216
-9449 12465 10042 -1437 1588 39
-9784 12269 10176 -2099 1286 -78
-9899 11770 10347 -2463 1075 -160
-10174 11468 10397 -2489 951 -171
-10300 11128 10521 -2242 892 -109
-10372 10918 10648 -1808 893 -60
-10463 10871 10726 -1350 874 37
-10495 10691 10791 -876 858 151
-10474 10572 10767 -418 723 250
-10398 10376 10688 11 511 274
-10342 10455 10586 307 293 208
-10308 10670 10522 294 21 71
-10229 10809 10434 24 -159 -38
-10081 10876 10388 -288 -297 -157
-9913 10868 10419 -670 -345 -319
-9980 10946 10635 -1074 -329 -495
-10066 10906 10682 -1277 -322 -644
-10238 10942 10787 -1302 -393 -665
-10304 11082 10965 -1224 -563 -531
-10350 11053 10952 -856 -745 -328
-10280 11104 10897 -418 -930 -127
-9945 10968 10688 196 -1003 120
-9531 11239 10448 1043 -984 374
-9126 11397 10076 1628 -839 553
-8990 11602 9806 1884 -629 578
-8793 11854 9633 1769 -420 532
-8576 12270 9450 1282 -86 455
-8500 12550 9310 607 185 361
-8466 12659 9414 -482 613 262
-8638 12968 9532 -1924 1131 94
-8785 13781 9597 -3560 1393 -42
-8728 14284 9540 -5006 1426 -156
-9048 14449 9396 -7303 880 -227
-10612 15268 9357 -12006 -1871 232
-11212 15151 9317 -17910 -4608 909
-9936 11810 9601 -21061 -5692 1146
-8800 8667 10275 -20136 -4905 837
-8505 7293 10886 -17130 -3636 60
-8954 6990 11301 -13822 -2216 -268
-9281 7202 11686 -10938 -551 -302
-9638 7582 12122 -8766 1165 -135
-9809 7841 12377 -7161 2526 542
-9637 7366 12638 -5373 3824 1187
-9957 7402 12976 -3529 4705 1796
-10204 7200 13096 -1860 4985 2158
-10397 7033 13188 -497 4792 2164
-10484 6832 13280 998 4243 2067
-10181 6502 13212 2375 3468 1956
-10218 6709 13132 3270 2814 1544
-10350 7018 13078 3813 2267 1074
-10600 7412 12988 3867 1753 567
-10611 7688 12824 3440 1148 14
-10455 7823 12720 3042 869 -503
-10358 8289 12626 2776 814 -771
-10346 8816 12574 2520 789 -922
-10189 9364 12294 2277 761 -980
-9785 9610 12028 2145 684 -873
-9405 9949 11706 2269 803 -625
-9235 10451 11276 2416 863 -96
-9157 9933 10525 3083 917 749
-9126 9252 10164 4215 1431 1671
-9433 9193 10173 5508 1833 2269
-9762 9589 10234 6168 2118 2471
-10226 10105 10346 5958 2200 2537
-10424 10561 10426 4741 2293 2528
-10368 10133 10804 2943 2561 2285
-10253 9588 11356 1264 3065 1787
-10342 9516 11804 85 3298 1129
-10405 9593 12196 -822 3287 363
-10504 9928 12376 -1515 3034 -394
-10682 10306 12468 -2397 2194 -1454
-10787 10771 12338 -3470 579 -2385
-10593 10978 12184 -4076 -701 -2694
-10422 10608 12169 -3990 -1769 -2743
-10242 10200 12118 -3322 -2596 -2532
-10029 10044 12142 -2199 -3052 -2222
-9650 10155 12020 -484 -3046 -1912
-9441 10474 11658 1238 -2573 -1551
-9278 10964 11226 2273 -2097 -1358
-8946 11494 10294 3300 -1604 -836
-8143 11415 9041 4524 -819 142
-8726 10206 7886 5976 75 1020
-10091 9747 9139 6555 1477 2119
-9871 9859 11893 5146 4257 3165
-7977 9031 11999 4758 7076 2650
-7898 9254 11438 4303 8645 1756
-8854 10084 11102 3243 8625 917
-10076 10652 11055 915 6791 -668
-11521 11554 10708 -1917 3749 -2366
-12418 12192 10656 -4179 1080 -3141
-12733 12673 10760 -6325 -1258 -3661
-12351 12299 11068 -8215 -4093 -3767
-11152 11549 11133 -8317 -5609 -3467
-9688 10094 11053 -6490 -5341 -2733
-7783 7793 10725 -959 -2890 -1350
-7697 8448 10193 4310 -204 -378
-8276 9296 9681 6404 1288 9
-9145 10253 9380 6899 2737 108
-10197 11036 9594 5568 3620 308
-11055 11168 10208 3120 3686 509
-11607 10373 10652 766 3459 298
-11829 9897 10943 -729 2102 -57
-11915 10069 10131 -1934 189 -994
-12150 10716 9447 -3330 -1580 -1514
-12398 11016 9405 -4436 -2382 -1569
-12226 10998 9460 -5126 -2448 -1440
-11819 10496 9644 -5585 -1815 -945
-11323 10051 10112 -4985 -124 44
-10581 10298 10382 -4058 1265 800
-9758 10346 10781 -3057 2481 1486
-8976 10145 11150 -1816 3711 2243
-8779 10279 11652 -357 5004 2813
-9102 10140 12141 449 5444 3074
-9790 9979 12287 934 5179 2717
-10669 10112 12441 959 4124 2077
-11208 10404 12260 642 2738 1276
-11574 10837 11674 -432 -147 47
-11345 11113 11298 -2037 -2798 -589
-10972 10900 11157 -2614 -3803 -779
-10576 10438 11020 -2403 -3808 -739
-10656 10278 10889 -1813 -3338 -494
-10592 9360 10704 -377 -2265 188
-10706 8820 10458 1530 -997 973
-10951 8741 10253 3152 -170 1481
-11191 9057 9893 4583 245 1806
-10902 9644 9488 5130 210 1898
-10112 10436 9035 4568 -25 1969
-9692 10578 8862 3606 211 1981
-9833 10327 9239 2318 546 1879
-9936 9757 9749 967 1346 1559
-9910 9463 10055 114 1954 1169
-9752 9129 10410 -570 2568 605
-9684 9133 10729 -1081 2886 108
-9605 9238 10993 -1562 2930 -472
-10022 9557 11140 -2092 2521 -1411
-10206 10193 11279 -2990 1413 -2380
-9900 10332 11234 -3519 316 -2946
-10216 10933 11301 -3988 -592 -3278
-10509 11209 11386 -4534 -1350 -3371
-10722 11173 11409 -4891 -1893 -3410
-10985 10757 11672 -4894 -2086 -3105
-10854 10339 11632 -3736 -1753 -2634
-10664 10304 11202 -2058 -1230 -2024
-10578 10471 10926 -522 -790 -1221
-10436 10621 10661 1064 -62 -224
-10411 10669 10586 2004 788 664
-10474 10412 10484 2582 1450 1124
-10538 10090 10462 2989 1868 1356
-10406 9832 10381 3388 2150 1372
-10461 10057 10256 3462 2199 1309
-10529 10301 10257 3093 2007 1255
-10240 10068 10124 2793 1892 1093
-10255 9916 10271 2504 1764 842
-10687 9732 10372 2006 1422 356
-11143 9628 10435 1454 902 -195
-11332 9648 10429 991 410 -545
-11386 9725 10313 574 -6 -826
-11264 9756 10198 104 -486 -1018
-11221 9893 10236 -249 -756 -1194
-11262 10034 10243 -537 -844 -1302
-11234 10062 10212 -788 -827 -1405
-11248 10068 10360 -938 -682 -1386
-11145 9910 10396 -924 -492 -1294
-11268 9752 10549 -559 -226 -1204
-11273 9790 10562 -124 -219 -1094
-11396 9993 10566 304 -433 -931
-11482 10250 10629 505 -847 -723
-11373 10162 10686 661 -1148 -613
-10955 10122 10592 938 -1297 -520
-10354 10142 10508 1321 -1236 -507
-10190 10454 10436 1498 -1061 -589
-10316 10680 10336 1402 -1012 -682
-10484 10714 10157 1185 -1144 -789
-10764 10774 10214 851 -1365 -811
-10660 10961 10292 481 -1480 -799
-10372 10980 10232 181 -1457 -814
-10111 10943 10310 -43 -1282 -792
-9619 10808 10342 -36 -923 -722
-9338 10740 10200 164 -474 -669
-9352 10802 10231 353 -92 -693
-9665 10890 10136 277 135 -695
-10064 10970 10301 -26 217 -745
-10330 10992 10440 -511 202 -828
-10512 11010 10505 -996 134 -913
-10684 10950 10604 -1365 17 -1009
-10748 10827 10689 -1660 -165 -1138
-10802 10704 10774 -1913 -448 -1247
-10728 10492 10898 -1827 -679 -1231