-16606 1538 3772 2526 -4650 -11777
-17302 1490 3748 1520 -3707 -12320
-18185 1623 3847 525 -2994 -12518
-18945 1990 3917 -465 -2607 -12531
-19885 2144 3940 -1534 -2423 -12392
-20514 2409 3922 -3209 -2285 -11843
-20572 2344 3674 -5387 -2067 -10666
-19820 1958 3545 -6567 -1663 -9199
-19294 1786 3570 -6715 -1294 -8067
-17911 1397 3440 -6122 -716 -6341
-16448 1119 3489 -4626 389 -3764
-16002 992 3957 -3149 1567 -1601
-15817 1130 4240 -2106 2412 -515
-15848 1314 4424 -1718 2811 23
-15853 1324 4628 -1505 3114 392
-15767 1564 4648 -1589 3252 478
-16031 1737 4414 -1853 2829 35
-16160 1954 4240 -2151 2198 -515
-16326 2062 4169 -2454 1470 -1065
-16622 2105 4170 -2834 654 -1594
-16857 2157 4260 -3271 -137 -2049
-16969 1970 4274 -3570 -859 -2336
-17108 1857 4216 -3782 -1409 -2379
-17357 1901 4122 -3904 -1913 -2285
-17561 1877 4037 -3838 -2263 -2096
-17718 1913 4024 -3686 -2463 -1808
-17958 1877 3888 -3384 -2497 -1362
-18336 1812 3745 -3053 -2482 -720
-18524 1681 3776 -2830 -2441 -23
-18705 1578 3621 -2730 -2351 786
-18853 1518 3684 -2792 -2233 1738
-18809 1556 3676 -3013 -2061 2788
-18573 1566 3728 -3385 -1893 3848
-18205 1621 3713 -3753 -1724 4868
-17856 1524 3574 -4102 -1641 5821
-17584 1342 3474 -4330 -1531 6684
-17476 1110 3301 -4493 -1424 7405
-17453 756 3200 -4537 -1359 8032
-17504 405 3040 -4476 -1368 8567
-17670 85 3152 -4429 -1419 8999
-17820 -112 3090 -4420 -1592 9331
-17960 -160 3068 -4473 -1745 9510
-17923 -246 2993 -4660 -2084 9688
-17782 -222 2925 -5060 -2545 9814
-17469 -162 2778 -5419 -2888 9831
-17205 -142 2597 -5751 -3109 9794
-16968 -188 2552 -6001 -3295 9784
-16746 -354 2435 -6208 -3394 9734
-16629 -538 2485 -6263 -3345 9691
-16552 -624 2405 -6248 -3249 9617
-16442 -737 2481 -6212 -3090 9528
-16337 -713 2444 -6191 -2888 9369
-16248 -598 2450 -6226 -2688 9138
-16161 -524 2466 -6296 -2429 8851
-16060 -449 2490 -6439 -2212 8557
-15990 -363 2472 -6669 -1926 8216
-15980 -416 2440 -6851 -1720 8000
-15787 -432 2458 -7005 -1512 7787
-15587 -480 2442 -7162 -1207 7517
-15526 -640 2378 -7164 -1031 7392
-15534 -761 2348 -7019 -942 7214
-15580 -788 2360 -6831 -889 7053
-15659 -906 2478 -6744 -906 6846
-15651 -1020 2560 -6603 -1011 6427
-15732 -1108 2552 -6476 -1049 5974
-15654 -1172 2588 -6290 -1041 5522
-15562 -1218 2570 -6092 -974 5193
-15344 -1215 2569 -5705 -770 4713
-15101 -1306 2498 -5048 -422 4096
-14900 -1280 2473 -4444 -86 3577
-14813 -1278 2404 -3933 198 3136
-14800 -1205 2360 -3536 487 2663
-14841 -1070 2401 -3297 725 2206
-14620 -773 2425 -3288 918 1754
-14451 -596 2426 -3464 1186 1096
-14266 -529 2323 -3695 1372 366
-14126 -482 2318 -3817 1490 -120
-14054 -579 2342 -3806 1627 -611
-14064 -582 2470 -3758 1819 -1171
-14145 -538 2509 -3734 1974 -1694
-14156 -436 2744 -3753 2207 -2541
-14263 -215 2795 -3982 2515 -3553
-14390 -102 2932 -4222 2652 -4298
-14461 36 3124 -4490 2745 -4917
-14634 102 3140 -4934 2788 -5696
-14778 109 3217 -5328 2736 -6431
-14960 166 3264 -5584 2641 -6979
-15277 161 3329 -5843 2468 -7517
-15558 220 3457 -6129 2248 -8041
-16125 269 3556 -6587 2006 -8543
-16633 440 3760 -7274 1678 -8963
-17065 769 3933 -8271 1333 -9326
-17412 1248 4045 -9654 1044 -9688
-17648 1613 4004 -11195 752 -9988
-17654 1866 4002 -12139 644 -10057
-17692 2076 4062 -12975 736 -9886
-17739 2143 4002 -13559 1064 -9420
-17918 2073 4054 -13567 1516 -8776
-18164 1928 3936 -13450 1824 -7986
-18372 1795 3923 -13264 2045 -6815
-18458 1728 3960 -13091 2113 -5729
-18458 1629 3939 -12904 2105 -4572
-18397 1592 3853 -12570 1893 -3190
-18322 1522 3754 -12275 1575 -2237
-18177 1441 3730 -11745 956 -1103
-17831 1125 3801 -10753 18 338
-17640 1034 3973 -9705 -866 1499
-17452 934 4141 -8952 -1357 2165
-17294 930 4168 -8431 -1599 2537
-17265 873 4174 -7870 -1730 2857
-17145 846 4139 -7299 -1631 3140
-17073 833 4089 -6952 -1527 3307
-17045 704 4018 -6627 -1360 3444
-17029 652 3989 -6285 -1262 3577
-17016 450 3960 -5858 -1271 3720
-17022 126 3770 -5252 -1442 3896
-17056 36 3528 -4879 -1570 4089
-17095 -102 3604 -3930 -1712 4439
-17282 -88 3718 -2577 -2082 4707
-17436 206 3753 -1675 -2443 4869
-17624 484 3628 -1328 -2732 5086
-17689 546 3445 -1389 -2925 5332
-17676 431 3305 -1514 -3053 5628
-17644 280 3233 -1538 -3019 5870
-17485 222 3236 -1371 -2876 6108
-17414 86 3145 -1086 -2650 6328
-17158 -80 2941 -583 -2283 6609
-16916 -144 2736 65 -1815 6980
-16726 -270 2602 544 -1549 7249
-16728 -379 2515 904 -1333 7468
-16748 -377 2512 1131 -1259 7609
-16729 -388 2436 1173 -1223 7646
-16652 -442 2457 1075 -1246 7617
-16668 -494 2388 823 -1337 7398
-16625 -630 2270 571 -1479 7137
-16504 -729 2217 499 -1477 6918
-16332 -761 2242 422 -1428 6646
-16156 -750 2146 380 -1314 6367
-15977 -712 2201 315 -1175 6063
-15816 -668 2076 286 -1063 5810
-15656 -570 2097 171 -847 5389
-15372 -433 2070 -69 -485 4751
-15268 -368 2058 -305 -216 4368
-15193 -352 2096 -583 2 3980
-15164 -382 2173 -1026 336 3285
-15206 -368 2218 -1427 536 2621
-15180 -309 2260 -1748 625 2105
-15212 -345 2202 -2010 693 1578
-15264 -415 2335 -2174 748 1075
-15351 -427 2350 -2281 750 544
-15378 -358 2366 -2316 756 180
-15274 -314 2468 -2324 854 -157
-15161 -208 2552 -2336 972 -533
-15018 -44 2522 -2289 1118 -815
-14894 -32 2510 -2140 1311 -1127
-14856 64 2437 -1948 1499 -1468
-14944 70 2442 -1831 1618 -1701
-15014 56 2493 -1763 1765 -1894
-15214 52 2529 -1821 1918 -2181
-15324 68 2653 -1964 1971 -2479
-15435 82 2778 -2220 2028 -2894
-15556 67 2795 -2477 1948 -3337
-15602 -52 2792 -2606 1875 -3649
-15732 -58 2832 -2575 1825 -3909
-15885 -113 3081 -2286 1809 -4243
-16102 -14 3116 -1947 1857 -4542
-16281 204 3252 -1856 1856 -4842
-16513 368 3448 -1965 1848 -5187
-16706 626 3574 -2388 1877 -5505
-16697 912 3732 -2989 1877 -5686
-16776 1084 3774 -3464 1871 -5801
-16740 1141 3929 -3931 1859 -5877
-16664 1244 3961 -4283 1831 -5901
-16557 1228 4039 -4302 1765 -5786
-16509 1261 4087 -3909 1714 -5591
-16558 1042 4076 -3258 1712 -5398
-16704 1002 4054 -2449 1695 -5080
-16868 866 4004 -1435 1658 -4686
-16960 820 3944 -666 1704 -4376
-17162 676 3969 -24 1696 -4104
-17322 614 3956 909 1665 -3747
-17454 725 3877 1719 1649 -3510
-17523 810 3745 2154 1643 -3333
-17508 892 3657 2385 1657 -3186
-17494 1032 3570 2411 1641 -3048
-17436 1185 3548 2261 1634 -2916
-17289 1329 3416 2011 1600 -2754
-17172 1404 3433 1690 1596 -2609
-17226 1472 3410 1349 1537 -2413
-17098 1621 3378 708 1321 -2078
-16919 1696 3383 -66 1001 -1633
-16772 1692 3354 -501 757 -1359
-16706 1628 3328 -809 563 -1123
-16653 1614 3538 -1105 296 -883
-16558 1688 3590 -1468 58 -650
-16562 1676 3690 -1683 -112 -497
-16516 1708 3774 -1844 -307 -316
-16638 1556 3908 -1917 -491 -47
-16789 1478 3914 -1786 -602 151
-16865 1399 3759 -1420 -685 422