-16469 1728 1114 4030 99 72
-16530 2762 1528 3708 878 -9
-16918 3576 1580 2532 1845 -66
-17575 4028 999 825 2909 108
-17996 4646 114 -1547 2764 517
-18304 5518 -668 -3424 2002 631
-18752 6280 -1831 -5827 1299 583
-20409 8173 -2641 -8532 466 635
-22016 10320 -3325 -10885 -931 861
-22154 10756 -4377 -13931 -2473 1949
-21622 10524 -5938 -16071 -3093 3612
-21504 10646 -7204 -19105 -3106 7175
-22256 10976 -6836 -22194 -3160 10704
-22921 11673 -5034 -25351 -4375 13840
-23989 12869 -1779 -28859 -3522 17897
-24510 13425 -1176 -29181 703 20887
-25393 13092 -506 -30083 4544 22262
-25072 11874 -904 -30705 7965 23211
-25216 11109 -1422 -28933 11522 23876
-25870 10586 -985 -25933 13377 24895
-26597 11293 -836 -22634 14057 26000
-27290 12304 -825 -19700 13446 27198
-28077 13161 -961 -18027 12617 28120
-28434 13194 -1586 -16511 11164 28821
-28549 12581 -2188 -14270 9683 29355
-28528 12024 -2580 -12669 8203 29666
-27551 11918 -2956 -10598 7722 30456
-26688 12440 -3069 -8853 8471 31473
-25872 12820 -2820 -8260 9464 32323
-25246 13445 -2981 -8439 11267 32647
-24199 12654 -2824 -8700 13568 32763
-23037 12053 -3272 -7638 16119 32767
-22240 11669 -3558 -6238 17394 32767
-19770 10760 -3864 -4478 17957 32767
-18200 10004 -3974 -2974 18656 32489
-16332 8842 -3786 -1540 19479 31683
-12943 8224 -2914 23 21653 30233
-10864 7845 -2785 1459 24030 28326
-9750 7589 -2758 3170 25222 26405
-7144 5797 -2468 6674 27897 23114
-5238 5497 -1992 10919 31451 19451
-4049 5686 -1908 14817 32767 16375
-3936 7156 -1812 16693 32767 14015
-4126 8803 -2405 17557 32767 11184
-3493 10663 -3290 15598 32767 7674
-4044 11542 -3506 12430 32767 5783
-4258 11777 -3381 8719 32767 4210
-4456 11712 -3183 2958 28720 2977
-4504 11592 -2894 -1827 21942 2443
-3884 11257 -2692 -4813 16341 1982
-3548 10804 -2640 -6003 13295 1664
-3319 10301 -2761 -6679 10368 1069
-2748 9683 -2913 -6649 6645 -154
-2328 9453 -3075 -5775 4611 -1228
-2328 9237 -3005 -5035 4008 -1935
-2380 9288 -2833 -4364 3870 -2344
-2997 10028 -2922 -4166 3890 -2629
-3636 11012 -2888 -4680 3684 -2597
-3762 11313 -2782 -5444 3236 -2397
-3434 11250 -2721 -5928 3070 -2195
-3397 11297 -2713 -5933 2950 -2044
-3033 11094 -2689 -5358 3104 -1925
-3022 11106 -2520 -4056 3570 -1920
-3126 11504 -2378 -2722 4183 -1962
-3196 11869 -2296 -1609 4605 -1855
-2834 12076 -1904 -659 5218 -1779
-2680 12557 -1701 199 5652 -1842
-2900 13145 -1582 726 5668 -1941
-3272 13806 -1461 809 5063 -2025
-3457 14170 -1508 527 4163 -2144
-3366 14286 -1582 482 3270 -2214
-2993 14194 -1713 967 2300 -2479
-2577 14894 -1860 1657 1096 -2804
-2012 15304 -2018 2314 418 -3140
-1814 15780 -2296 2860 -181 -3485
-1888 16184 -2520 3093 -605 -3677
-1785 16343 -2961 3363 -1207 -3962
-2349 16822 -3685 3474 -2479 -4127
-2736 16904 -4185 3513 -3603 -4166
-2925 17173 -4678 3677 -4110 -4284
-3030 17422 -5034 3834 -4520 -4317
-2851 17565 -5402 3911 -4671 -4207
-3174 17300 -5852 3995 -4642 -3996
-3453 16888 -6160 4228 -4700 -3798
-3856 16521 -6320 4443 -4540 -3722
-4269 16550 -6346 4249 -4523 -3686
-4628 15994 -6258 3558 -4622 -3236
-4487 15991 -6012 2651 -4125 -2888
-4297 16586 -5628 1499 -3695 -2410
-4030 17176 -5680 170 -2797 -2169
-4831 18965 -6111 -2730 -2093 -2156
-5725 21574 -7136 -8730 -1592 -3170
-4768 22558 -6965 -12573 -661 -4172
-4924 23706 -6636 -12588 150 -4583
-5396 24514 -6501 -11726 998 -5090
-6546 26607 -6650 -10647 1392 -5512
-7776 28308 -6774 -10844 838 -4955
-8100 28584 -6644 -11104 205 -4070
-8388 28616 -6568 -10951 -279 -3158
-8483 28791 -6300 -10560 -1087 -1527
-7883 28405 -5333 -9915 -2090 460
-7184 27721 -4501 -9117 -2314 1747
-6841 27044 -3870 -8006 -2312 2574
-6799 26899 -2657 -6925 -3207 2687
-6402 27917 -102 -7973 -5023 1971
-4323 23964 258 -8495 -8524 987
-2433 19449 773 -7401 -13134 622
-768 16917 1236 -5138 -16638 862
-755 15535 1912 -1721 -18438 324
-1041 14825 1853 381 -20326 440
-734 13750 2448 1754 -21293 0
-730 13572 1906 3892 -21565 -451
-1498 13204 594 6480 -21781 -981
-2455 12440 -1213 8555 -21906 -1358
-3940 12026 -3021 11361 -21755 -1438
-4740 12086 -4022 13876 -20796 -1552
-5570 12856 -4856 15340 -19458 -1104
-5822 12904 -5734 15668 -17353 318
-6178 13072 -6161 15228 -15299 1152
-6938 13369 -6443 14085 -13548 2478
-6578 13562 -6797 12265 -11814 3182
-6576 13660 -6878 11026 -10245 3538
-6251 13875 -6807 9517 -8012 3734
-5834 13579 -6766 7530 -5240 3751
-5332 13118 -6824 5770 -2010 3559
-5157 13640 -6722 4046 508 3228
-4908 14265 -6250 1989 1685 2967
-3598 15134 -4664 -223 2456 2897
-1975 16070 -2568 -3410 3521 2677
-742 16687 59 -7703 2586 2968
-98 15761 796 -10386 837 2105
381 14729 1164 -11227 -1741 1077
468 14880 1516 -11375 -3990 442
520 15048 1952 -11306 -7131 -1034
555 14517 2952 -9342 -11087 -3895
586 14194 3254 -7335 -12719 -5731
-208 14394 3389 -5771 -13831 -7058
-1523 15504 3532 -5030 -15205 -8414
-2220 16544 4330 -5515 -16351 -9553
-2637 16772 4667 -5168 -16069 -10482
-3497 17028 4364 -4593 -15524 -10921
-4114 16578 3664 -3874 -15138 -11054
-4855 15795 2744 -2196 -14776 -11187
-5588 15656 2188 -114 -14606 -11057
-6254 15983 1701 1829 -14450 -10851
-7220 16280 1454 3799 -14157 -10648
-8166 16840 1364 4650 -14134 -10413
-8827 17092 1104 4343 -14472 -9930
-9183 16695 672 3003 -15096 -9115
-9310 15732 461 2026 -15427 -8557
-9549 15023 281 1549 -15955 -8131
-9478 14540 112 1056 -16307 -7770
-9490 13623 -72 1651 -15947 -7827
-9968 13012 -112 3576 -15110 -8503
-10010 12844 -116 4934 -14509 -8867
-9801 12627 -411 5669 -13568 -9035
-10024 12381 -692 6203 -12488 -8889
-10006 12126 -826 6457 -11787 -8546
-9735 11668 -896 6711 -11277 -7908
-9354 11448 -738 6714 -10635 -7234
-8331 10711 -334 6242 -10202 -7403
-7930 9890 328 7683 -8701 -8790
-7721 8533 1034 11697 -5912 -11447
-8200 7069 2434 18519 -1203 -14875
-9197 6366 2682 24498 2415 -17435
-11067 6990 1717 28705 4362 -19189
-14701 7992 -1236 30711 3177 -19452
-16927 9888 -4628 29973 1632 -18217
-20533 13095 -6532 26605 -1894 -13554
-20457 12814 -7452 22406 -7516 -9367
-19035 11052 -8080 19255 -11962 -6113
-18213 9651 -8896 17491 -15749 -4180
-17610 9225 -10474 18982 -13556 -4403
-17125 7533 -10238 18975 -13704 -3801
-16476 7514 -10472 16990 -13307 -3587
-16496 8020 -10540 15528 -13584 -3241
-15819 9532 -10136 11630 -12675 -3560
-15597 10704 -8984 6476 -10896 -5125
-15601 11286 -8176 2899 -9457 -6540
-15444 11092 -7568 -181 -8151 -7674
-15541 9674 -6879 -3316 -6406 -8471
-16336 8786 -6464 -5453 -5089 -8841
-16826 7945 -6238 -6794 -4978 -8587
-17256 7754 -6113 -8473 -5473 -8192
-17877 7652 -5960 -10585 -6218 -8018
-18146 8034 -5704 -12269 -7356 -7798
-18065 8148 -5289 -13884 -8381 -7604
-17349 8170 -3986 -15602 -8844 -7425
-17368 8978 -2276 -17741 -8550 -7894
-17546 9492 -1594 -19984 -8301 -8677
-17926 9198 -1368 -21494 -8151 -9303
-18213 9238 -1286 -22687 -8454 -9544
-18256 9284 -1016 -24308 -8527 -9541
-18912 10100 -334 -27084 -9621 -8332
-18670 10880 254 -31207 -9518 -6500
-18538 10886 706 -32768 -9772 -4291
-17302 8808 1511 -32768 -11720 -1011
-14808 4176 3276 -32768 -11953 510
-14829 3601 4540 -32768 -10417 554
-15390 4468 5185 -30553 -8923 230