-12848 12809 -1826 1644 3501 -1934
-13166 13352 -1834 1824 3998 -1818
-13294 13982 -2068 1989 4114 -1906
-13433 14644 -2277 1809 3643 -2102
-13213 14824 -2544 1321 2844 -2196
-13177 14788 -2618 622 1975 -2205
-13012 14204 -2692 -85 1335 -2165
-13042 13428 -2432 -864 704 -2092
-12212 12826 -3130 -1009 1229 -1835
-11258 12784 -3450 -381 2130 -2109
-10686 12590 -3697 312 3248 -2550
-10221 12373 -3896 1240 4333 -3091
-10336 12553 -3688 2157 4969 -3668
-10657 12480 -3306 2872 5390 -4028
-11285 12884 -2952 3123 5478 -3852
-11936 13116 -2848 2881 5166 -3432
-12382 12870 -3257 2672 5068 -2862
-12924 13996 -3972 1172 4972 -1834
-13186 14036 -4872 -1082 4961 -942
-12822 12673 -5129 -1609 4956 -745
-12856 12552 -5354 -1668 5036 -1006
-13285 12292 -5340 -1446 4833 -1331
-13372 11845 -5178 -1369 4301 -1297
-13537 11244 -5366 -1305 3833 -1255
-13464 10250 -5152 -349 3490 -1606
-12838 10849 -5044 -108 2871 -2018
-12128 11335 -5259 144 2026 -2372
-11830 11385 -5237 674 833 -1978
-11466 11200 -5586 1197 346 -1582
-11498 11020 -6037 1652 540 -1235
-11534 11177 -5908 2425 765 -816
-11764 11626 -5836 2855 645 -592
-11944 12144 -5676 2968 340 -470
-11885 12416 -5680 2796 190 -484
-12096 13137 -5298 2245 122 -491
-12209 12684 -4810 1977 -16 -583
-12430 12660 -4589 1535 -423 -492
-12897 12476 -4590 935 -864 -515
-13080 12289 -4454 358 -1278 -263
-13314 12217 -4308 33 -1663 -39
-13702 12290 -4093 -247 -2166 66
-14200 12033 -4168 -172 -2748 382
-14168 11590 -4232 98 -3082 711
-14392 11510 -4292 331 -3398 1131
-15073 11577 -4300 400 -3449 1399
-15566 11741 -4133 429 -3402 1496
-15945 12177 -4357 -1 -3116 1758
-16216 12800 -4665 -807 -2868 2162
-16660 13042 -4614 -2134 -2969 2511
-16968 12422 -4368 -3171 -3684 2737
-15936 11106 -3612 -1551 -4771 2613
-16405 11602 -3210 -213 -5940 2273
-16465 12556 -2761 -139 -7337 1705
-16194 13064 -2973 -813 -8496 1228
-15584 12708 -3781 -1421 -9324 744
-15350 12934 -4672 -1911 -9706 26
-14994 12013 -4518 -601 -11359 54
-14146 11586 -4582 1246 -13759 -140
-13888 11906 -4796 2684 -16284 -686
-13374 12046 -4634 3316 -18678 -733
-12914 11697 -4681 2423 -19431 -81
-12469 12622 -4876 490 -18009 1426
-11532 14490 -4984 -2564 -15714 2617
-11777 14284 -4765 -5770 -13781 3281
-11328 13334 -4233 -8713 -11307 3032
-10822 12662 -3668 -10795 -8700 1471
-10553 11894 -2721 -11533 -5985 -246
-10114 11528 -1922 -10931 -3561 -2021
-9864 10857 -1397 -10185 -932 -3643
-9905 10645 -1034 -9684 2858 -4130
-10281 10612 -1372 -8395 6637 -4070
-10866 10829 -1444 -6371 10305 -3448
-11414 11141 -1244 -3521 12847 -2996
-11244 11316 -1276 -398 15139 -3172
-11452 12064 -1364 2381 16612 -3595
-11736 12133 -1769 3787 18694 -4141
-12101 12484 -1790 3529 19314 -4564
-12077 12596 -2045 1998 19438 -4861
-12618 12196 -1957 90 18940 -4832
-12917 11832 -1413 -1264 18324 -4498
-13393 11585 -477 -1597 16987 -4775
-13748 10004 1066 -1311 13780 -5820
-13257 9746 1081 -927 10835 -6392
-13534 11462 -152 -1241 8136 -6284
-14644 10336 593 19 4918 -5740
-14201 9594 928 2699 1388 -4159
-15290 12942 -480 2978 -1426 -679
-15130 14090 -1206 2044 -4325 2011
-14557 13038 -1852 1399 -5883 3352
-14434 12680 -3070 1862 -5448 3849
-13978 12420 -3653 3351 -3917 4665
-13605 11560 -3042 5531 -3786 5378
-13693 11580 -2734 6008 -3819 6107
-13997 11937 -2322 4366 -4680 6898
-13585 10724 -3145 2497 -4904 7177
-13277 9284 -3789 1761 -2768 6720
-12606 7721 -3590 2162 -751 4458
-12042 6086 -3797 5112 1826 3308
-12906 9188 -2941 5672 3851 4119
-13333 9249 -1584 5290 3284 4050
-14237 7089 -17 4922 2600 3441
-14132 5541 650 4884 1918 2065
-14140 5688 54 5186 1023 -1156
-14349 5388 -429 4646 -658 -4701
-14249 4614 -241 4603 -3553 -8238
-14389 4250 -692 4915 -6951 -10161
-14112 5792 -1730 4313 -10262 -10596
-13434 7296 -3760 2961 -11381 -10713
-12380 8162 -5274 1480 -9948 -11400
-9513 9134 -5976 439 -6243 -12257
-8004 9564 -6102 1173 -1473 -13058
-8212 10924 -7202 3668 4133 -13116
-9373 12916 -7930 8014 9387 -11297
-11989 15898 -8413 11624 13810 -8288
-14773 18742 -8578 13235 17049 -4591
-16626 20114 -7118 13082 17292 -2182
-18374 20410 -5213 9246 15683 -669
-19305 19545 -3888 4959 13237 -22
-19342 17169 -2662 2817 10548 -133
-18977 14342 -1248 2349 8254 -246
-18397 13153 -838 2128 6380 304
-17452 12165 -538 2245 4789 1275
-16630 11350 -97 3118 2453 2246
-15637 12029 -53 3384 -262 3445
-14522 12177 -12 3283 -3932 4351
-13357 12325 -294 3028 -7707 4789
-12662 12402 -694 2632 -12134 4735
-11709 12440 -957 1692 -17168 3699
-11333 12680 -1286 -522 -22683 2375
-11209 12124 -1789 -3792 -27393 779
-11262 11796 -2948 -7446 -30855 -827
-11024 11864 -3573 -10814 -32768 -3269
-10945 11937 -4296 -15069 -32768 -6357
-11512 12308 -5136 -18980 -32768 -8905
-11956 12364 -5198 -22288 -32768 -11147
-13009 13393 -4852 -25096 -32768 -13027
-13530 13466 -3764 -26895 -32768 -14205
-13992 12140 -2388 -27385 -32768 -14790
-13150 11208 -494 -27257 -32768 -14282
-13294 9861 1686 -25861 -32768 -12434
-13434 8317 3957 -23575 -32768 -9095
-13336 6681 6185 -20797 -32768 -4798
-13092 4717 8262 -21251 -30559 -1612
-14997 6406 7665 -15867 -26605 1668
-15217 6416 7620 -10581 -22010 2298
-15329 9049 9166 -7783 -18609 2385
-14210 8294 9385 -3434 -15290 685
-14664 7932 9801 -1238 -12618 -192
-13692 7845 10560 -229 -9258 -234
-13434 7804 10884 401 -6887 -177
-13777 6493 11129 -94 -4060 1171
-14378 5872 10792 -1612 -1034 2981
-15114 6158 10404 -2786 -377 4317
-15137 6009 10764 -3859 -806 5367
-15080 6094 11274 -4816 -1353 5739
-15333 5720 11449 -5476 -1936 5983
-15154 5606 11950 -5768 -2545 6029
-14816 5665 12161 -6236 -2522 6068
-14554 5312 12376 -6251 -973 6320
-14536 5173 12044 -5674 759 6675
-14377 4816 11929 -4649 2630 7006
-14377 4644 11604 -3144 4621 7529
-14469 4489 11262 -1052 6230 8047
-14312 4518 10816 617 8132 8501
-14309 4710 10358 1917 10326 8957
-14421 4858 9833 2940 12612 9493
-14530 4978 9238 3767 14442 10158
-14664 5137 8421 4444 15815 10868
-15061 5022 7716 4745 16727 11435
-15198 4668 7058 4164 17463 12042
-15284 4224 6234 4315 17668 12093
-15448 3500 5797 4318 17276 12146
-15320 3060 5633 4160 16785 11879
-15424 3269 5222 4009 15927 11371
-15048 3344 4977 3098 15179 10148
-14890 3557 4776 2418 14093 8613
-14857 3929 4568 2068 12535 6901
-14736 3910 4468 815 11371 4887
-14704 4158 4616 -1095 10368 2922
-14812 4500 4570 -3173 9442 1284
-14864 4650 4548 -5320 8603 -23
-14802 4724 4569 -7473 7995 -1085
-14934 4804 4602 -9379 7094 -1851
-14896 4406 4701 -10647 6046 -2215
-14744 4137 4956 -11314 5264 -2484
-14698 3865 5305 -11426 4842 -2632
-14422 3724 5812 -11124 4924 -2867
-14245 3656 6221 -10246 5418 -3287
-14434 3384 6322 -8628 5884 -3923
-14485 3140 6502 -6489 6430 -4756
-14665 2873 6541 -3970 7167 -5806
-14862 3066 6685 -1592 7979 -6677
-15146 3834 6542 308 8733 -7469
-15554 4338 6470 1505 9469 -8155
-16088 4606 6444 2580 9714 -8751
-16284 4989 6254 3171 9814 -9392
-16585 5060 6058 3435 9733 -10209
-16950 4945 6149 4185 9768 -10498
-17226 5566 5770 4079 9414 -10807
-17386 5566 5628 4137 9067 -11032