2458 18849 1585 1172 263 217
2405 18848 1580 1026 412 246
2416 18845 1581 841 415 189
2348 18896 1518 514 455 132
2418 18856 1495 179 375 48
2400 18868 1548 -272 257 5
2425 18815 1476 -690 150 -6
2514 18669 1410 -885 161 -45
2439 18619 1520 -888 139 1
2535 18633 1561 -768 87 36
2546 18535 1630 -531 132 57
2537 18668 1669 -361 171 92
2480 18785 1633 -335 182 76
2498 18844 1524 -371 218 70
2464 18752 1398 -253 232 67
2473 18814 1427 -234 256 82
2521 18786 1450 -330 202 121
2504 18741 1485 -397 125 206
2559 18606 1446 -365 78 280
2481 18407 1431 -155 134 357
2490 18550 1470 -148 135 434
2489 18489 1390 -220 64 482
2539 18400 1310 -179 -43 523
2597 18469 1301 -166 -132 562
2592 18386 1284 -207 -175 495
2494 18444 1280 -253 -208 520
2440 18420 1055 -162 -333 499
2387 18333 996 159 -403 510
2284 18380 969 426 -355 551
2373 18510 997 668 -315 587
2472 18578 992 862 -173 623
2486 18434 998 1105 58 571
2469 18241 1104 1398 341 246
2596 18429 1252 1297 911 25
2528 18264 1286 1032 1106 -198
2470 18551 1335 847 957 -394
2494 18393 1362 813 689 -583
2407 18336 1331 1047 738 -701
2497 18158 1101 1386 1312 -755
2282 17957 995 2178 1616 -727
2214 18246 1018 2644 1704 -646
2183 18365 1007 3014 1633 -753
1959 18644 1181 3238 1351 -477
2040 19183 903 2540 885 -808
2194 18320 398 3035 1346 -1216
2237 18431 146 3469 2303 -981
2236 18717 -22 3850 2781 -861
2226 18840 -57 4147 3006 -1012
2036 18967 73 3647 2228 -902
2336 19016 162 2930 1637 -1285
2509 18720 74 2481 1712 -921
2307 18731 -172 2473 975 -860
2905 18565 -259 2692 1304 -1042
2800 18557 -400 2862 1735 -728
2864 18780 -340 2935 2333 -638
2821 19039 -532 2779 2223 -747
2830 19478 -446 1899 2208 -878
2930 19638 -330 877 2399 -658
2752 19625 -470 37 1951 -444
2901 19503 -298 -593 1884 -567
3113 19241 -189 -810 2236 -407
3018 19380 -120 -720 2550 -221
2913 19320 20 -686 3159 58
2798 19489 131 -721 3383 58
2220 19632 317 -707 3416 -133
1794 19385 766 -691 2871 -578
2098 19777 926 -1461 2149 -624
2022 19828 910 -2524 1211 -723
1868 19565 912 -3338 297 -523
1963 19156 864 -3632 -516 -330
2005 18909 728 -3502 -930 -115
2170 18746 705 -3168 -867 -89
2274 18445 542 -2595 -620 -132
2284 18438 369 -2076 -325 -118
2357 18413 330 -1576 3 -83
2226 18434 238 -1238 184 -9
2184 18654 215 -1158 221 84
2104 18715 241 -1324 106 48
2130 18745 354 -1649 -96 28
2112 18736 475 -2082 -242 -32
2076 18776 484 -2465 -360 -99
2065 18796 468 -2764 -303 -210
2038 18596 540 -2817 -275 -301
2146 18447 599 -2697 -16 -368
2164 18308 684 -2350 412 -329
2096 18328 797 -2013 615 -230
1988 18436 856 -1902 630 -236
2045 18526 955 -1782 412 -260
2025 18789 1078 -1769 134 -418
2044 18803 1132 -1742 52 -581
1966 18798 1120 -1436 87 -722
2023 18867 1208 -1633 114 -837
1952 18808 1248 -2064 104 -869
1937 18731 1404 -2582 -43 -882
1898 18686 1560 -3163 -258 -959
1819 18699 1641 -3741 -642 -1141
1845 18896 1866 -4528 -1098 -1415
1801 19090 1974 -5321 -1429 -1676
1813 18985 2257 -6290 -1859 -2031
1568 19228 2476 -7245 -2341 -2325
1601 19376 2736 -8981 -3003 -2593
1662 19416 2822 -11595 -3955 -2994
1702 18992 2758 -13195 -4175 -3342
1713 18485 3017 -13782 -3858 -3520
2018 18390 3528 -13702 -3034 -3071
1458 18120 3813 -12085 -2200 -2002
1280 18233 4096 -10336 -1919 -2491
1234 18144 4439 -8751 -1886 -2549
1139 18468 4574 -7361 -1821 -1945
799 18392 4936 -5685 -1618 -1361
537 18282 5229 -4140 -1853 -1614
1090 18180 5285 -3294 -2034 -1675
978 18160 5288 -2686 -2047 -1632
990 18155 5421 -2342 -2207 -1678
1162 18226 5426 -2413 -2318 -1650
1213 18420 5408 -2934 -2354 -1693
1224 18488 5413 -3649 -2316 -1773
1068 18726 5400 -4646 -2637 -1894
1281 18758 5353 -5685 -2725 -2002
912 18772 5186 -6634 -3165 -2160
1184 18553 5222 -7586 -3380 -2313
1164 18424 5421 -8398 -3717 -2430
1141 18056 5433 -9133 -4112 -2668
1277 17760 5612 -9552 -4226 -2776
1301 17458 5922 -9611 -4350 -2728
1301 17380 6177 -9552 -4032 -2606
1182 17249 6462 -9508 -3687 -2369
1028 17206 6714 -9155 -3489 -2199
878 17105 6836 -8708 -3116 -2035
882 16840 7078 -8048 -2525 -1758
833 16888 7196 -7102 -1783 -1329
597 16652 7429 -5900 -948 -966
684 16582 7692 -4355 -293 -373
596 16260 7652 -2738 321 8
173 15613 7563 36 1065 566
929 16618 7932 2995 1796 681
842 17250 7934 3652 2650 852
602 17674 7932 3545 3027 719
528 17884 7974 3161 3306 628
176 17817 8042 2853 2895 558
520 17997 8132 2104 2388 606
740 18024 7792 1134 1991 575
558 17356 7895 62 1492 556
330 17050 7997 -632 595 192
485 16978 8067 -787 -273 -182
809 16838 7812 -538 -362 -466
965 16922 7810 -275 12 -606
984 16913 7673 246 620 -772
731 16856 7567 654 956 -949
732 16874 7470 860 790 -1102
666 17214 7298 857 596 -1016
805 17419 7223 860 690 -538
393 17428 7058 959 602 -429
658 17602 7056 1254 894 -335
476 17492 7094 1900 916 -227
601 17356 7030 2290 1007 -85
663 17303 7029 2885 952 159
555 17284 6969 3345 836 67
787 17361 6904 3708 845 82
774 17386 6892 3989 1013 182
750 17414 6850 4250 1232 185
749 17512 6822 4574 1445 254
596 17582 6765 4862 1522 305
620 17798 6670 5060 1457 400
426 18009 6705 5072 1230 467
464 18112 6505 4904 1033 549
265 18236 6329 4751 869 769
58 18169 6536 4586 226 1276
688 18353 6401 4184 -228 960
304 18478 6380 3493 -608 946
332 17237 6518 3840 -1234 664
616 17241 6253 4402 -1765 804
1049 17817 5705 5049 -1305 916
1178 18041 5366 5579 -365 885
940 18065 5158 6089 376 763
932 18210 4900 6504 855 569
989 18297 4598 6722 1165 778
925 18630 4186 6538 1268 969
858 18766 3970 6018 1334 903
937 18793 3824 5558 1244 865
952 18717 3737 5003 1078 843
1030 18716 3742 4431 797 865
1096 18666 3796 4034 525 838
1092 18578 3878 3678 346 890
1101 18654 4033 3238 325 775
1162 18668 4090 2935 545 753
1052 18677 4072 2861 840 712
1130 18620 3996 2884 1049 687
1060 18570 3936 2984 1187 657
1108 18565 3832 3020 1367 666
1056 18393 3705 3216 1385 639
1113 18365 3592 3464 1232 666
1173 18414 3424 3638 1029 655
1305 18450 3334 3692 904 747
1180 18564 3356 3640 894 797
1250 18752 3312 3495 907 746
1260 18778 3298 3199 996 765
1317 19053 3296 2651 1171 816
1158 19180 3281 2157 1254 769
1038 19096 3192 1659 1165 674