-16957 11973 190 32767 28851 -4712
-18308 12585 -1190 32467 24481 -1568
-18561 13497 -2520 26000 19220 503
-18362 13250 -2697 15840 13779 1188
-18338 14044 -2757 5331 8008 338
-18310 14604 -2889 -6922 2665 -1805
-17740 16830 -3253 -22632 -1882 -4075
-17365 16404 -3668 -32768 -6342 -6489
-15918 13974 -3714 -32768 -9470 -9548
-14752 9781 -3160 -32768 -13927 -12369
-13326 5456 -1017 -32768 -18697 -13530
-12504 2572 1536 -32768 -23770 -12770
-12018 -172 3954 -32768 -29706 -9867
-11088 -4990 7148 -32768 -32768 -5102
-9810 -10061 16513 -26097 -28949 -1881
-7537 -15296 16697 -2316 -9783 -4257
-6950 -14902 9337 32522 14638 -5630
-12800 -9809 5492 32767 27255 -7524
-13680 -10318 6257 32767 26947 -9665
-14193 4028 -4646 32767 32767 -16655
-22674 14914 -8412 32767 32767 -13426
-20892 18240 -2702 32767 32767 -7200
-21296 19601 -2350 32767 32767 -1061
-21469 21869 -3565 31815 32767 9619
-20618 21481 -7466 10573 32767 14037
-21200 20788 -8169 -14844 27977 14571
-20876 20342 -11276 -32020 14605 11405
-18133 16021 -12012 -32768 -3495 1106
-15721 11725 -10640 -32768 -15935 -10037
-13238 7378 -8613 -32768 -25256 -21107
-12210 3450 -6428 -32768 -32494 -27430
-11764 133 -3888 -32768 -32768 -26825
-11305 -5236 360 -32768 -32768 -21666
-10884 -9170 5500 -30639 -32768 -10795
-10098 -9226 17330 -28977 -32768 -1355
-5144 -8766 15361 -15142 -20805 -436
-10316 424 4101 22740 11925 -1588
-16262 -877 7049 32767 14708 589
-10150 -682 3845 30035 22845 -5501
-17420 13320 57 32767 32573 -6801
-19478 18754 96 32767 32767 -5434
-21958 18265 11329 21086 32767 -2895
-22222 22454 424 -6608 32767 -788
-20244 18262 -2908 -29307 32767 -1743
-17934 12734 -3110 -32768 23766 -2610
-17174 10340 -4605 -32768 6695 -6420
-16237 6040 -2280 -32768 -8237 -10617
-15849 3378 341 -32768 -20127 -15407
-16184 581 2445 -32768 -31047 -17401
-15725 -941 4076 -28093 -32768 -14866
-16184 -1284 6602 -20343 -32768 -8213
-15516 -753 9253 -20984 -32768 -576
-13596 -529 22906 -30780 -32768 4161
-11872 3529 9472 -16564 -17645 3886
-14930 7062 8649 2516 137 3869
-20810 9798 10293 11895 -6068 5713
-12084 8762 9561 -3370 1131 3661
-18680 13582 11081 4638 7427 8623
-18397 9880 14737 12505 11611 9257
-16812 6761 12064 6127 17585 11203
-15489 6788 9364 2281 19003 12118
-16322 5388 8728 -3506 5896 11594
-14448 3908 8737 -4578 -529 12885
-14586 2737 8066 -2002 -9389 13204
-12820 1080 8149 6880 -17896 11171
-11145 -3473 9568 21977 -29737 7832
-9004 -5232 9764 32767 -32768 3958
-6870 -7634 15912 32767 -24993 -3685
-7496 -2478 5808 32767 902 -7968
-10165 1872 309 32767 19206 -9096
-15068 9313 -1834 32767 19289 -8248
-6934 9550 -2469 32767 25736 -11217
-14749 19846 -2276 32767 32767 -9027
-16324 28564 -3421 32767 32767 -3204
-22209 25544 5325 17501 32767 2624
-21565 26878 -1357 -12423 32767 10241
-21066 21357 -6934 -32710 32767 9331
-17126 13897 -7420 -32768 26086 8232
-14870 9762 -8228 -32768 6060 2173
-12313 4490 -4524 -32768 -10118 -4450
-11565 2356 -1556 -32768 -21868 -10440
-10738 -1489 1181 -32768 -32235 -13400
-9569 -5056 4553 -28095 -32768 -11237
-9938 -7526 7618 -8515 -32768 -3865
-7888 -9485 12049 293 -32768 4328
-2576 -8249 21694 -2903 -24357 -1470
-4305 4788 2072 31543 16649 -3707
-14808 8005 5102 32290 11674 -3379
-8646 10134 1980 14819 22788 -9279
-13177 25602 98 2619 32767 -8033
-24636 30681 9768 9319 32767 -1943
-18922 18370 9857 -4918 32767 1351
-18253 17378 864 -23791 32767 647
-16461 11265 1292 -32768 27815 1687
-14176 8421 802 -32768 10421 1491
-13108 5398 2078 -32768 -4973 934
-12446 334 4750 -32768 -17508 -320
-11002 -3766 7690 -18024 -29947 -2533
-11372 -3392 9269 3181 -32768 -1723
-9838 -1725 10602 13083 -32768 -389
-8570 -613 18553 3794 -32768 -1534
-6765 2044 12005 13300 -7774 -6040
-16649 15452 2318 30624 18281 -7408
-15932 12641 7801 22713 9252 -5649
-10885 18353 4333 2341 22981 -7774
-19282 24397 8733 1369 28996 -197
-20485 20732 14869 3851 22726 3289
-15338 13969 10645 -10354 31952 6551
-17690 13858 5686 -21423 19234 6111
-14918 9437 5346 -31352 8432 8451
-13192 6989 6266 -32768 -5492 10226
-12520 5689 7330 -32768 -17006 10591
-11165 3126 8344 -25386 -28088 8125
-9126 -1186 10516 -8584 -32768 4914
-6809 -4045 12644 9268 -32768 2760
-3794 -4640 14992 16505 -32768 -1017
-1673 -3400 20422 19009 -17877 -11060
-3697 3082 4758 32767 24725 -14874
-13153 7317 4404 32767 17971 -17038
-5113 7064 2697 32767 28803 -21805
-12408 18385 1805 32767 32767 -23153
-17456 25793 2878 32767 32767 -19252
-20940 28920 7772 27477 32767 -10620
-23089 31321 -134 -3410 32767 1095
-22326 29872 -5804 -30033 31835 7720
-18256 21354 -6034 -32768 21653 9292
-14437 15034 -6637 -32768 3981 6579
-11105 7601 -1817 -32768 -11539 832
-9890 3346 2124 -32768 -21067 -5715
-9229 -426 4526 -32768 -30450 -10971
-7609 -6033 8184 -19301 -32768 -11498
-7145 -8185 11272 3545 -32768 -5085
-6182 -5402 10836 7691 -32768 1093
-2493 -1667 15589 3008 -17153 -2956
-16088 17468 2737 31952 18769 -5996
-5398 13469 9773 -4706 16917 -8503
-10340 28862 3760 -23818 32767 -3768
-25420 27738 14978 -8859 25626 3559
-14664 15422 11837 -22236 32767 5129
-15130 13340 4472 -31394 29251 4110
-13597 7561 7306 -32768 19200 3564
-11285 3577 7232 -32768 -535 2769
-10769 1360 8808 -32768 -16371 3519
-10748 924 9244 -31190 -27608 3621
-9468 1542 10509 -22529 -32768 2442
-8892 1362 10230 -13975 -32768 3249
-5853 -1626 11922 -4546 -32768 2441
-2344 -5266 19533 -7220 -32768 -1952
865 -3602 17931 10893 -4308 -10250
-8006 2590 8733 32767 27352 -15289
-9444 -3065 10714 32767 20241 -17296
-2428 320 6516 32767 32119 -24928
-10801 4934 6813 32767 32767 -25756
-10232 7465 3030 32767 32767 -26111
-15680 10429 5390 32767 32767 -23564
-15340 12329 -158 32767 32767 -21270
-16238 16482 -1162 32767 32767 -13652
-20046 24093 -3566 32269 32767 -4511
-21862 25998 -3970 15020 32767 3692
-20646 26505 -4913 -9083 30098 8232
-21742 27226 -8098 -28663 14827 7852
-19596 23724 -8297 -32768 -932 3442
-16688 20178 -7478 -32768 -14599 -3662
-13500 14318 -5760 -32768 -24657 -11888
-10854 8140 -3058 -32768 -31975 -19078
-9038 1234 961 -32768 -32768 -20634
-7633 -3962 5089 -31651 -32768 -17906
-6886 -9244 9620 -14720 -32768 -10193
-3154 -12088 20251 -7298 -32768 -379
1180 -7374 16486 10299 -19118 -1725
-8424 9870 -324 32767 18071 -1917
-6902 -3205 8926 32767 16786 -7585
-3792 7090 -569 32767 32276 -16903
-16548 18766 -1184 32767 32767 -17505
-16780 18280 6724 32767 32767 -16629
-12128 14273 4838 32767 32767 -12833
-16614 20158 -3644 24588 32767 -9363
-18631 20078 -4590 44 32767 -3633
-17285 22116 -6228 -27517 32767 -853
-18208 21505 -9741 -32768 19705 -3470
-14682 15902 -7616 -32768 2838 -10996
-13270 13042 -6628 -32768 -10650 -19686
-12282 9201 -4386 -32768 -22387 -29444
-10897 3282 -1748 -32768 -32611 -32768
-10020 -1541 1013 -32768 -32768 -30722
-8518 -9852 7216 -22043 -32768 -16306
-4580 -15928 18422 -13077 -32768 -309
2749 -13572 15966 2031 -22409 -5738
-4740 2652 -1230 32767 24017 -5700
-7122 -8657 7466 32767 18517 -9962
-6524 983 -742 32767 32597 -19571
-17098 11184 -2154 32767 32767 -18823
-15183 9204 3798 32767 32767 -21819
-18594 11070 -1633 32767 32767 -13262
-20356 15176 -4964 17932 32767 -1842
-21374 16926 -6381 -4044 32767 816
-21224 17223 -6383 -18665 21965 -3621
-20722 15228 -6968 -29516 6680 -13168
-19894 12464 -6582 -32768 -5900 -22392
-18757 8816 -5010 -32764 -18747 -30944