-16013 10722 -7580 -32768 -16491 -19772
-14822 6852 -5909 -32768 -26592 -24082
-14321 3429 -3738 -32768 -32768 -24766
-13574 986 -1278 -32768 -32768 -21672
-13145 -954 624 -32768 -32768 -15532
-12412 -4990 3993 -32768 -32768 -6777
-9618 -9624 11257 -32768 -32768 2429
-6272 -11369 18436 -24896 -27503 3927
-6585 -8081 5377 18772 1627 5046
-11162 -7004 4085 32767 16630 2014
-11728 -10212 9226 32767 15588 -1333
-8017 212 -97 32767 30199 -7530
-16018 11528 -3530 32767 32767 -8979
-17818 14576 1604 32767 32767 -6473
-17016 17372 -209 32767 32767 -5187
-20560 15756 865 24335 32767 -1870
-23298 15754 -3656 3498 32767 1386
-21128 16218 -3238 -15332 32767 2673
-22708 16074 -4756 -30291 21462 1577
-22338 15206 -5514 -32768 5029 -1103
-20613 12081 -5878 -32768 -9885 -5958
-17853 8625 -4517 -32768 -22265 -11823
-16173 5304 -3474 -32768 -31828 -15847
-15890 2158 -2626 -32768 -32768 -14942
-14770 -404 -1512 -32768 -32768 -11314
-14406 -2230 1257 -32768 -32768 -4802
-12472 -3005 5249 -32768 -32768 997
-9352 -3512 11585 -32768 -26939 3723
-13189 -1848 9893 -32007 -20715 5072
-7578 -3480 8628 -18120 -10627 6856
-12832 -3034 7540 620 -966 2093
-11525 -8112 9793 21042 -118 2861
-7924 -7772 8445 32767 8427 -1046
-10346 -6628 6516 32767 14257 -3494
-10556 -4020 4684 32767 22410 -8503
-12980 -368 1838 32767 27923 -11528
-14988 4238 -1280 32767 31016 -13339
-15668 7016 -2162 32767 32767 -12511
-16637 9954 -2564 32767 32767 -9663
-18508 12178 -3101 32767 32767 -5812
-19517 13858 -2709 32767 32767 -1028
-21009 15246 -3262 24099 32767 2986
-22298 15745 -3626 9539 32155 5925
-22278 15184 -4590 -4244 24379 6832
-20850 14313 -6322 -18191 12979 4035
-19842 14929 -8216 -30213 2428 13
-17890 13264 -8105 -32768 -5090 -4651
-16596 11277 -7873 -32768 -14048 -9710
-16113 7468 -6552 -32768 -24257 -14815
-14958 3881 -4940 -32768 -32167 -17488
-13629 1294 -3097 -32768 -32768 -17152
-12473 -1090 -1565 -32768 -32768 -14178
-11708 -5230 1449 -32768 -32768 -8938
-10381 -10020 5641 -30606 -32768 -1901
-7201 -15342 21337 -22075 -32768 552
-3896 -13346 7044 7685 -12614 -4109
-10781 -5854 2048 32767 12179 -2374
-13954 -5674 2665 32767 13821 -2109
-9456 -3840 -490 32767 23531 -8118
-15470 9392 -4077 32767 31510 -11560
-16070 13504 -3666 32767 32767 -9913
-19378 15154 4834 32767 32767 -8056
-19165 14922 210 32767 32767 -2688
-20909 14936 -3617 21017 32767 3652
-20057 14712 -4644 3560 32767 5758
-19733 14464 -5933 -12721 30170 4803
-19981 14008 -7513 -25594 16268 1441
-19077 13264 -8529 -32682 5052 -4515
-17450 12417 -8228 -32768 -6152 -11589
-16058 10193 -7213 -32768 -18096 -19750
-15750 6694 -5157 -32768 -30433 -23995
-15672 4014 -2942 -32768 -32768 -22850
-14541 1290 -348 -32768 -32768 -18852
-13536 -1890 2389 -32768 -32768 -12681
-12737 -6670 5966 -31430 -32768 -5037
-7904 -11668 19242 -27353 -32768 -1495
-6477 -12146 10214 -1232 -21048 -2250
-9370 -5989 4649 31440 7753 8
-14762 -2490 3010 32767 11962 196
-8360 -8032 2772 32767 21020 -4043
-13648 4801 -2088 32767 31084 -8196
-16842 9318 -2708 32767 32767 -7647
-16930 12240 1046 32767 32767 -5610
-17666 11824 -488 32767 32767 -2466
-18308 14542 -3729 32767 32767 4494
-19861 15234 -5910 21971 32767 10020
-19121 14449 -6018 4483 32767 10066
-19673 13657 -6820 -7167 26843 8628
-18932 12838 -7477 -16780 14576 3757
-18284 12874 -7746 -25995 3366 -2564
-17468 14212 -8010 -32617 -7580 -10054
-16949 14764 -8605 -32768 -19080 -17721
-16064 11590 -7757 -32768 -29659 -22939
-14932 6504 -6062 -32768 -32768 -24830
-13752 2174 -4094 -32768 -32768 -24046
-13114 -764 -1906 -32768 -32768 -21322
-12638 -2874 170 -32768 -32768 -15751
-12496 -4369 3366 -32768 -32768 -7121
-10277 -6070 8929 -32768 -32768 -437
-10173 -5821 15478 -32768 -31950 3802
-10858 -4000 8374 -22368 -18605 6283
-9316 -6664 8308 2571 -3399 5389
-10354 -7076 8162 23947 7252 761
-11089 -7838 9262 32767 9503 -1369
-11778 -2986 6512 32767 17135 -5764
-12190 -810 4800 32767 26203 -10115
-15181 3061 1630 32767 32288 -11221
-16625 5601 2061 32767 32767 -12435
-17578 8093 508 32767 32767 -10816
-17438 9938 -726 32767 32767 -8383
-18721 12340 -1781 32767 32767 -2021
-18874 13461 -3053 30348 32767 3148
-19101 13677 -3240 18208 32767 7163
-19005 13782 -4084 5685 29886 8815
-19190 13446 -5189 -6879 19107 7192
-19670 13133 -6206 -18263 9734 4622
-19126 13301 -7381 -28436 802 652
-17953 12622 -7394 -32768 -6978 -4337
-16542 10732 -6512 -32768 -15455 -10366
-15997 7470 -4537 -32768 -24998 -15142
-15009 3849 -1901 -32768 -32405 -17550
-13657 1432 318 -32768 -32768 -17173
-12692 -1074 1984 -32768 -32768 -14632
-12657 -3081 3594 -32768 -32768 -9595
-11109 -5032 4568 -32768 -32768 -4130
-9194 -7128 12528 -31600 -32493 -1626
-9681 -7106 6386 -16083 -18340 -125
-8898 -4298 4040 11763 -925 -138
-10452 -3805 2522 25248 11682 -2338
-13012 -1006 1173 32767 15070 -3217
-10126 72 -912 32767 28417 -7380
-18185 7841 -18 32767 32767 -6862
-16980 9478 1065 32767 32767 -4797
-19578 10544 4341 32767 32767 -3933
-20225 12072 3290 30134 32767 -149
-20693 11710 461 15555 32767 1920
-22193 11578 -136 4242 32767 4913
-19776 10826 -710 -5913 29399 2924
-19564 9340 -984 -12587 17219 -33
-18737 8616 -1146 -15960 7295 -3467
-18256 7765 -1369 -17726 -3503 -7302
-18030 6500 -910 -18460 -14031 -10048
-17869 5069 -229 -19357 -23813 -10545
-18093 4660 912 -20834 -30945 -8701
-17461 4410 1717 -22310 -32768 -7749
-17061 3852 3694 -25277 -32768 -5259
-15214 3577 6838 -28294 -25172 -3433
-14844 3746 5372 -29624 -14313 -5412
-14772 3225 5085 -25455 -9533 -6569
-14033 2977 5086 -21324 -5641 -8175
-13969 2152 5260 -16226 -2926 -9225
-14106 1756 5213 -10773 250 -9449
-15121 1469 5288 -5889 2296 -9680
-14756 26 6084 -4139 3683 -10396
-14957 1517 6389 -6930 6083 -12168
-17892 1056 8668 -9574 5577 -12820
-17374 1209 8750 -8981 2957 -13106
-15469 -78 9444 -8863 -324 -12320
-14857 -1402 10724 -7319 -5190 -11453
-15764 -4277 11198 -3120 -12916 -11021
-15938 -3558 10730 650 -19192 -10466
-16006 -2597 9744 5024 -22295 -9973
-15732 -1289 9136 8652 -22840 -9605
-16453 1540 9094 10539 -21139 -9500
-16970 4710 9462 10377 -18327 -8590
-16506 6754 10577 9398 -14997 -7020
-15589 6238 12089 7523 -10956 -4795
-15810 4914 12966 6077 -7058 -3018
-16561 3220 13381 6613 -4633 -1538
-16998 2433 13622 7985 -3732 -368
-17268 2237 13386 10142 -3912 602
-17820 2868 13018 12658 -4720 1538
-18200 4445 12997 14606 -5980 3015
-18582 6105 13318 14509 -7756 4295
-18682 7388 13568 12780 -9537 5937
-19028 7857 13416 10190 -11128 7875
-19692 7881 12984 8463 -12478 9839
-19880 8401 13082 7002 -14429 11889
-19965 8617 13189 4899 -15947 14014
-20573 8472 12718 3878 -17362 15792
-20252 8173 12673 3080 -18303 17419
-19524 8116 12365 2661 -18490 18998
-18926 7756 11956 2683 -18339 20553
-18220 7693 11150 2335 -17626 21808
-17969 7750 10340 2842 -16803 22747
-17661 7752 9861 2645 -15753 23239
-17518 8350 9836 2053 -15021 23925
-16462 7804 9329 888 -13615 25186
-14840 7217 8837 0 -11553 26904
-14301 7149 8900 -538 -10409 28226
-14164 7498 9108 -1232 -9771 29062
-13642 7289 9085 -1403 -9471 29600
-12506 6746 8964 -846 -8580 30036
-11348 6578 8676 26 -6768 30094
-10376 6240 8500 1335 -4317 29762
-9416 6097 9062 2042 -1372 28937
-8462 6364 9812 2394 1261 28109
-7305 6561 9212 3487 4883 27247
-6689 5858 8292 5812 9347 26380
-6380 6021 5798 7075 14823 24690