-15605 5842 4588 1543 2540 303
-15624 5565 4832 1370 2627 503
-15665 5446 4925 1241 2622 556
-15761 5222 4973 1179 2632 634
-15850 5026 5196 1195 2565 646
-15853 4861 5240 1301 2436 541
-15926 4713 5334 1529 2437 513
-16004 4526 5321 1827 2277 355
-16037 4402 5312 2220 2170 179
-15992 4334 5314 2728 2020 -10
-15908 4222 5378 3299 1845 -260
-15854 4239 5359 3933 1670 -655
-15755 4155 5225 4528 1536 -1056
-15730 4190 5186 4917 1418 -1430
-15873 4296 5174 5205 1363 -1702
-15824 4372 5258 5285 1200 -1975
-15772 4454 5426 5177 1112 -2338
-15892 4566 5628 5148 898 -2652
-15994 4622 5600 5015 753 -3024
-16286 4866 5732 4920 690 -3283
-16380 5025 5896 4699 505 -3606
-16292 5212 6152 4398 331 -3866
-16478 5389 6408 4164 0 -4027
-16705 5561 6945 3951 -542 -4113
-16992 5721 7652 3856 -1296 -4187
-16890 5898 8322 4012 -2155 -4253
-16865 5990 9297 4271 -2993 -4234
-16550 6137 9934 4602 -3615 -4268
-16384 6378 10354 4407 -4174 -4433
-16522 7157 9714 5151 -4903 -3793
-16293 7636 9272 5070 -5374 -3154
-15730 7965 8766 4936 -4924 -2339
-15372 7878 8622 4288 -3979 -1728
-15089 7482 8536 3661 -3065 -1217
-14668 6976 8222 3168 -2237 -900
-14537 6573 7809 2773 -1293 -672
-14377 6193 7980 2898 -376 -540
-14053 5434 8688 3199 370 -537
-14173 4952 8834 3636 1327 -630
-14776 4744 8662 5194 1761 -802
-15426 4468 8236 7190 1787 -1240
-15686 4508 7961 9186 1729 -1357
-15705 4748 7998 10334 1782 -1318
-16166 5362 7981 11745 1650 -840
-16070 5525 8473 11913 1345 -603
-16553 5421 8262 12074 769 -294
-16737 5045 8013 12163 -458 -222
-16721 5232 7889 12195 -1150 -18
-16409 5085 8185 12016 -2155 11
-16121 4302 8641 12352 -2957 -41
-16085 3569 8308 13611 -4148 -125
-16248 3358 7684 15568 -5543 29
-16337 3440 7100 17696 -6693 508
-16264 3682 6760 19908 -7495 989
-16380 4245 6837 22146 -8000 1549
-16290 4574 6733 23522 -8018 1895
-16520 5245 6586 24371 -7978 2031
-16656 5452 6148 24370 -7855 1898
-16482 5773 5806 24512 -7707 1881
-16141 6218 5640 24507 -7499 1910
-16032 6816 5374 23985 -7547 1997
-15596 7360 5558 23659 -7938 1947
-15304 7972 5425 23044 -7592 1752
-15252 8578 5314 22933 -7144 1312
-14789 9086 5225 22808 -6636 1359
-14669 9777 4910 22583 -6262 1687
-14678 10652 4676 22301 -5888 2339
-14388 11567 4147 21715 -5428 3186
-14373 12996 3686 21017 -5566 4255
-13711 13023 3604 21151 -5642 5811
-12910 12434 3628 21021 -5787 7827
-12167 12044 3294 20615 -5425 9410
-11306 11721 3008 20399 -5018 10671
-10592 12000 3086 19816 -4458 10939
-10112 12375 3220 17937 -3517 10414
-9394 12473 3234 16965 -3633 9255
-9009 12274 3041 16168 -3913 8573
-8629 11841 2964 15963 -4663 8086
-8006 11238 3004 15721 -5265 7629
-7806 11286 2868 15596 -5535 7224
-7451 11046 2640 15875 -5987 6492
-7164 10668 2253 15689 -6391 5393
-7114 10629 1988 15826 -6939 4656
-6953 10753 1605 15320 -7264 3822
-7158 10832 1440 14247 -6825 2811
-7144 11214 1177 12647 -6424 1343
-7190 10529 673 11016 -5661 -662
-7798 9850 398 10645 -5205 -1799
-8025 8800 184 10642 -5320 -2378
-7874 8500 46 10816 -3954 -3317
-8677 7977 392 11254 -2172 -4766
-10131 8351 415 12800 -917 -7013
-11250 7974 66 13934 493 -8203
-12289 8950 -478 13896 821 -8744
-13796 9267 -468 13786 1303 -8718
-15951 9527 -569 13076 553 -8358
-18203 8594 -354 12062 -1152 -8292
-19742 8489 -652 10839 -2837 -8498
-19974 8997 -706 9390 -3705 -8900
-19922 9074 -911 8084 -3941 -9642
-19834 8512 -1142 7691 -4520 -10068
-18959 7736 -1703 8165 -4901 -9728
-17886 8208 -1528 9847 -4421 -8976
-16722 8563 -1877 11730 -2575 -8019
-16438 8804 -1746 12889 -1139 -7319
-16230 8480 -1867 13681 -228 -6509
-17097 9081 -2262 13430 614 -6156
-17290 9794 -2016 12537 708 -6596
-16810 9073 -1636 11524 664 -6934
-16724 7906 -1404 11329 405 -6704
-17209 7529 -1749 10958 154 -6248
-17692 7238 -2146 10345 187 -5604
-18076 7088 -2457 9778 659 -4927
-18514 7293 -2145 8959 1524 -4779
-18421 7382 -1798 7853 2599 -4683
-18008 7680 -1318 6890 2680 -3811
-18217 7220 -45 6624 2778 -4022
-17541 7630 -29 6049 1959 -3953
-17124 7236 336 5803 986 -3628
-17190 6987 1247 6521 67 -2697
-17148 6312 1777 8461 -1674 -1794
-17082 7182 1788 9157 -2632 -1367
-16608 5908 1140 10746 -3162 -2126
-15796 6721 -50 11842 -695 -3157
-16309 7916 -489 11824 1405 -3114
-17140 8409 -1117 11814 3126 -2699
-17688 7464 -2358 12334 4379 -2116
-19016 8520 -3305 12601 5273 -1627
-19705 7716 -3233 14122 4779 -1306
-19470 8411 -3414 13889 4303 -466
-18336 7209 -4203 12463 4808 8
-17672 6590 -4169 11442 6646 541
-17658 7318 -3600 9643 7718 967
-17060 6715 -3128 8561 8505 1835
-16150 5220 -3116 9466 9504 2275
-16313 5525 -3800 10334 11724 2444
-17249 8367 -4520 8997 14342 1475
-17281 8290 -4841 7823 13920 928
-16088 6782 -5309 8164 12433 794
-14974 6424 -6061 7097 10995 243
-13125 6328 -6484 6175 11188 996
-13730 7346 -7414 4251 11829 1488
-14589 7246 -7584 2007 11358 1535
-15405 7878 -8054 -1419 9366 33
-14293 5550 -8338 -3586 5784 -1320
-13488 6118 -8705 -4096 2007 -1013
-13199 5842 -8825 -5801 -277 -367
-12928 3757 -8286 -4113 -1664 82
-13231 4626 -7793 -1769 -2744 -223
-13405 5106 -7575 -36 -3543 -638
-13640 4942 -7610 1879 -3267 -865
-13430 4814 -7456 3482 -2726 -1219
-13158 4953 -7650 5303 -1393 -1397
-13298 4876 -7456 6828 -41 -1197
-14250 6061 -7276 7808 150 -1082
-14079 7516 -6977 7385 154 -584
-13858 6654 -6420 6840 176 -676
-13587 5510 -7553 6997 294 -1270
-14008 5757 -7960 7618 144 -1735
-14478 6184 -7726 7743 -927 -1682
-13894 8025 -8045 6069 -1834 -754
-14520 8041 -8748 1533 -2481 -130
-15282 6200 -8849 -2009 -2566 -150
-15200 3617 -7792 -1379 -3642 -446
-15889 5342 -7747 -30 -3624 -438
-15934 6325 -7202 -406 -4237 451
-15677 6195 -6695 -786 -4487 1775
-15880 5806 -6716 -358 -5343 3309
-15297 5994 -6809 -991 -4461 4381
-15257 6958 -6341 -1539 -4068 4052
-13716 6316 -6429 -2360 -3391 4240
-14910 6974 -6709 -3021 -3507 4384
-15805 8469 -7166 -5517 -4658 4963
-15426 9780 -8026 -10393 -5633 4827
-14345 4645 -6968 -10780 -4628 4101
-12931 4219 -4743 -3410 -2821 2962
-14428 9900 -5496 -4721 -2375 2723
-14896 6533 -5420 -5268 -2421 2567
-14512 7589 -5488 -4212 -2169 2710
-14688 8551 -5637 -6339 -1706 1873
-13769 5857 -5120 -5323 -1114 975
-13414 6201 -4942 -3831 -144 104
-13630 7729 -4928 -4248 791 -589
-13860 8596 -4915 -6032 1592 -1090
-13865 7833 -4669 -6933 2634 -1545
-13544 7176 -4128 -6476 3812 -2557
-13540 7046 -4108 -6097 4831 -3536
-14296 6952 -3938 -5590 5518 -4425
-15220 8055 -3384 -3979 4659 -4373
-14865 9141 -4693 -6357 4181 -4364
-15109 8197 -5230 -8067 4313 -3769
-15276 7456 -5294 -8617 3758 -3661
-15704 7146 -5228 -8257 2674 -3708
-15653 7576 -5057 -8804 1318 -3278
-16190 8813 -4685 -12056 147 -3014
-16106 7522 -4286 -15442 -139 -2878
-16924 7469 -3916 -17509 519 -3607
-17296 7721 -2416 -20696 -173 -4090
-18344 9110 -1602 -27278 -3305 -3999
-18213 7973 -845 -32675 -7229 -3538