-20273 1661 4832 20011 -14662 -17305
-19777 3757 3917 18189 -14012 -16727
-19381 4697 3001 15665 -11927 -16233
-18777 4808 2158 13128 -9478 -15190
-18557 5340 1416 9896 -7060 -13813
-18442 6080 1242 8397 -5379 -13027
-18069 6041 1180 6932 -1965 -11725
-17912 6800 846 5058 585 -10093
-18062 6962 230 2831 3056 -8138
-18032 6454 -18 925 4749 -6096
-18545 6317 -598 -1086 5980 -3890
-19212 5932 -600 -2667 6085 -2162
-19272 5709 -886 -4181 6058 -489
-19384 5226 -1365 -5720 5985 902
-19433 4897 -1762 -6658 5392 1997
-18889 4622 -2105 -7424 4675 3294
-18394 4138 -2273 -7908 4098 4672
-18014 3973 -2628 -8160 3787 5897
-18062 3888 -2793 -8067 3649 7152
-18189 4078 -2862 -7843 3695 8378
-18394 4122 -2788 -7300 3855 9776
-19266 4505 -2641 -6786 3789 11253
-19720 4820 -2453 -6482 3400 12766
-19997 4816 -2229 -6290 3166 14354
-20474 4545 -2242 -6066 2718 15565
-20805 3837 -2509 -6028 2296 16482
-20518 3352 -2681 -6679 1096 16831
-19309 2712 -2361 -8448 2027 16677
-18246 1400 -2444 -9554 4737 16411
-17585 1006 -2896 -10479 7457 15925
-16878 397 -3292 -11379 10407 14987
-17068 229 -3097 -11797 13812 14190
-16778 424 -3108 -12147 17197 12660
-17006 297 -2846 -12112 20452 10462
-16644 221 -2880 -12034 23412 8119
-16908 2 -2672 -11238 25466 6150
-17056 737 -2960 -10878 25819 5300
-20308 3164 1602 -12194 20162 4357
-16998 -5948 8470 -9006 7524 -1760
-19733 -7989 7313 -8452 711 -6161
-17972 -817 4584 -10614 -4020 -9880
-15584 1544 3912 -12651 -7200 -10469
-14557 2005 3350 -17048 -7240 -9078
-13332 -266 3874 -19156 -5847 -6892
-12308 -3070 4941 -17710 -4106 -5262
-12346 -4210 4637 -13650 -2465 -4744
-12264 -3422 3997 -6569 464 -3847
-13489 -1938 2705 -7 2887 -2397
-14616 32 1901 3766 4367 -1389
-15318 1072 1285 6443 5088 -326
-15201 2421 281 8357 6790 694
-15796 3202 -417 10186 8089 1558
-16620 3225 -421 9919 8020 1737
-17170 3558 -1240 8219 7329 1458
-17496 4224 -2133 6904 6164 854
-17689 4668 -2625 4488 5364 302
-18209 5329 -3196 1968 3941 -569
-18537 5782 -3282 -416 2412 -1520
-18705 5982 -3393 -2653 785 -2241
-18593 6500 -3218 -4938 -411 -2676
-18734 6994 -3080 -7238 -1386 -2862
-18672 7014 -2668 -9139 -2088 -2690
-18121 6758 -2502 -10361 -2740 -2314
-17841 6377 -2330 -10850 -3235 -1822
-17301 6124 -2305 -10342 -2798 -970
-17324 5924 -2174 -9508 -2040 -102
-17204 5910 -2068 -8671 -1332 645
-16996 5629 -1805 -7919 -696 1247
-16972 5593 -1552 -7231 -246 1725
-17310 5917 -1602 -7234 62 1872
-17941 6274 -1429 -8274 -761 1647
-17994 6629 -1768 -8051 -1981 1690
-17658 6193 -1718 -10349 -2170 1830
-17346 6478 -1570 -11848 -3397 1849
-17296 6120 -1160 -13433 -5051 2226
-17245 5570 -780 -13894 -7434 3112
-17072 5621 -586 -12709 -10166 4701
-16793 5097 -182 -9929 -13001 6725
-16136 5454 -469 -8875 -14182 8380
-15878 5480 -12 -8529 -14562 9616
-15656 5405 142 -7647 -13919 10620
-15082 5341 865 -5246 -13457 10726
-14788 5350 1461 591 -13753 11728
-13953 6709 1136 1235 -12087 12196
-14517 7502 1781 690 -10934 11648
-14676 6718 2858 996 -10876 11260
-13926 6472 2753 3093 -11047 11823
-13520 6905 1713 3943 -9360 11577
-13381 7736 2385 3640 -8379 11209
-12805 7918 2313 2788 -7492 10994
-12688 7808 2332 1194 -6534 10967
-13026 8005 1673 -307 -4939 10963
-12472 8592 964 -2113 -2619 10706
-12097 8144 1578 -3641 -416 9753
-12444 7426 1760 -4436 1562 8963
-12553 7660 1685 -5151 3570 8042
-12862 7336 1566 -5841 5660 7042
-13397 6948 1636 -6350 7594 6353
-13812 7129 2122 -6889 9039 5779
-14725 7468 2929 -7693 9336 4985
-15862 6706 4669 -7546 8144 3716
-16741 5782 6596 -6141 6110 2110
-17773 6297 7638 -4977 3931 568
-18237 7702 7696 -4863 2140 -641
-18577 8569 7176 -6146 1168 -1357
-18548 8822 6566 -7871 764 -1656
-18257 8053 6418 -8975 280 -1818
-17901 7094 6194 -8678 -489 -2046
-17208 6388 5641 -7149 -1293 -2548
-16300 6524 4532 -4909 -1443 -3128
-15336 7113 3222 -2757 -701 -3431
-14597 8204 2110 -1601 1117 -3380
-14005 9214 1593 -2073 3727 -2568
-13340 9402 1197 -3185 6739 -1879
-13753 9462 1782 -3798 8762 -1441
-14533 8518 1878 -3790 9724 -1130
-13312 8210 3114 -2162 9662 -624
-13781 8509 3861 -863 9702 -274
-14458 9784 3465 -333 8582 423
-13861 10193 3258 -925 8095 1130
-14008 10164 2812 -2052 7635 1825
-13924 9756 2297 -2973 7258 1972
-13941 9145 1857 -3709 6939 1426
-13365 8829 1070 -3999 7302 546
-13750 8489 444 -4492 8149 -613
-14424 8825 -58 -4787 8750 -1493
-14774 8926 -425 -5042 9038 -2131
-15156 9117 -568 -4983 8839 -2538
-15214 9465 -890 -5008 8559 -2683
-15454 10104 -1346 -5309 8352 -2621
-15736 10250 -1272 -5677 7897 -2620
-15669 10200 -1242 -6062 7617 -2628
-15906 10221 -1138 -6781 7317 -2410
-16062 10273 -1034 -7654 6949 -2273
-16254 10113 -1052 -8667 6776 -2087
-16618 9572 -958 -9248 6579 -2049
-16968 9098 -834 -9379 6062 -2138
-16894 8996 -988 -9648 5544 -2074
-16864 8897 -1238 -10246 5175 -1989
-16978 8522 -1204 -10834 4715 -1906
-17054 7990 -1402 -11109 4080 -1864
-16801 7525 -1416 -11238 3516 -1812
-16760 7157 -1369 -11198 2915 -1662
-16768 6768 -1248 -11006 2351 -1503
-16822 6554 -1089 -10688 1722 -1193
-16829 6337 -1028 -10401 1090 -846
-16925 6316 -792 -9998 378 -380
-16930 6150 -734 -9574 -303 73
-16785 6064 -564 -8982 -989 533
-16724 6010 -494 -8268 -1623 1005
-16616 5894 -340 -7430 -2253 1364
-16525 5705 -181 -6583 -2784 1661
-16457 5580 -80 -5869 -3220 1857
-16384 5549 68 -4979 -3714 2040
-16556 5448 202 -4320 -4059 2246
-16612 5346 192 -3644 -4342 2449
-16500 5034 301 -2987 -4458 2610
-16337 4754 414 -2152 -4454 2753
-16144 4371 515 -1051 -4164 2811
-16065 4006 612 83 -3755 2651
-16053 3788 630 1212 -3236 2373
-16042 3642 662 2394 -2618 2039
-15995 3488 728 3762 -1851 1543
-16118 3581 670 4924 -1043 1054
-16265 3953 699 5738 -410 558
-16226 4086 774 6119 129 44
-16132 4280 613 6288 706 -512
-15885 4515 534 6407 1262 -1376
-15881 4718 501 6568 1453 -2078
-15746 4970 372 6843 1498 -2800
-15605 5233 213 6992 1416 -3289
-15485 5366 97 7028 1408 -3419
-15509 5497 -29 7375 1527 -3659
-15558 5362 -26 8040 1537 -3860
-15576 5174 42 9160 1865 -3931
-15634 5125 316 10732 2203 -3713
-15753 5298 160 12180 2555 -3133
-15442 6412 -284 13427 3303 -2119
-15357 7233 -863 14230 4165 -1298
-15198 7430 -980 15052 4617 -1179
-15260 7556 -1032 15778 4654 -1499
-15457 7974 -1058 16430 4181 -1905
-15444 8588 -1321 16500 3594 -2288
-15632 9156 -1508 15759 2798 -2163
-15650 9779 -1546 13732 1683 -1584
-15600 9740 -1552 12344 992 -1372
-15644 9972 -1820 11027 -12 -1495
-15778 9874 -2100 9108 -1366 -1765
-15592 9670 -2424 7564 -1974 -2376
-15496 9552 -2460 6660 -2258 -2894
-15312 9306 -2614 5303 -2025 -3701
-15430 9013 -2797 4051 -1718 -4560
-15340 9254 -2838 3587 -1274 -4760
-15301 10057 -4265 4647 -257 -4116
-15449 8156 -2849 5637 760 -3345
-16580 10610 -2938 7105 1152 -2498
-16880 11285 -2628 7627 890 -1431
-17160 12800 -1873 6683 674 -338
-17374 12475 -779 6122 -1329 681
-16973 11469 -824 5679 -3513 1141