4048 16815 -1668 15987 -6071 1427
4222 16172 -2462 17674 -4627 1235
4089 15942 -2887 20299 -2855 648
4130 15426 -3514 23743 -762 -387
3488 16902 -4425 25876 899 -1716
3809 17124 -4727 28360 2587 -2761
3445 18588 -4966 27834 4107 -3818
2581 18524 -5506 27346 4440 -4920
3026 18885 -5076 25303 4483 -5416
2850 19362 -5082 23389 4246 -5363
3601 19241 -4754 22198 4367 -4751
3738 20985 -4331 18657 4307 -4665
3085 20228 -4264 15202 4405 -4519
3384 20440 -4506 13983 4772 -4387
4058 18769 -4761 14222 5333 -4503
3696 17472 -5726 14910 6287 -5896
3802 16874 -6874 15229 7208 -6632
2303 17050 -8050 16101 7239 -6189
2595 17063 -8611 15585 6819 -4997
2714 16574 -9176 15393 7246 -3886
2398 16269 -9326 14839 7565 -3457
2109 16334 -9505 13400 7608 -4271
1476 16946 -8972 12147 6729 -4633
2313 16933 -8860 9907 5788 -4617
2452 17642 -9518 6448 5116 -4401
2424 16784 -9364 4488 4438 -3958
2875 16178 -9380 2779 3438 -3327
2129 16580 -10176 163 2203 -2986
2411 14516 -10111 -131 779 -2019
2797 14445 -10545 1162 1206 -1673
2977 14149 -10361 2426 2205 -1861
3864 13437 -10241 4705 4161 -2033
3605 14304 -10316 6391 6314 -2204
2982 14902 -10312 6997 7401 -2330
3202 13916 -10167 7571 8504 -2303
3393 13116 -10214 8377 10155 -2516
3768 12540 -10686 9136 11692 -3021
3341 12108 -10890 9950 12767 -3630
1525 13802 -11476 10019 10752 -3413
1037 15554 -11524 7844 6924 -1810
1509 15748 -11345 5289 4032 -507
2679 14304 -11472 3166 2822 139
3805 13875 -11365 1804 3771 170
3082 14860 -11473 278 4330 -218
2908 15341 -10993 -1129 3910 -325
2673 16029 -11486 -2425 3437 -106
3548 14368 -11538 -2238 3370 112
3565 13800 -11529 -1488 3303 -95
3176 13410 -11932 -1831 2276 -322
3080 14300 -12176 -1857 1012 563
3269 14402 -12490 -1553 54 1826
2524 16019 -11355 -4191 -1487 2470
3490 15076 -11016 -6273 -1876 2587
3674 13770 -10611 -6678 -1567 2204
3246 12841 -10194 -6257 -2306 1497
3246 13193 -9820 -5898 -3531 1183
3440 13302 -9622 -5768 -4489 1161
3912 13033 -9819 -5254 -4474 952
4208 12785 -9958 -4219 -3415 618
3408 13946 -10226 -3872 -2963 652
3602 14134 -10170 -4080 -3055 1078
3670 14536 -10337 -4509 -3045 1084
3975 14017 -10521 -4450 -2363 1042
4622 12300 -10144 -3549 -1861 305
4308 12488 -9960 -1650 -1442 -408
3942 13276 -9738 -135 -1675 -836
3805 13969 -9608 558 -1516 -1013
3864 14406 -9618 651 -1146 -1086
3866 14393 -9679 735 -591 -1089
4220 13989 -9933 765 479 -1291
3731 13740 -10221 1391 1328 -1567
3613 13886 -10388 1986 1758 -2072
3336 13665 -10612 2539 1866 -2541
3945 13264 -10846 3731 1981 -2711
4136 12620 -11480 5592 2973 -3189
3733 13477 -11917 7236 4011 -3886
3368 14224 -12238 7231 4171 -4071
3711 13758 -12106 7359 4423 -3622
3780 13852 -11864 7361 4950 -3358
3746 14565 -11855 6621 5560 -2944
3804 14232 -11610 5833 6267 -2735
2784 14442 -11837 5091 6298 -2909
2156 14744 -12028 4323 5251 -2757
2328 15096 -11737 2330 2943 -1858
3012 14280 -11524 1084 1593 -1188
3608 13558 -11425 1359 1842 -1303
3438 14070 -11306 1415 1960 -1213
3094 14942 -11272 366 1300 -399
3573 13648 -11185 324 1552 222
4117 13410 -11238 479 2259 352
4038 13116 -11076 657 2712 347
3933 12701 -11069 1466 2881 315
3848 12736 -10920 1912 3027 98
4063 12996 -11066 2059 2990 76
3907 13171 -11493 1350 2354 29
4676 12452 -12086 1224 2247 334
4852 12049 -12285 1119 2481 213
5384 11512 -12170 1372 2730 212
5630 11389 -12020 1875 3217 263
5820 11249 -11984 2210 3990 268
5367 11154 -11970 2787 4090 141
4929 11798 -11961 2493 3125 -37
5063 12207 -11897 1319 1432 -56
5820 11708 -12084 765 1171 -7
5776 11693 -12290 356 1211 78
5632 11997 -12161 -410 1080 -55
5426 11901 -12104 -1038 889 294
6026 11584 -11918 -1379 862 597
5967 11497 -11686 -1249 980 776
5881 11569 -11490 -1238 833 746
5872 11782 -11549 -1320 728 781
5949 11757 -11537 -1358 691 607
5560 11656 -11565 -1221 523 364
5303 11990 -11718 -1121 213 398
5004 12355 -11951 -1358 -331 629
5201 11916 -11861 -1439 -452 615
5102 11698 -11593 -866 -93 364
5086 11824 -11432 -402 261 197
5014 12145 -11227 -229 416 -1
4692 12634 -11300 119 945 -101
4640 12900 -11320 171 1181 -166
4725 12944 -11421 115 1052 -161
4226 13138 -11544 -83 731 -268
3520 13392 -11843 -298 489 -526
4524 13229 -11813 -654 481 -818
4364 13076 -11784 -872 925 -1220
4840 12754 -11394 -693 1460 -1835
4721 12450 -11208 345 2053 -2718
4378 12509 -10872 1286 2004 -3230
4762 13793 -10623 1377 1220 -3065
4036 14517 -11416 1218 607 -3062
3873 15021 -11612 840 126 -2848
3523 16492 -11974 -1025 -501 -2416
3170 17646 -12312 -4834 -1172 -1405
4155 15679 -12088 -7294 -1056 -959
4737 13017 -11662 -7087 -603 -1348
4633 13290 -11251 -6406 -685 -1811
4353 15007 -11087 -7182 -1324 -1889
3958 15987 -10990 -9533 -1376 -1248
3812 15858 -10975 -12044 -1155 -350
4016 15218 -10792 -13232 -874 115
4610 13062 -10705 -12391 -697 -228
5978 11082 -10001 -9773 89 -1202
6340 10101 -9973 -6060 1102 -2371
6600 10605 -9729 -2160 3020 -3342
6500 12530 -9521 594 5235 -4187
5349 14161 -9809 2326 7596 -4642
4634 15201 -10138 3120 8553 -4912
4830 15041 -9972 3878 8893 -5136
5186 14381 -10141 4461 9452 -5608
5407 14401 -10087 5189 9686 -6110
5673 13606 -10386 5334 9822 -6582
6108 13452 -10522 5847 10413 -6728
5676 13938 -10760 6154 10564 -6528
5478 14014 -10848 6184 10190 -6304
5109 14111 -10835 6257 9656 -6330
4965 14121 -11160 6236 9467 -6659
5505 13829 -11034 6176 10104 -6955
5528 14048 -10961 5665 10730 -7276
5348 13892 -10980 5093 11091 -7292
5452 13183 -10762 4784 11361 -7460
5184 12938 -10914 4732 11563 -7861
5557 12664 -10800 5020 11642 -7959
5652 12282 -10481 5813 11965 -8217
5666 12884 -10204 5968 12251 -8418
5441 12938 -10090 6095 12558 -8593
5398 12966 -10097 6614 12652 -8567
4965 13128 -10438 6499 12324 -8740
5013 12944 -10614 6561 11892 -8911
4586 13993 -10624 5631 11291 -8894
4312 14169 -10586 4034 10624 -8751
5001 14520 -10201 1998 10165 -8505
4892 14540 -9986 -474 9650 -8401
5137 14860 -9808 -2972 9331 -8139
5594 14857 -9728 -6301 9293 -8024
5273 13724 -10004 -9267 8761 -7964
5710 11848 -10141 -10265 8309 -8009
6188 10812 -10081 -9891 7976 -8606
6641 9825 -9958 -8586 7546 -9141
7320 9048 -10012 -5905 8156 -9605
7260 9360 -9770 -2592 9308 -10123
7106 10390 -9701 16 10526 -10723
6181 11098 -10041 2324 11843 -10934
5544 12354 -10656 3856 13072 -11174
4817 13665 -11140 4549 13507 -10922
4346 14336 -11613 4528 13799 -10593
3552 14713 -11621 4037 13567 -10425
3430 14834 -11462 3485 12827 -10232
3404 14846 -11084 3396 12261 -10027
3908 15688 -10568 3069 12210 -9680
3680 16597 -10105 2572 11692 -9496
2902 16993 -10090 1719 10966 -9292
1948 17048 -10105 1485 9667 -8767
1357 17674 -10100 1533 8661 -8260
1330 18260 -9773 1476 8065 -7534
644 18916 -9414 878 7036 -6572
733 19117 -8898 -115 6165 -5352
1352 18264 -8177 -335 6081 -4320
1941 17137 -7438 347 6503 -3839
2161 16361 -6817 1510 6856 -3595