-14014 23665 -6970 28603 -12484 -9986
-12648 24861 -9060 24169 -6860 -14591
-14972 18850 -11052 26033 -7249 -16905
-14384 21493 -14045 25194 -7821 -14774
-14289 21945 -14166 20406 -9826 -11601
-12333 19290 -11165 15150 -10111 -8965
-10390 17014 -9088 13389 -9989 -8646
-10456 16806 -8609 12733 -10886 -9648
-10852 16250 -7508 11242 -13254 -10366
-11547 17275 -6468 8011 -16139 -9326
-11194 16301 -6033 4928 -16192 -7662
-10898 15562 -6110 4811 -14472 -6820
-11393 15062 -6749 5506 -13170 -6911
-12121 14448 -7309 7397 -12029 -7620
-12894 15702 -8266 8935 -11121 -8091
-13372 17060 -9069 9205 -10101 -8006
-13613 16124 -9832 9924 -8658 -7918
-14106 16693 -10320 10608 -7136 -7931
-13965 16994 -9904 10124 -6309 -7662
-13818 15545 -9241 10151 -6036 -7515
-13884 15290 -8350 10112 -6232 -7544
-13113 14014 -7699 10147 -7414 -7075
-12338 12868 -6936 10139 -8532 -6418
-11696 11492 -6689 10152 -9442 -5843
-11136 11015 -6958 9336 -8585 -4733
-11734 9748 -6862 8487 -7673 -3689
-12828 9855 -5783 8699 -7794 -3389
-12093 10332 -5206 8424 -7564 -2990
-12521 10384 -5486 7710 -6649 -2190
-12705 10889 -5801 7022 -5275 -1439
-13530 10913 -6182 6736 -4026 -730
-13953 11017 -6821 6993 -3231 -260
-14173 10730 -7593 7765 -2982 172
-14274 11348 -8010 8474 -2730 788
-14321 12188 -8322 9037 -2047 1718
-14226 12998 -8486 9004 -1496 2590
-14092 13192 -8085 8868 -1482 3400
-13482 14438 -7688 7636 -1725 4062
-13466 13908 -7041 6608 -2297 4311
-13109 13610 -6176 7011 -3244 4218
-12534 13886 -5762 7396 -4018 4470
-12818 14212 -5916 7795 -4118 4810
-12221 14414 -5868 8036 -3631 5449
-11940 14677 -6462 7972 -2955 6189
-12112 14462 -6756 7987 -2279 6799
-11776 14006 -6973 8597 -1815 7153
-11342 13941 -7069 9024 -1245 7746
-10917 14490 -7332 7957 -794 8176
-10848 14224 -7426 6876 -792 8683
-10812 13981 -7388 5991 -1018 9021
-10668 14326 -7258 5084 -1102 9423
-10436 14684 -7333 3961 -1123 9955
-10493 14649 -7169 3045 -1275 10465
-10786 14330 -7062 2850 -1653 10838
-10870 14237 -7142 2426 -2082 11232
-10949 13307 -7128 2530 -2556 11874
-11086 14050 -7445 3792 -2264 12486
-11178 13232 -7490 3476 -1866 12584
-10076 12776 -7585 3466 -2014 12989
-10961 11873 -7637 3686 -3007 12517
-10838 12220 -7412 3365 -3833 11870
-10294 12438 -6686 2663 -4766 11394
-9468 11788 -5528 1162 -5525 11104
-9376 11514 -4766 -163 -5856 10987
-9565 10770 -4398 -995 -6278 10756
-9120 11405 -3217 -2376 -7112 10182
-8440 11088 -2322 -4242 -7664 9964
-8965 10118 -2174 -3860 -7950 9119
-9093 11021 -1841 -3692 -8271 8331
-8613 11261 -1612 -4344 -8243 7613
-8874 10460 -1929 -3721 -8134 7004
-9773 11207 -3240 -2157 -7649 5582
-9859 13211 -3484 -1862 -7380 4448
-9266 12736 -3300 -2606 -6799 4189
-9226 13222 -3234 -3857 -6388 3837
-9380 12196 -2930 -5314 -5988 3263
-9484 10558 -3005 -5329 -5358 2299
-9780 9665 -2804 -3624 -4802 930
-9689 10586 -2876 -2384 -4147 -188
-9821 11285 -2516 -2209 -3587 -454
-9972 11073 -2726 -2396 -3151 33
-10764 10274 -2740 -2606 -2659 10
-11876 8734 -3470 -958 -2106 -575
-14024 9377 -4782 1928 -2024 -1997
-16336 11474 -3873 3700 -3860 -3398
-22566 3569 2777 5875 -12774 -7945
-3014 -13714 -24 15362 -5377 -8721
-12669 18772 -5816 8673 5273 -40
-23875 20698 -10959 4392 5688 3253
-21621 19418 -11424 4552 2920 1690
-19514 20292 -9437 5709 -819 -975
-16432 15663 -6720 4078 -4984 -4512
-15073 12061 -5049 -834 -6019 -5193
-15674 13362 -4566 -6312 -5647 -5658
-16028 14041 -5105 -12277 -6919 -5683
-15641 15244 -5636 -20054 -9308 -5946
-17030 16552 -6372 -27649 -13413 -6581
-16760 16290 -6974 -32476 -18150 -7982
-16157 16260 -7891 -32768 -20968 -9566
-13852 14802 -9504 -32768 -22432 -8910
-15173 4104 2015 -31902 -29226 -10469
-13932 15210 -2017 -23102 -26243 -5301
-10894 19140 -3682 -25245 -27235 -4617
-16890 14840 2 -27691 -20589 -5619
-18090 13078 320 -28934 -18222 -7815
-16164 9885 3243 -30588 -16390 -7761
-16958 10670 3033 -25054 -16805 -5697
-15870 11518 2257 -19627 -16146 -89
-11652 8916 1881 -17839 -10770 3435
-7666 14961 2605 -21368 -3177 4314
-20284 6076 10560 -15468 -13535 5319
-14629 12139 8157 -16884 -8366 5819
-14021 9537 11652 -17617 -14405 3295
-6450 3350 9680 -10716 -12600 368
-8762 8000 7928 -4890 -11136 1266
-12221 11192 8086 -5369 -8168 -106
-14966 13866 9500 -9124 -4357 -2306
-14780 14416 10856 -15488 -1740 -1984
-13300 13330 10222 -12237 -2664 -704
-12280 10478 8990 -9391 -2547 2587
-12844 6789 9061 -8060 -4407 6261
-13430 8514 9829 -7020 -5736 8480
-12665 11117 9949 -8187 -8710 10005
-10186 10725 8987 -11655 -10592 9776
-8612 9024 9670 -13154 -11864 8689
-9188 9424 11524 -13196 -15188 8732
-9891 10123 13561 -12414 -20297 11252
-8357 10962 13444 -10945 -20900 14437
-7592 11946 12858 -9589 -19477 16846
-6732 12229 11803 -8103 -16560 19624
-5225 13535 11356 -6167 -11129 21925
-3728 13140 10790 -4218 -5731 22795
-2513 12247 10588 -536 -357 23004
-1046 11918 9610 1996 6021 23086
-846 11608 8601 3995 12661 22955
-2938 11249 7114 5544 19347 22429
-5514 11349 5648 8392 25419 21316
-7924 11014 6050 10658 30317 19073
-9205 11493 7349 12128 32445 16713
-10068 12148 7202 12814 32767 14630
-9298 12880 6620 11411 32767 11083
-8588 13946 6008 7552 32767 7328
-8154 13572 5505 4200 32767 4797
-8170 11806 5208 1074 32767 2500
-8626 11250 5221 -1846 32767 1207
-9040 10205 5713 -2942 32767 641
-9620 10293 5927 -3118 32767 1047
-11297 12322 5866 -3587 32767 2298
-12448 13675 5766 -5117 32767 3674
-12858 14642 5992 -6914 32767 4093
-12969 14870 6302 -8412 32767 3238
-13026 15161 6568 -9663 32767 1363
-13160 15117 6754 -10993 31745 -712
-13200 15458 6814 -12232 29227 -2490
-13729 15656 6633 -14058 26790 -2777
-14274 16357 6476 -15875 24225 -1578
-14390 16965 6542 -18034 21900 230
-14409 17957 6761 -19320 19676 1953
-14450 18293 6949 -20153 17632 3089
-14478 18256 7238 -20198 16114 3913
-14703 18607 7656 -19269 14171 4958
-14901 19494 8062 -18140 12474 6751
-14941 20042 8292 -17662 11541 8365
-14725 20076 8469 -17084 10931 9579
-14564 19446 8726 -15961 10032 10659
-14224 18816 8956 -14490 8740 11471
-14306 18753 8969 -12778 7264 12222
-15071 19312 8711 -11744 5226 12882
-15114 19737 8768 -12128 2749 13588
-14620 19265 9192 -13447 461 14073
-13880 18486 9621 -14426 -2021 14038
-13796 17785 9849 -14666 -4973 14381
-13622 17054 9896 -14855 -6726 15181
-13819 16783 9381 -14155 -8113 15872
-13726 16506 9122 -12921 -9386 16462
-13033 16326 9434 -12074 -10015 16767
-12934 16939 9252 -11428 -10272 16848
-12603 16809 9257 -11330 -10502 17208
-11953 16580 9832 -10887 -10772 17244
-11660 15455 9985 -9999 -11433 17484
-10994 14738 10149 -8614 -11932 17501
-10442 14322 10242 -7644 -12106 17206
-10243 14858 9902 -7239 -12433 16590
-10318 15208 9592 -7793 -13188 15578
-9931 14776 9768 -8555 -14448 14900
-9178 14505 9788 -9171 -15768 14826
-8618 13758 9725 -9525 -16623 15204
-7985 13512 9681 -9488 -17480 15622
-6747 13669 9459 -10214 -17661 16079
-5700 14047 9008 -11462 -17420 16251
-4245 14074 9316 -12914 -16442 16259
-2946 13001 9560 -13756 -14699 15891
-2385 11903 9231 -13956 -12936 15218
-1197 10839 9205 -13573 -10457 14276
-814 10168 8948 -13817 -7565 13661
-1145 10544 8988 -12276 -6901 13493
-941 10257 9276 -11765 -6248 12993
-725 9897 9301 -11117 -6034 12395
-113 9232 8800 -11089 -5149 11851
524 8870 8708 -12146 -3441 11560