-15089 7830 5277 -4500 1773 -2058
-14646 7837 5241 -5207 1960 -2255
-15093 7262 5236 -5648 1732 -2482
-14974 6866 4949 -5656 1476 -2261
-15054 7082 4912 -5188 1203 -1890
-15252 7469 4666 -4972 1010 -1688
-15417 7538 4561 -5111 950 -1741
-15253 7540 4638 -5056 937 -1406
-15076 7274 4776 -4926 744 -1019
-15006 6625 4930 -4726 725 -734
-14630 7164 4594 -4704 1116 -131
-14321 7034 4450 -4702 1709 213
-14388 6836 4589 -4801 2603 175
-14693 6849 4945 -4855 3157 -40
-14729 6825 4602 -5224 4004 -550
-14969 6848 4636 -4830 4576 -620
-15293 7224 4694 -4107 4887 -412
-15618 7820 4726 -3511 4556 -146
-15646 8221 4560 -3547 4510 256
-16025 8845 4412 -3877 3940 809
-16157 8106 4689 -3992 3111 1259
-16344 7549 4857 -3963 2250 1339
-16245 7576 4768 -4078 1513 815
-16070 7624 4386 -4518 1079 352
-15869 7360 4176 -4676 799 184
-15614 7042 4060 -4630 476 112
-15625 6674 4165 -4514 363 -208
-15778 6430 4298 -4111 136 -521
-15952 6233 4340 -3513 -279 -757
-16425 6160 4305 -3039 -1237 -949
-16538 5788 4748 -2810 -2479 -1219
-16306 4949 5589 -2080 -4104 -1448
-15770 4822 5833 -1049 -5490 -1306
-15329 6337 4745 -948 -6073 -802
-14716 8142 3274 -1738 -5237 -29
-14362 8628 2364 -3039 -3305 839
-14380 7088 3269 -3038 -1581 1313
-14420 6149 4509 -2080 -456 1470
-14581 6948 4828 -1590 146 1363
-14554 7864 5054 -1901 305 1696
-15185 5678 5042 -1062 -591 2448
-14885 6837 3198 -146 -296 4338
-15141 7276 2761 -162 126 5797
-15122 5760 3786 293 425 6271
-15428 5126 4992 1273 168 6020
-16146 6146 5816 2251 -556 4161
-16493 6748 5564 2338 -1310 2270
-15994 7389 5021 2375 -1867 1612
-16068 8248 4846 2471 -2693 2319
-15449 8688 4833 2149 -3287 3040
-14794 8664 4720 1458 -3029 3038
-15077 8257 4130 1399 -2321 2908
-15433 8212 4369 1776 -2120 2586
-15465 8150 4914 1941 -1922 1907
-16689 7869 6286 1613 -3183 1148
-16372 7053 6505 2349 -4165 256
-15348 9134 5606 1813 -4741 1018
-15630 9829 5178 601 -5255 1456
-14900 9308 5438 -757 -5355 1604
-14757 8797 5745 -1440 -5228 1401
-14586 8541 6137 -1653 -5232 775
-14177 8788 6602 -2271 -4991 118
-13924 8317 7485 -3062 -5041 -216
-13926 7416 7337 -3094 -4872 -439
-13574 7520 7044 -2686 -4671 -260
-13380 7441 6820 -2299 -4207 -24
-13182 7468 6898 -2020 -3426 122
-13160 7266 7049 -1376 -2564 84
-13297 7324 7257 -500 -2008 -186
-13581 7621 7526 81 -1540 -653
-13650 8041 7662 255 -1195 -1034
-13957 8225 7833 -153 -1034 -1211
-13932 8344 7776 -728 -892 -1129
-13950 8416 7670 -1269 -826 -806
-13860 8262 7605 -1603 -922 -382
-13846 8046 7508 -1625 -1116 -59
-13790 8077 7361 -1612 -1356 227
-13970 7977 7502 -1772 -1595 504
-14106 7658 7561 -1922 -1728 757
-14090 7729 7550 -2061 -1727 867
-14108 7497 7740 -2006 -1667 889
-13798 7945 7465 -2155 -1259 920
-13904 7984 7732 -2173 -1023 844
-13790 8369 7988 -2239 -662 847
-14033 8914 8009 -2388 -770 935
-14184 9152 8078 -2791 -1105 1231
-13992 9182 8248 -3534 -1336 1666
-13948 8714 8261 -4396 -1415 2050
-13700 7953 8197 -4911 -1427 2409
-13488 7482 7990 -5127 -1314 2666
-13365 7234 7798 -5159 -1192 2738
-13440 6966 7637 -4914 -1092 2677
-13632 7136 7560 -4439 -1173 2587
-13682 7568 7757 -4214 -1157 2495
-13656 7860 8190 -4186 -937 2442
-13556 8280 8300 -4228 -564 2373
-13596 8462 8257 -4141 -277 2178
-13542 8580 8124 -3963 -19 1964
-13501 8629 7864 -3758 135 1693
-13488 8646 7829 -3523 374 1497
-13361 8769 7782 -3388 527 1339
-13396 8948 7870 -3503 541 1301
-13273 8864 8132 -3736 531 1424
-12876 8976 8058 -4062 799 1577
-13106 8905 8272 -4342 884 1588
-13069 8882 8505 -4414 976 1786
-13060 8701 8466 -4578 927 1783
-13320 8620 8540 -4655 697 1725
-13268 8026 8792 -4408 370 1689
-13264 7752 8934 -4147 22 1553
-13086 7560 8889 -3899 -5 1585
-13273 7210 8816 -3683 5 1543
-13280 7028 8517 -3299 206 1422
-13205 6916 8186 -3030 831 1248
-13372 6466 8661 -2529 1233 1170
-13132 6206 8441 -1913 1314 1188
-13672 6574 8380 -1559 698 776
-13152 6405 8536 -962 640 679
-13244 5649 9430 -91 291 527
-12933 6272 8952 118 396 633
-13244 6744 8533 -261 319 479
-13154 6337 8654 -139 300 522
-13118 5489 9450 659 118 642
-12886 6130 9210 1085 257 784
-12836 6364 8701 1301 325 781
-12780 6606 8736 1621 865 952
-12825 6412 8972 2136 1410 1130
-12708 6768 9196 2679 1913 1217
-12754 7341 9402 3045 2448 1235
-12817 8002 9409 3344 3094 1430
-13289 8696 9270 3581 3523 1710
-13377 8904 9193 3790 3911 2383
-13258 9342 9201 3396 4224 3171
-13324 9237 9098 2814 4405 3473
-13550 8733 8964 2609 4548 3476
-13452 8060 8712 2682 4908 3804
-13386 8465 8274 2401 5329 4596
-13294 7884 7932 2408 5580 4864
-13424 7414 7436 2975 6072 4994
-13526 7581 7252 3770 6144 4305
-13478 7909 6913 4953 6371 3689
-13472 8473 6864 5760 6683 2962
-13738 9117 6492 6442 6956 2332
-14001 8624 6642 7859 7095 1705
-13926 9945 6344 8725 7234 1265
-14362 11104 5581 8394 6907 940
-14274 12009 5125 7333 6418 997
-14177 13266 4345 4853 5201 974
-15000 14558 3957 166 3191 1299
-13572 10481 4710 -2594 1924 992
-13686 10461 4478 -3727 1436 864
-13428 9905 5182 -3701 -19 710
-13517 10402 5489 -2942 -1576 1165
-13541 11212 5458 -2789 -2820 1053
-13705 11140 5224 -3151 -3471 886
-13721 11609 5237 -3594 -3639 545
-13642 11888 5476 -4083 -3912 -110
-13548 11510 5652 -4232 -4129 -508
-13526 11050 5872 -3966 -4358 -729
-13365 10772 6013 -3598 -4412 -769
-13510 10833 6256 -3600 -4541 -383
-13504 10868 6552 -4226 -5023 406
-13278 10500 6720 -5315 -5346 989
-13394 10608 6762 -7245 -5381 1268
-13264 8934 7206 -8324 -5223 912
-13102 7936 7621 -8136 -4943 234
-13086 7520 7900 -7517 -4334 -141
-13112 7262 8297 -6565 -3655 -252
-13057 7265 8810 -5475 -2792 -322
-13529 7604 8984 -4546 -1625 -366
-13950 8606 8918 -4124 -747 -758
-13738 9361 9228 -4146 17 -1183
-14314 10436 9356 -4924 12 -1426
-14281 11945 9324 -7212 -777 -1367
-14370 11037 9072 -10593 -1510 -1574
-13804 9668 8944 -12636 -1759 -1449
-13741 7997 8840 -12355 -2978 -1266
-13158 7236 9402 -11215 -4177 -359
-12828 7861 9584 -10700 -5435 -46
-12818 8090 9653 -9849 -6003 -213
-12797 8450 9550 -9037 -5743 -412
-12481 9582 9386 -9073 -5099 -415
-12573 9940 9652 -10234 -4363 -290
-12901 9982 9518 -12049 -3598 355
-12368 9446 9248 -13348 -2968 1261
-12006 8193 9240 -13370 -2126 1695
-11970 6505 9342 -11781 -2078 1223
-11636 5470 9906 -9021 -2155 677
-11296 5446 9882 -6927 -2221 -369
-11608 5677 9968 -5367 -2223 -932
-11829 6052 9897 -4164 -2215 -1242
-11517 5993 10137 -3415 -1724 -1458
-11385 5421 10162 -2298 -722 -1787
-11274 4974 10197 -528 604 -2461
-11258 5108 10080 1036 1898 -3242
-11361 5697 9925 2089 3625 -4051
-11829 6142 9512 2874 5505 -4734
-12860 6413 9201 3918 6441 -4718
-13788 6736 9378 4596 6127 -3853
-13473 6684 10249 4353 5001 -3135