5425 11169 -2300 -12809 543 -4518
5077 10528 -2164 -12733 977 -4792
4918 9503 -2100 -13056 2476 -5603
4204 8549 -2109 -13701 4362 -6539
4293 7406 -1774 -13634 6170 -7221
3898 6905 -1657 -14214 8994 -8274
3740 6585 -1360 -14915 12104 -9518
3570 6782 -1320 -16340 15316 -11298
2892 6850 -1021 -18325 18947 -13330
2158 7700 -670 -20690 22685 -14806
605 8039 -181 -22201 25337 -15693
-1280 8981 924 -22399 27056 -15529
-1890 10846 2165 -22482 28345 -14963
-1812 13224 3504 -22543 30621 -15725
-2150 15774 4050 -24208 32767 -16944
-2481 15677 4980 -24109 32767 -19506
-2770 14761 6552 -21766 32767 -21841
-4569 15086 8136 -19250 32767 -23766
-7580 16066 9405 -12092 32767 -25272
-11657 19342 10133 -6185 32767 -24693
-15288 22456 10694 -1609 32767 -22832
-16914 23514 10557 -1040 32767 -20742
-18278 23637 10481 -3497 32767 -18840
-18760 23193 10556 -7100 32767 -17877
-19092 21526 10865 -8666 32767 -18030
-20984 18941 10353 -5531 32767 -19296
-22792 15516 10592 -3541 32767 -20518
-22628 11187 11799 -11380 32767 -22065
-23050 9273 11173 -19014 32767 -22309
-23941 8093 11158 -19334 27733 -21371
-24104 8008 11076 -17857 19900 -20011
-24648 8052 10858 -16354 13287 -18378
-25015 7711 11611 -17444 4630 -16358
-23749 10741 17345 -21752 6290 -14185
-32290 10614 15523 -14798 -29982 -4273
-23124 14140 4560 -15064 -25536 -4041
-20980 6781 8034 -16546 -13580 -5547
-24736 4028 11900 -6990 -12229 73
-18900 587 9697 -1293 -11716 -2283
-18382 2864 7954 2271 -3310 37
-19029 4733 7822 5645 188 -470
-17638 2737 8685 8651 2196 -541
-16550 4446 7534 11010 4418 -1487
-16002 6721 6777 12789 8227 -7
-15696 7752 7170 12725 10349 1600
-15450 8634 5924 10520 13075 3164
-15334 7936 6544 7843 12391 3734
-14236 7454 5640 4128 10736 3503
-13718 7782 5122 1744 10050 2426
-13249 7217 4548 1420 8711 1188
-12582 7048 3892 1507 8057 224
-12441 7212 4057 2743 7494 -242
-12874 8005 4109 3553 7135 -615
-12974 8474 4477 3197 6167 -953
-13236 9678 4430 2280 5258 -545
-13650 10341 4392 2128 4345 240
-13492 10895 3916 1578 3210 1090
-13540 10212 4092 1722 2592 2008
-14220 10182 4321 2267 1655 2685
-13969 10202 4264 2624 882 2848
-14205 10932 4073 2584 876 1654
-14341 9688 3852 3886 479 261
-14266 9753 3221 5551 157 -944
-14732 10858 2618 6651 -204 -1094
-14968 11986 2460 6479 -458 -581
-14808 13302 2186 5649 -580 -135
-15003 13883 2174 4232 -376 274
-15510 12803 2918 2468 -978 31
-15708 11615 3466 1147 -1373 -1453
-15798 11366 3561 268 -1513 -2996
-15588 10745 3393 -638 -1330 -3461
-15356 10908 3392 -1560 -1452 -3183
-15182 10950 3352 -2487 -1118 -2951
-15145 10748 3556 -3230 -772 -2588
-15405 10746 3552 -2945 6 -2297
-15348 10420 3688 -2402 773 -2353
-15307 9857 3757 -1611 1995 -2749
-15173 9240 4000 -999 3095 -3458
-15169 8588 4221 -436 3682 -3437
-16037 8013 4866 12 3136 -3235
-15892 7673 4917 109 1035 -3251
-15317 6936 4590 201 -468 -3495
-15021 7276 4458 -557 -1218 -2991
-14960 7138 4882 -1003 -2509 -2594
-14911 6951 5000 -1798 -3775 -1887
-14790 6048 5139 -2012 -5068 -943
-14838 5466 5070 -1518 -5535 -521
-14749 5790 4834 -1313 -5547 -840
-14717 5624 4713 -1033 -5156 -1830
-14509 5374 4439 -103 -4430 -2871
-14478 5376 4364 823 -3362 -3320
-14750 5836 4161 1496 -2049 -3223
-15032 5956 4650 2283 -673 -2737
-15386 5290 4968 3876 -163 -2890
-15588 6260 4670 4678 337 -2997
-15828 6636 4884 5558 214 -3403
-15126 6144 4828 6747 333 -3654
-16124 8801 5543 6513 -1575 -3237
-16985 7545 6157 5210 -6921 -6242
-15227 7640 4750 -884 -7310 -6758
-15712 8364 3949 -8195 -7714 -6310
-15428 6784 4608 -10900 -7153 -5457
-15151 5644 4421 -12056 -7045 -3272
-14710 5384 4592 -10151 -7534 -1128
-14785 4829 4855 -6577 -8950 155
-15137 6213 5820 -3642 -9874 1528
-16270 8548 3425 -4497 -7609 1690
-17038 10412 4889 -5256 -7053 1354
-16546 9580 4962 -6417 -5330 203
-15802 9148 5074 -7277 -4270 -690
-14762 8497 4940 -8215 -3212 -2438
-13280 7149 5229 -8813 -2530 -3249
-12813 7472 5754 -9334 -3020 -3104
-12565 6392 6444 -10213 -3560 -3225
-12001 5368 7428 -10474 -4171 -3974
-11048 3924 7892 -9108 -4877 -4540
-10498 3458 8086 -6827 -5311 -4980
-10781 3809 8047 -3915 -4665 -5376
-11085 4172 8205 -2089 -1991 -5962
-11321 5025 8106 -894 844 -5637
-11889 5790 8030 892 3093 -4912
-12400 6857 7573 2197 4141 -4026
-12785 6938 7414 3331 5199 -2943
-13502 6905 7522 4280 5857 -1680
-14394 6981 7864 4076 5726 -522
-15160 7321 7768 3187 5005 413
-15536 7381 7850 2111 3755 1216
-16148 7182 8056 1173 2541 1042
-16710 7073 7880 -99 588 -362
-16044 5880 8232 -572 -1735 -1631
-15710 5621 8309 -300 -3387 -1891
-15281 5492 8076 -438 -4321 -1293
-15361 5449 7613 -1084 -3969 -1172
-15270 4814 7606 -1019 -3281 -1613
-15137 4220 7649 507 -2195 -1706
-15061 4249 7764 2412 -557 -1885
-15406 4960 8088 4278 2398 -1817
-16398 4120 9170 6613 4502 -2123
-16898 3289 9892 9807 5165 -1942
-16865 3996 9497 11699 5754 -1744
-16826 5642 8593 11409 5953 -1432
-16633 6470 7653 9352 6093 -784
-16492 5793 6905 7320 5643 47
-15681 4868 6736 6086 4464 959
-15257 4918 6256 4941 3212 1787
-15024 4682 5778 3882 2024 2063
-14592 4545 5529 2309 1177 1897
-14322 4212 5484 1212 801 2137
-14269 4032 5382 933 474 3204
-14993 4094 5597 987 390 3507
-15861 4513 6004 282 486 2216
-15980 4984 6128 -762 681 248
-15861 5180 5926 -1094 762 -855
-15837 5490 5761 -759 635 -982
-15912 5741 5733 -504 540 -623
-15857 5966 5956 -537 571 -134
-15686 5945 6228 -550 656 328
-15660 5760 6470 -147 603 642
-15505 5512 6608 331 288 1002
-15078 5493 6584 475 -51 1602
-14852 5976 6473 -431 360 2528
-15010 6586 5884 -2135 830 3883
-14804 6064 5924 -3800 1692 5148
-14769 5376 6197 -4736 2454 6268
-14722 4910 6349 -5004 3022 7114
-14828 4614 6437 -4607 3327 7711
-14780 4230 6361 -3624 3796 7999
-14826 4214 6281 -2457 4333 8283
-15090 4724 6186 -950 4608 8206
-15309 4906 5981 742 4559 7908
-15409 4960 6000 2615 4309 7227
-15741 4910 6049 3910 4114 6473
-16028 5464 5940 5142 3578 5394
-16232 5952 5924 5732 2837 4086
-16289 6268 5705 5743 1886 2786
-16192 6574 5534 5141 955 1755
-15981 6774 5220 4312 -159 649
-15842 6582 5150 3412 -1259 -195
-15728 6397 4985 2581 -2426 -852
-15544 6296 4801 1532 -3280 -1339
-15313 6298 4658 577 -3977 -1626
-15062 6234 4701 -261 -4340 -1935
-14840 6046 4856 -817 -4312 -2255
-14569 5985 4978 -984 -3985 -2654
-14624 5969 5009 -987 -3399 -3167
-14462 6084 5018 -887 -2555 -3734
-14434 6061 5124 -693 -1515 -4415
-14485 6173 5185 -473 -526 -5200
-14552 6272 5245 -101 348 -6004
-14556 6024 5422 228 989 -6741
-14712 6040 5813 -19 1419 -7233
-15132 6238 5778 -623 1570 -7749
-15237 5988 5989 -1283 1546 -8596
-15397 5545 6585 -2127 1282 -9328
-15660 5036 6580 -2270 418 -9824
-15521 4382 6540 -1895 -348 -10073
-15366 4229 6306 -1315 -849 -9859
-15596 4169 6032 -271 -967 -9289
-15810 3966 6082 889 -879 -8757
-16076 3906 6006 2702 -658 -8260