666 4766 16742 -296 145 -54
711 4855 16749 -293 158 -60
677 4705 16788 -275 202 -71
734 4790 16793 -291 175 -65
718 4650 16782 -294 193 -89
766 4697 16815 -273 202 -61
668 4758 16758 -277 196 -50
675 4786 16730 -298 192 -45
733 4687 16755 -296 184 -57
716 4690 16766 -305 173 -63
690 4724 16752 -304 173 -93
696 4710 16733 -320 182 -80
726 4743 16767 -354 210 -101
750 4732 16804 -353 219 -78
730 4716 16771 -357 224 -83
716 4629 16645 -360 264 -100
770 4701 16776 -337 254 -92
817 4655 16731 -354 183 -82
687 4516 16781 -317 162 -63
782 4916 16779 -364 167 -72
728 4760 16819 -405 210 -99
766 4730 16733 -408 232 -118
747 4643 16747 -395 221 -110
756 4540 16832 -364 193 -132
768 4651 16745 -355 215 -90
792 4673 16773 -359 227 -77
704 4645 16782 -331 244 -67
813 4601 16685 -282 280 -71
851 4734 16861 -214 202 -82
716 4700 16832 -253 208 -87
695 4671 16777 -300 250 -95
784 4654 16743 -311 224 -93
746 4688 16787 -294 218 -93
768 4682 16723 -318 196 -102
798 4584 16693 -276 183 -123
792 4712 16827 -291 166 -127
654 4654 16773 -279 170 -128
794 4645 16736 -274 210 -125
782 4674 16741 -296 205 -125
761 4549 16740 -277 219 -98
787 4639 16693 -256 218 -84
776 4668 16822 -262 211 -57
785 4720 16766 -276 248 -51
781 4565 16740 -239 273 -19
828 4651 16771 -203 270 -27
741 4593 16697 -202 269 -25
758 4665 16746 -191 238 -48
777 4750 16796 -206 213 -42
733 4652 16785 -199 220 -51
762 4697 16740 -227 259 -56
752 4661 16802 -212 223 -55
767 4642 16766 -197 222 -65
765 4639 16756 -220 238 -46
801 4703 16788 -200 230 -45
724 4646 16821 -220 269 -45
803 4694 16782 -218 264 -34
754 4651 16764 -250 287 -29
751 4695 16748 -245 284 -24
770 4670 16764 -260 259 -40
700 4569 16735 -227 269 -40
793 4794 16762 -240 240 -41
784 4600 16745 -246 221 -57
797 4787 16748 -316 235 -74
804 4666 16745 -339 235 -88
813 4651 16805 -343 250 -109
750 4619 16758 -293 218 -108
754 4660 16712 -272 208 -104
803 4659 16819 -294 228 -82
842 4597 16745 -301 251 -36
820 4578 16801 -290 255 7
759 4585 16689 -241 251 12
809 4728 16750 -249 278 0
801 4649 16772 -211 286 -19
791 4750 16787 -281 313 -14
797 4506 16746 -255 313 -13
818 4602 16770 -227 297 1
800 4762 16765 -284 302 -26
759 4666 16718 -316 260 -61
758 4718 16718 -331 245 -88
795 4662 16736 -351 207 -80
811 4627 16751 -348 237 -89
759 4632 16771 -379 242 -48
892 4561 16868 -334 221 -29
788 4528 16717 -289 267 -17
846 4710 16724 -265 288 -16
799 4704 16855 -293 268 -42
760 4556 16780 -305 311 -45
828 4575 16823 -249 297 -27
792 4595 16787 -217 293 -28
790 4701 16743 -246 282 -29
729 4692 16780 -262 291 -29
797 4589 16736 -246 279 -39
856 4496 16778 -209 295 -17
816 4654 16740 -229 329 -23
828 4576 16780 -238 340 -44
813 4657 16821 -226 341 -18
697 4465 16700 -217 404 3
822 4584 16758 -121 372 9
680 4632 16588 -143 422 13
798 4557 16753 -90 379 16
784 4688 16859 -94 312 15
788 4630 16806 -103 313 -2
835 4675 16735 -83 325 -19
916 4846 16896 -177 288 -53
754 4736 16840 -236 260 -56
794 4764 16842 -293 283 -68
884 4745 16988 -305 219 -75
727 4668 16745 -301 274 -73
753 4652 16633 -288 275 -75
720 4528 16428 -286 305 -67
811 4472 16540 -256 337 -50
854 4629 16657 -264 296 -37
711 4452 16781 -224 259 -20
866 4751 16921 -160 239 -25
613 4680 16736 -169 299 -39
789 4580 16725 -142 300 -31
818 4534 16630 -90 346 -33
845 4578 16753 -98 285 5
808 4770 16878 -112 287 18
771 4742 16894 -187 251 9
695 4840 16775 -232 294 -9
765 4683 16772 -261 314 -43
777 4618 16782 -282 319 -42
820 4733 16850 -268 255 -49
709 4643 16746 -311 286 -44
772 4770 16897 -321 311 -46
759 4699 16861 -332 301 -25
723 4429 16698 -241 328 -9
742 4618 16586 -199 339 -2
860 4728 16796 -246 311 -33
728 4657 16854 -252 286 -19
699 4641 16740 -209 289 -13
718 4640 16706 -182 318 -23
731 4617 16647 -200 355 -27
860 4756 16778 -274 296 -43
783 4623 16798 -321 261 -59
792 4582 16797 -259 271 -64
705 4687 16744 -241 287 -38
736 4640 16716 -242 326 -39
794 4633 16766 -222 272 -27
806 4708 16760 -279 269 -57
741 4699 16764 -323 261 -85
698 4678 16760 -280 253 -90
773 4600 16772 -294 257 -93
766 4600 16786 -243 235 -74
832 4714 16798 -288 256 -63
732 4626 16761 -312 260 -78
778 4616 16818 -305 232 -85
793 4681 16781 -275 245 -74
750 4566 16738 -279 242 -91
749 4663 16777 -254 246 -63
748 4576 16733 -280 232 -75
838 4763 16810 -278 235 -64
706 4683 16770 -316 280 -74
727 4589 16776 -267 269 -77
775 4607 16760 -243 274 -45
794 4624 16818 -256 275 -54
787 4629 16770 -250 267 -49
746 4666 16756 -280 280 -65
727 4582 16748 -242 249 -58
779 4658 16781 -240 258 -49
809 4583 16791 -244 275 -42
756 4723 16736 -277 307 -41
798 4685 16812 -276 278 -42
798 4596 16813 -258 297 -54
762 4536 16736 -186 279 -75
789 4747 16761 -231 245 -65
716 4586 16696 -254 262 -71
798 4641 16655 -245 250 -72
753 4485 16727 -226 245 -75
894 4781 16956 -229 245 -90
670 4722 16884 -310 276 -77
705 4596 16732 -265 279 -88
794 4694 16827 -263 282 -52
764 4516 16804 -226 285 -62
791 4625 16762 -211 281 -16
767 4646 16785 -215 262 -26
744 4625 16744 -195 296 -44
794 4728 16860 -226 286 -34
760 4645 16860 -227 286 -34
765 4569 16740 -210 284 -25
767 4598 16724 -203 290 -25
747 4677 16719 -256 290 -56
782 4681 16783 -280 254 -61
746 4574 16812 -288 274 -51
769 4596 16789 -228 269 -51
755 4572 16808 -203 279 -32
826 4702 16796 -225 262 -38
770 4678 16786 -260 259 -33
776 4672 16784 -258 239 -59
740 4640 16557 -294 239 -79
796 4530 16662 -311 225 -94
807 4656 16920 -317 194 -74
681 4614 16849 -320 226 -31
786 4655 16780 -302 257 -14
781 4695 16835 -270 263 -20
780 4630 16767 -272 264 -27
769 4594 16653 -262 254 -30
750 4628 16682 -282 250 -38
749 4589 16786 -283 223 -46