868 4660 16692 -286 173 -62
859 4570 16752 -255 158 -87
854 4600 16687 -204 151 -59
893 4576 16761 -247 216 -81
881 4636 16770 -266 243 -61
924 4609 16664 -256 233 -27
887 4526 16723 -226 249 -34
863 4626 16804 -263 262 -12
900 4616 16772 -256 302 -3
957 4630 16774 -269 342 -2
923 4588 16720 -266 365 0
968 4706 16765 -316 370 1
891 4679 16770 -354 352 -31
868 4639 16767 -351 377 -42
833 4606 16748 -357 376 -49
845 4654 16765 -372 372 -45
867 4599 16761 -374 362 -49
834 4539 16812 -380 371 -60
874 4528 16776 -298 352 -77
843 4506 16708 -287 338 -69
883 4552 16729 -215 344 -75
841 4613 16751 -278 334 -72
837 4553 16769 -279 330 -70
856 4564 16766 -312 336 -53
874 4717 16688 -371 328 -42
878 4613 16774 -390 321 -73
862 4507 16736 -357 318 -81
882 4526 16731 -337 335 -67
876 4473 16798 -304 324 -54
890 4517 16752 -291 344 -54
863 4550 16720 -291 331 -34
850 4549 16808 -281 332 -42
839 4553 16772 -280 339 -67
777 4616 16736 -315 330 -46
825 4510 16751 -288 339 -69
859 4565 16767 -307 314 -56
874 4526 16774 -322 288 -85
838 4549 16769 -350 261 -80
806 4706 16784 -405 275 -121
823 4693 16768 -453 268 -143
742 4508 16810 -406 297 -176
777 4543 16783 -415 309 -173
824 4500 16745 -384 300 -161
880 4478 16807 -354 307 -172
824 4367 16777 -248 307 -162
797 4336 16686 -121 323 -136
784 4444 16591 -31 332 -88
417 4165 16454 72 493 -134
1645 5426 17755 -26 55 19
-14 3635 16381 -31 423 -4
1510 4796 16649 274 420 32
599 4683 16784 226 454 98
950 4573 16769 90 496 -6
771 4438 16656 142 414 66
671 4607 16742 147 414 95
714 4648 16809 144 468 53
709 4765 16848 71 459 55
863 4791 16699 -28 402 28
913 4628 16774 -63 418 16
990 4761 16773 -161 478 -2
806 4686 16824 -219 453 1
835 4582 16749 -237 466 37
727 4657 16754 -251 416 21
695 4638 16785 -250 419 2
761 4661 16790 -271 445 10
801 4724 16696 -333 403 -7
682 4578 16676 -328 385 -21
833 4606 16641 -325 355 -19
842 4720 16851 -360 285 -53
771 4763 16812 -481 265 -118
687 4757 16756 -492 243 -103
709 4730 16754 -544 230 -182
742 4673 16769 -619 211 -208
785 4660 16732 -713 195 -238
755 4590 16755 -767 170 -264
798 4566 16711 -818 194 -310
735 4505 16778 -858 233 -315
748 4544 16833 -782 178 -292
791 4516 16784 -885 184 -355
849 4532 16765 -934 219 -375
740 4694 16712 -1025 214 -475
598 4656 16765 -1141 213 -451
657 4692 16786 -1265 201 -539
690 4545 16761 -1325 244 -604
624 4514 16754 -1260 193 -650
728 4201 16820 -1162 236 -667
756 4109 16777 -1117 402 -730
641 4172 16862 -1036 436 -673
1060 3949 16962 -868 416 -571
812 3945 16765 -703 456 -473
760 4269 16718 -555 442 -317
707 4015 16804 -398 443 -250
753 4397 16857 -298 449 -187
720 4188 16814 -338 468 -140
783 4126 16778 -275 496 -153
695 4324 16810 -214 510 -50
828 4324 16752 -253 494 -27
710 4141 16830 -179 517 -15
714 4202 16752 -80 504 68
732 4170 16690 -135 558 68
712 4152 16924 19 597 122
752 4220 17047 -2 732 213
724 4167 16857 33 875 297
692 4616 16696 30 832 320
651 4372 16728 20 796 223
477 4453 16722 -60 786 267
574 4184 16823 40 667 166
578 4690 16732 -28 718 156
574 4528 16772 -159 710 51
568 4448 16816 -229 735 38
457 4485 16809 -276 746 13
557 4496 16784 -348 742 -32
529 4484 16793 -347 698 -88
460 4384 16826 -404 661 -88
386 4331 16829 -398 610 -104
377 4297 16756 -416 622 -104
354 4460 16822 -483 636 -123
564 4319 16859 -512 689 -133
480 3977 16780 -320 663 -70
465 4081 16745 -260 647 -26
382 4369 16772 -314 692 6
466 4560 16817 -391 690 -79
561 4554 16961 -469 651 -145
348 4337 16784 -540 620 -158
314 3864 16812 -457 613 -94
360 4297 16816 -421 621 -87
385 4264 16803 -450 596 -62
568 4476 16810 -483 568 -118
396 4402 16804 -604 535 -136
283 4197 16810 -591 491 -181
248 4214 16848 -540 414 -188
318 4161 16875 -459 359 -191
314 4228 16708 -442 315 -187
358 4250 16777 -449 279 -179
388 4038 16851 -369 225 -161
389 4199 16857 -294 222 -141
286 4164 16859 -316 213 -136
323 4149 16809 -214 199 -128
325 4201 16820 -167 143 -96
381 4044 16820 -112 149 -75
312 4213 16848 -105 124 -87
308 4276 16764 -112 97 -96
356 4220 16774 -100 85 -102
412 4294 16790 -108 118 -100
443 4235 16920 -117 99 -94
337 4245 16890 -170 184 -54
326 4262 16834 -181 212 -46
352 4328 16844 -177 209 -32
352 4125 16832 -131 230 -4
480 4160 16888 -92 222 9
446 4206 16784 -132 278 53
389 4197 16854 -39 299 69
388 4529 16791 -165 278 33
398 4264 16874 -124 203 -11
438 4359 16795 -160 205 -34
323 4146 16831 -217 240 -59
340 4314 16936 -211 242 -34
436 4314 16779 -246 225 -41
419 4308 16850 -237 197 -73
351 4227 16887 -248 189 -81
382 4180 16845 -194 163 -67
384 4297 16759 -153 136 -82
423 4312 16807 -165 117 -89
444 4282 16830 -169 135 -80
390 4160 16786 -168 178 -64
465 4232 16831 -102 185 -30
512 4360 16668 -100 186 -43
468 4378 16837 -145 200 -61
444 4324 16815 -156 189 -83
457 4259 16758 -173 188 -53
398 4318 16818 -134 191 -50
366 4237 16753 -158 244 -53
462 4312 16808 -168 270 -35
496 4262 16804 -155 259 -17
513 4221 16810 -121 277 -16
420 4414 16882 -123 260 -35
434 4358 16852 -149 248 -17
461 4326 16844 -120 234 -22
446 4305 16831 -148 225 20
471 4389 16801 -160 283 -5
458 4390 16860 -221 314 8
471 4434 16921 -240 307 -14
458 4330 16821 -261 302 -8
457 4234 16834 -207 301 -4
494 4374 16780 -254 326 -3
348 4388 16812 -219 257 30
424 4248 16824 -195 226 0
416 4241 16821 -148 215 25
448 4232 16900 -109 229 7
407 4351 16808 -118 260 36
450 4400 16822 -139 249 27
522 4428 16801 -180 285 0
509 4354 16792 -198 265 -14
379 4263 16817 -167 273 -16
382 4332 16799 -175 272 -8
406 4318 16866 -147 258 10
440 4359 16784 -140 284 -3
476 4346 16782 -141 293 14
441 4243 16748 -136 304 38
408 4317 16748 -76 242 40