633 4493 16839 -203 274 -53
578 4537 16738 -175 273 -24
585 4556 16765 -182 297 -44
649 4647 16795 -201 287 -52
626 4582 16790 -204 292 -34
601 4493 16792 -192 261 -28
633 4561 16745 -151 268 -19
682 4596 16750 -187 289 -45
656 4615 16749 -209 280 -55
575 4630 16758 -224 265 -43
622 4500 16775 -209 272 -62
648 4579 16789 -208 274 -36
666 4609 16799 -199 268 -39
645 4610 16794 -227 271 -47
641 4589 16724 -218 283 -51
655 4543 16727 -215 285 -46
644 4612 16815 -223 274 -53
637 4627 16767 -218 264 -46
600 4615 16775 -256 275 -49
633 4556 16780 -225 272 -66
654 4558 16754 -233 266 -65
637 4616 16806 -247 255 -63
653 4548 16732 -245 272 -49
623 4488 16785 -219 285 -47
650 4609 16786 -225 272 -30
608 4606 16755 -241 281 -53
633 4662 16771 -246 268 -67
619 4521 16751 -257 268 -55
622 4543 16820 -237 274 -60
600 4591 16713 -243 278 -54
660 4665 16812 -265 282 -58
634 4570 16764 -287 263 -58
595 4532 16774 -250 251 -76
601 4558 16837 -229 268 -55
668 4554 16815 -227 270 -53
691 4627 16777 -248 287 -46
639 4614 16798 -260 280 -56
618 4464 16772 -237 303 -71
648 4587 16811 -233 284 -39
592 4541 16795 -249 290 -52
605 4581 16825 -256 287 -45
612 4615 16744 -286 297 -34
636 4568 16730 -272 291 -66
615 4549 16773 -268 263 -49
626 4574 16740 -251 272 -55
610 4639 16775 -257 251 -51
581 4640 16844 -265 267 -70
604 4670 16850 -276 258 -62
664 4521 16782 -265 276 -53
665 4528 16773 -241 270 -55
663 4589 16764 -242 282 -49
612 4599 16780 -250 260 -44
636 4580 16799 -239 276 -48
626 4532 16765 -247 263 -57
644 4517 16688 -215 272 -36
616 4676 16791 -261 268 -67
676 4498 16724 -265 272 -93
639 4563 16770 -240 253 -60
624 4514 16764 -213 239 -49
657 4599 16768 -220 250 -46
632 4610 16742 -254 260 -60
605 4611 16869 -245 230 -77
614 4586 16782 -247 267 -46
645 4524 16778 -241 255 -53
654 4528 16730 -214 274 -38
696 4620 16792 -255 239 -53
603 4594 16756 -261 246 -61
625 4531 16796 -238 261 -61
682 4563 16790 -270 279 -46
676 4572 16772 -251 275 -64
640 4567 16761 -257 287 -28
632 4564 16864 -281 296 -34
656 4572 16789 -229 271 -46
606 4667 16766 -252 245 -56
624 4546 16764 -259 269 -65
690 4557 16732 -254 244 -69
613 4578 16735 -247 250 -58
648 4597 16734 -253 251 -56
630 4563 16749 -246 237 -59
656 4593 16776 -275 229 -58
661 4577 16747 -259 249 -72
589 4553 16702 -245 250 -73
633 4544 16750 -224 253 -50
617 4474 16792 -203 261 -59
715 4645 16749 -222 262 -53
676 4582 16784 -224 255 -77
636 4543 16775 -226 265 -52
637 4502 16718 -183 282 -37
643 4533 16751 -183 275 -33
699 4720 16779 -220 260 -57
665 4582 16825 -226 260 -35
716 4628 16726 -231 265 -54
615 4551 16741 -231 266 -54
641 4551 16752 -192 272 -30
645 4572 16824 -168 283 -33
674 4627 16750 -222 262 -31
667 4634 16763 -239 262 -39
606 4589 16742 -242 266 -54
654 4604 16780 -222 266 -52
624 4566 16829 -244 259 -26
647 4539 16782 -201 262 -54
695 4626 16724 -226 268 -37
634 4561 16749 -207 271 -63
626 4601 16736 -213 244 -48
628 4626 16776 -203 263 -18
652 4507 16777 -215 266 -33
674 4603 16759 -199 289 -13
698 4649 16830 -229 285 -24
652 4555 16843 -231 304 -29
642 4562 16788 -202 285 -33
643 4567 16772 -190 301 -28
610 4614 16848 -184 293 -43
628 4628 16740 -220 283 -30
620 4574 16809 -217 282 -28
652 4559 16761 -170 283 -19
720 4590 16808 -167 276 -29
647 4612 16763 -160 278 -38
649 4619 16741 -192 259 -43
678 4580 16836 -196 286 -35
677 4581 16803 -196 270 -25
629 4657 16790 -183 274 -24
659 4653 16738 -222 273 -32
676 4624 16754 -196 263 -40
630 4536 16773 -194 241 -37
660 4607 16763 -179 256 -33
680 4618 16816 -165 234 -22
670 4636 16766 -184 252 -21
642 4642 16833 -221 251 -54
675 4637 16784 -201 244 -56
625 4673 16799 -221 248 -66
656 4628 16772 -213 260 -75
638 4596 16774 -245 252 -66
634 4583 16784 -236 242 -71
682 4571 16767 -220 252 -46
654 4599 16771 -211 257 -49
670 4652 16784 -225 254 -64
642 4662 16798 -240 234 -69
686 4642 16789 -255 253 -77
645 4640 16741 -249 277 -89
637 4602 16735 -251 240 -63
652 4612 16751 -235 263 -59
622 4574 16753 -255 269 -54
652 4640 16742 -239 273 -54
682 4592 16704 -235 289 -55
696 4599 16780 -217 294 -50
680 4616 16759 -211 276 -56
662 4635 16811 -228 276 -49
670 4617 16746 -245 261 -40
696 4603 16779 -222 277 -41
650 4644 16685 -215 249 -48
620 4648 16777 -214 266 -51
664 4642 16750 -208 269 -41
671 4637 16757 -192 240 -39
701 4581 16757 -195 256 -58
677 4644 16768 -209 267 -51
670 4644 16799 -220 266 -52
656 4488 16848 -227 246 -35
663 4592 16783 -213 270 -47
697 4649 16696 -210 277 -43
720 4648 16807 -218 271 -55
670 4667 16755 -216 262 -33
640 4654 16776 -222 270 -42
650 4676 16775 -211 267 -40
680 4620 16788 -216 295 -24
712 4626 16753 -202 279 -43
676 4631 16763 -199 273 -15
650 4655 16754 -238 269 -46
712 4692 16796 -256 265 -48
646 4648 16759 -252 283 -63
636 4589 16756 -243 248 -51
673 4639 16822 -248 271 -49
686 4642 16752 -258 278 -43
654 4673 16743 -269 277 -48
621 4558 16756 -260 281 -58
706 4590 16784 -242 279 -59
680 4700 16762 -244 262 -84
652 4642 16739 -244 271 -68
673 4706 16716 -243 262 -64
681 4605 16746 -270 268 -35
725 4577 16785 -235 282 -52
680 4680 16746 -245 302 -40
592 4632 16812 -224 329 -27
658 4608 16743 -202 303 -38
721 4633 16763 -202 288 -29
654 4686 16765 -211 308 -32
614 4686 16761 -225 290 -54
703 4679 16701 -227 269 -36
641 4594 16742 -224 266 -51
683 4670 16769 -219 269 -42
646 4673 16731 -232 256 -53
664 4648 16792 -229 265 -40
632 4640 16706 -239 291 -48
640 4631 16776 -214 262 -49
695 4652 16740 -237 271 -39
678 4630 16801 -244 273 -60
610 4664 16720 -239 254 -50
652 4636 16740 -242 283 -46
686 4633 16785 -233 256 -31
662 4651 16759 -226 284 -27
689 4661 16754 -239 270 -31