611 4579 16808 -219 328 0
649 4400 16690 -186 340 -13
631 4442 16749 -165 320 -4
760 4572 16764 -226 292 -31
609 4515 16789 -188 289 -21
703 4622 16884 -232 266 -29
581 4496 16765 -187 307 -48
756 4480 16742 -184 319 -32
687 4358 16809 -170 316 -8
690 4495 16733 -162 336 -16
638 4669 16808 -170 298 0
598 4693 16722 -224 300 -47
631 4529 16803 -229 266 -65
518 4289 16630 -195 297 -41
848 4716 16819 -274 256 -31
673 4533 16773 -300 303 -30
633 4435 16841 -291 287 -10
634 4440 16756 -272 303 4
685 4590 16808 -276 309 2
663 4483 16796 -295 303 -12
660 4408 16728 -268 280 -31
638 4566 16844 -250 272 -10
649 4543 16755 -279 310 -38
701 4605 16860 -277 277 -42
623 4528 16775 -290 278 -67
664 4577 16707 -277 300 -68
554 4338 16710 -242 321 -58
715 4523 16832 -251 280 -74
636 4542 16830 -239 294 -43
619 4417 16805 -183 305 -25
684 4536 16805 -198 300 -10
629 4581 16736 -220 318 -30
686 4504 16703 -218 291 -35
598 4545 16870 -144 137 -22
559 4348 16734 -102 178 -4
724 4606 16765 -98 201 22
590 4580 16834 -164 251 0
636 4533 16720 -210 296 2
660 4484 16826 -196 309 -9
656 4508 16799 -249 307 -18
676 4506 16805 -234 355 -11
661 4601 16739 -261 356 -25
634 4586 16793 -285 377 -51
641 4429 16766 -298 370 -16
763 4482 16889 -281 358 0
584 4348 16610 -294 401 -33
596 4624 16686 -300 405 -30
634 4522 16762 -306 357 -54
672 4489 16779 -326 349 -68
590 4212 16714 -243 355 -39
642 4562 16738 -234 331 -12
567 4626 16753 -320 348 -49
663 4566 16801 -337 338 -72
643 4502 16818 -333 324 -62
590 4490 16833 -288 332 -45
572 4479 16773 -279 310 -46
612 4437 16680 -262 319 -39
679 4489 16739 -238 303 -63
587 4557 16733 -250 274 -75
625 4556 16782 -274 263 -87
582 4527 16774 -267 278 -73
617 4460 16828 -258 288 -29
644 4327 16768 -181 284 -33
676 4590 16821 -206 263 -28
573 4517 16748 -212 262 -60
660 4728 16692 -219 274 -98
566 4566 16798 -241 256 -74
663 4460 16823 -222 268 -50
635 4392 16826 -209 307 -23
653 4634 16824 -207 302 -37
552 4498 16642 -235 351 -32
654 4449 16726 -192 310 -21
620 4517 16796 -196 305 -29
592 4379 16757 -155 302 -7
627 4606 16796 -164 288 -16
570 4532 16700 -193 277 9
672 4527 16745 -218 272 -30
601 4509 16773 -225 253 -46
595 4349 16675 -201 264 -59
689 4644 16835 -197 246 -66
491 4560 16905 -218 230 -52
549 4477 16767 -203 280 -31
669 4564 16800 -167 308 -32
670 4501 16732 -178 267 -26
588 4507 16759 -183 243 -50
645 4519 16786 -191 248 -21
593 4576 16821 -167 265 -37
661 4581 16757 -177 251 -35
628 4568 16749 -208 261 -45
702 4504 16757 -203 253 -52
615 4526 16766 -201 252 -56
624 4547 16773 -193 274 -21
653 4536 16811 -206 277 -15
674 4650 16802 -217 279 -38
684 4482 16746 -212 237 -50
578 4560 16814 -207 254 -41
570 4488 16910 -194 245 -41
582 4560 16621 -209 276 -55
456 4452 16604 -194 343 -17
584 4545 16704 -198 285 -43
732 4625 17013 -217 256 -8
687 4538 16979 -198 215 7
734 4664 16932 -204 279 15
620 4511 16708 -197 312 11
678 4502 16678 -179 310 4
597 4507 16643 -233 311 -9
635 4500 16630 -239 313 10
637 4498 16784 -229 259 -29
609 4653 16836 -230 207 -56
528 4534 16856 -210 235 -37
588 4676 16955 -190 241 -61
533 4625 16805 -213 261 -64
692 4587 16891 -200 251 -66
570 4536 16696 -177 267 -58
529 4462 16677 -197 315 -34
591 4309 16697 -35 251 -57
622 4881 16682 -250 278 -34
592 4454 16789 -151 284 -17
701 4598 16866 -163 258 -44
528 4443 16676 -176 291 -16
707 4582 16738 -96 277 -33
633 4868 16905 -188 230 -67
636 4682 16902 -246 182 -86
586 4591 16914 -231 196 -57
486 4595 16632 -189 260 -75
721 4644 16872 -208 238 -61
681 4701 16884 -286 218 -75
632 4482 16728 -259 267 -46
705 4517 16603 -221 286 -61
517 4557 16761 -233 242 -49
610 4462 16803 -226 247 -54
720 4640 16793 -242 212 -46
622 4721 16726 -301 239 -55
647 4671 16819 -274 227 -90
616 4497 16874 -253 214 -104
663 4566 16802 -248 243 -63
617 4624 16761 -236 230 -47
596 4506 16416 -279 289 -48
914 4908 17413 -208 118 -26
316 4268 16592 -294 257 -84
816 4726 16814 -257 222 -61
747 4713 16718 -278 265 -78
644 4640 16826 -320 208 -68
611 4441 16684 -275 263 -62
675 4589 16778 -263 243 -72
740 4562 16838 -249 248 -75
600 4493 16737 -261 276 -46
654 4463 16828 -170 270 -14
663 4648 16808 -213 232 -31
685 4763 16692 -246 226 -62
473 4605 16713 -291 231 -107
691 4603 16886 -310 217 -91
598 4422 16705 -261 258 -70
743 4666 16690 -264 250 -46
617 4524 16747 -247 289 -41
730 4596 16886 -262 230 -58
572 4577 16750 -291 261 -53
682 4523 16664 -232 274 -68
578 4700 16822 -256 271 -76
766 4686 16847 -313 246 -77
599 4416 16699 -279 268 -67
677 4647 16803 -241 259 -53
485 4628 16741 -265 285 -81
704 4538 16772 -235 296 -41
661 4549 16653 -229 290 -25
691 4563 16779 -261 320 -21
582 4454 16722 -209 301 -34
701 4667 16802 -249 293 -37
669 4600 16912 -219 258 -38
721 4690 16828 -259 259 -37
631 4386 16659 -175 341 -3
692 4512 16670 -199 346 -39
654 4536 16722 -168 323 -35
668 4489 16862 -137 293 -26
572 4607 16846 -139 291 -27
632 4597 16828 -65 340 27
588 4380 16577 -17 409 97
748 4543 16632 -14 398 106
717 4637 16677 -95 365 76
652 4837 16671 -189 314 21
527 4629 16686 -231 304 -35
654 4773 16902 -234 250 -67
679 4766 16868 -299 256 -74
716 4514 16810 -299 268 -82
675 4611 16852 -267 233 -98
561 4560 16754 -266 236 -86
680 4478 16746 -203 258 -78
707 4727 16753 -231 249 -77
596 4519 16785 -210 256 -70
666 4613 16751 -195 253 -67
660 4580 16735 -195 252 -48
620 4557 16645 -202 283 -45
740 4680 16816 -240 263 -57
698 4861 16888 -281 196 -79
584 4398 16835 -217 280 -48
653 4555 16784 -183 265 -73
671 4564 16638 -193 309 -41
656 4486 16738 -146 318 -52
661 4627 16802 -200 244 -57
696 4747 16825 -207 244 -61