533 4583 16761 -183 279 -33
653 4626 16766 -107 302 -14
674 4608 16688 -190 305 -30
677 4644 16743 -187 287 -30
653 4744 16941 -199 246 -41
602 4640 16830 -211 264 -40
632 4489 16686 -149 319 -45
743 4715 16708 -164 285 -44
690 4568 16761 -213 269 -63
571 4602 16764 -165 275 -24
706 4720 16780 -194 279 -47
693 4598 16759 -159 279 -31
677 4708 16674 -174 283 -35
631 4675 16679 -202 273 -55
612 4552 16654 -191 289 -40
662 4579 16780 -123 265 -74
632 4706 16868 -125 253 -47
632 4707 16776 -126 263 -49
706 4682 16702 -123 314 -34
607 4628 16767 -136 288 -68
712 4620 16689 -139 298 -72
680 4611 16748 -126 297 -64
640 4772 16852 -133 265 -52
560 4665 16689 -206 313 -72
677 4795 16682 -184 302 -36
657 4707 16779 -223 268 -48
682 4645 16721 -265 267 -55
667 4735 16790 -303 269 -50
611 4674 16749 -329 270 -71
686 4700 16776 -311 285 -51
682 4574 16796 -311 310 -32
627 4511 16711 -246 327 -11
689 4615 16736 -217 358 20
697 4699 16758 -274 395 -15
598 4608 16724 -265 408 -15
632 4850 16791 -304 371 -52
599 4614 16795 -316 345 -33
634 4477 16741 -209 353 -4
703 4754 16724 -234 320 -29
632 4787 16815 -277 270 -36
585 4692 16748 -267 239 -51
621 4562 16734 -266 240 -53
630 4644 16770 -203 242 -35
625 4722 16725 -267 248 -24
633 4735 16768 -256 261 -39
619 4691 16761 -290 239 -64
628 4601 16757 -261 244 -66
608 4544 16759 -184 239 -31
699 4684 16783 -203 241 -40
666 4733 16764 -224 240 -43
683 4706 16725 -241 277 -41
668 4689 16764 -259 266 -58
643 4692 16716 -254 236 -68
602 4591 16741 -236 254 -49
686 4654 16774 -257 252 -54
650 4731 16794 -265 283 -59
625 4588 16746 -237 274 -64
629 4626 16788 -238 282 -46
678 4688 16763 -212 273 -48
667 4690 16756 -211 268 -40
625 4640 16782 -211 271 -53
612 4662 16743 -226 281 -43
686 4675 16767 -213 276 -23
675 4700 16776 -215 288 -40
615 4716 16702 -218 291 -41
612 4664 16731 -217 270 -43
667 4737 16759 -224 250 -54
611 4623 16718 -237 253 -64
650 4670 16798 -227 244 -65
619 4610 16759 -230 242 -57
636 4702 16676 -256 212 -64
687 4552 16659 -242 115 -87
696 4665 16672 -272 66 -109
647 4768 16696 -350 -2 -164
627 4912 16849 -451 -22 -229
589 4882 16901 -545 -32 -276
639 4773 16924 -585 -14 -332
681 4789 16904 -659 57 -328
698 4692 16854 -685 69 -338
685 4698 16788 -745 93 -333
664 4618 16748 -784 123 -312
691 4609 16779 -810 135 -304
679 4483 16779 -786 187 -228
662 4417 16803 -702 239 -155
727 4399 16803 -656 269 -95
712 4411 16773 -584 312 -43
699 4466 16801 -501 318 -8
729 4430 16722 -432 309 -44
665 4299 16737 -379 290 18
817 4487 16755 -264 330 13
670 4502 16800 -260 314 30
668 4503 16765 -224 316 30
680 4479 16814 -229 301 23
657 4434 16774 -139 321 -5
704 4513 16792 -101 334 15
708 4420 16813 2 312 22
648 4428 16658 41 304 37
652 4187 16774 136 323 99
777 4378 16717 267 347 191
755 4640 16772 177 419 257
774 4517 16719 227 286 118
651 4389 16641 283 148 86
658 4819 16655 169 -7 65
785 5125 16697 -104 -88 -68
740 5130 16668 -294 -166 -185
688 4672 16777 -370 -301 -309
542 4418 16760 -350 -394 -355
620 4653 16744 -372 -473 -444
842 4432 16926 -283 -403 -502
770 4921 16873 -360 -308 -586
820 4632 17188 -363 -191 -516
900 4709 16900 -484 25 -450
1089 4878 17070 -565 205 -434
876 4801 16896 -672 316 -357
805 4670 16723 -790 396 -284
833 4578 16612 -836 361 -259
823 4580 16621 -966 359 -268
690 4508 16732 -1006 293 -322
706 4472 16753 -1026 299 -285
748 4464 16769 -993 230 -331
780 4379 16732 -958 254 -296
809 4428 16662 -902 263 -282
774 4303 16762 -832 264 -224
797 4097 16749 -661 274 -182
862 4096 16780 -502 274 -97
840 4261 16752 -334 283 -20
767 4237 16729 -205 347 41
862 4288 16869 -54 375 97
737 4128 16759 35 398 195
734 4050 16704 140 422 258
932 4299 16721 224 406 255
866 4804 16729 66 340 173
758 4518 16762 55 274 82
769 4392 16817 84 189 24
740 4415 16734 206 92 -8
753 4535 16795 136 139 19
836 4453 16928 97 210 97
862 4240 16748 149 321 194
947 4728 16753 187 251 110
742 4796 16577 70 17 -83
679 4466 16628 131 -285 -250
707 4348 16745 90 -382 -197
984 4244 16747 207 -370 -286
829 4696 16748 235 -272 -206
1046 4559 16907 207 -99 -127
1090 4605 16882 177 21 -105
1031 4902 16849 143 291 12
944 4849 16836 -69 527 98
956 4907 16746 -328 637 162
925 4825 16842 -432 689 163
928 4798 16890 -510 651 142
805 4699 16837 -547 676 107
776 4580 16728 -545 659 82
880 4629 16731 -508 611 35
761 4641 16707 -508 541 -16
788 4649 16676 -515 457 -59
755 4545 16707 -531 382 -57
822 4524 16751 -494 321 -69
844 4587 16778 -515 349 -59
838 4544 16764 -490 356 -69
820 4520 16782 -480 370 -48
796 4469 16720 -428 376 -41
901 4648 16757 -455 361 -46
791 4612 16757 -475 312 -79
814 4583 16696 -535 304 -99
773 4498 16795 -534 273 -114
887 4432 16814 -460 290 -120
797 4492 16683 -450 237 -121
838 4430 16767 -393 236 -159
842 4422 16724 -385 195 -106
836 4186 16737 -227 197 -37
845 4299 16683 -103 226 10
930 4394 16750 -4 169 34
828 4526 16725 14 176 57
835 4357 16819 87 153 77
805 4478 16884 138 166 114
906 4650 16768 101 179 85
859 4784 16826 -10 211 63
790 4636 16777 -96 225 18
919 4603 16769 -123 223 -11
809 4590 16734 -152 235 -29
887 4716 16760 -194 235 -72
714 4646 16784 -269 278 -40
868 4592 16825 -282 284 -46
805 4472 16798 -255 312 -29
903 4532 16830 -222 351 -3
837 4639 16775 -281 418 0
929 4652 16808 -301 416 1
815 4573 16716 -324 409 14
897 4609 16728 -316 404 4
817 4638 16745 -367 378 -11
859 4566 16762 -422 318 -39
809 4523 16755 -387 278 -73
797 4502 16692 -364 256 -81
917 4476 16728 -312 214 -94
851 4489 16770 -281 204 -68
866 4457 16726 -217 173 -71
850 4509 16776 -202 155 -32
868 4479 16769 -169 167 -39
896 4340 16648 -162 150 -48