-14978 4774 4216 -931 2430 -1109
-15021 4963 4472 -2745 3350 -2206
-15142 5116 4726 -4271 4032 -3269
-15158 5074 4877 -5149 4471 -4040
-15304 5192 4956 -5832 4929 -4761
-15509 5224 5098 -6332 5305 -5329
-15648 5297 5332 -6642 5731 -5832
-15748 5477 5561 -6735 6073 -6297
-15921 5648 5602 -6683 6359 -6685
-16097 5628 5792 -6424 6514 -6936
-16293 5586 5928 -6091 6597 -7143
-16448 5644 5804 -5719 6554 -7209
-16608 5660 5820 -5209 6421 -7307
-16902 5888 5681 -4395 5939 -7300
-17105 6013 5452 -3801 5300 -7108
-17297 6125 5344 -3255 4424 -6765
-17516 6226 5125 -2786 3354 -6241
-17589 6349 4846 -2283 2149 -5539
-17457 6374 4705 -1758 1008 -4736
-17430 6382 4474 -1240 -59 -3925
-17337 6460 4361 -771 -949 -3104
-17308 6536 4260 -532 -1486 -2557
-17399 6539 4236 -176 -2273 -1399
-17520 6478 4168 57 -2920 -118
-17578 6338 4222 192 -3165 501
-17348 6208 4200 286 -3213 837
-17183 6108 4106 566 -3141 1190
-16802 5858 4025 1055 -2907 1545
-16538 5800 4036 1401 -2658 1769
-16545 5749 3942 1556 -2300 2034
-16445 5770 3816 1589 -1985 2254
-16346 5612 3834 1590 -1697 2466
-16086 5516 3921 1533 -1517 2660
-15862 5494 3932 1289 -1271 2665
-15616 5468 4164 1166 -1367 2644
-15325 5553 4105 847 -1265 2633
-15098 5554 4237 415 -1025 2567
-14890 5537 4280 -32 -756 2443
-14637 5537 4548 -513 -422 2334
-14481 5421 4782 -954 -16 2249
-14398 5252 5120 -1270 360 2194
-14274 5320 5220 -1625 706 2171
-14228 5378 5400 -2096 980 2192
-14010 5312 5646 -2556 1308 2153
-13716 5050 5940 -2829 1560 2153
-13744 5188 6077 -3198 1858 1925
-13672 5060 6260 -3578 2001 1814
-14006 5038 6182 -4022 1964 1686
-14201 4581 6136 -4191 1841 1457
-14321 4460 6100 -4099 1501 1142
-14504 4230 6044 -3888 1112 781
-14742 4057 5860 -3514 617 294
-15074 4309 5582 -3283 130 -292
-15509 4403 5376 -3299 -121 -732
-15798 4448 5314 -3436 -178 -1066
-16078 4493 5160 -3663 -17 -1294
-16266 4572 5069 -4018 349 -1618
-16669 4557 5149 -4330 839 -2028
-17100 4430 5297 -4558 1400 -2351
-17614 3794 5396 -4345 1818 -2605
-18092 3189 5461 -3643 1964 -2742
-18653 2962 5317 -2612 1886 -2884
-19142 2810 5236 -1599 1638 -3107
-19552 2577 5158 -388 1237 -3324
-19909 2205 5081 1139 762 -3537
-19972 1722 4900 2759 215 -3620
-20118 1538 4426 4200 -240 -3627
-20265 1361 4164 5930 -916 -3721
-20353 1171 3513 8285 -2197 -3683
-19641 965 2860 11533 -4110 -3351
-18453 1299 2146 14330 -5594 -2830
-17813 1326 1854 16117 -6536 -2428
-16898 1628 1533 17200 -6946 -1931
-16260 2108 1264 17830 -7075 -1347
-15702 2417 1325 17949 -7079 -1001
-15622 2832 1500 17512 -7023 -922
-15726 3064 1733 16654 -7032 -927
-15826 3153 2000 15638 -7177 -905
-16133 3238 2178 14672 -7568 -855
-16373 2880 2336 14049 -8291 -577
-16758 3290 2334 13411 -8948 -351
-16544 2816 2473 12590 -9555 -219
-16382 2850 2685 12261 -10117 -211
-16164 2820 2645 12074 -10518 -332
-15685 2742 2957 12111 -10522 -874
-15234 3640 2580 11981 -9944 -1816
-14192 3150 3150 11793 -8749 -1986
-13530 3564 3530 11554 -7105 -3150
-12614 3452 3750 11403 -4945 -3959
-12561 3755 3947 11507 -2777 -4815
-12742 4089 4246 11614 -839 -5655
-12788 4332 4665 11423 524 -6061
-13076 4852 5029 11181 1491 -6472
-13224 5177 5354 10634 2302 -6919
-13490 5456 5626 9662 2952 -7321
-13716 5618 5736 8831 3293 -7837
-14076 5675 5884 7913 3279 -8570
-14150 5759 6064 7091 2979 -9290
-14073 5800 6278 6807 2770 -9552
-14038 6004 6330 7028 2588 -9608
-14068 6162 6301 7587 2428 -9527
-14012 6308 6482 8053 2499 -9346
-14156 6563 6420 8703 2645 -9104
-14373 6904 6489 9581 2819 -8750
-14453 7078 6668 10113 3021 -8566
-14641 7397 6572 10542 3213 -8093
-14742 7717 6525 10681 3437 -7553
-14854 7808 6560 10675 3542 -7126
-15090 7895 6599 10603 3537 -6530
-15270 8033 6765 10561 3520 -5782
-15520 8151 6866 10304 3413 -5027
-15788 8249 7040 10019 3299 -4229
-16044 8258 7142 9797 3223 -3515
-16189 8446 7300 9538 3072 -2773
-16140 8556 7570 9158 3083 -2113
-16208 8512 7785 8385 3209 -1259
-16269 8217 8093 7351 3505 -434
-16440 8104 7954 7828 3221 403
-16435 7573 7930 8271 2876 1404
-16345 7213 7880 8975 2332 2571
-16268 7021 7853 9587 1787 3401
-16209 6868 7734 10077 1261 4167
-16240 6812 7578 10526 630 4823
-16174 6668 7508 10821 -185 5434
-15994 6748 7128 10915 -1107 5843
-15976 6636 6954 10808 -2063 6049
-15815 6557 6505 10049 -3118 6314
-15772 6418 6142 8845 -4145 6446
-16170 6100 5764 7698 -4993 6511
-16505 5950 5533 6534 -5615 6507
-16677 5772 5369 5441 -6099 6355
-17502 5504 4997 4471 -6470 5929
-18585 5193 4760 3776 -6911 5291
-19744 4969 4689 2887 -7199 4510
-20177 5253 4808 1823 -7141 3698
-19548 5802 4962 396 -6484 2854
-18373 6437 4994 -1285 -5243 1802
-17146 6696 4862 -2825 -3652 775
-15944 6793 4765 -3965 -2145 -76
-14668 6964 4685 -4531 -56 -690
-13722 7100 4549 -4630 2263 -474
-13189 7186 4628 -4309 3910 328
-12658 7046 4994 -3774 5150 1395
-12394 7120 5034 -3496 5933 2488
-12647 7211 4927 -3437 6666 3720
-13531 6697 5089 -3466 6683 4774
-14511 6029 4983 -3717 5950 5327
-15028 5860 4848 -4064 5299 5509
-15708 5344 4812 -4898 4322 5295
-16596 5122 4488 -5802 2439 4678
-16384 4936 4378 -6385 1139 3926
-16013 4756 3865 -6973 734 3001
-15026 5180 3870 -7761 952 1893
-14861 4685 4596 -7385 472 1004
-15010 4556 4497 -6505 355 540
-14434 4613 4481 -5205 721 -64
-14552 4518 4720 -4068 1117 -511
-14880 4783 4776 -1962 1275 -830
-14653 4872 4380 1117 1366 -1124
-14654 5052 4196 3647 1126 -1321
-14832 5533 3870 5481 487 -1229
-14676 6100 3710 6187 -80 -1114
-14742 6238 3686 6290 -711 -969
-14606 6620 3634 5954 -1383 -787
-14435 6964 3451 4959 -1948 -701
-14334 6914 3201 4038 -2430 -831
-14233 6750 2844 3090 -2086 -856
-14192 6646 2974 2045 -1682 -1052
-14345 6278 3168 1356 -1263 -1107
-14481 6056 3222 1104 -754 -1045
-14650 5658 3273 1252 -265 -1013
-14801 5505 3353 1528 285 -1134
-14853 5289 3454 2027 731 -1318
-14926 4914 3570 2612 1216 -1737
-15436 5118 3640 3460 1907 -2526
-15815 5354 3631 4653 2487 -3284
-15767 5653 3843 5279 3026 -3604
-15930 5993 3977 5465 3388 -3622
-16184 6246 4394 5432 3457 -3635
-16256 6310 4608 5145 3642 -3648
-16584 6530 4618 4543 3948 -3588
-16865 6034 4784 4422 3791 -3318
-17396 5746 4966 4559 3519 -3290
-18233 5609 4882 5600 2897 -3442
-19150 5218 5043 7323 2045 -3827
-19849 4978 4924 9286 1197 -4247
-19752 5022 4462 10874 805 -4503
-19636 5409 4264 12194 252 -4813
-19557 5576 3937 13127 81 -5086
-20476 5692 3420 14001 166 -5605
-23495 4425 3480 15779 -825 -6523
-24481 3269 3433 17892 -2469 -7157
-24438 3605 2851 18942 -3419 -7636
-23417 4861 1867 18294 -3263 -7958
-21066 5865 1882 16411 -2202 -8450
-18304 7092 1473 14857 -1067 -8951
-15412 8024 1322 13443 -330 -9173
-13114 8342 1285 12752 146 -8663
-11640 8251 1496 12172 972 -6717
-11621 7201 1934 12354 1274 -4434