3744 18295 -165 2326 -193 1978
3902 18713 -222 2222 -609 1967
3954 19177 -201 2755 -926 1438
4204 19930 108 2330 -1078 548
4308 20424 -46 110 -1251 -213
4076 19678 -544 -1974 -1572 -704
3926 18685 -774 -3195 -1875 -821
3894 17144 -540 -2225 -1573 -778
4280 17953 -383 -477 -529 -432
4207 18119 444 1346 746 -295
4074 18156 64 1952 1397 10
3870 18054 -73 2253 1772 290
3836 18232 -263 2584 2247 393
3897 18510 -586 2208 2426 510
3776 18606 -728 1706 2131 564
3776 18605 -742 1264 1596 633
4059 18499 -631 630 846 773
4207 18536 -572 5 317 1046
4139 18512 -424 -129 83 980
4301 18630 -148 295 263 667
4348 18536 -129 307 548 353
4397 18501 -277 -115 853 209
4232 18237 -543 -578 1246 121
4392 18058 -550 -546 1508 180
4276 18116 -563 -34 1821 142
4280 18212 -322 1118 2495 168
4212 18380 -456 1681 3223 383
4108 17940 -342 2374 3465 378
3975 17949 -413 3514 3265 106
4133 18224 -464 3975 2659 -22
4316 18465 -644 3636 2293 -110
4427 18391 -771 2720 1550 -169
4456 18592 -744 1651 1186 -176
4588 18658 -1006 -207 736 -215
4454 18344 -1310 -2189 8 -403
4262 18402 -1470 -2878 -334 -505
4151 17868 -1281 -2581 -726 -629
4055 17826 -957 -1050 -733 -562
4245 18346 -205 268 -121 -140
4358 17964 -714 778 373 214
4238 17836 -861 1176 459 603
4404 18698 -1141 727 468 773
4245 18778 -1109 118 242 263
4222 18662 -1032 -543 52 195
4405 18801 -1092 -1098 -65 174
4318 18436 -1121 -840 -62 364
4403 18541 -969 -614 34 564
4420 18217 -754 -996 -116 488
4255 17973 -873 -1258 -459 346
4032 18020 -1136 -1199 -677 239
4553 17716 -828 -394 -594 -225
4417 18057 -388 -282 -372 -103
4481 18060 -684 -136 -60 114
4405 18068 -999 -79 -91 330
4301 18219 -1087 -309 -272 316
4434 18138 -1172 -397 -494 212
4198 18514 -1210 -908 -855 223
4310 18318 -1141 -1318 -1433 -50
4200 18240 -1116 -1684 -1793 29
4378 18096 -1088 -1798 -2170 22
4401 18218 -873 -1784 -2507 89
4434 18334 -732 -2064 -2617 148
4402 18128 -748 -2395 -2604 308
4512 17818 -737 -2663 -2592 569
4408 17517 -820 -2411 -2547 786
4331 17337 -655 -1698 -2440 810
4393 17712 -424 -808 -2125 781
4441 18320 -209 -470 -1860 590
4436 18343 -190 -672 -1803 455
4416 18412 -309 -1062 -1886 189
4446 18182 -461 -1516 -2078 70
4563 18071 -456 -2052 -2363 -58
4758 17970 -490 -2435 -2421 -151
4564 17763 -479 -2576 -2334 -192
4287 17359 -623 -1928 -1365 -30
4549 17774 -321 289 5 -49
4633 17991 -255 1860 1029 44
4034 18222 -558 3265 1814 -61
4525 20651 -1332 2148 2657 -265
4704 21212 -1696 703 3075 -621
4392 20465 -1655 -642 2973 -1128
4936 20318 -1345 -2444 2750 -2188
4805 18933 -905 -3632 2533 -2806
4716 17745 -212 -3687 2025 -2476
4468 17350 216 -3421 1177 -1922
4564 17429 398 -3282 427 -1577
4550 18004 604 -3266 114 -1470
4159 17955 692 -3706 -566 -1174
3711 16913 352 -2550 -1883 -296
4281 17892 496 237 -1587 -234
4406 17467 835 1876 -1085 -422
4232 17139 452 3105 -551 130
4152 17257 42 3432 -383 466
4140 17361 -352 3137 -379 896
4194 17708 -530 2310 -689 1572
3838 17359 -534 1254 -1717 2789
4205 18460 -862 1488 -2750 2916
4422 19256 -732 1420 -2920 2625
4492 19384 -782 1637 -3048 1990
4735 19845 -605 1243 -2925 1065
4705 19814 -419 434 -2894 -271
4724 19322 -556 -474 -2417 -598
4862 18697 -714 49 -1425 -906
5148 18269 18 794 -472 -1148
5668 17918 58 1225 621 -1087
5168 17692 111 1820 1593 -666
5379 17856 188 2303 2868 -327
5090 18033 -48 2787 3736 -465
5270 18536 -330 3074 4516 -638
5265 19053 -456 2741 5546 -395
5164 19490 -476 3241 6044 -201
4766 20377 86 2616 6047 -475
5228 19580 190 2009 6072 -1251
5186 18946 250 1375 6122 -1666
5174 18249 128 947 6108 -1771
4921 17561 -29 812 5958 -1776
4862 17342 -48 1239 5785 -1402
4838 17929 98 1408 5557 -961
4770 18540 286 1085 5420 -924
4754 18462 516 357 5368 -1353
4760 17924 608 154 5048 -1490
4725 18063 538 81 4453 -1160
4614 18020 518 38 3676 -967
4686 18052 578 -269 3351 -952
4694 18198 582 -734 3345 -1147
4518 18314 852 -1481 3304 -1385
4620 18110 621 -1876 3058 -1827
4834 17918 426 -1714 3011 -1727
4437 17318 511 -1045 3428 -1045
4654 17784 298 410 4152 -473
4230 18454 982 1236 4772 -254
4528 18598 755 1330 5149 -485
4098 18158 496 1409 5433 -736
4221 17825 449 1605 5556 -620
4336 17860 152 1390 5993 -272
4141 17865 162 1798 6319 -41
4198 18261 204 1952 6646 6
4232 18447 128 1823 7210 0
4097 18674 45 1488 7573 -279
4175 18751 129 245 7955 -484
4112 18234 -128 -83 8037 -662
4115 18188 -53 -5 8006 -753
3954 18100 -18 -18 7823 -776
3895 17865 197 191 7300 -515
3680 17768 536 861 6710 80
3684 17502 516 1708 6352 467
3479 17778 470 2272 6235 811
3388 17782 334 2014 6103 1183
3308 17584 60 2070 6006 1345
2996 18233 40 955 5482 1575
3290 17648 -876 416 5005 1665
3228 17716 -1034 826 4521 1809
3349 17893 -1222 1115 4196 1797
3245 17905 -1200 1560 3958 1535
3547 17930 -1077 2648 3846 1136
3681 18035 -858 2361 4267 916
3653 17533 -822 1328 4554 804
3638 16893 -854 1095 4171 825
3685 17053 -1177 1250 3824 866
3525 17172 -1364 1379 2917 519
3249 18125 -1600 998 2100 411
3470 18732 -1814 608 1205 226
3428 18748 -1960 242 238 -377
3910 18916 -2214 -193 -208 -738
3580 19334 -2398 -741 -240 -822
3700 19058 -2413 -668 -91 -1019
3886 19364 -2525 -99 493 -1066
3884 19542 -2836 1135 1127 -1084
4420 19621 -3092 2425 1487 -581
4617 19617 -3332 2819 1383 58
4886 19108 -3468 2968 1248 401
5032 18682 -3570 2972 1139 699
5428 18428 -3448 2936 928 1235
5372 18658 -3226 1688 919 1685
5401 18529 -2576 579 336 1128
5277 19069 -2268 -1154 184 1082
4697 18765 -1677 -2464 -359 287
4797 17328 -1672 -2432 -933 -809
4704 17133 -1824 -1240 -1126 -1016
4717 17333 -1532 -296 -1281 -989
4566 17470 -1374 262 -1376 -660
4368 17433 -1262 832 -1417 -249
4350 17621 -1421 1452 -1396 20
4541 17848 -1454 1705 -1380 92
4724 18022 -1537 1529 -1311 115
4888 18072 -1634 1226 -1219 151
4930 18041 -1654 790 -1020 207
5001 17929 -1620 494 -971 228
5225 18109 -1586 -24 -998 244
5228 18310 -1508 -1124 -1098 94
5288 17832 -1496 -2100 -1343 -41
5265 17546 -1346 -2964 -1791 -140
5248 16964 -1246 -3194 -2416 -250
5128 16609 -1136 -2905 -2953 -207
5086 16642 -948 -2466 -3234 -37
5141 16982 -670 -2164 -3339 66
5010 17104 -717 -1665 -3189 148
5049 17282 -804 -888 -2665 228
4870 17537 -821 -300 -2073 251
4771 17823 -934 -70 -1783 1