-17889 7677 9113 -8515 13774 -3379
-18128 7844 8898 -7231 12232 -2748
-18021 7644 8663 -5887 9693 -1929
-17912 7786 8137 -4812 6776 -756
-17752 7734 7528 -4346 4836 301
-17654 7680 7044 -4111 3008 1502
-17714 7766 6789 -4195 1262 2577
-17658 7846 6496 -4618 -269 3654
-17498 7717 6190 -5175 -1449 4700
-17312 7574 5840 -5703 -2420 5668
-17257 7370 5529 -6196 -3128 6543
-17181 7325 5382 -6811 -3701 7283
-17345 7349 4984 -7336 -4063 7925
-17938 7057 4474 -7787 -4424 8531
-19193 6781 4104 -8230 -4781 9094
-20020 6820 4252 -8520 -5256 9741
-20086 6917 4366 -9202 -5506 10344
-19702 7170 4181 -9800 -5618 10989
-19273 6902 3760 -10476 -5577 11350
-19302 6642 3218 -10752 -5512 11502
-19753 6457 2744 -9985 -5767 11502
-20318 6321 2444 -8782 -5966 11539
-20758 6385 2270 -7851 -6066 11697
-21204 6494 2325 -7376 -6120 12056
-21474 6485 2329 -7500 -6159 12736
-21338 6438 2245 -7702 -6231 13443
-21093 6261 2106 -7931 -6336 14098
-20962 5865 1821 -7943 -6639 14677
-20665 5518 1616 -7624 -6962 15252
-20380 5120 1557 -6799 -7308 15751
-20040 4929 1486 -5941 -7488 16321
-19772 4954 1573 -5151 -7362 16759
-19534 4912 1712 -4549 -7120 17223
-19308 4589 1698 -3665 -6913 17660
-19060 4445 1798 -2546 -6632 17987
-18844 4500 1860 -1634 -6126 18272
-18828 4534 2190 -673 -5700 18551
-18752 4252 2476 228 -5393 18931
-18265 4393 2988 1168 -4987 19397
-18100 5169 3333 1389 -4386 19583
-18234 5785 3605 1500 -3919 19577
-18114 5956 3909 1583 -3775 19512
-18072 6534 4121 1569 -4342 19226
-17929 6498 4497 1402 -5624 18621
-17576 6261 4696 1162 -7370 17900
-17348 5804 4822 957 -9115 17201
-16986 5874 4864 572 -10541 16651
-16758 5802 5045 208 -11726 15992
-16480 5576 5052 -237 -12405 15301
-16365 5894 4732 -474 -12767 14377
-16136 6106 4368 -606 -12717 13172
-16141 5934 4381 -233 -12322 12133
-15972 5965 4636 558 -11796 11141
-15924 5933 4852 1298 -10903 10356
-15661 5532 5053 1764 -9938 9806
-15173 4677 5026 2579 -9001 9354
-14602 3701 4641 4040 -8045 8815
-13993 3429 4136 5606 -7257 7886
-13912 3333 3786 6448 -6778 6840
-13857 3085 3685 6708 -6508 5743
-13724 3270 3632 6328 -6171 4532
-13848 3588 3662 5264 -5461 3057
-13684 3602 3793 3743 -4443 1314
-13874 3437 4136 1951 -3054 -387
-14254 3290 4368 493 -1769 -2153
-14764 3118 4572 -586 -633 -3739
-15372 2941 4670 -1280 406 -5274
-15650 2856 4817 -1406 1588 -6589
-16038 2809 5006 -1163 2815 -7997
-16576 2882 4970 -479 3560 -9588
-16629 2870 4961 562 3788 -11109
-16700 3026 4729 1811 3443 -12470
-16585 2762 4625 3472 2609 -13606
-16405 2634 4108 5129 1538 -14429
-16310 2605 3732 6740 279 -14860
-16122 2916 3310 7802 -948 -15038
-16190 3204 2930 8452 -2090 -15354
-16094 3565 2746 8435 -3055 -15670
-16249 3774 2405 8508 -3819 -16320
-16288 3957 1921 8472 -4131 -17154
-16453 3937 1594 8545 -4043 -18159
-16725 4042 1348 8570 -3709 -19196
-17278 4148 1034 8856 -3610 -20161
-17794 3753 597 9774 -3599 -21291
-18410 3269 -170 11495 -3841 -22633
-19116 3220 -885 13863 -4702 -24448
-20241 4896 -2178 15519 -6057 -26348
-20913 9161 -3442 14154 -6850 -28199
-20589 13512 -3794 8969 -5572 -29973
-19606 17118 -3242 1660 -1851 -31948
-18972 18368 -2880 -5479 2455 -32768
-18949 18876 -2373 -10845 4337 -32768
-19416 17706 -1506 -14525 5978 -32768
-19933 16392 -840 -15955 6339 -32596
-20240 14396 -33 -15892 5627 -30021
-20542 12502 1168 -14551 5553 -25432
-20400 10801 2490 -11242 8907 -20447
-20652 9397 4048 -7062 10559 -15670
-20146 9042 2888 2392 12351 -11128
-19812 7881 2977 9736 13931 -7325
-19352 7661 2461 15289 16270 -3945
-19253 7798 2013 19932 18545 -1287
-18910 7805 1722 23793 20326 582
-19005 7568 1380 28923 21034 1507
-19248 6772 1882 32650 19079 1539
-18236 5998 1349 31898 17040 1662
-17788 6282 986 30767 16012 1510
-18185 6589 468 29131 13528 1770
-18432 7056 424 28138 10191 1925
-18533 6985 133 27017 6691 2024
-18630 7169 46 26226 2929 2214
-18536 6965 -16 25231 -459 2249
-18357 6821 -34 24369 -3191 2468
-18240 6770 -120 23798 -5319 2676
-17989 6429 -198 23367 -6937 2736
-17532 6166 -396 23304 -8120 2734
-17189 6172 -645 23419 -8889 2604
-16780 6117 -893 23659 -9135 2263
-16378 6001 -1145 24073 -9044 1735
-16416 5938 -1329 24549 -8810 879
-16458 5772 -1658 24875 -8390 80
-16698 5722 -1797 25109 -7793 -739
-16629 5981 -1918 24827 -7047 -1542
-16712 6218 -1880 24200 -6239 -2430
-16638 6266 -1857 23197 -5399 -3284
-16413 6553 -1793 21723 -4632 -4181
-16149 6856 -1734 19879 -3813 -5071
-15729 7185 -1736 17747 -3109 -5821
-15301 7542 -1516 15272 -2420 -6263
-15074 8072 -1306 12852 -1544 -6523
-15245 8682 -764 10528 -687 -6758
-15328 9241 -12 8578 327 -6745
-15734 9624 504 6969 1627 -6544
-16084 9785 1185 5787 3155 -6131
-16342 9748 1802 5192 5053 -5387
-17105 10001 2702 5207 7087 -4261
-17662 10356 3772 6408 9259 -2531
-18328 10957 4602 7721 11820 -408
-19704 12056 5213 9434 13145 2420
-21388 13337 6050 10853 13019 6131
-22846 14454 6753 12132 10789 10805
-23834 15009 6966 13998 7089 15613
-24364 15240 6524 15689 3356 19791
-25186 16341 6762 15350 -1174 23309
-25926 16289 7126 13972 -6525 26244
-25713 14434 6980 13409 -11987 27706
-24690 13536 6632 14081 -16202 28113
-23098 13674 6388 13433 -19083 27271
-20846 13670 6477 11183 -20235 25795
-18457 12937 6446 8511 -20019 24195
-15969 12405 6260 6263 -18434 22673
-13925 11329 5849 4948 -15903 21336
-12080 11108 5284 3512 -12634 20445
-10365 10238 5144 2115 -9313 19676
-9150 9125 5333 1139 -6295 18973
-8516 8544 5578 910 -4198 17890
-7708 8930 6072 243 -2861 16394
-7593 8210 6566 -219 -1701 14835
-7925 7677 6689 -372 -895 13377
-8262 8084 6450 -704 -33 12263
-8812 8682 6228 -803 553 11718
-9106 9337 6552 -594 564 11261
-9500 9918 7009 -613 332 10929
-10136 10610 7350 -354 -299 10486
-10493 10820 7449 -17 -948 10076
-10620 10786 7398 417 -1344 9803
-10590 10588 7738 746 -1283 9563
-10489 10282 8016 1175 -1061 8933
-10405 9534 8436 2564 -716 8017
-10285 8057 9272 5039 -329 6775
-9806 6644 9786 9451 -52 5601
-10045 5630 9596 15210 -319 4870
-10637 5881 8329 21354 -168 4480
-11446 6444 7061 26598 -410 4358
-11960 7436 5442 30729 -1478 4264
-12277 8466 3841 32735 -3007 4180
-11988 9262 2438 32767 -4573 4169
-11750 10316 1388 32767 -6628 3856
-12062 9644 1533 32767 -10606 3497
-10941 9161 636 29327 -12588 2683
-10681 8533 -401 23019 -12974 1469
-10432 8338 -993 17742 -14209 -272
-10510 7486 -1234 12798 -16049 -2197
-10238 6522 -1428 8513 -17739 -4294
-9849 5829 -1602 4923 -18910 -6434
-9572 5361 -1392 1810 -19146 -8476
-9578 5033 -1149 -548 -18010 -10381
-9850 4516 -942 -1906 -15755 -12275
-10432 4492 -868 -2285 -13338 -14453
-11162 4449 -729 -1627 -11437 -16705
-12042 4477 -618 -373 -9960 -18833
-13038 4869 -510 658 -8867 -20733
-13937 4826 -290 1468 -8034 -22278
-14697 5152 -200 1194 -7097 -23458
-15757 5493 -41 66 -6342 -24192
-16693 5570 -82 -1136 -5925 -24897
-17626 5662 -222 -2184 -5420 -25981
-18838 6232 -340 -3014 -4698 -27342
-20045 7648 -118 -4202 -4357 -28854
-21449 8229 -6 -5709 -3928 -30039