14480 11700 1982 -128 691 -4814
14474 11930 2005 -509 384 -4623
14592 11858 2116 -698 215 -4483
14538 11720 2212 -627 162 -4291
14475 11931 2161 -435 97 -4199
14459 12425 1890 -181 14 -4144
14472 12954 1749 -37 -240 -4033
14581 13206 1712 -69 -428 -3845
14482 13176 1748 -21 -535 -3569
14505 13012 1753 125 -559 -3271
14443 13050 1869 64 -603 -2775
14412 13166 1828 -368 -822 -2346
14438 12868 1801 -716 -795 -2139
14324 12502 1742 -690 -900 -1830
14194 12349 1780 -569 -932 -1548
14250 12237 1818 -565 -1011 -1419
14157 12152 1836 -543 -1017 -1241
14197 12036 1750 -496 -967 -1193
14138 12044 1685 -437 -833 -1062
14032 12125 1610 -329 -647 -933
13790 12196 1430 -278 -405 -777
13778 12260 1178 -275 -253 -663
13738 12317 996 -278 -59 -569
13710 12434 992 -355 99 -484
13630 12538 890 -444 305 -405
13686 12533 969 -488 488 -337
13648 12497 1124 -455 664 -288
13604 12446 1178 -241 788 -197
13602 12492 1308 -218 766 -28
13556 12484 1324 -320 698 147
13447 12446 1477 -387 672 414
13510 12216 1418 -198 646 597
13476 12056 1489 14 734 615
13334 11931 1657 294 676 584
13206 11782 1753 488 533 548
13160 11796 1788 507 408 569
13076 11769 1745 438 272 590
13073 11562 1737 415 161 563
13026 11296 1649 663 76 581
13072 11240 1596 675 131 433
12962 11054 1636 931 19 181
13190 11340 1409 738 246 -67
13104 11420 1382 528 432 -191
12989 11429 1436 460 510 -229
13006 11430 1434 473 536 -315
13052 11400 1548 497 473 -339
12919 11381 1731 734 196 -380
13407 11953 1519 202 456 -354
13212 11580 1382 -33 824 -261
13249 11624 1464 129 1004 -336
13153 11728 1484 265 963 -524
13204 11760 1496 271 945 -698
13174 11845 1527 341 905 -775
13230 12049 1578 390 805 -713
13380 12085 1709 382 684 -577
13420 12232 1719 255 752 -529
13388 12138 1823 171 736 -510
13416 12050 1974 185 573 -391
13490 12140 1968 167 523 -400
13472 12178 1921 161 551 -403
13398 12333 1818 147 608 -433
13402 12449 1776 145 668 -407
13356 12517 1781 174 613 -257
13342 12512 1713 159 598 -113
13406 12575 1716 144 575 47
13454 12684 1732 122 596 168
13420 12705 1641 142 733 264
13390 12780 1672 80 864 445
13238 12888 1621 1 911 641
13248 12753 1653 -1 953 774
13193 12701 1718 68 917 851
13266 12777 1736 -14 943 899
13262 12558 1677 -140 997 952
13349 12449 1788 -220 1020 1001
13290 12272 1713 -172 1059 1042
13320 12276 1684 -167 1142 1077
13334 12281 1696 -215 1300 1113
13276 12224 1608 -273 1451 1187
13242 12137 1597 -397 1588 1307
13230 12049 1641 -563 1703 1402
13168 11996 1761 -717 1767 1537
13092 11830 1728 -848 1655 1618
13217 11749 1770 -906 1614 1589
13364 11744 1814 -1154 1611 1565
13302 11818 1904 -1639 1671 1555
13286 11674 1972 -2122 1693 1595
13289 11350 2101 -2463 1751 1663
13380 10961 2324 -2571 1539 1685
13462 10796 2402 -2473 1266 1621
13490 10714 2520 -2348 1166 1377
13530 10608 2526 -2161 1013 1195
13624 10637 2622 -2027 953 1044
13804 10716 2714 -1882 987 978
13790 10910 2677 -1800 1109 976
13650 10950 2683 -1700 1239 1000
13638 11033 2720 -1798 1159 1076
13590 11098 2644 -1894 950 1080
13568 10901 2621 -1820 839 950
13649 10814 2637 -1705 784 937
13630 10785 2522 -1599 742 900
13605 10634 2588 -1515 713 872
13602 10556 2690 -1435 635 879
13477 10481 2771 -1169 491 784
13526 10454 2950 -922 290 570
13592 10398 3074 -623 102 328
13654 10330 3069 -205 59 91
13553 10512 3161 -14 -28 -80
13513 10709 3168 22 -50 -199
13656 10672 3102 120 -29 -275
13588 10828 3085 230 53 -370
13681 10906 2938 389 168 -428
13746 10913 3064 542 297 -447
13690 10956 3185 850 319 -429
13661 10818 2984 1364 276 -409
13709 10810 3092 2003 323 -253
13861 10841 2934 2679 710 -17
13818 11102 2726 3432 1009 460
13605 11501 2664 3872 1251 978
13472 12044 2570 4006 1259 1356
13438 12232 2600 3748 1081 1684
13600 12085 2534 3343 753 1994
13700 11892 2466 3164 256 2328
14047 11870 2355 3070 -55 2642
14098 11912 2173 2938 -79 2520
14236 11805 2165 2743 -102 2521
14202 11604 2236 2594 -196 2645
14215 11435 2157 2453 -323 2981
14255 11164 1950 2400 -216 3440
14277 11097 1758 2201 118 3853
14333 10904 1637 1741 412 4111
14288 10480 1688 1452 512 4092
14373 10082 1761 1206 506 3843
14305 9788 1861 1138 249 3369
14382 9481 1750 1124 -36 3134
14434 9498 1666 1154 -68 3002
14473 9639 1726 1096 -10 2777
14572 9670 1768 935 95 2730
14601 9553 1721 861 239 2638
14490 9561 1697 803 249 2528
14608 9612 1812 606 205 2464
14481 9608 1756 405 116 2352
14636 9513 1845 218 148 2241
14698 9405 1870 109 293 2182
14564 9576 1921 -33 -1 2028
14602 9626 1718 -262 238 2165
14749 9432 1965 -34 313 2133
14653 9708 1804 5 435 2322
14624 9824 1814 -2 387 2535
14644 9937 1749 -127 360 2723
14672 10077 1777 -156 353 2763
14817 10030 1681 -64 339 2777
14886 10017 1732 74 305 2714
14892 10057 1672 -27 328 2665
14960 10012 1863 -524 504 2668
14800 9602 1978 -1070 568 2867
14814 9177 2126 -1199 518 3019
14800 8886 2073 -1144 457 3039
14652 8736 2085 -1131 372 3051
14761 8586 2017 -1162 355 3056
14692 8464 1960 -1258 309 3101
14774 8239 1993 -1307 316 3032
14825 7929 2052 -1224 330 2801
14884 7786 2161 -1150 326 2642
14969 7622 2117 -1088 301 2486
15012 7452 2093 -1121 417 2217
14984 7282 1989 -1069 543 1915
15052 7181 2034 -864 639 1741
15086 7193 2005 -684 810 1478
14956 7154 1960 -694 965 1186
14845 7074 1986 -608 875 847
14728 6992 1940 -439 747 601
14716 7086 2008 -261 543 521
14812 7193 2073 -233 441 446
14905 7381 2101 -285 464 257
14818 7117 2168 -206 471 175
14927 7215 2173 8 390 100
14876 7316 2075 102 249 46
15060 7389 2056 -37 103 -47
15033 7381 2007 -97 29 -290
15131 7424 2030 -101 -36 -462
15145 7580 1966 -162 -62 -590
15256 7722 2001 -144 -8 -535
15269 8033 2012 -184 -5 -407
15353 8112 2022 -170 -17 -324
15324 8106 2016 -77 33 -290
15305 8308 1866 -10 -51 -263
15422 8345 1892 -25 -25 -241
15562 8349 1902 -110 75 -132
15554 8254 1902 -197 178 -90
15559 8081 1924 -267 371 -59
15439 7856 1963 -416 537 -58
15372 7480 2019 -611 683 -279
15357 7129 2109 -679 716 -594
15293 6952 2198 -630 655 -781
15264 6866 2260 -653 525 -936
15156 6966 2350 -756 462 -1165
14933 7025 2417 -777 270 -1420
14798 7285 2444 -835 17 -1588
14736 7693 2525 -913 -255 -1716
14760 8081 2520 -947 -536 -1782