-15818 4341 4905 -122 -171 -133
-15890 4316 4868 -151 -156 -138
-15821 4319 4863 -164 -68 -120
-15849 4311 4797 -112 11 -108
-15855 4294 4821 -33 91 -102
-15810 4324 4729 65 185 -75
-15831 4329 4715 165 321 -52
-15903 4392 4683 216 548 -14
-15860 4391 4643 234 758 -5
-15895 4491 4614 288 902 46
-15936 4470 4589 380 952 88
-15948 4477 4501 508 982 118
-15828 4448 4617 508 1201 136
-15838 4522 4645 548 1384 163
-15884 4568 4498 530 1432 121
-15933 4512 4648 710 1219 205
-15856 4634 4698 719 1216 198
-15848 4593 4653 733 1527 237
-15905 4642 4585 718 1288 319
-15838 4625 4712 644 1423 305
-15997 4701 4630 708 1280 302
-15888 4632 4670 691 1119 388
-15878 4653 4617 676 1130 379
-15878 4600 4550 631 1079 377
-15825 4616 4677 527 1196 438
-15886 4802 4481 649 659 328
-15840 4688 4636 437 1094 396
-15882 4774 4614 320 904 421
-15888 4673 4525 214 982 421
-15913 4706 4696 186 596 395
-15909 4696 4584 86 566 412
-15971 4743 4659 -45 450 390
-15936 4750 4706 -186 248 440
-15974 4744 4649 -296 254 386
-15948 4771 4633 -432 186 421
-15899 4826 4523 -557 108 442
-15973 4736 4506 -647 170 450
-15888 4817 4469 -684 296 493
-15865 4800 4442 -735 310 456
-15905 4778 4432 -774 304 468
-15944 4709 4430 -758 123 468
-15918 4678 4392 -733 48 483
-15966 4649 4468 -757 -59 480
-15970 4577 4369 -756 -165 463
-15926 4536 4430 -702 -204 462
-15914 4539 4391 -617 -200 444
-15940 4538 4390 -506 -154 342
-15985 4618 4416 -386 -149 347
-15992 4517 4512 -286 -176 333
-16070 4853 4416 -258 -61 287
-16056 4688 4582 -239 -3 290
-16054 4816 4446 -252 124 327
-16082 4838 4530 -270 162 362
-16050 4885 4518 -288 240 349
-15996 4844 4554 -291 271 396
-15953 4830 4530 -320 142 420
-15870 4825 4529 -242 363 403
-15980 4733 4585 -293 186 417
-16113 4712 4496 -282 100 430
-16034 4768 4620 -269 67 456
-16022 4758 4625 -307 47 452
-15981 4822 4660 -481 40 435
-16056 4814 4868 -491 46 538
-15930 4786 4665 -515 87 544
-15982 4752 4872 -603 189 620
-16015 4857 4784 -553 -193 563
-16014 4678 4808 -677 -379 552
-15886 4581 4976 -714 -319 568
-15766 4333 4984 -808 -477 498
-15798 4331 4921 -815 -584 408
-15710 4148 4948 -828 -426 380
-15725 4132 4932 -840 -340 310
-15769 4156 4848 -864 -770 142
-15669 4009 4809 -888 -1060 7
-15602 3932 4832 -1171 -968 -232
-15902 3911 4764 -1085 -1697 -434
-15687 3764 4843 -1352 -1963 -717
-15614 3677 4830 -1402 -1628 -955
-15944 3814 4658 -1348 -2409 -1186
-15763 3839 4727 -1332 -2017 -1348
-15727 4221 4618 -1558 -1700 -1404
-15870 4746 4571 -1776 -1237 -1346
-15937 5153 4562 -1885 -779 -1211
-16034 4886 4544 -1754 -486 -1226
-15902 5394 4593 -2194 29 -1129
-15990 5052 4760 -2241 229 -1039
-15894 4884 4574 -2196 574 -1077
-15936 4885 4700 -1907 569 -989
-15856 4692 4765 -1965 952 -986
-15858 4432 4774 -1992 994 -1060
-15834 4036 4889 -2042 1092 -1134
-15822 3845 4821 -2158 1348 -1281
-15153 3290 5166 -2559 3009 -1374
-15910 3568 4800 -2183 3215 -1428
-15877 3497 4921 -1385 2937 -1560
-15852 3309 4961 -1132 3098 -1607
-15992 3440 4940 -997 3131 -1663
-16382 3709 5122 -448 2740 -1625
-16378 3605 5189 -33 2632 -1446
-16448 3934 5038 481 2226 -1325
-16426 3757 5041 709 2067 -1230
-16469 3948 5014 763 1913 -1024
-16348 4050 5082 791 1782 -884
-16329 3954 4925 815 1690 -715
-16293 4116 4936 700 1624 -745
-16401 3925 4734 452 1510 -440
-16341 4222 4577 637 1396 -255
-16318 4421 4765 520 1449 -72
-16340 4549 4602 223 1306 93
-16134 4402 4673 -3 1292 -11
-15989 4045 4577 -479 1689 -63
-15874 3844 4649 -509 1660 -161
-15970 3848 4634 -481 1438 -128
-15656 4068 4472 -447 1941 -96
-15816 3965 4548 -26 1696 -30
-15887 4249 4561 642 1430 -17
-15855 4240 4625 1053 1606 237
-16627 4320 4537 2355 51 153
-16216 5797 4060 1929 -953 139
-16860 5292 3977 1241 -3325 544
-17502 5196 3784 -161 -10208 1171
-13358 2965 6556 -3500 -1004 2322
-17206 5646 4232 -1487 -8742 1406
-15256 4790 5966 -615 -9788 -1000
-16850 4596 5984 963 -5399 -617
-17061 5389 5229 2088 -5975 124
-16394 5498 5432 3280 -5026 877
-15272 5204 5308 3319 -2891 229
-16102 6012 5021 1998 326 -26
-15905 5742 4857 2721 3125 611
-15118 4846 4748 1498 6652 423
-15589 4873 4444 841 9729 65
-15502 6420 4906 -2034 12818 -1257
-15763 6218 4038 -6258 15867 -2608
-15526 3000 3634 -8424 18029 -3429
-14911 491 4765 -8175 18848 -3936
-14472 -598 5973 -6570 18675 -3833
-14459 60 4777 -4598 17381 -2099
-15718 232 3530 -2536 16653 -1464
-16760 1583 3280 -1202 15280 -1466
-16641 2523 2130 492 14764 -1772
-16537 3121 1416 1428 14682 -2191
-16837 3453 644 1607 14397 -2076
-16481 3926 297 288 13007 -1726
-16645 4020 -97 -615 10806 -970
-16429 3865 -765 -1343 8740 -493
-16497 4033 -1224 -1830 6828 -292
-16482 3902 -1574 -1848 5237 -353
-16318 3976 -1915 -1738 3799 -441
-16402 4093 -1948 -1825 1878 -543
-16564 4136 -1732 -1734 556 -682
-16755 4270 -1583 -1810 -895 -814
-16920 4705 -1193 -2251 -2907 -1326
-16502 4526 -1446 -2366 -3666 -1477
-16339 4402 -1428 -2324 -4235 -1559
-16176 3751 -1080 -1710 -6435 -1664
-15864 3766 -593 -1383 -9832 -201
-15865 3394 -190 -428 -13461 1874
-16956 2844 272 1431 -18568 2976
-17257 1797 686 3405 -22825 4517
-16854 2334 1065 3481 -25245 6626
-17300 3857 1733 2943 -26999 9789
-18394 4150 2310 2107 -28300 13229
-18327 4017 3938 2287 -29473 13301
-17384 6029 4342 2846 -28452 10698
-17213 9104 3977 1276 -25983 8123
-15974 9557 4270 -2473 -21765 5880
-14722 9257 3722 -7219 -16074 5887
-13740 8230 3046 -11303 -10125 7015
-13180 5802 3549 -12319 -4966 7655
-13228 4638 3946 -11005 -273 6702
-13232 3925 4028 -8207 3479 5073
-12888 3640 4512 -6675 5473 3966
-13276 3467 5040 -5548 8063 3121
-16285 6309 6900 -2585 9074 1696
-15106 4290 7022 -1416 11562 1239
-15864 3098 7260 -1638 12429 -144
-15972 2609 7865 -1602 12979 -1659
-15406 665 8592 -1312 11343 -1462
-15293 1428 8892 1197 8026 -747
-15910 2226 8112 3175 5323 699
-16844 2550 7470 3514 3386 835
-17474 3931 7683 2771 1744 -1043
-16709 4966 7113 1113 1013 -2941
-16052 4958 6128 346 2502 -4611
-15781 4546 5688 329 4540 -6213
-15684 4154 5570 851 5664 -7447
-15930 4554 5418 1298 6251 -8028
-15721 4487 4931 1115 6789 -8288
-15458 4052 4038 1027 7007 -7695
-15385 3902 3256 843 6989 -6323
-15536 3869 2665 814 7030 -5001
-15528 3556 2156 1668 7164 -3862
-15820 3620 2037 2595 7227 -2967
-15432 2948 2345 3765 7230 -1651
-15100 3457 1842 4542 7888 -505
-15726 4832 1296 4233 8299 -70
-17144 5325 1466 3444 7262 -115
-17336 5284 1464 2473 5755 -96
-17322 5257 1790 1402 4002 141