3758 18980 -979 -1625 2010 -1854
3596 18728 -1137 -1236 1823 -1848
3451 18480 -1290 -677 1288 -1744
3405 18218 -1388 -158 972 -1532
3171 17851 -1295 119 813 -1221
3145 17252 -1314 448 836 -913
3161 16854 -1322 791 1112 -584
3056 16864 -1322 694 1483 -464
2769 16611 -1300 795 2112 -277
2477 16856 -861 804 2321 184
2494 17054 -584 490 2140 343
2578 17040 -340 215 2115 387
2574 17195 -135 33 2249 494
2553 17488 136 -282 2377 338
2568 17472 277 -643 2392 3
2648 17541 360 -735 2426 -294
2784 17512 509 -522 2334 -619
2802 17821 489 -344 2274 -925
2828 18056 392 -92 2034 -1247
2749 18529 293 165 1729 -1587
2704 18898 178 233 1502 -1837
2526 19468 132 406 852 -2119
2377 19773 185 399 16 -2124
2602 19852 4 548 -201 -1932
2492 19621 105 836 -162 -1764
2621 19472 336 1114 58 -1553
2646 19293 577 1067 397 -1289
2717 19193 717 751 672 -1034
2760 18869 813 358 922 -722
2810 18508 907 -38 1052 -336
3050 18084 936 -226 980 -52
3052 17817 1018 -234 838 114
3232 17556 1044 -118 768 148
3196 17354 1074 154 798 207
3328 17404 1125 324 759 184
3237 17613 1137 343 712 318
3316 17672 1076 307 611 424
3350 17556 1170 409 507 367
3341 17464 1038 463 504 507
3440 17469 1032 523 494 595
3510 17488 1049 563 466 795
3492 17625 1093 612 291 956
3480 17708 1045 668 114 1059
3468 18097 1197 633 -50 1142
3465 18570 1308 372 -146 1138
3377 18869 1425 -52 -151 1058
3406 18850 1345 -174 -97 1078
3362 19060 1328 -193 19 1116
3409 19134 1370 -325 103 1240
3400 19237 1418 -419 76 1396
3393 19348 1406 -500 -25 1597
3414 19582 1405 -711 -62 1740
3456 19629 1369 -964 -143 1791
3328 19709 1233 -1144 -295 1887
3512 19869 1233 -1395 -307 2085
3276 20028 1210 -1662 -252 2299
3270 19940 1272 -1990 16 2546
3468 19510 1276 -2247 286 2773
4213 19082 1448 -2250 468 2992
3934 18988 1729 -2338 329 3094
4221 18757 1668 -2322 -261 2763
4428 18568 1468 -1723 -1092 2240
4488 18961 1508 -1020 -2240 1951
4130 19812 1328 -173 -3583 1028
3520 20805 857 506 -4619 285
2901 21480 282 700 -5165 -42
2813 21805 -468 848 -5193 -589
2494 21345 -888 668 -5159 -1244
2845 20413 -954 42 -4884 -1265
3042 19145 -1106 -165 -4597 -1187
3632 17885 -1189 -52 -4046 -690
3742 17444 -1173 171 -3396 160
3580 17701 -1229 487 -2826 735
3324 18004 -1320 470 -2232 1162
3181 18238 -1349 481 -1990 1419
2973 18226 -1278 201 -1866 1813
3034 18004 -1205 -320 -1831 2213
3034 17425 -1164 -766 -2049 2292
3316 16832 -1121 -1140 -2027 2301
3764 16205 -1237 -1273 -1975 2482
4149 15896 -1320 -1273 -1974 2351
4428 15790 -1489 -1423 -1909 2176
4783 15942 -1862 -1442 -1806 2015
4938 16441 -2316 -1030 -1702 1652
5106 17093 -2458 -669 -1749 1238
4829 17718 -2681 -36 -1847 855
4445 18956 -2905 568 -1962 480
3941 20366 -3025 807 -2199 -140
3872 20970 -3097 598 -2483 -689
3580 21136 -3042 -134 -2834 -1087
3409 20448 -3018 -718 -3452 -1343
3364 19549 -3278 -865 -4059 -958
3486 18790 -3376 -410 -4422 -551
3112 18624 -3313 101 -4672 -170
2984 18493 -3234 861 -4843 193
3002 18246 -3233 1994 -4541 259
2856 18306 -2628 2798 -4134 289
2881 18496 -1934 2643 -3567 108
3034 17978 -1597 1818 -2982 -160
3228 17093 -1345 1028 -2254 -339
3600 16304 -1198 665 -1682 -556
3750 15966 -1066 213 -1322 -873
3890 15933 -1052 -167 -1149 -1103
4157 16029 -1050 -343 -1059 -1277
4349 16205 -1044 -388 -916 -1386
4486 16393 -1100 -233 -745 -1434
4653 16974 -988 -86 -769 -1464
4942 17437 -1002 -74 -801 -1526
4945 17624 -1021 -90 -931 -1703
4926 17858 -1148 -165 -1291 -1710
4977 18101 -1224 -131 -1683 -1454
5130 18336 -1304 -281 -2069 -1132
5282 18537 -1396 -643 -2222 -951
5329 18450 -1428 -1039 -2419 -964
5394 18212 -1558 -1345 -2526 -1010
5565 17921 -1637 -1249 -2679 -927
5525 17952 -1634 -838 -2437 -802
5476 18125 -1577 -474 -2163 -666
5282 18344 -1509 -232 -1796 -537
5264 18676 -1364 -191 -1442 -451
5170 18901 -1342 -355 -1165 -381
5056 19006 -1412 -660 -1007 -168
5108 18949 -1456 -1027 -845 64
5178 18850 -1370 -1325 -645 237
5201 18854 -1236 -1587 -458 317
5210 18745 -1310 -1741 -224 239
5234 18534 -1209 -1728 -3 95
5278 18328 -1212 -1575 82 -4
5321 18404 -1216 -1417 245 -45
5217 18426 -1240 -1323 386 54
5088 18544 -1253 -1376 432 294
5078 18550 -1278 -1393 447 522
5078 18677 -1234 -1497 450 754
4986 18620 -1084 -1668 413 901
4982 18477 -1017 -1724 408 1002
5378 18350 -658 -1549 408 1127
6546 18341 -138 -2172 562 1187
6360 18444 369 -3448 399 678
5580 17953 260 -4179 -195 -30
4765 17886 -1356 -3620 -447 -137
5274 18942 -988 -994 -536 -1501
4852 20932 676 -941 -684 -2063
4397 22962 234 -3047 -702 -3577
3172 22841 -554 -3913 -310 -4699
2425 21052 -1300 -3562 273 -4500
1693 19704 -2597 -1198 804 -3725
1540 20144 -2441 560 1374 -3325
1513 19668 -2402 1158 1716 -2698
1662 18746 -2809 1487 1200 -2123
2216 18170 -2901 1620 665 -1011
2397 17972 -2824 1401 331 162
2588 17788 -2385 731 30 993
2602 17708 -1998 287 -448 1349
2769 17366 -1446 200 -804 1409
2862 17367 -713 69 -610 1381
3036 17454 -638 -905 257 1032
2976 16668 -964 -1831 1706 267
2546 16493 -797 -2068 2354 -250
2483 16615 -682 -2244 1829 -751
2548 16549 -817 -1974 983 -1401
2078 17546 -1124 -1817 189 -2264
1706 18717 -1394 -1813 -647 -3493
1158 19768 -1478 -2114 -1409 -4265
161 20116 -1241 -2643 -3112 -5157
124 20033 -1206 -2944 -4734 -5217
158 19406 -1198 -2719 -6146 -4403
862 18618 -1465 -2137 -6632 -3644
1658 17437 -1786 -743 -5821 -3113
1838 16548 -1673 1577 -4091 -2241
1949 17136 -1408 3980 -2208 -1445
1949 17924 -1169 5293 -636 -887
2226 18537 -1197 5472 902 -386
1997 18605 -898 5477 1275 -452
2121 19144 -825 4485 1362 -531
2500 19129 -974 3392 1357 -933
2414 18802 -1098 2258 1331 -1216
2597 18625 -1016 1357 1107 -1347
2437 18585 -906 551 860 -1323
2446 18509 -809 -112 616 -1191
2268 18530 -753 -709 326 -1145
2261 18637 -774 -1377 121 -1088
2241 18527 -748 -2247 -17 -1269
2030 18246 -705 -3084 -222 -1402
1898 18016 -737 -3268 -657 -1310
1816 17886 -790 -2958 -1221 -1229
1834 17798 -699 -2109 -1806 -1324
1717 18469 -561 -1743 -2167 -1274
1991 18638 -381 -1926 -2303 -1108
2066 18926 -81 -2412 -2217 -740
2014 18982 144 -2983 -2017 -419
1990 18861 297 -3410 -1740 -348
2208 18790 416 -3392 -1538 -309
2160 18786 534 -3240 -1422 -236
2152 18713 751 -3017 -1371 -242
2237 18860 996 -2840 -1484 -49
1996 19137 1092 -2960 -1377 239
1942 19104 881 -2914 -1219 727
1758 19310 850 -2521 -822 1002
1881 19830 828 -2367 -91 1138
1624 19758 888 -2244 525 1286