-18493 -1357 1712 15469 -15598 -7554
-18547 -931 2812 20766 -21598 -9379
-19376 -729 3350 22308 -23770 -9477
-19332 -104 4721 23125 -25399 -9393
-19467 -25 5585 23537 -26727 -8035
-18726 -896 6416 23112 -26992 -8334
-18860 -535 7402 30795 -18049 -7958
-19709 -1734 6334 32767 -12789 -4779
-18633 -697 4766 32767 -5416 -4559
-19331 1768 3570 32767 -2586 -2411
-19982 5200 2634 32767 88 -767
-21208 10981 1740 32767 2498 1705
-23656 13226 5848 32767 2826 3093
-23366 13452 4066 20858 8838 6226
-24441 13922 1778 8241 3524 7603
-23046 11134 2524 -1189 -819 7299
-23045 10312 2014 -10147 -7837 6708
-23221 9009 992 -16693 -16075 6531
-22890 6864 978 -19612 -22286 7273
-22506 5397 1693 -19791 -29285 8823
-22065 4377 3285 -18291 -32768 11388
-21817 4874 4410 -17091 -32768 13912
-21892 5545 5633 -16863 -32768 16847
-21288 5112 7368 -17759 -32768 18579
-20077 5461 8010 -18270 -32768 20195
-20494 4918 10161 -19052 -32768 21606
-19789 6202 9046 -16425 -30854 21363
-19021 6852 10418 -8911 -20498 20999
-19041 7257 9014 -241 -16868 21714
-17404 7645 9394 5653 -10678 21854
-17166 8485 9065 12875 -5317 21513
-17122 7337 10311 13920 -413 22420
-16485 7864 9112 8830 4072 23765
-17240 9574 8468 6348 4950 24480
-17694 10074 8634 3055 3238 26047
-17636 10413 9098 -1396 29 28044
-17593 10110 8751 -4335 -5120 29882
-16765 9593 8848 -5598 -8884 31165
-16150 9834 9221 -6645 -11542 31674
-16038 10630 9262 -6846 -13686 31706
-16050 11669 9546 -6610 -15266 31395
-15789 12792 10272 -6834 -16014 31165
-14770 12160 10749 -5794 -16040 31388
-13198 11401 10638 -4005 -16934 31957
-11381 11069 11098 -3237 -17079 32578
-10170 10840 10990 -3543 -16972 32767
-8525 9932 10296 -3660 -16002 32681
-6952 9348 10025 -4038 -16094 32109
-5934 9482 10361 -5204 -16177 31679
-5494 9025 10452 -5958 -17093 31401
-4640 8528 10258 -6331 -17768 31190
-4052 7930 10081 -6438 -18671 30823
-2863 6538 9932 -6212 -20306 30461
-1645 6019 9710 -6401 -21708 29909
-417 5485 10005 -5776 -23257 29067
298 5753 9852 -5814 -23319 28533
1225 5617 9140 -5279 -23560 27171
2726 4665 9345 -3924 -23605 26168
3952 4854 9260 -3431 -21707 25127
4688 4836 8570 -2864 -19831 24223
5225 4009 8518 -1934 -18046 23870
5861 3738 8262 -1614 -15835 23577
6206 3907 8532 -1423 -13341 23031
6606 3232 8870 -1299 -10274 21854
7014 2894 9178 -984 -8671 21058
7498 2629 9790 -893 -7890 20604
7578 3060 10282 -890 -7555 20601
8177 3508 10514 -1319 -7205 20329
8521 3388 10702 -1898 -6064 19735
8495 2766 10692 -1532 -5398 18946
8774 2440 10476 -550 -4328 17599
9130 2254 10878 -311 -3080 16420
8994 2136 11229 -592 -1437 15831
8134 2053 10470 -1215 1153 15282
5729 1097 15748 -2178 -2581 12418
7597 3764 19109 -5219 -1489 11325
9090 -1989 13717 -5262 -2686 14108
10208 -1433 12510 -10207 2193 15582
7341 -1122 12105 -14437 2989 12481
7773 -5688 11037 -13531 1556 10766
7148 -4565 9305 -9076 638 9548
8068 -5885 9409 -6480 910 7756
8181 -5377 9098 -3396 2270 5512
8177 -4520 9086 -1901 2714 3559
7954 -4001 9582 -806 2344 2196
7808 -3748 10448 173 2040 1426
8795 -3196 10980 1428 3217 1365
8862 -2401 11476 3103 3456 602
9602 -2151 11053 1887 4131 378
9713 -2233 11729 1765 4252 -410
10433 -2297 12680 323 4335 -602
9957 -2118 13346 -594 4021 42
9700 -1800 13284 -1270 2847 672
10864 -1011 14299 -2686 1614 430
11029 198 14653 -3757 -1696 -177
11760 41 14472 -4646 -4019 -957
11785 -85 15042 -6404 -5089 -1261
11884 -630 15202 -7508 -4955 -1031
11621 -1626 15124 -8392 -3681 -498
11338 -2390 14604 -8356 -2290 -476
11150 -3280 14394 -7538 -1004 -546
11224 -3709 13690 -6212 487 -1294
11357 -3492 13312 -5510 2023 -2488
12276 -3384 13308 -5425 3104 -3425
12249 -2770 13485 -5541 3377 -4052
12371 -2142 13281 -5466 2347 -5244
12264 -588 13621 -5683 53 -5173
11834 693 13056 -6394 -1477 -3455
12089 553 12408 -7403 -999 -1455
13428 -764 12153 -7918 45 -809
13914 -2328 12104 -7143 -54 -2011
13552 -730 11533 -6079 -1563 -4109
14902 -2244 11330 -4386 -1057 -6717
14292 -2192 10477 -3444 996 -7154
13254 -1101 11286 -3163 2296 -7982
13041 -1157 10634 -2671 2948 -9131
15492 -2693 10366 -649 3341 -9371
12435 725 11198 -1121 2496 -8889
12777 -453 9330 -223 2020 -8585
12088 -483 7688 980 4752 -6201
12451 4046 9205 366 6655 -3978
11210 6148 9460 -1562 8450 -4241
11470 5853 9566 -1228 8807 -5705
11253 4900 9199 1373 7707 -7963
11470 2917 10330 3848 4643 -10011
11976 2328 11528 3964 4043 -10926
10870 2616 10684 3012 5599 -11321
9931 4245 9122 2869 8827 -11195
8936 1296 10932 6753 7448 -9831
9665 1233 12001 6858 7521 -9057
8464 1580 11770 6398 6847 -7678
8339 3660 11578 5977 6339 -3820
8436 3962 12600 5102 5617 -61
8293 3795 12537 4337 4926 1874
8536 4365 12132 3128 3887 3440
8641 4129 11452 2572 3084 4369
8654 3550 11620 2325 2331 5003
8927 3012 11911 2158 2043 5614
8976 3088 11718 2287 2318 6109
9104 2556 11610 2915 2381 6556
8552 3023 11860 2729 3260 6744
7658 2898 13208 1458 3426 6790
7427 804 15164 1773 1890 7045
7444 -4459 17267 2648 -1767 6897
10200 -7072 17441 4434 -2749 6683
9189 -2750 15000 2931 -855 5979
8556 -2120 13942 4771 146 4933
8575 -2044 13219 4766 3698 4271
7786 -498 12292 4825 4342 4069
7418 -282 11924 4327 4083 4424
6577 -218 12182 3518 2600 4620
6916 -57 13112 2593 2244 4665
7264 -730 13682 2312 1829 4884
7483 -1531 13966 2595 566 4660
7073 -2540 13993 4018 -1285 4631
8042 -2936 13978 1830 -2240 5584
9062 -2653 13898 613 -3705 4545
9645 -2906 13676 -2498 -6842 2476
9332 -2280 14909 -5305 -8472 1123
9638 -2156 16263 -8743 -7633 -276
10563 -1905 16895 -8586 -6036 -764
11184 -2004 16924 -8277 -4661 -1742
11983 -1557 15970 -7759 -1824 -4320
11958 -283 16084 -5044 807 -7859
11432 1741 16624 -3231 2205 -9436
12160 1937 17637 -2244 3555 -9765
12072 5177 18390 -4501 4767 -8081
12138 4923 18336 -5926 3415 -6317
11001 6720 17390 -5772 277 -4402
10829 6732 15849 -6065 -3058 -2803
12219 3971 15041 -5369 -4791 -2484
13306 1720 14226 -3298 -5754 -4078
13770 397 13398 -1108 -7368 -6214
13624 -1228 12585 1617 -8253 -9046
9983 3991 13992 820 -8508 -8853
12723 4061 12939 713 -8334 -5803
14504 1748 13928 -1645 -1693 -4749
12143 2430 14265 -299 -1091 -3583
13549 4877 12936 824 -4938 -4389
15582 3529 11590 1378 -5630 -6562
10657 4109 12455 2933 -5419 -7377
10854 2532 12072 5144 -5822 -5461
10785 8930 8372 860 1979 -6691
11450 7373 9420 4637 2082 -8510
10990 5892 10514 7027 4920 -10087
10000 7020 7702 10110 3009 -12727
9712 7817 7564 10098 3891 -13946
9333 6070 7753 9449 5904 -12446
8222 5721 8584 8945 8773 -9548
7595 7240 8534 9433 9523 -6173
7079 7991 8970 8955 7702 -2814
7912 8861 8748 7375 6787 -782
7963 7776 8599 7432 6032 1237
7824 8410 8365 7088 5495 3474
7465 6372 9500 8649 3210 5415
7447 7385 9311 6163 4163 6726
6753 8530 9736 6666 3482 7704
6919 6957 13058 3850 4391 8082
6816 4822 14223 1614 4843 8557
6932 4765 14180 566 3875 9717