-17794 201 -1472 2547 -3513 -2812
-17992 153 -1913 -465 -1754 559
-17256 472 -1942 -1500 -958 1766
-16904 913 -1752 -253 -632 1626
-16800 1096 -1650 1852 -677 587
-16949 1454 -1489 3344 -685 -671
-17024 1441 -1276 2936 -1773 -1402
-16954 1260 -1078 284 -1940 -723
-16822 1348 -938 -1746 -2539 -154
-16618 1052 -617 -2790 -3195 -424
-16640 558 -329 -3110 -4289 -1102
-16489 -18 -80 -2601 -5030 -1870
-16170 -642 232 -2499 -5141 -2109
-16156 -1220 530 -2090 -4947 -1973
-15905 -3248 1756 590 -4466 -1812
-16004 -1358 1669 1815 -3623 -2098
-15581 -1141 1452 2750 -2659 -2139
-15464 -1013 1397 3418 -1618 -1903
-15498 -1081 1398 3993 -565 -1503
-15461 -1732 2045 4704 284 -1217
-15608 -948 2108 4600 723 -1304
-15754 -1074 1928 4664 932 -1482
-15865 -782 1885 4361 922 -1430
-16090 -754 1788 4051 728 -1189
-16365 -654 1512 3500 556 -1023
-16469 -718 1222 3093 649 -765
-16476 -1024 1150 2919 854 -466
-16653 -1334 1180 3277 974 -314
-16713 -1338 1068 3877 1465 -307
-16856 -1158 1254 4681 1963 -340
-16932 -1084 1506 5511 2521 -337
-16960 -1022 1592 6093 3041 -339
-16629 -1249 1689 6891 3535 -398
-16593 -1046 2000 7827 4003 -409
-16582 -633 1988 8462 4581 -558
-16454 194 2273 8086 4686 -623
-16389 -134 2246 7599 4808 -513
-16633 -2 1473 7400 4716 -438
-16596 -261 1289 7151 5002 -347
-16821 -360 1178 7306 4638 68
-17752 -410 1733 9699 2624 960
-18010 -292 2686 12755 13 3134
-17706 320 3188 16253 -2129 5903
-17402 1186 3401 17225 -2894 8318
-17514 1524 3716 18540 -3888 9858
-17196 792 4624 21655 -5710 11744
-16830 3400 3453 24487 -5909 14083
-17685 4298 2894 25213 -5909 13417
-17753 3718 2889 25638 -5497 12046
-17444 4782 3164 24609 -5162 11345
-17577 6362 3392 21849 -4595 10818
-17698 7337 3784 17954 -4085 10479
-18021 8450 3997 13336 -3722 10227
-18838 9233 4006 8613 -3801 10208
-19425 9293 3825 5056 -4854 10294
-19681 9028 3773 2294 -5959 11087
-19918 9670 3681 200 -7278 12300
-20552 10461 3638 -874 -8736 14064
-21264 11309 3580 -1000 -9752 16224
-21245 11849 3552 147 -10072 18461
-21556 12632 3569 2077 -9845 20782
-21625 13614 3590 4334 -9647 22907
-22212 14570 3537 6402 -9611 24893
-22274 15050 3080 8024 -9309 26869
-21846 15556 2844 8612 -8867 28816
-21454 16244 2793 8278 -7946 30311
-21128 17289 2624 6924 -6852 31448
-20678 17681 2905 4885 -5707 32319
-20030 17560 3288 3000 -4670 32694
-19510 17464 3585 1271 -3791 32767
-19354 17770 3856 -209 -3371 32767
-19233 18080 4202 -1434 -3363 32767
-19385 18942 4484 -2482 -3604 32767
-19389 19682 5082 -3544 -4232 32767
-19193 20326 5508 -4813 -5021 32767
-18865 20805 5864 -6094 -5819 32767
-17904 20216 6098 -6692 -6058 32767
-16917 19152 6078 -7033 -6523 32767
-16460 19017 6529 -7122 -7639 32767
-15546 18397 7230 -6702 -9204 32767
-14210 18545 7726 -7211 -10013 32767
-13112 17922 7577 -7360 -10304 32767
-11610 17460 7618 -7767 -9796 32767
-10573 17016 7446 -7722 -8992 32767
-9082 15173 7504 -6447 -7654 32767
-7988 14220 7225 -5351 -6504 32767
-6701 13352 7406 -4483 -5738 32767
-5882 13545 7496 -4237 -5549 32767
-4921 12985 7338 -4286 -5847 32767
-3782 12064 7188 -5111 -5993 32767
-2586 10778 7292 -6070 -6218 32686
-1558 9286 7328 -6670 -6566 31363
-645 8282 7326 -7289 -7031 29419
237 7512 7134 -7652 -7461 27424
905 6957 7088 -7988 -7971 25279
1624 6704 7193 -8329 -8505 23074
2524 5948 7194 -8805 -9186 21143
3022 4720 6629 -9211 -12415 19576
5329 3957 8648 -9487 -10837 16912
5376 3502 7870 -9974 -8621 14493
6018 2886 8100 -9982 -7754 11970
6173 2522 8064 -9990 -7126 9802
6078 2284 8118 -9941 -7108 7804
6129 1712 8142 -9687 -7048 5814
6077 1420 8182 -8671 -7056 3573
5894 1053 7914 -6696 -7324 816
5829 1178 7852 -4412 -7758 -2074
6065 1662 7690 -2335 -8090 -4916
6313 2168 7421 -1007 -8005 -7563
6233 3080 6994 -482 -7247 -9887
5964 4109 6838 -220 -6011 -11937
5172 4406 6993 51 -4934 -13553
4272 5193 6956 89 -4201 -14938
3312 5573 6770 -487 -3516 -16359
2409 5886 6525 -1273 -2520 -18195
1380 6009 6417 -1593 -1338 -20065
166 6128 5998 -989 -487 -22146
-1168 6320 5761 1027 -230 -24255
-2694 6420 5670 4210 -1016 -25688
-3926 7502 5405 7510 -2109 -26358
-4976 9685 5161 9358 -2816 -26759
-5853 12480 4464 9068 -2309 -27281
-6606 13972 3757 8185 -870 -28497
-7208 14537 3241 8095 799 -29664
-7666 14498 2538 8762 2076 -30490
-8438 14213 1926 9809 2728 -30932
-9104 14249 1650 10829 2497 -30695
-9454 14900 1488 10977 1849 -29668
-9713 16022 1482 9785 1225 -28442
-9828 17077 1866 6547 1013 -26810
-9714 18265 2174 1051 1415 -24954
-9913 18508 2454 -5267 2267 -23334
-10117 17274 2581 -10357 3187 -22609
-10353 15460 2626 -12955 3610 -22527
-10278 13341 2744 -12267 3247 -22845
-10218 12593 3145 -9343 2591 -23243
-10437 12852 3470 -6126 2387 -23103
-10496 13753 3905 -3482 3113 -22579
-10292 14657 4562 -2310 4671 -21931
-10613 15344 5089 -2007 6406 -21147
-10777 15586 5454 -2177 8363 -20629
-11209 14941 5572 -1968 9856 -20362
-11661 14133 5826 -980 10519 -20564
-12100 14034 5946 141 10688 -21001
-12752 14613 6005 680 10634 -21791
-13370 15222 6002 654 10642 -22182
-13580 16277 6033 -372 11152 -21863
-14669 16672 5945 -2051 11574 -21319
-15456 16542 5853 -3916 11598 -20441
-15324 16354 5906 -5991 11669 -19406
-15397 15614 5882 -7510 12267 -18513
-16357 15022 5388 -8155 13033 -17623
-16033 14874 4814 -7917 13626 -16882
-15486 14437 4216 -7770 15291 -16256
-15841 15065 4184 -9453 18087 -16638
-17090 17374 4724 -12607 19579 -17015
-18417 16029 4117 -13516 19531 -16567
-18484 14798 3560 -13596 19206 -15979
-18102 14830 3424 -13758 18112 -14907
-17678 14445 3400 -15047 17687 -13658
-18425 14126 3894 -16396 17661 -12245
-18392 13978 4761 -17122 17950 -10466
-17768 13345 5588 -17708 18989 -8711
-17976 12861 6286 -17505 19887 -7287
-18849 12908 6045 -15845 20503 -6044
-19384 13368 5806 -13098 21538 -4695
-20201 13334 5522 -10747 21953 -3314
-21078 12860 5498 -8308 21164 -1858
-21640 12406 5072 -6765 20038 -419
-22069 12841 5474 -4649 17550 1130
-21938 14613 6646 -3800 14147 2894
-22246 15878 8208 -4464 9248 3978
-21918 15696 8200 -4622 4562 4339
-21004 15964 7481 -4759 1813 4858
-20692 16546 7100 -4541 328 5917
-20316 17272 7336 -4609 -680 7046
-19818 17532 7920 -3841 -1503 8646
-19372 17997 8164 -666 -1473 10802
-18622 19078 7893 3684 -260 12729
-18053 20989 7682 7697 1353 14330
-17733 22098 6646 11847 3794 15458
-17000 22865 5045 16481 6474 16268
-15554 24076 3778 18723 10602 16629
-15273 25884 2810 19682 13162 16542
-14822 27717 1764 17285 14465 16572
-14746 30297 738 13245 14462 16823
-14452 30341 101 9562 13566 17165
-14060 29484 -977 6661 12698 17868
-13752 26425 -2149 6037 12573 19408
-12886 22241 -1440 -172 9603 20066
-10836 20592 -2076 -6175 8060 20913
-9440 19105 -2166 -10434 6392 21437
-9189 18917 -1592 -13497 3692 21894
-8457 18321 -834 -15505 986 21850
-7964 17148 -217 -16901 -1296 21861
-7136 15860 908 -18544 -2409 22861
-6336 15366 1069 -20716 820 24412
-6165 14494 590 -19399 1956 26011
-4882 13017 865 -16796 3884 27512
-4958 13309 976 -14422 6148 28312