-14667 12500 -804 6138 2465 -466
-14690 12676 -905 5580 2555 127
-14672 12497 -975 5082 2957 712
-14625 11972 -865 4699 3753 1286
-14684 11400 -604 4837 4642 1296
-14610 10890 -253 5087 5809 772
-15070 11091 673 4650 7761 120
-15459 11538 1905 3357 10771 -578
-16536 12313 2069 -595 15751 -1083
-17921 9880 3568 226 19561 -953
-19130 8536 5166 3150 22378 -693
-20200 8910 6646 6416 22864 223
-21201 8994 6925 7136 22027 654
-22191 8750 7958 5389 16032 204
-19789 8173 6984 7109 5782 2279
-15919 6937 5221 9851 -6637 4316
-13028 6608 3012 11292 -16858 6288
-9890 6264 276 11906 -28250 8190
-7325 6080 -2896 13237 -32768 10555
-5966 6066 -4717 14564 -32768 12191
-5290 5696 -6381 16567 -32768 12989
-5120 5047 -8100 20871 -32768 12169
-5736 4675 -9019 24466 -32768 11388
-7286 5152 -9564 24933 -32768 10622
-10665 5509 -9990 25341 -32768 8114
-14170 5119 -9435 26432 -32768 3489
-15702 6986 -7217 24952 -32768 -1966
-16745 10611 -4124 18130 -32768 -9243
-15959 13906 -1031 6304 -32768 -17934
-14924 14285 612 -2492 -27683 -24065
-14464 12834 1585 -8649 -18702 -28884
-16346 11494 1653 -13570 -9173 -32189
-17884 10576 2238 -17371 -859 -31576
-19098 10455 3429 -21261 12196 -27719
-20974 11266 3428 -23134 22161 -22464
-21582 11526 4158 -23862 26596 -18539
-21926 12394 4670 -25713 30438 -14030
-22774 12194 5572 -25913 31670 -10221
-22530 10798 6622 -25719 31699 -7425
-23003 8568 6843 -24338 27959 -5075
-21940 5465 6882 -21935 23289 -3025
-21198 4378 6360 -20917 18477 -662
-21001 3805 6189 -19151 13514 1448
-20364 3370 6094 -17789 9425 3377
-19932 3149 6100 -14911 4668 5424
-19260 2693 5899 -11275 -448 7373
-18374 2546 5664 -9037 -3085 7894
-17776 2585 5320 -7019 -4411 8306
-17542 3102 4538 -5087 -5044 8588
-16827 3817 4243 -4589 -4703 8840
-16287 3583 4489 -5501 -3119 8631
-16580 3370 5086 -5718 -2557 8065
-16278 2594 5837 -5235 -3157 7402
-15765 1537 5991 -4497 -4626 6650
-15241 1851 5672 -3694 -7140 6201
-14670 1514 5464 -1993 -9412 5248
-14177 1602 5641 -678 -10260 4030
-13843 2278 5415 -136 -9796 3138
-13665 3096 4769 63 -8221 2900
-13678 3110 4833 27 -6454 3083
-13986 3568 4783 254 -4381 2703
-14762 5001 4441 235 -2418 1593
-15328 5396 4398 -216 -1097 251
-15702 5863 4774 -736 -388 -1411
-15796 6402 4792 -1816 729 -3732
-15519 6282 4341 -3062 2677 -5561
-14780 6020 3304 -3893 5582 -6385
-13861 6249 2453 -5409 9553 -7029
-14465 6689 3147 -6561 12043 -6210
-15368 7334 2858 -7407 12768 -5697
-15893 8000 3309 -9124 13562 -6163
-15946 5729 4492 -10215 11697 -4708
-16392 2712 4253 -8180 9006 -2275
-16658 3662 3573 -5607 6579 -1244
-17409 4402 3278 -3847 4494 -967
-17440 4692 3113 -2862 3051 -493
-17173 4573 3165 -1482 2038 -8
-16396 4629 3582 -814 2719 -190
-16513 5514 3725 972 3279 84
-16138 6008 3138 3514 4215 589
-15965 5252 2089 3838 5785 199
-16069 5349 2126 4590 7542 -137
-15603 5047 4389 5445 9231 121
-14019 3259 3547 9538 12305 1365
-13766 3536 1872 12636 16004 1446
-14040 6392 1256 12102 17957 1385
-15292 8989 843 10163 19054 439
-17279 7961 1310 6459 20364 -1748
-17444 8194 2083 35 19054 -2346
-19294 10802 2009 -6097 16030 -1804
-20139 11510 407 -7968 8457 -3278
-18041 9302 804 -9181 4994 -4521
-17581 8358 1419 -10392 2125 -6021
-17335 7233 2425 -11653 -3653 -8498
-17136 5952 3660 -13279 -6553 -9411
-17422 5684 4300 -13950 -5443 -9557
-17724 4956 4586 -13334 -3356 -9128
-17150 3999 4648 -10656 -560 -7350
-17188 3762 2410 -7020 -3408 -5200
-16661 3974 5697 -5397 -4231 -3132
-16073 3693 4840 -1135 -36 -1551
-16974 4614 4578 2223 384 -140
-17424 4210 4692 5465 791 1217
-17440 4144 4716 8140 -372 1252
-17526 3524 4966 8885 -1094 1507
-17609 3596 4768 9087 -2132 1838
-17476 4009 4414 8989 -3488 2076
-17205 4389 4205 8650 -4954 2100
-17017 4612 4286 8299 -6462 1971
-17171 5188 4260 7295 -7993 1629
-17510 5648 4220 6126 -9348 1530
-17404 6315 4059 4555 -10409 1949
-17505 6898 3945 2616 -11521 2397
-17584 7401 4368 1181 -12566 3082
-17927 7761 4929 -99 -13512 4113
-18082 7890 5338 -944 -14204 5307
-17992 7682 6027 -1969 -14681 6443
-17830 7446 6739 -2948 -14815 7227
-17754 7296 7036 -2949 -15247 7101
-17049 7115 7303 -2725 -15724 6670
-16546 6946 7832 -2672 -16168 6234
-16360 7105 8212 -2868 -16494 5950
-15994 7241 8528 -3584 -16665 5271
-15861 7183 9596 -4404 -17197 4414
-15778 7110 10522 -4443 -18187 3538
-15418 7058 10374 -4180 -19112 2989
-15184 6697 9961 -3273 -19591 2378
-14837 6362 9107 -958 -19006 1683
-14325 6381 8629 2563 -17733 985
-13121 7368 8613 6066 -16017 233
-12569 8529 8513 8428 -13760 -171
-12454 10476 8650 10233 -11194 -297
-13102 12160 8309 11512 -8609 -375
-14084 13617 8094 12743 -6603 -349
-15004 14794 7950 14232 -5655 148
-16554 16160 6794 16075 -5071 1409
-17393 17566 5622 17690 -4739 4218
-18012 18850 5050 17545 -4798 8171
-18457 19100 4529 16441 -4924 11829
-18428 19082 4186 15014 -5097 15380
-18954 19436 4082 12917 -5185 19304
-19254 19181 4157 10972 -5435 22935
-19664 19004 4246 9829 -5691 25417
-20136 19181 4579 8387 -5739 28041
-20744 19653 5112 6691 -5071 30461
-21470 19772 5366 5929 -4262 31915
-21918 19642 5517 5646 -3246 32738
-21996 19484 5594 5820 -2318 32767
-22178 19180 5625 6211 -711 32767
-22044 18808 5792 6389 728 32767
-21514 18350 6015 6348 2651 32767
-20328 17248 6157 6160 5856 32767
-19328 16842 6094 5892 8255 32767
-18598 16392 6133 5373 10326 32767
-17738 15530 5921 4490 12952 32767
-16861 14943 5856 3093 15580 32767
-16454 14508 5998 1648 17078 32767
-15896 14681 6028 -396 18034 32767
-15154 13768 6118 -2275 18604 32767
-14092 12732 6074 -4953 18901 32767
-12730 11269 6201 -8699 18950 32767
-11473 10081 6272 -12121 18633 32767
-10704 8758 6521 -14191 17858 32767
-10056 7280 6960 -15254 16735 32767
-8825 6113 7450 -16353 14907 32767
-7672 5689 8069 -17974 13011 32198
-6028 3480 8736 -18181 12006 30064
-5302 2549 9285 -16911 10731 28053
-4960 2162 9740 -15405 8548 25741
-3816 1049 10444 -13778 5883 23097
-2480 -404 10972 -12656 4679 21046
-860 -113 11458 -11063 3154 17832
746 340 12732 -8905 830 13492
2122 722 13594 -8436 -561 10419
2785 672 13990 -8357 -826 8473
3455 788 14173 -8355 -1540 7140
3845 1522 14578 -7882 -2372 5822
5274 2518 14734 -7332 -3043 4635
6412 2110 14922 -6417 -1966 2698
8849 3997 15581 -6601 1963 358
6217 8719 16460 -8866 2593 -1418
5908 7950 16454 -8628 -765 -1733
5972 9455 17014 -9020 -962 -3210
6614 8222 17088 -8037 -3517 -3990
7345 7218 17076 -7522 -4617 -4270
7505 7177 16836 -7065 -6206 -4529
7740 7564 16757 -6896 -8181 -4954
8149 8069 16516 -6386 -9685 -5923
8921 8421 16966 -5484 -11736 -7543
9620 8748 16053 -3922 -13381 -8646
9289 8568 14773 -1955 -14940 -8644
9373 8342 13864 92 -16449 -7556
10657 9116 11952 766 -14294 -7054
11476 10646 11002 1092 -10273 -7228
11483 12695 11635 -244 -7357 -7034
9466 8979 10613 450 -5499 -7464
8962 17382 12672 -1169 -2563 -3735
10491 14738 11085 940 -6494 -4028
11011 10237 11539 494 -5008 -5603
7419 12544 9928 -556 -5977 -6592