1712 19032 -4130 -11325 -8818 1880
2056 18001 -2938 -8669 -8549 1318
3228 17293 -2969 -6555 -8040 1086
2898 16658 -2976 -3280 -6561 1737
2672 16248 -2818 501 -5073 2829
2745 16779 -3140 3632 -3614 4218
2224 18518 -3469 3867 -3346 4930
1732 19886 -3744 680 -4447 4937
2305 20104 -3864 -2411 -6497 5016
2966 19402 -4126 -5270 -8756 4938
3361 18237 -3961 -6056 -10515 4482
3589 17293 -3572 -5691 -11799 4122
3549 17166 -3160 -5511 -12519 4064
3538 17144 -2944 -5281 -13132 3908
3420 17828 -2615 -5798 -14038 3420
3594 18990 -2692 -7700 -14440 2961
3490 19516 -2852 -10586 -14623 2219
2638 20280 -2425 -13989 -15484 1438
2562 20476 -1977 -17968 -17153 1243
4030 19221 -2220 -18889 -16876 719
2747 18833 -2031 -18949 -16800 87
3508 19009 -934 -19147 -18046 -666
2948 19700 -1136 -20086 -17450 -1782
3080 18565 -1432 -18828 -16659 -2283
2650 18276 -1158 -16895 -16050 -1511
2085 17924 -413 -14887 -16345 -1466
2421 17694 -333 -13404 -16813 -1896
2280 17404 -504 -12528 -16644 -1762
2652 16965 -171 -10808 -16275 -1277
2910 16760 182 -8726 -15464 -569
2769 16639 440 -6719 -14685 60
2998 17348 588 -5351 -14140 237
2989 17705 554 -4043 -13794 86
2877 18284 416 -2917 -13550 -428
3162 18748 61 -1969 -13394 -940
3325 19247 -35 -1868 -13032 -1080
3306 19781 101 -3052 -12722 -968
3125 19753 -246 -4691 -12704 -738
3330 18564 -577 -5581 -13209 -724
3329 18246 -532 -6067 -13894 -737
3634 18066 -698 -5925 -14500 -846
4122 17519 -546 -5435 -14994 -817
4052 17618 -252 -5214 -15309 -558
4256 17657 -172 -4980 -15802 -801
4400 17636 -184 -4759 -16025 -714
4368 17689 -216 -4878 -16075 -719
4357 17817 -242 -5350 -16040 -987
4268 17649 -246 -5721 -16217 -1246
4357 17881 -181 -6340 -16261 -1156
4272 17992 95 -7237 -16280 -1134
4233 17873 340 -7886 -16164 -1016
3972 17687 450 -7949 -15592 -944
3718 17689 444 -7377 -14658 -1053
3728 17744 326 -6587 -13570 -1141
3735 17770 335 -5665 -12392 -1166
3560 17968 338 -4604 -11353 -1265
3593 18428 428 -4234 -10903 -1229
3834 18670 584 -4441 -11018 -1332
3687 18702 465 -4594 -11162 -1059
3423 18855 394 -4851 -11418 -962
3618 18773 344 -4892 -11512 -955
3910 18480 -29 -4763 -11492 -852
4010 18034 -100 -4545 -11234 -544
4362 17785 -149 -4374 -10878 -181
4785 17820 132 -4353 -10220 536
4918 17680 152 -3982 -9297 1041
4798 17888 149 -3359 -8224 1185
4616 18161 100 -3011 -7487 774
4409 18550 -112 -2964 -7004 126
4232 18800 -236 -2763 -7014 -1173
4290 19081 -625 -2241 -7145 -2380
4602 19001 -766 -1174 -6974 -3135
4470 18852 -861 -41 -6847 -3526
4334 18805 -1084 1115 -6637 -3523
4145 18994 -1436 1971 -6589 -2998
3968 19781 -1633 2497 -6632 -2008
4021 20620 -1413 2562 -6715 -1067
3869 21024 -1321 1782 -6737 -176
3418 20525 -1088 909 -7016 290
3840 19916 -1044 297 -7375 446
4085 19077 -877 -272 -7601 525
4675 18398 -542 -864 -7681 509
4914 17930 -144 -1399 -7480 480
5053 17802 132 -1605 -7421 385
5162 17642 264 -1650 -7261 292
5109 17552 197 -1447 -7162 177
4816 17588 160 -1083 -7040 116
4942 18050 127 -887 -7039 99
4984 18389 34 -1316 -6948 306
4509 18304 -240 -1922 -6929 484
4464 18361 -514 -2342 -7028 511
4605 18225 -641 -2566 -7183 487
4753 18006 -518 -2667 -7369 501
4816 17973 -436 -2659 -7496 568
4794 18100 -252 -2731 -7547 662
4678 18296 -162 -2861 -7519 636
4702 18428 32 -2947 -7486 618
4642 18448 158 -2946 -7402 540
4629 18458 178 -2835 -7264 391
4748 18517 202 -2708 -6967 347
4717 18416 304 -2703 -6571 235
4653 18302 320 -2893 -6403 120
4632 18217 269 -3007 -6466 -143
4976 18176 168 -3029 -6589 -378
5250 18054 246 -2995 -6748 -441
5334 17904 249 -3043 -6888 -368
5377 17792 310 -3158 -7115 -284
5425 17781 298 -3297 -7292 -162
5550 17997 486 -3547 -7386 61
5552 17994 620 -3870 -7320 140
5489 18064 612 -4032 -7025 274
5490 18041 637 -3904 -6679 372
5326 17856 625 -3495 -6287 528
5288 18210 673 -3162 -5907 512
5117 18344 604 -3090 -5656 236
5421 18402 670 -3166 -5576 58
5420 18356 605 -3356 -5415 92
5253 18174 625 -3526 -5246 99
5333 18108 648 -3693 -5090 196
5309 17841 532 -3728 -4996 431
5254 17798 484 -3620 -5014 742
5246 17845 422 -3346 -4952 969
5358 17732 528 -3022 -4806 1186
5520 17684 529 -2745 -4556 1309
5653 17640 585 -2450 -4547 1391
6241 17921 533 -2443 -4664 1307
6452 18476 646 -2768 -5060 943
6486 19054 957 -2956 -5375 326
5962 19356 1406 -3200 -5464 -301
5365 19576 1645 -3343 -5119 -975
4986 19316 1337 -2990 -4469 -1559
4546 18585 886 -1887 -3999 -1960
4228 18068 412 -431 -3930 -1943
4262 17998 -16 850 -4105 -1702
4366 18148 -153 1921 -4359 -1318
4594 18661 -136 2524 -4551 -933
4864 19328 124 2475 -4526 -577
4733 19744 572 1795 -4672 -325
4766 19985 984 712 -4651 -101
4616 20046 1308 -556 -4379 62
4554 19504 1458 -1620 -4092 218
4478 18984 1550 -2372 -3610 328
4337 18300 1616 -2613 -3319 201
4418 17817 1550 -2471 -3032 180
4408 17256 1600 -2182 -2821 137
4266 17213 1657 -1878 -2663 69
4154 17049 1617 -1614 -2643 -117
4213 16956 1554 -1573 -2639 -194
4089 16869 1408 -1484 -2709 -384
3956 16878 1277 -1094 -2879 -489
3845 16885 1364 -744 -3127 -468
3769 17157 1300 -569 -3358 -457
3654 17333 1368 -554 -3518 -424
3569 17465 1382 -533 -3608 -445
3594 17616 1444 -644 -3560 -602
3628 17654 1642 -888 -3546 -625
3589 17672 1728 -1131 -3498 -636
3458 17638 1897 -1253 -3469 -656
3478 17697 2056 -1169 -3452 -782
3490 17832 2153 -1058 -3400 -1139
3564 18048 2244 -859 -3372 -1514
3458 18384 2369 -731 -3227 -2027
3494 18500 2537 -453 -3138 -2432
3598 18670 2668 -317 -2805 -2822
3557 18550 2722 -161 -2478 -3124
3594 18694 2769 44 -2289 -3214
3612 18865 2609 339 -2160 -3310
3624 18896 2369 636 -2048 -3284
3822 18744 2212 881 -1865 -3152
3730 18710 2052 1234 -1604 -3066
3912 18693 2012 1642 -1425 -2910
4144 18673 2028 2069 -1062 -2684
4177 18677 2177 2351 -621 -2489
4254 18649 2358 2498 -135 -2291
4233 18640 2533 2583 385 -2161
4114 18884 2436 2420 874 -2068
4025 18886 2318 2123 1269 -1886
3780 18686 2184 1728 1599 -2014
3737 18224 2018 1658 1744 -2134
3652 18066 2004 1864 2164 -2421
3364 17892 1844 2572 2623 -2812
3378 17845 1758 3419 3005 -3088
3465 17850 1604 4013 3417 -3189
3298 17725 1465 4368 3882 -3209
3206 17666 1094 4918 4310 -3125
2992 17565 857 5337 4717 -2870
2818 17564 774 5542 4929 -2505
3008 17724 572 5383 5036 -2072
3162 17821 49 4893 5442 -1869
2720 18089 212 4776 5846 -1985
2997 18256 342 4570 5542 -1553
2882 18750 241 4166 5030 -1456
3102 18953 537 3619 4649 -1095
3350 18813 606 3473 4382 -772
3248 18597 660 3555 4285 -359
3428 18644 664 3761 4274 29
3469 18505 682 3736 4535 334
3202 18509 833 3126 4498 502
3341 18596 694 2601 4088 863
3314 18534 464 2398 3717 1000