9310 6665 14113 7840 -395 1447
9408 6441 13545 7671 -312 934
8948 5946 12454 6771 170 341
8573 7828 12009 6192 371 -53
8797 8732 11669 6796 -194 -511
9292 7738 12231 5664 -518 -599
9393 7402 12784 4799 -1307 -259
9056 8304 13036 4729 -2290 -19
9527 8368 13137 4269 -3000 -10
10344 7640 13428 3807 -2895 258
10419 7375 13141 3953 -2144 460
9999 7268 12800 4231 -1776 560
9925 8327 12179 3503 -1406 911
9802 8352 11845 2694 -1462 1242
10000 8248 12025 1958 -1831 1337
10280 8057 11970 1342 -1897 1602
10514 8006 12002 1160 -2075 1616
11050 8145 12112 785 -1632 1542
11268 8302 12784 128 -1314 1621
11230 8683 11748 -451 -476 1517
10928 8221 11733 -1180 -558 1491
11172 8033 11830 -1838 -335 1379
10846 7405 11448 -1851 -458 1385
10740 7314 11302 -1907 -760 1203
10968 6923 11486 -1624 -2128 968
11242 6686 11565 -1181 -1409 1323
11560 7126 11382 -1066 -1693 1190
11306 6621 11871 -584 -1572 1141
11253 6966 11618 -253 -554 1059
11004 7253 11421 -575 -313 1215
11304 7225 11876 -1008 -594 670
11439 6948 11616 -1446 -262 457
11427 6801 11493 -1602 390 272
11180 6882 11482 -1736 426 222
11060 6996 11432 -1937 818 355
10873 7112 11356 -2099 923 164
10789 6765 11400 -2046 337 -91
10857 6532 11374 -1862 -427 -64
11074 6038 11552 -898 557 -134
10848 6769 11527 -279 578 9
10838 7018 11708 -433 783 105
10877 7180 11722 -905 678 138
10852 7162 11674 -1699 1442 100
10907 7251 11782 -1956 1485 220
10897 6571 11925 -2081 1539 155
10904 6533 11901 -1851 1309 47
10972 6148 12264 -2027 1654 41
10943 6580 12105 -1690 1688 59
10944 6410 12201 -1460 1670 -67
10862 6353 12345 -1297 1295 -281
10976 6202 12505 -1015 1188 -222
10918 6048 12470 -760 1060 -408
10817 6038 12629 -404 880 -451
10664 6005 12700 123 311 -445
10637 6174 12646 494 -280 -458
10613 6362 12794 534 -705 -447
10572 6616 12716 974 -1408 -399
10636 6696 12910 848 -2147 -216
11014 7094 12931 -535 -2068 343
11461 7616 13374 -1903 -1943 935
11649 7666 13205 -2292 -1842 1583
11682 7602 12828 -2756 -1761 2047
11634 7147 12461 -3562 -1842 2770
11548 6222 11866 -3461 -1484 3620
11900 6104 11948 -3035 -1774 3599
11923 5617 11924 -2130 -2202 3760
11950 5575 11760 -1254 -2319 3526
11918 5664 12516 -1217 -2987 3178
11890 5878 12405 -2130 -2124 2914
11640 5873 11861 -1897 -2217 2701
12522 6097 11941 -1620 -837 2764
12312 6909 11521 -2490 537 3130
12021 6385 11430 -2498 137 2762
11754 7160 11257 -3218 950 2985
11169 6161 10902 -3128 -218 2551
11305 5042 10318 -2915 -881 2552
10930 4508 10566 -2910 -2509 2424
10954 4889 10607 -2633 -3288 2481
11553 4468 10659 -880 -3954 2735
11532 4538 10489 714 -4062 2153
11876 4636 10288 959 -4232 1711
11898 3640 10399 2401 -4821 1199
12194 4025 9970 4153 -5002 695
11856 3951 10420 5440 -5071 75
12198 3857 10205 7115 -5418 -580
12856 3252 10529 9740 -5924 -232
12602 4136 11175 11766 -6091 -1447
13262 4804 10584 15581 -5845 -2007
13784 6008 9884 17403 -4351 -2298
14812 6844 10328 19687 -3137 -2417
14170 7399 9583 22020 -1697 -1238
13809 8378 8538 23473 -327 -450
13150 8567 7848 22576 1203 -1167
13716 8984 7018 22369 2128 -963
12612 8703 7000 21535 2317 -950
12301 9653 6899 21176 2750 -1445
11032 10963 6636 20677 2574 -3623
14787 11739 6700 30889 -1575 -991
11544 8838 6285 30779 -1258 -1429
11989 8048 7489 27680 796 -1081
12292 8037 6750 22441 2830 -1270
13003 8663 6099 18250 3961 -184
12532 9014 6449 13727 4987 116
11390 10312 6438 11753 3914 -673
12595 8899 7175 10628 3619 -615
12028 10379 7084 8041 4181 -1408
12122 10740 7454 8535 3024 -1238
11549 11481 7181 8208 2918 -1667
11088 13518 6660 9629 1984 -1289
12706 10218 6720 8375 3165 -1926
11780 11516 6449 8921 5762 -2015
11804 11500 6136 9935 6077 -2043
12022 11925 6229 9954 6760 -2187
11914 11929 6133 9947 8219 -2220
12264 12095 5837 10144 9563 -2106
11686 12340 5762 10011 10387 -1802
11454 12753 5657 9874 11029 -1943
11170 13114 5742 9960 11083 -2005
10693 14034 6070 9251 11048 -2237
10037 14649 6880 8564 9435 -1829
10301 14037 7001 8041 7728 -1280
10766 13413 6928 8454 6206 -1139
10858 12930 6826 9523 4479 -923
11173 13366 6531 9669 3301 -900
11280 13877 6444 9179 1419 -1034
11150 13486 6160 8821 -9 -428
12512 13369 5265 7933 1753 -1747
10459 14840 5468 8844 2490 -1697
11638 14293 5118 9870 1780 -1039
9689 14902 4947 10863 382 298
11336 14169 4700 10780 1345 624
11200 14008 4592 10932 2439 449
10564 13857 4696 12023 2900 460
10168 13518 4653 13619 3468 451
10305 13337 4956 15457 4532 123
11006 13598 4181 16777 6714 -452
10573 13060 4236 18221 9474 -500
10205 13457 4062 19404 12583 171
8956 15677 1788 19411 19891 2543
9623 15846 3853 17473 26014 4111
10282 15261 3610 16005 27594 5452
10466 15225 3569 15151 27237 6000
10148 14768 3637 15373 26340 6245
9823 15456 3440 14610 25691 6677
9996 15424 3556 14142 23895 6406
10030 15064 3989 13292 22486 5914
10497 15426 3973 11430 21468 5068
10316 15074 3780 10294 20067 4141
10217 14898 3713 10339 18338 4019
10201 14756 3516 10995 16806 3925
10633 14853 3664 11895 15401 3683
10740 14650 3585 12648 14202 3323
10514 14780 4073 12421 12949 2913
10490 14746 3950 11679 12399 2641
10561 14418 3969 11418 11798 2513
10266 14339 3937 10426 11324 2781
9620 15033 4169 8911 11955 3268
8949 14597 3693 7959 12360 3665
9673 14752 4213 7593 12252 4229
10990 14458 4421 5818 12817 4786
12424 11371 4950 4421 15800 4285
10250 9918 3589 12980 14563 1912
9935 14535 3424 11126 18524 2130
9934 15753 3465 9388 20181 1065
9698 15557 4701 7429 20561 -408
9232 15305 5273 7326 19195 -1298
9080 17244 4508 5519 18622 -2113
8532 15623 5687 3885 16949 -2566
7701 15672 6394 3781 13283 -2931
7680 15813 6807 2287 9747 -3084
7897 15505 7134 2138 6075 -2902
7392 16029 7163 1887 3042 -2881
6950 16977 6852 1338 903 -3359
6326 16524 6565 413 126 -3559
6694 17086 6325 -226 -435 -3185
6938 16569 6258 -849 -492 -3343
7432 16912 6016 -1340 -767 -3647
7591 16693 5970 -2279 -962 -4308
7552 16542 6152 -2834 -1063 -4619
7592 16447 6068 -2527 -1293 -4507
7617 16476 5953 -2215 -1625 -4052
7470 16548 5902 -2078 -2135 -3213
7348 16554 5957 -1772 -2698 -3329
6609 17689 5628 -2465 -2738 -3494
7094 16562 6562 -2207 -4749 -4152
8071 18157 6754 -3969 -7294 -5648
7289 17578 6516 -6150 -9019 -7567
7550 17643 5787 -7438 -10922 -9263
7448 17034 5382 -8774 -12284 -12429
7757 18081 5732 -9738 -13687 -15179
7374 18729 5718 -12665 -15042 -18346
7420 19186 5597 -16643 -16536 -20121
7645 18562 5686 -19293 -18515 -21317
7307 18242 5969 -21442 -21505 -22047
6824 18420 6565 -23111 -25851 -22896
6527 19089 7309 -26846 -31210 -23741
6241 18561 7895 -31944 -32768 -23279
6114 16788 7772 -32768 -32768 -21338
5083 15308 7360 -32768 -32768 -18983
5061 15074 6050 -32768 -32768 -17308