-11377 -5753 11676 10530 -4871 -8169
-10578 -7542 9869 30298 6909 -12729
-9946 -8001 7924 32767 20628 -17713
-11310 -6105 5741 32767 29530 -19932
-12441 -4537 3197 32767 32767 -21540
-14238 -2170 422 32767 32767 -21832
-16220 1590 -1760 32767 32767 -19381
-16290 4030 -3600 32767 32767 -16764
-18560 9294 -5308 32767 32767 -9406
-20844 12634 -6256 32767 32767 -1948
-21570 13368 -3874 32767 32767 3059
-21816 13854 -4214 32767 32767 10814
-19726 17729 -10342 29520 32767 20362
-19829 16276 -11028 7653 32767 22542
-19685 15788 -13053 -9821 23583 20277
-18288 16820 -14010 -25422 15687 15213
-18513 17729 -14963 -32768 -2743 3917
-17516 15864 -15152 -32768 -15509 -7683
-14522 14822 -15396 -32768 -23300 -21145
-10302 8122 -14891 -32768 -31488 -32768
-8970 3718 -13002 -32768 -32768 -32768
-9768 -602 -10702 -32768 -32768 -32768
-10503 -3428 -5368 -32768 -32768 -32216
-11398 -3624 -834 -32768 -32768 -23130
-11571 -3935 2249 -32768 -32768 -7232
-10455 -3651 6220 -32768 -32768 11963
-10752 -4933 16064 -32768 -32768 22994
-9458 -4393 10778 -32768 -28034 20432
-8800 -4724 10486 -32768 -12243 18049
-10521 -4681 11266 -21088 -5667 13782
-10294 -5118 11303 1260 -1362 7221
-7962 -5077 11673 22697 9045 2651
-7742 -6408 11308 32767 21753 -2075
-7844 -6057 10992 32767 25952 -5949
-7669 -8949 10144 32767 32173 -10273
-10913 -5301 4402 32767 32767 -12466
-14108 -2581 260 32767 32767 -14544
-16328 1732 -2923 32767 32767 -15391
-17802 6348 -4268 32767 32767 -14262
-17771 8762 -3627 32767 32767 -11517
-18073 12485 -3973 32767 32767 -6709
-19877 14089 -3810 32767 32767 -1245
-19386 15358 -3080 32767 32767 4696
-20208 16025 -4868 28714 32767 9521
-20748 16387 -7036 5495 32767 12706
-19734 17110 -8882 -23417 22211 10090
-19280 15663 -10024 -32768 2686 915
-16792 13158 -11238 -32768 -11656 -9142
-14748 9886 -10999 -32768 -21547 -18298
-12374 5834 -8655 -32768 -30868 -29459
-12272 2063 -5968 -32768 -32768 -31574
-12064 -1220 -2132 -32768 -32768 -24090
-12256 -2252 1488 -32768 -32768 -12801
-13324 -2186 4033 -32768 -32768 -2044
-11553 -3718 7166 -32768 -32768 5397
-10660 -3094 17724 -32768 -32768 11291
-10501 -1548 10197 -32768 -27326 12046
-11346 2480 9697 -18748 -13865 11136
-11000 -352 9480 -15442 -3973 8832
-12475 982 10136 -5686 -2013 6268
-11601 1890 11708 6955 3519 1293
-10819 1569 12810 22308 10199 -1801
-11156 -1160 13714 32767 13426 -6413
-10232 -1432 11952 32767 20288 -8284
-11282 -245 9412 32767 18794 -8730
-11633 441 8097 32767 17668 -9697
-12394 2350 5638 32767 19561 -11807
-13968 5165 2336 32767 25912 -12653
-16573 8530 -828 32767 28884 -11974
-17759 14026 -1651 32767 32548 -8788
-18025 17713 -1261 32767 32767 -4602
-19938 18736 1229 30391 32025 -1295
-18917 14611 1141 12973 32369 3721
-19177 13212 -2006 -2241 29773 7249
-17877 11580 -2590 -13676 20552 8314
-17338 10428 -2957 -23992 10814 7151
-17056 9960 -3140 -29680 5248 5304
-18184 11052 -4374 -32645 -5998 967
-17981 12504 -4160 -32768 -16508 -4626
-17350 11716 -3226 -32768 -24056 -8320
-16478 9532 -1461 -32768 -31489 -10380
-14798 6322 -182 -32768 -32768 -11017
-13370 3701 1054 -32768 -32768 -9238
-12021 2388 2576 -32768 -32768 -6200
-11449 900 4177 -32768 -32768 -1457
-10838 948 5362 -32768 -32768 2851
-10613 143 6666 -32768 -32768 7385
-9573 -1114 9825 -32768 -32768 12309
-8674 -122 12209 -32768 -30900 13377
-10026 1542 10106 -32655 -19602 13812
-10252 4112 9589 -26091 -10676 13046
-10105 3586 10280 -18362 -3943 10815
-9478 2680 10970 -12154 815 8075
-8772 1629 11501 -4349 7946 5161
-9152 808 10988 9068 14306 1676
-8762 -3192 11064 15891 19965 -95
-8238 -4180 10858 21847 21510 -1359
-8099 -3768 9753 29878 20380 -3847
-8808 -4458 8898 32767 18551 -6712
-10156 -3203 7464 32767 22145 -11041
-13486 155 4320 32767 30690 -15771
-15174 2198 1985 32767 32748 -18378
-15972 3364 984 32767 32767 -19635
-17821 7644 71 32767 32767 -18467
-19402 12905 -893 32767 32767 -13636
-19734 13212 -1032 32767 32767 -9607
-20505 14160 784 32767 32767 -6534
-21008 13259 -44 31031 32767 -2264
-20652 14430 -2542 20218 32767 3400
-20648 13853 -4190 8108 27939 6014
-20350 12969 -4934 -2615 18579 6408
-19165 12553 -5132 -13572 4848 3213
-18168 11862 -5222 -22463 -5862 -982
-17616 11533 -5404 -29544 -16284 -5985
-16866 11922 -5699 -32768 -27262 -12571
-16746 11522 -5734 -32768 -32356 -15102
-15684 9105 -4806 -32768 -32768 -17017
-14870 6934 -3100 -32768 -32768 -16355
-14288 3732 -790 -32768 -32768 -14226
-13444 492 2190 -32768 -32768 -10595
-12513 -1057 4992 -32768 -32768 -7247
-11887 -1877 7636 -32768 -32768 -931
-11628 -1838 9889 -32768 -32768 6078
-10989 -2590 12932 -32768 -30946 8094
-10969 -2320 11668 -29219 -21239 8559
-10030 -4025 11594 -10506 -12572 6020
-9044 -5104 11974 4128 -4983 2390
-8656 -2830 11240 23051 4570 -2587
-9593 -1421 10532 32767 14101 -7784
-9865 -914 9762 32767 21613 -11110
-11028 648 8601 32767 27610 -13341
-11884 497 7657 32767 31917 -14072
-12246 197 6093 32767 32767 -15088
-13686 1802 3916 32767 32767 -15107
-15030 3594 2118 32767 32767 -13713
-16080 6682 408 32767 32767 -11654
-17650 8813 -488 32767 32767 -8357
-19124 11358 -1164 32767 32767 -4719
-20573 13774 -586 31322 32767 -313
-21552 15608 -810 19022 32767 2992
-22224 17038 -1340 3139 31643 5073
-22161 16256 -2813 -18787 20650 4992
-20413 13245 -3530 -32768 6250 949
-19141 11264 -4040 -32768 -6248 -3637
-17646 8830 -4130 -32768 -17756 -8172
-15924 6269 -3623 -32768 -28039 -13674
-14976 2908 -1804 -32768 -32768 -15753
-14333 566 -426 -32768 -32768 -14039
-13397 -1296 1885 -32768 -32768 -10428
-12936 -2108 3430 -32768 -32768 -6799
-12501 -2261 6445 -30098 -32768 -700
-11417 -900 13591 -31732 -32768 4374
-12337 3329 9323 -29053 -21285 7905
-12618 5377 8588 -11751 -8122 7572
-12338 725 9813 -2191 -803 5721
-9753 -2070 10896 11306 5083 1735
-9730 -3401 10785 25892 11387 -1095
-10952 -1752 9261 32767 17990 -3027
-10893 -2764 8782 32767 25240 -4648
-10984 -1924 7442 32767 31083 -5388
-12380 -5 5150 32767 32767 -6654
-15013 4490 1514 32767 32767 -6554
-16152 7720 -952 32767 32767 -5515
-17796 11740 -3404 32767 32767 -3180
-19008 13822 -3205 32767 32767 503
-18765 16085 -4229 32767 32767 3647
-19804 17888 -5366 31555 32767 7437
-21049 19158 -6850 17463 32767 10766
-20882 20301 -7436 -2181 32767 12313
-20316 19370 -8173 -21695 29075 10725
-18998 17386 -8961 -32606 13044 4680
-17494 15538 -9709 -32768 -2971 -3667
-16509 13577 -10198 -32768 -13660 -10524
-15388 11182 -8728 -32768 -20720 -16434
-15512 9616 -7474 -32768 -28645 -22219
-16367 8639 -4179 -32768 -32768 -20860
-17380 8160 -638 -32768 -32768 -13177
-18314 7485 3898 -32768 -32768 -583
-18096 7648 8321 -32768 -32768 9956
-17894 8630 16753 -32768 -32768 17485
-19862 11516 12146 -32768 -32310 21792
-18829 12063 12458 -30587 -24015 25346
-19418 11140 13912 -26922 -18468 26986
-19459 11364 14181 -24845 -16893 27642
-19301 11620 15767 -19075 -15239 28264
-19342 11804 17404 -13630 -14076 29487
-19568 11221 18123 -13672 -14305 29726
-17440 10056 17251 -16169 -6488 30375
-16528 9465 16153 -17275 -11591 29950
-14989 8897 16252 -17444 -17638 29418
-14060 8830 16109 -16083 -23590 28208
-13620 9647 15696 -15199 -28495 27854
-11868 8397 15430 -14121 -32689 27977
-9988 9303 15935 -15088 -32570 28244
-8215 7506 15266 -14659 -30805 27184
-6625 5702 14578 -12265 -27465 25846
-5538 5474 14088 -10517 -25402 24803
-5008 5628 13149 -9852 -21681 23938
-4411 4463 11702 -8628 -17571 22204
-3446 4481 11165 -7957 -14110 20173