-15241 3941 2181 4461 -8590 -738
-15650 4120 1705 7844 -7691 -1341
-16177 5027 1536 10899 -6440 -2043
-16138 6029 1254 11626 -5331 -2754
-16033 7174 1014 11209 -3013 -4021
-15370 7928 714 9399 -552 -5404
-14993 8078 959 8298 185 -6171
-14350 7688 1464 7388 387 -6436
-14671 8051 1341 7172 440 -6591
-14865 8753 1934 6142 559 -7062
-14892 9384 2388 4845 908 -7595
-15106 9694 2710 3925 1297 -8051
-15552 9904 3124 2464 1899 -8544
-16061 9962 3520 828 2373 -9127
-16590 9941 3820 63 2646 -9768
-17054 9848 4053 -297 2747 -10345
-17554 9992 4189 -295 2795 -10876
-17741 10089 4570 -354 2700 -11401
-17821 10432 4864 -438 2609 -11759
-17660 10917 5100 -604 2479 -11994
-17494 11150 5330 -830 2533 -12106
-17198 11088 5533 -822 2607 -12032
-16958 11041 5639 -164 2291 -11371
-16432 10699 5815 864 1807 -9936
-15860 10341 5838 2140 1393 -8111
-15760 9996 5556 3602 970 -6156
-15621 9454 5485 5311 448 -4153
-15388 8912 5248 6945 -6 -2502
-15610 8518 5166 8741 -877 -653
-15492 8256 5140 10949 -2247 1886
-15434 8098 4871 11976 -3171 3401
-15071 7413 4658 12044 -3871 3928
-14642 7067 4356 11463 -4697 3655
-14330 6751 4438 10640 -5138 2606
-14096 6860 4280 9850 -5232 1682
-14076 6780 4387 9320 -5265 713
-14463 6632 4291 8726 -5271 -237
-14924 6478 4316 8407 -5203 -403
-15288 6368 4196 8420 -5028 -215
-15525 6220 4433 8672 -4695 63
-15722 6332 4450 8935 -4598 208
-15832 6285 4316 9474 -4403 380
-16010 6410 4201 10120 -4154 447
-15931 6660 4162 10239 -3607 604
-15860 6886 4112 9615 -2967 939
-15656 6820 4092 8879 -2530 1252
-15428 6645 3994 8340 -2293 1367
-15100 6362 3932 7767 -2130 1533
-15033 6049 3894 7164 -2025 1571
-15624 5553 3812 6451 -2139 1353
-16264 4852 3832 5711 -2326 872
-16525 4871 4168 4953 -2513 172
-16437 4889 4398 3734 -2342 -714
-16069 5228 4854 2429 -1819 -1842
-15558 5624 5082 872 -927 -3147
-14938 6038 5344 -1009 229 -4791
-14406 6258 5632 -2756 1518 -6360
-14172 6240 6070 -3689 2386 -7272
-13924 6367 6381 -4177 3582 -8051
-13436 6466 6998 -4034 4844 -8371
-13193 6720 7333 -3728 6316 -8343
-13221 6948 7705 -3171 7714 -7961
-13653 6968 7860 -2299 8404 -7402
-14020 6852 7916 -1551 8678 -6922
-14692 6674 7756 -680 8224 -6400
-16019 6357 7471 1156 6541 -5419
-16666 6020 7438 2734 4148 -4811
-17190 6422 6956 3634 2126 -4081
-17252 6555 6528 4463 -397 -3575
-17062 6188 6324 4809 -2797 -3137
-16998 6140 6122 5391 -4222 -2759
-16836 6230 5615 6379 -5735 -2337
-16381 6708 5104 7153 -6510 -1522
-16080 6784 5037 7377 -6112 -715
-15668 7176 5019 7269 -5261 30
-15462 7520 5016 6807 -4337 486
-15339 7293 5164 6154 -3365 769
-15295 6836 5335 5485 -2279 914
-15337 6834 5450 4641 -1797 1155
-15274 6745 5465 3882 -1552 1444
-15158 6494 5658 3412 -1202 1715
-15275 5992 5829 3168 -940 1781
-15440 5749 6093 3264 -942 1726
-15278 5481 6210 3446 -1296 1572
-15256 5254 6358 3909 -1750 1402
-15196 5092 6242 4537 -2168 1259
-15096 5072 6137 5394 -2686 1127
-15023 5048 6002 6381 -3264 985
-15032 4978 5776 6938 -3514 915
-15035 5019 5709 7209 -3738 710
-15052 5133 5575 7378 -3812 107
-15114 5184 5454 7302 -3848 -478
-15313 5275 5232 7102 -3943 -962
-15488 5302 4966 7088 -4018 -1361
-15594 5492 4700 7167 -4010 -1625
-15582 5738 4645 7237 -3929 -1783
-15484 6008 4490 7166 -3745 -1881
-15371 6361 4289 6977 -3453 -1895
-15203 6567 4191 6526 -2960 -1848
-15103 6619 4194 5917 -2379 -1751
-15101 6495 4174 5187 -1715 -1642
-15192 6356 4120 4747 -1373 -1573
-15201 6290 4097 4528 -1276 -1466
-15153 6125 4184 4210 -1247 -1357
-15240 5762 4197 4313 -1356 -1576
-15020 5680 4042 3916 -1092 -1672
-14993 5640 3877 3290 -789 -1589
-14786 5468 3934 2890 -436 -1833
-14744 5490 4000 2759 -97 -2106
-14788 5517 3739 2749 321 -2501
-14649 5612 3600 3004 828 -3058
-14544 5604 3604 3184 1362 -3371
-14494 5762 3630 3206 1952 -3646
-14387 6161 3821 2896 2783 -3797
-14375 6179 4008 2247 3395 -3879
-14682 5980 3966 1801 3720 -3729
-14556 5924 3640 1594 4185 -3177
-14656 6038 3518 1455 4917 -2296
-14715 6417 3502 1629 6114 -1306
-14896 6904 4324 2653 6690 -1568
-15096 7386 5038 2715 6665 -2264
-15392 7797 5062 2658 6451 -3239
-15371 7428 5117 2586 6364 -5058
-15312 7659 4781 2821 6881 -6430
-15625 8020 4198 3335 6899 -6511
-15627 8572 3859 3707 6359 -5859
-16140 8704 3738 4013 5178 -5067
-15942 9036 3734 4086 4017 -4663
-16076 9069 3783 3904 2637 -4601
-16132 9052 3613 3587 989 -4630
-16250 8685 3434 3108 -349 -4832
-16341 8408 3221 2609 -1649 -5003
-16540 8018 3161 1940 -2845 -5174
-16909 7361 3197 1112 -4109 -5210
-17359 6785 3230 281 -5323 -4835
-17315 6765 3232 -362 -6006 -4161
-16860 6603 3257 -796 -5971 -3378
-16306 6242 3462 -548 -5507 -2638
-15889 6089 3486 303 -4975 -1997
-15540 5986 3594 1616 -4404 -1347
-15218 6050 3544 2989 -3748 -757
-14972 6363 3477 5218 -2383 130
-14808 6726 3448 7625 -730 1066
-14795 7226 3337 9082 673 1890
-14831 7111 3225 10178 1933 2560
-15191 7385 2962 10307 2660 3101
-15647 7306 2850 9896 2926 3462
-16097 7168 2777 9276 2565 3646
-16426 7154 2570 8433 2079 3797
-17085 7251 2478 6984 956 3832
-17505 6764 2525 5691 -712 3541
-17653 6358 2434 4961 -2063 3045
-17489 5968 2473 4706 -2676 2792
-17112 5888 2468 4740 -3068 2716
-16612 5864 2437 5147 -2555 2508
-16505 6020 2462 5570 -1971 2359
-16294 6032 2454 6058 -1382 2136
-15958 6250 2484 6209 -337 2002
-15776 6474 2396 6032 668 1907
-15747 6501 2476 5634 1672 1864
-15792 6670 2502 4881 2696 1894
-15852 6738 2475 4053 3279 1954
-15864 6724 2588 2816 3558 1839
-16001 6529 2888 1488 3500 1590
-16188 6428 2996 659 3391 1425
-16369 6312 3282 -514 3037 1145
-16542 6090 3478 -1332 2624 865
-16585 5970 3756 -1556 2238 636
-16589 5870 3992 -1511 1942 218
-16638 5878 4181 -1075 1672 -19
-16652 5808 4160 -802 1575 -146
-16692 5724 4373 10 1381 -263
-16905 5717 4154 1249 1175 -470
-17106 5766 4046 2140 1057 -634
-16982 6012 4005 3417 656 -749
-16100 6384 3822 4251 232 -959
-15368 6676 3526 4617 -75 -828
-14880 6877 3282 4770 -458 -618
-14682 6969 3141 4606 -629 -410
-14636 6916 2953 4318 -656 -331
-14682 6973 2794 3939 -621 -343
-14640 7110 2670 3462 -562 -420
-14790 7214 2511 2499 -427 -705
-14961 7241 2470 1269 -295 -1203
-15107 7146 2452 198 -322 -1736
-15210 7002 2471 -570 -425 -2207
-15402 6932 2520 -768 -587 -2404
-15543 6932 2460 -738 -648 -2599
-15753 6978 2559 -461 -768 -2826
-15910 7102 2580 -105 -831 -2976
-15972 7220 2516 279 -923 -3027
-15998 7292 2504 725 -1020 -3026
-15980 7462 2446 1168 -1073 -2943
-16010 7518 2297 1667 -1160 -2772
-16052 7560 2108 2012 -1244 -2609
-16108 7582 1967 2644 -1355 -2152
-16113 7213 1897 3483 -1505 -1603
-16309 7699 1711 3635 -1425 -1220
-16244 7550 1697 3613 -1206 -902
-16377 7947 1615 3179 -929 -626