-16692 7717 3798 1856 247 -1038
-16492 7612 3623 2037 178 -531
-16330 7557 3456 2009 151 -157
-16261 7478 3337 1816 150 22
-16049 7389 3292 1535 107 175
-16036 7278 3252 1237 37 241
-15900 7151 3168 687 76 243
-15900 7066 3213 86 -24 190
-15798 6937 3190 -397 -94 101
-15740 6910 3237 -922 -122 -47
-15729 6757 3342 -1455 -104 -307
-15781 6668 3449 -1819 -100 -520
-15760 6522 3484 -1953 -26 -718
-15832 6521 3509 -1965 108 -886
-15898 6616 3636 -1813 233 -998
-15932 6670 3762 -1598 274 -1014
-15887 6730 3771 -1276 251 -942
-15947 6739 3819 -768 116 -783
-15952 6750 3727 -313 -63 -624
-15753 6779 3679 59 -363 -484
-15446 6788 3541 215 -569 -373
-15328 6718 3401 306 -660 -374
-15188 6692 3329 350 -714 -418
-15058 6587 3180 414 -772 -488
-14970 6549 3008 363 -744 -577
-15002 6550 2972 231 -736 -667
-15035 6472 2750 46 -695 -850
-14939 6562 2667 -406 -515 -1197
-14844 6684 2740 -1008 -228 -1545
-14738 6907 2840 -1783 146 -2068
-14606 7166 2955 -3073 836 -2875
-14636 7498 3163 -4334 1269 -3481
-14758 7498 3421 -5184 1393 -3843
-14918 7782 3581 -5774 1464 -4073
-15158 8016 3857 -6287 1478 -4375
-15404 8149 4085 -6772 1470 -4733
-15670 8549 4386 -7278 1390 -5071
-16118 8649 4656 -7993 1146 -5347
-16590 8924 5136 -8983 563 -5344
-17106 8933 5407 -9840 -380 -5215
-17448 8464 5324 -10177 -1578 -5086
-17928 8194 5274 -10031 -2480 -5241
-18852 8222 5202 -10063 -3606 -4827
-19674 7591 5215 -9867 -5265 -4626
-19620 7240 5172 -9418 -6334 -4360
-18984 6893 5426 -8656 -7279 -3719
-17787 6140 5572 -6464 -8169 -2625
-17584 5594 5598 -4376 -8316 -1327
-17310 5094 5377 -2649 -8223 -376
-17032 5025 5406 -1145 -7591 780
-16644 4894 5388 10 -6655 2015
-16070 5056 5124 544 -4667 3670
-15534 5508 5135 -23 -2291 5229
-15526 5696 5120 -1867 17 6579
-15366 5834 4961 -4443 2066 8242
-15582 6966 4798 -7287 3060 9502
-16493 8343 4586 -11811 3342 10926
-16541 7573 4770 -15923 3294 11220
-16578 6472 4892 -17783 2614 10405
-16408 5183 5021 -17923 640 9011
-16446 4152 5134 -16817 -2621 7653
-16462 3531 5303 -15228 -5773 7354
-16326 3502 5390 -13731 -7401 7478
-16167 2956 5485 -12065 -8570 8044
-15658 2876 5585 -9511 -9293 8679
-15325 2826 5428 -7579 -9013 9257
-15304 3200 5158 -5779 -8549 9679
-14893 3197 4949 -3542 -7372 9455
-14276 3640 4938 -1843 -5651 8984
-14244 3574 4728 -804 -4695 8575
-13950 3822 4657 857 -3965 7787
-13568 4020 4476 1960 -3128 7065
-13641 4251 4451 2398 -2570 6298
-13746 4440 4437 3329 -2375 4829
-13700 4488 4191 4426 -2208 2848
-13804 4348 3798 6154 -1465 831
-13846 4490 3654 7259 -442 148
-13911 4542 3816 7797 847 84
-13700 4612 3996 8073 2052 724
-14040 5008 4206 8124 3385 1052
-14388 5484 4398 7387 4507 1471
-14704 5714 4567 5690 5315 1661
-15197 5920 4799 3104 5692 1567
-15570 5832 4838 942 5460 1063
-15785 5566 4946 -490 5130 484
-16175 5372 5094 -1840 4373 -345
-16550 4968 5277 -2760 3500 -1101
-16804 4632 5472 -3058 2904 -1642
-17107 4550 5777 -3157 2579 -2053
-17349 4709 5934 -3019 2591 -2391
-17380 4800 6044 -2772 2738 -2599
-17390 5052 6166 -2370 3003 -2727
-17262 5188 6136 -1987 3274 -2735
-16999 5350 6244 -1404 3648 -2640
-16618 5506 6253 -833 3988 -2442
-16356 5541 6225 -400 4089 -2314
-16034 5650 6210 -9 3976 -2172
-15777 5642 6278 90 3857 -2093
-15335 5720 6241 -248 3477 -1863
-15018 5608 6172 -972 2618 -1760
-14609 5557 6270 -1773 1711 -1967
-14354 5484 6229 -2358 1031 -2230
-14354 5414 6240 -2725 654 -2643
-14236 5461 6269 -3157 314 -3035
-14402 5588 6309 -3685 55 -3591
-14594 5628 6302 -4012 -118 -4230
-14822 5741 6330 -4312 -223 -4910
-15281 5980 6405 -4995 -285 -5702
-15696 6230 6289 -5623 -548 -6517
-16009 6564 6306 -6690 -775 -6990
-16241 6849 6388 -8044 -1089 -7559
-16596 6986 6378 -9342 -1389 -7891
-16729 6919 6494 -10855 -2033 -8584
-16817 6771 7326 -12648 -3816 -8753
-16684 6186 7642 -13609 -5035 -8309
-16682 5308 7524 -13581 -6331 -7530
-16541 4310 7394 -12009 -7646 -6502
-16429 4000 7714 -10157 -8461 -5673
-16229 4476 7901 -8596 -8139 -4544
-16246 4058 7878 -7147 -7706 -3725
-16063 3691 8065 -5024 -7001 -2597
-15894 3602 8148 -2827 -5942 -1597
-15732 3910 8097 -1345 -4671 -634
-15641 3986 8117 -721 -2861 1136
-15219 4975 7567 -2637 -562 4140
-14721 6466 5440 -7316 3845 6703
-13146 6702 4049 -11234 9431 7264
-12868 6782 3510 -15499 15091 6769
-14021 7272 3193 -20047 19193 5477
-14837 6236 3614 -24094 21272 3914
-15394 5157 4322 -27128 21378 2064
-16486 3768 4578 -29351 19122 922
-16602 2181 4601 -29572 15066 -444
-16561 754 4314 -28459 10878 -1296
-16317 141 4218 -26745 7236 -2179
-16121 -166 4514 -25342 3996 -2576
-15929 -646 4944 -23675 1340 -2665
-15436 -887 5147 -21757 -337 -2357
-15281 -786 4864 -18790 -1485 -1581
-15620 -484 4746 -16710 -2374 -1046
-15949 -176 4700 -14858 -3677 -365
-16020 -129 4856 -12890 -5227 159
-16093 -202 5376 -11845 -6433 591
-16177 -54 5769 -11119 -7805 1292
-16358 -212 6044 -10528 -9733 2484
-16282 -338 6112 -9773 -11355 3345
-16026 47 6621 -8721 -13267 4876
-15389 382 6877 -7011 -14498 6046
-15404 400 7366 -4982 -14912 6309
-14906 537 7647 -3261 -15155 6367
-14612 770 7905 -530 -15115 6441
-14191 971 8001 1895 -13774 6377
-13760 784 8341 4158 -12125 5874
-13378 301 8472 6962 -10309 5206
-12630 -315 8336 11203 -7709 4538
-12164 -824 8306 16358 -4580 3524
-12493 -1190 7704 21257 -1925 2210
-11943 -100 6713 26075 2674 664
-12076 -212 6124 29742 6894 -1208
-13076 1578 5158 32414 11420 -2727
-14035 3929 4859 32767 15578 -3472
-14746 5352 4612 31475 17389 -3141
-15069 6034 4274 28885 18144 -2496
-15998 6396 3968 25803 18650 -1584
-16594 7033 3617 22038 18111 -731
-16888 7004 3348 19367 17593 -31
-17240 7084 3325 14805 16154 750
-17937 7417 2831 7749 12632 1562
-18125 7273 2809 2910 8389 1424
-18082 6932 2911 -1745 3643 647
-17617 6160 3086 -5170 -1007 -446
-17109 5546 3332 -6631 -4159 -1263
-16708 5128 3762 -7688 -6358 -1618
-16328 5008 4154 -8213 -7576 -1619
-15705 4746 4605 -8220 -6660 -1236
-15404 4510 4594 -7498 -5177 -508
-14832 4235 4570 -5302 -2379 687
-14855 4380 4556 -1391 974 2350
-15083 5096 4327 555 3132 3571
-15508 5164 4378 229 4370 4616
-15316 4838 4330 -671 5089 5640
-15968 5005 4484 -1118 5587 5934
-15969 6816 5185 -2034 4339 5366
-16710 6097 5925 -3510 3750 2889
-16112 6666 6417 -5412 2272 1352
-16318 6640 6818 -8078 461 -187
-16386 6546 7301 -10272 -1427 -788
-16246 6433 7732 -11261 -2538 -856
-16649 7384 8266 -12598 -3458 -804
-16260 6752 8670 -13300 -3976 -810
-16348 6640 9133 -13551 -4411 -1297
-16168 5830 9472 -12771 -4508 -1438
-16166 5320 9625 -11889 -4161 -1280
-16183 5426 9778 -10129 -3924 -650
-16115 5716 10078 -8460 -4042 352
-16432 6257 10732 -6723 -6163 1151
-15780 6088 11088 -5963 -7357 1649
-15021 5786 10574 -4553 -7201 2471
-15340 6271 9173 -4480 -6955 4759
-15402 5994 9477 -3949 -7738 5090