-13718 2581 3778 -6859 4142 -5079
-14034 2364 3985 -7415 4892 -6239
-14346 2089 4126 -7678 5373 -7198
-14618 1924 4298 -7543 5657 -8198
-14950 1681 4480 -7071 5749 -9210
-15209 1598 4548 -6365 5684 -10231
-15602 1554 4621 -5282 5616 -11375
-15886 1768 4784 -4344 5559 -12251
-16368 2088 5076 -3563 5434 -12780
-17148 2815 5731 -3251 4849 -12546
-17909 3127 6647 -3054 2848 -11084
-18313 2786 7097 -2527 434 -9241
-18400 2347 7596 -392 -2331 -8731
-18321 2197 7430 3127 -4397 -10161
-18548 2380 7094 5821 -5748 -12170
-18572 2882 7006 9175 -6655 -15481
-18842 3945 6541 11796 -6739 -18715
-19024 4745 6249 12954 -5973 -20446
-19266 5166 6012 13920 -4770 -21606
-19468 6125 5773 14374 -3185 -22498
-19388 7205 5389 14070 -1053 -23270
-19486 8121 5202 13237 942 -23907
-19564 8762 4912 12262 2559 -24409
-19442 8976 4706 11302 4281 -24841
-19503 9376 4251 9820 5327 -25036
-19382 9575 3960 8089 6354 -24611
-19405 9744 3792 6836 6892 -23741
-19384 9748 3805 5859 7215 -22450
-19319 9910 3851 4977 7357 -20836
-19218 10013 3940 4025 7533 -18548
-19126 10057 3952 3484 7616 -16434
-18980 10120 4108 3274 7910 -14651
-18878 10152 4174 3241 8016 -12907
-18737 10289 4209 3342 7927 -11230
-18388 10354 4441 3453 7843 -9589
-18069 10077 4596 3615 7472 -7669
-17842 9848 4826 3831 7118 -5938
-17683 9473 4947 4306 6250 -4064
-17578 9028 5088 4943 4918 -2006
-17304 8900 5338 5840 3251 215
-16839 9014 5963 7299 480 3161
-16187 9605 6377 8731 -1492 4793
-15794 10359 6319 9207 -2494 4873
-15466 11313 5987 8017 -2649 4504
-15421 12036 5782 5660 -2201 4040
-15522 12345 5856 3087 -1500 3897
-15704 12542 5822 719 -819 3985
-16039 12191 5780 -2214 -347 4368
-16320 11590 5918 -4617 -232 4970
-16840 11437 6184 -6447 -569 5836
-17534 11352 6468 -8178 -1175 6980
-18167 11369 6630 -9303 -1438 8073
-18748 11252 6690 -10169 -1732 9346
-19318 10969 6674 -10551 -1797 10641
-19694 10676 6720 -10580 -1928 11797
-20209 10409 6672 -10475 -2007 13176
-20812 10274 6656 -10302 -1907 14772
-21471 9894 6507 -10178 -1791 16243
-21878 9485 6390 -9995 -1895 17591
-22134 9293 6137 -10005 -2111 18609
-22235 8988 5890 -10108 -2662 19726
-22318 8610 5793 -10120 -3398 20725
-22354 8124 5764 -10084 -4183 21514
-22260 7504 5734 -9755 -5142 22205
-22087 6638 5582 -8778 -6305 22851
-21561 5776 5254 -6817 -7651 23358
-20786 5369 4954 -4733 -8259 23429
-20272 5136 4788 -3040 -8361 23279
-19645 5201 4680 -1652 -8071 23099
-19125 5439 4564 -740 -7356 22834
-18270 5286 4312 -252 -6342 22383
-17325 5098 4174 -393 -5400 21963
-16395 4874 4092 -720 -4834 20963
-15371 4475 3978 -1179 -4289 19235
-14528 4266 3784 -1455 -4148 17483
-14062 4130 3569 -1508 -4029 16057
-13388 4076 3516 -1705 -3875 14201
-12781 4042 3510 -1966 -3451 12524
-12206 3885 3448 -2144 -2841 10907
-11682 3696 3353 -2102 -2174 9340
-11305 3548 3353 -1916 -1697 8171
-10992 3397 3362 -1694 -1167 7012
-10796 3229 3316 -1407 -617 5855
-10608 3088 3232 -1112 -71 4660
-10506 2929 3196 -803 459 3485
-10389 2797 3117 -553 902 2318
-10413 2677 3056 -426 1350 1102
-10426 2513 2996 -440 1810 -131
-10609 2522 2968 -538 2243 -1433
-10785 2528 3044 -754 2686 -2747
-10945 2465 3120 -1077 3145 -4126
-11162 2537 3270 -1520 3713 -5819
-11594 2492 3451 -1988 4310 -7735
-12122 2483 3609 -2247 4740 -9608
-12590 2442 3733 -2233 5084 -11130
-13057 2477 3784 -1972 5399 -12347
-13508 2448 3842 -1694 5662 -13316
-14078 2590 3843 -1235 6006 -14426
-14817 2772 3846 -704 6462 -15705
-15462 3028 3836 -380 6797 -16572
-16064 3326 3893 -278 7214 -17528
-16935 3670 4209 -434 8019 -18671
-17932 3997 4478 -732 8752 -19574
-18654 4108 4576 -970 9153 -20107
-19566 4336 4814 -1479 9702 -20612
-20336 4426 4962 -1975 10115 -20932
-20745 4234 5263 -2019 10435 -21014
-21331 4016 5395 -1570 10588 -21008
-21750 3820 5459 -337 10449 -20717
-21985 3873 5642 1167 10354 -20341
-22312 4154 5635 2728 10225 -19823
-22248 4602 5528 3924 10164 -19455
-22410 4748 5585 4760 9877 -19233
-22232 4963 5326 5551 9458 -18996
-22076 5124 5155 6519 8741 -18759
-21814 5407 4847 7566 7722 -18479
-21540 5622 4641 8390 6822 -18195
-21238 5894 4424 9023 6062 -17929
-20955 6244 4183 9759 5386 -17581
-20646 6704 4041 10339 4872 -17213
-20300 7161 3917 10724 4555 -16892
-19966 7624 3796 10807 4516 -16506
-19656 8093 3758 10806 4593 -16085
-19396 8434 3712 10545 4790 -15612
-19155 8980 3670 10176 4946 -15012
-18754 9558 3538 9337 5279 -14077
-18388 10107 3485 8235 5478 -12954
-18038 10603 3444 6854 5483 -11628
-17708 10930 3438 5507 5350 -10278
-17520 11144 3600 4584 5043 -9283
-17367 11259 3572 3339 4822 -7903
-17138 11436 3674 1529 4225 -5666
-16926 11252 3927 -16 3734 -3365
-17080 10894 4045 -986 3129 -1324
-17244 10470 4221 -1606 2705 524
-17401 10238 4276 -1974 2161 1972
-17672 9876 4314 -2172 1736 3070
-17945 9524 4508 -2284 1016 4487
-18171 9250 4514 -2390 264 6215
-18070 8945 4666 -2547 -280 7674
-18024 8693 4605 -2733 -764 8886
-18041 8494 4658 -2948 -1062 9989
-18148 8188 4608 -3136 -1357 10966
-18203 7836 4582 -3444 -1824 12091
-18507 7580 4661 -3939 -2361 13444
-18813 7253 4690 -4438 -2847 14352
-19012 7180 4760 -4788 -3179 14845
-19298 7181 4646 -5297 -3580 15256
-19855 6974 4512 -6267 -4148 15796
-20416 6979 4313 -7304 -4759 16165
-20943 7077 4127 -8375 -5472 16398
-21512 7129 3856 -9334 -6046 16576
-21850 7106 3762 -9861 -6526 16809
-22389 7230 3526 -10092 -7039 17191
-22782 7292 3346 -9941 -7453 17543
-23233 7396 3197 -9339 -7947 18196
-23540 7441 2958 -8299 -8255 19303
-23564 7358 2636 -6980 -8271 20650
-23372 7156 2455 -5258 -7943 22512
-22957 6902 2227 -3355 -6985 24656
-22296 6798 1697 -1405 -5723 26524
-21598 6442 1452 498 -4950 27808
-20692 6577 1252 1593 -4026 28532
-19956 6142 938 2765 -3087 28821
-18861 6698 390 3773 -1937 27988
-17512 7349 -448 4799 -172 25876
-16646 7529 -809 5004 1260 23714
-16265 7694 -958 4402 2263 22324
-15880 7945 -1137 2959 3229 21087
-15500 8120 -982 1334 4042 20219
-15039 8274 -841 -2271 5008 19117
-14493 8321 -506 -6548 5261 17749
-14008 7905 -269 -9573 4548 16165
-13376 6888 179 -11899 2783 13891
-12868 6320 566 -13349 772 11398
-12592 5988 756 -13884 -684 9918
-12115 5530 1064 -14386 -2116 8305
-11586 4879 1574 -14356 -3567 6492
-11360 4688 1828 -14069 -3919 5807
-11030 4966 2274 -14522 -4089 4677
-10745 2215 3549 -14194 -3748 1776
-10596 3324 3350 -13152 -2680 1186
-9973 3530 3545 -12957 -2325 387
-9714 1722 3850 -14002 -630 -553
-9891 1371 3587 -13723 1514 -1839
-10309 1163 3311 -12610 3490 -3187
-11040 1232 3770 -11260 4919 -4107
-11286 1166 4270 -10242 5752 -4833
-11847 1133 4807 -8848 7090 -5861
-12816 753 5434 -6419 8134 -7895
-13650 1026 5860 -4514 9008 -10124
-14996 935 6160 -2881 9387 -12679
-15980 1964 5833 -2259 10435 -15172
-16762 1962 5678 -2003 11066 -16641
-17277 2068 5580 -1579 11261 -17791
-17744 2298 5356 -1079 10910 -18790
-18181 2536 5181 -713 10301 -19660
-18664 2682 5016 -640 9669 -20413
-19194 2634 5012 -306 9057 -20853
-19519 2601 5146 287 8523 -21405