2960 18420 -6992 4170 -12350 821
2634 18133 -7241 6276 -11725 429
2176 17313 -7405 8793 -11138 63
1926 17244 -7478 10244 -10829 173
1804 17191 -7419 10964 -10524 448
1554 17306 -7789 10777 -10410 1033
1921 17202 -8005 10251 -10211 1480
1976 17054 -8378 9186 -10011 1924
2211 17144 -8978 6683 -9896 2612
2228 17110 -9414 3990 -9895 2971
2065 16819 -9477 2058 -9703 2975
1998 16734 -9373 455 -9132 2847
1718 16612 -9504 -135 -8612 2642
1317 16712 -9309 -876 -8211 2487
1141 16866 -9045 -2028 -8082 2418
896 16978 -8913 -2877 -8220 2480
916 16989 -8509 -4196 -8642 2394
694 16897 -8204 -4830 -9295 2073
666 17246 -7996 -4932 -9798 1850
628 17702 -7754 -5788 -10341 1910
653 17562 -7737 -6352 -10808 2080
652 17165 -7588 -6449 -11022 2531
754 16926 -7668 -5874 -10923 3067
826 16606 -7734 -4578 -10266 3596
912 16684 -7530 -2775 -9828 4119
972 17060 -7581 -1428 -9318 4530
768 17168 -7601 -591 -8975 4606
714 17478 -7554 -247 -8745 4640
578 17446 -7462 -43 -8755 4448
546 17582 -7254 -259 -8900 4351
502 17636 -6964 -1269 -9136 4228
432 17149 -7077 -2107 -9426 4093
461 16797 -7032 -2478 -9597 4094
472 16809 -7148 -2785 -9546 4128
270 16840 -7333 -3045 -9607 4245
228 17112 -7361 -3625 -9715 4376
124 17337 -7337 -4443 -9965 4552
18 17744 -7346 -5738 -10335 4687
77 18306 -7080 -7399 -10735 4805
116 18694 -6796 -9587 -11259 4925
-28 18874 -6552 -11754 -11943 4679
1 18814 -6214 -13646 -12824 4326
-53 18742 -5528 -15391 -13783 3875
160 18604 -5080 -16898 -14789 3091
396 18488 -4724 -18331 -15503 2641
478 18098 -4328 -19221 -15826 2628
333 17469 -3918 -18802 -15843 2893
-302 18202 -2986 -18879 -16073 3269
1593 17726 -3193 -17747 -15053 3268
453 17033 -3529 -15370 -13360 3035
702 16782 -3329 -12305 -12445 2863
452 17192 -2962 -8777 -11961 2657
141 17621 -2512 -6554 -11707 2508
-276 18177 -2036 -5100 -11688 2091
-302 18585 -1618 -4363 -11974 1868
-188 18757 -1381 -4408 -12348 1584
-228 18705 -1196 -5562 -12492 1613
296 18624 -1521 -7021 -12761 1693
614 18258 -1997 -7904 -12708 1718
698 18092 -2076 -8324 -12690 1762
716 18040 -2058 -8756 -12792 1726
848 18165 -1856 -9230 -12927 1712
996 18073 -1501 -10018 -12939 1888
1209 17946 -1221 -10878 -12959 1917
1057 17573 -1077 -11337 -13031 1962
908 17161 -1241 -10720 -12867 2014
620 16896 -1264 -8557 -12142 1725
933 17225 -809 -6248 -11382 1516
816 17909 -425 -4327 -10558 1204
1093 18478 -21 -2637 -9726 797
1417 19029 321 -1395 -9014 526
1493 19441 706 -728 -8464 426
1625 19645 633 -508 -8108 530
1741 19774 582 -634 -8258 570
1652 19645 366 -891 -8640 601
1446 20061 29 -1286 -8975 447
1286 20438 -305 -1570 -9082 52
1273 20486 -524 -1763 -8479 -361
1270 20249 -646 -1751 -7506 -831
1496 20053 -766 -1614 -6439 -841
1554 19777 -778 -1173 -5415 -708
1492 19548 -801 -739 -4729 -351
1508 19510 -801 -463 -4578 94
1502 19596 -836 -657 -4551 606
1425 19625 -906 -1051 -4608 853
1458 19569 -1073 -1832 -4719 1076
1202 19639 -1118 -2574 -4726 1060
1216 19284 -1257 -3017 -4278 706
1140 18819 -1256 -3140 -4094 465
1342 18253 -1162 -2792 -3657 385
1387 17846 -1350 -2063 -3030 448
1552 17754 -1478 -1397 -2646 565
1798 17862 -1482 -622 -2607 480
2185 18622 -1138 17 -3258 356
2396 18645 -1037 -588 -3563 272
2296 18577 -1014 -1486 -4069 133
2186 18512 -1085 -1992 -4389 -258
2028 18752 -1697 -1919 -4255 -771
1016 18852 -1973 -571 -3608 -923
1446 18810 -1070 1719 -2977 -1738
2316 19938 -1117 1812 -1163 -1523
448 20008 -1852 1949 -59 -1604
128 20650 -2222 2165 637 -1333
178 20670 -2389 3388 1271 -1023
473 20262 -2337 3742 1804 -542
525 19901 -2826 4045 1964 -64
677 19897 -2797 4228 1788 611
1013 19326 -2710 4468 1638 1283
1705 18353 -2361 4935 1826 1993
1988 17846 -1836 5263 1826 2724
2386 17864 -1340 5418 1827 3135
2388 17966 -1173 5368 1764 2895
2542 17936 -1160 4965 1552 2643
2802 18589 -1434 3921 1302 2193
3280 18290 -1485 3140 1343 1721
3502 18658 -1680 2024 1554 1859
3693 18462 -1862 1098 1709 1987
3657 17796 -1812 1166 1811 2178
3817 17730 -1825 1689 2266 2716
3722 17509 -2136 2242 3165 2950
3358 17610 -2332 3085 3877 2869
2664 17914 -2617 3821 3852 2395
2498 18392 -2765 4362 3184 1578
2710 18528 -2721 5053 2181 939
2890 19041 -2386 5102 1332 729
3124 19020 -2336 4990 719 674
2893 18893 -2277 4978 485 918
2915 18747 -2377 4805 466 1418
2912 18656 -2160 4609 454 1661
2849 18596 -2216 4390 199 1604
2845 18368 -2369 4200 -61 1391
2838 17888 -2636 4347 69 1191
2830 17702 -2738 4440 105 995
3071 17634 -2993 4588 147 880
3166 17724 -3323 4239 85 762
3377 17841 -3262 3690 -259 1017
3652 18118 -3116 2808 -548 1058
3473 17929 -2933 2070 -865 951
3650 18500 -3076 1344 -607 945
3738 18384 -3230 859 -593 775
3784 18386 -3296 182 -608 799
3700 18672 -3100 -1024 -567 668
3509 18478 -3143 -2067 -891 387
3820 18024 -3550 -2809 -898 210
3928 17765 -3539 -2904 -604 7
3889 17781 -3365 -2897 -523 -22
3865 18096 -3102 -2885 -631 250
3768 18173 -2980 -3195 -712 508
3658 18070 -2676 -3569 -1057 748
3520 17956 -2388 -3792 -1547 954
3636 18020 -2329 -4065 -1744 1020
3838 17897 -2253 -4044 -1540 960
3878 17833 -2083 -3281 -1374 1179
3920 18022 -2132 -2572 -1161 1236
4209 18299 -2060 -2421 -1106 1272
4593 18536 -2161 -2559 -1088 1113
3917 19212 -2232 -2947 -1080 938
3289 19690 -2348 -3562 -940 604
2858 19942 -2386 -4706 -458 260
2128 19840 -2386 -5720 -141 -231
1761 19332 -2520 -6194 -223 -286
2020 18350 -2722 -6272 -467 -292
2136 17600 -2852 -6361 -843 -14
2440 17700 -2660 -5754 -853 -320
2474 17569 -2553 -4897 -1569 -331
2116 17550 -2198 -4776 -2550 -286
2477 18668 -2168 -4823 -3219 -1115
2136 19096 -2078 -4996 -4400 -1542
1703 19505 -1981 -4848 -5564 -1932
1689 19784 -1426 -4573 -5609 -1541
1028 19975 -970 -4479 -4687 -1259
832 19056 -936 -3777 -3262 -1323
903 18845 -868 -3544 -2724 -1038
1138 18380 -1108 -2751 -1740 -547
731 17908 -1056 -2217 -2293 -344
970 18173 -997 -1781 -2418 -301
724 17986 -870 -1980 -3301 40
1106 18580 -934 -2255 -4018 -211
758 18329 -661 -2668 -4785 18
1036 18636 -516 -3267 -5507 -101
1014 18716 -389 -3672 -6096 -560
1100 18732 -332 -4290 -6566 -899
1024 18474 -448 -4326 -6941 -1376
1367 18130 -676 -3867 -6921 -1681
1421 18132 -628 -3270 -6824 -1906
1824 17830 -758 -2263 -6473 -1447
1508 18497 -613 -1995 -6906 -1843
2013 18574 -502 -1636 -6283 -2021
1742 18465 -553 -977 -5788 -1401
1604 18936 -333 -426 -5326 -1286
2212 18984 80 -121 -4103 -1034
1592 19116 218 -13 -3937 -840
1770 19159 732 -891 -3705 -1334
1652 19042 940 -1781 -3305 -926
1545 18936 1032 -2802 -3354 -1006
1391 18896 1367 -3763 -3662 -892
1446 19289 1520 -5187 -3864 -1640
1516 19010 1324 -5644 -3184 -2041
1366 18199 1103 -5086 -2353 -1259
1270 18601 956 -4642 -2088 -2275