-16420 12462 5845 -8858 7019 -108
-16566 12373 6129 -9492 7033 1892
-16769 11864 6534 -10443 6997 4343
-17153 11516 6828 -11279 6815 6523
-17384 11190 7110 -11918 6412 8116
-17640 10767 7340 -12782 5974 9921
-18322 9962 7560 -13741 5207 12175
-18965 9140 7713 -14250 4296 13991
-19530 8529 7796 -14462 3474 15376
-20196 7850 7806 -14323 2542 16524
-21005 7191 7831 -13765 1431 17527
-21862 6830 7911 -13251 39 18465
-22328 6494 8070 -12953 -851 18953
-22854 6156 7997 -12598 -1780 19275
-23172 5800 7724 -12098 -2813 19366
-23440 5306 7466 -11749 -3750 19333
-23489 4867 7248 -10975 -5071 19179
-23544 4308 7012 -10193 -6826 19171
-23540 3984 6958 -9663 -8010 19223
-23297 3774 6674 -9133 -9456 19370
-23042 3377 6353 -8549 -10831 19709
-22736 2967 5877 -7779 -11999 20087
-22284 2792 5288 -6789 -12884 20158
-21646 2712 4880 -5926 -13138 19886
-21092 2710 4521 -5128 -12888 19315
-20498 2704 4264 -4493 -12462 18649
-20038 2694 3942 -3925 -12102 18126
-19380 2718 3616 -3371 -11517 17494
-18705 2706 3390 -2718 -10907 16756
-18042 2761 3216 -2218 -10387 16130
-17212 2705 3015 -1662 -9789 15283
-16243 2668 2818 -909 -9232 14139
-15376 2654 2574 -84 -8790 12841
-14603 2824 2411 719 -8234 11358
-14089 3049 2352 1258 -7869 10289
-13698 3224 2338 1444 -7470 9701
-13380 3234 2337 1731 -7030 8989
-13052 3310 2350 2051 -6506 8241
-12719 3471 2169 2496 -5883 7283
-12202 3686 2059 3087 -5044 6005
-12072 4177 2000 3209 -4260 5125
-11880 4362 1984 3182 -3564 4433
-11760 4595 2024 2778 -2586 3643
-11672 4921 2042 1939 -1526 2956
-11781 5085 2048 1048 -821 2445
-11832 5121 2138 163 -342 1956
-11772 5213 2201 -679 285 1269
-11921 5126 2421 -1558 772 718
-12015 4975 2736 -2417 1240 275
-11982 4910 3319 -3422 1885 34
-12117 4854 3789 -4140 2867 -63
-12316 5294 4020 -5023 4015 -329
-12341 5250 4040 -5653 5696 -653
-12374 5709 4202 -7395 8463 -1524
-13090 5241 4806 -7891 10307 -3061
-13482 5201 5248 -7857 11823 -4095
-14025 5556 5550 -7868 12459 -4718
-14454 4661 5485 -7320 12537 -4751
-15254 4634 5734 -7530 13665 -5220
-16485 5090 5782 -7457 13945 -6622
-17474 5188 5926 -7517 14138 -8109
-18273 5869 6061 -8054 13993 -9801
-18864 6320 6284 -8825 13710 -11458
-19260 6828 6587 -9989 13129 -13273
-19166 7056 6978 -10676 12173 -14594
-18914 6881 7290 -10613 11385 -15390
-18933 6602 7437 -9243 10560 -16084
-18753 6318 7542 -6444 10079 -16412
-18386 6124 7634 -3199 9647 -16283
-18230 6040 7466 71 9826 -15951
-18122 6469 7134 3690 9419 -15408
-17860 6683 6707 8490 8619 -14772
-17586 6590 6302 13318 7399 -14278
-17302 6529 6218 16110 6541 -13890
-17444 7022 5759 17691 5695 -13656
-17739 7957 5297 17770 5297 -13689
-18198 8949 4941 16695 4831 -14226
-18712 9962 4728 14361 3793 -15193
-19024 10786 4873 11200 2250 -16990
-19061 11269 4908 7616 1371 -18712
-19040 11502 4848 4398 244 -20154
-18854 11224 4666 2238 -911 -20669
-18835 11150 4863 -984 -3981 -19406
-18421 11260 5222 -5248 -7667 -16251
-17978 11174 5450 -8001 -8921 -14014
-17604 9888 5821 -8698 -9588 -11390
-17293 8610 6181 -7157 -10673 -8561
-16852 8084 6650 -5492 -11034 -6595
-16399 7837 7467 -3509 -9377 -3985
-15928 7974 8257 -1228 -5473 -1602
-15420 7926 8502 675 -1697 -86
-15039 7732 8554 3107 1567 1492
-14478 7276 8328 5956 4923 4229
-14056 7218 8341 8196 7389 6914
-13680 7172 8149 9857 9778 9736
-13617 6970 7896 10968 11362 12038
-13617 6754 7580 10886 12073 13319
-13796 6596 7288 10808 12048 13864
-13976 6228 7068 10190 11198 14119
-14218 5996 6862 8963 9659 13808
-14516 6013 6922 7942 8292 12952
-14788 5956 6932 6769 6937 11858
-15276 5964 7234 5281 5659 10977
-15443 6827 7455 1972 3722 9850
-16279 7460 7969 -5808 1182 9249
-16264 3845 8116 -12012 -495 8375
-16880 2032 7952 -16386 -727 6801
-16787 -80 6868 -20217 -1108 3240
-15002 -1991 7653 -16137 -4275 -1734
-15432 -2281 7418 -11579 -5745 -4096
-15614 -1600 7298 -6949 -6957 -4724
-15363 -505 7367 -589 -6883 -4123
-16042 1605 7184 4972 -5704 -2865
-17128 3000 6658 8162 -4169 -2088
-18649 4113 6220 11405 -2443 -1256
-20402 4813 5972 14555 -1340 -364
-21978 5330 6350 16640 -1509 169
-22715 6230 6280 13929 -687 660
-21988 6902 5666 9666 391 884
-20706 7811 4862 4953 1284 559
-18750 7710 4194 420 919 779
-17201 7457 3770 -1393 -1347 1264
-15937 6512 3672 -2114 -4303 2694
-15409 6004 4012 -2586 -5995 4486
-15423 5602 4172 -2769 -6569 6366
-15570 5324 4093 -2417 -6021 7975
-15538 5460 4148 -1942 -5006 8515
-15692 5596 3781 -1668 -4000 8609
-15540 5280 3478 -1739 -2761 8204
-15305 5225 3442 -2135 -1892 7892
-15220 5197 3224 -2661 -1353 7229
-14892 5172 3096 -2743 -1000 6840
-14150 5030 2724 -3262 -258 6342
-13513 5222 2856 -4351 256 5249
-13502 5796 2865 -4861 669 4647
-12853 7128 2815 -6229 1865 4449
-12968 7318 4011 -7860 2481 4646
-13394 8317 5156 -9064 2259 6372
-13732 8466 6377 -10409 1404 7712
-14008 8342 7321 -11526 1005 8727
-13940 8777 8417 -12225 608 9386
-13460 8930 9453 -12598 172 9126
-13461 8876 10210 -12704 -672 8512
-13360 9252 10564 -12789 -1263 8003
-13092 9349 10987 -12995 -1657 7103
-12909 9470 11364 -13133 -1877 6352
-12662 9506 11600 -12612 -1892 6096
-12576 9228 11872 -11562 -1922 6252
-12575 9345 12099 -9886 -2065 6809
-12732 9516 12020 -8432 -1738 7437
-12759 9850 11734 -6736 -1277 7647
-12502 9744 11237 -5008 -869 7624
-12148 9368 10924 -4347 -736 7587
-12990 9023 10539 -4074 -481 7123
-14442 9286 9176 -3330 -1139 7086
-14652 8978 8836 -1101 -2305 8116
-14276 7891 8103 -458 -2821 9135
-14238 9301 7992 -796 -3269 8569
-14012 9158 8208 -1152 -3649 7749
-14228 8894 7979 -1803 -3897 7466
-13708 8909 7701 -2215 -3568 6980
-13603 8583 7468 -2420 -2858 7020
-13604 8049 7245 -2254 -2359 6927
-13550 7686 7008 -1718 -2249 6582
-13486 7133 6816 -803 -2212 6140
-13357 6736 6672 462 -2230 5686
-13217 6468 6578 1390 -2188 5422
-12951 6574 6506 1939 -2198 5084
-12810 6628 6246 1824 -2217 4792
-12660 6445 6082 1444 -2187 4360
-12417 6206 5889 947 -2207 3863
-12411 5718 5819 663 -2327 3357
-12108 5350 5800 496 -2615 2765
-11961 5060 5738 690 -2938 2034
-11777 4984 5834 637 -2997 1389
-11628 4904 5664 416 -2748 765
-11476 5166 5568 312 -2305 -125
-11504 5193 5456 207 -1715 -871
-11620 5220 5192 228 -1404 -1362
-11682 5140 5456 114 -976 -2112
-11944 5156 5661 233 -571 -3181
-12000 5232 5672 192 -769 -4172
-11867 5091 6174 -465 -1091 -5073
-11702 5084 6354 -1220 -877 -5823
-11872 5316 6564 -1752 -756 -6166
-11922 5130 6665 -2477 -624 -6767
-12060 5108 6956 -3772 47 -8115
-12022 5133 7228 -4550 1413 -9194
-12377 5293 7280 -5043 2829 -10178
-12870 5368 7516 -5110 5154 -11435
-13607 5541 7891 -4654 7808 -12512
-14122 5717 8206 -4116 9926 -13125
-14357 5921 8434 -3752 11620 -13465
-14469 6109 8560 -3368 13406 -13791
-14684 6213 8581 -3184 15067 -14024
-15005 6141 8538 -2985 16355 -14174
-15366 5911 8515 -2145 17276 -14412
-15844 5668 8185 -1091 18225 -14543
-16408 5560 7688 -266 18906 -14484
-16984 5550 7236 915 19255 -14247