-15989 5364 4712 -1176 384 1027
-15978 5394 4644 -1184 360 1079
-16008 5357 4600 -1185 341 1123
-15985 5356 4548 -1241 296 1215
-15881 5386 4422 -1375 316 1240
-15870 5305 4349 -1568 347 1252
-15844 5292 4274 -1757 351 1204
-15794 5272 4140 -1915 357 1197
-15830 5120 4049 -2036 267 1110
-15836 5021 3922 -2077 195 1071
-15754 5052 3800 -2110 122 1011
-15504 5062 3675 -2293 236 957
-15102 4962 3746 -2598 408 871
-14992 5020 3642 -2902 710 727
-14936 5050 3618 -3284 912 492
-14846 5092 3642 -3863 1286 215
-14981 5174 3666 -4895 1690 -228
-14897 5149 3662 -5957 1956 -636
-14913 5157 3761 -6868 2164 -1033
-14894 5202 3788 -7541 2229 -1408
-14710 5270 3817 -8164 2233 -1819
-14338 5436 3821 -8856 2207 -2310
-13702 5897 3729 -9343 2215 -2729
-13187 6452 3562 -9559 2307 -3036
-13266 6898 3286 -9418 2402 -3256
-13629 6966 3054 -8917 2460 -3409
-14344 7677 2846 -8642 2693 -3546
-15393 8493 2785 -8652 3213 -3795
-16490 9906 2877 -9446 4023 -4126
-17509 11361 2952 -10826 4809 -4457
-18485 12808 2974 -12661 5771 -4825
-19357 14006 2773 -14501 6248 -5413
-20207 14126 2791 -16477 6645 -5697
-20903 13844 2784 -17921 5371 -5218
-20876 13094 2862 -18222 3979 -3490
-20688 11867 3317 -17172 2006 -540
-20186 11349 3752 -15062 152 3011
-19726 10944 4050 -13157 -854 5739
-19410 10818 4270 -10992 -1194 8465
-19010 10660 4349 -8942 -1548 10911
-18664 10339 4512 -6415 -1692 13445
-18521 9935 4338 -4186 -1797 15911
-18554 9393 4262 -2967 -1877 17252
-18652 9090 4204 -2282 -2305 17987
-18770 8830 3978 -2154 -2624 18446
-18814 8564 3769 -2453 -3338 18520
-19006 8570 3466 -2950 -4284 18137
-19028 8522 3348 -3639 -5415 17589
-18977 8567 3312 -4478 -6547 16956
-18754 8669 3342 -5558 -7817 16382
-18406 8473 3568 -6290 -8685 16008
-17940 8178 3949 -6431 -9027 15721
-17661 8104 4128 -6497 -9229 15406
-17358 8140 4376 -6381 -9206 15101
-16860 8068 4560 -5987 -8721 14626
-16616 7861 4928 -5383 -8200 14132
-16188 7388 5253 -4583 -7712 13760
-15819 6797 5324 -3269 -7595 13471
-15404 6370 5258 -2179 -7874 13162
-14836 6035 5097 -941 -8424 12608
-14220 5962 4848 -63 -8854 11912
-13884 5813 4645 333 -9043 11220
-13849 5540 4306 689 -9137 10385
-14402 5020 3824 1058 -9328 9427
-14929 4569 3564 1493 -9937 8401
-14307 4789 3501 1782 -10257 7033
-13573 5070 3426 1466 -9844 5348
-13096 5261 3278 1131 -9104 3780
-12566 5438 3317 761 -8388 2188
-11973 5621 3218 367 -7317 372
-11642 5548 3131 -22 -5921 -1321
-11270 5496 3290 -391 -3994 -2716
-10883 5796 3338 -914 -1699 -3761
-10868 5984 3274 -1449 -209 -4397
-10650 6077 3492 -2118 1309 -5140
-10626 6049 3721 -2804 2731 -5970
-10581 5980 4010 -3314 3613 -6488
-10914 5778 4254 -3778 4357 -6977
-11450 5552 4579 -4134 4939 -7580
-11982 5296 4804 -4217 5497 -8157
-12708 5173 4869 -4044 6018 -8870
-13492 5060 4719 -3606 6431 -9592
-14149 5057 4578 -3413 6658 -9997
-14852 4985 4553 -3274 6654 -10273
-15276 4908 4548 -3074 6553 -10495
-15944 4743 4552 -2716 6116 -10883
-16808 4720 4540 -2417 5360 -11349
-17255 4760 4474 -2361 4734 -11727
-17633 4761 4321 -2282 4157 -12085
-17713 4837 4278 -2040 3701 -12347
-17740 4914 4204 -1717 3465 -12491
-17758 4982 4100 -1419 3433 -12514
-17632 5222 4154 -939 3842 -12339
-17185 5632 4301 -306 5203 -11871
-16859 6053 4306 -57 6917 -11300
-16697 6415 4372 -363 8576 -10735
-16643 6447 4426 -903 9867 -10197
-16796 6206 4441 -1576 10614 -9746
-17004 5932 4284 -2020 10671 -9523
-17116 5796 4232 -2181 10420 -9428
-17176 5532 4192 -2451 9773 -9361
-17193 5288 4165 -2635 8621 -9298
-17217 5194 4317 -2638 7659 -9297
-17146 5185 4524 -2509 6987 -9342
-16986 5094 4778 -2232 6783 -9397
-16966 4981 4974 -1787 6738 -9423
-17029 4840 5211 -544 7068 -9469
-17253 4746 5333 1230 7514 -9546
-17446 4687 5372 3266 7921 -9574
-17600 4824 5276 5132 8236 -9550
-17576 5253 5097 6783 8497 -9486
-17436 5826 5044 8017 8828 -9410
-17162 6638 4957 8550 9303 -9312
-16924 7410 5012 8326 9804 -9108
-16560 8051 5061 7011 10200 -8847
-16304 8636 5186 4557 10324 -8432
-16286 8743 5500 2141 9828 -8034
-16383 8492 5792 347 8793 -7509
-16733 8322 6067 -753 8091 -6692
-17046 8234 6444 -1232 7647 -5626
-17354 8246 6695 -1086 7516 -4622
-17629 8149 6658 -444 7039 -3601
-18044 8124 6585 524 6607 -2562
-18154 7906 6460 1071 6004 -1785
-18255 7904 6463 1905 5234 -810
-18510 7783 6227 2993 3838 696
-18959 7545 5826 3864 1966 2123
-20260 7144 5410 4203 326 3006
-21290 7274 5326 4203 -962 3677
-21242 7350 5590 3943 -1976 4338
-20930 7481 5380 3602 -3122 5117
-20470 7224 4630 3467 -4137 5896
-20522 6847 4074 3349 -5111 6546
-20856 6525 3750 3341 -6112 7434
-21059 6375 3681 3671 -6624 8619
-21058 6252 3596 3844 -6744 9563
-20802 6220 3469 3704 -6674 10278
-20337 6329 3253 3352 -6639 10735
-19691 6308 2905 2832 -6411 11015
-18965 6340 2693 2216 -6068 11345
-18288 6338 2622 1518 -5793 11618
-17660 6348 2432 633 -5549 12007
-16822 6310 2294 -756 -5208 12548
-16168 6303 2291 -2158 -4879 12877
-15762 6296 2216 -3338 -4517 13033
-15559 6314 2149 -4540 -4256 13042
-15416 6389 2156 -6247 -3752 12858
-15589 6524 1982 -7618 -3358 12487
-15592 6528 1858 -8735 -3130 12273
-15687 6538 1938 -10191 -3322 12228
-15684 6223 2368 -12128 -4051 12199
-16021 6333 2642 -13114 -4948 12020
-16612 6169 2725 -13308 -5883 11682
-17348 6045 2636 -13276 -6652 11300
-18289 5985 2484 -13183 -7337 10964
-19176 5888 2538 -13216 -7868 10759
-20009 5755 2822 -13191 -8617 10594
-20966 5622 3185 -12850 -9190 10306
-21550 5606 3564 -12107 -9687 9880
-21629 5540 3680 -10710 -10255 9214
-21278 5566 3716 -8180 -10751 8470
-20840 5344 3616 -5872 -10939 8206
-20146 5311 3780 -3198 -11082 8364
-18877 5195 3850 994 -11120 8772
-17705 5228 3582 4871 -10788 9243
-16946 5506 3356 7458 -10361 9542
-15968 5728 2916 10311 -9387 10123
-14862 5845 2568 12679 -8057 10819
-14142 5837 2350 13627 -6913 11222
-13582 5892 2148 13860 -5779 11391
-13081 5818 1803 13346 -4475 11331
-12648 5898 1529 12067 -3806 10937
-12164 5906 1464 10319 -3404 10325
-11756 5812 1274 8350 -3255 9542
-11304 5720 1232 6101 -2939 8484
-11138 5556 1168 3329 -2807 7174
-10910 5117 1315 541 -2993 5480
-10666 4452 1462 -980 -2938 3768
-10580 4186 1618 -1602 -2967 2429
-10427 3912 1934 -1828 -2617 460
-10288 3320 2527 -1013 -1772 -2216
-10348 3522 2952 -119 93 -4068
-10649 3928 3146 567 2696 -5689
-11073 4221 3404 1085 6342 -7455
-11544 4522 3481 1563 9556 -9002
-12197 4656 3470 2170 12269 -10511
-13131 4762 3367 2782 14358 -12213
-14264 4917 3175 2915 15430 -13762
-15150 5156 2974 2322 15537 -14788
-15862 5438 2869 1307 14897 -15363
-16458 5646 2737 122 13799 -15867
-17241 6080 2757 -1863 11788 -16421
-17925 6389 2816 -4162 9669 -16977
-18445 6502 2893 -5948 8148 -17255
-18860 6554 3213 -7907 6639 -17699
-19350 6401 3551 -9181 5451 -18138
-19576 6225 3842 -9479 5222 -18207
-19874 5909 4179 -8365 5621 -18142
-19948 5795 4449 -5313 6663 -18075
-20107 6166 4497 -1609 7916 -17853