-16182 3528 3700 -1298 168 100
-16184 3441 3762 -1239 234 81
-16201 3480 3752 -1226 230 55
-16217 3468 3753 -1191 240 46
-16273 3489 3786 -1213 244 23
-16224 3473 3798 -1232 252 4
-16248 3470 3838 -1232 217 -30
-16292 3544 3832 -1248 186 -27
-16246 3574 3857 -1228 165 -51
-16220 3592 3834 -1235 175 -28
-16226 3660 3812 -1254 139 -36
-16229 3626 3817 -1279 116 -26
-16226 3612 3762 -1331 46 -9
-16173 3604 3836 -1355 64 -21
-16182 3598 3825 -1395 87 -31
-16149 3630 3793 -1378 86 -52
-16078 3640 3824 -1380 95 -40
-16110 3636 3834 -1390 96 -12
-16101 3624 3850 -1373 73 -13
-16105 3613 3824 -1349 -14 12
-16004 3588 3769 -1318 -78 53
-15808 3593 3733 -1252 -81 53
-15625 3550 3688 -1175 -73 39
-15471 3512 3734 -1066 -3 -23
-15474 3480 3701 -1007 88 -116
-15706 3508 3773 -1074 166 -232
-16004 3508 3874 -1238 284 -356
-16445 3516 3964 -1405 382 -374
-16982 3746 3916 -1620 400 -354
-17109 3949 3904 -1787 345 -249
-17113 4090 3740 -1874 277 -25
-16854 4253 3629 -1808 273 260
-16498 4352 3677 -1562 468 540
-16204 4330 3640 -1276 684 743
-15997 4270 3725 -1229 926 892
-15982 4225 3777 -1520 1009 996
-16016 3954 3870 -1996 919 984
-16149 3788 3977 -2661 650 949
-16162 3501 4065 -3363 317 850
-16173 3226 4130 -3902 27 712
-16197 2942 4124 -4087 -132 500
-16181 2722 4098 -4003 -203 339
-16173 2616 4041 -3666 -145 211
-16193 2617 3964 -3227 -39 79
-16193 2576 3900 -2856 13 57
-16185 2678 3796 -2590 74 58
-16118 2708 3764 -2447 119 18
-16121 2729 3673 -2412 215 44
-15996 2744 3684 -2420 354 -30
-15993 2640 3769 -2336 569 -91
-15962 2709 3889 -2134 776 -183
-16085 2828 3936 -1939 904 -255
-16226 2932 4037 -1756 984 -295
-16296 3142 4173 -1639 957 -314
-16366 3312 4286 -1553 870 -310
-16377 3384 4354 -1433 752 -266
-16426 3512 4414 -1262 657 -182
-16366 3581 4496 -1021 549 -81
-16341 3627 4533 -687 469 47
-16345 3668 4530 -446 345 163
-16329 3692 4462 -353 134 237
-16278 3722 4384 -395 -52 301
-16278 3710 4324 -566 -280 350
-16173 3606 4226 -759 -504 385
-16156 3521 4008 -948 -642 388
-16072 3396 3914 -1082 -686 376
-16038 3290 3801 -1142 -634 335
-16013 3178 3728 -1141 -517 289
-16017 3176 3673 -1125 -378 217
-16026 3089 3662 -1157 -233 200
-16037 3037 3588 -1141 -87 166
-16081 2950 3674 -1147 30 129
-16110 2888 3828 -1151 102 97
-16110 2820 3828 -1095 159 37
-16106 2777 3882 -986 205 -4
-16138 2788 3969 -869 235 -65
-16177 2753 4052 -735 306 -118
-16132 2805 4134 -545 363 -174
-16169 2828 4184 -363 416 -212
-16164 2958 4218 -164 451 -237
-16198 2988 4304 -12 417 -258
-16150 3116 4254 121 384 -280
-16110 3224 4305 223 323 -314
-16133 3298 4302 281 253 -315
-16146 3406 4289 301 153 -314
-16116 3464 4224 311 81 -296
-16113 3505 4202 298 12 -266
-16128 3552 4161 325 -44 -203
-16185 3592 4141 310 -73 -177
-16128 3590 4057 270 -82 -132
-16157 3590 4044 236 -107 -68
-16146 3593 3914 169 -98 -26
-16090 3569 3923 91 -80 7
-16059 3476 3934 30 -11 56
-16038 3365 3936 -23 74 44
-16014 3387 3886 -24 145 26
-16040 3331 3916 -32 225 19
-16045 3289 3980 -19 282 7
-16055 3268 4002 -10 336 -36
-16034 3313 4069 -16 383 -74
-16096 3354 4111 -22 425 -104
-16189 3348 4093 36 383 -139
-16205 3404 4044 79 330 -140
-16249 3484 4126 106 333 -145
-16180 3594 4036 99 338 -119
-16185 3696 4090 99 365 -125
-16158 3722 4024 52 367 -87
-16160 3810 4068 -21 367 -19
-16101 3862 4057 -146 345 6
-16153 3818 4094 -266 353 56
-16178 3818 4116 -352 346 99
-16222 3784 4112 -440 314 120
-16217 3728 4141 -504 283 156
-16234 3674 4186 -514 248 178
-16254 3589 4237 -510 149 194
-16237 3534 4148 -498 92 200
-16194 3433 4188 -484 62 209
-16149 3388 4108 -471 44 201
-16128 3326 4098 -468 37 174
-16098 3310 4053 -445 72 146
-16057 3238 4088 -386 97 106
-16048 3220 4062 -337 151 94
-16021 3202 3957 -246 178 56
-16012 3168 4037 -143 209 28
-16034 3207 3978 -95 258 13
-16095 3268 3914 -36 304 -25
-16127 3319 3929 -61 376 -49
-16168 3331 3939 -91 447 -72
-16213 3409 4009 -120 489 -119
-16206 3368 3969 -176 541 -133
-16185 3397 4121 -195 539 -156
-16200 3432 4189 -251 539 -180
-16212 3472 4149 -306 471 -186
-16201 3500 4216 -357 432 -194
-16233 3496 4218 -393 360 -242
-16198 3524 4216 -412 305 -230
-16188 3526 4233 -437 251 -224
-16212 3562 4228 -446 225 -270
-16206 3564 4249 -444 211 -256
-16190 3609 4220 -461 210 -233
-16186 3590 4181 -462 208 -238
-16154 3594 4265 -473 200 -224
-16156 3621 4181 -499 160 -203
-16181 3604 4189 -554 124 -192
-16166 3596 4172 -608 84 -216
-16180 3572 4225 -687 99 -195
-16170 3558 4200 -749 87 -229
-16208 3509 4218 -811 76 -251
-16264 3484 4165 -850 38 -281
-16240 3454 4205 -875 -21 -310
-16289 3496 4137 -922 -70 -333
-16268 3446 4094 -964 -87 -356
-16268 3493 3985 -999 -92 -392
-16308 3468 3901 -986 -84 -393
-16317 3502 3764 -1004 -135 -436
-16380 3490 3702 -1084 -125 -522
-16490 3501 3562 -1278 -73 -594
-16553 3518 3590 -1487 15 -636
-16568 3434 3492 -1745 171 -680
-16553 3390 3430 -2083 314 -734
-16469 3333 3397 -2454 490 -782
-16352 3285 3418 -2889 643 -819
-16184 3181 3452 -3358 743 -860
-16089 3081 3472 -3932 841 -974
-16013 2986 3557 -4570 871 -1145
-15978 2878 3541 -5196 846 -1274
-16004 2833 3534 -5785 770 -1342
-15992 2672 3582 -6290 640 -1351
-16072 2546 3550 -6666 572 -1333
-16064 2420 3593 -6874 594 -1311
-16168 2266 3633 -6895 649 -1288
-16162 2184 3542 -6888 698 -1290
-16208 2006 3656 -6715 809 -1311
-16200 1901 3717 -6370 895 -1333
-16372 1796 3825 -5887 958 -1351
-16458 1656 3953 -5168 1061 -1367
-16498 1698 4133 -4401 1110 -1385
-16536 1616 4340 -3521 1177 -1492
-16562 1690 4544 -2668 1188 -1583
-16516 1750 4717 -1943 1017 -1642
-16534 1974 4813 -1449 733 -1731
-16604 2192 4762 -1335 275 -1716
-16616 2337 4732 -1547 -278 -1702
-16617 2332 4533 -1868 -881 -1639
-16425 2214 4318 -2105 -1430 -1517
-16208 2141 4108 -2165 -1512 -1404
-16096 2081 3878 -1900 -1413 -1256
-15854 2109 3674 -1688 -1192 -1212
-15821 2221 3710 -1611 -1038 -1200
-15810 2438 3285 -1374 -648 -1155
-15781 2485 3553 -1571 -483 -953
-15717 2522 3381 -1547 -294 -875
-15721 2557 3590 -1406 -44 -780
-15818 2634 3537 -1027 203 -669
-15848 2772 3690 -621 340 -523
-15985 2756 3776 -221 487 -393
-16089 2868 3837 79 567 -227
-16153 2912 3876 332 546 -64
-16137 2987 3920 440 470 101
-16184 2872 3905 578 459 262