1708 18404 -16 -4494 -2411 -685
1492 18140 21 -3253 -2667 -888
1340 17252 -110 -1215 -1977 -707
1976 18638 397 697 -618 -644
1710 19838 1326 47 703 -517
2226 19756 876 -1245 1601 -919
1584 18590 484 -826 2353 -861
2049 18716 528 -423 2972 -286
1677 18945 205 22 3844 319
1332 18473 54 1555 4065 584
1416 19054 -172 2846 4385 709
1825 20682 -441 1880 4831 182
1337 19772 -304 751 4925 219
1206 19169 -141 1098 4154 179
1350 18624 42 1550 3164 544
2000 19348 529 1343 2717 830
1780 19384 956 790 1921 682
2038 19673 1118 -240 1267 449
2141 19521 1138 -1685 966 272
1900 19385 717 -3245 745 -161
1678 18404 400 -3629 288 -707
1385 16372 -396 -2092 -40 -420
1812 17904 785 554 -144 -976
1961 19408 1926 -231 758 -587
2138 19229 1417 -1573 1468 -673
2092 17677 744 -748 2311 -345
1836 17210 536 1213 3114 -96
1969 18176 62 2750 3848 -55
1832 19250 -249 2782 4455 -194
1476 19168 -169 3076 4295 -96
1326 19660 -48 3149 3443 -575
1846 20124 360 1952 2601 -869
1704 20344 246 198 1666 -1296
1844 20340 418 -1507 822 -1763
1344 19960 526 -3885 85 -1902
1330 18878 529 -5269 -762 -2138
1170 16549 437 -4401 -1395 -1902
869 16980 192 -2626 -1749 -1341
1460 18321 1748 -1167 -1610 -1682
1749 18874 1757 -2290 -1255 -1734
1898 17450 1258 -1547 -833 -1393
1574 17169 990 618 -58 -920
1608 17356 1048 2246 873 -361
1573 18010 692 3244 1668 532
1133 18652 273 3931 1883 901
842 18922 -92 4275 2057 1409
1032 19253 -290 4259 1979 2063
864 19496 -228 4209 1458 2313
1062 19685 -58 3875 864 2442
1454 19762 192 2914 432 2524
1764 19801 225 1865 164 2464
1654 19417 158 1451 -105 2128
1697 19244 364 1920 -319 1571
1746 18654 624 2710 -437 910
2337 19044 594 2457 -362 586
2293 19760 162 1259 -229 340
2127 19505 -579 -236 -230 -39
1784 19157 -812 -1250 -595 -396
1809 18842 -629 -1662 -1068 -666
1844 18977 -593 -2164 -1500 -786
1853 18756 -560 -2344 -1584 -939
1690 17881 -532 -1664 -1407 -1169
1556 18093 -409 -779 -1076 -1619
1621 18532 328 -756 -463 -1507
2278 18994 97 -1908 8 -1241
1489 18190 -425 -1776 300 -857
1732 17882 -358 -1212 433 -388
1721 17904 -684 -169 824 291
1492 18214 -950 1196 1039 708
1521 18854 -969 2022 1206 872
1530 19382 -954 2184 1230 661
1633 19752 -738 1778 1215 524
1656 19841 -541 1149 1125 341
1608 19698 -293 629 955 262
1893 19761 -141 94 845 291
2034 19814 -184 -760 936 408
1874 19584 -297 -1401 1011 454
1868 19373 -192 -1750 938 445
1354 19877 162 -3031 699 251
1808 19406 225 -4318 674 -318
1608 18089 10 -4088 484 -616
2013 17690 -245 -2888 344 -319
1971 17526 -374 -1110 577 37
1668 17861 -181 709 566 537
1736 18646 -140 1529 384 988
1762 19046 -189 1690 420 1107
1850 19365 -248 1397 636 1007
1809 19680 -282 752 820 772
1707 19621 -331 -308 712 450
1797 19273 -344 -978 453 285
1774 19165 -218 -1345 251 400
1828 19005 -137 -1478 231 581
1886 18676 2 -1223 525 620
1822 18641 201 -856 673 603
1908 18858 204 -859 735 618
1888 19057 212 -1027 772 564
1938 19088 258 -1233 707 463
1871 18969 308 -1365 631 406
1805 18838 479 -1547 505 441
1829 18669 538 -1641 405 422
1938 18466 580 -1495 346 258
1812 18449 591 -1132 4 -102
2276 18486 453 -1016 160 -247
2086 18275 348 -939 483 103
2133 18349 315 -838 676 -11
1910 18473 348 -762 684 -192
1605 18948 786 -1480 319 -417
1726 19021 889 -2757 -191 -652
1613 18812 989 -3736 -603 -766
1849 18284 926 -4170 -934 -851
2045 17877 689 -3892 -808 -984
1916 17570 630 -3077 -627 -1029
1952 17566 482 -2041 -672 -731
1896 17841 562 -1135 -800 -474
1870 18197 608 -588 -1064 -370
1918 18906 732 -597 -1185 -522
1960 19422 821 -1043 -1399 -944
1917 19950 973 -2318 -1628 -1437
1878 20165 1188 -4225 -1894 -2033
1664 19866 1205 -6696 -2262 -2415
1400 17882 1369 -7336 -3089 -2661
834 16657 606 -6219 -3339 -2117
2012 17468 1814 -2620 -3049 -2878
1841 18145 2733 -2014 -2095 -2524
2252 18249 2046 -1221 -1103 -2395
1864 17610 1527 1244 -71 -1896
1921 18248 1205 3550 446 -1036
1853 19225 1013 4162 890 -396
1360 19856 905 3524 720 -102
1376 19961 760 2489 389 465
1272 19908 787 670 -213 1069
1417 19398 853 -825 -1138 1881
1626 19389 904 -1546 -1532 2209
1700 19361 992 -2190 -2031 2487
1748 19422 1021 -2958 -2200 2488
1730 19361 1140 -3163 -2401 2161
1829 19126 1136 -3137 -2752 1771
2034 19192 1246 -2905 -2674 1274
2076 19065 1404 -2676 -2540 764
2092 18892 1392 -2724 -2309 595
2220 19041 1430 -2915 -1999 431
2049 19224 1396 -3108 -1806 157
1808 19268 1530 -3773 -1536 -46
1924 19161 1546 -4346 -1309 -395
1836 19100 1766 -4956 -1149 -667
1497 19249 1984 -6037 -1629 -1057
1720 18950 2277 -6877 -1912 -1098
1713 18465 2462 -7020 -2149 -743
1802 18276 2450 -6041 -2559 -770
2260 17698 2514 -4742 -1759 -371
1884 17836 2681 -3189 -1680 -663
1906 17790 2950 -1988 -1236 -159
1780 18260 3034 -1269 -933 -47
1610 18465 3056 -1088 -579 26
1412 18632 3054 -1180 -550 -35
1453 18676 2942 -1130 -660 -100
1488 18886 2858 -1250 -963 -243
1574 18859 2732 -1654 -1682 -349
1920 18832 2695 -2130 -1776 -371
1902 18625 2796 -2179 -2445 -160
2021 18630 2959 -2625 -1854 -169
1440 18640 3160 -3086 -2259 -482
1500 18912 3094 -3564 -2194 -582
1508 19232 3142 -3909 -2469 -720
1518 19087 3180 -4360 -2308 -921
1518 19116 3121 -4837 -2520 -1252
1708 18968 3152 -4423 -2553 -1223
1952 19138 3426 -4374 -2341 -1126
1662 18996 3850 -4812 -2053 -1046
1566 17536 3449 -3682 -1018 -682
1134 18018 3581 -1182 -507 -96
1664 17585 4434 1065 554 -84
1756 17120 4664 1979 1397 154
1684 17238 4296 3983 2794 552
813 17502 3565 7333 3898 639
1321 18518 2864 8809 4427 575
1216 18964 2644 8674 4487 773
1174 19359 2225 7329 4204 1132
1406 19410 1654 5598 3709 1283
1189 18660 1818 5695 2891 1031
1789 17442 2688 7519 1898 947
2463 18978 3345 7685 1748 1277
2638 20765 2825 4460 1818 1361
2308 20332 1981 1307 1521 1055
1574 19674 1456 -686 823 490
1659 18669 1359 -2152 -175 -440
2077 18172 1597 -2962 -1225 -975
2048 18248 1846 -3012 -1502 -1149
2205 18133 2317 -3165 -1640 -940
2098 18339 2406 -3088 -1674 -777
2040 18464 2476 -2818 -1319 -892
1562 17736 2328 -959 -714 -992
2130 18589 2885 985 678 -672
2018 18344 2500 2242 2049 114
1304 17696 2009 4829 2509 380
1425 19964 1328 5128 3150 682
1169 19784 1242 4714 3636 553
1303 19499 802 4745 3474 901
1503 19414 1233 5713 3550 760
2178 19368 1936 5599 3861 668