-17274 4853 4345 7386 1740 -133
-17349 4882 4166 7432 1621 547
-17300 4692 3874 7551 1768 1248
-17257 4512 3798 7808 2016 1773
-17088 4429 3689 8286 2334 2250
-17005 4322 3770 8790 2462 2642
-16929 4257 3925 9101 2289 3068
-16808 4060 4089 9328 1841 3359
-16769 3858 4330 9498 1168 3588
-16722 3494 4589 9912 474 3782
-16717 3380 4690 10434 -147 3897
-16776 3282 4801 10824 -594 3872
-16588 3145 4968 11242 -832 3797
-16488 3345 5166 11290 -779 3731
-16336 3346 5173 11029 -725 3585
-16242 3369 5136 10868 -761 3313
-15896 3364 4932 10626 -962 2939
-15896 3540 4554 10241 -1325 2640
-15885 3682 4292 9810 -1698 2440
-16325 3722 4065 9153 -2254 2245
-16674 3742 4021 8378 -2899 2173
-16981 3634 3872 7631 -3193 2281
-17190 3526 3433 6908 -3050 2448
-17602 3496 3492 5432 -2902 2601
-18012 3376 3800 3586 -3444 2295
-18170 3080 3965 1744 -3688 2259
-18409 3398 3978 154 -3720 2190
-18242 2944 4234 -1075 -3339 2110
-18093 2818 4684 -1402 -2740 2039
-17860 2817 5052 -1205 -2371 2174
-17730 2640 5169 -917 -2170 2529
-17672 2200 5374 -241 -2124 3159
-17536 1577 5481 1062 -2144 3721
-17697 1369 5589 3303 -2237 4117
-17445 1170 5681 5808 -2547 4115
-17730 1026 5634 8769 -2847 3978
-17968 902 5546 11584 -3394 4052
-18276 876 5313 13975 -4319 4254
-18265 1098 5093 15512 -5503 4646
-18045 994 4798 16461 -6944 5006
-17700 1072 4328 17165 -8433 5061
-17404 1093 3966 17893 -9790 4967
-17110 1045 3577 18859 -10933 4725
-16804 858 3173 20025 -11848 4501
-16546 653 2806 21332 -12522 4244
-16400 528 2622 22491 -13070 3988
-16224 490 2356 23427 -13486 3598
-16261 500 2085 24111 -13815 3022
-16318 656 1962 24504 -14023 2295
-16284 806 1881 24537 -14140 1400
-16282 992 1817 24294 -14139 399
-16313 1268 1634 23904 -14144 -619
-16189 1318 1453 23204 -14133 -1916
-16181 1414 1357 22508 -13993 -3010
-16112 1520 1241 21817 -13901 -4092
-16101 1597 1156 21120 -13741 -5208
-15889 1698 990 20578 -13474 -6412
-15742 1754 1029 20170 -13109 -7573
-15493 1846 917 19811 -12680 -8760
-15292 1970 930 19466 -12157 -9961
-15116 2066 916 19261 -11580 -11264
-15138 2080 838 19195 -10989 -12527
-15292 2188 854 19346 -10371 -13818
-15400 2380 813 19576 -9825 -15104
-15657 2709 681 19874 -9324 -16379
-15920 2896 660 20100 -8925 -17602
-16310 3290 624 20225 -8629 -18672
-16644 3592 482 20185 -8333 -19691
-17113 3838 501 19946 -8129 -20537
-17474 4126 522 19635 -7839 -21300
-17901 4453 472 19154 -7536 -21799
-18180 4682 578 18496 -7188 -22249
-18561 4981 600 17708 -6862 -22519
-18857 5122 552 16810 -6461 -22715
-19126 5260 516 15916 -6034 -22749
-19282 5313 565 15040 -5546 -22546
-19316 5449 616 14129 -4897 -22252
-19232 5593 708 13117 -4118 -21831
-19121 5833 926 12001 -3141 -21313
-18860 6045 1244 10659 -1843 -20671
-18756 6142 1517 9357 -470 -20043
-18774 6166 1753 8282 891 -19391
-18685 6074 1981 7537 2247 -18868
-18562 6012 2260 7141 3484 -18450
-18546 5986 2504 7070 4507 -17990
-18425 5920 2740 7169 5295 -17492
-18352 5996 2970 7305 6007 -16995
-18320 5998 3201 7496 6521 -16528
-18460 5865 3378 7828 6877 -15998
-18516 5852 3670 8212 7165 -15446
-18693 5749 3934 8573 7379 -14864
-19042 5601 4140 8933 7571 -14396
-19469 5525 4434 9333 7629 -13857
-19652 5642 4778 9618 7787 -13334
-19782 5764 5242 9617 8028 -12851
-19825 5700 5454 9602 8335 -12412
-19840 5726 5789 9684 8592 -12096
-19630 5749 6040 9943 8919 -11815
-19385 5894 6253 10307 9244 -11542
-19290 6185 6446 10567 9582 -11157
-19077 6472 6625 10578 9908 -10743
-19104 6728 6900 10315 10261 -10252
-18972 7068 7042 9687 10487 -9588
-18537 7598 7205 8792 10619 -8794
-18048 8038 7264 7716 10614 -7736
-17465 8561 7248 6318 10451 -6627
-16480 8865 7341 4560 10213 -5343
-15866 8904 7348 3025 9820 -3989
-15530 8746 7253 1730 9211 -2450
-15342 8621 7177 540 8253 -854
-15434 8226 7113 -325 7178 847
-15662 7968 7025 -1214 5850 2430
-16122 7501 7064 -1895 4319 4001
-16632 6961 6989 -2177 2473 5422
-17192 6318 6742 -2088 439 6707
-17758 5681 6502 -1609 -1882 7856
-18230 5205 6098 -829 -4248 8904
-18598 4802 5650 70 -6557 9788
-18913 4573 5224 849 -8822 10544
-18977 4400 4644 1378 -10869 11311
-18936 4288 4218 1522 -12666 12181
-18798 4129 3837 1665 -14037 13043
-18653 3998 3597 1808 -14858 13808
-18396 3820 3397 2044 -15069 14489
-18132 3746 3198 2492 -14756 15020
-17698 3724 3234 2919 -13941 15532
-17197 3705 3261 3408 -12560 15845
-16864 3713 3296 3754 -10926 16140
-16525 3746 3357 3898 -9094 16359
-16285 3710 3341 3894 -7173 16563
-16241 3633 3396 3690 -5212 16761
-16440 3592 3374 3316 -3424 16928
-16670 3481 3414 2773 -1871 16935
-16868 3393 3510 2065 -669 16876
-17156 3338 3462 1188 220 16652
-17470 3282 3600 160 898 16354
-17632 3174 3601 -881 1315 16074
-17542 3008 3682 -1904 1621 15701
-17361 2837 3670 -2614 1826 15348
-17013 2605 3688 -3036 2024 15008
-16796 2489 3753 -3177 2323 14723
-16385 2464 3737 -3121 2602 14459
-15946 2386 3750 -3095 2968 14116
-15662 2498 3861 -3245 3359 13740
-15476 2469 3944 -3606 3721 13305
-15286 2430 4052 -4148 4124 12818
-15204 2436 4193 -4734 4549 12253
-14976 2437 4254 -5419 5017 11631
-14604 2425 4494 -6135 5552 10961
-14373 2424 4608 -6940 6158 10207
-14289 2409 4840 -7799 6681 9380
-14108 2397 5024 -8597 7202 8593
-13824 2288 5218 -9282 7731 7728
-13661 2192 5362 -9722 8179 6836
-13490 2076 5510 -9926 8581 5889
-13280 1988 5676 -9947 8967 4879
-13192 1889 5772 -9776 9321 3877
-13182 1780 5818 -9339 9416 2840
-13374 1604 5960 -8971 9035 1777
-13714 1653 6092 -8527 7666 1069
-13677 2105 6290 -8292 5416 1226
-13584 2433 6756 -8305 2756 1580
-13377 2862 7218 -8621 238 1833
-13042 3070 7364 -9015 -1326 1103
-12725 2969 7418 -9398 -1928 -158
-12448 2994 7466 -9674 -1535 -1778
-12253 3056 7444 -9958 -95 -3469
-12202 3293 7492 -10318 1927 -5083
-12385 3488 7570 -10687 4289 -6627
-12665 3596 7580 -11178 6786 -8071
-13062 3728 7741 -11802 9353 -9372
-13681 3820 7897 -12303 11536 -10637
-14432 3974 8213 -12801 13288 -11840
-15186 4096 8514 -13332 14601 -13106
-16049 4308 8697 -13755 15424 -14321
-16873 4294 8792 -13976 15898 -15470
-17678 4393 8605 -13863 15951 -16442
-18401 4445 8356 -13432 15689 -17190
-18908 4472 8021 -12592 15007 -17649
-19394 4614 7530 -11577 14007 -17766
-19942 4674 6896 -10441 12590 -17504
-20809 4621 6108 -9180 10965 -16924
-22050 4461 5712 -7871 9183 -16181
-23541 4152 5764 -6207 7455 -15400
-23337 5326 6274 -4437 5553 -15357
-22896 7128 5660 -5683 3372 -15421
-22664 7565 4582 -8624 1179 -14475
-21536 7112 3941 -11706 -1156 -12870
-20332 6137 3817 -13765 -2833 -10651
-18952 5552 3882 -14892 -3604 -7932
-17757 5136 4069 -15083 -2998 -5205
-17014 4570 4517 -10664 -822 -2889
-15596 4548 4736 -9610 1267 -719
-15402 4205 4618 -8057 3568 933
-15461 4436 4570 -7258 4661 1954
-15676 4286 4556 -7466 3969 2417
-15793 3641 4690 -7822 3307 2799
-16078 3701 4978 -7959 2165 2581
-16896 4321 4690 -9491 736 2862
-17160 4828 4178 -12076 -1226 3536