-16012 9336 8634 12326 8374 -12750
-16132 9552 8409 12467 8411 -12570
-16189 9520 8138 12613 8378 -12150
-16278 9488 7846 12421 8365 -11585
-16536 9485 7626 12069 8422 -10618
-16549 9294 7428 11381 8568 -9162
-16642 9224 7508 10775 8660 -7930
-16827 8992 7550 9754 8639 -6563
-17163 8322 7435 8163 8212 -4835
-17186 7705 7493 7322 7672 -3557
-17082 7244 7418 7137 7068 -2666
-16874 6752 7330 7195 6416 -1948
-16586 6458 7283 7319 5642 -1081
-16247 6040 7182 7721 4490 -38
-16110 5776 6914 8143 3566 552
-16092 5521 6736 8507 2373 1095
-15998 5321 6473 8780 1117 1653
-15818 5158 6346 8819 291 2003
-15706 5089 6209 8671 -426 2110
-15602 5075 6004 8387 -968 2027
-15729 4928 5696 7961 -1549 1626
-16073 4856 5371 7443 -1946 1131
-16424 4921 5045 6884 -2126 747
-16630 4888 4872 6441 -2167 485
-16700 5044 4662 6116 -2039 257
-16616 5103 4476 5657 -1806 20
-16492 5278 4350 5362 -1398 -72
-16170 5373 4196 5170 -963 -101
-15798 5520 4160 4970 -454 -130
-15421 5499 3946 4692 108 18
-15280 5558 3688 4529 366 212
-15135 5461 3683 4419 448 406
-15045 5373 3632 4206 490 674
-15024 5348 3616 3928 474 836
-15116 5279 3605 3441 450 895
-15286 5110 3566 2898 368 740
-15418 5050 3541 2430 304 488
-15474 5010 3440 1937 323 157
-15477 5061 3526 1461 437 -154
-15460 5173 3486 793 737 -538
-15386 5262 3532 199 1074 -837
-15411 5284 3636 -301 1347 -1041
-15478 5322 3626 -652 1529 -1233
-15558 5219 3668 -828 1512 -1384
-15734 5174 3652 -994 1355 -1521
-16021 5162 3748 -1124 1113 -1646
-16283 5250 3738 -1339 719 -1771
-16569 5262 3817 -1654 357 -1987
-16775 5331 3875 -1988 125 -2212
-16998 5312 3970 -2131 -11 -2397
-17149 5333 3921 -2003 -116 -2560
-17238 5368 3860 -1691 -219 -2703
-17175 5435 3847 -1141 -409 -2683
-17014 5613 3860 -469 -609 -2553
-16878 5797 3809 -13 -759 -2317
-16580 5922 3892 371 -792 -2048
-16580 6053 3902 621 -774 -1772
-16560 6133 4080 681 -790 -1442
-16573 6104 4209 676 -765 -1188
-16632 6087 4288 592 -875 -984
-16646 6028 4249 508 -1237 -790
-16594 6040 4182 408 -1722 -700
-16552 5952 4018 345 -2115 -686
-16524 5942 3907 404 -2669 -709
-16561 5941 3748 528 -3284 -722
-16509 5909 3509 718 -3825 -777
-16561 5921 3404 947 -4348 -820
-16475 5885 3252 1208 -4852 -868
-16504 5880 3024 1488 -5313 -859
-16574 5870 2927 1672 -5662 -810
-16507 5758 2824 2082 -5847 -673
-16504 5544 2738 2575 -5781 -290
-16538 5462 2604 3050 -5618 1
-16541 5300 2602 3399 -5349 275
-16480 5298 2686 3750 -4898 652
-16410 5237 2872 4011 -4216 960
-16352 5314 2924 4130 -3580 1230
-16268 5301 3078 4051 -2838 1452
-16398 5353 3178 3899 -2099 1630
-16413 5241 3268 3672 -1413 1738
-16408 5229 3313 3425 -752 1831
-16328 5254 3493 3065 -111 1943
-16328 5237 3714 2693 482 2030
-16329 5214 3842 2230 984 2089
-16281 5230 4018 1666 1390 2133
-16198 5288 4329 1039 1740 2205
-16060 5241 4481 270 2026 2340
-16058 5205 4708 -521 2202 2523
-15978 5074 4956 -1283 2255 2668
-15798 4981 5248 -2015 2289 2812
-15669 4853 5492 -2686 2358 2921
-15658 4634 5738 -3224 2425 3026
-15630 4410 5946 -3574 2463 3075
-15714 4028 6026 -3684 2460 3020
-15757 3756 6134 -3514 2310 2908
-15884 3480 6238 -3019 2015 2726
-16045 3245 6200 -2322 1591 2445
-16249 2993 6224 -1581 1075 2078
-16493 2742 6146 -848 504 1663
-16492 2741 6144 -158 -32 1199
-16154 2816 6114 424 -409 706
-15528 3064 6116 824 -545 231
-14876 3277 5970 993 -508 -249
-14273 3449 5909 934 -270 -731
-13836 3682 5868 766 91 -1133
-13606 3736 5777 563 477 -1527
-13494 3757 5937 342 858 -1885
-13516 3758 6033 100 1122 -2344
-13593 3746 5946 -164 1238 -2779
-13852 3762 5950 -337 1226 -3234
-14150 3696 5881 -313 1034 -3674
-14460 3673 5850 -142 727 -4170
-14745 3726 5748 237 306 -4661
-15100 3777 5556 654 -153 -5079
-15322 3989 5348 1002 -551 -5399
-15561 4118 5204 1284 -882 -5634
-15760 4292 4984 1640 -1067 -5795
-15936 4502 4790 1994 -1188 -5940
-16068 4792 4705 2278 -1131 -6019
-16206 5034 4522 2495 -972 -5914
-16257 5220 4421 2648 -728 -5720
-16213 5398 4324 2625 -406 -5404
-16193 5586 4321 2553 -20 -4979
-16204 5726 4418 2365 354 -4506
-16237 5790 4572 1993 718 -4004
-16417 5818 4733 1574 1071 -3467
-16438 5872 4948 1159 1372 -2913
-16492 5828 5018 777 1509 -2403
-16401 5682 5157 448 1543 -1920
-16324 5556 5346 216 1455 -1385
-16289 5372 5369 208 1299 -860
-16316 5177 5496 326 1026 -358
-16218 4937 5506 541 686 124
-16302 4744 5540 903 329 585
-16364 4541 5489 1274 -21 1087
-16268 4428 5458 1652 -362 1497
-16138 4328 5389 1911 -651 1818
-16024 4261 5258 2031 -867 2065
-15848 4196 5132 2082 -954 2300
-15656 4049 5142 2025 -944 2469
-15521 3901 4980 2023 -900 2612
-15316 3778 4877 1956 -791 2638
-15129 3732 4876 1912 -619 2596
-15064 3658 4914 1782 -387 2490
-14989 3604 4930 1540 -126 2327
-14974 3574 4985 1208 174 2098
-15017 3432 5065 893 450 1810
-15085 3292 5090 691 701 1482
-15100 3210 5198 565 907 1143
-15168 3206 5290 548 1069 789
-15222 3218 5297 524 1205 445
-15280 3266 5378 533 1300 156
-15280 3333 5506 539 1384 -84
-15354 3398 5512 561 1472 -235
-15421 3526 5528 570 1535 -351
-15420 3570 5557 662 1509 -444
-15377 3640 5592 731 1504 -445
-15365 3673 5536 797 1472 -462
-15325 3770 5561 802 1486 -452
-15325 3776 5614 732 1491 -448
-15238 3826 5629 650 1580 -438
-15242 3880 5602 543 1699 -470
-15200 3913 5658 395 1820 -502
-15142 3957 5685 213 1937 -515
-15120 3997 5748 15 2018 -527
-15070 4034 5836 -204 2127 -526
-15072 4060 5852 -402 2201 -526
-15093 4044 5961 -598 2261 -536
-15202 4029 5936 -688 2248 -533
-15276 4033 6009 -750 2208 -556
-15410 4005 6001 -838 2167 -540
-15484 4041 6076 -865 2154 -570
-15573 4060 6080 -895 2179 -612
-15693 4052 6152 -1008 2161 -640
-15717 4112 6114 -1074 2151 -668
-15818 4148 6177 -1202 2174 -701
-15916 4169 6154 -1264 2141 -702
-16010 4148 6192 -1310 2088 -727
-16210 4169 6213 -1340 2025 -738
-16524 4184 6153 -1319 1886 -739
-16630 4214 6118 -1414 1665 -760
-16802 4174 6096 -1461 1449 -689
-16754 4286 6040 -1418 1296 -561
-16573 4384 5860 -1317 1200 -407
-16417 4393 5705 -1121 1095 -223
-16396 4434 5560 -771 971 -19
-16345 4380 5364 -397 811 250
-16310 4380 5208 -53 644 551
-16257 4365 5148 172 505 784
-16269 4361 5018 312 342 972
-16210 4285 4920 333 223 1048
-16218 4296 4726 345 163 1079
-16200 4328 4780 240 69 1134
-16112 4374 4672 63 157 1125
-16090 4358 4588 -74 216 1144
-16049 4266 4525 -143 236 1133
-16022 4288 4482 -114 233 1129
-16060 4214 4440 -10 161 1179
-16069 4225 4370 109 76 1207
-16133 4226 4300 223 -40 1238