-16022 4856 3384 11654 3675 -8868
-15891 4997 3562 11681 3868 -8989
-15808 5004 3876 11870 4060 -9137
-15830 5073 4049 12095 4026 -9300
-15858 5181 4122 12322 3792 -9442
-16010 5333 4278 12474 3519 -9524
-16170 5483 4379 12620 3009 -9529
-16230 5569 4472 12689 2427 -9356
-16255 5660 4500 12717 1951 -9114
-16257 5652 4408 12738 1427 -8803
-16417 5573 4264 12709 949 -8654
-16653 5562 4236 12517 626 -8677
-16828 5640 4337 12162 516 -8722
-16996 5704 4472 11737 590 -8802
-17196 5662 4528 11337 721 -8892
-17554 5677 4694 10998 770 -8970
-17824 5634 4841 10946 919 -9058
-18040 5714 5040 11548 888 -9034
-18272 5792 5238 12133 940 -8986
-19024 5789 5342 12816 1006 -8879
-20020 5594 5312 13564 989 -8795
-20753 5669 5516 14240 871 -8625
-20863 6343 5639 14500 664 -8259
-20002 6996 5427 14288 747 -7489
-18629 7840 5198 13598 1040 -6539
-16825 8674 5033 12153 1561 -5059
-15092 9254 4996 10182 2263 -3271
-14210 9559 5122 8212 2801 -1556
-13573 9649 5277 5674 3146 -59
-13360 9601 5630 2475 3224 1355
-13458 9510 5810 -381 3151 2375
-13626 9204 6009 -2554 2976 3168
-13967 8818 6215 -5118 2559 4164
-14519 8434 6301 -7118 2059 5261
-14912 8090 6360 -8199 1671 6135
-15234 7460 6286 -8609 1233 7044
-15544 6719 6069 -8239 673 8189
-15740 6081 5694 -7239 140 9084
-15856 5726 5333 -6205 -233 9792
-16027 5444 4756 -5120 -650 10534
-16168 5334 4143 -4868 -860 11097
-16388 5229 3662 -5647 -816 11508
-16690 5052 3318 -6726 -729 11741
-17053 4911 3117 -8245 -445 11914
-17329 4705 2782 -10256 37 11930
-17493 4580 2754 -11756 535 11837
-17611 4372 2626 -13767 1354 11607
-17582 4218 2585 -15518 2277 11407
-17489 4034 2513 -16458 3002 11282
-17385 3860 2581 -17080 3637 11180
-17181 3698 2630 -17373 4160 11169
-16991 3523 2663 -17395 4591 11163
-16782 3336 2790 -17213 4722 11067
-16550 3204 2813 -17010 4641 10873
-16306 3108 2858 -16670 4524 10622
-16134 2898 2815 -16192 4357 10228
-15940 2781 2721 -15607 4219 9712
-15839 2637 2785 -14989 4216 9104
-15682 2572 2780 -14368 4350 8458
-15569 2596 2801 -13866 4538 7698
-15436 2668 2845 -13489 4795 6940
-15356 2665 2897 -13317 5036 6250
-15337 2798 2870 -13222 5255 5541
-15284 2994 2900 -13286 5460 4943
-15470 3204 3012 -13633 5686 4079
-15727 3400 3242 -14299 5839 3010
-15972 3568 3492 -15226 5973 2150
-16170 3742 3706 -16031 6046 1431
-16168 3846 3758 -16609 6074 840
-16329 4014 3843 -17269 6090 106
-16380 4145 3938 -18084 6108 -558
-16365 4422 4078 -19120 6225 -1155
-16336 4856 4242 -20892 6434 -1728
-16304 5116 4425 -22716 6543 -2021
-16413 5286 4481 -24167 6476 -2115
-16530 5316 4633 -25614 6387 -2143
-17632 4322 5382 -25866 6225 -1153
-16348 3230 7406 -21294 5948 -1410
-16910 5402 7876 -17050 4931 -2206
-17392 7230 6934 -16711 3651 -1745
-17605 6968 6461 -17386 2389 -2057
-17788 7471 5682 -19735 349 -2243
-17782 6760 4968 -23315 -1404 -1850
-17812 5965 4403 -25626 -2618 -1555
-17924 5712 3861 -26313 -2806 -1492
-17946 5744 3398 -26817 -2385 -1069
-17858 5753 3038 -27320 -1840 -552
-17726 5398 2978 -27561 -1444 25
-17629 5108 2974 -27116 -1120 701
-17607 5242 3230 -25683 -966 1494
-17580 5232 3404 -24101 -1157 2030
-17478 5380 3262 -22799 -1436 2635
-17300 5557 2845 -22015 -2126 3679
-16923 5380 2547 -22169 -3250 4637
-16472 5124 2434 -22519 -4093 5201
-16157 4880 2264 -22657 -4624 5512
-15972 4725 2114 -22585 -4821 5729
-15858 4586 1910 -22449 -4891 5797
-15920 4396 1818 -22326 -4964 5746
-15945 4139 1720 -22293 -5098 5567
-16072 3832 1667 -22274 -5389 5171
-16072 3736 1584 -22071 -5567 4773
-16091 3673 1599 -21596 -5656 4248
-16136 3620 1524 -21026 -5681 3761
-16098 3720 1632 -20175 -5718 3229
-16180 3864 1588 -19036 -5825 2710
-16146 4016 1473 -18271 -5943 2508
-16138 4108 1444 -17422 -6132 2260
-16417 4190 1464 -15976 -6331 2022
-17008 4173 1352 -14389 -6528 1690
-17412 4193 1245 -13140 -6656 1421
-17676 4381 1096 -11978 -6791 1256
-17757 4552 969 -11128 -6863 1124
-17776 4842 813 -10475 -6914 1098
-17773 5104 597 -10119 -6877 1166
-17796 5260 438 -9875 -6748 1363
-17849 5418 369 -9774 -6526 1613
-18016 5598 317 -9831 -6248 1895
-18274 5672 254 -10039 -5923 2311
-18325 5958 250 -10428 -5528 2764
-18385 6198 289 -11019 -5023 3391
-18436 6361 354 -11692 -4445 4102
-18477 6441 409 -12382 -3803 4886
-18626 6420 502 -12958 -3176 5769
-18766 6366 766 -13360 -2601 6789
-18869 6404 834 -13445 -2078 7776
-18918 6521 945 -13248 -1601 8614
-18932 6489 1073 -12775 -1202 9446
-18978 6566 1186 -11962 -859 10478
-19014 6576 1345 -10996 -528 11732
-18984 6389 1386 -9911 -238 13112
-18976 6242 1433 -8770 62 14590
-18985 6056 1445 -7821 360 15935
-18817 5808 1493 -7089 596 16963
-18772 5425 1524 -6558 824 17775
-18658 5200 1600 -6303 1066 18283
-18636 4877 1648 -6148 1347 18640
-18585 4548 1700 -6038 1683 18752
-18388 4254 1746 -5926 2041 18626
-18146 4024 1852 -5846 2387 18262
-17848 3830 1856 -5732 2705 17741
-17604 3729 1932 -5608 3024 17123
-17369 3601 1998 -5475 3284 16420
-17178 3550 2017 -5394 3538 15670
-17065 3424 2134 -5314 3712 14928
-16996 3445 2148 -5268 3837 14164
-16866 3361 2122 -5265 3903 13383
-16758 3312 2188 -5313 3948 12606
-16685 3248 2198 -5364 3973 11751
-16641 3236 2252 -5423 4052 10920
-16476 3298 2274 -5494 4163 10115
-16130 3397 2266 -5551 4343 9434
-15953 3548 2273 -5789 4499 8739
-16105 3600 2454 -6192 4736 8090
-16673 3685 2590 -6726 5062 7429
-17330 3820 2988 -7513 5492 6804
-17740 4020 3420 -8564 6096 6509
-17804 4400 3762 -9869 6820 6545
-17429 4661 4245 -11374 7447 6890
-17010 4870 4580 -12866 7959 7374
-16412 4634 4933 -13841 8261 7852
-15898 4334 5233 -14048 8501 8307
-15637 4121 5649 -13652 8613 8716
-15532 4012 6261 -13200 8691 9154
-15670 4058 6725 -12922 8768 9628
-15678 4061 7290 -13075 8742 9999
-15694 4149 7684 -13481 8582 10087
-15744 3901 7957 -13940 8340 9826
-15636 3530 8097 -13949 7891 9197
-15568 3188 7996 -13449 7301 8272
-15374 2952 7865 -12567 6601 7097
-15132 2882 7684 -11479 5817 5823
-14853 2972 7484 -10610 5085 4503
-14684 3209 7322 -10168 4389 3238
-14546 3421 7246 -10143 3809 2146
-14454 3598 7108 -10270 3456 1427
-14411 3698 6974 -10545 3174 777
-14465 3721 6828 -10655 2977 85
-14565 3617 6732 -10502 2890 -514
-14688 3597 6693 -10079 2878 -1198
-14810 3594 6677 -9653 2897 -1867
-14922 3738 6656 -9282 3010 -2560
-15145 3906 6532 -8957 3096 -3223
-15385 4008 6489 -8682 3091 -3809
-15586 4156 6334 -8444 2907 -4290
-15937 4137 6096 -8105 2669 -4671
-16260 4221 5960 -7742 2317 -4906
-16393 4265 5800 -7339 2077 -5048
-16580 4518 5762 -7035 1934 -5069
-16600 4665 5753 -6954 1979 -5021
-16604 4910 5640 -7071 2166 -4910
-16541 5081 5616 -7252 2478 -4715
-16390 5197 5669 -7541 2939 -4470
-16358 5286 5656 -7819 3395 -4169
-16240 5276 5756 -8013 3810 -3802
-16006 5316 5822 -8142 4121 -3420
-16016 5346 5980 -8211 4346 -2988
-15960 5417 6162 -8300 4477 -2584
-16000 5390 6369 -8359 4521 -2164
-16025 5301 6482 -8289 4367 -1796