5541 7338 -2810 4604 13700 13410
5509 6733 -2305 3688 14636 11477
5437 6214 -1808 3121 15353 9348
5421 5961 -1309 2739 15995 7284
5188 5740 -712 2532 16313 5297
4933 5680 -270 2480 16311 3481
4888 5629 70 2376 16192 1674
4685 5556 392 2318 16063 -61
4337 5930 792 2269 15896 -1683
4253 6028 1261 2207 15731 -3173
4192 6177 1546 2368 15610 -4610
4076 6174 1933 2794 15487 -6006
4052 6405 2250 3152 15298 -7282
4124 6856 2804 3197 15163 -8401
4002 7253 3370 3116 14749 -9626
3734 8058 3997 2488 14167 -10890
3606 9198 4549 1294 13547 -12035
3389 9850 5034 208 12780 -13395
3090 10384 5484 -429 11780 -14835
3029 10338 5633 -172 10489 -16147
2958 10169 5976 1364 8991 -17290
2782 10846 6177 3321 7451 -18179
3325 11361 6725 5229 6273 -18700
3328 12270 6852 7093 5505 -19362
3004 12600 6856 8774 4645 -20209
2630 13054 6786 10176 3612 -21060
1726 13561 6454 11169 2426 -22004
1006 14418 6746 11268 1380 -22950
617 15676 7081 10244 678 -23772
-218 16821 7349 9124 12 -24681
-921 17385 7192 8201 -780 -25620
-1225 17250 6997 8027 -1406 -26321
-1709 17290 6756 9065 -2198 -26858
-2166 16586 6386 11034 -3304 -27124
-2838 16630 5742 12866 -4638 -27134
-3980 17880 5132 13248 -6252 -27189
-4780 18961 4617 11926 -7836 -27403
-5437 19925 4281 8596 -9065 -27797
-5784 19537 4148 5140 -9624 -28145
-6732 19525 3758 2879 -9562 -29128
-7378 18877 3596 1184 -9427 -29795
-7576 17430 3617 509 -9316 -29946
-8210 16230 3589 912 -9309 -29812
-9140 15585 3560 1560 -9735 -29589
-10101 15305 3248 1973 -10410 -29818
-11933 16358 2666 1712 -11470 -30760
-12692 16116 2161 495 -12591 -31762
-13368 15577 1612 -390 -13054 -32554
-14525 15809 1088 -472 -12935 -32768
-15049 15181 788 -3 -12449 -32768
-15074 13976 661 783 -11395 -32768
-15730 13237 581 1969 -10521 -32768
-16493 12580 612 3183 -10003 -32768
-18036 13028 289 3843 -9973 -32768
-19712 13738 -105 3045 -10345 -32768
-21109 14188 -454 1235 -10896 -32768
-21986 13936 -556 -920 -11416 -32768
-22612 13425 -466 -2682 -11760 -32768
-23064 12674 -301 -3938 -11830 -32768
-23502 12025 -193 -4380 -11656 -32768
-23698 10921 45 -4005 -11270 -32768
-24050 9866 181 -2450 -10631 -32768
-24388 9146 421 -243 -9846 -32498
-24782 8757 544 2158 -9050 -31984
-25268 8600 653 4485 -8285 -31562
-25648 8641 645 6370 -7590 -31257
-25925 8992 664 7712 -6978 -30843
-26080 9396 734 8519 -6415 -30166
-26001 9793 696 8976 -5854 -28973
-25633 10069 606 9282 -5498 -27734
-25153 10333 400 9542 -5280 -26261
-24548 10545 292 9826 -5168 -24537
-23845 10560 185 10223 -5041 -22537
-23104 10664 157 10678 -4809 -20369
-22342 10600 308 11090 -4504 -18171
-21532 10382 337 11432 -4141 -15983
-20941 10024 469 11812 -3727 -13786
-20284 9444 561 12233 -3301 -11636
-19626 8890 705 12692 -2865 -9716
-19028 8348 742 13263 -2421 -8021
-18500 7857 869 13960 -2017 -6645
-18122 7498 860 14575 -1760 -5557
-17842 7173 917 14924 -1532 -4728
-17641 6960 944 15036 -1422 -4091
-17590 6669 956 14899 -1394 -3633
-17772 6437 917 14534 -1396 -3379
-17933 6158 992 13989 -1464 -3275
-18088 5978 1052 13322 -1513 -3287
-18014 5901 1141 12612 -1531 -3483
-17924 5809 1172 11966 -1522 -3880
-17753 5864 1076 11484 -1490 -4439
-17353 5964 984 11138 -1312 -5036
-16981 6076 849 11072 -938 -5502
-16442 6278 856 11059 -430 -5713
-15853 6536 913 11182 306 -5735
-15424 6610 892 11409 1230 -5578
-15112 6810 925 11656 2232 -5156
-14736 7018 988 11851 3251 -4553
-14478 6996 1109 12070 4301 -3795
-14446 6910 1320 12189 5381 -2964
-14513 6909 1665 12130 6429 -1980
-14657 6833 1889 11891 7350 -963
-14737 6604 2341 11551 8215 -62
-14708 6388 2805 11269 9074 611
-14877 6292 3377 10871 9868 1139
-15118 6041 3940 10536 10562 1450
-15521 5838 4381 10272 11162 1545
-15952 5844 4961 9822 11550 1587
-16372 5765 5401 9219 11654 1690
-16700 5414 5724 8941 11431 1713
-17117 5270 5793 8562 10857 1915
-17357 5078 5882 7989 10184 2143
-17385 4982 5912 7254 9565 2572
-17554 5146 5890 6089 8883 3185
-17874 6066 6133 2773 8055 4021
-17749 4942 6850 524 6627 3660
-17858 5062 7602 -2250 4371 3236
-18204 5182 8012 -5067 1443 2582
-17462 4856 8786 -6058 -332 3125
-17405 2982 11733 -5580 -2299 4326
-16416 -154 12796 -3052 -4139 4283
-16441 690 11985 -515 -4763 4203
-16241 1281 10890 -110 -5085 4793
-16144 1349 9629 -876 -5142 5165
-16420 1634 8378 -2152 -5108 5420
-16093 1701 7308 -3226 -5153 4928
-15910 2006 6410 -4407 -5408 4302
-15608 2584 5605 -5689 -5525 3821
-15812 2920 4917 -5770 -5263 3741
-15661 3037 4517 -4910 -4807 3591
-15882 3570 3970 -3748 -3701 3080
-16190 3396 3580 -2114 -2230 2238
-15964 3586 3705 -752 -940 1252
-16005 3618 3937 219 -178 687
-15952 3925 3972 600 -17 293
-16014 3917 3898 546 -132 149
-16117 4116 3792 648 -337 242
-15986 4233 3556 749 -735 323
-15841 4376 3397 641 -1138 337
-15893 4497 3220 423 -1550 345
-15880 4434 3053 227 -1861 411
-15905 4356 3022 70 -2025 493
-15904 4365 2980 -135 -2050 569
-15862 4253 2952 -299 -1973 669
-15892 4138 3013 -300 -1694 787
-15846 4052 3081 -201 -1267 870
-15910 3942 3050 -80 -756 919
-15869 3777 3200 67 -78 988
-15870 3616 3280 304 571 1051
-15864 3456 3480 552 1049 1022
-15888 3353 3716 906 1320 820
-15645 3224 3930 1368 1712 592
-15592 3262 4674 1936 1811 355
-15504 2860 5740 2133 1678 92
-15260 1620 8178 3202 626 -308
-15249 1043 9841 4749 -1108 -1403
-15058 1217 9295 6458 -1766 -2495
-15024 1766 8220 7225 -1464 -3426
-15317 2336 7052 6782 -841 -3924
-15500 2664 6044 5658 -542 -4293
-15917 2940 5358 4600 -526 -4537
-16418 3282 4860 3546 -625 -4693
-16816 3634 4577 2590 -650 -4760
-17146 3790 4466 1872 -717 -4670
-17396 4118 4374 717 -917 -4376
-17410 4237 4408 -885 -1428 -3860
-17270 4065 4578 -1655 -1793 -3583
-17092 3894 4606 -1561 -1781 -3250
-17030 3592 4812 -812 -1621 -3019
-16884 3196 4808 717 -1428 -2909
-16757 2838 4818 2623 -1208 -2891
-16726 2801 4760 4673 -990 -2709
-16648 2850 4648 6191 -841 -2514
-16399 2896 4460 7846 -660 -2305
-16270 2930 4174 9143 -596 -2217
-16285 2945 4009 10011 -631 -2185
-16320 2879 3823 10894 -774 -2156
-16205 2920 3720 11608 -916 -2344
-16038 2858 3714 12177 -1017 -2585
-15798 2862 3806 12723 -1023 -2893
-15550 2979 3983 13582 -885 -3331
-15380 3148 4197 14765 -573 -3772
-15354 3301 4302 16017 -231 -4055
-15297 3609 4638 17529 -188 -4228
-15352 4050 4805 18822 -373 -4253
-15514 4412 5246 19716 -868 -4203
-15656 4866 5414 20380 -1767 -3936
-15733 5368 5485 20382 -3050 -3569
-15769 5574 5428 19832 -3969 -3359
-15665 5644 5394 18994 -4626 -3186
-15433 5717 5293 17944 -4885 -3122
-15210 5850 5182 16725 -4870 -3044
-15018 5872 5218 15698 -4647 -3009
-14920 5877 5340 14797 -4408 -2989
-14996 5964 5345 14182 -4110 -2944
-15001 5909 5310 13437 -3871 -2943
-15169 6022 5439 12016 -3736 -3077
-15134 5870 5568 10662 -3723 -2951
-15059 5759 5473 9763 -3683 -2672
-14824 5543 5308 8814 -3400 -2507