-16772 5273 2147 8426 3044 -9025
-16693 5392 2290 7790 3404 -9105
-16662 5548 2482 7183 3673 -9157
-16577 5676 2536 6712 3817 -9144
-16588 5748 2672 6318 3948 -9099
-16534 5838 2794 5884 4036 -9010
-16556 5890 2930 5554 4116 -8870
-16530 5985 3037 5291 4175 -8642
-16497 6034 3116 5093 4239 -8338
-16509 6100 3176 4931 4287 -8090
-16478 6098 3282 4843 4306 -7815
-16448 6080 3392 4794 4308 -7439
-16554 5258 3973 5758 4191 -7036
-16272 5925 4145 8399 4536 -7191
-16354 5932 4292 9187 4881 -6712
-16670 6303 4118 9866 4952 -6459
-16362 5706 4132 9667 4806 -6036
-16944 6126 3894 9461 3564 -5662
-16722 5819 4075 10170 3335 -5280
-17365 6308 4254 10831 3029 -5297
-17209 5724 4138 11528 3648 -5137
-17320 5686 4450 12350 3831 -5107
-17768 4985 4714 13058 3853 -5303
-19132 5618 5534 14538 2521 -4395
-18224 5948 6472 16957 1529 -4795
-19471 6829 6303 16495 1105 -4185
-19745 7761 6400 14857 -144 -3089
-19637 7330 6094 11912 -639 -2085
-19692 6501 6133 8968 -1837 -1055
-19323 5849 6211 6472 -3248 123
-18222 5044 6265 4176 -4015 1022
-17129 4220 6565 2815 -4130 2090
-15889 3956 6549 2085 -3729 2331
-15512 4102 6198 526 -3435 2576
-15248 4060 6042 -729 -2872 3405
-14365 4172 5952 -2638 -2019 4115
-13968 3958 5842 -4722 -1136 4769
-13886 3645 5880 -6751 -655 5208
-13734 3866 5997 -7020 337 5226
-14561 4493 5788 -9282 -247 5675
-14188 3365 5973 -10383 130 5914
-14625 4120 5786 -11730 -457 5161
-15026 3485 5586 -13165 -654 5132
-15724 3524 5617 -14555 -1533 5192
-15626 2484 5580 -14916 -2024 4791
-16222 2008 5710 -14321 -2585 4611
-16318 2169 5833 -12122 -3188 4044
-16716 2656 5725 -8144 -3578 3881
-16524 3380 5392 -3141 -3400 4241
-16676 4360 5230 -60 -3163 4703
-16798 4730 5077 1817 -3146 5536
-16578 4762 4634 2560 -3378 6332
-16568 4914 4376 2203 -3645 6973
-16366 4881 4158 1209 -3988 7401
-16186 4958 3965 12 -4304 7636
-16066 4854 3825 -1005 -4572 7779
-15993 4748 3694 -1728 -4707 7863
-16078 4600 3492 -2284 -4838 7860
-16226 4509 3289 -2862 -4958 7835
-16450 4402 3160 -3459 -5119 7746
-16652 4269 3001 -4128 -5277 7694
-16770 4145 2926 -4685 -5289 7624
-16792 4096 2766 -5043 -5152 7431
-16841 4025 2698 -5134 -4818 7105
-16812 4129 2681 -4989 -4300 6812
-16726 4217 2537 -4915 -3738 6554
-16682 4309 2402 -4910 -3125 6371
-16613 4418 2320 -5036 -2539 6268
-16502 4480 2196 -5260 -1926 6269
-16369 4638 2110 -5541 -1347 6374
-16193 4694 2024 -5905 -750 6476
-16056 4685 1949 -6334 -183 6617
-15849 4630 1889 -6847 367 6720
-15777 4561 1901 -7405 903 6819
-15713 4549 1872 -8105 1412 6896
-15598 4577 1797 -9018 1900 6939
-15612 4553 1802 -10057 2350 6977
-15598 4386 1918 -11245 2670 6932
-15769 4161 2165 -12694 2607 6734
-15986 3937 2165 -14132 2077 6523
-16150 3661 2038 -15339 1508 6250
-16449 3520 1986 -16178 768 6033
-16308 4265 2104 -17577 437 5959
-15504 3706 2629 -17974 754 5170
-15324 4462 3561 -19018 1860 4730
-14789 5696 4442 -20967 3584 4226
-14166 5760 5548 -23544 6600 3623
-14498 5241 6514 -24977 9469 3141
-14877 4676 7028 -25006 12031 3157
-14792 2717 8726 -22104 13528 2603
-15606 2210 10156 -18211 13328 2366
-16232 2429 10542 -15736 11326 2957
-16509 2576 10118 -15200 8471 3918
-16894 2568 10021 -15655 5333 4743
-16837 3017 9572 -16520 2130 5195
-16524 2893 8925 -17507 -518 5106
-15933 2710 8129 -17880 -2276 4614
-15225 2829 7205 -17486 -3052 3952
-14730 3094 6232 -16462 -3015 3004
-14370 3564 5497 -15053 -2293 2139
-14196 4002 4698 -13879 -1325 1517
-14077 4478 4025 -13183 -179 1225
-14216 5077 3594 -13354 1003 1519
-14374 5166 3154 -14332 2157 2243
-14374 4674 3136 -14573 3289 2748
-14641 4508 3124 -14232 3995 3028
-14876 4213 3341 -13324 4567 3158
-15125 4129 3357 -12200 4943 2971
-15636 4092 3570 -11151 5099 2597
-16384 4224 3732 -10603 5098 2240
-17249 4280 4021 -10698 5089 2004
-17770 4638 4484 -11279 5304 1869
-17864 4961 4821 -12097 5588 1713
-17809 4965 5248 -12694 5842 1581
-17576 4673 5917 -12432 6077 1396
-17313 4153 6516 -10998 6167 1309
-17060 4129 7037 -9107 5459 1452
-16925 3816 7346 -7237 4132 2084
-16690 3576 7405 -6446 2492 2728
-16638 3212 7641 -6500 839 3473
-16905 2802 7826 -6841 -867 4436
-16761 2394 7750 -7338 -2230 4975
-16753 2104 7466 -7795 -3266 4892
-16765 1934 6813 -8206 -3763 4584
-16858 1862 6093 -8211 -3703 4197
-16941 2101 5273 -8120 -3250 3808
-17029 2502 4728 -7987 -2550 3273
-17106 3089 4328 -7821 -1742 3009
-17232 3702 4101 -7674 -985 3111
-17186 3842 4114 -7397 -445 3570
-16921 3568 4102 -6908 -23 3985
-16824 3485 3913 -6248 237 4278
-16601 3457 3904 -5575 466 4355
-16542 3560 3836 -5082 480 4445
-16281 3356 3841 -4572 376 4484
-16156 3254 3892 -3833 247 4609
-16024 3172 3969 -2964 118 4743
-15984 3137 3840 -2338 -99 4740
-15922 3189 3708 -2247 -343 4626
-15848 3293 3584 -2547 -587 4638
-15633 3336 3521 -3097 -688 4685
-15345 3262 3512 -3534 -592 4597
-15189 3212 3538 -3783 -425 4347
-15082 3122 3550 -3633 -96 3961
-15192 2985 3586 -3300 280 3733
-15309 2940 3665 -2925 594 3546
-15497 2926 3714 -2736 744 3430
-15709 2876 3736 -2732 687 3314
-16000 2878 3853 -2785 537 3245
-16126 2737 3884 -2856 346 3138
-16170 2729 3778 -2785 194 2974
-16305 2701 3686 -2637 -34 2751
-16128 2276 3668 -2606 -210 2458
-16250 2889 3510 -1897 7 2289
-15985 2226 3241 -1395 -273 2111
-16096 2252 2953 -1067 -456 1827
-15912 2449 2738 -1192 -861 1728
-15572 2866 2765 -1391 -661 1688
-15488 2985 2697 -1213 -246 1607
-14749 2348 2828 -1273 378 1186
-14962 2768 3024 -133 1926 622
-14565 2638 3164 1230 3201 120
-14870 2782 3206 2920 4391 -434
-14836 3077 3394 3758 5080 -1196
-15316 3338 3485 4292 5399 -1777
-15498 3674 3538 4467 5321 -2002
-15758 4013 3524 3960 4855 -2083
-15864 4310 3569 3017 4185 -2266
-16150 4518 3438 1824 3346 -2386
-16349 4564 3502 515 2564 -2349
-16501 4569 3577 -693 1965 -2284
-16581 4345 3622 -1586 1529 -2372
-16758 4109 3624 -1974 1322 -2543
-16944 4020 3618 -1828 1344 -2779
-17141 3950 3582 -1294 1491 -2950
-17285 3872 3649 -645 1714 -3116
-17376 3950 3602 61 1878 -3257
-17464 4054 3586 708 1963 -3312
-17489 4209 3545 1274 1981 -3279
-17376 4377 3428 1670 1921 -3215
-17284 4492 3317 1940 1868 -3089
-17145 4606 3173 2120 1791 -2924
-16930 4750 3273 2166 1730 -2724
-16869 4742 3178 2124 1705 -2517
-16725 4705 3134 1979 1692 -2361
-16564 4674 3162 1759 1717 -2233
-16520 4605 3069 1533 1767 -2232
-16470 4537 3045 1249 1821 -2285
-16453 4528 3106 920 1875 -2373
-16417 4545 3117 533 1900 -2467
-16322 4542 3194 134 1911 -2552
-16294 4528 3189 -298 1900 -2645
-16302 4534 3281 -728 1870 -2763
-16349 4516 3305 -1116 1858 -2885
-16385 4546 3405 -1425 1829 -3044
-16481 4478 3449 -1627 1819 -3174
-16520 4524 3477 -1717 1777 -3285
-16596 4540 3561 -1715 1710 -3354
-16612 4536 3544 -1615 1673 -3430
-16684 4565 3600 -1441 1598 -3490