-15318 1880 5886 -817 -25 574
-15074 1952 5692 995 -138 481
-14968 2144 5457 2561 -34 391
-15024 2573 5136 3654 196 347
-15196 2828 4853 4261 465 295
-15386 3081 4542 4535 695 256
-15530 3206 4426 4548 815 178
-15696 3301 4198 4538 896 178
-15870 3392 4160 4421 981 139
-15977 3428 4200 4277 1084 68
-16202 3541 4236 4111 1092 -21
-16265 3485 4289 3986 1149 -108
-16381 3610 4286 3950 1210 -143
-16340 3762 4256 3923 1335 -51
-16272 3908 4216 3803 1373 35
-16248 3969 4249 3549 1443 183
-16232 4018 4253 3261 1422 267
-16112 4045 4249 2921 1408 412
-16049 4106 4281 2479 1297 533
-16020 4106 4340 2019 1109 609
-15986 4040 4378 1592 930 660
-15925 4038 4390 1271 732 703
-15917 3970 4430 961 579 735
-15937 3866 4414 771 468 751
-15984 3748 4468 707 431 819
-15981 3636 4546 762 429 816
-16060 3485 4604 873 446 839
-16113 3430 4648 1053 464 823
-16145 3317 4668 1311 422 809
-16234 3248 4637 1526 319 789
-16314 3162 4608 1714 119 702
-16342 3210 4560 1872 -179 621
-16400 3177 4485 1910 -510 537
-16364 3241 4325 1893 -872 446
-16317 3229 4292 1915 -1174 381
-16301 3288 4093 1959 -1376 336
-16165 3236 3994 2016 -1441 272
-16158 3220 3852 2143 -1467 239
-16078 3238 3796 2199 -1382 187
-16112 3245 3654 2232 -1226 142
-16110 3233 3657 2198 -1064 128
-16082 3201 3684 2092 -893 77
-16161 3225 3698 1966 -726 46
-16190 3156 3809 1844 -567 -7
-16224 3082 3798 1735 -422 -55
-16233 3093 3810 1621 -354 -125
-16281 3088 3874 1553 -319 -189
-16220 3113 3956 1504 -314 -228
-16148 3072 3960 1512 -336 -255
-16120 3014 3910 1562 -396 -239
-15976 3002 3829 1671 -493 -217
-15965 2984 3770 1819 -482 -202
-16028 2885 3737 2064 -347 -175
-16241 3072 3562 2318 -230 -176
-16352 2996 3537 2353 -131 -270
-16534 3005 3518 2038 -132 -356
-16536 2942 3514 1671 -171 -525
-16584 2965 3608 1336 -228 -738
-16685 3001 3456 1149 -297 -900
-16674 3122 3526 1191 -285 -1013
-16672 3133 3584 1536 -214 -1102
-16624 3126 3548 2117 -135 -1061
-16442 3212 3446 2771 -169 -1064
-16441 3372 3426 3364 -307 -1110
-16504 3384 3289 3943 -550 -1055
-16608 3513 3069 4452 -820 -986
-16500 3574 3080 4851 -1100 -923
-16385 3618 2942 5231 -1258 -880
-16200 3714 2869 5564 -1314 -829
-16033 3745 2636 5945 -1296 -778
-15929 3768 2517 6306 -1229 -739
-15845 3693 2361 6595 -1170 -737
-15874 3652 2333 6731 -1093 -741
-16006 3592 2320 6762 -984 -793
-15981 3584 2354 6661 -813 -903
-16020 3561 2364 6601 -532 -1089
-16006 3529 2412 6531 -206 -1349
-16013 3509 2477 6548 146 -1616
-16129 3377 2437 6732 403 -1920
-16273 3296 2404 7070 542 -2191
-16420 3269 2325 7540 565 -2460
-16576 3238 2330 7984 506 -2714
-16593 3276 2129 8468 477 -2965
-16612 3198 2001 8812 558 -3214
-16469 3420 2066 8711 710 -3426
-16462 3578 2148 8600 773 -3697
-16264 3864 2081 8136 1324 -3990
-16064 4126 2317 7310 1997 -4233
-15924 4269 2545 6423 2697 -4437
-15853 4394 2728 5519 3360 -4590
-15698 4514 2954 4726 3987 -4764
-15813 4757 3170 3674 4330 -4800
-15840 4906 3430 2716 4499 -4802
-15833 4876 3690 1965 4706 -4775
-15997 4921 3888 1480 4769 -4718
-16076 5012 4094 1067 4651 -4662
-16249 4990 4253 874 4588 -4508
-16322 4966 4377 903 4588 -4412
-16518 5037 4446 1027 4603 -4219
-16581 5090 4521 1221 4713 -3895
-16649 5025 4538 1587 4627 -3548
-16809 5161 4648 1745 4074 -3021
-16829 4964 4642 1688 3209 -2319
-16904 5013 4148 1732 2421 -1551
-16858 4917 4170 1715 1460 -648
-16748 4758 4020 1590 408 -154
-16753 4605 3709 1583 -456 -109
-16737 4525 3664 1679 -1230 -70
-16721 4370 3640 1788 -1902 10
-16646 4238 3650 1860 -2288 127
-16584 4204 3524 2004 -2436 115
-16426 3906 3316 2037 -2115 -21
-16309 3613 3109 2295 -1500 -239
-16154 3796 3318 2889 -877 -546
-16252 4065 3352 3366 -249 -724
-16158 4280 3452 3166 198 -795
-16352 4298 3570 2932 504 -922
-16468 4273 3694 2698 570 -1045
-16637 4357 3804 2461 469 -1037
-16765 4388 3761 2200 252 -934
-16817 4308 3682 2118 -74 -797
-16822 4181 3589 1917 -380 -603
-16644 4188 3485 1639 -588 -419
-16378 4046 3389 1233 -604 -340
-16176 4001 3382 873 -366 -280
-16116 4010 3445 523 -120 -238
-16093 3813 3548 209 69 -149
-16047 3601 3533 45 232 -31
-16005 3415 3494 272 286 66
-15902 3293 3420 798 290 131
-15934 3314 3430 1264 165 258
-15937 3298 3241 1636 31 317
-15866 3206 3302 1930 -47 388
-15869 3194 3229 1943 -92 378
-15872 3206 3272 1831 -18 418
-15754 3208 3204 1629 139 399
-15702 3100 3333 1588 312 283
-15732 2817 3454 1722 466 112
-15781 2782 3477 1948 719 -57
-15916 2649 3646 2394 943 -247
-15990 2628 3774 2760 1140 -505
-16117 2629 3778 3100 1292 -800
-16278 2776 3760 3375 1379 -1118
-16526 2798 3818 3551 1331 -1374
-16712 3022 3814 3566 1230 -1629
-16918 3153 3749 3403 1110 -1785
-17078 3278 3680 3160 964 -1894
-17341 3376 3538 2811 860 -1981
-17585 3370 3354 2416 629 -2101
-17697 3318 3289 2074 338 -2173
-17686 3240 3114 1693 25 -2127
-17388 3258 2904 1209 -250 -2001
-16953 3282 2794 566 -508 -1870
-16486 3396 2574 -267 -705 -1772
-16101 3366 2473 -1288 -817 -1680
-15956 3529 2396 -2504 -657 -1640
-15813 3424 2461 -3787 -409 -1658
-15696 3346 2448 -4967 35 -1801
-15640 3340 2660 -5975 539 -1962
-15757 3277 2840 -6849 967 -2173
-15826 3261 3028 -7560 1363 -2351
-16065 3286 3140 -8189 1597 -2474
-16189 3340 3234 -8662 1714 -2408
-16276 3378 3270 -8958 1743 -2252
-16337 3421 3462 -9116 1730 -2042
-16525 3521 3564 -9312 1632 -1782
-16724 3721 3658 -9627 1434 -1480
-16757 3574 3777 -9932 1180 -1202
-16789 3452 3878 -10049 793 -888
-16830 3352 3929 -10003 359 -495
-16882 3245 3942 -9830 -84 -153
-16856 3113 3936 -9475 -530 163
-16778 2936 3889 -8983 -973 468
-16594 2926 3808 -8358 -1305 752
-16436 2868 3713 -7689 -1603 1026
-16381 2810 3532 -7023 -1869 1343
-16293 2749 3504 -6386 -2065 1522
-16305 2734 3353 -5969 -2199 1774
-16208 2816 3254 -5741 -2354 2001
-16116 2736 3284 -5694 -2371 2217
-16205 2820 3093 -5922 -2521 2491
-16112 2805 3028 -6294 -2647 2695
-16193 2825 2982 -6747 -2739 2985
-16068 2568 2966 -7188 -2794 3164
-16024 2466 2940 -7455 -2668 3332
-15934 2364 2949 -7395 -2579 3452
-15760 2286 2994 -7181 -2310 3448
-15658 2430 2925 -6765 -2049 3474
-15581 2232 2954 -6137 -1732 3409
-16120 2340 2829 -5238 -1588 3463
-16065 2245 2868 -4507 -1485 3455
-16604 2412 2737 -3749 -1522 3540
-16677 2373 2553 -3056 -1695 3590
-16921 2274 2381 -2617 -2002 3710
-16934 2342 2270 -2634 -2271 3738
-16982 2429 2261 -2926 -2364 3869
-16808 2482 2318 -3252 -2285 3894
-16438 2605 2398 -3833 -1892 3727
-16133 3006 2584 -4577 -1183 3532
-15744 3084 2897 -5099 -454 3152