-9794 13854 11650 -6397 8758 -1071
-10080 13374 11356 -7598 10096 -1026
-10550 13098 11181 -8396 11128 -815
-10614 12612 11200 -9040 12180 -414
-10633 12104 11481 -9657 13019 -273
-9997 10781 12085 -9210 13745 446
-10364 11549 12734 -8639 14879 571
-10313 10684 13806 -8414 16105 311
-9880 10272 14625 -7000 16942 49
-9933 9649 14848 -4855 17472 -170
-9772 9182 14880 -2492 17351 -710
-9753 9382 14817 -824 16446 -1450
-9421 8896 14634 1177 14974 -2020
-9240 9261 14353 2707 13251 -2837
-9040 9584 13518 3081 11432 -3259
-8912 9358 12974 3896 9903 -3347
-8750 9162 12757 4980 8195 -3215
-8758 9298 12634 5868 6494 -3456
-9190 9696 12365 6865 4649 -3685
-8950 9349 12242 8661 2758 -3900
-9116 10109 11452 9387 1181 -4043
-9200 10062 10142 8958 174 -4123
-9758 9504 9562 8970 -310 -4193
-8901 9321 10288 9771 -1287 -4874
-9705 10990 8350 6509 -1244 -5436
-10088 9245 8336 5280 -1153 -5922
-9778 7636 9764 8288 -2554 -5994
-8981 7928 11257 13592 -5020 -5543
-9149 9805 8730 14100 -5613 -5156
-9972 9108 6968 13807 -4535 -4638
-7662 9636 9222 14424 -4431 -4987
-8204 10430 7089 15178 -2261 -5516
-8941 13332 6520 11436 -194 -6099
-10857 13057 2832 11008 3984 -9102
-6788 17936 9656 5521 4076 -6241
-9972 15522 11346 3163 -2083 -6131
-7444 12624 8492 4486 -3123 -7195
-8497 13016 5749 1705 349 -7561
-9717 10857 7909 6350 4545 -11363
-7804 12094 6490 10047 5576 -10540
-11700 16702 7950 9686 5669 -6847
-10529 15908 10557 9775 -158 -6423
-9741 12693 9033 9665 -3419 -7141
-10374 12653 7649 10107 -4481 -6883
-9446 9728 6573 12982 -2872 -7046
-9228 9689 6105 17020 -374 -7581
-9690 9742 5788 20940 972 -8678
-10157 10144 5165 22675 1608 -10017
-10546 9414 4064 23249 2215 -12065
-11233 9144 3437 23571 2140 -13267
-12641 9497 3185 23960 1204 -13623
-13670 10373 3217 25601 -448 -13665
-15113 11890 3201 27704 -3994 -13326
-15385 12026 2316 27692 -6931 -13147
-15504 11638 1829 27472 -9027 -14231
-14961 12341 1253 24509 -10553 -16920
-15481 10460 406 18214 -9328 -19407
-16453 7574 2584 17841 -7090 -20760
-16622 12165 3785 17548 -8437 -19949
-16869 11977 2062 15168 -7999 -20264
-15968 11505 3660 11245 -7797 -20319
-16038 10474 3613 10269 -6391 -20076
-14282 11532 617 5601 -3416 -20471
-16502 9690 4441 9418 116 -19492
-12932 11213 716 3325 1603 -17317
-14008 6720 -636 2073 8972 -20370
-15344 10589 820 5237 11519 -18519
-14836 8152 3252 2650 13764 -16844
-14993 10827 988 3332 11551 -15308
-15272 6082 2812 6586 11010 -13929
-17908 16620 4000 4792 6618 -12787
-15101 10804 3058 5594 5197 -10682
-15029 11144 6381 16965 170 -5825
-16462 14299 3842 8417 -3786 -2249
-13789 15989 -676 4055 1421 -5740
-12182 7178 2338 6656 3623 -5999
-13365 7868 845 -3861 7459 -8368
-16494 8164 4289 2114 3936 -4131
-16404 10068 6364 4702 660 -1096
-17260 14744 5490 5599 -2627 682
-16460 12238 4153 1598 -3192 1157
-16220 10397 4265 -1534 -1471 104
-16389 9990 4041 -1210 -1056 -489
-15640 8018 3256 -466 -341 -756
-15243 7166 2335 -799 61 75
-15062 6418 1793 -3147 174 400
-15840 6836 1896 -5264 -646 691
-15887 5201 1792 -6286 -1615 654
-16507 4996 2001 -6394 -2703 870
-16622 4889 2416 -6676 -3285 692
-16887 5205 2686 -8479 -3424 130
-16840 4882 2984 -10352 -3195 -414
-17084 5244 3166 -11505 -2833 -890
-17394 4386 3003 -11506 -2365 -1255
-17240 4073 2572 -9833 -1902 -1109
-17697 4441 2260 -9079 -1521 -795
-17429 4361 2376 -8248 -1204 -165
-17372 4096 2372 -8258 -1020 471
-17200 3864 2792 -8265 -1024 913
-17278 3952 3062 -8120 -1162 950
-17292 3872 3333 -7583 -1119 714
-17313 3969 3733 -6568 -1115 556
-17557 4397 3829 -5782 -1132 590
-17721 4843 3811 -5238 -816 851
-18019 5003 3846 -4716 -700 1500
-18076 5109 3746 -4322 -996 2168
-18144 4670 3613 -3345 -1411 2660
-18225 4609 3462 -1327 -2304 3023
-18187 5006 3151 787 -3650 3617
-17925 5017 2453 2208 -4425 4410
-17492 5198 1837 3427 -4699 5104
-16889 5335 1443 4045 -4846 5619
-16610 5534 1340 4115 -4907 5824
-16153 5532 1434 3960 -4965 5816
-15586 5137 1614 3997 -5019 5785
-15481 5465 1389 4333 -5115 6124
-15053 5275 1411 4682 -5231 6363
-14210 4449 1993 4741 -5262 6174
-13989 3852 2936 3923 -5480 5613
-13594 3962 3853 4172 -6008 5086
-13070 3736 4238 5888 -6381 4667
-12610 3732 4818 7937 -6551 4586
-12716 4415 5223 10845 -6970 4756
-12719 5537 5441 13836 -6832 5070
-12938 7148 5178 14188 -5896 5103
-13211 8392 5444 13468 -4812 5195
-13416 8985 6046 12595 -4121 5297
-13636 9653 6593 11985 -3955 5230
-13566 9956 6724 11641 -3880 5021
-13487 10148 6630 11438 -3662 4622
-13285 10473 6315 11430 -3541 4224
-12982 10550 6092 11141 -3258 3881
-12925 10632 6213 10449 -2941 3579
-12956 11074 6307 9659 -2849 3340
-12825 11352 6418 8736 -2669 3166
-12634 11363 6467 7702 -2560 2867
-12589 11329 6475 6898 -2438 2329
-12408 11112 6844 5882 -2250 1888
-12314 11506 7278 5033 -2552 1736
-12021 11656 7557 4217 -2197 1551
-11948 12069 7620 3481 -1665 1169
-11774 12157 7592 2870 -1031 597
-11756 12572 7432 2153 -344 169
-11647 13149 7287 596 418 -207
-11417 13343 7992 -959 1611 -311
-11501 14249 8797 -2661 2518 299
-11052 15316 9191 -5333 3470 1230
-10220 16008 9577 -7755 4327 1619
-9386 16494 9414 -9207 4703 1867
-8932 16905 8965 -10433 4705 2329
-9036 17588 8470 -9855 3836 3179
-9648 17923 7972 -6132 1554 5003
-9152 19522 5792 -1093 -2247 7483
-7892 20633 3801 1716 -3325 10576
-6928 20494 2996 1301 -4418 12610
-5666 19864 1573 888 -3336 14246
-5376 19310 532 -434 -1355 15261
-4869 18400 -354 -1737 698 15937
-4732 18062 -1002 -2993 2876 16383
-5173 18288 -1624 -4738 5292 16522
-4848 17280 -2036 -7007 8432 16389
-6003 17347 -2276 -9734 11602 15356
-6778 17026 -2192 -12300 13231 13740
-9010 18218 -2017 -15283 14474 11783
-9272 16910 -1691 -18587 15088 10700
-9353 15504 -1617 -20379 15179 10868
-9568 14512 -1436 -20627 15104 11254
-10512 13776 -1481 -20259 15146 11594
-12650 14502 -1829 -18957 14902 11626
-13458 14578 -1915 -19671 13846 11382
-13846 14328 -1684 -20656 12729 11268
-14696 14536 -1408 -22722 10621 11487
-14991 12145 -1272 -24937 8171 11395
-15776 11230 -805 -25367 6827 11231
-16181 10605 329 -25056 6446 11261
-17192 11469 1126 -24256 6573 10870
-18033 12456 1637 -23840 6623 10322
-17238 11076 2681 -24366 6714 9675
-18080 10820 3517 -24775 6707 8888
-19128 11417 4366 -25259 6678 8472
-18909 10581 5330 -25702 7149 7979
-19532 10210 6826 -25450 7068 7372
-20920 8682 10564 -24233 4414 6964
-20229 9178 12860 -24101 715 5763
-18505 7926 14333 -25105 -4951 4891
-16085 5905 13600 -23560 -10019 6401
-14618 3994 12734 -19542 -12303 7026
-13652 6188 12022 -15646 -12207 6867
-13592 6752 11809 -13687 -11375 5363
-12969 6761 11677 -11347 -10232 3661
-12282 6529 11486 -9168 -9018 1936
-11762 6525 11720 -6987 -8129 696
-11521 6581 11945 -4405 -7635 184
-11145 7028 12580 -2126 -7487 79
-11445 8220 13826 -2484 -7349 -746
-11640 8274 16885 -9587 -8522 -1999
-10625 6012 19154 -11813 -10573 -237
-9822 5928 19568 -9214 -11538 1348
-7944 6400 19805 -4669 -10777 2447
-6846 7273 18772 -942 -8740 2447