-16444 1784 3776 -3257 -87 19201
-16021 1720 3880 -3626 540 18368
-15107 1772 3879 -4421 1603 16788
-14464 1910 3864 -5272 2458 15411
-14017 1968 3889 -6044 3100 14323
-13729 2006 3952 -6854 3734 13194
-13420 2060 4008 -7721 4321 12105
-13133 2068 4028 -8538 4861 10994
-12872 2058 4114 -9304 5322 9938
-12761 2086 4144 -10051 5679 9022
-12724 2024 4242 -10771 5961 8171
-12609 2082 4577 -11426 6352 7301
-12535 2105 4823 -12091 6963 6145
-12513 2207 5154 -12703 7639 4870
-12438 2182 5364 -13040 8189 3897
-12436 2292 5725 -13127 8931 2637
-12633 2347 6161 -13035 9678 1156
-13045 2442 6598 -12769 9877 289
-13387 2567 6888 -12514 9619 -255
-13716 2806 7049 -12381 9325 -967
-13782 2862 7336 -12203 9279 -1985
-14036 3183 7581 -11975 9239 -3310
-14229 3640 7761 -11957 9252 -5026
-14536 3938 7673 -12162 9354 -6399
-14812 4313 7713 -12726 9280 -7745
-15399 4567 7640 -13718 8945 -8893
-15973 4822 7732 -14618 8737 -9422
-16414 5114 7842 -15270 8672 -9680
-17157 5182 7982 -15785 8725 -9904
-18077 5266 8136 -16122 8582 -10149
-19282 4862 8204 -15940 8204 -10396
-20454 4530 8147 -14772 7482 -10706
-21535 4456 7951 -12690 6371 -10985
-21612 4994 7762 -11199 5624 -11044
-20917 5868 7506 -9846 4901 -10848
-19768 6748 6913 -8803 4438 -10246
-18990 7133 6485 -8469 4058 -9473
-18506 7378 6000 -8254 3725 -8709
-18363 7488 5753 -8424 3567 -7520
-18178 7663 5618 -9191 3022 -5553
-18102 7873 5273 -11149 3041 -3701
-17805 7880 5277 -13591 2973 -2127
-17634 7828 5188 -15999 2638 -995
-17728 7281 5094 -18084 2590 -80
-17372 7143 5169 -20407 2205 579
-17070 6544 5161 -21717 2154 1518
-16907 7103 5069 -21999 1663 1025
-16254 6057 5016 -23316 1436 2308
-16268 6883 4624 -25703 396 2618
-16520 6832 4364 -28558 -755 3647
-16038 5992 4279 -30478 -1615 4535
-16162 5105 4276 -30693 -2724 5375
-16928 4748 3843 -28354 -3969 5531
-17688 4294 3294 -25837 -5399 5629
-17772 3940 2942 -24147 -6852 5819
-17501 3771 2526 -23262 -8427 6244
-17394 3632 2233 -22526 -9488 6759
-17164 3880 2013 -20719 -9930 7190
-17518 3726 1813 -18448 -9940 7438
-17764 3297 1617 -16350 -9844 7248
-17928 3212 1429 -15121 -9845 7032
-17993 3156 1265 -14226 -9737 6871
-17730 3116 1208 -12768 -9417 6644
-17432 3085 1137 -10528 -8824 6216
-17258 3158 1112 -8941 -8295 5883
-17272 3254 1036 -7187 -7734 5538
-17414 3310 842 -5497 -7361 5191
-17305 3411 824 -4255 -7201 5022
-17165 3594 589 -2793 -6984 4915
-17058 3709 457 -1680 -6698 4928
-16835 3834 365 -721 -6263 5152
-16632 3956 277 -68 -5400 5647
-16461 4106 312 -101 -4559 6149
-16285 4252 223 -556 -3716 6577
-16307 4429 214 -1454 -2552 7005
-16492 4574 350 -2538 -1503 7320
-16658 4682 444 -3563 -722 7694
-16796 4829 560 -5584 523 8316
-16817 4937 858 -8124 2009 9154
-16792 4902 992 -9594 2836 9710
-16878 4801 1236 -11178 3846 10362
-17050 4578 1561 -12831 5102 11261
-17327 4314 2016 -14279 6261 12290
-17720 4009 2443 -15753 7107 13362
-17978 3639 2883 -16975 7526 14111
-18348 3359 3215 -17844 7731 14553
-18533 3002 3489 -18455 7892 14883
-18666 2768 3722 -18713 8024 15045
-18659 2645 3931 -18922 8057 15119
-18518 2416 3997 -18930 7991 15095
-18298 2312 4033 -18702 7930 14996
-17898 2114 4117 -18262 7733 14821
-17613 1820 4094 -17415 7491 14527
-17416 1636 4066 -16584 7304 14265
-17078 1457 4067 -15292 6972 13890
-16685 1148 4112 -13923 6668 13422
-16501 916 4220 -13191 6454 13009
-16090 969 4173 -12618 6343 12543
-15782 856 4273 -12388 6308 11992
-15438 888 4306 -12528 6333 11407
-15134 978 4344 -13068 6458 10396
-14738 854 4460 -13894 6889 8826
-14367 806 4711 -14351 7534 7118
-14216 634 4928 -14157 8260 5394
-14101 593 5128 -13536 8999 3785
-14040 670 5432 -12518 9660 2114
-14142 824 5580 -11316 10226 489
-14250 932 5776 -10367 10569 -822
-14577 1242 6044 -9209 10697 -2485
-14962 1531 6313 -7958 10457 -4447
-15280 1971 6423 -6968 9946 -6025
-15664 2124 6489 -5783 9352 -7355
-15860 2296 6393 -4642 8704 -8436
-16260 2454 6300 -3709 7880 -9181
-16544 2595 6164 -2599 6636 -9901
-16864 2640 5953 -1395 4837 -10347
-17181 2960 5720 -584 3100 -10330
-17579 3305 5364 184 713 -10136
-17884 3372 5010 812 -1298 -9867
-18105 3434 4797 1421 -2621 -9640
-18229 3572 4444 1914 -3840 -9550
-18261 3613 4066 1977 -4961 -9491
-17997 3850 3908 1838 -5633 -9376
-17940 4066 3782 1803 -5849 -9283
-17553 4058 3718 2008 -5596 -9334
-17380 4064 3652 2377 -4892 -9382
-17261 4128 3569 2810 -4045 -9399
-17269 4112 3581 3168 -3009 -9303
-17182 4180 3566 3607 -2015 -9035
-17186 4297 3612 3889 -1101 -8727
-17098 4429 3484 4005 -294 -8401
-17018 4622 3478 3909 345 -8089
-16994 4816 3408 3621 884 -7760
-17053 4978 3485 3123 1226 -7477
-17132 5022 3481 2511 1374 -7196
-17176 5025 3518 1877 1356 -6978
-17196 5024 3456 1323 1264 -6728
-17068 4988 3496 870 1127 -6469
-17041 5022 3504 521 1055 -6256
-16953 5005 3470 254 1055 -6040
-16850 5022 3477 97 1086 -5841
-16764 5080 3472 -80 1198 -5672
-16717 5106 3465 -223 1244 -5469
-16713 5141 3426 -395 1357 -5280
-16724 5193 3440 -595 1444 -5049
-16710 5232 3366 -782 1528 -4843
-16692 5305 3414 -985 1637 -4598
-16746 5348 3397 -1170 1726 -4335
-16952 5325 3429 -1350 1811 -4043
-17137 5360 3444 -1533 1877 -3722
-17076 5413 3552 -1653 2009 -3395
-16944 5453 3594 -1732 2175 -3023
-16741 5533 3617 -1734 2409 -2595
-16516 5658 3697 -1765 2650 -2158
-16318 5718 3758 -1845 2894 -1631
-16178 5721 3976 -1967 3174 -1077
-16122 5764 4081 -2115 3428 -559
-16188 5749 4322 -2411 3588 9
-16308 5681 4565 -2736 3702 521
-16457 5640 4700 -3129 3641 932
-16520 5473 4838 -3551 3542 1271
-16637 5365 4936 -3925 3389 1611
-16758 5280 5002 -4203 3183 1950
-16793 5142 5149 -4366 2967 2259
-16932 5153 5212 -4492 2681 2610
-16890 5132 5284 -4640 2284 2979
-16830 5148 5270 -4744 1923 3475
-16766 5094 5162 -4924 1513 3978
-16726 4974 5205 -4987 1104 4537
-16697 4900 5372 -5069 617 5102
-16753 4573 5414 -4968 64 5698
-16804 4537 5258 -5047 -388 6174
-16970 4574 5309 -5387 -805 6731
-17038 4392 5264 -5606 -1289 7189
-17173 4230 5110 -5771 -1742 7622
-17257 4124 4905 -5925 -2240 7998
-17557 4441 4450 -6973 -2489 8408
-17412 3100 5278 -7766 -3319 8305
-17476 3337 4794 -6328 -3891 8408
-17790 3930 4156 -6715 -4022 9425
-17781 2820 4346 -6377 -3941 9584
-17752 3088 4256 -6191 -4128 9501
-17798 3090 4141 -6272 -4386 9335
-17777 2956 3918 -6243 -4519 9450
-17626 2788 3724 -6115 -4792 9545
-17361 2752 3516 -6092 -5019 9518
-17214 2720 3377 -6047 -5144 9450
-17157 2628 3201 -5897 -5225 9416
-17137 2554 3137 -5757 -5307 9285
-17082 2580 3048 -5693 -5369 9158
-17076 2529 2928 -5730 -5383 9005
-17042 2542 2826 -5801 -5364 8831
-16926 2534 2644 -5872 -5283 8638
-16794 2514 2466 -5918 -5113 8406
-16648 2505 2464 -5861 -4933 8156
-16506 2492 2324 -5729 -4787 7973
-16389 2520 2170 -5535 -4782 7913
-16300 2498 2108 -5383 -4864 8054
-16137 2610 2018 -5206 -4911 8224
-15981 2684 1880 -5132 -4826 8252