-16136 468 4326 1004 -813 -571
-16068 498 4273 1048 -732 -577
-16102 504 4218 1055 -695 -561
-16013 476 4088 1064 -653 -547
-15970 478 4016 1063 -570 -489
-15862 452 3985 1091 -537 -456
-15806 436 3973 1125 -465 -465
-15814 373 3950 1158 -420 -532
-15786 405 3953 1165 -369 -565
-15722 413 3920 1140 -288 -597
-15722 480 3901 1091 -216 -631
-15721 492 3965 1028 -150 -674
-15709 475 3853 981 -4 -686
-15760 484 3873 1004 109 -680
-15784 472 3901 944 234 -732
-15809 568 3947 810 343 -830
-15873 667 3966 590 486 -850
-15850 733 4064 413 621 -825
-15848 758 4130 310 764 -846
-15859 841 4242 264 917 -808
-15810 936 4373 201 1033 -755
-15708 944 4396 117 1120 -651
-15717 1017 4460 19 1188 -569
-15644 1013 4592 -85 1232 -454
-15612 1040 4642 -137 1236 -359
-15577 989 4746 -175 1243 -267
-15604 1045 4853 -163 1221 -156
-15542 1044 4901 -156 1208 -53
-15614 1070 4985 -170 1167 32
-15638 1001 5016 -126 1079 167
-15741 998 5108 -5 982 307
-15781 885 5147 171 872 460
-15783 910 5213 375 793 623
-15698 826 5238 509 718 775
-15692 632 5197 777 601 896
-15596 470 5078 1071 458 974
-15512 401 5022 1328 317 985
-15425 410 4964 1509 207 956
-15405 374 4890 1614 98 885
-15362 385 4776 1651 24 805
-15402 401 4750 1680 -43 718
-15445 408 4601 1793 -85 678
-15425 369 4540 1967 -116 656
-15490 321 4446 2295 -187 679
-15606 310 4373 2662 -232 677
-15665 280 4204 3014 -288 688
-15729 247 4039 3382 -335 693
-15797 250 4026 3652 -298 693
-15816 174 3900 3866 -235 684
-15814 173 3796 4004 -105 631
-15840 133 3708 4081 63 569
-15896 184 3642 4025 246 434
-16024 276 3733 3802 488 319
-16081 290 3873 3469 695 165
-16118 295 3857 3085 955 -34
-16126 364 4161 2727 1271 -261
-15968 422 4225 2565 1469 -460
-15969 544 4378 2513 1639 -662
-15858 738 4561 2471 1784 -786
-15837 826 4705 2484 1937 -919
-15826 1016 4858 2383 1933 -1033
-15890 1122 4962 2286 1891 -1183
-15961 1336 5065 2263 1804 -1323
-15974 1478 5196 2243 1657 -1375
-15978 1629 5182 2192 1534 -1406
-15990 1818 5245 2119 1477 -1438
-16040 1878 5218 2059 1451 -1483
-16064 1988 5150 1992 1458 -1525
-16121 2120 5198 1901 1504 -1554
-16189 2276 5172 1725 1553 -1545
-16209 2420 5248 1539 1625 -1513
-16133 2693 5053 1266 1712 -1429
-16134 2796 5050 787 1732 -1275
-16096 2806 4974 155 1779 -1176
-15985 2784 4886 -387 1914 -1125
-15949 2704 4954 -850 2066 -1055
-15897 2729 5058 -1066 2266 -1066
-15932 2909 5109 -1354 2441 -983
-16033 2938 5193 -1629 2543 -897
-16061 2974 5280 -1892 2559 -789
-16121 2730 5540 -1957 2358 -681
-16046 2733 5629 -1943 2110 -519
-16082 2681 5804 -1755 1853 -315
-16101 2513 5976 -1351 1569 -189
-16117 2534 6114 -982 1268 -110
-16108 2657 6009 -915 942 36
-15996 2522 5952 -1192 667 164
-15785 2325 5840 -1557 492 263
-15698 2100 5724 -1735 461 352
-15577 2037 5634 -1611 549 468
-15560 1980 5626 -1178 752 594
-15637 2162 5558 -597 999 744
-15713 2404 5514 -69 1114 946
-15838 2581 5590 212 1115 1191
-15974 2710 5418 205 1023 1438
-15960 2906 5348 -122 875 1748
-16030 2932 5110 -691 754 2021
-16034 2754 4916 -1101 640 2207
-16113 2597 4761 -1315 567 2286
-16186 2630 4586 -1461 509 2398
-16254 2674 4354 -1571 553 2483
-16332 2692 4258 -1708 628 2576
-16356 2742 4197 -1875 719 2639
-16446 2717 4168 -1996 774 2691
-16518 2589 4102 -2052 794 2671
-16532 2572 4081 -2118 757 2656
-16598 2549 4061 -2206 689 2595
-16581 2430 4121 -2384 661 2505
-16542 2378 4130 -2663 666 2407
-16444 2361 4069 -3081 669 2308
-16202 2292 3985 -3523 836 2195
-16076 2284 4033 -4157 880 2062
-15945 2245 3990 -4960 900 1934
-15921 2170 4004 -5967 871 1805
-15897 1890 4082 -7125 730 1649
-15926 1546 4298 -8208 605 1432
-16024 1116 4514 -9105 441 1163
-16094 833 4793 -9856 302 782
-16196 370 5222 -10246 154 447
-16260 -100 5390 -9893 87 26
-16289 -241 5600 -9144 119 -272
-16325 -270 5774 -8026 150 -538
-16340 -100 5705 -6967 147 -744
-16430 -4 5478 -5987 199 -784
-16597 260 5089 -5035 282 -707
-16452 322 4842 -4334 427 -587
-16622 381 4516 -3241 452 -422
-16680 313 4386 -1931 401 -379
-16678 408 4456 102 285 -204
-16824 800 4498 2299 0 83
-16929 1156 4458 3863 -235 428
-16969 1680 4328 4592 -364 733
-16892 1665 4174 5166 -512 960
-16762 1844 4150 5796 -655 1212
-16604 2025 4110 6490 -727 1564
-16422 2316 4037 7141 -797 1929
-16237 2514 3944 7622 -688 2265
-15988 2789 3798 7697 -524 2463
-15909 3104 3714 7382 -252 2631
-15917 3282 3718 6443 -171 2650
-15732 3208 3806 5362 -174 2533
-15832 3373 3794 4153 -234 2388
-15838 3306 3844 3006 -417 2310
-15909 3233 3898 2067 -649 2258
-15901 3074 3910 1452 -880 2213
-15873 2920 3858 1158 -1095 2124
-15869 2733 3918 1163 -1242 2059
-15874 2653 3853 1406 -1354 1980
-15874 2564 3842 1794 -1396 1885
-15858 2558 3842 2261 -1423 1799
-15869 2561 3704 2666 -1366 1701
-15828 2622 3717 2951 -1254 1584
-15856 2697 3554 3106 -1153 1477
-15836 2832 3516 3082 -1018 1346
-15861 2786 3540 2957 -897 1279
-15929 2872 3540 2756 -779 1198
-15934 2910 3550 2564 -703 1141
-16032 2910 3558 2361 -672 1091
-16124 2897 3545 2178 -647 1048
-16245 2845 3646 2030 -638 1040
-16326 2861 3685 1916 -594 998
-16384 2836 3716 1872 -525 1001
-16422 2777 3742 1884 -424 1007
-16546 2760 3824 1954 -385 1025
-16632 2728 3846 2047 -361 1020
-16680 2662 3948 2153 -388 1002
-16800 2641 3996 2250 -451 997
-16800 2524 4034 2341 -497 997
-16801 2498 4001 2497 -577 1002
-16814 2469 4013 2664 -614 979
-16752 2420 3976 2854 -609 959
-16773 2388 3980 3068 -631 906
-16712 2294 3949 3287 -632 834
-16625 2257 3853 3436 -632 731
-16533 2242 3826 3533 -637 591
-16440 2218 3792 3581 -603 440
-16234 2289 3774 3611 -534 259
-16046 2290 3734 3584 -520 85
-15838 2280 3601 3531 -458 -132
-15673 2329 3584 3478 -403 -337
-15484 2328 3578 3380 -353 -603
-15352 2376 3585 3259 -307 -872
-15286 2417 3561 3094 -283 -1156
-15298 2444 3581 2946 -282 -1466
-15330 2552 3634 2802 -305 -1820
-15460 2574 3713 2676 -328 -2182
-15532 2542 3753 2646 -371 -2496
-15646 2573 3744 2743 -433 -2808
-15754 2561 3820 2961 -551 -3113
-15888 2636 3744 3257 -628 -3440
-16046 2665 3712 3597 -768 -3730
-16228 2662 3592 3969 -917 -4003
-16281 2762 3570 4333 -1032 -4255
-16320 2837 3421 4690 -1099 -4504
-16274 2904 3304 4968 -1164 -4744
-16332 3018 3177 5197 -1187 -4980
-16416 3076 3204 5351 -1142 -5222
-16481 3150 3200 5532 -1145 -5515
-16585 3252 3169 5693 -1130 -5732
-16710 3361 3268 5816 -1164 -5941