-15554 4488 3845 -3867 -85 9248
-15765 4342 3829 -4660 -197 9784
-15914 4318 3797 -5539 -281 10275
-16216 4184 3834 -6447 -334 10641
-16701 4141 4002 -7430 -301 10949
-17325 4032 4290 -8439 -220 11320
-17942 4126 4474 -9636 -126 11796
-18640 3950 4741 -10739 -140 12306
-19205 3798 5004 -11743 -331 12796
-19760 3641 5220 -12453 -679 13343
-20092 3370 5297 -12721 -1128 14016
-20093 3172 5450 -12502 -1475 14802
-19865 3064 5668 -11995 -1710 15702
-19650 2901 5762 -11219 -1757 16620
-19252 2678 5824 -10085 -1531 17486
-19214 2438 6134 -9268 -1505 18262
-19405 2164 6154 -8195 -1632 18739
-19541 1730 6140 -7042 -1947 19024
-19628 1461 6010 -5902 -2394 19177
-19642 1292 5880 -4802 -2900 19207
-19382 1153 5829 -3905 -3379 19093
-19136 1180 5708 -3321 -3689 18837
-18628 1324 5600 -3028 -3909 18425
-18061 1541 5364 -2970 -3953 17909
-17821 1660 5198 -3189 -3896 17244
-17373 1658 5172 -3458 -3759 16496
-17085 1774 5041 -3716 -3552 15632
-16869 1896 5010 -3916 -3242 14783
-16605 1870 5033 -4055 -2892 13968
-16405 1884 4926 -4048 -2628 13188
-16229 1905 4756 -3914 -2430 12466
-16045 2001 4792 -3731 -2323 11715
-15909 2050 4764 -3555 -2265 10946
-15956 2150 4706 -3488 -2184 10196
-15993 2218 4630 -3465 -2089 9536
-16056 2249 4541 -3447 -1953 8907
-16109 2344 4426 -3518 -1856 8318
-16117 2362 4478 -3595 -1735 7791
-16182 2440 4452 -3673 -1519 7347
-16184 2386 4481 -3700 -1305 6954
-16114 2336 4432 -3617 -1012 6615
-16078 2274 4465 -3417 -733 6296
-15908 2166 4462 -3122 -492 5933
-15714 2054 4504 -2654 -300 5468
-15485 1988 4514 -2161 -103 4980
-15292 1977 4582 -1669 71 4470
-15108 1922 4572 -1212 257 3954
-15025 1812 4537 -746 398 3366
-14850 1770 4550 -379 537 2755
-14868 1770 4625 -47 648 2097
-14789 1704 4598 223 714 1387
-14665 1669 4650 466 755 618
-14633 1645 4590 725 790 -192
-14509 1570 4557 1036 830 -1011
-14404 1530 4526 1402 859 -1904
-14346 1478 4478 1801 922 -2817
-14348 1472 4416 2241 1029 -3769
-14365 1473 4413 2709 1171 -4706
-14506 1508 4358 3162 1290 -5661
-14596 1501 4356 3589 1384 -6656
-14710 1576 4238 3973 1553 -7618
-14970 1618 4272 4346 1666 -8554
-15128 1624 4196 4736 1773 -9503
-15432 1682 4156 5069 1886 -10495
-15638 1788 4137 5381 2016 -11478
-15880 1853 4100 5644 2140 -12390
-16186 1954 3976 5888 2267 -13281
-16488 2060 3920 6097 2354 -14122
-16829 2145 3932 6267 2419 -14917
-17138 2277 3789 6369 2504 -15633
-17464 2449 3861 6353 2558 -16312
-17745 2612 3826 6263 2690 -16890
-18030 2801 3877 6200 2896 -17449
-18408 2904 3896 6249 3149 -17930
-18684 3046 3884 6413 3393 -18379
-19053 3257 3944 6616 3649 -18765
-19249 3469 4057 6789 3844 -18989
-19354 3734 4020 6875 4011 -19063
-19546 3913 4060 6998 4090 -18916
-19672 4150 4041 7071 3994 -18643
-19750 4394 3896 7013 3675 -18332
-19908 4630 3826 6837 3193 -17830
-19897 4768 3718 6623 2605 -17074
-19938 4765 3588 6557 2073 -16264
-19864 4760 3582 6754 1712 -15463
-19706 4836 3481 7196 1559 -14725
-19561 4916 3556 7785 1633 -13953
-19357 4917 3488 8390 1868 -13138
-19490 4934 3424 9051 2108 -12192
-19237 4989 3484 9264 2158 -11182
-19510 4952 3545 9617 2527 -10056
-19334 4862 3752 9952 2728 -8931
-19262 4846 3926 10141 2938 -7986
-18960 4797 4113 10288 3129 -7051
-18577 4702 4305 10279 3226 -6179
-18124 4372 4322 10203 3299 -5332
-17738 4154 4349 10132 3492 -4590
-17444 3921 4332 9943 3779 -3951
-17261 3494 4229 10013 3914 -3349
-16925 3140 4126 10149 3902 -2933
-16684 2984 4180 10139 3800 -2667
-16576 2902 4098 9978 3743 -2677
-16340 2900 4350 9692 3432 -2862
-16302 2746 4307 9500 3081 -3205
-16176 2706 4240 9320 2578 -3638
-16016 2675 4241 9287 2038 -4041
-15950 2864 4094 9149 1425 -4428
-15854 3026 4196 8849 892 -4636
-15642 3162 4128 8430 570 -4701
-15425 3342 4130 7904 390 -4611
-15182 3536 4179 7292 358 -4445
-15044 3644 4112 6813 428 -4430
-14788 3818 4241 6170 712 -4376
-14657 4128 4432 5118 1186 -4300
-14589 4373 4553 4153 1599 -4144
-14684 4584 4798 2882 2027 -3944
-14820 4881 5095 1370 2386 -3584
-14949 5098 5244 12 2544 -3146
-15072 5090 5462 -1121 2573 -2690
-15245 5032 5649 -2121 2486 -2195
-15408 4941 5726 -2907 2364 -1537
-15728 4853 5868 -3635 2059 -473
-16029 4620 6226 -4344 1539 653
-16056 4506 6206 -4726 1144 1331
-16185 4275 6323 -4762 584 2199
-16066 4000 6362 -4658 202 3269
-15822 3809 6344 -4344 157 3982
-15580 3563 6322 -3849 245 4659
-15387 3452 6146 -3432 289 5306
-15372 3371 6049 -3307 223 5859
-15348 3325 6005 -3417 209 6307
-15362 3394 5998 -3588 277 6628
-15294 3292 6042 -3876 315 6953
-15477 3325 5968 -4068 316 7204
-15524 3236 5926 -4194 273 7420
-15686 3104 5876 -4338 73 7655
-15805 2944 5842 -4434 -223 7846
-15809 2878 5693 -4487 -403 7932
-15890 2804 5657 -4536 -559 7943
-15940 2756 5624 -4627 -653 7888
-15925 2750 5548 -4661 -653 7773
-15787 2570 5511 -4754 -503 7454
-16643 2899 5143 -4835 765 7477
-15424 2216 5369 -4170 -1964 7647
-15525 1970 5252 -5121 -162 5249
-19480 3286 5089 -5300 -753 7060
-16675 2081 5800 -4266 -325 5997
-17747 2905 5843 -5146 -958 4410
-17013 2840 6098 -5835 -1432 3281
-19202 2722 6278 -6815 17 4605
-18219 2488 6739 -8030 -2340 5990
-17280 1412 6354 -9043 -3817 5115
-17174 1184 5692 -9534 -3614 4162
-16848 996 5408 -6856 -3199 4414
-16621 2205 5580 -3860 -2300 4591
-16906 2842 5821 -288 -1738 6292
-17317 2847 6073 3475 -2211 8052
-17981 2708 5275 3159 -3266 9442
-18144 2421 4856 1283 -4105 9855
-17806 2006 4852 697 -4537 9797
-17520 1583 4858 1168 -5007 9273
-17181 1390 4406 2894 -5089 8823
-16971 1697 3832 4015 -4688 8783
-16792 1826 3644 4037 -4510 8758
-16759 1782 3502 3862 -4536 8766
-16710 1728 3460 3649 -4607 8761
-16658 1679 3323 3513 -4613 8598
-16651 1659 3150 3425 -4466 8178
-16816 1609 3094 3408 -4266 7669
-17018 1606 3141 3172 -3987 7028
-17180 1564 3133 2708 -3639 6289
-17306 1673 3030 2355 -3299 5586
-17174 1807 3155 1664 -2693 4643
-16876 1990 3124 1060 -1917 3694
-16460 2124 3125 742 -1336 3039
-16032 2210 3082 632 -680 2428
-15531 2287 3021 726 -120 1837
-15196 2348 3016 1029 253 1357
-15038 2354 2986 1282 400 958
-15048 2418 3000 1339 431 644
-15124 2308 3115 1269 410 17
-15407 2225 3153 1019 366 -1012
-15565 2149 3205 790 379 -1892
-15826 2176 3173 619 520 -2698
-15892 2176 3324 553 703 -3515
-15876 2216 3330 657 926 -4154
-15778 2335 3363 1127 1269 -4913
-15482 2624 3476 1822 1694 -5584
-15441 2810 3525 2594 2005 -6108
-15488 2890 3572 3302 2174 -6448
-15552 2952 3745 3978 2257 -6718
-15666 3013 3888 4670 2306 -7001
-15846 3105 3969 5062 2323 -7240
-15874 3152 4080 5352 2308 -7493
-16059 3140 4065 5722 2233 -7744
-16101 3213 4062 6207 2091 -8064
-16237 3254 3977 6812 1814 -8377
-16274 3336 3788 7470 1493 -8608
-16233 3462 3569 7897 1302 -8707
-16266 3576 3500 8140 1191 -8788