-17573 9302 3986 9989 882 3597
-17718 9644 3326 9390 2186 4073
-17624 9585 2729 8975 3371 4835
-17268 9696 2162 8944 4674 5686
-17236 9869 1682 9224 5412 6564
-17046 10425 1437 9563 5726 7436
-17092 11596 1014 8487 5320 8148
-16753 12205 784 5718 4615 8825
-16565 12138 890 1858 3722 9607
-16460 11633 1042 -2143 2937 10270
-16514 10748 1330 -5461 2331 10762
-16341 9910 1500 -7416 1918 10922
-15921 9010 1458 -7736 2430 10573
-15425 8090 1536 -6083 3633 10201
-15134 7098 1669 -3365 4125 9849
-13952 7661 1304 -1889 5332 8172
-13225 3518 4469 -2127 4125 8179
-12650 -3217 12329 653 1175 8443
-13660 -8688 7654 5951 -1186 5259
-14634 4581 4028 3310 -161 5825
-14162 2408 1548 -75 784 3643
-13820 2764 918 -3606 3264 592
-14234 2126 876 -3863 3523 -1548
-14674 2796 329 -3118 3876 -2420
-15114 5094 -428 -3137 3980 -2878
-15429 7465 -993 -4254 4588 -3594
-16032 9041 -648 -6032 6046 -4115
-16750 10074 73 -7379 6574 -3080
-16986 10641 756 -8893 6092 -1275
-17016 10725 1002 -10440 4578 132
-17233 11174 1050 -11807 2435 1276
-17150 11184 1248 -12308 260 1840
-16880 11381 1509 -11657 -1573 1759
-16602 11962 1784 -10850 -2679 1416
-16250 12669 2018 -11066 -3344 1300
-15830 12958 2073 -12263 -3985 1534
-15258 12906 2057 -13995 -4242 1978
-14516 12034 2261 -15055 -4464 2404
-13570 10825 2501 -14449 -4547 2433
-13080 9646 2728 -11714 -4483 2330
-12808 9121 2834 -7101 -3863 2056
-12725 8826 2901 -921 -2777 1438
-13420 9482 2817 5956 -1220 742
-13776 9888 2241 12588 989 338
-14118 10486 1584 18906 3929 691
-14242 11428 522 23941 8068 2756
-13949 15462 -1608 22650 13510 6530
-13398 12360 -436 12400 16545 7803
-15674 13253 726 9742 16977 5599
-12074 8241 1560 9147 17734 3177
-12690 8360 2641 7983 16564 1476
-12638 8854 1700 5618 16350 1226
-12232 8812 657 3586 18723 1938
-11806 6752 -954 4911 24230 2286
-11630 7761 -4757 5577 31745 1751
-14085 9854 -3474 6334 32767 1282
-16402 11300 -1157 6374 32767 970
-15218 10948 -2152 3448 32767 555
-14646 10414 -3873 1862 32767 412
-13684 10850 -4061 1936 32767 1259
-13313 9794 -2776 6217 31363 1262
-12184 11613 -2729 6705 24541 359
-11872 13342 -4874 3781 17322 -896
-11134 13941 -5065 -808 10680 -2459
-11174 14042 -5862 -7407 6327 -3264
-10869 12412 -6682 -9890 4651 -3400
-11602 13793 -6518 -10408 4827 -4201
-12449 14440 -6466 -11731 6468 -5903
-12737 14426 -5821 -11378 8549 -6763
-12680 13538 -5457 -8035 10177 -5313
-12849 14560 -5450 -4913 9955 -2729
-12832 15309 -5869 -4218 8369 40
-12425 15250 -7234 -5116 7085 2346
-12080 15138 -8356 -3689 6876 5157
-9126 17442 -12244 1127 10120 9101
-10858 19058 -6914 7054 11989 14936
-9521 13660 -8112 4900 7053 12123
-10116 9392 -7036 -327 3335 5132
-10496 7036 -6638 -6531 -2731 -4847
-9118 7814 -6709 -12128 -9091 -11306
-7892 6805 -7121 -10814 -13850 -12502
-8312 6950 -5953 -4900 -19858 -12198
-9077 7066 -4897 1705 -28055 -11364
-10564 6509 -4953 5891 -32768 -11765
-8684 4386 -5724 5203 -32768 -12737
-15302 7718 -5676 4897 -32768 -13560
-16873 9880 -4158 3661 -32768 -17882
-21701 5754 -4128 6903 -30061 -10441
-16740 13470 -3753 -138 -25713 -11074
-15420 9857 -2234 -10320 -22492 -13592
-16594 4910 -2454 -8439 -20590 -13804
-16546 8406 -105 -5866 -21383 -12857
-18625 9584 444 -2462 -19988 -11098
-20146 12002 2618 -1949 -16383 -9434
-20833 13324 4374 -2817 -9084 -6290
-21924 13576 5990 -3306 -2631 -2687
-22460 12113 6224 -714 961 -364
-22640 12528 4844 2076 4251 486
-24338 13421 3994 4120 5729 903
-25217 12701 3141 5765 4083 2203
-23805 11789 2358 3733 1757 4778
-22245 11733 2190 94 55 7085
-20402 12134 2270 -3131 -2229 8330
-20597 12152 1624 -5513 -3721 9946
-21510 10869 1208 -1158 -3914 504
-20273 10954 1920 -6794 -5974 10365
-17389 11882 1674 -8389 -6904 12327
-17622 12626 2237 -8428 -6071 12849
-17149 12410 2338 -6402 -7737 11232
-13569 11320 2026 -5817 -5700 8847
-14785 11433 1776 -3360 -6282 8213
-13870 11261 1241 -2696 -5888 8540
-12660 9964 994 -3321 -5543 10499
-10373 9496 850 -2699 -5036 10412
-9769 8093 338 -1523 -5309 10253
-8016 7306 214 -758 -4555 10055
-7478 6958 84 -436 -3705 9673
-7354 6925 -362 -494 -2757 9488
-7377 6256 -669 -889 -1506 9109
-8289 5922 -574 -1091 -555 8613
-9130 5098 96 -933 -413 7960
-8993 5785 -266 -2644 983 7024
-9398 5428 490 -4592 1435 6341
-9142 4977 954 -6046 871 5665
-8385 4260 950 -8146 273 4844
-7573 3594 910 -10047 4 3981
-6950 2409 930 -11280 111 3265
-6433 1452 777 -11111 952 2648
-6064 778 656 -9731 2250 2205
-6168 436 273 -7040 3825 1949
-6108 360 76 -3413 5319 1573
-6286 1021 -112 838 6284 1170
-6868 1504 -120 4775 7317 924
-7233 2762 -118 8952 7254 709
-8318 4080 -521 11723 8498 901
-9089 6281 -518 14554 9681 496
-11110 8634 -238 17439 9688 -103
-12458 12532 -666 18587 8948 -788
-13878 16562 -174 16623 7331 -2418
-15437 19130 20 15525 4745 -4734
-15897 21172 312 13882 3195 -7101
-16196 22334 765 11007 1432 -9724
-16761 23258 1362 7541 -231 -11117
-17330 24393 2101 4282 -2269 -11633
-18290 24870 2864 1153 -3962 -11398
-19309 25572 3557 -1325 -4844 -11264
-20597 25249 4444 -3773 -4704 -10469
-21194 24704 5208 -5786 -4036 -8884
-21362 22617 5948 -6465 -3792 -6670
-21189 20828 6273 -5998 -3460 -4576
-21384 19638 5852 -5444 -2489 -2429
-21501 19382 5382 -4984 -1901 -834
-21620 19206 5092 -5213 -1824 553
-21368 18478 4828 -5828 -2535 1168
-21557 17845 4453 -6375 -4084 1154
-20937 17264 3926 -7230 -4936 908
-20250 16290 3676 -8425 -5625 1493
-19188 14942 3560 -9406 -6387 2325
-20256 12322 3809 -7982 -6422 6398
-16566 13756 3702 -8017 -5915 7590
-16582 12849 3636 -8029 -6001 7787
-15474 13026 2910 -8290 -6221 7598
-13926 12320 3118 -8414 -6135 7425
-13812 11769 2722 -8691 -6015 7285
-14524 10489 2724 -8181 -6477 9148
-10905 10673 1880 -8461 -5910 9769
-10626 9185 1556 -8589 -4745 9857
-8965 7216 1446 -7239 -4391 9957
-9226 7734 1994 -8294 -2618 9074
-7104 6989 820 -8097 -1418 8326
-6182 6053 892 -7424 -495 7721
-5270 4729 1025 -6970 179 6205
-6290 4902 752 -6081 920 5833
-7294 5274 1118 -5887 2050 5429
-7962 5030 1541 -5960 2811 4215
-7662 4674 1585 -5910 3015 2785
-6962 4001 1506 -5739 2752 1398
-6348 3256 1557 -5316 2493 108
-5498 2400 1802 -4474 2132 -799
-4728 1401 2040 -3188 1787 -1262
-4170 426 2242 -1408 1629 -1466
-3728 -428 2297 949 1855 -1471
-4270 -945 2406 4469 2472 -1010
-5005 -946 2386 8865 3652 -326
-6160 369 2113 13031 5493 402
-7590 2274 1788 16292 8171 986
-8680 5206 1098 18360 11473 1067
-10920 7314 1244 20943 13437 1074
-12965 10914 936 22148 14175 989
-14600 14346 796 20821 13767 847
-16550 16604 1357 19641 11456 611
-17866 18346 1790 18361 8498 -576
-18316 20130 2508 17227 4184 -2935
-19417 21673 3288 16182 -1190 -6276
-19769 24125 3254 13748 -6092 -9561
-20017 25737 3290 9442 -9712 -12146
-19872 26316 3878 4640 -12459 -13843
-19022 25262 4078 -172 -13626 -14399
-18249 24133 4268 -4149 -13385 -13412
-17570 22732 4157 -6511 -11647 -11815