-16341 3824 3670 -840 189 121
-16300 3765 3644 -881 157 94
-16205 3697 3652 -897 192 57
-16148 3702 3558 -883 236 26
-16132 3634 3585 -893 243 6
-16104 3659 3544 -901 303 -24
-16081 3704 3508 -893 371 -83
-16045 3700 3512 -897 434 -88
-16076 3725 3554 -872 511 -133
-16078 3818 3568 -825 564 -154
-16146 3844 3569 -768 618 -151
-16110 3929 3598 -724 655 -153
-16150 3972 3613 -694 623 -154
-16161 3986 3706 -703 585 -95
-16189 4053 3692 -772 543 -78
-16212 4022 3713 -809 490 -41
-16209 3928 3744 -855 449 9
-16243 3898 3778 -898 385 31
-16281 3836 3716 -906 333 33
-16309 3760 3748 -907 300 30
-16284 3768 3701 -943 299 39
-16285 3761 3698 -1015 332 8
-16352 3689 3690 -1089 335 -32
-16373 3658 3694 -1127 326 -88
-16374 3637 3654 -1119 338 -91
-16345 3701 3645 -1057 336 -112
-16306 3708 3668 -972 356 -122
-16308 3692 3596 -887 348 -140
-16285 3780 3617 -821 316 -126
-16240 3814 3610 -806 279 -121
-16224 3805 3544 -831 263 -109
-16192 3816 3529 -846 234 -103
-16168 3765 3512 -863 230 -111
-16178 3708 3496 -841 265 -98
-16189 3710 3544 -796 316 -104
-16160 3742 3589 -740 351 -114
-16201 3677 3574 -697 385 -97
-16196 3732 3553 -650 368 -83
-16178 3753 3550 -637 357 -65
-16164 3741 3614 -604 371 -23
-16200 3718 3613 -623 366 -6
-16172 3689 3641 -563 386 21
-16182 3622 3665 -498 405 79
-16156 3578 3642 -348 453 140
-16144 3661 3636 -261 523 238
-16194 3680 3636 -177 628 309
-16229 3632 3646 44 784 461
-16216 3688 3617 302 982 629
-16264 3878 3546 515 1139 746
-16268 3957 3433 574 1268 764
-16229 3981 3424 477 1325 735
-16253 4080 3420 332 1372 684
-16276 4113 3414 138 1293 658
-16272 3956 3380 43 1257 728
-16241 4084 3296 -115 1351 764
-16238 4078 3294 -89 1576 787
-16242 4004 3610 1 1189 795
-16145 3998 3456 4 1088 673
-16289 4050 3416 -141 1060 627
-16332 3956 3416 -159 871 659
-16248 3849 3554 -87 765 606
-16220 3842 3464 48 698 519
-16176 3805 3521 229 600 426
-16224 3848 3492 433 559 327
-16194 3865 3464 554 517 280
-16189 3914 3418 599 447 214
-16194 3937 3350 572 360 123
-16214 3985 3349 478 301 82
-16140 4028 3353 350 185 33
-16199 4069 3289 199 136 -31
-16118 4077 3291 83 132 -66
-16140 4120 3234 1 210 -79
-16183 4223 3218 -47 238 -90
-16120 4284 3177 -117 272 -85
-16144 4274 3161 -172 292 -83
-16110 4349 3085 -283 299 -96
-16188 4389 3113 -440 316 -97
-16285 4368 3154 -610 339 -109
-16330 4401 3245 -784 381 -86
-16466 4373 3268 -858 385 -50
-16524 4369 3267 -849 353 5
-16534 4240 3320 -726 303 122
-16521 4256 3213 -571 285 204
-16472 4193 3201 -407 220 258
-16372 4090 3218 -298 194 301
-16306 4052 3237 -227 199 312
-16204 3938 3244 -154 192 308
-16250 3849 3242 -89 227 275
-16177 3789 3208 15 253 204
-16130 3750 3215 81 329 92
-16123 3783 3264 87 420 -30
-16117 3900 3348 -46 529 -173
-16170 3996 3426 -188 543 -302
-16244 4049 3445 -307 537 -363
-16316 4150 3325 -406 467 -388
-16348 4165 3452 -425 345 -389
-16417 4205 3430 -405 197 -385
-16421 4272 3358 -385 66 -360
-16408 4274 3249 -387 -32 -325
-16368 4342 3270 -430 -124 -298
-16337 4257 3177 -494 -156 -302
-16324 4172 3152 -580 -135 -292
-16296 4166 3164 -663 -85 -317
-16284 4114 3117 -737 -8 -346
-16198 4050 3129 -836 70 -380
-16226 4022 3130 -939 191 -423
-16237 4020 3146 -1052 285 -472
-16222 3981 3242 -1169 344 -480
-16206 3946 3265 -1263 391 -458
-16221 3950 3270 -1296 442 -454
-16210 3944 3338 -1346 452 -416
-16180 3893 3313 -1360 475 -433
-16226 3925 3398 -1358 492 -413
-16210 3848 3378 -1309 466 -398
-16193 3814 3425 -1212 507 -380
-16166 3765 3385 -1144 474 -356
-16160 3725 3334 -1080 454 -327
-16146 3692 3329 -1040 426 -322
-16229 3720 3204 -956 379 -384
-16284 3736 3070 -909 333 -441
-16385 3798 3006 -877 281 -510
-16436 3850 2821 -890 276 -649
-16485 3946 2769 -956 313 -686
-16448 4004 2590 -1161 339 -710
-16421 4138 2502 -1468 428 -707
-16237 4228 2416 -1833 579 -668
-16140 4364 2502 -2268 737 -614
-16050 4364 2393 -2698 950 -553
-15928 4322 2516 -3076 1179 -486
-15842 4273 2588 -3312 1385 -324
-15714 4221 2669 -3450 1540 -256
-15644 4154 2730 -3505 1665 -186
-15680 4152 2849 -3489 1732 -141
-15694 4045 2940 -3484 1707 -152
-15917 4129 2997 -3522 1614 -180
-16120 4054 3138 -3674 1447 -280
-16422 3945 3300 -3865 1260 -332
-16660 3870 3376 -3959 1086 -396
-16914 3758 3482 -3930 945 -500
-17010 3788 3570 -3714 842 -642
-17184 3756 3573 -3315 765 -764
-17340 3816 3712 -2767 690 -840
-17461 3836 3746 -2226 542 -832
-17529 3872 3732 -1634 386 -840
-17534 3962 3681 -1107 154 -732
-17517 3953 3568 -674 -123 -620
-17438 3990 3520 -442 -453 -495
-17372 4002 3378 -321 -810 -431
-17234 4024 3145 -311 -1091 -391
-17109 3946 3025 -320 -1289 -344
-17008 3892 2814 -380 -1404 -290
-16912 3896 2660 -478 -1369 -263
-16780 3890 2506 -619 -1227 -195
-16626 3792 2481 -788 -982 -117
-16456 3752 2433 -881 -661 -22
-16288 3840 2362 -1008 -369 -58
-16164 3922 2372 -1268 -126 -86
-16070 3908 2374 -1596 -4 -40
-16044 3992 2385 -1975 -37 68
-16086 3961 2473 -2352 -162 149
-16110 3886 2580 -2620 -349 220
-16162 3825 2540 -2634 -514 304
-16221 3661 2573 -2431 -636 376
-16248 3606 2564 -2127 -773 434
-16246 3444 2654 -1708 -848 422
-16289 3350 2636 -1160 -922 401
-16277 3325 2581 -610 -961 365
-16260 3297 2577 19 -965 342
-16297 3304 2601 714 -952 288
-16276 3274 2614 1472 -992 240
-16349 3184 2604 2311 -1084 186
-16316 3221 2514 3157 -1173 167
-16302 3217 2437 3944 -1288 142
-16179 3257 2337 4818 -1397 107
-16008 3342 2246 5528 -1494 82
-15949 3344 2126 5974 -1562 37
-15974 3348 2125 6292 -1647 -16
-16085 3266 1946 6558 -1759 -79
-16181 3262 1974 6753 -1840 -196
-16322 3228 1920 6905 -1902 -352
-16424 3206 1860 7051 -1958 -477
-16521 3161 1730 7228 -1979 -613
-16636 3117 1721 7425 -1983 -795
-16733 3110 1602 7637 -1947 -954
-16902 3148 1574 7858 -1922 -1107
-17090 3166 1564 8079 -1912 -1258
-17201 3238 1521 8229 -1813 -1327
-17228 3270 1516 8390 -1743 -1425
-17280 3290 1545 8516 -1653 -1477
-17258 3297 1449 8712 -1559 -1492
-17162 3328 1430 8896 -1434 -1483
-17201 3326 1509 9120 -1268 -1456
-17141 3364 1492 9344 -1110 -1388
-17186 3325 1536 9558 -966 -1342
-17109 3298 1525 9747 -791 -1244
-17037 3290 1461 9919 -596 -1125
-16881 3172 1508 10088 -400 -1011
-16806 3146 1554 10242 -227 -936
-16713 3105 1578 10370 -41 -876
-16629 3032 1645 10484 142 -846