-15209 14338 4052 2084 -1788 -13958
-16478 15033 4573 1423 -2301 -16456
-17782 15114 5481 1554 -3039 -16918
-25328 11718 5893 986 -3291 -13789
-19828 15024 5561 1052 -3003 -11571
-21302 15048 5265 -10 -2656 -9193
-18702 14504 4976 -841 -2994 -6423
-21604 17186 4312 -6216 -3684 -4787
-19543 12105 4724 -3887 -2138 -404
-21889 15578 5510 -3522 -1780 2836
-22005 16926 6584 -5030 -3684 5829
-19247 16681 7326 -9411 -6383 4975
-18196 13034 5118 -11118 -6295 1614
-15801 10331 3125 -7156 -1697 1582
-15440 9828 4736 -6258 181 2823
-16574 11963 5548 -5667 -1010 5425
-15110 12307 4351 -4497 -406 7538
-15192 12127 5663 -4941 -930 8511
-14534 12204 5236 -5139 -1420 8534
-14831 13038 4783 -5405 -1402 8206
-15562 14226 5862 -7718 -2005 7880
-16644 14502 5752 -8331 -3549 8095
-16090 14576 5384 -8369 -4059 8270
-15671 14102 5349 -10207 -4836 9107
-14805 13505 4696 -10762 -4010 9314
-14527 13345 5269 -10167 -3213 9512
-14480 13220 6116 -8569 -3874 10510
-13556 12850 5410 -6098 -3449 10884
-13253 12750 5906 -5536 -3117 10776
-12184 13416 6453 -6416 -3475 10781
-11694 13206 6555 -8736 -4413 11320
-10818 10308 5792 -5786 -3863 12586
-9222 10982 3238 3109 144 14391
-8604 12121 2454 5133 3606 14708
-7722 13917 2558 -555 5728 12443
-8060 12842 2661 -7143 6168 8704
-9273 10622 3674 -12152 5079 5994
-9900 9414 4626 -14016 3706 6319
-10113 8981 5488 -13276 2277 7477
-9880 7918 7022 -11061 1103 7709
-9896 6899 8354 -3361 1080 7631
-8489 4974 9889 14428 2816 9779
-10634 10793 6786 26198 3582 15194
-10325 13629 4673 29935 7025 16146
-8138 13613 5500 25993 9583 13133
-8585 13590 5524 19955 10033 8601
-8957 13226 5733 13033 8745 5317
-8928 12354 5526 5286 6690 3900
-8814 11150 5156 -1894 4809 2605
-8472 9474 4918 -7139 3001 931
-8120 8049 4924 -10060 1897 -934
-7852 6733 5030 -11582 1060 -2688
-7986 5786 5065 -11609 441 -4101
-8042 5124 4962 -11102 -57 -5696
-8301 4754 4914 -10228 -481 -7783
-8789 5170 4772 -9502 -997 -10029
-9221 5546 4462 -9196 -1565 -12103
-9701 5852 4278 -9260 -1814 -13925
-10160 6130 4198 -8926 -1679 -15572
-10516 6321 4120 -8187 -1371 -17098
-10820 6113 3977 -7078 -753 -18079
-11154 5874 3817 -5578 48 -18575
-11521 5758 3668 -3744 716 -18764
-11934 5453 3568 -2065 1149 -18823
-12382 5120 3397 -389 1477 -18979
-13262 5224 3270 1150 1752 -19400
-14286 5552 3110 2244 1961 -20034
-15253 5956 3012 2917 2293 -20885
-16334 6458 2945 3103 2712 -21931
-17361 6841 2913 2901 3078 -23081
-18061 6816 2869 2507 3432 -24125
-18789 6574 2857 2240 3641 -24964
-19346 6384 2685 2041 3759 -25601
-19858 6166 2602 2172 3846 -26046
-20246 5880 2553 2694 3836 -26288
-20465 5666 2596 3581 3876 -26353
-20778 5618 2508 4674 4063 -26327
-21161 5552 2442 5963 4408 -26242
-21508 5698 2420 7261 4852 -26024
-21890 5822 2402 8399 5452 -25865
-22272 5898 2373 9582 5920 -25718
-22688 6186 2297 10462 6401 -25421
-23093 6484 2268 11053 6789 -24923
-23193 6872 2330 11402 7122 -24209
-23305 7244 2284 11433 7404 -23269
-23309 7532 2321 11229 7560 -22142
-23168 7828 2426 10822 7627 -20877
-22962 8030 2510 10240 7753 -19375
-22732 8038 2800 9530 7971 -17694
-22521 7988 2840 9014 8161 -15885
-22205 7864 2945 8698 8254 -13973
-21826 7648 3113 8659 8238 -12083
-21350 7437 3233 8907 8121 -10151
-20780 7261 3380 9224 8032 -8295
-20194 7085 3545 9672 7911 -6504
-19545 6861 3592 10257 7816 -4904
-18869 6610 3748 10803 7706 -3473
-18233 6389 3782 11433 7484 -2226
-17680 6033 3806 12185 7205 -1222
-17237 5805 3805 12974 6867 -378
-16822 5673 3713 13589 6480 307
-16610 5440 3754 14032 6108 888
-16389 5212 3802 14419 5799 1312
-16361 4989 3766 14938 5453 1649
-16474 4889 3617 15340 4987 1984
-16448 4734 3517 15682 4436 2136
-16368 4593 3509 15868 3885 2183
-16430 4525 3336 16018 3441 2209
-16488 4241 3169 16390 3070 2134
-16680 4132 3062 16753 2612 2022
-16904 4332 2872 16715 2178 2010
-17125 4685 2698 16211 1797 2169
-17184 5014 2641 14960 1338 2359
-17261 5121 2568 13325 906 2607
-17360 5214 2584 11134 410 2912
-17448 5092 2681 8906 -134 3128
-17249 4722 2821 7171 -597 3296
-17361 4445 3004 5602 -1044 3528
-17233 4044 3221 4584 -1633 3791
-17200 3749 3233 3941 -1988 4074
-17260 3769 3388 2907 -2267 4553
-17113 3357 3604 1930 -2466 5113
-16970 3130 4096 843 -2626 5692
-16612 2540 4618 26 -3021 6073
-16506 2612 4701 -1092 -3409 6294
-16442 2533 4704 -2479 -3619 6191
-16368 2742 4620 -5479 -3767 6038
-16161 1822 4705 -8072 -3374 5463
-15712 309 5249 -9603 -4568 4185
-15609 -733 5516 -10570 -4869 3233
-15648 -709 5426 -10688 -6802 3033
-14938 -1084 4884 -9642 -6124 3598
-15141 -246 4565 -10539 -5911 3982
-15130 -1029 4462 -9929 -5183 3328
-15988 -786 4158 -8134 -5192 2101
-15488 -848 4509 -6110 -4917 1160
-15493 -328 4385 -4049 -4387 697
-15770 402 4105 -1452 -3875 710
-16178 882 3838 1313 -3113 809
-16024 1870 3502 3220 -2190 674
-16308 2102 3557 4120 -628 547
-16689 2838 3385 5472 74 798
-16701 2950 3378 6581 854 691
-17006 3442 3188 6794 1279 978
-16868 3429 3082 6410 1022 1225
-16813 3434 3002 4874 483 1499
-16682 3369 3114 2504 -325 2022
-16168 2980 3377 179 -1147 2330
-15689 2368 3854 -1707 -1624 2441
-14884 1581 4225 2294 292 2016
-14798 1441 5028 1601 -823 504
-14570 -32 5618 3192 1031 387
-14934 1276 5930 3993 1292 -625
-15090 808 6158 4566 1098 -827
-14801 1142 6372 5126 1198 -1314
-15268 1894 6144 5488 1309 -1911
-15710 2509 5934 5683 1108 -1946
-15856 3198 5625 5339 857 -2055
-16041 3850 5366 4732 382 -2205
-16130 4250 5077 3803 84 -2332
-16254 4701 4788 2710 -56 -2308
-16333 4728 4630 1346 40 -2102
-16441 4813 4478 -180 207 -1701
-16354 4777 4501 -1762 246 -1291
-16372 4657 4582 -3079 199 -942
-16364 4397 4716 -3865 197 -630
-16412 4282 4788 -4215 280 -299
-16384 4024 5106 -2862 892 17
-16446 4174 5309 -3429 478 -4
-16356 3538 5424 -3308 616 435
-16417 3760 5582 -3781 157 673
-16280 3196 5626 -4216 -226 1117
-16285 2977 5596 -4690 -442 1377
-16174 2625 5582 -4992 -611 1620
-16236 2137 5593 -4631 -787 1686
-16524 2012 5541 -4384 -1150 1690
-16350 1556 5409 -3875 -1246 1820
-16249 1506 5369 -3633 -1340 1894
-16054 1492 5105 -3124 -1304 2069
-15668 1605 4976 -2778 -1098 1884
-15546 1680 4732 -2665 -878 1822
-15288 1801 4646 -2742 -688 1796
-15138 1826 4489 -2886 -453 1752
-15101 1772 4366 -3060 -160 2110
-15049 2138 4196 -2876 -165 1887
-14642 2154 4060 -2955 3 1526
-15068 2164 3881 -3243 -24 1777
-14956 2484 3660 -3094 -102 1542
-15230 2321 3590 -3064 49 1621
-15390 2412 3489 -2835 131 1632
-15370 2414 3473 -2264 261 1296
-15500 2410 3461 -1559 563 1014
-15485 2486 3434 -881 838 819
-15548 2566 3332 -183 1114 562
-15638 2573 3358 459 1332 362
-15625 2604 3396 1000 1445 79
-15657 2778 3450 1493 1554 -249
-15586 2997 3526 1634 1594 -649
-15698 3268 3557 1477 1595 -992
-15810 3456 3693 1141 1474 -1300