-16236 246 4515 5673 -103 2566
-16512 10 4486 8931 1093 2007
-16597 -293 4424 12141 2448 1966
-16852 -247 4092 15955 3886 2204
-17147 322 3980 17861 4453 2771
-17434 1262 4048 17304 3873 3530
-17037 384 4048 15978 2845 4061
-16980 176 3906 14173 764 4534
-16848 26 3666 11871 -994 4791
-16490 -420 3854 8987 -2925 4627
-15824 -956 3724 6095 -5165 3905
-15398 -1688 3598 4848 -6315 3310
-15000 -1947 3558 5023 -6507 2732
-14910 -2138 3760 7630 -6244 1862
-15038 -1852 3936 10313 -5751 1033
-15032 -1226 4240 13019 -4899 10
-15128 -732 4520 15010 -4225 -814
-15169 -181 4534 15923 -3793 -1598
-15326 845 4369 16712 -3379 -2821
-15341 1408 4066 17191 -3025 -3640
-15362 2205 3671 17224 -2697 -4092
-15235 2862 3184 15819 -2264 -4645
-15278 3268 3066 14665 -2207 -5114
-15647 3926 2567 13675 -2338 -5398
-15588 4240 2368 10802 -1862 -5859
-15382 4118 2400 7907 -1020 -6612
-15328 4068 2718 6546 61 -7294
-15248 3791 3822 7299 1643 -8169
-15336 4018 4645 9398 3303 -9013
-15609 4125 5449 11855 4602 -9621
-15954 5134 5773 14059 5088 -9877
-16366 5938 6112 15837 4973 -9738
-16450 7106 5849 15824 4449 -9286
-16594 7860 5505 13743 3858 -8496
-16596 8283 5460 9531 2693 -7113
-16701 8931 5404 4179 1306 -5205
-16482 8612 5385 109 369 -3882
-16468 8440 5560 -1237 22 -3259
-16529 8056 5956 -1846 -773 -2410
-16579 8560 6282 -2500 -1584 -873
-16509 8145 6530 -2654 -2047 23
-16449 8541 6693 -2604 -2079 714
-16486 8586 6614 -3235 -2184 1455
-16440 8359 6593 -4802 -2361 2568
-16121 7380 6668 -7443 -2750 3699
-15644 6196 6801 -9135 -2919 4303
-15233 5349 6489 -10391 -2666 4520
-14920 4828 6176 -11166 -2187 4496
-14690 4374 5882 -11726 -1607 4291
-14610 3962 5744 -12219 -1060 3969
-14653 3722 5513 -12827 -572 3625
-14771 3339 5363 -13422 101 3284
-14898 3166 5160 -13605 534 3148
-15190 3075 5155 -13758 1006 3025
-15516 2880 5026 -13691 1548 2853
-16028 2552 4931 -13364 2051 2634
-16871 2599 4810 -12685 2875 2461
-17368 2812 4848 -12130 3622 2349
-17768 2860 4796 -11895 4219 2292
-18096 3063 5087 -11646 4177 2355
-18398 3152 5060 -11740 3733 2414
-18264 3066 4938 -11508 3081 2486
-17980 2973 4649 -10935 2297 2932
-17694 2772 4382 -10265 1671 3433
-17330 2598 4137 -9237 1110 4196
-16740 2110 3793 -7634 387 5683
-16270 1720 3626 -5748 -248 7204
-16093 1353 3481 -4187 -662 8181
-16054 1022 3508 -2629 -835 8831
-16058 869 3465 -1475 -829 8960
-16179 721 3503 -1168 -811 8710
-16432 404 3690 -802 -928 8217
-16553 62 3652 -67 -1047 7361
-16724 70 3594 800 -1123 6518
-16763 145 3448 1668 -1011 5674
-16678 566 3128 2534 -717 4708
-16597 1028 2974 2888 -443 3759
-16533 1486 2869 2703 -313 2954
-16484 1620 2818 2367 -394 2588
-16263 1979 2776 1711 -466 2442
-16137 2245 2802 891 -394 2529
-16002 2310 2857 278 -226 2560
-15857 2424 3009 -325 -16 2396
-15677 2450 3205 -580 150 2170
-15626 2580 3328 -652 224 2034
-15547 2510 3422 -553 168 1864
-15518 2440 3398 -378 -19 1648
-15528 2428 3534 149 -260 1476
-15615 2358 3595 707 -803 1118
-15786 2442 3680 1044 -1296 713
-16006 2552 3722 1171 -1725 327
-16200 2658 3859 969 -2382 -327
-16428 2876 4078 629 -2899 -1094
-16522 2969 4152 495 -3160 -1556
-16582 3049 4197 632 -3406 -2146
-16662 3012 4188 1216 -3649 -2614
-16720 2902 4086 2208 -3886 -2918
-16764 2754 4030 3691 -4166 -3132
-16804 2648 3961 5567 -4466 -3293
-16914 2541 3772 7743 -4689 -3378
-17037 2518 3589 10010 -4821 -3359
-16957 2640 3492 12254 -4849 -3303
-16830 2825 3204 14845 -4615 -3228
-16768 3086 3026 16610 -4348 -3222
-16804 3277 2797 17624 -4097 -3174
-16833 3369 2540 18264 -3920 -3116
-16821 3313 2382 18487 -3826 -3122
-16760 3356 2341 18503 -3773 -3164
-16608 3340 2169 18390 -3676 -3284
-16456 3362 2013 18138 -3573 -3449
-16342 3375 1898 17684 -3409 -3711
-16240 3308 1763 17011 -3206 -4112
-16167 3212 1669 16307 -2894 -4648
-16192 3282 1667 15594 -2546 -5225
-16144 3359 1606 14740 -2146 -5896
-15930 3529 1566 13766 -1686 -6621
-15805 3624 1532 12900 -1232 -7229
-15836 3688 1551 11943 -752 -7840
-15897 3698 1558 11134 -267 -8395
-16010 3763 1686 10556 113 -8855
-16173 3790 1712 9990 508 -9337
-16224 3868 1812 9551 756 -9675
-16317 4012 1901 8979 1056 -10046
-16472 4209 2055 8107 1456 -10543
-16545 4322 2309 7362 1776 -10910
-16718 4422 2392 6794 2018 -11174
-16844 4596 2560 6201 2351 -11466
-16957 4765 2680 5722 2621 -11669
-17090 4914 2852 5256 2927 -11693
-17218 5102 3066 4797 3205 -11616
-17327 5216 3210 4358 3503 -11446
-17460 5284 3374 4078 3781 -11199
-17450 5350 3468 3965 3967 -10924
-17521 5434 3614 3911 4064 -10661
-17542 5450 3692 3886 4156 -10372
-17541 5456 3762 3918 4327 -10020
-17486 5533 3914 3926 4437 -9648
-17467 5605 4055 3939 4538 -9281
-17433 5661 4142 3911 4622 -8914
-17356 5704 4290 3860 4728 -8618
-17278 5767 4490 3657 4942 -8240
-17225 5897 4672 3314 5230 -7934
-17290 5949 4861 3104 5483 -7679
-17345 5660 5220 3193 5678 -7502
-17337 5301 5606 4024 5836 -7445
-17460 5536 5868 4950 5831 -7167
-17789 5864 5976 6258 5926 -6971
-17566 6045 5901 6467 5811 -6497
-17741 6172 5745 5521 5469 -5569
-17562 6100 5946 4803 4965 -4639
-17401 5901 6176 4863 4454 -3942
-17393 5745 6298 5531 3983 -3340
-17612 5833 6310 6594 3512 -2857
-18054 5949 6433 7337 2790 -2618
-18677 5888 6354 7387 1946 -2310
-19125 5970 6018 6523 1110 -1826
-19312 5981 5766 5297 568 -1260
-19078 5938 5576 4319 164 -768
-18644 6002 5421 3842 -157 -289
-18078 6034 5206 3846 -324 274
-17540 6168 4960 4086 -402 933
-17068 6433 4690 4118 -368 1701
-16633 6637 4422 3650 -408 2603
-16301 6764 4198 2586 -600 3643
-16088 6809 4057 1153 -871 4762
-16005 6745 3886 -634 -1179 5851
-15889 7098 2933 -4544 -1053 6977
-15504 5293 3406 -8363 -940 6919
-15233 4769 3069 -10987 -615 6785
-15301 4044 3036 -13664 -350 6930
-15861 3093 2370 -15563 211 7044
-16150 3281 2138 -17756 922 7184
-16708 2830 1942 -19951 1269 7182
-17188 1386 1961 -19674 1148 6501
-17688 1336 2785 -22789 -162 6479
-18737 505 3681 -24061 -3765 5214
-18888 -2104 2080 -14096 -5178 4784
-17622 344 2789 -6917 -5428 8514
-19670 2230 4521 -8989 -8404 11297
-17768 -2301 3612 -3102 -8794 11334
-16892 976 2898 764 -9636 12306
-17614 1816 2694 2161 -9694 12591
-17068 439 2483 4238 -8997 12178
-16361 1358 2150 4299 -7472 11449
-16054 1789 2106 4089 -6498 10681
-16085 2188 1888 2976 -5375 10042
-15984 2409 1754 1272 -4203 9603
-15924 2661 1672 -642 -3357 9319
-15833 2853 1670 -2986 -2701 9165
-15902 3069 1770 -5734 -2210 9147
-15877 3214 1842 -8413 -1925 9138
-15909 3232 1938 -10880 -1673 9110
-16024 3101 1936 -13028 -1514 8998
-16128 2774 2121 -14542 -1335 8743
-16358 2781 2265 -15534 -1115 8370
-16762 2962 2470 -16239 -908 7931
-16969 3216 2597 -16701 -717 7560
-17152 3514 2604 -17015 -462 7292
-17353 3874 2697 -17161 -245 7133
-17457 4096 2584 -17064 -144 7119