-16354 4165 5002 768 1697 -3630
-16490 4352 4834 1307 1637 -3369
-16672 4502 4717 1564 1696 -3033
-16660 4734 4666 1600 1787 -2676
-16694 4676 4708 1502 1910 -2282
-16625 4209 5026 2140 2116 -2155
-16729 4012 5372 3675 2297 -2192
-16893 4937 5318 4886 2285 -1692
-16713 5472 5031 4572 1940 -964
-16680 5629 4633 3071 1581 -447
-16482 5370 4501 1268 1142 -228
-16201 5107 4526 -703 682 5
-15736 4834 4809 -2260 440 190
-15665 4654 4906 -2994 386 232
-15570 4425 5065 -3585 431 197
-15501 4388 5130 -4009 736 58
-15497 4289 5236 -4669 887 -74
-15622 4108 5445 -5452 969 -279
-15708 3825 5629 -6314 1028 -364
-15888 3724 5793 -7066 1120 -353
-16178 3573 5805 -7872 1089 -299
-16388 3281 5793 -8586 990 -422
-16580 3190 5676 -9222 795 -512
-16618 3184 5461 -9638 568 -511
-16504 3396 5301 -9898 212 -455
-16388 3482 5245 -9811 -132 -292
-16145 3584 5138 -9499 -288 -22
-15988 3602 5144 -8641 -348 331
-15994 3237 5306 -7232 -487 794
-15937 2884 5276 -6053 -887 1571
-15921 2720 4948 -5426 -1287 2410
-15776 2157 4889 -4829 -1467 2767
-15550 1718 5244 -3933 -1666 2699
-15402 1801 5446 -3025 -1839 2316
-15488 2144 5470 -2153 -1871 1930
-15610 2266 5317 -1470 -1881 1539
-15893 2361 5121 -908 -1880 1102
-16240 2354 4890 -591 -2052 805
-16460 2328 4734 -379 -2262 682
-16728 2298 4598 -49 -2440 869
-16806 2298 4449 523 -2569 1101
-16846 2277 4346 1311 -2621 1334
-16817 2284 4109 2225 -2524 1512
-16697 2193 4058 3176 -2315 1717
-16632 2232 4045 4025 -1961 1984
-16448 2093 3966 4825 -1513 2225
-16313 1988 3856 5618 -1029 2359
-16125 1872 3813 6188 -548 2378
-16056 2008 3861 6560 15 2372
-15921 2086 3912 6673 509 2272
-15749 2218 3972 6467 1008 2058
-15604 2422 4136 6051 1586 1777
-15588 2626 4406 5506 2203 1493
-15704 2880 4606 4826 2826 1086
-15960 3185 4746 3881 3341 695
-16254 3398 4986 2691 3699 427
-16584 3701 5152 1202 3846 283
-16872 3914 5305 -589 3644 219
-17042 3998 5304 -2410 3160 203
-17038 3962 5389 -3876 2518 182
-16953 3777 5358 -4712 1775 199
-16968 3652 5200 -4996 928 326
-16846 3528 5088 -5040 26 600
-16776 3437 4916 -4872 -969 1006
-16734 3265 4732 -4692 -1975 1493
-16565 3138 4600 -4481 -2859 1942
-16440 3021 4401 -4090 -3609 2308
-16253 2764 4257 -3564 -4169 2552
-16116 2445 4014 -2866 -4483 2713
-15938 2298 3893 -1864 -4511 2891
-15709 2026 3833 -670 -4366 3017
-15520 1792 3693 500 -4023 3064
-15412 1668 3582 1575 -3600 3041
-15356 1480 3594 2348 -3118 2998
-15416 1413 3653 2875 -2628 2881
-15430 1401 3620 3144 -2205 2618
-15512 1284 3648 3186 -1849 2234
-15570 1214 3674 3102 -1575 1786
-15625 1190 3664 2850 -1404 1353
-15750 1309 3650 2434 -1287 901
-15832 1373 3760 2107 -1080 490
-15857 1252 3700 1857 -895 118
-16089 1274 3745 1836 -674 -225
-16205 1390 3726 1986 -417 -479
-16413 1525 3730 2155 -153 -677
-16598 1692 3766 2358 160 -828
-16748 1882 3802 2498 422 -935
-16952 2080 3873 2603 656 -1024
-17192 2258 3909 2737 826 -1086
-17270 2292 3958 2789 943 -1123
-17274 2460 4004 2985 1003 -1126
-17250 2526 4050 3240 1040 -1086
-17156 2514 4066 3621 1039 -1059
-17016 2498 4054 4130 1049 -1041
-16864 2602 4022 4646 1081 -1079
-16678 2657 4029 5199 1095 -1145
-16496 2782 3952 5715 1131 -1250
-16272 2885 3890 6141 1124 -1339
-16078 2958 3774 6455 1098 -1447
-15921 3030 3705 6705 1056 -1520
-15770 3148 3676 6885 980 -1595
-15728 3218 3618 7052 951 -1733
-15597 3169 3556 7218 983 -1876
-15652 3305 3433 7307 945 -2035
-15553 3372 3436 7294 950 -2219
-15580 3362 3358 7240 968 -2400
-15620 3370 3394 7131 984 -2597
-15668 3402 3370 6977 1009 -2892
-15757 3369 3378 6749 1065 -3171
-15862 3445 3277 6506 1119 -3526
-15888 3494 3432 6223 1156 -3843
-15901 3596 3426 5939 1177 -4199
-15944 3630 3474 5680 1179 -4469
-15948 3574 3566 5607 1174 -4742
-15988 3652 3554 5677 1187 -4979
-16037 3674 3577 5897 1193 -5201
-16104 3741 3564 6159 1221 -5375
-16208 3852 3614 6437 1244 -5468
-16314 3958 3593 6684 1204 -5540
-16389 4018 3602 6924 1168 -5568
-16453 4092 3613 7163 1104 -5542
-16544 4130 3534 7406 1067 -5521
-16666 4193 3526 7646 1036 -5482
-16774 4220 3540 7905 1011 -5405
-16764 4272 3453 8153 1024 -5313
-16725 4408 3441 8305 998 -5197
-16590 4437 3358 8411 991 -5054
-16506 4529 3446 8470 951 -4892
-16361 4546 3381 8528 955 -4708
-16210 4554 3326 8604 932 -4502
-16190 4581 3294 8648 889 -4295
-16114 4556 3253 8678 806 -4104
-16113 4500 3182 8666 733 -3972
-16140 4421 3092 8630 618 -3849
-16092 4421 3157 8509 520 -3789
-16125 4378 3084 8283 454 -3799
-16252 4324 3048 8048 409 -3830
-16304 4378 3100 7771 388 -3897
-16413 4418 3162 7428 358 -3984
-16433 4468 3214 6988 321 -4094
-16497 4485 3328 6581 329 -4237
-16649 4453 3434 6312 291 -4350
-16869 4592 3536 6122 269 -4380
-16970 4728 3670 6156 269 -4380
-16976 4745 3597 6180 488 -4381
-16874 4716 3682 6340 795 -4356
-17030 4710 3965 6798 734 -4249
-16838 5113 3890 6717 926 -3949
-16748 5253 3978 6662 1282 -3691
-16661 5265 4092 6672 1441 -3362
-16318 5236 4213 6737 1729 -2962
-16054 5392 4232 6753 2043 -2472
-15878 5273 4284 7016 2359 -2031
-15725 5268 4325 7285 2492 -1628
-15618 5241 4344 7424 2438 -1201
-15594 5198 4457 7391 2181 -775
-15709 5229 4545 7206 1874 -397
-15742 5137 4654 6792 1518 -96
-15801 5010 4697 6306 1187 210
-15864 4737 4664 6013 807 417
-15690 3974 4868 6765 644 338
-15296 2728 5096 9417 796 -140
-15575 3118 4879 13109 1285 -327
-15949 3725 4714 15615 1756 -163
-16220 4269 4744 16410 1954 4
-16616 5205 4661 15347 1946 525
-17072 5990 4578 12282 1412 1144
-17113 5518 5173 9194 122 1607
-17201 5592 5378 5993 -1094 2043
-17264 5244 5414 3412 -2097 2659
-17198 4824 5728 1861 -2650 3288
-16896 4365 5892 1216 -2755 3706
-16838 4446 5840 683 -2483 4248
-17004 4574 6112 101 -2460 4891
-17184 4493 6192 2 -2623 5394
-17122 4840 5822 -86 -2482 5850
-17269 4708 5857 -373 -2260 5965
-17310 5173 5816 -950 -2031 6156
-17634 5188 5689 -1794 -1955 6403
-17376 4893 5777 -2176 -1839 6699
-17352 5154 5717 -2149 -1517 6950
-17512 5565 5585 -2089 -1111 7171
-17618 6196 5376 -2012 -560 7271
-18250 7293 5340 -2390 46 7321
-19037 8318 5309 -3360 381 7682
-19577 8944 5520 -4768 274 8552
-19830 9124 5542 -6005 164 10083
-20101 9394 5317 -7246 35 12081
-20172 9032 5309 -7831 182 13778
-20184 9261 5324 -7969 359 15220
-20070 9644 5410 -7967 594 16292
-20050 10220 5449 -8325 560 17205
-19866 10754 5412 -9094 569 18136
-19589 10865 5396 -10138 637 19010
-19096 10785 5445 -10969 753 19655
-18721 11188 5312 -11531 964 19990
-18422 11150 5192 -11765 1319 20344
-17918 10974 4893 -11625 1687 20548
-17557 11104 4558 -11199 2036 20884
-17120 11178 4416 -10726 2426 21091