-15744 2372 4713 -1226 13 821
-15560 2501 4876 -1566 276 887
-15661 2681 5032 -2269 582 947
-15707 2791 5222 -2912 818 911
-15972 2949 5486 -3627 1001 909
-16013 3016 5661 -4126 986 1013
-16298 3056 5696 -4492 928 1208
-16354 3115 5692 -4898 693 1163
-16522 3143 5628 -5273 514 1204
-16538 3104 5646 -5518 270 1323
-16732 3084 5470 -5044 -136 1538
-16601 3002 5364 -4640 -449 1348
-17026 3133 5250 -4228 -948 1682
-16706 3065 5117 -3342 -1004 1771
-16882 3043 4919 -2352 -1268 2192
-16645 2911 4803 -871 -1483 2338
-16480 2826 4378 274 -1565 2745
-16449 2912 4189 915 -1619 3114
-16477 2812 4069 1062 -1793 3451
-16414 2537 3945 1153 -1734 3785
-16485 2202 3811 918 -1801 4057
-16380 1768 3900 568 -1831 4221
-16408 1300 3893 -102 -1915 4344
-16485 664 4159 -1425 -2120 4661
-16286 76 4408 -2214 -1973 4738
-16101 -436 4689 -2462 -1710 4580
-15983 -802 4873 -2536 -1508 4223
-16148 -1002 5057 -2516 -1437 3737
-15737 -1472 5264 -2495 -1579 3207
-15754 -1402 5316 -2225 -1701 2736
-15561 -1574 5429 -1920 -2088 1882
-15376 -1522 5456 -720 -2342 148
-15320 -1450 5481 1415 -2276 -1541
-15300 -1326 5540 3275 -2042 -2454
-15390 -925 5505 5813 -1595 -3424
-15466 -352 5378 8137 -1029 -4225
-15699 315 5249 10161 -406 -4669
-15746 775 5233 12737 192 -5159
-15862 1315 4974 15082 815 -5430
-16137 2060 5068 16413 797 -5291
-16202 2494 4851 16975 701 -5173
-16393 2889 4722 17571 393 -4753
-16237 3210 4597 17367 -14 -4556
-16134 3324 4636 17223 -414 -4417
-15969 3293 4758 17050 -522 -4207
-15927 3429 5049 16723 -984 -3851
-15939 3445 5600 15873 -1995 -3491
-16081 3389 5873 14652 -3014 -3366
-15849 3296 6051 13668 -3822 -3422
-15635 2949 6223 12907 -4326 -3527
-15383 2614 6310 12875 -4545 -3882
-15277 2428 6180 13509 -4595 -4317
-15217 2650 6021 14258 -4482 -4761
-15172 2960 5840 14717 -4227 -5168
-15190 3150 5578 15040 -3997 -5450
-15300 3336 5292 14972 -3784 -5610
-15234 3614 5172 14708 -3487 -5790
-15167 3966 4825 13887 -2922 -5995
-15253 4168 4636 13127 -2392 -6167
-15170 4097 4537 12573 -1896 -6144
-15240 4216 4454 12110 -1490 -6041
-15170 4238 4674 11705 -1214 -6014
-15166 4294 4772 11665 -1015 -6010
-15259 4472 4896 11712 -835 -5954
-15274 4722 5164 11655 -680 -5849
-15194 4732 5344 11373 -724 -5662
-15160 4901 5477 11230 -631 -5663
-15014 5082 5728 10837 -622 -5604
-14934 5254 5916 10234 -680 -5572
-14862 5449 6296 9582 -914 -5309
-14778 5468 6290 9099 -1042 -5076
-14677 5422 6500 8452 -1171 -4858
-14654 5309 6590 7639 -1227 -4607
-14701 5178 6732 7067 -1101 -4462
-14820 5096 6700 6547 -869 -4317
-14933 5293 6709 6104 -485 -4190
-14964 5222 6726 5790 -44 -4103
-14982 5254 6786 5612 399 -4008
-15020 5205 6813 5325 812 -3916
-15241 5281 6857 5041 1031 -3862
-15160 5033 7153 4630 1132 -3509
-15185 4740 7240 4583 1065 -3247
-15166 4700 7158 4380 1139 -3162
-15264 4625 7249 4050 1178 -3005
-15206 4440 7412 3674 1178 -2889
-15202 4229 7398 3380 1176 -2735
-15154 4017 7464 3225 1233 -2582
-14990 3778 7438 3144 1357 -2512
-14981 3584 7512 3151 1531 -2443
-14941 3500 7542 3298 1773 -2443
-14950 3276 7582 3585 2140 -2475
-14992 3148 7736 4063 2448 -2501
-15213 3136 7670 4607 2848 -2619
-15485 3214 7582 5152 3470 -2651
-15706 3557 7325 5475 4140 -2607
-15888 3957 7044 5777 4912 -2460
-15641 4404 6814 5885 5525 -2364
-15312 4606 6750 5620 5901 -2101
-15142 4444 6890 4934 5818 -1762
-14973 3930 6993 4379 5388 -1498
-15058 3493 7276 4086 4773 -1263
-15384 3332 7456 3824 3932 -1054
-15750 3158 7893 3985 2876 -867
-16064 3252 8005 4463 1932 -813
-16233 3406 7989 5591 1569 -942
-16221 3557 7918 7155 1387 -1154
-16240 3797 7904 8859 1324 -1197
-16124 3968 7908 10458 904 -1221
-16142 4208 7889 11991 352 -1146
-16012 4321 7730 13112 -7 -906
-16016 4514 7258 13541 -672 -664
-15636 4596 6453 13113 -837 -304
-15352 4621 5956 11979 -682 92
-15113 4780 5450 10418 -339 517
-15000 4654 4933 8816 31 788
-14872 4732 4590 7240 311 950
-14898 4672 4297 5517 479 990
-15049 4405 3981 3838 584 950
-15140 4269 3881 2378 574 899
-15296 4226 3868 887 460 702
-15445 4226 3925 -303 329 484
-15532 4338 3901 -1489 228 334
-15717 4328 4002 -2494 180 172
-15785 4234 4137 -3222 212 135
-15894 4057 4252 -3723 309 180
-16084 3809 4401 -3938 385 216
-16233 3562 4548 -3858 416 298
-16352 3364 4616 -3587 423 333
-16538 3157 4708 -3215 378 446
-16769 2989 4732 -2926 214 619
-16841 2810 4802 -2756 -26 822
-16957 2732 4729 -2802 -432 1025
-17025 2741 4565 -3041 -919 1173
-17009 2618 4532 -3364 -1475 1264
-16977 2590 4358 -3906 -1986 1262
-16796 2509 4370 -4345 -2264 1216
-16454 2546 4432 -4425 -2118 1035
-16265 2332 4409 -3774 -1553 714
-15970 2138 4545 -2395 -711 200
-15876 2210 4570 -558 183 -311
-15810 2256 4541 1711 1160 -658
-15833 2520 4526 4086 2026 -929
-15989 2684 4572 5870 2454 -1117
-16229 2962 4469 7055 2504 -1084
-16353 3128 4412 7821 2140 -1004
-16612 3210 4252 7768 1252 -945
-16676 3380 4102 7184 307 -894
-16606 3473 3865 6470 -569 -948
-16462 3474 3656 5830 -1244 -968
-16269 3417 3380 5185 -1648 -1189
-16041 3293 3317 4795 -1752 -1490
-15817 3173 3166 4723 -1555 -1757
-15644 3085 3108 4925 -1105 -1991
-15497 3176 3048 5181 -542 -2259
-15412 3277 2965 5414 41 -2553
-15378 3414 3009 5582 512 -2800
-15338 3550 2916 5638 869 -3006
-15378 3705 2858 5565 1106 -3154
-15464 3780 2897 5384 1236 -3256
-15529 3932 2866 5071 1265 -3340
-15630 4021 2838 4657 1278 -3383
-15604 4126 2901 4150 1321 -3408
-15653 4193 2844 3591 1378 -3415
-15741 4290 2893 2985 1458 -3414
-15758 4317 2853 2384 1549 -3417
-15781 4354 2922 1772 1703 -3390
-16006 4345 3024 1218 1876 -3363
-16190 4349 3093 666 2073 -3330
-16205 4396 3161 205 2272 -3283
-16278 4501 3385 -242 2484 -3228
-16364 4522 3446 -682 2630 -3148
-16376 4630 3578 -1097 2754 -3015
-16425 4678 3702 -1535 2799 -2827
-16498 4676 3824 -1861 2815 -2593
-16574 4693 3932 -2227 2798 -2332
-16628 4686 3937 -2536 2739 -2034
-16664 4694 4088 -2853 2639 -1754
-16700 4641 4241 -3121 2558 -1495
-16741 4548 4336 -3306 2483 -1222
-16680 4516 4416 -3379 2371 -996
-16702 4454 4434 -3315 2260 -777
-16682 4390 4490 -3176 2139 -588
-16672 4318 4582 -2921 2029 -384
-16697 4237 4584 -2606 1924 -163
-16672 4160 4621 -2247 1804 34
-16658 4150 4570 -1860 1678 249
-16656 4062 4613 -1458 1586 410
-16732 3976 4513 -1073 1464 600
-16752 3988 4441 -798 1364 705
-16736 4009 4348 -651 1333 843
-16725 4018 4292 -746 1305 934
-16622 4053 4278 -1067 1329 1019
-16597 4084 4289 -1588 1404 1078
-16524 4133 4292 -2245 1469 1146
-16540 4112 4237 -2959 1558 1187
-16517 4038 4278 -3655 1629 1213
-16522 4057 4440 -4271 1668 1239
-16554 3937 4478 -4831 1658 1257
-16586 3945 4520 -5291 1598 1311
-16553 3898 4570 -5706 1554 1368