-16314 3936 2593 -4430 -155 1814
-16206 3870 2601 -4814 -40 1773
-16120 3877 2674 -5098 53 1739
-16066 3917 2748 -5294 170 1717
-15998 3941 2742 -5450 298 1707
-15936 3952 2705 -5589 390 1706
-15900 3985 2822 -5689 474 1682
-15860 3982 2893 -5808 523 1705
-15925 3957 2902 -5935 558 1672
-16032 3928 2953 -6042 563 1671
-16118 3958 3104 -6137 588 1635
-16206 3986 3158 -6181 615 1620
-16232 3906 3182 -6200 658 1605
-16256 3917 3324 -6164 660 1593
-16197 3977 3266 -6037 686 1665
-16209 3950 3358 -5866 696 1722
-16290 3968 3477 -5716 709 1768
-16381 3961 3464 -5618 809 1811
-16469 3982 3558 -5583 887 1838
-16574 4005 3684 -5612 904 1860
-16625 3990 3808 -5747 952 1894
-16630 3993 3842 -5885 940 1932
-16696 4008 3936 -5946 913 1985
-16664 3972 3978 -5961 946 2042
-16653 3888 4069 -5866 897 2097
-16677 3852 4198 -5769 874 2167
-16577 3897 4300 -5660 863 2194
-16552 3938 4282 -5606 883 2265
-16466 3940 4336 -5582 875 2320
-16418 3889 4356 -5540 866 2407
-16349 3877 4482 -5520 835 2535
-16289 3840 4576 -5486 792 2646
-16329 3756 4597 -5469 797 2705
-16426 3656 4734 -5479 752 2738
-16536 3568 4840 -5520 796 2703
-16646 3470 4972 -5606 825 2629
-16742 3385 5058 -5676 811 2563
-16745 3365 5090 -5774 798 2479
-16648 3416 5173 -5898 765 2401
-16464 3424 5236 -5972 742 2312
-16322 3408 5316 -5961 704 2279
-16082 3400 5242 -5813 672 2268
-15856 3440 5274 -5529 617 2334
-15650 3381 5206 -5188 594 2398
-15426 3384 5166 -4825 581 2497
-15200 3400 5126 -4527 667 2538
-15032 3398 5089 -4326 758 2600
-14950 3353 5160 -4330 906 2630
-14913 3293 5174 -4449 1086 2607
-14920 3237 5302 -4686 1229 2502
-14958 3184 5376 -5027 1339 2383
-14948 3073 5490 -5404 1454 2211
-15049 2964 5652 -5737 1497 2012
-15091 2851 5759 -6116 1526 1693
-15149 2820 5898 -6313 1507 1346
-15148 2740 5960 -6389 1461 988
-15285 2668 5996 -6319 1467 594
-15422 2732 6143 -6265 1360 189
-15577 2706 6185 -5975 1258 -205
-15684 2696 6257 -5664 1038 -518
-15796 2886 6501 -5329 784 -684
-15796 2937 6562 -4938 639 -886
-15865 3012 6788 -4529 500 -1037
-15953 3142 6880 -4173 383 -1131
-16010 3214 6989 -3932 325 -1185
-16085 3296 7238 -3670 115 -1230
-16154 3399 7348 -3357 -152 -1143
-16202 3463 7610 -3030 -550 -1031
-16185 3489 7643 -2765 -1038 -892
-16108 3383 7622 -2444 -1464 -785
-16004 3294 7650 -2138 -1701 -673
-15936 3227 7574 -1845 -1859 -564
-15855 3123 7485 -1486 -1906 -509
-15837 3069 7313 -1074 -1698 -514
-15810 3096 7228 -775 -1442 -529
-15758 3090 7158 -521 -1118 -520
-15717 3112 6984 -294 -667 -583
-15653 3170 6890 -203 -318 -631
-15494 3193 6616 -194 -55 -709
-15429 3178 6345 -107 147 -728
-15365 3209 6172 -15 223 -725
-15234 3208 5922 -159 326 -694
-15146 3166 5711 -383 456 -813
-15116 3218 5654 -874 478 -763
-15062 3290 5622 -1276 452 -727
-14974 3184 5623 -1550 393 -804
-14933 3214 5593 -1844 343 -877
-14964 3161 5542 -2029 324 -932
-15048 3125 5646 -2212 281 -1014
-15081 3110 5693 -2420 209 -1091
-15198 3100 5661 -2690 181 -1227
-15273 3098 5606 -2926 208 -1362
-15310 3158 5661 -3093 269 -1485
-15373 3187 5661 -3274 371 -1567
-15430 3242 5752 -3472 492 -1618
-15434 3303 5788 -3722 604 -1675
-15478 3360 5864 -3989 711 -1705
-15486 3381 5941 -4138 767 -1698
-15544 3368 5952 -4131 821 -1671
-15554 3394 5983 -4017 802 -1651
-15616 3459 6014 -3659 701 -1546
-15690 3510 5985 -3172 526 -1355
-15768 3509 5984 -2818 364 -1200
-15924 3449 5968 -2239 147 -906
-16083 3437 5835 -1510 -131 -557
-16114 3326 5838 -1026 -298 -295
-16170 3405 5661 -581 -404 -10
-16122 3385 5578 -179 -467 277
-16057 3436 5478 -51 -513 558
-15997 3376 5478 -129 -529 810
-15889 3256 5489 -267 -514 1029
-15850 3180 5420 -386 -487 1189
-15703 3062 5501 -497 -342 1393
-15592 2950 5570 -531 -114 1543
-15552 2946 5606 -556 31 1628
-15486 2852 5729 -562 141 1695
-15416 2802 5749 -624 191 1777
-15396 2762 5782 -698 170 1835
-15386 2694 5792 -738 134 1888
-15389 2600 5890 -736 94 1912
-15322 2648 5780 -656 58 1943
-15348 2561 5765 -574 56 1939
-15402 2503 5688 -405 9 1886
-15411 2464 5619 -251 37 1826
-15439 2423 5591 -128 98 1714
-15494 2474 5476 -98 142 1578
-15562 2486 5502 -157 225 1415
-15602 2497 5455 -222 270 1191
-15556 2468 5448 -269 303 1061
-15588 2508 5448 -313 290 939
-15557 2578 5450 -317 295 815
-15568 2585 5399 -315 291 698
-15582 2617 5420 -291 290 595
-15601 2601 5396 -254 316 511
-15562 2569 5424 -212 331 428
-15605 2586 5475 -136 356 324
-15616 2530 5468 -76 355 237
-15642 2593 5450 19 354 178
-15680 2632 5523 120 343 83
-15705 2650 5448 216 338 6
-15727 2708 5537 284 321 -37
-15785 2711 5612 363 325 -123
-15738 2754 5644 457 350 -181
-15773 2802 5632 535 302 -179
-15815 2850 5763 615 224 -210
-15818 2920 5731 688 223 -226
-15801 2947 5756 700 187 -243
-15743 3008 5861 704 194 -270
-15715 3063 5820 722 227 -258
-15722 3048 5823 775 231 -285
-15654 3076 5836 834 245 -328
-15680 3073 5916 881 232 -348
-15696 3225 5832 874 187 -385
-15682 3184 5868 772 185 -477
-15656 3240 5836 643 149 -509
-15644 3185 5837 522 165 -533
-15622 3117 5820 565 195 -570
-15679 3112 5760 735 205 -616
-15704 3203 5730 805 220 -655
-15654 3246 5696 828 215 -708
-15705 3194 5682 766 226 -745
-15685 3169 5676 806 216 -735
-15729 3131 5616 838 229 -772
-15739 3208 5592 1009 210 -793
-15724 3232 5496 1121 181 -759
-15680 3286 5517 1123 146 -758
-15703 3191 5501 1096 128 -751
-15736 3238 5416 1137 82 -706
-15759 3180 5436 1206 72 -707
-15776 3211 5451 1295 41 -697
-15826 3208 5448 1300 10 -710
-15838 3199 5441 1350 -15 -712
-15854 3206 5468 1288 -32 -705
-15951 3150 5670 1273 -45 -715
-16061 3150 5821 1223 -103 -703
-16120 3129 5892 1275 -211 -703
-16070 3062 6160 1266 -328 -650
-16079 3023 6234 1336 -519 -597
-16016 2994 6401 1293 -637 -554
-15877 2894 6455 1529 -922 -553
-15809 2745 6426 1662 -1117 -573
-15642 2661 6348 1895 -1078 -612
-15519 2583 6395 2122 -1169 -587
-15274 2648 6461 2223 -1207 -555
-15189 2600 6362 2228 -1186 -572
-15110 2502 6342 2242 -1118 -623
-15040 2465 6333 2331 -996 -709
-15052 2476 6262 2495 -852 -764
-15060 2592 6242 2672 -596 -875
-15068 2809 6242 2784 -327 -894
-15129 3006 6306 2860 -158 -856
-15214 3292 6430 2752 7 -782
-15226 3446 6542 2603 82 -706
-15169 3566 6660 2395 110 -611
-15065 3702 6821 2168 134 -416
-15014 3720 6902 2005 114 -259
-15050 3808 6856 1698 134 -126
-15000 3566 7000 1670 66 -50
-14996 3582 7083 1569 83 94
-15072 3576 7161 1495 107 338