-15865 4690 2613 8332 1920 -1471
-15721 4730 2605 7675 2126 -1274
-15644 4769 2616 6850 2265 -1144
-15580 4666 2644 5946 2336 -1018
-15577 4664 2690 5063 2444 -881
-15604 4585 2777 4107 2516 -848
-15612 4477 2905 3169 2478 -880
-15702 4394 3012 2421 2543 -848
-15774 4213 3141 1840 2563 -846
-15873 4126 3226 1494 2607 -883
-16010 3960 3337 1333 2683 -969
-16252 3885 3460 1386 2704 -992
-16501 3874 3538 1557 2736 -998
-16624 3937 3608 1713 2752 -950
-16750 3976 3712 1770 2757 -906
-16861 3970 3837 1747 2812 -793
-16972 4028 3926 1714 2825 -653
-17020 4046 4005 1676 2837 -482
-17018 4034 4273 1679 2856 -302
-16956 4036 4312 1719 2821 -110
-16926 4008 4333 1785 2737 105
-16866 3994 4476 1883 2644 344
-16832 3950 4554 2041 2496 582
-16745 3912 4558 2247 2323 843
-16608 3870 4634 2534 2130 1120
-16520 3794 4624 2861 1943 1359
-16689 3802 4849 5008 2949 1491
-15642 3518 4990 4114 1511 1047
-17038 3349 4716 5077 1704 1752
-15968 3233 5072 5066 1605 1720
-16228 2934 5306 3707 890 2102
-16016 1910 5696 3623 79 2449
-15500 1372 6120 4358 -312 1694
-15738 874 6156 4273 -871 1231
-15576 784 6198 4736 -1424 574
-15326 457 6254 4716 -1512 -74
-15406 565 6089 4634 -1683 -823
-15569 1261 5485 4045 -2107 -1785
-15214 1229 5096 3874 -1367 -2378
-15648 2080 4510 3567 -1024 -2858
-15829 2409 4198 3314 -541 -3029
-15837 2930 4101 3141 -10 -3445
-16412 3518 3966 2946 351 -3621
-16616 3600 4014 2636 874 -3691
-17261 4076 4080 1896 838 -3616
-17716 4240 4228 1242 872 -3490
-17814 4436 4300 453 518 -3443
-17664 4402 4249 -530 455 -3361
-17529 4420 4217 -1230 96 -3106
-17373 4484 4085 -1375 -105 -2945
-17204 4542 4048 -1363 -305 -2653
-16969 4630 3938 -1085 -349 -2135
-16685 4668 3957 -765 -163 -1606
-16573 4864 3917 -668 29 -1035
-16389 4938 3880 -881 211 -549
-16265 4945 3897 -1395 266 -105
-16202 4868 3866 -1974 321 376
-16176 4836 4100 -2494 334 739
-16168 4658 4138 -3047 257 1050
-16278 4572 4316 -3576 178 1273
-16382 4366 4326 -4093 10 1438
-16481 4182 4436 -4574 -246 1611
-16585 4038 4528 -4955 -520 1692
-16614 3922 4614 -5149 -779 1776
-16601 3764 4673 -5031 -933 1859
-16612 3696 4757 -4660 -1099 1895
-16584 3625 4744 -4074 -1240 2009
-16572 3612 4773 -3313 -1408 2153
-16476 3594 4656 -2458 -1609 2355
-16422 3616 4570 -1600 -1807 2617
-16336 3580 4493 -724 -2029 2932
-16280 3629 4328 71 -2215 3269
-16237 3606 4200 737 -2362 3610
-16204 3544 3981 1270 -2483 3932
-16157 3554 3770 1565 -2560 4219
-16130 3401 3666 1708 -2578 4457
-16082 3298 3452 1667 -2570 4665
-16188 3142 3416 1521 -2523 4774
-16268 3018 3290 1279 -2400 4803
-16374 2916 3265 941 -2290 4743
-16374 2862 3189 396 -2147 4682
-16354 2918 3189 -336 -1945 4584
-16302 2922 3182 -1255 -1727 4396
-16288 3016 3333 -2150 -1529 4170
-16149 2949 3574 -2845 -1369 3985
-16100 2917 3870 -3311 -1267 3868
-16040 2968 3997 -3541 -1166 3874
-16024 2945 4181 -3660 -1252 3934
-16069 2856 4250 -3689 -1464 4066
-16073 2868 4374 -3557 -1728 4296
-16008 2804 4469 -3125 -2001 4483
-15968 2622 4472 -2417 -2256 4581
-16088 2554 4438 -1491 -2365 4625
-16221 2502 4372 -449 -2382 4789
-16334 2428 4380 391 -2324 4940
-16436 2397 4290 902 -2276 4997
-16617 2460 4228 1120 -2280 4926
-16649 2430 4185 1074 -2278 4796
-16621 2390 4048 881 -2201 4671
-16578 2310 4012 801 -2091 4454
-16568 2258 4022 783 -1835 4165
-16642 2625 4142 758 -1480 3749
-16902 3372 4334 600 -943 3259
-17166 4309 4504 272 -362 2816
-17488 5193 4550 -217 261 2530
-17892 6149 4854 -761 900 2584
-18470 7474 5313 -1339 1471 2840
-19413 9073 5713 -1960 2267 3373
-19924 9736 6238 -3498 2403 4399
-20361 10336 6300 -4446 2064 6102
-20464 9222 6620 -4124 1187 8087
-20421 8708 6557 -2303 358 10811
-19874 8262 6710 334 -525 13234
-19229 8114 6734 3178 -1110 14943
-18793 8237 6721 5833 -1419 16069
-18357 8564 6724 7713 -1425 16542
-17836 8974 6745 8657 -1097 16779
-17342 9517 6649 8507 -786 16802
-16942 10032 6556 7738 -409 16597
-16568 10328 6370 6840 -54 16383
-16268 10646 6152 6011 116 16123
-15862 10674 5930 5581 392 16029
-15540 10988 5896 5465 513 16012
-15494 11622 5920 5342 726 16089
-15458 12292 5905 5053 847 16028
-15584 13133 5768 4814 1125 15858
-15617 13473 5657 4640 1238 15795
-15505 14005 5464 4888 1407 16111
-15545 14594 5297 5211 1294 16713
-15250 14641 5205 6118 1178 17628
-14825 15048 5058 7362 1226 18611
-14404 15534 4922 8392 1418 19684
-13628 15869 4728 8967 1949 20703
-13165 16344 4580 8720 2715 21562
-12658 16920 4613 7581 3404 22298
-12632 17617 4444 5406 3775 22823
-12514 17906 4434 2523 3753 23226
-12621 18189 4504 -379 3186 23515
-12566 18158 4689 -3008 2244 23821
-12549 18145 4904 -5110 1205 24123
-12342 17641 5106 -6298 159 24446
-11665 16714 5394 -6219 -480 24797
-11410 16457 5502 -5070 -761 25023
-11061 16561 5738 -3854 -898 25105
-10825 16813 5833 -3063 -946 24952
-10194 16476 5873 -2816 -1003 24758
-9880 16576 5706 -2621 -1112 24559
-9814 16696 5576 -2581 -1153 24150
-9045 16228 5664 -2502 -1393 23871
-8760 16441 5524 -2545 -1552 23628
-7905 15948 5570 -2883 -1871 23593
-7302 16068 5645 -3650 -2002 23269
-6972 16209 5742 -5016 -2302 22567
-6548 16234 5409 -6633 -2454 21465
-6310 16206 5157 -8195 -2101 20310
-5589 15420 5042 -9108 -1267 19300
-4601 14582 5396 -9186 -236 18277
-3912 14121 5548 -8419 804 17536
-3757 14420 5481 -7742 1279 16453
-2757 13858 5530 -7363 1161 15643
-2213 13498 5453 -7163 795 15033
-1950 13614 5348 -6895 111 14496
-1918 14097 5154 -6959 -815 13719
-1138 13704 5276 -7046 -1691 12881
-593 13488 5376 -6671 -2318 12012
50 13066 5456 -5911 -2597 11389
734 12796 5512 -4793 -2586 10861
908 13348 5488 -4133 -2435 10127
1569 13430 5568 -4073 -2273 9223
1445 14393 5576 -4754 -2218 8317
1633 14690 5690 -5906 -2335 7454
1720 14950 5770 -7143 -2647 6725
1980 14690 6072 -8172 -2996 6203
1728 15289 6296 -8503 -3294 5601
1802 15824 6441 -8958 -3781 5054
2162 15912 6796 -9494 -4099 4690
2320 15866 7076 -9835 -4174 4566
2633 15726 7474 -9667 -4293 4622
2665 15826 7796 -9124 -4437 4675
2709 16216 8132 -8719 -4712 4621
2756 16792 8433 -8535 -5028 4457
2773 17765 8841 -8928 -5534 4321
3452 17900 9181 -9436 -6245 4285
4246 17988 9466 -9637 -6718 4352
4832 18417 9781 -9445 -6775 4348
4985 18581 10444 -8314 -6015 3775
4890 19550 11032 -7308 -4899 3338
4766 20342 11429 -7256 -3717 3635
4408 20750 11578 -7629 -2932 4304
4306 20565 11301 -8393 -2917 5481
4125 20342 10958 -9066 -3757 6800
4440 19677 10522 -9694 -5208 8036
4634 19349 9884 -10048 -6952 8823
5129 18652 9152 -10456 -8628 9223
5497 18354 8277 -10722 -10339 9175
5862 18100 7433 -11270 -11829 9084
6500 17608 6749 -11808 -13067 9020
6888 17176 5936 -12486 -13909 9245
7526 16556 5368 -13162 -14384 9538
8340 15708 4852 -13593 -14385 9941