9234 -2647 12181 9767 -953 3170
9274 -3148 12552 7466 -1929 2723
9415 -4112 12688 7274 -1780 2528
9350 -3760 12661 7007 -1290 2215
8985 -3005 12394 6572 -988 2451
9224 -2865 12330 5966 -853 2455
9029 -2171 12098 4758 -754 2679
8759 -1629 12482 1789 -1350 2786
8791 -1931 12362 -825 -1964 3135
8888 -2020 12048 -2542 -2297 3539
8872 -2336 12061 -4666 -3017 4150
8638 -2484 11665 -7507 -3987 5337
8489 -2826 11629 -9971 -4949 6400
8762 -4145 11633 -11347 -5652 6983
8977 -5498 11461 -10896 -6058 7275
9034 -6450 11449 -9114 -6351 7559
9185 -6941 11437 -6777 -6773 7845
9116 -7289 10829 -4129 -6931 8252
8971 -7684 10432 -1238 -7337 8726
9136 -8550 10417 1784 -8073 9223
9120 -8572 9987 4068 -8897 9716
9180 -9111 9817 6208 -10212 9195
8921 -8683 9634 6732 -12277 8106
8980 -8262 9077 5596 -14745 7293
9393 -7532 9252 3122 -16309 6418
10013 -6804 9261 -802 -17781 4977
10651 -6795 7808 -7198 -17045 3437
11516 -6006 5580 -11501 -13097 2819
12350 -6954 4867 -14596 -8693 2546
13248 -8793 4484 -17462 -2486 1965
13390 -9058 4914 -17239 3109 1433
11989 -9981 6344 -14914 6854 -543
11603 -10215 6475 -10100 10154 -2139
11034 -9576 6846 -6752 11784 -1781
10690 -8414 7656 -4265 12263 -908
9729 -9156 9316 -3177 10975 -248
9078 -8567 12343 1247 6348 1445
9590 -5188 11809 5473 1943 3298
8512 -4406 11648 6346 -513 3990
8594 -4094 11964 5340 -3204 4888
9073 -3930 11112 3790 -5915 5744
9010 -4008 10260 1804 -8669 6301
9072 -4462 9533 -242 -11904 6345
9428 -5408 9036 -828 -13952 6130
10314 -6928 8236 -1148 -16340 5268
10885 -8540 7514 357 -17110 5019
11108 -9197 7148 2496 -16662 5356
11024 -9414 6732 4406 -16101 5492
11194 -9365 6346 6606 -15533 5081
11137 -9256 6044 7464 -15174 4072
11226 -9033 5677 7665 -15257 3172
11226 -8844 5428 8150 -15298 2358
11353 -8489 4990 8575 -14792 1698
11498 -8384 4749 8692 -13806 973
11476 -8304 4653 8554 -12847 532
11524 -7834 5005 8985 -12131 786
11684 -7534 5006 9526 -11376 1075
11678 -6810 5484 10264 -10125 1426
11518 -6380 6372 10901 -9752 1603
11440 -6324 7260 12278 -9921 2088
11349 -6074 7505 13927 -9857 2839
11272 -5662 7286 14376 -9867 3202
11808 -5810 6585 14005 -8461 3002
12288 -5898 6552 12883 -6923 2578
12337 -6501 6364 11831 -6085 2330
12118 -6593 6149 11240 -5620 2327
11879 -6577 5983 10750 -5338 2495
12062 -6881 5752 10829 -5070 2703
12121 -6912 5729 11316 -4808 2803
11946 -7006 5593 11972 -4393 2886
11858 -7172 5673 12924 -4013 2981
11853 -7047 5703 14082 -3374 3500
11970 -7008 5925 15023 -3045 4112
12000 -6679 6102 15399 -2557 4770
11767 -5954 6386 14997 -2560 5055
11641 -5430 6825 14003 -3238 4806
11678 -5272 7005 12703 -3916 4446
11791 -5145 7327 11162 -4373 4357
11860 -5204 7476 10061 -4096 4488
11616 -5556 7876 9878 -3821 4729
11744 -5647 8264 10480 -3819 4914
11516 -5570 8552 11466 -3868 5157
11598 -5600 8468 12031 -3763 5186
11425 -5416 8483 12641 -3548 5459
11654 -5468 8516 13148 -3214 5854
11666 -5174 8626 12798 -3072 6248
11626 -5344 8912 11874 -3101 6505
11537 -4933 9306 10667 -3417 6616
11233 -5041 9681 9664 -4021 6673
11254 -4988 9500 8960 -4584 6720
10988 -5198 9742 8657 -5154 6827
11129 -5508 9350 9000 -5066 6957
11394 -6002 9224 10674 -4133 6931
11484 -5996 8876 12201 -3008 6791
11499 -5823 8609 14288 -1661 6300
11268 -5393 8549 15777 -607 5389
10894 -5074 8613 16188 -300 5112
10638 -4940 8956 16148 -620 5615
10514 -4803 9162 15786 -956 6399
10641 -4756 9332 15454 -1053 7199
10741 -4529 9669 15457 -1087 7647
10968 -4318 9693 15546 -1048 7338
11088 -4185 9981 15616 -963 6999
11280 -4365 10387 16090 -739 6136
10986 -3986 10829 15544 -698 5272
10720 -3628 10854 13321 -1110 4892
10672 -3720 11304 9932 -1954 4963
10700 -4493 11423 7047 -2596 4893
11234 -4588 11466 6017 -2493 4634
11440 -4200 10869 4674 -1841 3851
11660 -4117 10733 2746 -728 2772
11662 -4414 10942 476 -187 1752
11334 -4070 10738 -1908 -459 1124
11370 -4243 10226 -5784 -691 484
11560 -4286 9913 -10058 -784 111
11470 -4524 9985 -12232 -1027 24
11390 -4757 10333 -13418 -1619 -42
11469 -5085 10436 -13457 -2348 -179
11680 -5354 10428 -12658 -2543 -442
11861 -5798 10369 -11623 -2095 -851
12018 -5886 10124 -11045 -1643 -1346
11572 -6078 10154 -9621 -632 -1842
11616 -6282 10376 -8620 -501 -2219
11362 -6276 10346 -7684 -310 -2247
11413 -6028 10228 -7128 -575 -2375
11064 -5808 10082 -6561 -746 -2184
11176 -5581 10164 -4790 -832 -1977
11161 -5449 10014 -2671 -915 -1533
11108 -4905 9886 -1687 -1149 -1843
11169 -4617 9677 -1348 -1811 -2290
11342 -4636 9433 -1243 -2012 -2415
11322 -4666 9132 -1040 -1704 -2078
11206 -4691 8833 -1287 -1649 -1324
11354 -4687 8615 -1783 -1669 -630
11420 -5149 8359 -1440 -1570 -133
11650 -5262 8452 -633 -1542 214
11504 -5374 8590 276 -1604 540
11536 -5399 8438 1174 -1638 1175
11749 -5076 8389 1943 -1216 2001
12085 -4886 8477 2415 -388 2579
12052 -4755 8518 2378 142 3024
12020 -4560 8704 1960 393 3441
11864 -4791 8355 1570 367 3603
11780 -4892 8731 1247 201 3515
11669 -5432 8818 1361 151 3249
11562 -5797 9253 1705 -29 3257
11243 -5808 9597 2115 -767 3703
11112 -6010 9417 2573 -1573 4139
11040 -6113 9512 2750 -2292 4407
10793 -6273 9474 2854 -3347 4491
10375 -6464 9194 3193 -4572 4605
10013 -6516 9418 3874 -5970 4657
9565 -6622 9284 4500 -7310 4707
9491 -6648 9071 5355 -8413 4944
9054 -6294 8904 6091 -9213 5238
9019 -6349 8548 6096 -9994 5573
9102 -6561 8184 6188 -10458 5880
9322 -6360 7788 6287 -10746 6024
9621 -6620 7558 6974 -11230 6014
9748 -6725 6898 8376 -11780 5786
9758 -6598 6588 9216 -11937 5434
9423 -6404 6583 9601 -12375 4863
9554 -6694 6306 9427 -13129 4227
9800 -6609 5861 8834 -13227 3912
10214 -6892 5844 7345 -13325 3717
10454 -7129 5694 6574 -13459 3213
10237 -8049 5525 5841 -13036 2525
10106 -8417 5400 5657 -12502 1811
10054 -8661 5250 6129 -11726 1094
10058 -8985 5086 6710 -11125 373
10441 -8920 5109 6963 -10810 -447
10288 -8342 5129 6867 -10662 -1440
10198 -8097 5030 6387 -10485 -2799
10424 -7982 4794 6072 -9748 -4504
10710 -7826 4986 5799 -8951 -5974
10684 -7776 5096 6170 -8416 -7486
10526 -7390 4657 7470 -8049 -9291
10462 -6925 3741 8742 -7881 -10526
10301 -6345 3913 9887 -8481 -11446
10192 -5612 3920 10340 -9659 -12014
10609 -4905 4152 10331 -10805 -12835
10694 -4709 4025 10061 -11474 -13458
10618 -4161 3938 9764 -12171 -13924
11186 -3325 3648 9558 -12750 -14628
11208 -3404 3201 10318 -13062 -15958
11273 -2618 2276 10033 -13547 -16708
11694 -2478 2312 9898 -13813 -17396
11521 -1808 2001 9125 -13927 -18078
11168 -2005 1961 8466 -14089 -19266
10625 -1505 1726 7860 -14637 -20272
10014 -1746 1437 7787 -15468 -21866
9352 -1668 1048 8221 -16131 -23681
9505 -1745 324 8987 -16238 -25704
9312 -1514 -266 9420 -16236 -27330
9409 -930 -724 9614 -16157 -29089
9386 -657 -898 9144 -15233 -30745
9250 -518 -934 7956 -13698 -32507
8909 302 -801 6501 -11575 -32768
8697 872 -806 4714 -9099 -32768
8034 1188 -746 3015 -6327 -32768