-15628 6344 5252 5028 4902 539
-15556 6236 5362 3871 4815 1132
-15838 5988 5675 1723 4076 1823
-16098 5528 5726 -342 2944 2271
-16370 5108 5860 -1962 1956 2436
-16581 4648 6048 -3635 590 2504
-16663 4306 6112 -4594 -532 2190
-16695 3855 6124 -4573 -1378 1684
-16700 3489 6003 -3446 -2055 1209
-16730 3281 5785 -1678 -2635 941
-16661 3314 5588 353 -3108 873
-16582 3417 5410 2775 -3734 988
-16566 3418 5226 4513 -4159 1170
-16456 3620 4864 6093 -4524 1450
-16401 3738 4422 7529 -4859 1861
-16316 3773 4144 8215 -4912 2099
-16366 3758 3992 8427 -4827 2227
-16404 3769 3816 8459 -4675 2282
-16376 3817 3789 8285 -4507 2341
-16337 3838 3628 7933 -4300 2338
-16265 3905 3490 7469 -4084 2340
-16116 3952 3452 6906 -3853 2306
-15866 3934 3398 6052 -3489 2313
-15678 3858 3420 5304 -3085 2354
-15436 3876 3564 4680 -2688 2358
-15131 3763 3646 4075 -2265 2325
-15016 3686 3686 3770 -2059 2260
-14899 3662 3751 3536 -1935 2219
-14936 3634 3843 3302 -1877 2209
-15140 3526 3982 3028 -1879 2202
-15429 3322 4059 2820 -1964 2161
-15706 3330 4080 2739 -1999 2110
-15839 3180 4182 2583 -1968 1982
-16010 3096 4186 2389 -1813 1804
-16214 3020 4270 2269 -1573 1619
-16316 2880 4396 2206 -1377 1445
-16445 2795 4473 2155 -1099 1249
-16477 2681 4663 2111 -549 811
-16248 2608 4870 2476 155 349
-15824 2698 5083 3253 898 -243
-15512 3009 5338 3999 1618 -981
-15164 3345 5536 4290 2177 -1432
-14868 3549 5612 4221 2287 -1786
-14657 3826 5660 3524 2085 -2312
-14801 4013 6160 2960 1383 -2657
-14896 4760 6525 2266 167 -2459
-14849 4488 6600 1720 -677 -2742
-14714 4581 6524 1269 -1176 -3125
-14785 4352 6396 1227 -1315 -3567
-14793 4269 6120 1555 -1122 -3958
-14945 4388 5829 1826 -750 -4224
-15022 4560 5561 2045 -284 -4496
-15116 4690 5300 2143 116 -4695
-15246 4816 5109 2093 506 -4731
-15423 4926 4897 1948 968 -4715
-15562 4948 4749 1637 1156 -4763
-15708 5140 4728 1421 1076 -4721
-15634 5210 4676 1040 980 -4725
-15669 5452 4657 399 947 -4619
-15597 5483 4719 -392 932 -4515
-15480 5517 4650 -1165 1064 -4382
-15386 5479 4760 -1903 1390 -4178
-15410 5300 4804 -2357 2004 -3986
-15474 5242 5028 -2372 2507 -3853
-15633 5188 5132 -2278 2794 -3703
-15779 5161 5271 -2055 2917 -3519
-15944 5050 5298 -1732 2846 -3356
-16100 4936 5260 -1492 2728 -3299
-16068 4912 5232 -933 2551 -3114
-16086 4830 5121 -102 2218 -2879
-15996 4812 5028 565 2015 -2724
-15871 4824 4829 1379 1867 -2542
-15795 4859 4623 2122 1830 -2353
-15758 4836 4593 2531 1951 -2299
-15654 4910 4514 2696 2079 -2318
-15561 4983 4626 2759 2305 -2310
-15421 4684 5030 3217 2427 -2389
-15329 4678 5470 4101 2421 -2463
-15350 4924 5608 4772 2331 -2469
-15584 5253 5921 5502 2258 -2423
-16049 5297 6220 6249 1979 -2393
-16568 5138 6526 6812 1692 -2344
-17164 5497 6593 6846 1498 -2170
-17677 5966 6612 6296 1453 -1818
-17725 6393 6725 5292 1538 -1422
-17719 6597 7017 3849 1662 -882
-17704 6318 7296 2164 1847 65
-17773 5570 7514 371 1720 1849
-17654 4752 7246 -967 1498 3364
-17673 4316 6861 -2019 959 4343
-17376 3421 6460 -3323 -365 5130
-17209 2859 6051 -3599 -1670 5337
-17148 2580 5888 -3253 -2291 5446
-16980 1886 5538 -1997 -3261 5534
-16625 1307 4819 106 -4477 5166
-16195 1381 4180 1635 -5042 4750
-15868 1461 3712 2689 -5258 4125
-15792 1437 3505 3405 -5228 3533
-15684 1498 3210 4138 -4981 2839
-15800 1646 2897 4858 -4565 2188
-15857 1841 2742 5404 -4096 1559
-15889 2045 2584 5635 -3740 877
-15820 2232 2482 5586 -3447 279
-15733 2574 2371 5381 -3052 -459
-15580 2851 2402 5049 -2598 -1288
-15348 3189 2315 4956 -2075 -2067
-15216 3515 2236 5106 -1558 -2734
-15086 3848 2214 5241 -1187 -3113
-15058 4184 2194 5214 -889 -3390
-15108 4582 2272 4925 -598 -3408
-15256 4729 2168 4561 -444 -3210
-15512 4898 2246 3992 -237 -2730
-15785 4897 2233 3541 -42 -2216
-16014 4943 2310 3190 84 -1901
-16333 5030 2382 2730 239 -1584
-16704 5150 2449 2023 425 -1185
-16972 5148 2538 1428 629 -806
-17335 5101 2727 890 793 -432
-17746 5018 2908 337 900 26
-18056 4863 3009 -71 925 489
-18310 4657 3222 -329 884 901
-18472 4530 3363 -438 824 1249
-18492 4420 3562 -267 751 1704
-18254 4177 3666 277 676 2183
-17977 4052 3632 895 659 2575
-17690 3946 3685 1667 624 2877
-17348 3781 3753 2602 599 3137
-16836 3588 3764 3926 591 3379
-16402 3457 3738 5305 611 3522
-16045 3397 3713 6248 582 3541
-15848 3313 3784 6982 549 3546
-15578 3269 3739 7583 431 3429
-15310 3162 3740 7943 164 3226
-15244 2778 3639 7650 -554 2782
-15024 2589 3658 7014 -1302 2271
-14753 2352 3589 6632 -1830 1193
-14682 2222 3537 6482 -2060 80
-14796 2135 3628 6570 -2019 -1273
-15016 2206 3688 6742 -1882 -2314
-14900 1911 3870 6961 -1654 -3316
-15296 2252 3983 8148 -1255 -4490
-15500 2255 4156 9618 -879 -5630
-15833 2445 4382 11473 -563 -6388
-16065 2798 4416 13559 -598 -7161
-16299 3300 4389 15854 -1039 -7995
-16444 3532 4098 17605 -1583 -8484
-16794 3784 3699 18906 -2862 -8503
-17125 4621 3192 19314 -4580 -8461
-17204 4918 2952 18761 -5680 -8316
-17293 5258 2850 17879 -6235 -7975
-17061 4837 2632 17215 -6578 -8037
-17209 4724 2413 17409 -6507 -8276
-17245 4668 2221 17905 -6346 -8556
-17513 4856 2140 18602 -6054 -8834
-17520 4658 2014 19129 -5735 -9032
-18032 4703 1971 19973 -5284 -9105
-18400 4926 1786 20748 -4848 -9197
-18425 5181 1753 21305 -4511 -9232
-18212 5464 1526 21844 -4207 -9197
-17732 5806 1310 22275 -3836 -9021
-17184 6025 1069 22590 -3536 -8670
-16689 6141 932 22833 -3238 -8229
-16361 6166 826 23096 -2955 -7674
-16029 6197 776 23194 -2577 -7160
-15741 6216 713 23092 -2201 -6793
-15642 6234 658 22700 -1785 -6484
-15534 6360 600 21908 -1357 -6300
-15477 6545 600 20766 -951 -6154
-15408 6757 653 19155 -533 -6066
-15404 6844 788 17153 -159 -5926
-15502 6956 1025 14914 151 -5814
-15526 7089 1221 12466 420 -5723
-15761 7034 1473 9992 644 -5518
-15790 6901 1813 7798 829 -5344
-15864 6697 2114 6045 1141 -5214
-15989 6628 2384 4658 1504 -5070
-15984 6492 2686 3718 1929 -4917
-16072 6425 2997 3226 2384 -4725
-16106 6329 3341 2988 2798 -4486
-16086 6101 3530 3160 3359 -4279
-16150 5798 3737 3908 3858 -4060
-16289 5425 3778 5210 4403 -3763
-16405 5084 3874 7063 4844 -3426
-16562 4646 4037 9543 5007 -3072
-16665 4410 4120 11974 5009 -2816
-16932 4601 3965 13664 4979 -2551
-16980 4993 3940 14250 4991 -2324
-17004 5400 4036 13829 4758 -2148
-16885 4728 5464 13773 3786 -2239
-16349 2770 6908 16492 2722 -2719
-16133 3924 7378 19239 1644 -3134
-16070 4284 7508 21356 870 -3373
-15973 4806 7621 22463 22 -3632
-15949 5389 7452 22290 -1058 -3752
-16194 6162 7002 20934 -2078 -3702
-16198 6694 6554 18432 -2885 -3333
-15948 6768 5934 15508 -3273 -3051
-15740 6630 5265 12790 -3191 -2879
-15634 6409 4922 10604 -2681 -2794
-15681 6286 4664 9223 -2061 -2741