-1414 15145 10161 -5112 -3291 9180
-1490 14072 9557 -5488 -3509 9357
-1361 12868 9040 -4954 -3636 9586
-1105 11910 8638 -3931 -3592 9985
-1041 11494 8281 -3484 -3699 10395
-1458 10936 8997 306 -4655 9958
-586 10157 8462 -1147 -3308 10549
-493 11490 9157 -2027 -3040 9673
-209 11920 9004 -1477 -1470 9951
-40 11752 9508 -1318 -403 9108
-33 12256 9693 -570 1307 8677
266 11866 9240 -2472 2263 8754
1258 13024 9341 -893 3155 7044
-1322 12460 9860 -1178 4028 5750
358 13013 10052 204 5290 6200
-580 13113 9889 22 4973 4761
-441 13082 9984 -722 4078 3608
-700 13328 10073 -1129 3775 2684
-526 13712 10253 -789 4659 2362
-485 14109 10254 -34 6000 2512
-358 14076 10306 977 7506 2807
-328 14120 10188 1770 8937 3371
-201 14072 10060 1775 9949 3957
-214 14338 9900 1058 10125 4339
-201 14544 9900 89 9897 4387
-74 14508 10045 -672 9989 4500
-58 14390 10052 -1233 10520 4648
-88 14282 10190 -1527 11261 4681
-158 14105 10241 -1492 12075 4426
-265 13697 10297 -1263 12675 4335
-482 13538 10248 -1102 12842 4416
-584 13984 10991 -1085 12509 4490
-912 14942 11633 -1720 11791 4589
-1018 15182 12028 -2798 11261 4886
-1058 15111 12653 -4663 10546 5323
-1218 14486 13216 -6034 9530 5234
-1400 13560 13538 -5793 8525 4785
-1336 12890 13740 -4741 7520 4661
-1365 12664 13766 -2567 6707 4836
-1146 13280 14402 -591 5961 5311
-1077 13792 14874 -88 5389 5728
-1094 14108 15145 -314 4662 5881
-933 13933 15296 -1063 3793 5924
-689 13334 15082 -1681 2634 5966
-609 12973 14861 -1467 1387 5567
-322 12450 14753 -1263 366 5692
-236 12104 14380 -518 -730 5700
-157 11778 13940 334 -1945 5591
25 11438 13429 1370 -2809 5188
426 10866 12893 2433 -3306 4644
674 10730 12360 3660 -3660 4005
917 10590 11894 4812 -3627 3259
1165 10536 11360 5578 -3515 2575
1374 10221 10506 6133 -3017 1838
1401 9574 9421 7477 -2753 1014
1245 8725 8560 9324 -2676 -52
1336 7501 7249 12620 -2732 -1137
2398 5792 6231 18294 -2488 -2881
3492 4061 3817 24289 1084 -4913
3805 4054 542 30502 8471 -5687
2413 5250 -1428 32767 15677 -5147
1701 5330 -4072 32767 21278 -7250
-2734 5930 -6785 31964 23842 -9891
-5222 9062 -6524 20153 23099 -12005
-2244 4068 -11661 27400 11556 -14583
-21125 -1106 -2335 32767 4630 -16812
-5626 -8302 -12438 32767 3442 -10566
676 16598 -6677 32767 7259 -20477
-7230 14804 -166 32767 28609 -32768
-11863 19348 563 31402 32767 -32768
-19256 27325 -1176 14438 32767 -32768
-20249 32767 -2101 -9003 32767 -32768
-21676 32767 -4686 -30686 32767 -32768
-21020 32767 -8438 -32768 32767 -32768
-14765 32767 -8624 -32768 32767 -32768
-10364 32767 -10157 -32768 32767 -32768
-17848 31822 -14336 -32768 32767 -32768
-20916 22514 -11112 -32768 32767 -32768
-28862 9221 -2209 -32768 21255 -28061
-30118 -7241 5546 -18533 14006 11463
-29392 -878 7318 8637 3496 30845
-23586 5980 6053 27348 -8009 32767
-15398 10920 279 32767 -18415 32767
-9796 9336 -1720 32767 -20090 32767
-4795 10272 -5101 32767 -16137 32767
2267 11816 -10050 32767 -6250 32767
8936 10802 -16178 32767 8032 32767
9665 7342 -19129 32767 28995 32767
5750 769 -20494 32767 32767 32767
2711 3373 -16604 32767 32767 32683
-5027 13818 -6548 32767 32767 18045
-10018 14428 150 23034 32767 -4322
-11308 15544 1896 2116 24739 -20190
-10337 18664 -455 -21775 2887 -31870
-6057 28052 -9978 -32768 -17663 -32768
-4156 32767 -15661 -32768 -25010 -32768
-3318 32767 -18216 -32768 -25311 -32768
-1626 32767 -17764 -32768 -16832 -32768
-14642 25196 -15747 -32768 -14852 -32768
-12323 5829 -2067 -26563 -9092 -28859
-14735 -2181 3742 6166 3295 23175
-9428 664 -847 32767 12076 32767
-332 13076 -8465 32767 19605 32767
1922 22002 -10533 32767 23016 32767
3256 17224 -5986 32767 28733 32767
6031 10793 -3830 32767 32767 32767
-530 4053 -5734 32767 32767 32767
-3086 4136 1276 32767 32767 31664
-5135 262 1397 32767 32767 19817
-9892 1760 4293 32767 32767 7563
-13244 9826 6831 30612 26142 -6088
-11658 20454 8354 9278 5214 -20373
-7326 30431 725 -25038 -26310 -32128
-1141 32767 -18364 -32768 -32768 -32768
10450 32767 -31316 -32768 -32768 -32768
21781 32767 -32768 -32768 -32768 -32768
15927 15133 -29973 -32768 -13449 -32768
1232 7836 -5310 -32768 6776 -32768
-10108 5362 4821 1182 1401 -109
2536 8511 -8340 32767 23594 32767
8898 21097 -13123 32767 32767 32767
10596 19569 -15216 32767 32767 32767
11670 15370 -13894 32767 32767 32767
9323 11257 -9719 32767 32767 32767
-6376 2966 -5308 32767 32767 32367
-15230 5478 5500 32767 32767 15066
-14060 14582 9420 32277 29535 -3256
-15328 20508 12453 6100 3380 -21223
-8956 29889 9193 -29155 -28066 -32768
-4670 32767 -1816 -32768 -32768 -32768
1634 32767 -14550 -32768 -32768 -32768
15501 32767 -31372 -32768 -32768 -32768
31490 30726 -32768 -32768 -32768 -32768
21555 2174 -26390 -32768 -21698 -32768
-7996 -824 -2048 -17765 -27182 -31697
-11984 2892 -13924 20683 -4356 -7792
-132 22064 -9969 32767 23758 28405
9718 19808 -31178 32767 32767 32767
8648 31075 -20070 32767 32767 32767
4866 29270 -21254 32767 32767 32767
-2073 14924 -10050 32767 32767 32767
-8201 15978 -5368 32767 32767 32767
-19513 15261 6641 32767 32376 19297
-21610 17541 12473 20765 20555 -531
-22144 21232 14685 -13384 -1897 -17052
-16102 17954 7972 -32557 -26936 -32715
-4914 24649 -2769 -32768 -32768 -32768
6481 31734 -15444 -32768 -32768 -32768
10112 32767 -22344 -32768 -32768 -32768
14960 32668 -24067 -32768 -32768 -32768
8541 24452 -19937 -32768 -32768 -32768
-3118 12610 -9845 -24890 -28359 -32768
-12257 15065 -663 19249 4094 172
-10093 27252 -3780 32767 32414 32767
-546 25950 -12030 32767 32767 32767
8196 28142 -15897 32767 29504 32767
11408 21808 -15684 32767 18073 32767
9210 13356 -9844 32767 32078 32767
-4306 12557 2694 32767 32767 32767
-11247 2894 6609 32767 26560 25841
-13090 4322 7270 32767 18872 10150
-15604 7866 9011 24996 12127 -1026
-15708 12982 10474 1222 -7799 -23373
-9254 26313 2877 -29316 -30863 -32768
-5 32767 -12132 -32768 -32768 -32768
8146 32767 -27212 -32768 -32768 -32768
17029 32767 -32610 -32768 -32768 -32768
23421 32767 -30512 -32768 -32768 -32768
5016 18537 -18902 -32768 -28222 -32768
-7060 9912 97 -29215 -5194 -32768
-15366 15254 4877 2629 25231 4392
-14908 19181 882 28447 32767 32767
-5345 17410 -8530 32767 32767 32767
4654 21560 -12773 32767 31611 32767
4661 19334 -15258 32767 22955 32767
9158 14756 -12160 32767 30249 32767
2398 7582 -7593 32767 32767 32767
-8198 8221 85 32767 32767 32767
-13308 7256 5081 32767 32767 29322
-18693 6729 9498 32767 32601 9138
-22692 10861 14642 25630 20048 -9825
-19620 18448 16078 -4201 434 -30678
-15853 22758 8920 -30015 -25156 -32768
-3228 31147 -4144 -32768 -32768 -32768
4416 32767 -16422 -32768 -32768 -32768
14477 32767 -23660 -32768 -32768 -32768
11440 31000 -17140 -32768 -32768 -32768
-9376 6330 -1002 -27215 -30705 -32768
-19257 9250 1966 17370 -855 -14231
-6053 28711 -1777 32527 29010 30946
-1748 32767 -11253 32767 32767 32767
1065 26810 -16314 32767 32767 32767
4109 21726 -17677 32767 32767 32767
9250 14606 -15618 32767 32767 32767
7608 6746 -11097 32767 32767 32767
-1174 6199 -3462 32767 32767 32767
-10476 11486 3657 32767 32767 24718
-21910 20758 9084 29367 16140 -5096
-16017 21446 13277 -8112 -9970 -30225
-11988 27561 6981 -32768 -30363 -32768