-16310 5054 -2081 -14712 -861 -7853
-16464 5060 -1773 -15493 -1210 -7682
-16486 4922 -1268 -15867 -1636 -7400
-16633 4729 -946 -16038 -1961 -7043
-16674 4461 -632 -16053 -2060 -6720
-16768 4261 -484 -16034 -2121 -6357
-16732 3977 -596 -15822 -2199 -5980
-16644 3668 -668 -15692 -2156 -5682
-16812 3484 -718 -15600 -2466 -5385
-16910 3364 -1006 -15694 -2585 -5060
-17037 3200 -1344 -15815 -2550 -4728
-17168 2889 -1544 -15869 -2339 -4432
-17384 2608 -1746 -15922 -2038 -4085
-17656 2152 -1746 -15680 -1873 -3734
-17938 1668 -1685 -15283 -1824 -3231
-18190 1176 -1660 -14658 -1774 -2589
-18334 1000 -1648 -13994 -1769 -2179
-18106 671 -1553 -12928 -1641 -2047
-17509 440 -1298 -12192 -1081 -2382
-17082 13 -573 -12140 -1704 -2584
-16533 -204 -728 -12195 -2603 -2816
-15885 -365 -1305 -12757 -3072 -2963
-15456 -508 -1858 -13479 -3050 -3079
-15216 -814 -2288 -13557 -2714 -3009
-14994 -1056 -2642 -12535 -2056 -2621
-15087 -778 -2872 -10624 -1829 -1671
-15437 44 -3263 -7959 -1379 -266
-15800 656 -3646 -6785 -1154 544
-15978 697 -3921 -6520 -1110 682
-16164 634 -4148 -6611 -1028 505
-16281 576 -4289 -6980 -1033 375
-16329 429 -4492 -7335 -885 314
-16209 94 -4398 -7616 -719 230
-16081 -161 -4146 -7354 -561 166
-16016 -470 -4001 -6870 -384 201
-16020 -654 -3778 -6417 -178 219
-16002 -1036 -3505 -5730 114 225
-16050 -1102 -3210 -5108 275 339
-16064 -1474 -2826 -4611 153 428
-16108 -1892 -2385 -3856 -96 495
-16162 -2337 -2144 -2731 -473 671
-16310 -2481 -2032 -1210 -778 1156
-16312 -2104 -2088 755 -735 1801
-16264 -1422 -2324 2955 -652 2636
-16384 -928 -3114 4431 -460 3216
-16252 -1045 -3626 5672 -164 3261
-16162 -848 -4232 6400 50 2978
-16148 -646 -4632 7009 304 2714
-16137 -276 -4976 7395 367 2607
-16001 114 -5226 7647 398 2593
-16064 354 -5340 7911 316 2530
-16177 612 -5510 8102 376 2557
-16280 796 -5469 8292 471 2695
-16312 992 -5329 8588 540 2800
-16208 1128 -5124 8925 628 2774
-16024 1182 -4920 9341 708 2786
-15804 1322 -4550 9782 842 2881
-15808 1432 -4245 10338 818 2964
-15658 1474 -3896 10968 761 3042
-15649 1532 -3558 11962 747 3063
-15816 1629 -3261 13161 858 3099
-16005 1784 -3142 13927 1071 3073
-16154 2072 -3110 14766 1251 3049
-16253 2494 -3170 15455 1357 3047
-16262 2728 -3310 15737 1456 3079
-16280 3006 -3408 16041 1449 3087
-16186 3288 -3529 16219 1474 3063
-16097 3408 -3644 16311 1558 3021
-16020 3588 -3685 16388 1661 2938
-16001 3712 -3763 16298 1748 2850
-16089 3762 -3756 16199 1817 2758
-16113 3856 -3656 16179 1915 2696
-16216 3970 -3453 16186 1911 2603
-16238 4125 -3286 16178 1963 2546
-16236 4184 -3164 16223 1940 2450
-16256 4288 -3218 16272 1998 2394
-16240 4398 -3070 16251 1878 2364
-16238 4610 -3054 16136 1785 2382
-16217 4729 -2942 15911 1632 2408
-16280 4834 -2910 15721 1636 2417
-16331 4900 -2785 15229 1443 2309
-16348 4868 -2698 14794 1378 2114
-16324 4896 -2722 14404 1375 2006
-16474 4784 -2564 14176 1357 1828
-16458 4972 -2488 13871 1327 1735
-16490 4950 -2390 13618 1243 1702
-16553 5085 -2309 13198 1075 1629
-16498 5076 -2265 12828 833 1553
-16593 5192 -2248 12375 699 1498
-16616 5233 -2212 11796 508 1471
-16649 5198 -2156 11290 333 1436
-16664 5412 -2174 10543 258 1283
-16566 5182 -2109 9973 198 1163
-16568 5277 -2144 9504 241 934
-16460 5214 -2064 8987 248 836
-16472 5230 -1901 8392 255 734
-16569 5076 -1854 7882 282 621
-16516 5024 -1662 7353 232 549
-16597 4833 -1629 6739 34 449
-16562 4457 -1558 6255 -141 300
-16674 4422 -1537 5820 -181 128
-16620 4318 -1478 5323 -361 99
-16545 3997 -1533 5122 -492 -10
-16532 4049 -1570 5003 -535 -93
-16370 3992 -1665 4936 -682 -200
-16260 3868 -1752 5012 -741 -208
-16054 3798 -1884 5133 -743 -244
-16092 3802 -2020 5316 -677 -305
-16061 3904 -2093 5504 -576 -342
-16079 4042 -2104 5838 -364 -425
-16192 4170 -2184 6009 -340 -380
-16332 4330 -2041 6340 -380 -334
-16498 4707 -2037 6458 -527 -237
-16648 4809 -1865 6426 -544 -294
-16645 4965 -1780 6209 -499 -333
-16657 5179 -1413 5974 -458 -354
-16613 5388 -1342 5664 -483 -253
-16610 5466 -1270 5322 -606 -243
-17171 5206 -1590 4619 -865 -428
-17540 5120 -1420 4192 -1126 -667
-17675 5443 -1536 3561 -1176 -727
-17521 5837 -1697 2826 -1066 -742
-17128 5917 -1505 2068 -1110 -777
-17070 6070 -1844 1268 -1198 -837
-17174 5946 -1912 -181 -1066 -849
-17301 5729 -1906 -1405 -1219 -797
-17324 5376 -1664 -2402 -1304 -715
-17438 5109 -1688 -3131 -1300 -614
-17530 5128 -1597 -3849 -1235 -407
-17433 4848 -1493 -4516 -956 -407
-17178 4469 -1104 -5477 -884 -470
-17193 4257 -765 -5936 -896 -586
-17280 3956 -656 -6633 -906 -569
-17064 3676 -337 -7560 -1125 -545
-16770 3245 225 -8468 -1405 -547
-17025 3200 -2 -8718 -1511 -608
-16618 2752 433 -9580 -1643 -450
-16892 2781 350 -9988 -1762 -539
-16678 2722 248 -10667 -1881 -503
-16832 2476 220 -11307 -2029 -575
-16985 2429 -230 -11507 -2022 -361
-17133 2222 -526 -11849 -2061 -120
-17098 1900 -977 -11817 -1932 180
-17170 1941 -1193 -11466 -1866 562
-16984 1682 -1382 -10885 -1798 1133
-16756 1517 -1777 -10258 -1634 1640
-16388 1180 -1529 -9726 -1808 2067
-16190 1020 -1457 -9001 -2090 2448
-15845 582 -1002 -8267 -2779 2708
-15633 302 -716 -7601 -3331 3006
-15660 -126 -260 -6612 -3809 3193
-15773 -400 74 -5446 -4251 3534
-15774 -682 502 -3941 -4558 3898
-16072 -712 568 -2700 -4578 4284
-16244 -988 708 -1514 -4340 4390
-16484 -1132 762 96 -3866 4223
-17002 -974 504 2257 -3167 4046
-17141 -566 284 3940 -2531 4115
-17146 -42 -238 5547 -1969 4312
-17286 648 -500 6405 -1434 4683
-17156 1547 -767 7402 -1129 5166
-16986 2621 -1302 7818 -649 5625
-16892 3358 -1234 7350 -213 5843
-16912 3878 -1046 6390 -262 6113
-16554 4277 -968 5242 -335 6051
-16331 4757 -536 3796 -435 6136
-15903 5080 -143 2846 -425 5889
-15522 5054 172 2418 -395 5412
-15314 5070 208 2148 -287 5016
-15113 4993 265 1896 -90 4624
-14882 4881 163 1775 88 4057
-14674 4973 -57 1321 349 3292
-14572 5030 -86 1090 511 2713
-14617 5245 -164 770 652 2296
-14624 5540 -128 166 733 1673
-14612 5842 -242 -526 680 1037
-14824 6165 21 -1360 292 397
-15018 6082 176 -2565 -231 -256
-15149 5441 1217 -3203 -824 -625
-15568 5584 2360 -2880 -1479 -483
-15969 6034 2429 -2465 -1563 -442
-16021 6034 2372 -2335 -1046 -399
-16237 6060 2562 -2462 -547 -476
-16582 5908 3084 -2268 -328 -629
-16904 5766 3533 -2151 -352 -730
-17253 5942 3837 -1944 -440 -581
-17417 6288 3773 -1901 -511 -292
-17480 6380 3641 -2067 -386 -85
-17438 6321 3312 -2352 -109 -185
-17412 6430 2826 -2777 371 -308
-17518 6346 2465 -3383 720 -551
-17754 6090 1784 -4038 1130 -850
-17972 6410 677 -5199 1721 -928
-17934 6518 76 -6534 2319 -862
-17890 6073 298 -7424 2464 -938
-17689 5893 656 -8326 2190 -1022
-17458 5782 561 -9317 1832 -989
-17058 5462 624 -10105 1440 -916
-16678 4929 549 -10656 908 -846
-16293 4413 188 -10961 540 -752