-15396 3821 4492 2971 3717 3612
-15318 3702 5010 2265 3658 3193
-15225 3375 5186 1707 3538 2521
-15047 2755 5575 1466 3262 1288
-14880 2422 5792 1766 2982 267
-14881 1959 5723 2648 2907 -757
-14809 1789 5849 4156 2860 -2248
-14928 1902 5857 5595 2600 -3573
-15104 1974 5798 6597 2247 -4406
-15271 2049 5744 7805 1778 -5540
-15608 2321 5664 8993 1089 -6699
-15878 2425 5416 9831 507 -7569
-16088 2538 5258 10680 223 -8425
-16154 2608 5394 11485 158 -9060
-16234 2886 5447 13007 367 -9627
-16548 3053 5330 15007 617 -10391
-17124 3498 5062 16927 631 -10810
-17988 4601 4712 18308 117 -11028
-18709 5510 4286 18690 -752 -10926
-19652 6460 3798 18708 -1832 -10498
-20368 7414 3505 18298 -2783 -9750
-20604 8406 3394 17757 -3265 -8772
-20029 9229 3601 17422 -3270 -7703
-19253 10165 3961 17278 -3019 -6496
-18443 10965 4162 17793 -2145 -4333
-18253 11712 4799 19004 -892 -995
-18701 12585 5393 20454 -188 1814
-19445 13081 6184 21909 -203 3892
-19917 13644 6730 23707 -626 5955
-20281 14244 7268 25744 -1246 8331
-20717 15232 7569 27106 -2055 10999
-20890 15984 7648 27487 -2812 13185
-21297 16725 7264 27163 -3830 15983
-21177 17138 6637 26601 -4572 19364
-20626 17461 6028 26526 -4678 22046
-20061 17922 5186 26269 -4520 24350
-19505 18742 4649 25099 -4056 26172
-19053 18998 3976 23000 -3250 27908
-18292 18877 3320 20659 -2307 29610
-17505 18684 3085 18344 -1341 31228
-16841 18549 2841 16311 -913 32423
-16441 18664 2085 14852 -1020 32767
-15500 18738 1710 12871 -1650 32767
-14668 18532 1514 10445 -2962 32767
-13756 17778 1250 8216 -4122 32654
-12817 16862 826 6945 -4639 32322
-11676 16081 436 6250 -4667 32190
-10812 15584 301 6091 -4873 31927
-9850 15017 0 6221 -4944 31380
-8873 14490 146 5622 -5082 30524
-8154 14324 401 4211 -5487 29143
-7608 13817 374 2671 -6050 27576
-6977 13221 362 1789 -6434 25956
-6318 12881 273 1430 -6617 24672
-5716 12292 418 1865 -6535 23730
-5066 11656 577 2898 -6080 23158
-4626 11956 798 3841 -5635 22594
-4226 12360 862 4056 -5294 21774
-3605 12461 1104 3703 -5048 20711
-3205 12764 1238 2492 -5206 19265
-2826 13046 1136 526 -5556 17695
-2620 12998 1341 -1521 -6081 16229
-2269 12672 1632 -2742 -6595 14779
-1928 12296 1812 -2409 -6367 13723
-1657 12228 2025 -762 -6019 13020
-1521 12612 2060 623 -5877 11891
-1444 12978 1885 965 -5863 10356
-1385 13233 1880 387 -6133 8756
-1140 13592 1869 -1013 -6765 6910
-1193 13742 1933 -2682 -7524 5118
-844 13234 1824 -3773 -7276 4261
-557 13292 1833 -3589 -5809 3891
-380 13956 2053 -2604 -4306 3485
-432 14724 2101 -1933 -3475 2960
-685 15818 1989 -2383 -3160 1861
-1008 17122 1853 -4692 -3329 286
-2198 17458 3465 -8320 -4865 -1181
-1233 16080 4462 -6574 -6063 -1603
-1549 16940 4561 -4973 -6260 -1217
-861 16797 4586 -2046 -5826 -918
-870 18057 4426 -28 -6015 -713
-752 18544 4342 752 -6620 -767
-640 18556 4618 237 -7966 -1236
-857 18890 4758 -1041 -10076 -1878
-356 19076 4381 -2972 -12085 -2613
313 18258 -193 -8101 -7687 -1113
-333 18489 3026 -5518 -4358 -772
1358 15844 4840 -3589 -4642 -305
422 17969 4548 -2553 -3871 -781
338 19198 6028 -4592 -4347 -876
1173 18380 5529 -5285 -4689 613
1296 18762 4942 -4944 -3634 1520
1353 19180 4416 -4865 -2955 1998
1256 19290 3800 -4556 -2265 1975
1070 19740 3246 -4047 -1773 1562
848 20461 2985 -3654 -1582 1176
992 20512 2966 -3297 -1410 1020
1408 20410 3130 -2963 -974 1489
1534 20412 3204 -3185 -474 2223
1565 20473 3148 -3315 -19 2777
1644 20646 2980 -3255 396 3056
1766 20926 3124 -3497 604 3241
2168 20759 3498 -3685 1095 3090
2542 20454 3744 -3840 1814 2989
2574 20336 4012 -4001 2197 3066
2473 19947 4040 -4130 2671 3449
2204 19710 4192 -4348 2819 3684
2154 19528 4330 -4150 2966 3697
2161 19541 4597 -4031 3064 3481
2059 19081 4674 -4088 3137 3420
1840 18704 4836 -4025 3110 3446
1916 18758 4820 -3838 3044 3464
2038 18245 5042 -3410 3207 3612
2368 17049 5660 -1850 4058 3752
2621 18144 6382 198 4889 3827
2899 18877 5917 1417 5592 4206
2686 19858 5590 1589 5825 4303
2418 20568 5076 742 5698 5131
2288 20204 4948 501 5850 5018
2748 20337 4870 613 5796 5328
3216 20006 5041 374 5911 5815
3238 19822 5075 75 6002 6338
3268 19654 5189 -77 6074 6860
3332 19526 5108 -160 6115 7211
3436 19280 5259 -162 6075 7568
3494 19062 5193 299 5955 7753
3552 18918 5314 861 5886 7740
3736 18881 5486 1336 5858 7709
4044 18640 5506 2191 6021 7504
4428 18413 5434 2877 6211 7374
4413 18300 5406 3287 6375 7431
4646 18033 5278 3364 6581 7789
4664 18054 5284 3468 6774 7958
4620 18033 5248 3642 7026 8107
4571 17941 5101 3385 7010 8351
4476 17952 5002 3151 6872 8407
4142 18154 4837 3218 6689 8168
4277 17821 4697 2789 6262 8141
4608 16885 4638 2474 5953 8218
4997 16166 4693 2977 6001 8255
5193 16162 4866 3163 6011 8388
5564 16137 5045 2949 6003 8413
5776 16085 5054 2753 6067 8242
5860 15904 5026 2737 6131 7922
6006 15724 4998 2761 6223 7591
5984 15698 4938 2707 6322 7168
6002 15776 4936 2412 6223 6824
6096 15674 4946 1922 6077 6519
6174 15514 4818 1423 5970 6314
6224 15318 4733 945 5800 6294
6256 15080 4664 451 5601 6445
6412 14837 4618 21 5385 6729
6490 14797 4594 -529 5099 7041
6758 14778 4542 -1094 4751 7345
6850 14710 4660 -1777 4340 7506
6892 14853 4816 -2515 3826 7511
6909 14943 5087 -3151 3198 7149
6916 14849 5245 -3798 2446 6475
7202 14448 5434 -4099 2101 5998
7293 14224 5600 -3809 2053 5614
7442 14278 5794 -3558 1948 5290
7585 14286 6008 -3526 1770 5044
7626 14349 5948 -3403 1455 4731
7706 14472 5996 -3391 1096 4484
7792 14411 6101 -3380 851 4224
8225 14580 6204 -3488 704 4030
8510 14762 6262 -3510 680 3910
8657 14793 6148 -3367 725 3834
8712 14764 6170 -3158 737 3711
8709 14872 6022 -3047 633 3631
8770 14814 6112 -3215 438 3719
8921 14694 6282 -3534 194 3899
9072 14468 6340 -3792 -6 4109
9233 14271 6511 -3866 -49 4224
9671 13956 6590 -3572 55 4224
9749 13882 6696 -3373 169 4105
10000 13645 6874 -3214 314 3991
9844 13664 6793 -2897 374 3845
9882 13626 6738 -2761 364 3707
9960 13608 6738 -2709 282 3542
10201 13334 6794 -2477 303 3363
10148 13332 6869 -2130 455 3153
10214 13470 6989 -1943 594 3037
10209 13554 7109 -1968 662 2949
10302 13518 7129 -2079 744 2915
10224 13416 6997 -1945 751 2941
10187 13296 6811 -1781 532 3054
10334 13180 6749 -1593 225 3169
10500 13116 6758 -1391 8 3209
10522 12992 6802 -1135 -331 3270
10616 12903 6750 -779 -756 3384
10661 13044 7161 -474 -1003 3411
10813 13130 7354 -489 -904 3334
11037 12894 7313 -550 -719 3389
10961 12551 7408 -758 -372 3606
10867 12344 7709 -975 112 3937
11005 12339 7721 -1151 498 3976
10937 12345 7652 -1242 669 3779
10997 12160 7686 -1300 605 3627
10892 11917 7606 -1191 551 3453