973 18457 7514 -254 121 -1594
1042 19253 6917 302 -371 -1532
725 19722 6492 662 -843 -687
920 19037 7072 1412 -883 -153
1216 19408 6874 2365 -747 565
1490 20076 6698 2747 -787 921
1942 20304 6256 1926 -824 1236
2487 19308 5542 -42 -589 1331
2538 18422 5473 -1644 -481 1311
2635 18035 5594 -2230 -680 1294
2648 17745 5793 -1602 -868 1109
2957 18161 6292 -1674 -827 964
2997 18021 6518 -2212 -942 848
3205 17276 6484 -2142 -761 657
3078 17227 6586 -1686 -376 396
3020 17236 6612 -1507 -218 243
3025 17071 6528 -1320 -77 72
2741 16701 6317 -982 -164 -156
2696 16384 5980 -783 -386 -98
2403 16501 6026 -640 -716 87
2343 17103 6011 -621 -1085 253
2629 17470 6213 -689 -999 232
3013 17309 6398 -636 -289 121
3201 17092 6663 -693 907 -151
3038 17273 6904 -892 1460 -419
2458 17856 6964 -1241 1370 -490
2096 18162 6522 -1623 1226 -530
1928 17647 6032 -1933 952 -609
2168 17240 5904 -2046 846 -671
2416 16623 6072 -1757 1107 -802
2269 17021 6644 -2081 1481 -1218
2961 15978 6740 -2143 1944 -1601
2970 16513 6797 -1414 2460 -1708
2490 17176 6733 -927 2897 -1829
1902 17417 6685 -1222 2421 -1771
2008 17656 6502 -1950 2004 -1588
2021 17122 6402 -2328 2095 -1576
2418 16848 6372 -2176 2525 -1697
2540 17001 6428 -1894 2951 -1641
2289 17504 6574 -1486 3287 -1960
2228 17826 6736 -1146 3594 -2617
2112 18213 6885 -1066 3903 -3392
1912 18904 7068 -1096 4174 -4038
1237 19189 7546 -1414 4042 -4540
404 19676 8280 -2106 2339 -4093
913 18712 7591 -3351 1180 -3386
1648 17392 6708 -3843 2333 -3621
1460 16540 6377 -2879 4212 -4581
1110 15921 6096 703 6285 -5946
568 15738 6150 3713 6829 -6496
-945 16109 6990 5890 6048 -6004
558 17574 6820 5465 5214 -6486
-117 17210 6761 3879 5317 -7175
-900 17897 7692 1278 5464 -7376
-1595 17880 7907 -657 5081 -7031
-2177 17276 7586 -603 5952 -6760
-2892 18290 7520 690 6637 -7144
-3799 17974 7072 -287 5470 -6731
-4536 17481 7092 -1521 4441 -6435
-5076 16900 7221 -1813 3396 -6128
-5262 15850 7045 -1787 2200 -5819
-5072 14525 6844 -606 1529 -5235
-5727 14294 6384 108 485 -4697
-6090 13762 6108 357 -1401 -4174
-6410 13314 6178 511 -2959 -3921
-6441 12642 6082 789 -4156 -3942
-6025 11993 5900 1400 -4731 -4117
-5930 11766 5757 1871 -4836 -4365
-5781 11616 5508 2374 -4577 -4834
-5672 11648 5232 2596 -4204 -5319
-5760 11602 5170 2563 -3450 -6215
-6098 11747 5089 2109 -2410 -7657
-6340 11658 4958 1728 -1862 -8602
-6723 11637 5073 1353 -1491 -9449
-7001 11565 5077 1132 -1340 -10371
-7133 11417 5042 1201 -1423 -11025
-7215 11495 5014 1361 -1580 -11753
-7284 11640 5085 1606 -1726 -12573
-7489 11757 5192 1796 -1736 -13252
-7692 11706 5277 2178 -1752 -13902
-7850 11854 5276 2726 -1750 -14553
-8185 12056 5232 3245 -1823 -15145
-8425 12057 4878 3835 -2214 -15696
-8828 12430 4697 4320 -2959 -16133
-9346 12553 4338 4651 -3781 -16355
-9837 12465 4341 5169 -5087 -16316
-10416 12510 4256 5797 -7025 -15935
-10822 12422 3910 6679 -8735 -15841
-10970 13078 4020 6915 -10267 -15764
-11106 13681 4418 6018 -11352 -15748
-11374 14008 4641 4792 -12206 -16165
-11998 13996 4738 3973 -13337 -17157
-12452 13908 4628 4011 -14182 -18011
-12979 13281 4324 4962 -15061 -19553
-13481 13195 3854 7002 -14705 -21943
-13761 14204 4205 7645 -12473 -23285
-13818 14813 4674 6992 -10238 -23654
-14074 15058 4830 5840 -8296 -23549
-14316 15106 5056 4347 -6946 -23114
-14865 14901 5237 2603 -6313 -22596
-15270 14704 5160 1230 -6157 -22290
-15699 14481 4991 -359 -5990 -22110
-15965 14574 4981 -2426 -5412 -22158
-16008 14789 5062 -4511 -4430 -22306
-15901 15084 5422 -7438 -2658 -22184
-16104 14966 5922 -9677 -794 -21784
-16312 14529 6557 -11133 1611 -21057
-16804 14161 7272 -11136 3738 -20219
-17213 14025 7574 -10427 4733 -19330
-17647 14174 7918 -9401 5232 -18274
-17726 14358 7960 -8495 5350 -17385
-17770 14268 8087 -7428 5259 -16253
-17578 13901 8388 -5208 5439 -15050
-17398 13226 8363 -1952 5737 -14139
-17068 12750 8324 1374 6260 -13423
-17204 12505 7997 4366 6792 -12957
-17156 12242 7826 6643 7226 -12638
-17243 11792 7302 8940 7644 -12274
-17168 11181 6685 11579 7790 -11895
-17064 10660 5997 13384 8004 -11429
-16889 10404 5356 14744 7991 -10807
-16713 10380 4874 15407 7930 -10226
-16496 10141 4402 15417 7829 -9738
-16422 9950 3964 14961 7803 -9170
-16354 9854 3536 14314 7633 -8574
-16408 9574 3160 13171 7350 -7808
-16329 9318 2695 11382 6940 -6777
-16324 9081 2384 9752 6569 -6037
-16398 8815 2272 8454 6410 -5600
-16637 8512 2160 7333 6432 -5175
-16880 8592 2000 6533 6498 -4890
-17070 8616 2105 5777 6528 -4598
-17370 8313 2682 6187 6318 -4602
-16760 8525 4156 7379 6046 -4619
-16554 5944 6933 14550 5368 -5949
-16441 6577 8580 21362 3870 -5746
-16645 9688 9201 23821 1354 -4202
-16238 10380 8602 21217 -1240 -2482
-15581 10562 7864 15470 -2204 -717
-15213 10252 6666 8379 -2501 699
-15516 8922 5342 2013 -2576 1248
-16094 7833 4100 -2804 -2244 1676
-16286 7225 3057 -6729 -2358 1945
-16494 6968 2186 -9517 -2668 1602
-16897 6764 1501 -11629 -2404 1251
-16974 6834 1186 -12774 -1818 928
-16950 7091 1096 -13753 -911 677
-16937 7077 1118 -15217 109 700
-17077 7078 1159 -17318 852 949
-17044 6905 1228 -19564 1118 1528
-17069 6572 1217 -21328 1058 2153
-16881 6392 1297 -22677 804 2650
-16688 6052 1381 -23452 277 2954
-16484 5801 1433 -23822 -160 3054
-16220 5558 1552 -23809 -571 3045
-16106 5333 1712 -23415 -866 3009
-16070 5149 2057 -22756 -1048 2949
-15852 4916 2286 -21921 -1089 2822
-15880 4832 2537 -20731 -1052 2680
-15860 4748 2697 -19614 -925 2627
-15826 4546 2892 -18265 -735 2543
-15906 4520 3062 -16803 -626 2557
-15808 4361 3144 -15111 -510 2531
-15896 4220 3208 -13293 -474 2575
-16041 4046 3218 -11283 -517 2627
-16164 3901 3297 -9201 -637 2659
-16337 3754 3310 -7115 -754 2705
-16370 3776 3354 -5083 -770 2776
-16409 3893 3348 -3325 -831 2790
-16432 4016 3253 -1869 -787 2890
-16369 4246 3360 -774 -739 2998
-16394 4322 3334 -85 -706 3144
-16324 4398 3308 447 -545 3331
-16361 4425 3226 747 -352 3523
-16412 4342 3301 950 -257 3693
-16453 4229 3377 1064 -149 3849
-16474 4248 3372 1072 -18 3965
-16533 4190 3390 998 34 4022
-16541 4108 3416 937 -40 3981
-16568 3956 3514 717 -43 3939
-16552 3876 3542 616 -123 3880
-16526 3816 3533 587 -226 3761
-16516 3684 3520 596 -304 3655
-16404 3666 3613 623 -407 3469
-16308 3544 3666 645 -458 3278
-16250 3496 3786 745 -496 3035
-16222 3478 3745 806 -629 2807
-16244 3201 3845 593 -987 2459
-16237 3221 3766 283 -1242 2216
-16308 3158 3825 -183 -1549 2117
-16181 3049 3900 -773 -1819 1857
-16025 2833 3868 -1235 -1996 1493
-15924 2772 3909 -1569 -2074 1085
-15852 2640 4042 -1657 -1929 585
-15814 2448 4110 -1422 -1717 -20
-15649 2185 4253 -913 -1384 -747
-15658 2064 4470 -227 -941 -1471
-15562 2024 4601 869 -454 -2203
-15586 2002 4825 2205 163 -2890
-15477 1962 4989 3718 806 -3629