14853 1880 5017 634 -328 1253
14833 1853 5238 557 -499 1241
15016 2002 5244 562 -572 1308
14942 1848 5258 833 -632 1222
15178 2281 5281 1104 -664 1162
15200 2240 5280 1096 -577 1077
15134 2065 5292 993 -567 941
15046 1801 5162 946 -608 876
15106 1848 5118 808 -590 843
14949 1686 5082 815 -481 745
15009 1590 5221 1159 -362 595
15037 1914 5232 1396 -194 468
15022 1965 5272 1375 -50 361
15057 2020 5270 1179 173 362
14969 1893 5194 892 261 337
15002 1757 5154 556 470 315
15058 1586 5210 347 656 259
15048 1569 5057 101 739 223
15082 1485 5021 2 798 242
15094 1517 4861 -64 702 319
15028 1734 4834 -229 583 426
15032 1486 4836 -254 384 575
15150 1944 4905 -462 358 770
15074 1334 5042 -433 296 713
15194 1108 5086 -72 331 529
15302 1184 5229 343 369 350
15465 1557 5370 496 330 230
15562 1658 5502 517 297 245
15544 1700 5510 397 171 290
15622 1785 5478 199 193 352
15533 1826 5440 -106 128 407
15504 1788 5236 -271 106 483
15494 1601 5101 -100 195 419
15556 1568 5256 128 272 364
15678 1554 5316 208 404 308
15725 1477 5414 245 462 326
15616 1373 5328 313 544 289
15517 1442 5240 282 568 309
15518 1514 5245 55 485 443
15481 1385 5226 -206 487 568
15469 1110 5254 -331 460 592
15477 1238 5333 -365 412 733
15598 1425 5330 -489 557 654
15509 1294 5266 -584 533 619
15420 997 5262 -498 451 464
15486 1190 5388 -431 498 351
15522 1486 5406 -401 578 295
15456 1646 5313 -433 542 307
15358 1588 5213 -409 569 303
15257 1392 5102 -385 533 295
15198 1466 5137 -404 470 336
15202 1372 5109 -418 321 408
15198 1264 5130 -391 224 293
15249 1455 5310 -501 204 386
15303 1380 5344 -715 113 403
15306 1306 5396 -846 106 339
15303 1303 5395 -847 111 223
15279 1219 5193 -663 198 46
15241 1263 5097 -475 146 -48
15168 1161 4978 -498 80 -16
15153 1114 5102 -693 48 14
15178 1221 5133 -697 -29 111
15274 1434 5222 -874 -61 65
15315 1353 5271 -1015 -198 30
15392 1201 5272 -977 -278 -42
15437 1205 5254 -870 -219 -101
15472 1198 5145 -768 -213 -191
15441 1364 4997 -670 -125 -136
15370 1182 4906 -615 -43 -157
15394 1077 4940 -613 -116 -93
15491 1162 5018 -775 -157 4
15512 1066 5006 -741 -236 0
15554 1196 4972 -635 -346 -43
15628 1337 4970 -666 -355 -38
15660 1214 4975 -720 -287 -14
15635 1104 5077 -753 -141 13
15625 1055 5137 -766 -25 13
15720 1176 5163 -770 110 21
15706 1184 5081 -699 309 -34
15609 1297 5004 -626 374 -109
15597 1366 5021 -617 415 -130
15481 1321 5070 -643 416 -80
15436 1698 4973 -608 327 55
15426 1778 4841 -753 377 -50
15407 1385 4891 -687 373 -14
15440 1166 4985 -661 495 -29
15538 1203 5134 -753 465 -19
15574 1057 5157 -775 542 -30
15430 937 5019 -661 626 -79
15355 829 4976 -634 581 -75
15281 802 4904 -711 486 -34
15413 771 4976 -748 406 93
15489 830 4937 -641 361 24
15631 1047 4920 -394 357 -81
15609 1258 4864 -377 423 -167
15628 1321 4913 -441 424 -158
15612 1342 4946 -496 407 -237
15530 1292 4933 -529 385 -219
15526 1252 5018 -750 416 -99
15559 1047 5158 -876 387 -6
15547 913 5151 -825 215 17
15512 1028 5149 -590 113 63
15722 1913 4997 -676 187 53
15540 1018 4948 -524 39 20
15479 889 4955 -541 35 -6
15457 1076 4931 -748 149 55
15384 798 4988 -681 171 102
15424 678 5013 -582 129 6
15525 907 4859 -425 149 48
15512 799 4825 -302 137 29
15475 924 4835 -251 129 -6
15535 1002 5000 -335 118 82
15508 1009 5022 -419 171 120
15577 1081 5042 -433 248 107
15582 1129 5045 -432 261 113
15550 1110 4954 -388 157 52
15484 1088 4837 -443 182 15
15417 1006 4934 -432 196 -51
15441 1065 5019 -374 299 -89
15385 994 5140 -504 261 -44
15280 1298 5050 -427 176 166
15421 1477 4908 -576 284 -24
15207 1013 4987 -521 292 -30
15105 953 4992 -661 272 -192
15185 986 4877 -594 232 -213
15221 1161 4978 -513 277 -343
15314 1042 4930 -448 228 -468
15349 1093 4846 -508 238 -458
15364 978 4984 -591 354 -515
15448 950 5050 -546 443 -423
15409 860 5068 -525 562 -395
15440 1017 5168 -529 616 -319
15444 998 5125 -604 557 -244
15432 1040 5016 -575 528 -285
15484 1158 4949 -516 481 -312
15436 1178 4954 -611 456 -365
15438 1134 4934 -692 408 -465
15417 1016 4908 -624 494 -504
15398 907 5038 -592 522 -500
15309 949 5096 -600 578 -544
15224 984 4986 -493 547 -643
15166 992 4898 -272 579 -737
15169 1657 4914 -210 548 -591
15265 1846 4893 -663 772 -823
15062 1132 4957 -690 669 -727
15142 1685 5005 -964 862 -730
14885 1066 4788 -929 830 -837
14978 1492 4813 -842 970 -862
14922 1132 4794 -647 984 -1102
14882 1141 4784 -514 957 -1123
14898 1117 4749 -520 997 -1268
14833 1158 4782 -564 1011 -1322
14873 1262 4901 -662 1063 -1384
14840 1370 5132 -815 967 -1316
14840 1594 5137 -1145 952 -1307
14910 1549 5049 -1309 1008 -1355
14820 1826 5056 -1238 1227 -1392
14640 1909 4882 -1214 1286 -1619
14717 1918 4749 -1009 1272 -1766
14546 1897 4486 -561 1493 -1902
14514 2045 4564 -125 1784 -1962
14630 2165 4708 -147 2118 -1814
14592 1897 4909 -449 2258 -1627
14510 1617 4916 -564 2121 -1609
14464 1508 4792 -468 1769 -1804
14546 1721 4874 -327 1064 -2022
14564 2120 4798 -274 561 -2398
14450 2617 4781 -138 -23 -3032
14829 2908 4820 246 0 -3308
15157 2982 5224 583 762 -3284
15293 2578 5509 913 1664 -3271
15286 2278 5449 1469 2385 -3300
15032 2137 5274 2283 2689 -3430
14645 2304 5172 2997 2613 -3550
14584 2614 5457 2951 2562 -3102
14762 2768 5840 2321 2482 -2659
14850 2464 5970 1950 2345 -2508
14952 2254 5854 2470 2272 -2612
14892 2280 5764 3222 2276 -2971
14841 2461 5617 3897 2344 -3229
14905 2780 5617 4265 2737 -3416
15196 3029 5896 4742 3312 -3556
15362 2917 6256 5040 3993 -3652
15266 2826 6522 5569 4456 -3912
15210 3088 6669 6041 4388 -3955
14986 3426 6501 6049 4004 -3878
14714 3656 6257 5934 3728 -3815
14604 3809 6224 6186 3506 -3984
14782 4284 6433 6297 3698 -4097
15209 4680 7094 6467 4272 -4072
15252 4861 7193 6952 5003 -4326
15132 4928 7280 7585 5530 -4499
14946 4748 7188 8247 5662 -4763
14505 4396 6840 8734 5785 -5138
14062 4180 6625 9194 5644 -5442
13922 4432 6670 9261 5439 -5367
14013 5006 6996 8887 5457 -5117
14061 5097 7269 8670 5504 -5180
14148 5208 7440 8583 5679 -5370
13952 5336 7757 8470 5950 -5466