-15439 3635 2347 -2082 7081 12071
-15360 3728 2721 -3988 8423 11185
-15414 3644 3086 -5816 9440 10434
-15564 3530 3510 -7795 10340 9732
-15794 3568 3982 -9461 10912 9149
-15886 3554 4493 -11126 11346 8599
-15926 3496 4880 -12411 11693 8146
-15878 3537 5277 -13877 12013 7634
-15708 3505 5768 -15251 12417 7019
-15323 3413 6221 -16152 12835 6373
-15164 3272 6658 -16514 13204 5812
-14862 3144 7053 -16313 13606 5552
-14781 3350 7374 -15824 14175 5537
-14709 3461 7778 -15365 14781 5815
-14762 3690 7996 -15151 15282 5969
-14940 3699 8342 -14996 15668 5911
-15176 3570 8709 -14834 15905 5538
-15404 3236 8892 -14627 15786 4908
-15553 2906 9072 -13986 15333 3922
-15770 2562 9057 -13115 14289 2722
-15809 2466 8960 -12027 13089 1390
-15952 2540 8794 -10907 11465 51
-15982 2713 8618 -10008 9700 -1157
-16089 2922 8357 -9487 7911 -2132
-16153 3185 8184 -9291 6295 -2796
-16156 3249 8036 -9131 4936 -3237
-16168 3264 7876 -8764 4013 -3591
-16246 3147 7628 -7973 3090 -3989
-16237 3079 7245 -6309 2045 -4638
-16256 3204 6834 -4302 1175 -5161
-16124 3484 6554 -2743 551 -5500
-16045 3741 6228 -1758 161 -5719
-15978 3861 6042 -874 -91 -5892
-15930 4116 5790 28 -316 -6014
-15926 4249 5501 733 -470 -6093
-15884 4388 5390 1289 -588 -6121
-15898 4557 5073 1828 -800 -6155
-15824 4776 4738 2168 -1037 -6110
-15857 4986 4509 1910 -1088 -6042
-15796 5062 4490 1639 -1038 -6037
-15877 5085 4443 1427 -819 -6040
-16198 5146 4308 1312 -479 -6080
-16508 5129 4189 1222 -165 -6102
-16717 5249 4144 1067 62 -6106
-16842 5334 4210 717 214 -6080
-16848 5504 4168 -37 537 -5950
-16906 5670 4324 -1039 855 -5824
-16862 5764 4232 -2075 1314 -5626
-16680 5912 4336 -3141 1956 -5359
-16500 5846 4448 -3897 2489 -5231
-16512 5953 4518 -4522 2976 -5060
-16456 5945 4662 -5188 3344 -4819
-16505 5882 4732 -5782 3524 -4536
-16298 5787 4903 -6531 3654 -4117
-16150 5654 5052 -6676 3760 -3637
-16009 5412 5106 -6456 3787 -3446
-16088 5320 5195 -5995 3678 -3233
-16133 5220 5230 -5310 3391 -2988
-16204 5166 5176 -4792 3100 -2718
-16200 5060 5109 -4229 2691 -2377
-16206 5000 4976 -3586 2258 -2067
-16213 4934 4804 -2961 1842 -1744
-16206 4852 4599 -2046 1367 -1385
-16155 4798 4259 -991 945 -1126
-16166 4893 3998 -488 807 -1005
-16068 4922 3798 -444 806 -958
-16033 5016 3668 -590 908 -879
-15954 5141 3654 -1032 1103 -825
-15925 5204 3634 -1673 1363 -754
-15933 5210 3620 -2431 1617 -752
-15837 5264 3504 -3254 1875 -781
-15816 5314 3568 -4172 2094 -842
-15680 5370 3645 -5110 2362 -915
-15709 5477 3736 -6105 2585 -923
-15713 5440 3880 -7029 2787 -888
-15806 5494 3862 -7818 2919 -764
-15900 5301 4116 -8347 2955 -641
-16105 5200 4209 -8560 2927 -492
-16312 5056 4282 -8540 2857 -245
-16386 4996 4560 -8330 2784 22
-16486 4949 4690 -8013 2670 298
-16550 4974 4726 -7592 2418 670
-16585 4845 4782 -7062 2114 1062
-16609 4806 4716 -6527 1762 1439
-16628 4738 4686 -5921 1391 1808
-16614 4705 4725 -5308 996 2183
-16702 4681 4624 -4757 580 2661
-16690 4629 4634 -4368 282 3077
-16650 4576 4513 -4146 128 3386
-16630 4460 4366 -3985 77 3637
-16633 4385 4354 -3696 114 3863
-16701 4324 4277 -3413 82 4009
-16605 4118 4132 -3251 0 4070
-16548 4028 3972 -3151 -94 4063
-16402 4006 3961 -3057 -205 4069
-16276 3898 3838 -3022 -317 4047
-16066 3806 3760 -2919 -417 4017
-16163 3555 3514 -2684 -539 3720
-16593 3358 3500 -2430 -677 3256
-16740 3506 3650 -2488 -658 2904
-16596 3782 3669 -2907 -512 2421
-16349 3996 3523 -3770 -210 1531
-16090 4246 3510 -4556 2 854
-15973 4394 3548 -4929 119 589
-15995 4432 3648 -4927 192 500
-16108 4470 3724 -4671 97 570
-16304 4505 3770 -4462 -99 668
-16589 4582 3810 -4275 -344 873
-16790 4686 3866 -4137 -650 1121
-16949 4758 3865 -4046 -922 1382
-17041 4730 3878 -3801 -1136 1689
-17148 4641 3922 -3313 -1321 2082
-17330 4530 3789 -2636 -1576 2516
-17485 4381 3774 -1866 -1851 2952
-17648 4230 3626 -1116 -2204 3401
-17764 4184 3497 -503 -2513 3777
-17859 4058 3289 60 -2749 4273
-17753 3824 3116 437 -2798 4703
-17489 3770 2989 624 -2637 4949
-17282 3738 2918 805 -2379 5111
-16864 3659 2899 860 -2051 5247
-16345 3579 2761 853 -1535 5371
-16033 3541 2769 678 -1170 5381
-15784 3396 2726 442 -948 5316
-15670 3380 2810 177 -824 5235
-15647 3191 2868 -227 -705 4915
-15628 3045 2881 -858 -578 4338
-15703 3078 2967 -1530 -371 3692
-15724 3004 3014 -2076 -205 3118
-15719 3086 3055 -2685 -66 2469
-15800 3134 3058 -3407 210 1637
-15890 3049 3097 -3747 484 953
-15964 3137 3185 -3878 742 437
-16065 3353 3227 -3934 999 20
-16105 3546 3280 -3956 1188 -265
-16001 3686 3336 -4055 1270 -428
-15801 3784 3421 -4146 1312 -474
-15594 3835 3498 -4107 1371 -446
-15579 3813 3475 -3886 1331 -413
-15708 3701 3597 -3524 1090 -443
-16048 3657 3633 -3185 685 -552
-16478 3556 3712 -3036 337 -694
-16859 3592 3792 -3018 28 -847
-17282 3559 3898 -2933 -201 -990
-17572 3594 3898 -2778 -272 -1109
-17762 3584 3871 -2416 -358 -1178
-17924 3423 3784 -1893 -566 -1191
-17964 3182 3813 -586 -662 -1200
-18004 3344 3756 206 -760 -1097
-17737 3268 3668 1787 -950 -826
-17094 3162 3486 3811 -956 -609
-16684 3392 3512 4789 -866 -548
-16115 3536 3434 5489 -795 -408
-15547 3603 3261 6007 -692 -427
-15089 3585 3224 6240 -621 -518
-14801 3510 3198 6413 -668 -655
-14664 3456 3190 6514 -765 -806
-14468 3411 3121 6531 -892 -1055
-14324 3312 2992 6463 -1114 -1429
-14292 3281 2865 6353 -1310 -1856
-14310 3186 2808 6282 -1491 -2351
-14268 3226 2649 6123 -1605 -2887
-14361 3208 2569 6061 -1703 -3471
-14505 3289 2473 6051 -1670 -4067
-14628 3297 2390 6105 -1584 -4624
-14804 3282 2276 6270 -1456 -5110
-14958 3344 2130 6496 -1316 -5664
-15128 3446 2118 6698 -1195 -6201
-15305 3541 1972 6865 -1058 -6707
-15481 3650 1972 6986 -935 -7194
-15694 3800 1957 7040 -774 -7663
-16040 3924 1996 7142 -478 -8297
-16493 4155 2040 7321 -178 -8890
-16812 4320 2163 7471 10 -9246
-17064 4482 2118 7633 180 -9414
-17249 4652 2188 7853 334 -9469
-17382 4800 2178 8106 432 -9479
-17522 4945 2208 8412 574 -9370
-17603 5180 2156 8774 684 -9129
-17587 5433 2112 9081 861 -8644
-17417 5626 2081 9185 1118 -8014
-17360 5718 2124 9181 1443 -7440
-17557 5676 2190 9176 1660 -7049
-18137 5493 2290 9214 1752 -6738
-18714 5406 2400 9222 1731 -6608
-18961 5458 2554 9166 1730 -6463
-18796 5565 2480 9010 1790 -6271
-18309 5712 2504 8832 2020 -5970
-17720 5780 2502 8786 2297 -5655
-17176 5903 2563 8990 2665 -5278
-16726 5915 2622 9557 3149 -4758
-16550 6072 2734 10004 3557 -4144
-16457 6300 2985 9902 3726 -3638
-16259 6501 3283 9015 3843 -3111
-16106 6517 3608 7888 4006 -2555
-16062 6457 3980 7304 4194 -2133
-16120 6277 4229 6956 4192 -1712
-16257 6280 4163 6418 4050 -1273
-16381 6570 4516 5776 3843 -647
-16360 6331 4669 4622 3360 50