-17878 7098 6258 -8775 -881 5864
-18160 6532 5903 -8983 -2453 7250
-18290 6146 5396 -9347 -3838 8478
-18342 5494 4816 -9770 -5022 9596
-18338 5022 4282 -10144 -5908 10425
-18288 4650 3798 -10283 -6331 10765
-18279 4272 3548 -10490 -6651 10941
-18332 4046 3185 -10782 -6680 10916
-18454 3961 2794 -11156 -6598 10617
-18984 3911 2150 -11680 -6603 9999
-19372 4681 1778 -13582 -6129 8931
-19319 4990 1428 -16935 -6183 8273
-18878 4692 718 -18910 -6582 8501
-18694 4417 10 -19394 -7152 8662
-18960 3684 -817 -18929 -7963 8867
-19592 3264 -1506 -17771 -8597 9197
-19846 2944 -2020 -17013 -8912 9510
-19873 2667 -2548 -16062 -8758 9770
-19870 2344 -2901 -15373 -8243 10080
-19700 1898 -3500 -14453 -7451 10275
-19416 1266 -3966 -13105 -6486 10442
-19124 733 -4317 -11572 -5553 10596
-19028 530 -4673 -9936 -4712 10592
-18882 282 -5090 -8641 -3805 10491
-18697 204 -5382 -7779 -2931 10362
-18492 205 -5549 -7598 -1912 10228
-18392 488 -5544 -7865 -1311 10016
-18457 277 -5329 -8689 -307 9777
-18116 -32 -5030 -9841 738 9432
-17896 -331 -4859 -10266 1375 8949
-17731 -271 -4826 -10459 1964 8193
-17630 -206 -4514 -10752 2544 7143
-17662 200 -3992 -11833 2924 6385
-17597 320 -3670 -12686 3239 5928
-17410 758 -3349 -13644 3526 5564
-17230 1128 -3097 -14878 3914 5206
-17104 1256 -2684 -15651 4063 4912
-17140 1420 -2668 -16403 4151 4769
-17225 1408 -2310 -17366 4197 4879
-17209 1314 -1917 -17713 4094 5065
-17160 1282 -1684 -17892 3968 5190
-17137 1213 -1384 -17790 3770 5287
-17221 1154 -1430 -17515 3681 5391
-17231 977 -1196 -16648 3337 5417
-17503 981 -1316 -15525 3093 5640
-17421 653 -1130 -14168 2725 5834
-17660 884 -1496 -13411 2709 6003
-17873 493 -1457 -11721 2553 6122
-18356 62 -1317 -9559 2321 6079
-18710 69 -1410 -8506 2520 6025
-18660 -22 -1278 -7527 2823 5891
-18510 132 -970 -6897 3154 5652
-18239 243 -655 -6537 3671 5206
-18144 612 -365 -6567 4073 4808
-18113 733 -189 -6673 4170 4668
-17986 528 116 -6621 4203 4650
-17890 665 221 -6455 4219 4698
-17822 766 434 -6309 4258 4739
-17564 724 610 -5725 4255 4690
-17336 644 752 -4645 4385 4528
-17181 690 850 -3597 4487 4457
-17008 571 946 -2478 4485 4365
-16844 486 1068 -1783 4561 4236
-16532 814 1317 -1418 4855 4152
-16260 594 1598 -1122 5043 4009
-16135 472 1959 -677 5142 3495
-16096 396 2004 -267 5076 3098
-16368 168 2153 739 4660 2565
-16861 -130 2246 2602 3795 1888
-17486 -445 1916 4279 2817 1467
-17785 -630 1746 5943 2040 1076
-17960 -432 1545 7410 1360 663
-17830 -194 1446 8341 981 305
-17608 263 1409 8985 790 -227
-17411 862 1353 9229 690 -1111
-17221 1216 1204 9275 696 -2012
-17103 1566 1016 9300 670 -2907
-17071 1981 921 9470 564 -3670
-16810 2430 964 9437 436 -4130
-16808 2743 1036 9355 238 -4553
-16665 3053 1202 9321 -137 -4850
-16618 2971 1024 9658 -553 -5140
-16765 2858 686 10727 -1266 -5269
-16926 2592 426 11978 -1737 -5278
-17059 2534 129 13731 -2466 -5220
-17126 2807 -133 15860 -3468 -4999
-17650 2834 -534 16887 -3916 -4777
-17354 3158 -562 17728 -4403 -4865
-17670 3003 -1098 18464 -4540 -5141
-17415 3236 -1191 19576 -5311 -5611
-18144 3066 -2206 20212 -5274 -5804
-17470 3548 -2117 21151 -5268 -6328
-17410 3664 -2254 21424 -5688 -6416
-16994 3956 -2290 21980 -6619 -6389
-17303 3876 -3329 22090 -6085 -6258
-16710 4186 -2970 22994 -6334 -6444
-16916 4259 -3758 23562 -6583 -6485
-16806 4370 -4164 24126 -6640 -6465
-16957 4673 -4493 24296 -6691 -6360
-16720 4936 -4540 23952 -6507 -6372
-16892 5078 -4606 23527 -6243 -6385
-16912 5478 -4520 22497 -5872 -6461
-17174 5743 -4401 21062 -5393 -6631
-17222 6058 -4258 20056 -5100 -6672
-17254 6277 -4121 19177 -4784 -6584
-17080 6362 -4110 18582 -4403 -6441
-16889 6500 -3977 18103 -3973 -6215
-16683 6658 -3880 17794 -3245 -5821
-16388 6926 -3699 17806 -2184 -5115
-16550 6962 -3389 18039 -1226 -4210
-16718 7046 -3038 18006 -591 -3382
-16762 7128 -2810 17835 -173 -2893
-16872 7099 -2318 17457 518 -2328
-17158 6853 -1699 17106 1192 -1982
-17425 6658 -1304 17104 1501 -1764
-18067 6541 -937 17180 1492 -1595
-18791 6326 -534 17408 1090 -1459
-19200 6041 -298 17772 766 -1225
-19268 5888 44 18045 818 -990
-19006 5763 400 18230 1251 -904
-19176 5365 756 18442 1711 -1095
-19274 5074 1018 18526 1851 -1247
-18956 4878 1331 18261 1729 -1278
-18277 5062 1601 17548 1661 -1426
-17368 5317 1820 16517 1735 -1592
-16170 5682 1902 15238 1944 -1676
-14952 6106 2586 13246 2440 -1788
-14324 6510 3053 10595 3104 -2046
-14164 6416 3304 8949 3280 -2171
-14128 6213 3514 7543 3053 -2127
-14376 5706 3693 6260 2302 -1817
-14876 5236 3716 5939 1250 -1429
-15160 4834 3660 6065 385 -1134
-15589 4592 3397 6498 -315 -828
-15749 4510 3177 6993 -822 -485
-15946 4294 2861 7534 -1149 -262
-16080 4339 2454 8046 -1314 -68
-16109 4426 2073 8181 -1327 27
-15938 4569 2005 7792 -1152 131
-15886 4797 1912 7148 -917 234
-15704 5010 1902 6525 -736 381
-15768 5120 1849 5748 -732 588
-15922 5244 1640 5206 -710 931
-16158 5342 1588 4887 -742 1334
-16569 5314 1497 4600 -1087 1697
-17038 5076 1354 4537 -1537 2094
-17168 4844 1423 4609 -1984 2949
-16764 4794 1366 4560 -1688 4127
-16404 4642 1412 4214 -1152 4577
-16137 4248 1439 3598 -559 4658
-16004 3806 1492 2747 40 4607
-15949 3600 1646 1892 455 4415
-15898 3605 1574 982 939 4071
-15677 3540 1820 -300 1512 3489
-15492 3572 2056 -1980 2028 2644
-15255 3634 2320 -3792 2337 1838
-15204 3660 2418 -5553 2187 1064
-15404 3798 2478 -6978 1828 437
-15500 3900 2514 -7752 1625 129
-15547 4038 2528 -8388 1465 -135
-15463 4106 2583 -9087 1365 -457
-15617 4017 2577 -9499 1343 -711
-15966 3761 2442 -9388 1340 -844
-16733 3585 2136 -8886 1186 -926
-17336 3376 1962 -8239 894 -952
-17648 3330 1801 -7796 735 -1078
-17116 3504 2024 -7938 582 -1154
-17445 3956 2545 -8526 423 -1525
-17581 5316 1706 -9534 423 -1966
-17021 4240 1907 -11794 1982 -2970
-17212 4129 3465 -12586 2336 -3961
-17609 5155 3867 -13003 2731 -4489
-17820 6488 3682 -14953 2767 -4367
-17693 6285 3047 -18110 3005 -4459
-17500 5611 2708 -21400 3587 -4857
-17228 5369 3158 -23248 3452 -4825
-16894 5134 3532 -23142 2526 -4659
-16776 5082 3504 -22334 1810 -4136
-16618 5113 3537 -21682 1393 -3528
-16453 5069 3582 -21097 632 -2803
-16402 4932 3601 -20598 -98 -2143
-16266 4808 3656 -20010 -640 -1825
-16410 4668 3524 -18804 -1422 -1265
-16725 4673 3233 -17090 -2512 -831
-17060 4653 2690 -15728 -3784 -558
-17464 4418 2262 -14704 -5089 -384
-17631 4238 1837 -13777 -6232 -174
-17582 4297 1450 -12899 -7038 90
-17548 4294 1448 -12401 -7401 269
-17343 4508 1314 -12276 -7406 431
-17303 4911 1437 -13015 -6911 439
-17052 5294 1656 -14665 -5893 269
-16852 5446 1664 -16293 -4752 82
-16662 5564 1653 -17480 -3851 -54
-16554 5562 1628 -18276 -3211 -140
-16577 5441 1445 -18784 -2742 -180
-16634 5624 1476 -19223 -2385 -178
-16936 5811 1430 -19813 -2435 59
-17262 6012 1313 -20603 -2954 521
-17370 6104 1304 -21325 -3522 1084