12760 31744 -22154 -32768 -28144 -32768
2401 23914 -9850 -32768 -9318 -32768
-15644 3487 7615 -23992 708 -31450
-23608 5745 14962 8232 14920 11485
-20563 14150 9619 31234 16122 32767
-9634 22778 -38 32767 7242 32767
-4344 26184 -5678 32767 1911 32767
202 26036 -8409 32767 -1792 32767
6376 15469 -11436 32767 -2979 32767
11131 4666 -12928 32767 1114 32767
8923 1289 -12084 32767 12883 32767
9097 3341 -8881 32767 24908 32767
7666 2354 -5886 32767 32767 32767
-2696 2840 -4264 32767 32767 32767
-8450 7206 -2062 32767 32767 30468
-4790 18878 -1334 32767 32042 -10074
-11847 20959 12673 17308 3230 -32768
-12312 31137 2102 -31008 -32768 -32768
-11965 32767 -9317 -32768 -32768 -32768
-7638 32767 -28682 -32768 -32768 -32768
14809 32767 -32399 -32768 -32768 -32768
23974 32767 -32768 -32768 -32768 -32768
14146 26393 -22312 -32768 -32768 -32768
-7086 -1034 -2085 -32768 -32768 -32768
-11860 11338 6802 1581 -21770 -6648
-12080 6437 15267 32767 2046 31663
-4683 13656 -5035 32767 15124 32767
16672 32767 -17008 32767 11776 32767
14024 32408 -18820 32767 23023 32767
13678 28958 -10430 32767 25081 32767
5480 10008 -4578 32767 31654 32767
-6109 6374 2236 32767 32767 31143
-5844 8028 6638 32767 32368 8988
-9596 25632 12558 -2138 11881 -16473
-6467 30323 4621 -32768 -24894 -32768
4308 32767 -7038 -32768 -32768 -32768
12160 32606 -20130 -32768 -32372 -32768
15688 30860 -25614 -32768 -21688 -32768
14237 19856 -17381 -32768 -7433 -32768
-5616 1166 560 -21434 1296 -32768
-15120 -1284 11250 10849 8506 -20102
-12720 -861 10076 31716 18821 24077
3029 20389 -5611 32767 21965 32767
9784 20084 -13363 32767 24382 32767
18889 10877 -17628 32767 29507 32767
19870 6352 -20524 32767 32767 32767
7784 5506 -10438 32767 32767 32767
-3594 11854 -2808 32767 32767 32767
-14529 24076 3215 32767 31673 10834
-15977 32767 4452 -5651 -8688 -22788
-7891 32767 -10190 -32768 -32768 -32768
13018 32767 -32254 -32768 -32768 -32768
20926 23654 -25552 -32768 -32768 -32768
-4188 8760 -9674 -32768 -32768 -32768
-11882 -2339 -2967 -9656 -28136 -26954
732 8429 1697 32198 2558 14515
3392 15201 -4360 32767 23338 32767
5011 21300 -12138 32767 32611 32767
4742 25805 -16477 32767 32767 32767
5130 20810 -14929 32767 32767 32767
2349 18380 -8457 32767 32767 32767
-1120 17750 -1284 32767 32767 20640
-6544 23082 2212 26666 22566 -4618
-8402 32767 4084 -12421 2720 -24675
-12885 32767 -577 -32768 -25718 -32768
-7200 32767 -13874 -32768 -32768 -32768
9248 32767 -32736 -32768 -32768 -32768
17613 32767 -32768 -32768 -11841 -32768
17722 32767 -26034 -32768 26463 -32768
-310 -13152 -7033 -32768 32735 -32768
-20165 -29673 13200 -10294 8463 -32768
-23165 -30824 26136 7989 -5345 -7711
-8379 -13823 10324 31519 -14761 31648
6622 5385 1357 31264 -23262 32767
13008 5834 -1306 29811 -29917 32767
18618 7721 -7249 32767 -32216 32767
22200 2316 -9246 32767 -28380 32767
26731 -4060 -13624 32767 -23955 32767
28832 -10369 -20341 32767 -1188 32767
18065 -1873 -20921 32767 27160 32767
2392 4313 -22341 32767 32767 32767
5518 21938 -17776 32767 32767 32767
-27351 32767 6704 30917 29121 -16091
-29724 32767 16029 -14588 -13136 -32768
-26640 30434 7246 -32768 -32768 -32768
-7722 32767 -6306 -32768 -32768 -32768
1286 31737 -27401 -32768 -32768 -32768
15142 32767 -32768 -32768 -32768 -32768
19068 32767 -32768 -32768 -32768 -32768
15935 29235 -25224 -32768 -32768 -32768
-11559 -18269 7259 -30630 -22063 -31489
-3399 -13707 18372 21929 26837 17235
-7833 1757 -1386 32767 32767 32767
5698 27070 -11794 32767 32767 32767
15664 31816 -20272 32767 32767 32767
9253 30218 -12816 32767 28400 32767
-1814 19798 4309 32767 22187 32767
-3236 22948 13766 20509 3608 17012
-9513 32542 15500 -19271 -8918 -16822
-8044 27048 5684 -32768 -27839 -32716
594 30354 -5858 -32768 -32768 -32768
3276 32767 -12820 -32768 -20449 -32768
-866 32767 -4595 -32768 -4804 -32768
-10510 19430 2300 -32768 4464 -32768
-26719 82 14865 -26787 8821 -23900
-22958 984 19548 14949 17371 23734
-12464 7378 8975 32767 15565 32767
2957 21309 -548 32767 10677 32767
7966 21510 -4480 32767 9587 32767
13365 13148 -6864 32767 8026 32767
15703 4409 -9537 32767 17641 32767
10718 4624 -5942 32767 31633 32767
7254 887 -5708 32767 32767 32767
-10106 3930 -3106 32767 32767 32767
-12369 6625 1176 32767 32767 32767
-8676 12022 4113 32767 32767 24336
-14358 13208 9225 32767 32767 10214
-15142 10593 11601 29113 30421 2355
-12003 8566 10797 12757 -328 -7155
-2931 13164 3127 -4495 -31092 -14486
7510 23474 -8987 -24394 -32768 -25655
14970 32767 -26274 -32768 -32768 -31860
11589 32767 -32768 -32768 -32768 -32768
7978 32767 -32768 -32768 -32768 -32768
22817 32767 -32768 -32768 -32768 -32768
29507 32767 -32768 -32768 -32768 -32768
10400 11890 -32250 -32768 -32768 -32768
9386 -27342 -11676 -32768 -25695 -32768
18446 -27998 392 7134 5790 18904
8406 -6633 -8313 32767 26686 32767
15282 9860 -12405 32767 32767 32767
21237 19590 -21264 32767 32767 32767
9494 32315 -9477 32767 32767 32767
-3556 32767 7384 32767 31631 32767
-10137 32767 16072 20369 -2104 31451
-14134 32462 16720 -30371 -24328 -8731
-5912 28379 1948 -32768 -32768 -32768
5010 25364 -3330 -32768 -32768 -32768
6917 18735 -8448 -32768 -24577 -32768
5161 7176 -8090 -32768 316 -32768
1669 11766 -1814 -22847 10214 -25341
-1942 22818 1362 -113 9999 -10922
-6156 22205 1566 4843 14485 1323
-4876 23720 1666 4845 16929 6077
-4366 24422 1412 3218 15646 8327
-1680 23820 1272 -282 12710 7678
218 22837 1684 -1809 10663 3773
1382 20326 2280 -3249 8979 2020
2313 18373 2748 -4787 7943 2323
2797 17228 3148 -6098 7605 2889
3340 16524 3928 -6685 8110 2851
2401 17046 4540 -6710 5584 1589
2969 17470 4988 -7827 1055 470
5001 17756 3856 -10374 -825 701
5253 18565 4101 -14070 256 -1370
6005 19290 4141 -18556 -2154 -4368
7005 19078 3446 -22656 -4159 -7277
7345 17881 3017 -25261 -5378 -9189
7573 17349 2956 -26434 -5910 -9683
7460 17013 3428 -26664 -5817 -9136
6674 17304 4046 -25853 -7469 -8326
5717 18046 4296 -24362 -10050 -5832
5709 18293 4550 -22401 -10215 -2577
4814 17998 4632 -19286 -9244 -254
3249 18121 5092 -15680 -9589 1256
1306 18777 5482 -11996 -10176 2525
-145 19352 5801 -8137 -10108 3449
-988 18900 6160 -4266 -10420 4391
-1212 17617 6588 -271 -10899 6052
-1361 16357 7157 3535 -12445 7964
-1577 15694 6934 7340 -13537 10100
-900 15416 6821 11224 -12895 11567
-753 15536 6529 14856 -11815 12933
-344 15424 6122 18278 -9837 13765
314 15069 5634 21477 -7374 13914
266 15192 5053 24206 -5044 13902
-161 15892 4232 26285 -3314 13403
-830 16264 3577 28354 -2807 11945
-867 16308 2967 31527 -2900 9684
-620 17277 3075 32767 -3266 8341
-372 18864 3730 32767 -2797 7762
-319 20050 3930 30883 -1732 7589
-154 20775 3161 26001 -78 6822
169 20568 1979 19334 1258 6971
248 20237 668 13448 1028 8149
148 19540 -219 9328 -417 9099
-128 20083 501 5731 -2474 8821
-821 18356 577 1965 -4738 3565
1150 16580 -870 1946 -4966 797
2401 17245 -1096 3945 -3804 342
2145 18704 -1050 5335 -2066 -371
2500 18830 -1605 6427 -463 -714
3354 19073 -1674 7726 778 55
3185 19818 -1661 7730 1119 926
2976 20017 -1714 6814 788 287
2876 19641 -2112 5934 159 -737
2881 19460 -2028 4873 -469 -1235
2165 19693 -1410 2750 -1205 -2202
2874 18812 -1293 1886 -752 -2608
3618 18390 -2134 2868 618 -1556