1458 16988 3618 -5101 3428 18350
1984 16580 3916 -5013 3081 18112
2576 16220 4145 -5328 2776 17489
2934 15967 4485 -5961 2726 16655
2856 15540 4648 -6403 2763 15557
2774 15376 4682 -6563 2595 14687
2984 15114 4489 -6475 2447 13634
3191 15122 4468 -6015 2189 12183
3502 15022 4405 -5413 1954 11096
3750 15304 4337 -5313 1813 10582
4020 15373 4457 -5621 1846 10390
4504 15464 4728 -6170 1981 10320
5140 15574 5252 -7524 2520 10041
5522 15261 5742 -8945 3134 9730
5828 14558 5990 -9408 3473 9478
6060 13898 6129 -8997 3666 9114
6486 13545 6365 -8218 3893 8436
6826 13592 6560 -7271 4234 7435
6945 13698 6930 -6209 4800 6073
6962 13870 7105 -5308 5167 4832
6938 13982 7280 -4868 5295 4096
6500 14236 7636 -4729 5354 3574
6328 15235 8149 -5363 5103 3151
6341 15678 8265 -6304 4709 2835
6576 15920 8449 -7520 4479 2639
6768 15762 8544 -8460 4456 2616
6685 15782 8687 -9450 4516 2729
6401 15017 8693 -10150 4383 2982
6532 14557 8665 -10349 3979 3162
6695 14358 8816 -10919 3407 3346
6560 14178 8970 -12037 2914 3649
6212 13502 9038 -12116 2608 3516
5852 13150 9048 -11422 2249 3157
5453 12302 8950 -9724 1870 2633
5542 11834 8841 -7702 1620 2387
5940 11569 9010 -5945 1950 2485
6074 12062 9154 -4992 2785 2713
5982 12170 9418 -4913 3803 2832
5411 12243 9389 -5567 4412 3000
5361 11984 9544 -6681 4416 3208
5040 11620 10301 -7572 4095 3278
4953 10785 10878 -7239 3486 3050
4637 10320 10700 -6184 2603 2942
4993 9637 10565 -5097 1226 3213
5173 9130 10472 -3931 -6 3615
5369 9684 10684 -3546 -315 3902
5314 9080 10560 -3163 343 3660
5389 8330 10493 -1996 1120 3591
5369 8133 10448 -473 2006 3660
5622 8901 11068 -133 3041 3629
5696 9228 11381 -947 3724 3491
5448 9200 11528 -1729 3776 3347
5494 9278 11928 -2847 3561 3249
5694 8901 12748 -2718 3419 3011
6184 8718 13518 -1587 3670 2914
6372 8754 13978 -395 4014 2837
6334 9092 13969 588 4223 2692
6094 9478 13970 972 4227 2540
6011 10388 14303 441 4154 2168
5920 10810 14962 -1214 4210 2088
6069 10556 15048 -2070 4112 2211
6226 10278 14853 -2337 3714 2324
6158 10032 14651 -2327 2927 2338
6125 10350 14770 -3018 2437 2270
6541 10137 15129 -4397 2694 2295
6829 9644 15245 -6174 3228 2090
6488 9188 15084 -7256 3469 1717
6197 8465 14489 -8029 3477 981
5797 8096 14762 -7839 4148 52
5856 8104 15361 -7938 5240 18
5432 7315 15473 -7279 6246 284
5516 6446 15100 -6219 6498 781
5370 5471 14232 -3955 5653 1214
5090 6064 14246 -2633 4957 1534
4870 6725 14812 -3453 4909 1493
4555 6204 14984 -4807 4921 1332
5092 4978 14894 -4463 4518 1220
5172 4497 14548 -2743 3715 931
5166 5142 14870 -2118 3439 558
4886 5871 15230 -2465 3300 -3
4475 6241 15191 -3444 2922 -333
5053 5695 14902 -3797 2520 -360
5192 5384 14276 -3206 2073 -405
4752 6030 14239 -2822 1466 -843
3442 7470 14892 -4355 1092 -1850
2883 7408 15088 -6146 1272 -2088
3268 6244 15070 -6323 1664 -1624
3322 5328 14559 -4590 1730 -1034
3225 5498 14418 -2190 1695 -639
2980 6184 14492 -1196 1609 -626
2755 6580 14537 -1146 1599 -610
2617 6494 14484 -1793 1659 -323
2728 6257 14165 -2155 1584 -22
3036 6158 13956 -2280 1585 121
3263 6036 14083 -2381 2086 220
3480 6073 14584 -2650 3240 326
3547 6028 15011 -2784 3792 299
3734 5745 14846 -2808 3247 -116
3637 5929 14945 -2893 3151 -728
3545 6172 15452 -3145 3620 -1291
3333 6462 16141 -3945 4751 -1622
3216 5760 16530 -4053 5151 -1580
3006 5366 16073 -2780 4666 -1441
3202 5140 16006 -1378 4481 -1418
2784 5722 16814 -1480 5227 -1423
2420 5430 17169 -1681 5460 -1348
2421 4909 16568 -982 4659 -1105
2465 4537 15744 271 3586 -890
2664 4394 15274 1619 3156 -664
2633 5231 15321 2272 3629 -574
2305 6009 15778 1144 4431 -824
2277 5843 15676 -631 4715 -1250
2266 5164 15100 -1104 4554 -1414
2313 5052 15054 -504 4462 -1258
1809 5821 15685 -235 4744 -1106
1601 6002 16514 -108 4896 -687
1370 6188 17174 9 4598 -208
1275 5672 17028 1151 3575 406
1260 5489 16706 3234 2318 1033
1305 5713 16377 4302 1672 1270
1037 6620 17136 3647 1425 1161
36 6785 16824 2320 1615 416
-728 5470 20532 1080 1681 -381
-742 5500 22812 839 -5935 -226
510 4962 19319 -640 -8875 206
1861 4039 18194 2091 -8927 -1035
2357 5180 16590 3798 -8026 -1261
2526 6664 16100 2850 -7195 -1231
3014 6186 16218 1141 -6036 -1508
4477 6008 15455 -491 -2839 -1272
4500 5698 14747 -114 -452 -1148
5064 5140 14308 489 876 -1397
4998 4835 13722 1799 1683 -2067
4398 5106 14246 1340 2077 -3210
4548 5923 14309 500 1915 -4058
3981 6408 14744 -801 1366 -4805
4398 5962 14638 -1732 1498 -5143
4872 5426 13780 -1190 2900 -4543
3032 5102 15505 -1606 3256 -4948
3361 5737 17265 963 2270 -1825
2937 5124 17780 2672 2220 -1126
2462 6134 17980 3952 1081 7
1793 6164 17082 3533 259 -748
2700 5417 16677 2892 865 -2820
3046 4625 16106 2962 1412 -4015
2461 5917 16470 2001 773 -4209
2980 4152 14930 5522 1153 -2746
1562 6860 14519 5300 1772 -4978
1632 9712 14357 797 4016 -5001
-1212 6994 18838 -2264 -784 -4434
2241 8171 16762 -235 -1045 -2592
1660 8668 18198 -562 30 -725
1566 9441 20153 334 -391 543
1605 8554 17628 2639 351 1627
519 8646 21166 3979 -3071 2581
-1771 9141 19885 2110 -6862 1573
-1128 12594 18814 -2799 -13203 -748
4083 7048 15308 -3050 -6922 -1229
2657 6360 13466 -1533 -1823 -2613
2370 7446 13344 -1345 -953 -3959
3056 5800 13998 -554 12 -5604
3393 5526 15054 4093 2536 -4767
3018 7150 17572 4767 3136 -3719
1701 7804 19056 4780 1093 -2921
2324 7495 18224 5762 -242 -2343
3138 7642 16397 5973 64 -1770
3129 7628 15513 5802 800 -1223
2697 8020 14946 5941 1676 -628
2638 8526 14668 5989 2872 -13
2345 8798 14902 5517 3881 202
2245 8343 15232 5005 4407 -418
2069 8749 16350 4419 3727 -1115
2161 9162 17460 3659 2937 -1216
2038 9158 17946 3371 2352 -953
1453 9346 18250 3496 1523 -219
1413 9193 18091 4298 718 797
1552 9176 17808 4880 205 1607
1245 9609 18353 4797 -689 2012
733 10078 19256 4668 -2109 1812
737 10072 19125 4758 -3191 1617
961 9889 18654 4949 -3949 1667
705 10094 18266 5052 -4521 1707
1092 10105 17976 4727 -5245 2006
964 10225 17536 4416 -6004 2116
1012 9948 17052 4294 -6544 2109
524 10153 16526 4330 -7119 1837
494 10678 16110 4272 -7509 1622
582 11123 16224 4615 -7521 1580
638 11684 15717 4948 -7479 1610
1062 11654 14996 4911 -7417 1871
1764 11339 14644 5197 -7031 2449
1913 11433 14232 5685 -6497 2872
2046 11570 14156 5814 -6430 3262
3044 10745 13139 6283 -6323 3871
3774 10314 12338 7400 -5794 4564
4059 10858 12072 7930 -5326 4944
4358 10885 11546 8005 -4878 5116
4700 10546 11041 8080 -4393 5088
5152 10252 10758 8241 -3845 5042
5486 10349 10298 8600 -2739 5107