4473 12293 9837 286 16151 8340
4898 11881 10326 -477 16496 8441
4812 11260 10670 -746 16638 8228
4494 10726 10933 -418 16672 7584
3837 10810 11014 126 16487 7035
3092 11252 11074 371 16269 6763
2833 11792 11526 135 16078 6873
2746 11638 11754 188 16104 7255
3137 11461 12478 387 16451 7529
3054 10701 12890 1339 16661 7503
2394 10212 12974 3161 16864 6950
1129 10330 12782 5640 16727 6054
138 11557 12388 7172 15993 5356
458 12677 12501 7078 14954 5295
1052 13164 12938 6318 14271 5642
1530 13266 13242 5651 13821 5890
1276 13436 13329 5180 13370 5866
541 13436 13485 5516 13184 5540
6 14025 13729 6057 13295 5676
-792 14717 14068 5885 13182 5926
-928 14724 14058 5688 12988 6301
-1752 14274 14160 5998 12140 6685
-1758 15198 15220 5962 10045 7269
-1764 14892 15205 5166 8182 6884
-2525 15560 16393 5085 5449 6922
-3037 16174 18686 5119 2788 7523
-1674 16156 18981 4904 1475 7370
-1310 15761 18077 5226 1263 7721
-1110 15689 17308 4868 1027 7716
-716 15033 16050 4600 511 7418
16 14592 14505 4077 32 6896
626 13842 13070 3856 -285 6327
1582 13537 11937 3948 21 5461
1648 13808 11424 3729 228 4619
1848 14294 11113 3699 974 4109
1448 15037 11646 3629 1888 3589
1100 15556 12280 3413 2725 3303
709 16072 12792 2990 3132 3034
201 16288 13040 2456 3169 2802
-86 16185 12933 2059 2997 2517
-9 16005 12558 1917 2737 2254
-262 16110 12298 1668 2349 2248
-104 16221 12306 1350 1890 2340
202 16122 12525 917 1584 2301
589 15614 12624 809 1569 2145
686 15282 12730 930 1817 1897
466 15253 12708 910 1978 1504
205 15281 12521 705 2101 1061
160 15217 12449 526 2376 722
-64 15346 12497 243 2888 502
-52 15380 12600 33 3347 380
-13 15220 12828 -224 3903 309
-86 14827 12905 -192 4559 9
-265 14564 12881 241 5241 -258
-473 14713 12854 461 5673 -414
-846 14912 13010 189 5471 -435
-1390 15025 13296 -481 4570 -357
-1144 14860 13406 -940 4043 -310
-1134 14706 13521 -949 4077 -385
-1200 14656 13480 -520 4825 -468
-1106 14730 13489 136 6023 -433
-1113 14845 13510 578 7076 -310
-1170 14882 13352 755 7998 -281
-1249 14566 13046 1511 9039 -130
-1290 14637 13505 2324 9809 95
-1993 15520 13338 1763 10107 748
-2854 12510 15006 8154 10567 3635
-1072 16137 14322 11311 12850 3907
-940 16714 13474 11085 13963 4016
-1189 16024 12093 9009 15024 3853
-3245 15564 11802 10738 14651 4234
-3286 16410 11298 10458 12705 5457
-2697 16894 10282 8158 10864 5393
-2234 15936 9729 6868 9664 5060
-2108 15982 9348 6258 8937 4985
-1985 15778 9312 5756 8713 5070
-2218 15949 9636 5464 8471 5087
-2124 16052 9849 5444 8075 5120
-1840 16161 9082 5717 8215 5477
-1273 15129 9760 6821 9065 5991
-1733 16026 9249 7742 8824 7085
-2166 16065 8681 8551 8863 7771
-2088 16138 8018 9454 9043 8638
-1928 16412 7906 9615 8412 9405
-2154 16492 7757 10041 8121 9712
-1950 16306 7780 9936 8234 9357
-1832 16610 7826 9623 7983 8579
-1448 16552 7596 9270 7602 8026
-1186 16238 7236 9340 7350 7753
-1077 16982 7009 9169 6940 7763
-530 16998 6569 8883 6527 8063
-100 17040 6334 9048 6435 8445
40 17433 6269 8772 6610 8834
184 17714 6298 8203 7013 9005
186 17853 6396 7532 7557 8941
209 17673 6405 7391 7989 8637
484 17480 6106 7869 7918 8271
924 17408 5777 8548 7452 7748
1325 17770 5060 8837 6709 7217
1417 17986 4690 8355 6023 6700
1309 17969 4241 7910 4806 6345
1234 18073 4145 7310 3874 6158
1377 17873 4200 6372 3582 6125
1573 17756 4212 5516 3924 6362
1782 17552 4340 5206 4570 6320
2212 17502 4412 5098 5422 5918
2334 17568 4424 4904 6171 5232
2333 17582 4454 4784 6709 4431
2170 17681 4281 4730 6810 3712
2178 17490 4068 4959 6717 3215
2349 17948 3818 4920 6622 3053
2669 18273 3672 4750 6758 3147
2665 18685 3800 4694 7058 3101
2750 18776 3957 4831 7373 2780
2717 18793 4052 4961 7713 2439
2546 18853 4089 4978 7888 2130
2312 18858 3921 4996 7908 2089
2393 18900 3925 5165 7561 2138
2524 19017 3768 5396 6860 2167
2690 19269 3422 5372 6214 2178
2624 19749 3170 5214 5850 2006
2506 20132 2982 4695 5560 1736
2392 19993 2872 4185 5194 1507
1680 18825 3157 6124 4437 2118
2477 20600 3274 7300 4862 2061
2120 20514 3097 7368 4307 2572
2170 20732 3042 6879 4311 2795
1696 20441 3550 6529 3206 2745
2121 19793 3529 5852 2240 2377
2148 20036 3426 5032 1537 1975
2230 20094 3200 4554 1470 1773
2488 19796 3097 4060 1367 1493
2638 19630 2829 3981 1445 1185
2752 19068 1969 4506 1356 671
3537 18930 817 5411 1725 467
3358 19614 398 5202 2665 645
3338 19402 621 4899 3017 503
3176 19396 964 5016 2825 497
3258 19872 801 5272 2332 831
3080 18721 808 4944 1731 102
3449 19038 226 5228 1839 -440
2960 19518 125 4790 1785 -405
3142 19460 10 4439 2086 -208
2816 19521 346 4040 1993 -108
2930 19852 385 3283 1733 102
2956 19654 566 2737 1540 124
2813 19585 629 2166 1393 189
2701 19577 800 1822 1163 392
2657 19325 1016 1889 863 493
2636 19244 1006 2163 618 557
2805 19362 781 2039 397 477
2764 19404 590 1568 253 156
2816 19162 308 1090 133 -352
3110 18928 -10 671 344 -877
3170 18634 -43 450 464 -1023
3297 18651 -206 433 343 -843
3292 18784 -146 457 242 -618
3149 18865 80 792 278 -518
3106 18997 240 1057 398 -377
3009 19348 270 1193 643 -191
2858 19526 170 1281 845 -143
2885 19651 43 1167 906 2
2399 19958 -92 396 811 -346
2829 19722 154 -891 200 -175
2713 19133 -73 -811 -100 -89
2720 19256 -299 -869 -386 -49
2784 18907 -523 -753 -354 -74
2708 19046 -961 -345 -249 -195
3008 18729 -285 -1647 35 -366
2814 19222 -258 -1790 -376 -337
3020 18777 -295 -1707 -115 -67
2838 18821 -169 -1614 91 -174
2914 18872 -85 -1499 55 -115
2869 18681 63 -1258 -4 -114
2926 18717 49 -1141 -78 -130
2971 18676 22 -1139 -111 -167
2953 18637 6 -1065 -130 -222
2934 18734 -62 -977 -115 -219
2921 18732 -39 -954 -124 -192
2920 18768 25 -979 -92 -174
2906 18727 132 -930 -6 -207
2898 18661 143 -829 58 -205
2853 18733 184 -703 63 -241
2890 18799 226 -761 13 -303
2974 18764 242 -751 -48 -253
2972 18730 220 -665 -31 -273
2916 18797 275 -710 -63 -315
2898 18782 201 -834 -147 -377
2980 18614 185 -718 -123 -533
2920 18715 202 -632 -188 -704
2836 18797 137 -629 -396 -925
2856 18896 52 -865 -415 -1084
2848 18850 46 -1116 -474 -1154
2920 18887 27 -1597 -479 -1205
2931 18672 139 -1785 -228 -1239
2888 18783 124 -1693 171 -1076
2693 18661 337 -1260 617 -894
2569 19126 681 -1798 284 -472
2537 19165 572 -1744 194 -389
2610 18949 465 -1290 552 -533