2098 18857 1343 -268 728 74
2044 18964 1152 -275 755 77
2071 18837 1181 -246 768 89
2136 18733 1192 -318 754 143
2088 18676 1268 -331 699 167
2070 18763 1216 -296 672 185
2038 18802 1250 -243 681 184
2008 18754 1372 -295 637 188
2010 18781 1391 -357 550 182
2009 18810 1409 -317 552 186
2044 18764 1452 -300 536 161
2054 18729 1469 -297 488 143
2041 18710 1404 -296 452 86
2100 18651 1398 -375 317 38
1938 18666 868 -80 633 -53
1969 18699 1366 -137 543 -69
1945 18818 1446 -454 213 -30
1951 18792 1495 -494 291 -96
1919 18793 1538 -456 297 -157
1892 18930 1522 -733 124 -169
1974 18746 1326 -756 163 -330
1937 18809 1349 -610 329 -396
1806 18768 1538 -529 225 -315
1924 18900 1462 -575 115 -229
1892 18760 1309 -524 187 -326
1977 18702 1268 -249 423 -438
1835 18960 1481 -249 363 -339
1912 19003 1474 -377 171 -273
1966 18850 1512 -344 163 -239
2021 18792 1565 -238 263 -211
2056 18806 1656 -170 288 -125
2080 18808 1656 -184 349 -73
2172 18668 1605 -104 470 -4
2230 18566 1542 7 520 15
2252 18509 1499 144 523 43
2224 18616 1522 206 465 44
2128 18653 1428 222 398 -9
2139 18671 1423 215 242 -112
2100 18653 1417 243 113 -207
2097 18684 1514 299 107 -255
2114 18661 1447 397 96 -301
2050 18686 1481 457 135 -328
1994 18749 1380 495 157 -321
1980 18810 1292 504 207 -269
2026 18793 1221 511 264 -235
1944 18837 1205 477 303 -219
1964 18897 1168 461 300 -157
2017 18957 1186 433 384 -91
2034 18868 1167 395 472 -13
2057 18863 1148 387 541 60
2116 18804 1178 393 562 142
2136 18850 1220 404 598 188
2178 18800 1262 408 556 183
2061 18965 1284 378 492 116
2170 18902 1151 426 403 151
2108 18974 1044 463 377 129
2191 19018 998 425 298 146
2206 18977 1000 354 238 117
2277 18948 1025 312 257 96
2188 18882 1038 311 221 88
2188 18902 1024 259 255 144
2219 18872 1013 196 322 189
2257 18904 1001 230 407 226
2196 18958 924 220 447 230
2198 18934 957 75 450 234
2228 18943 968 -164 433 154
2283 18848 1022 -442 473 21
2353 18802 1128 -582 560 -76
2312 18841 1201 -562 554 -67
2354 18890 1165 -487 546 -55
2445 18916 1009 -437 619 -104
2450 18875 983 -226 795 -199
2452 18902 985 -143 857 -185
2376 18919 875 -217 844 -176
2416 18792 924 -261 851 -112
2375 18795 824 -250 881 -96
2285 18891 798 -212 867 -65
2154 18919 819 -182 825 -113
2109 18928 842 -159 785 -215
2016 18921 770 -142 760 -280
1987 18862 756 -194 773 -297
1921 18793 816 -214 876 -234
1905 18676 873 -193 987 -194
1872 18680 821 -126 1034 -162
1964 18657 885 -111 1094 -141
1975 18627 868 -78 1142 -107
1959 18671 832 -36 1189 -104
1990 18745 854 -21 1180 -96
1960 18815 884 -109 1155 -103
1972 18862 904 -156 1132 -92
1967 18810 971 -138 1028 -94
1980 18738 1039 -151 908 -58
2049 18750 1085 -129 839 -38
2027 18736 1124 -24 817 5
1990 18748 1168 68 793 91
2048 18779 1119 157 741 100
2029 18892 1112 232 742 111
2045 18870 1037 317 710 101
2027 18944 988 365 700 91
2042 18963 912 348 730 104
2022 18940 900 361 775 116
2053 18971 936 313 861 109
2001 18988 862 276 939 102
2029 18905 875 243 1008 99
2032 18936 804 196 1107 100
2076 18889 856 182 1176 99
2132 18833 796 201 1276 88
2203 18797 870 247 1390 57
2188 18828 810 274 1489 52
2162 18853 846 230 1554 39
2204 18881 772 136 1612 43
2193 18829 763 46 1646 46
2227 18837 727 11 1649 44
2302 18834 823 -29 1664 43
2328 18772 728 -37 1658 64
2312 18792 769 -46 1597 63
2313 18734 744 -64 1481 52
2330 18714 614 -85 1408 60
2350 18732 692 -55 1254 56
2279 18804 698 1 1097 40
2264 18791 657 19 973 42
2218 18832 686 3 934 92
2210 18838 682 -29 918 162
2205 18844 817 -6 883 212
2201 18854 834 0 883 214
2149 18903 753 18 880 195
2126 18888 696 0 803 170
2098 18880 646 -93 725 141
2105 18863 714 -177 668 127
2104 18833 762 -245 653 92
2098 18764 775 -299 635 65
2098 18785 886 -332 619 44
2103 18759 972 -357 588 17
2068 18772 925 -343 537 -45
2074 18811 893 -293 482 -81
2148 18792 870 -298 433 -129
2085 18831 877 -263 368 -177
2089 18844 815 -276 331 -181
2085 18918 793 -371 318 -159
2157 18855 889 -468 310 -166
2144 18878 936 -445 284 -173
2165 18878 924 -443 263 -218
2213 18869 866 -442 245 -271
2259 18823 962 -467 290 -314
2280 18774 866 -435 310 -296
2292 18926 927 -423 359 -221
2304 19055 1023 -600 412 -212
2373 19054 1002 -635 366 -217
2354 19059 979 -614 290 -217
2375 19007 856 -583 201 -201
2364 19040 748 -625 176 -191
2342 18955 766 -608 135 -205
2261 18911 676 -611 89 -197
2239 18847 678 -588 81 -153
2241 18814 664 -520 80 -103
2172 18773 678 -477 126 -41
2134 18781 730 -435 172 11
2125 18780 676 -407 193 46
2132 18725 712 -478 248 65
2157 18640 776 -488 236 61
2177 18564 860 -427 244 53
2193 18516 881 -372 233 3
2226 18522 930 -350 230 -3
2236 18532 932 -278 272 -25
2327 18435 925 -173 490 -168
2084 18666 881 -218 406 -96
2199 18651 929 -213 221 4
2211 18547 903 34 173 -104
2236 18657 923 39 144 -142
2289 18657 892 107 170 -151
2240 18640 910 152 187 -137
2313 18608 819 187 247 -195
2301 18716 921 176 226 -182
2258 18812 862 216 185 -191
2255 18883 852 207 173 -192
2210 18822 860 199 149 -160
2238 18792 884 258 157 -171
2240 18820 848 279 215 -148
2271 18819 818 329 244 -140
2290 18943 848 296 263 -133
2230 18984 759 319 298 -144
2257 19027 671 235 349 -142
2261 18993 663 159 372 -169
2303 19025 640 76 396 -158
2280 19020 632 -36 437 -138
2334 18999 686 -148 443 -133
2254 18944 717 -223 475 -120
2248 18938 770 -303 462 -114
2289 18907 781 -311 469 -124
2283 18876 778 -303 450 -128
2238 18786 721 -267 427 -185
2226 18762 738 -272 388 -214
2176 18732 689 -206 389 -180
2136 18828 713 -179 401 -141
2052 18814 654 -177 436 -101
2022 18820 630 -124 387 -77
2042 18814 702 -76 384 -107
2040 18859 680 -115 371 -88
2032 18828 710 -124 352 -112
2117 18742 607 -100 397 -127