680 19772 -140 66 2758 534
850 19570 14 -393 2632 607
1112 19320 26 -615 2579 511
1258 19185 -74 -741 2759 542
1413 18992 -204 -819 2936 519
1528 18812 -429 -841 3137 473
1620 18636 -446 -820 3350 465
1748 18468 -522 -760 3519 463
1846 18330 -569 -680 3682 450
1904 18253 -578 -561 3855 401
1889 18202 -525 -458 3993 325
1832 18238 -525 -318 4108 236
1661 18362 -557 -173 4234 153
1654 18336 -594 30 4419 42
1612 18337 -641 378 4846 -76
1589 18246 -626 717 5291 -142
1486 18270 -512 959 5571 -164
1354 18444 -434 1061 5667 -205
1349 18549 -324 1187 5799 -248
1241 18738 -90 1240 5738 -240
1187 18832 -247 1352 5686 -282
1078 18880 -169 1259 5580 -358
1032 18830 11 1259 5560 -399
1052 18725 201 1289 5615 -432
1088 18783 337 1359 5547 -433
1151 18733 293 1401 5387 -485
1177 18709 291 1414 5213 -586
1220 18830 244 1403 5145 -656
1169 18948 284 1329 5129 -796
1177 19138 221 1185 5182 -934
1106 19218 113 1095 5206 -1032
1050 19261 -13 997 5217 -1109
1082 19324 -140 884 5264 -1155
997 19247 -138 789 5305 -1190
1078 19110 -161 691 5317 -1185
1121 18994 -168 743 5338 -1126
1154 19093 -228 745 5226 -1002
1183 19090 -309 665 5090 -941
1216 19058 -272 578 4855 -798
1220 19214 -309 484 4663 -627
1282 19074 -277 519 4848 -602
1328 19058 -158 387 4851 -562
1282 19018 -155 285 4586 -541
1270 19056 -146 410 4536 -521
1214 18998 2 453 4501 -485
1173 19004 44 480 4462 -381
1160 18941 88 468 4409 -315
1182 18912 107 434 4439 -241
1187 18892 172 370 4489 -213
1178 18922 289 265 4483 -256
1252 18885 309 248 4469 -304
1313 18835 253 230 4404 -386
1335 18780 231 341 4329 -497
1263 18840 29 435 4226 -647
1180 18888 -61 367 4158 -756
1132 18896 51 255 4115 -846
1065 18850 201 300 4107 -897
1006 18868 98 358 4081 -854
1025 18953 23 393 4120 -825
993 18982 89 627 4308 -846
1009 18993 73 736 4411 -889
1088 18941 145 709 4410 -975
1061 18869 249 638 4456 -1025
1093 18877 378 567 4422 -996
1076 18838 477 445 4242 -912
1146 18992 510 220 4034 -773
1150 19034 532 58 3957 -705
1258 19127 522 -169 3966 -616
1350 19117 510 -331 4021 -466
1525 19058 532 -420 4000 -369
1615 19084 558 -557 3902 -344
1634 19154 469 -676 3767 -329
1715 19189 410 -815 3693 -316
1802 19214 392 -906 3644 -320
1812 19213 315 -1000 3579 -313
1762 19153 265 -1041 3615 -281
1892 19069 196 -1002 3764 -222
1942 19021 232 -823 3899 -119
1925 19065 229 -648 4058 -22
1928 19234 260 -458 4184 73
1642 19544 224 -333 4206 67
1281 19602 112 -247 4172 4
1230 19557 -98 -238 4255 42
1385 19489 -160 -495 4388 233
1472 19286 -94 -914 4482 583
1610 19018 -38 -968 4499 715
1455 19035 62 -668 4379 733
1098 19162 -16 -306 4223 607
804 19208 -182 -32 3981 397
503 19224 -444 38 3616 224
288 19142 -506 -184 3423 187
169 18886 -558 -518 3174 230
212 18486 -415 -1050 3020 405
362 18135 -56 -1504 3033 696
637 17755 410 -1541 3113 880
968 17752 897 -1326 3143 863
1049 18001 1172 -910 3053 634
1196 18495 1492 -659 2938 142
1108 19014 1684 -529 2597 -418
1054 19361 1706 -682 2270 -769
1072 19478 1482 -748 2058 -1074
1078 19552 1392 -722 2052 -1186
1182 19432 1092 -521 2172 -1258
1226 19164 926 -123 2375 -1242
1253 19205 545 424 2731 -1018
1201 19412 -148 840 3220 -611
1140 19634 -589 704 3555 -198
1072 19686 -782 315 3717 90
1016 19737 -930 -110 3745 179
889 19656 -845 -458 3670 183
856 19253 -740 -652 3651 45
844 18884 -543 -512 3816 -73
906 18496 -253 -151 4105 -138
836 18318 -225 222 4191 -186
690 18289 -130 420 4042 -165
486 18342 -145 604 3825 -192
313 18562 -289 709 3614 -216
234 18701 -354 657 3470 -197
188 18760 -342 562 3254 -205
287 18705 -356 485 3151 -181
234 18940 -378 323 2962 -199
440 18604 -444 299 3061 116
432 18792 -616 343 3093 356
458 18834 -613 167 2958 444
460 18783 -633 -39 2692 427
389 18766 -569 -217 2339 325
206 18769 -490 -360 1921 245
52 18784 -457 -388 1540 176
-35 18755 -390 -399 1199 158
-165 18638 -225 -337 825 194
-132 18589 -49 -202 544 285
-200 18633 78 -88 329 348
-182 18702 119 38 166 395
-100 18794 229 180 45 412
-58 18920 221 285 -39 379
49 18948 354 361 -98 383
216 18950 257 550 8 289
427 18992 -53 1056 351 178
611 19124 -428 1245 482 73
746 19198 -666 1147 410 -30
817 19247 -825 885 370 -130
844 19300 -904 689 346 -138
879 19258 -929 309 301 -206
954 19174 -736 -169 301 -296
902 19056 -554 -310 320 -322
930 18940 -280 -421 321 -305
912 18876 -46 -326 280 -364
907 18884 16 -164 194 -410
916 18987 129 -31 99 -421
924 19061 72 35 -6 -429
984 19187 59 -15 -97 -449
1101 19238 -22 -17 -108 -449
1115 19351 6 -76 -109 -403
1204 19371 -96 -187 -47 -345
1224 19494 -188 -334 76 -270
1236 19460 -236 -453 197 -210
1212 19470 -220 -556 246 -141
1071 19527 -359 -748 272 -57
1003 19454 -374 -905 169 -26
972 19308 -320 -957 77 11
872 19148 -236 -916 -37 68
854 18980 -253 -804 -68 122
831 18852 -268 -661 -95 185
842 18765 -221 -639 -110 247
865 18713 -370 -628 -33 256
899 18714 -303 -531 -36 251
946 18747 -316 -438 -38 234
984 18828 -341 -416 -48 176
1016 18803 -330 -418 -69 65
1025 18744 -283 -336 -116 -37
1011 18773 -312 -214 -193 -124
984 18842 -375 -126 -248 -222
962 18882 -368 -119 -303 -268
940 18958 -364 -73 -394 -297
956 19032 -394 -42 -433 -333
914 19184 -312 -54 -467 -392
816 19253 -214 -164 -540 -473
798 19239 -175 -416 -543 -432
832 19112 -168 -626 -504 -351
857 19004 -36 -802 -454 -269
849 18978 80 -939 -412 -187
861 18842 165 -940 -383 -124
870 18767 192 -850 -406 -73
946 18720 116 -717 -348 -5
946 18894 12 -754 -390 130
1017 18917 26 -839 -449 221
1064 18926 28 -880 -523 236
1044 18849 17 -935 -610 263
1081 18751 73 -877 -713 237
1176 18635 156 -672 -771 260
1218 18649 118 -475 -823 238
1225 18678 101 -399 -876 219
1223 18705 104 -302 -927 179
1216 18734 84 -276 -992 143
1248 18823 101 -189 -1033 108
1230 19042 56 -149 -1119 80
1223 19198 132 -350 -1355 134
1346 19130 82 -478 -1610 225
1365 19322 85 -702 -1717 323
1437 19110 117 -632 -1692 300