-14429 3544 3904 -4280 2686 -639
-14404 3625 3674 -4193 2971 -983
-14544 3713 3534 -4069 3319 -1213
-14770 3266 3701 -3381 3505 -1321
-14562 3173 4110 -1472 3794 -1770
-14764 3837 4078 330 4079 -2328
-15065 4510 3904 1499 4482 -2543
-15548 4953 4022 2254 4651 -2290
-15586 5590 4121 2679 4407 -2396
-15632 6202 3972 2447 3895 -2775
-15832 6442 3758 1873 3423 -3387
-16000 6688 3368 827 3063 -4393
-16381 6988 3288 -170 2721 -5580
-16776 7568 3242 -1236 2035 -6533
-16896 7906 3156 -2193 1344 -7134
-17134 8574 3268 -3123 804 -7122
-17278 8881 3538 -3943 370 -6814
-17318 9018 3721 -4644 482 -6374
-17338 9250 4025 -5122 773 -5808
-17506 9332 4654 -5113 807 -5053
-17440 9557 5246 -5003 468 -4044
-17501 9464 6154 -4864 -300 -2927
-17210 9165 6676 -5049 -1274 -1952
-16778 8749 6626 -6417 -1991 -1075
-16177 7873 6649 -8586 -2047 -524
-15774 6228 6758 -10001 -1408 -439
-15708 4824 6616 -10741 -669 -265
-15970 4124 6706 -11055 -115 193
-16265 3740 6916 -10759 97 585
-16994 3269 6673 -10239 264 760
-17929 3222 6428 -10442 344 547
-18656 3534 5772 -11447 295 310
-18952 3881 5429 -13165 101 285
-18646 3633 5592 -14230 -416 420
-18108 4122 5417 -14977 -1134 807
-17393 4296 5188 -15359 -1633 1238
-16562 4352 4798 -15062 -1863 1610
-15704 4282 4480 -14026 -1954 2026
-14869 4361 4104 -12580 -1955 2513
-14376 4552 3638 -11253 -1932 3096
-13924 4909 3214 -10321 -1706 3744
-13842 5194 2822 -9868 -1600 4315
-13889 4910 2620 -9447 -1561 4788
-13961 4861 2401 -9005 -1577 5247
-14290 4670 1986 -8372 -1319 5749
-14858 4548 1592 -7714 -731 6280
-15356 4046 1100 -7277 221 7021
-15617 3417 456 -7131 2194 7909
-16050 3540 -61 -7163 4816 8476
-16321 2941 -208 -6889 7802 8991
-16466 2325 -778 -5934 10930 9099
-16769 2714 -954 -4482 13487 8422
-17270 2594 -1348 -2984 14754 6950
-17576 2413 -1897 -2290 15155 5057
-17493 2426 -1444 -4213 14548 2932
-17494 1765 -333 -6396 12190 683
-17217 1814 272 -9174 9172 -435
-16861 1090 1446 -12045 6032 -857
-16345 -108 2666 -13725 3324 -1048
-16121 -413 3210 -14383 1802 -1223
-16174 -284 3356 -13646 1243 -1346
-16134 -398 3080 -11451 1125 -1521
-16321 62 2950 -8668 1121 -1926
-16670 1121 2690 -6218 811 -2176
-16920 2390 2117 -4903 397 -2230
-17198 3324 1698 -4819 -527 -2030
-17338 3852 1280 -5476 -1501 -1593
-17193 4294 974 -6584 -2299 -1205
-16921 4328 689 -7532 -2892 -812
-16556 4172 622 -7578 -3190 -492
-16266 4078 544 -6831 -3158 -157
-16072 3984 432 -5610 -2834 77
-15877 3868 210 -4109 -2484 281
-15761 3770 78 -2521 -2126 539
-15646 3790 -56 -1102 -1827 823
-15584 3850 -104 82 -1546 1042
-15582 3826 -125 1221 -1215 1249
-15720 3908 -189 2185 -979 1329
-15852 4058 -125 2882 -755 1285
-15981 4080 12 3431 -517 1140
-16166 4073 134 3821 -238 954
-16284 4128 304 3993 83 707
-16426 4228 473 3976 438 419
-16549 4278 652 3807 657 53
-16706 4254 994 3511 764 -321
-16928 4205 1198 3129 813 -679
-17214 4217 1390 2640 779 -975
-17454 4124 1628 2138 717 -1279
-17589 4025 1960 1726 615 -1592
-17556 3969 2394 1523 489 -1895
-17541 3877 2706 1558 303 -2221
-17369 3809 2956 1908 108 -2487
-17208 3732 3208 2436 -165 -2676
-16982 3842 3229 2958 -477 -2866
-16705 4016 3289 3367 -878 -3010
-16421 4112 3101 3444 -1370 -3154
-16162 4248 3142 3199 -1977 -3287
-15854 4386 2838 2836 -2340 -3405
-15472 4352 2652 2264 -2661 -3670
-15437 4369 2454 2001 -2761 -3856
-15270 4336 2417 1803 -2669 -4127
-15306 4350 2401 1764 -2353 -4447
-15393 4496 2414 1733 -1923 -4536
-15450 4657 2441 1658 -1489 -4748
-15666 4662 2486 1521 -1059 -4882
-15870 4650 2637 1433 -568 -4925
-16162 4680 2672 1326 -164 -4731
-16341 4705 2696 1107 145 -4560
-16617 4926 2744 961 470 -4323
-16820 4974 2682 741 760 -4114
-16977 4992 2797 570 1020 -3799
-16978 4809 2772 449 1430 -3376
-16813 4965 2454 64 2461 -2699
-16557 4853 1442 -964 4749 -1324
-16320 5292 410 -1857 8364 827
-16700 6754 110 -2802 11953 2580
-16470 5754 1081 -2579 13732 3482
-16360 4264 2498 -420 13382 3665
-16381 4620 3090 1511 12304 3068
-17013 5497 3440 1823 10885 2269
-17026 5466 4125 1185 8686 1668
-17073 5160 4490 640 6005 882
-16897 4844 4708 -413 3010 87
-16422 4490 4132 -849 698 -278
-16304 4588 3342 -912 -605 -211
-16150 4602 2814 -318 -1299 94
-16201 4796 2094 845 -1461 332
-16173 5213 1385 2006 -1146 322
-16282 5524 1037 2877 -802 121
-16257 5765 601 3105 -548 -177
-16284 6130 330 2689 -518 -447
-16410 6261 81 1827 -618 -602
-16837 6124 -41 869 -930 -801
-17760 5964 -26 235 -1551 -1056
-18338 5729 202 -53 -2003 -1192
-18825 5706 384 0 -2404 -1189
-19113 5874 516 85 -2745 -1048
-19265 6165 474 -86 -3067 -674
-19116 5942 272 -81 -3492 -318
-19249 5538 60 446 -3946 197
-19258 5277 16 1373 -4237 867
-18802 5048 142 2713 -4480 1689
-18222 4954 37 4232 -4378 2532
-17600 4969 93 5118 -3985 3433
-16789 4838 462 5391 -3286 4293
-15913 4674 1097 5167 -2508 4877
-15488 4208 1737 4621 -1861 5320
-15098 3829 2446 3761 -1627 5577
-15105 3392 2980 2584 -1668 5563
-15248 3146 3577 1001 -2117 5263
-15040 2641 3833 -596 -2689 4714
-14813 2217 4005 -2050 -3016 4163
-14730 1930 3965 -3322 -2850 3754
-14714 1710 3964 -4058 -2321 3337
-14617 1278 4084 -4049 -1627 2603
-14786 1192 4201 -3488 -989 1551
-15148 1250 4203 -2331 -570 528
-15434 1462 4200 -762 -504 -178
-15792 2140 4046 1031 -685 -690
-16092 2972 3800 2186 -1026 -900
-16362 3340 3610 3322 -1482 -862
-16561 3967 3285 4425 -2391 -558
-16541 4089 3260 5006 -3159 -288
-16588 4259 3160 5231 -4025 -26
-16601 4277 3121 5413 -4984 266
-16608 4385 3121 5544 -5859 733
-16624 4481 3324 5246 -6673 1262
-16652 4209 3569 5046 -7311 1768
-16762 4015 3832 5326 -7653 2203
-16672 4034 4130 5524 -7866 2579
-16613 3953 4461 6016 -7855 2800
-16522 4065 4745 6455 -7490 2992
-16339 4189 4752 6660 -5912 2704
-16469 5230 4861 4992 -3068 2594
-16644 5710 4984 2740 -1263 2969
-16665 5828 5043 27 710 3487
-16678 5632 5425 -2575 2836 3940
-16570 5558 5684 -3435 3796 3534
-16538 5766 5743 -3465 4031 2572
-16533 6138 5643 -3168 3370 2199
-16106 6258 5138 -3603 2624 2391
-15864 6252 4726 -4666 2133 2719
-15720 6060 4468 -5530 2002 3091
-15504 5824 4345 -6534 1797 3568
-15183 5392 4283 -6855 1770 4056
-14952 5100 4242 -6236 2006 3954
-14780 5021 4270 -5429 2245 3596
-14631 4862 4310 -4582 2384 3137
-14505 4904 4156 -3935 2298 2614
-14302 4858 3774 -3929 2295 2032
-14081 4801 3293 -3663 2411 1458
-13996 4793 3093 -3573 2677 896
-13975 4755 3015 -3175 2988 260
-14062 5031 3103 -2959 3227 -360
-14119 5125 3381 -2729 3467 -995
-14208 5292 3436 -2667 3542 -1357
-14306 5436 3696 -2450 3612 -1840
-14513 5622 3754 -2465 3690 -2257
-14700 5905 3761 -2552 3657 -2440
-14889 5958 3815 -2666 3522 -2652