4080 19332 -5960 -4634 1841 452
3634 18933 -6200 -3806 2303 891
3611 19024 -6126 -2651 2764 1559
3260 18552 -5854 -1506 2508 2054
3314 18050 -5536 -960 2016 2459
3406 17618 -5053 -806 1624 2882
3410 17054 -4910 -701 1290 3130
3409 16917 -4953 -601 938 3454
3740 16869 -4988 -375 606 3665
3872 16833 -5138 -308 367 3826
3761 16596 -5308 -191 103 3992
3736 16656 -5372 -206 -100 4066
4144 16448 -5264 -121 172 4147
4061 16094 -4962 -236 419 3863
4365 15981 -4909 115 659 3253
4070 15676 -4757 -204 812 3687
3878 16448 -4580 -833 180 3087
4268 16968 -4956 -1260 -201 2838
3967 16816 -4610 -2320 -86 3779
3884 16684 -4877 -2615 -1208 3212
4218 17297 -4777 -2436 -932 2944
3804 16982 -4794 -2263 -582 2233
3320 17071 -4580 -2014 -582 1344
3846 17233 -4481 -1546 675 1963
3330 16963 -4600 -927 1946 2324
3356 16596 -4860 -136 2792 2009
3320 16725 -4760 316 3547 1349
3888 16720 -4650 887 4393 758
4130 16885 -4424 676 4561 931
4141 16809 -4040 -204 4420 834
4614 16402 -4360 -1190 4083 -3
4209 16040 -4884 -1397 3169 -672
5345 15715 -4932 -1223 2391 -775
5406 15538 -5116 -570 1490 -638
5857 15764 -4937 247 915 -543
5875 16742 -4619 1226 -291 208
5274 17386 -4444 2252 -1623 710
5127 18088 -4446 2643 -2827 724
3721 19858 -4568 1856 -4648 -986
3802 20206 -4992 841 -5504 -1338
4029 20557 -5077 -3 -5159 -357
2832 20344 -5504 -207 -5727 -589
3362 19610 -5132 -486 -4950 232
3027 18720 -4556 350 -4862 405
3120 17386 -3596 900 -4589 440
3417 16613 -3144 968 -4891 1154
3680 16386 -3045 1158 -4603 1569
3750 16253 -3329 1136 -5477 2105
4314 16440 -3496 1162 -5703 2310
3993 16274 -3989 1448 -6808 2215
4232 16256 -4204 1561 -7374 2186
4716 16677 -4464 1501 -7945 2121
4744 16452 -4962 845 -10431 2715
4968 16866 -4977 271 -10109 2560
4509 17477 -5130 -2137 -12424 3223
4456 17518 -5480 -3926 -13523 3301
4042 17066 -5945 -5114 -14269 3070
3798 16593 -6176 -4814 -14044 2734
3764 17177 -6280 -3243 -12555 2225
3616 17952 -6480 -2008 -11913 2509
3484 18531 -6668 -2209 -12134 3148
3056 18885 -6633 -3680 -12974 3523
2810 18659 -6461 -5489 -14157 3404
3122 18432 -6226 -6568 -14545 3160
3330 17508 -6166 -6430 -14957 3369
3574 17388 -6170 -6020 -14417 4183
3430 17688 -6658 -5588 -14636 4587
3376 17552 -7267 -3949 -16733 4461
3824 17385 -7957 -3210 -19476 4544
4041 17765 -8380 -1938 -18637 4941
2921 18480 -8878 -1164 -16383 5325
1868 18072 -8063 -2322 -18001 5404
1592 17352 -7022 -3579 -17688 5983
1556 16318 -6350 -5200 -17070 6731
869 15994 -5818 -5701 -17688 5747
754 17325 -5692 -7586 -19349 5610
1593 15625 -7091 -5470 -18989 5747
976 15742 -7095 -2797 -19647 6532
141 17174 -7156 -1986 -21191 6190
549 17983 -6933 -2805 -21157 5211
498 18294 -6741 -4530 -20880 4865
528 18547 -6361 -7256 -19793 4702
124 17856 -6148 -9579 -19324 4747
291 17912 -6049 -12153 -18642 4029
426 17449 -6139 -15549 -18726 3242
761 17236 -6470 -15991 -19552 2965
1204 17200 -6488 -15013 -19665 3460
1612 17019 -6497 -12528 -19096 4590
1590 17458 -6290 -7715 -17568 5971
1260 18900 -5660 -4434 -16682 6416
985 20706 -5316 -3694 -16149 6614
673 21149 -5644 -3029 -15511 6364
387 21196 -5498 -1814 -15155 6312
438 21178 -4315 -1690 -14795 6162
721 21154 -2998 -3436 -14563 6532
1045 20177 -3188 -4176 -13863 6846
1184 18938 -3648 -3730 -12922 7076
944 18413 -3601 -3234 -12028 7444
1071 18227 -3135 -3479 -10909 7646
1070 18596 -2565 -4297 -10886 7951
1031 19581 -2053 -6075 -11667 8157
1070 20194 -1793 -8303 -12637 8253
1054 20540 -1660 -10198 -13169 8258
905 21212 -1353 -13891 -14208 8217
898 21376 -1066 -19086 -15748 8095
833 20897 -1424 -23196 -17313 7862
484 19217 -1756 -25625 -19119 7385
862 17684 -1496 -24947 -20014 6584
1287 16183 -1111 -22772 -20029 5898
2071 14654 -616 -19135 -19402 5338
2885 13930 -244 -16026 -18548 5442
3168 14342 290 -13702 -17874 5713
3652 15533 759 -12542 -17559 5772
3825 16286 701 -12841 -17520 5295
3409 16694 214 -12728 -17735 4060
3449 16716 -144 -12215 -18099 2697
3629 16165 -836 -11109 -18293 1892
3605 15453 -1310 -9454 -18523 1235
3748 14998 -1497 -7579 -18712 793
4076 14885 -1493 -5861 -18809 652
4658 14937 -1478 -3940 -18905 840
4952 15401 -1288 -1342 -18802 1034
5349 16156 -1093 664 -18284 1070
5473 16830 -832 1451 -17620 1142
5744 17366 -468 1557 -16935 1135
5854 18135 -106 970 -16303 980
5748 18817 401 -420 -16044 565
5770 19293 313 -2385 -15364 286
5725 19068 -22 -4127 -14328 209
5830 18650 -536 -5250 -13108 264
5893 18189 -1038 -5823 -11944 23
5840 17930 -1516 -5843 -10993 -410
5785 17737 -1885 -5016 -10274 -823
5928 18209 -2054 -4138 -9614 -1000
5930 18394 -1962 -3468 -8944 -918
6048 18490 -1922 -2753 -8403 -1033
5984 18469 -1968 -1931 -8021 -964
5984 18493 -1930 -875 -7602 -830
5882 18654 -1794 76 -7323 -613
5920 18756 -1844 858 -7023 -150
5879 18444 -1865 1381 -6844 552
5584 18594 -2136 1456 -6687 922
5594 18849 -2219 1528 -6311 964
5494 19166 -2329 1123 -5839 957
5304 19161 -2474 678 -5539 843
5250 19102 -2550 393 -5253 789
5268 19268 -2525 -13 -4791 799
5258 19138 -2425 -703 -4238 914
5247 19053 -2395 -1340 -3744 1078
5234 18912 -2561 -1734 -3499 1104
5246 18728 -2548 -1782 -3465 1103
5376 18174 -2656 -1647 -3465 1088
5418 17738 -2720 -1400 -3464 1177
5452 17226 -2784 -905 -3426 1406
5520 17036 -2708 -150 -3282 1642
5572 17374 -2492 312 -3339 1716
5581 17665 -2178 278 -3632 1595
5640 17706 -2054 -154 -3731 1308
5738 17776 -1994 -766 -3675 1136
5678 17634 -2006 -1101 -3675 977
5638 17567 -1972 -1173 -3750 638
5586 17873 -2145 -1298 -3736 209
5341 18373 -2365 -1531 -3803 -62
5304 18348 -2414 -1537 -3762 -271
5199 18530 -2444 -1497 -3745 -325
5204 18444 -2426 -1127 -3701 -417
5186 18140 -2357 -537 -3417 -444
5198 17752 -2200 347 -3231 -398
5158 17491 -2024 1339 -3107 -211
5115 17634 -1744 2138 -2845 48
4981 18070 -1516 2567 -2667 293
4976 18304 -1352 2633 -2684 366
4968 18622 -1452 2394 -2720 519
5047 18687 -1532 1552 -2711 612
5116 18364 -1782 555 -2702 723
5308 17813 -2070 29 -2687 861
5362 17234 -2261 0 -2872 954
5477 16862 -2684 283 -3207 992
5582 16841 -3005 819 -3700 1037
5666 17102 -3244 1488 -4015 955
5787 17551 -3340 1980 -4265 745
5731 18031 -3500 2082 -4441 388
5965 18328 -3419 1417 -4364 140
6040 18213 -3362 183 -4199 247
6176 17866 -3354 -794 -4220 539
6065 17696 -3540 -2099 -3903 976
6014 17348 -3513 -3289 -3725 1282
6056 16920 -3460 -3826 -3588 1297
6085 16677 -3392 -3574 -3211 1178
6177 16413 -3192 -3168 -2846 1013
6316 16240 -2904 -2636 -2320 1089
6173 16580 -2746 -2658 -2233 1221
5968 16970 -2953 -3101 -2422 1314
5835 17117 -3194 -3471 -2820 1256
5631 16945 -3539 -3562 -3267 991
5644 16653 -3606 -3387 -3491 763
5745 16171 -3702 -3014 -3646 640
5827 15868 -3601 -2288 -3711 760
5776 15856 -3398 -1656 -3872 977
5856 15916 -3420 -1211 -3946 1102