-15243 4028 2496 17204 -1487 -18143
-16046 4650 2670 18661 -784 -19249
-16880 4955 2586 19833 -280 -20322
-17814 4964 2525 21330 366 -21660
-18780 5640 2349 23177 877 -22632
-19392 6164 2200 24177 1019 -23157
-19670 6357 1993 24045 558 -22923
-20804 7628 1381 25278 -29 -21666
-21142 6802 386 24016 -3592 -21547
-22335 7787 80 21761 -5586 -20611
-22016 8580 160 19828 -7603 -17047
-22029 8001 240 19537 -8110 -15590
-22049 7679 159 20969 -7865 -14945
-21315 9620 -339 22863 -8177 -12965
-18220 8308 1646 21206 -7116 -11628
-22948 5480 162 19173 -9825 -11846
-20702 5841 -296 13554 -14066 -7734
-22418 7978 -224 10463 -13643 -4827
-21357 8588 -300 9943 -13305 -1211
-20246 8173 -1284 7336 -13030 -913
-18674 7196 -1149 5546 -13169 -5252
-19316 7714 -872 6819 -9245 -6980
-17664 8125 -148 11121 -3920 -7844
-17610 7356 204 14554 -1042 -7452
-16406 7598 179 15987 2443 -8213
-16810 8752 -44 17439 4561 -8125
-17229 9447 -454 17725 6092 -5864
-17192 10281 -861 16435 5982 -3799
-17161 10753 -1096 14143 5101 -2988
-17673 11368 -1145 11645 3941 -2390
-17918 12278 -1052 8316 2446 -1008
-17779 12776 -525 4377 1647 276
-17550 12261 543 1202 2077 1742
-17780 10746 1772 -257 3763 4736
-18180 9268 2421 563 5070 7787
-18717 8547 3138 2058 6037 10050
-19244 7885 3862 4004 7017 12083
-19642 7358 4141 5756 7335 13848
-19734 6996 4082 7633 7305 15790
-19733 7070 3902 8747 6821 17318
-19195 7283 3759 8885 5917 18315
-18754 7324 3610 8234 4967 18882
-18199 7335 3490 7251 4016 19276
-17676 7160 3455 6030 2902 19227
-17370 6744 3239 5277 1930 18768
-17130 6355 3052 5210 1153 18033
-16745 6019 2785 6065 642 17083
-16180 6046 2632 7559 672 16216
-15468 6392 2280 9650 1283 15484
-14964 6918 1914 11178 2061 15041
-14726 7244 1784 11810 2693 14647
-14685 7726 1756 12032 3383 14171
-14610 8137 1657 12012 4063 13446
-14694 8435 1399 12250 4575 12412
-14684 9030 710 12361 4568 11148
-14364 9365 82 12101 3911 10580
-13897 9488 -180 11618 3466 10552
-13490 9626 -341 11194 3147 10601
-13048 9756 -481 10893 3048 10454
-12715 9569 -886 11106 3206 9853
-12285 9940 -1412 11606 3595 8929
-11870 10341 -1766 11231 3912 8037
-11533 10489 -2005 10601 4069 7401
-11490 10494 -2296 10413 4193 6810
-11435 10723 -2607 10327 4078 6107
-11249 10921 -3024 10162 3919 5299
-11065 11194 -3250 9817 3855 4729
-11008 11498 -3545 9147 3966 4319
-10891 11822 -3810 8136 3970 4039
-10797 11759 -4215 7176 3842 3715
-10744 11892 -4412 6399 3743 3352
-10537 11825 -4408 5872 3723 3027
-10482 11749 -4554 5657 3808 2581
-10493 11768 -4680 5552 3859 2157
-10341 11865 -4885 5559 3872 1688
-10278 12052 -5042 5550 3966 1330
-10135 12175 -5246 5625 4051 898
-10065 12386 -5650 5827 4145 432
-10058 12534 -5988 6115 4036 165
-10130 12488 -6382 6419 3765 51
-10041 12454 -6810 6709 3474 -11
-10075 12572 -7388 6885 3210 89
-10244 12850 -8010 6429 2877 250
-10372 12958 -8324 5832 2572 372
-10634 13164 -8873 4442 2004 549
-10869 13595 -9395 1817 1276 835
-10713 13205 -9532 -685 1026 973
-10710 12703 -9667 -2076 1269 962
-10770 12602 -9582 -2437 1560 970
-10905 12814 -9666 -2940 1751 1011
-10969 12888 -9528 -3629 2006 945
-10889 13131 -9264 -4436 2566 785
-10842 13324 -8960 -5151 3117 632
-10794 12996 -8778 -5300 3834 420
-10802 12890 -8512 -4963 4622 127
-10998 13121 -8219 -4429 5285 -55
-11101 13602 -7798 -3919 5945 -231
-11074 13958 -7588 -3867 6426 -334
-11044 14116 -7186 -4056 6799 -377
-11149 14424 -6700 -4250 7019 -177
-10887 14674 -6430 -4614 6807 211
-10855 14843 -6050 -5871 6371 834
-10682 14604 -5301 -7807 6032 1666
-10722 14785 -4345 -10236 5994 2463
-10505 14083 -3596 -12130 5678 2586
-10477 13425 -3653 -12075 5022 1778
-9952 13343 -3892 -10689 4023 580
-9640 13648 -3945 -9124 3180 -376
-9242 13760 -4036 -8026 2785 -800
-9045 13947 -4362 -6854 2411 -751
-8928 14492 -4792 -6124 2003 -205
-8796 14810 -4984 -5922 1596 426
-8689 14921 -5296 -5941 1220 872
-8718 14996 -5647 -5872 794 1219
-8698 14973 -5910 -5486 595 1339
-8872 14868 -5937 -5111 585 1460
-8948 14920 -5940 -5133 530 1633
-8850 14339 -5816 -5525 523 2020
-8484 14196 -5230 -5573 1018 2320
-8162 14556 -4394 -5959 1861 2185
-8398 14857 -3553 -6674 2756 1666
-8810 14989 -2920 -7057 3521 677
-9328 14952 -2564 -6841 3535 -656
-9488 14986 -2566 -6378 2901 -1442
-9544 15087 -2521 -5654 1938 -1643
-9332 15737 -2591 -4738 377 -1115
-9429 16613 -2818 -4889 -1069 -558
-9414 17005 -3150 -5920 -2046 27
-9694 16514 -3452 -6827 -2756 592
-9063 16185 -3401 -7860 -2994 1714
-8654 15436 -3114 -8042 -2776 2207
-8221 15173 -2941 -6993 -2217 1931
-8025 15029 -2905 -5214 -1402 1056
-8104 15310 -3012 -2887 -648 353
-8261 15710 -3385 -1043 -298 317
-8300 15912 -3642 -874 -619 890
-8378 16069 -3820 -1256 -911 1458
-8237 16125 -3976 -1675 -1361 1902
-8192 16250 -4002 -2240 -1641 2036
-8170 16272 -3869 -2784 -1595 1762
-8210 16242 -3569 -3104 -1305 1450
-8196 16060 -3524 -3227 -900 1372
-8126 15758 -3294 -3225 -542 1372
-7933 15375 -3042 -3241 -269 1358
-8194 15149 -2799 -3325 -369 1748
-8108 15101 -2541 -4390 -697 1819
-8508 14697 -2275 -5929 -1225 1663
-8800 14376 -2109 -6906 -1512 990
-9173 14142 -1896 -7287 -1679 79
-9491 13931 -1554 -7387 -1650 -1220
-10245 14317 -1268 -7687 -1198 -2317
-9994 14009 -724 -8712 -436 -2907
-10202 13804 -180 -9798 420 -3320
-10655 14105 69 -10606 1836 -3735
-9940 13898 594 -11269 4000 -4030
-10652 13234 588 -10706 5958 -4239
-11336 12109 362 -10774 6863 -4356
-11905 11937 397 -11003 7154 -3947
-12130 11644 552 -11313 6689 -3654
-11724 10866 277 -11925 5559 -3903
-11364 9862 -348 -11887 3539 -4816
-10989 8091 -979 -9557 1650 -6113
-10579 6492 -906 -3578 1045 -8163
-9789 5085 -822 3755 2353 -10402
-11194 7146 -1175 10090 3721 -12315
-12266 10244 -1818 12632 5017 -14277
-12807 13256 -2103 8890 6632 -16099
-13614 15716 -2188 182 8158 -17072
-13797 15843 -1702 -7377 9285 -17181
-13881 15706 -1228 -10133 9849 -17301
-14462 15680 -920 -10299 10016 -17154
-14672 16100 -478 -8568 10239 -16226
-15056 17352 -2 -6265 11187 -15046
-15521 18156 386 -4583 12082 -13945
-15809 19055 343 -3004 13254 -11983
-15810 19577 -22 -2252 14068 -9556
-15628 19280 -366 -1919 14165 -8235
-15486 18918 -635 -1435 14000 -6847
-15188 18341 -1034 -538 13887 -5530
-14902 17930 -1481 415 14216 -4517
-14606 17520 -1992 1696 14510 -3556
-14278 17360 -2580 3100 14499 -2569
-13822 17385 -3060 3722 13967 -1782
-13272 17262 -3440 3254 13347 -1099
-12668 16922 -3805 1821 12868 -496
-12136 16280 -3857 34 12474 266
-11721 15496 -3862 -1594 11739 895
-11236 14636 -3724 -2746 10971 1250
-10745 13893 -3911 -3812 9796 1546
-10622 13548 -3793 -4954 7714 1729
-10603 13156 -3532 -5981 5163 1577
-10579 12789 -3443 -7264 2457 911
-10753 12485 -3717 -8608 782 252
-10944 12476 -3898 -9620 54 -358
-11010 11984 -4098 -10264 -40 -878
-11033 11584 -4204 -10382 460 -1379
-11272 11532 -4170 -10278 933 -1815
-11524 11396 -4091 -9831 1105 -2470
-12058 11924 -4333 -9797 746 -3376
-12348 12261 -4580 -11026 224 -4344