-15512 3782 -5690 -680 1829 -262
-15484 3406 -5571 -984 1494 -434
-15409 2850 -5618 -1349 971 -707
-15356 2554 -5656 -1528 733 -1030
-15374 2447 -5730 -1689 622 -1312
-15345 2234 -5614 -1877 437 -1607
-15374 2180 -5688 -1893 96 -1787
-15328 2190 -5876 -2110 -444 -2048
-15314 2302 -5900 -2439 -906 -2270
-15198 2209 -5952 -2634 -1563 -2349
-15282 2408 -6027 -2773 -2312 -2231
-15402 2524 -6051 -2903 -3042 -1973
-15426 2589 -6124 -2965 -3566 -1787
-15618 2756 -6228 -2991 -3947 -1658
-15551 2787 -6370 -2980 -3998 -1623
-15602 3050 -6476 -2961 -3841 -1522
-15800 3185 -6254 -2988 -3814 -1552
-15705 2890 -6185 -2899 -3846 -1522
-15738 2880 -6237 -2646 -3460 -1314
-15882 3031 -6131 -2409 -3326 -1068
-15967 3097 -5822 -2539 -3412 -908
-15932 2975 -5613 -2792 -3510 -750
-15891 2836 -5400 -3112 -3822 -538
-15785 2752 -5068 -3294 -4194 -326
-15568 2702 -4914 -3319 -4449 -203
-15393 2390 -4903 -3248 -4430 -169
-15264 2292 -4862 -3110 -4483 -133
-15206 2290 -4740 -3029 -4630 -117
-15215 2341 -4564 -3092 -4785 -43
-15261 2476 -4234 -3291 -5086 71
-15349 2650 -3948 -3710 -5406 287
-15424 2776 -3640 -3963 -5766 610
-15450 2733 -3681 -3975 -5857 975
-15269 2719 -3780 -3672 -5465 1209
-15459 2730 -3779 -3197 -5075 1100
-15574 2753 -3553 -3003 -4611 857
-15704 2788 -3438 -3085 -4183 630
-15918 2913 -3159 -3205 -4086 336
-16011 3225 -2835 -3306 -4189 -159
-16130 3690 -2534 -3397 -4530 -709
-16108 4088 -2410 -3426 -4908 -1066
-16069 4453 -2450 -3474 -5379 -1214
-16030 4726 -2528 -3578 -5711 -1348
-15969 5135 -2678 -4005 -5859 -1386
-15930 5314 -2736 -4641 -5823 -1456
-15910 5378 -2755 -5409 -5447 -1481
-15840 5223 -2536 -6075 -4959 -1420
-15903 4993 -2290 -6428 -4570 -1298
-15932 4652 -1928 -6584 -4406 -1120
-15998 4348 -1570 -6625 -4581 -940
-16108 4276 -1518 -6711 -4991 -939
-16056 4236 -1432 -6798 -5511 -1019
-16068 4069 -1313 -6854 -6250 -1136
-15952 3972 -1229 -6928 -7057 -1225
-15876 3738 -1176 -6935 -7749 -1290
-15864 3605 -1090 -6906 -8295 -1313
-15994 3598 -922 -6656 -8695 -1258
-16008 3584 -734 -6429 -8880 -1230
-15959 3556 -568 -5958 -8786 -1223
-15839 3638 -280 -5440 -8480 -1229
-15764 3776 -180 -5314 -8083 -1121
-15640 3872 -58 -5421 -7859 -969
-15373 3916 -66 -5922 -7564 -870
-15181 3961 32 -6754 -7244 -668
-15464 4382 580 -8059 -8018 -524
-16042 5024 1154 -10161 -10454 -291
-16269 5207 1574 -13089 -14338 -3
-16440 5336 1667 -16498 -18694 302
-16320 4730 1533 -18881 -21127 550
-15764 3880 1723 -20264 -21836 838
-14955 3365 2167 -20317 -19912 1725
-14305 3084 2604 -18900 -16299 2538
-13874 2428 3216 -16199 -12265 3183
-13637 2250 3590 -13099 -8201 3601
-13748 2444 3850 -10495 -4742 3601
-14020 2696 4131 -7307 -325 3276
-14533 3132 4372 -5017 4100 2732
-15075 3820 4545 -4586 6856 2214
-15620 4376 4710 -5232 8655 1753
-16242 4708 4814 -6576 9757 1468
-16662 4812 4811 -8142 10432 1420
-17006 4740 4829 -9165 10643 1294
-17072 4518 4824 -9678 10636 1155
-17124 4232 4721 -10011 10354 1022
-17213 3894 4720 -10211 9792 991
-17446 3568 4576 -10212 9002 996
-17681 3226 4557 -9959 8091 985
-18108 2980 4748 -9450 7154 813
-18834 3126 5377 -9082 6388 54
-19664 3711 6576 -9549 6018 -2266
-19930 3672 7396 -10796 5872 -5171
-19601 1570 7000 -10265 4613 -7244
-18821 -285 5850 -6908 1825 -6978
-18121 -744 4846 -2603 -474 -4949
-17470 -617 4085 1916 -2556 -2683
-16792 -429 3533 6118 -4434 -408
-16252 -5 3228 9665 -5999 1419
-16105 780 3120 11553 -7080 2969
-15969 1173 3097 11751 -7828 4217
-16094 1285 3058 10800 -8286 5061
-16290 1374 2954 8732 -8636 5691
-16500 1413 2944 5960 -8740 6064
-16844 1424 2986 2863 -8576 6095
-17093 1412 2972 -132 -8274 5780
-17116 1212 2924 -2820 -7677 5313
-17092 990 2944 -5030 -6853 4796
-16913 636 2922 -6659 -5800 4315
-16585 321 3070 -7597 -4659 4016
-16320 228 3114 -7987 -3358 3852
-16112 37 3109 -7957 -2022 3799
-15905 -157 3238 -7536 -821 3862
-15709 -420 3254 -6788 219 4000
-15668 -565 3249 -5791 1018 4218
-15820 -626 3349 -4769 1631 4434
-16012 -642 3568 -3832 2031 4598
-16309 -645 3600 -2996 2202 4673
-16553 -665 3610 -2220 2164 4586
-16841 -729 3617 -1433 1941 4371
-17194 -688 3553 -593 1543 4096
-17454 -636 3464 96 1007 3774
-17652 -625 3456 762 382 3440
-17661 -653 3304 1488 -332 3084
-17597 -522 3193 2281 -772 2962
-17372 -410 3137 3119 -950 2912
-17161 -297 3065 4078 -965 2914
-16894 -308 3005 4755 -847 2993
-16694 -430 2857 5052 -500 3128
-16374 -674 2726 5152 18 3192
-16104 -718 2696 5297 668 3079
-15886 -441 2848 5411 1342 2723
-15566 -264 3073 5383 1985 2226
-15433 4 3140 5309 2467 1608
-15317 277 3304 5097 2867 896
-15300 544 3362 4777 3214 160
-15336 836 3329 4288 3398 -546
-15550 1078 3421 3714 3436 -1179
-15781 1205 3418 2943 3281 -1778
-16118 1384 3564 2373 3047 -2205
-16469 1537 3656 1902 2680 -2587
-16894 1749 3541 1523 2332 -2890
-17174 1921 3597 1280 2030 -3108
-17356 2094 3556 1251 1738 -3214
-17473 2162 3562 1347 1455 -3133
-17505 2293 3514 1632 1274 -2936
-17556 2461 3458 2012 1007 -2782
-17581 2517 3368 2475 847 -2625
-17686 2596 3310 3085 788 -2361
-17786 2626 3202 3786 793 -2036
-17769 2702 3258 4412 781 -1773
-17804 2805 3268 4851 869 -1561
-17588 2952 3341 5325 1113 -1331
-17392 3026 3352 5738 1341 -1102
-17166 2997 3245 5936 1593 -925
-16870 3081 3229 6142 1848 -840
-16573 3160 3260 6309 1994 -835
-16282 3220 3326 6372 2016 -922
-16077 3281 3201 6382 1976 -1045
-15928 3274 3160 6302 1856 -1165
-15765 3224 3157 6244 1736 -1325
-15678 3201 3149 6152 1573 -1472
-15661 3140 3157 6029 1341 -1695
-15717 3062 3180 5947 1010 -1959
-15804 2952 3161 5992 710 -2278
-15845 2758 3118 6233 383 -2644
-15930 2666 3101 6632 29 -3048
-16122 2581 3004 7191 -402 -3513
-16298 2552 2909 7902 -883 -3978
-16424 2590 2788 8648 -1370 -4369
-16466 2644 2626 9428 -1771 -4658
-16440 2770 2452 10171 -2061 -4820
-16377 2849 2280 10903 -2248 -4998
-16397 3008 2164 11570 -2408 -5168
-16470 2998 1986 12240 -2512 -5285
-16474 3121 1836 12909 -2615 -5339
-16452 3218 1712 13439 -2708 -5307
-16589 3324 1656 13786 -2716 -5315
-16769 3377 1621 13969 -2748 -5303
-16982 3340 1598 14068 -2765 -5246
-17282 3312 1590 14257 -2752 -5138
-17522 3225 1537 14492 -2747 -5041
-17597 3180 1578 14777 -2767 -4967
-17462 3238 1497 15093 -2807 -4883
-17432 3270 1346 15335 -2766 -4778
-17510 3288 1333 15570 -2721 -4654
-17588 3237 1332 15823 -2626 -4545
-17550 3214 1270 16126 -2458 -4381
-17429 3265 1298 16435 -2269 -4186
-17197 3313 1293 16657 -2013 -4030
-16957 3309 1225 16699 -1749 -3895
-16560 3404 1229 16657 -1412 -3757
-16245 3489 1152 16548 -1015 -3663
-16071 3474 1224 16409 -457 -3605
-15923 3458 1346 16185 133 -3580
-15852 3409 1498 15882 590 -3571
-15828 3438 1629 15486 950 -3609
-15783 3410 2022 14938 1399 -3740
-15793 3341 2316 14574 1912 -3894
-16224 3191 2510 14485 2331 -4012
-16846 2868 2646 14689 2496 -4220
-17232 2576 2632 14919 2430 -4353