-18569 7876 5202 -3628 1507 733
-18321 7086 4409 -10467 -2478 1502
-17901 6301 3906 -16373 -6462 1649
-17530 5134 3557 -20611 -9526 1971
-17046 4174 2950 -22751 -11401 2377
-16538 3524 2556 -23300 -11880 2647
-16251 2792 2049 -22396 -11727 2728
-16066 2173 1737 -20505 -10961 3058
-16066 2204 1448 -18930 -10229 3512
-16424 2474 1222 -18587 -9497 4238
-16320 2777 1136 -19277 -8921 4690
-16300 2866 1044 -20601 -8229 5183
-16227 2984 1042 -22460 -7355 5558
-16100 3193 1152 -25087 -6682 5989
-16112 3736 1324 -27178 -5607 6329
-15392 1989 2098 -31164 -3864 7149
-15532 506 3328 -32768 -2545 7201
-14548 -1869 4450 -32064 721 5715
-17196 318 4952 -28423 1676 4837
-14869 -3189 6504 -27175 2277 4087
-15848 -2160 4796 -24909 5252 4304
-16662 -1557 5263 -22153 2231 4035
-16112 -461 3869 -20602 84 3608
-16892 -212 3317 -19096 -388 3475
-17464 200 1804 -18003 -2875 2981
-16617 -428 2762 -16480 -1171 2812
-16901 73 2330 -14431 -2282 2209
-17178 129 1865 -12103 645 2853
-15879 -95 1951 -9445 486 3103
-17678 1772 1669 -7078 4072 3948
-16408 1108 2213 -3046 469 4898
-18159 938 2922 1221 3064 4848
-13761 -3500 4440 5678 959 4592
-16712 -325 3998 8466 317 4566
-16325 -419 3896 9706 -549 4552
-16474 166 3808 9348 -1925 4172
-16621 300 3436 8245 -2569 4274
-16021 317 2927 5601 -2407 4146
-15771 138 2552 2909 -1621 3605
-15849 -296 2393 1929 -971 2584
-15458 -712 2474 2611 -221 1448
-15876 -404 2252 3239 213 187
-16520 608 1874 3234 1 -250
-16115 885 1936 4208 939 -1270
-16952 1553 1642 3917 1503 -1138
-16524 1747 2021 4525 1713 -1268
-16357 1185 2276 4981 2161 -1023
-16145 1064 2152 5255 2126 -530
-16303 638 2140 5320 1598 -33
-16214 411 1995 5288 1143 -181
-16450 559 1772 4766 159 -386
-15590 -218 1722 4614 489 -926
-16064 -244 1630 4710 785 -1490
-16188 -382 1592 5186 1020 -1909
-16510 -306 1508 6420 1198 -2334
-16242 -820 1486 7525 1416 -2534
-16631 -697 1419 9004 1659 -3210
-17360 -392 1261 10497 1431 -3637
-17442 -465 1308 12210 917 -4156
-17828 23 1131 14023 593 -4357
-17942 142 916 15649 566 -4533
-18025 460 746 16357 659 -4298
-18011 1176 871 17023 575 -3853
-17392 1045 602 16268 1336 -3613
-17362 1977 837 16173 1714 -3234
-17122 2939 857 14268 1906 -2460
-15060 3330 1546 14539 2225 -3155
-16008 2724 1731 12920 2260 -2051
-15548 2742 2052 12683 2650 -1660
-16888 4022 2265 12474 1949 -828
-14890 2665 2482 12797 2504 -1397
-16192 3066 2414 11509 1993 -699
-15976 3376 2658 12829 1338 -395
-16237 3139 2470 11892 1400 -323
-16031 3457 2452 11991 741 -198
-16249 2968 2468 11606 930 -506
-16318 3159 2391 11036 686 -578
-16658 3045 2361 10562 430 -637
-16527 2868 2308 10138 247 -951
-16940 2962 2388 9966 209 -1312
-17116 2996 2280 9936 75 -1497
-17093 2900 2409 9746 -76 -1794
-17248 2881 2286 9587 -182 -1941
-17290 3024 2156 9460 -444 -2125
-17395 2981 2075 9024 -300 -2023
-17288 3024 2036 8952 -444 -2038
-16975 2951 2072 8748 -219 -2105
-16744 2884 2130 8784 162 -2031
-16720 3045 2005 8645 43 -1956
-16241 3046 2157 8366 -211 -2237
-16408 2904 2221 7708 1023 -1989
-16350 3404 2308 7310 632 -1575
-15998 3077 2461 7087 651 -1667
-16170 3152 2438 6586 653 -1761
-15961 3174 2517 6317 612 -2002
-15901 3282 2533 6236 632 -2254
-16138 3302 2637 6111 639 -2006
-15980 3433 2645 6083 663 -2152
-15874 3552 2830 5996 657 -2340
-16230 3624 2800 6070 566 -2267
-16554 3658 2852 6223 284 -2279
-16784 3714 2946 6474 103 -2289
-16997 3781 3182 6803 -77 -2396
-17156 3969 3212 7040 -329 -2345
-16996 4196 3060 7194 -418 -2335
-16629 4155 2989 7725 -809 -2054
-16364 3734 2703 8894 -1380 -1934
-16284 3557 2440 9532 -1504 -1628
-15778 3485 2576 10225 -1413 -1642
-15549 3249 2628 10361 -1116 -1563
-15502 3292 2834 10397 -833 -1575
-15204 3429 2982 10396 -415 -1803
-14848 3502 3312 10226 226 -2315
-15228 3841 3598 9555 598 -2778
-15320 3740 3842 8970 527 -2943
-15596 3774 3988 8416 354 -3127
-15818 3808 4272 7598 148 -3411
-16178 3954 4394 6916 197 -3377
-16104 3908 4582 6471 -251 -3790
-16598 3674 4540 5367 -538 -3451
-17158 3934 4711 4585 -786 -3619
-17977 3580 4760 3872 -782 -3252
-18715 3007 4989 3156 -258 -3542
-18544 3574 4757 2911 -222 -3353
-18635 4266 4183 2580 -1478 -3125
-17636 3099 4149 337 -1684 -3375
-18526 3278 3873 -2018 -2513 -2829
-18022 3037 4380 -2763 -2894 -2611
-17661 2709 4520 -3509 -2780 -2861
-17956 3101 4332 -3984 -2843 -3016
-15105 1122 5018 -3585 -2355 -2087
-16182 2601 4205 -3440 -1804 -1698
-15732 2673 4220 -3967 -1797 -357
-14878 1996 4441 -4050 -1547 1192
-15466 2513 3963 -3356 -865 2783
-14234 880 4812 -4434 -817 3657
-14742 1389 4625 -5324 -459 4080
-14773 801 4792 -6158 -877 4182
-15204 695 4615 -7479 -762 3513
-15933 556 4356 -8477 -901 2339
-13750 -1168 4716 -9071 -1499 1418
-15582 -46 4054 -8057 -782 1141
-15322 -168 3981 -7829 -1790 823
-15126 -413 3796 -6960 -1676 792
-15071 170 3730 -3959 -1391 757
-15358 518 3416 -2979 -1422 346
-15298 626 3457 -1194 -870 1296
-15292 1189 3277 685 -272 1543
-15548 1133 3294 1116 110 1815
-15456 1678 3232 924 375 1249
-15817 1732 3136 680 681 1108
-15964 1465 3123 -369 539 1370
-15832 1362 3296 -1962 126 1178
-15953 1044 3384 -3694 -117 1319
-15935 978 3624 -5402 99 1223
-15885 806 3832 -6233 723 995
-16404 880 4035 -6143 1793 926
-16392 808 4435 -6572 2526 733
-16682 1418 4477 -6476 2149 743
-16655 1203 4762 -6643 2372 752
-15973 1803 4867 -6599 1133 971
-16380 1980 4820 -7087 471 1043
-16270 1934 4796 -6707 107 1737
-15776 2154 4704 -6331 -69 1867
-15684 1984 4612 -5646 -190 2210
-15650 2280 4678 -4499 -121 2451
-15986 2416 4744 -3024 -120 3073
-16215 2700 4660 -2049 -114 3716
-16426 3072 4640 -1255 -112 4255
-16796 3205 4732 -900 -277 4716
-17029 3090 4644 -552 -452 5101
-17226 3065 4566 -278 -824 5321
-17304 2952 4389 -18 -1147 5474
-17630 3116 4090 -33 -1591 5771
-17658 3158 4041 -421 -2046 6028
-17698 2935 3983 -998 -2739 6194
-17394 2502 3920 -1008 -3204 6153
-17392 2556 3865 -661 -3261 6492
-17385 2721 3486 -643 -3224 6892
-17081 2213 3453 -70 -3167 6853
-16802 2256 3504 571 -3035 6717
-16496 2314 3462 633 -2977 6720
-15803 2581 3514 136 -2698 6682
-15301 2883 3754 -2583 -2379 6231
-15556 2455 4186 -5244 -1788 5194
-15775 2517 4484 -6879 -686 4538
-15778 2840 4866 -7795 926 3822
-15851 3332 4989 -8448 2052 3024
-16026 3688 4974 -8954 2436 2493
-16102 3745 4870 -9144 2399 2127
-16313 3784 4636 -9109 1875 1910
-16421 3779 4375 -8765 771 1999
-16396 3726 4100 -8551 -309 2195
-16143 3667 3820 -8279 -984 2509
-15795 3652 3491 -8142 -1303 2769
-15267 3410 3162 -8012 -1081 2752
-14962 3302 2950 -7697 -546 2616
-14705 3178 2841 -7242 86 2411
-14444 3236 2838 -6616 1195 2074
-14390 3286 2949 -6130 2137 1709