-7202 16469 -3092 2768 -2286 -2589
-7452 16877 -3106 2150 -2151 -2424
-7972 17397 -3302 1196 -2358 -2383
-8250 17506 -3705 698 -2711 -2685
-8648 17421 -4245 214 -3199 -2821
-8972 17478 -4566 414 -3645 -3165
-9018 17657 -4426 1087 -4091 -3385
-8678 17460 -3962 1728 -3810 -2987
-8629 17166 -3822 2299 -3120 -2480
-8690 17281 -3584 2929 -2334 -1907
-8804 17682 -3541 3336 -1686 -1553
-8957 18030 -3692 3362 -1320 -1315
-9082 18280 -3816 2983 -1224 -1140
-9086 18294 -3789 2299 -1237 -1071
-8886 18165 -3756 1338 -1107 -916
-8864 17980 -3624 676 -938 -715
-8750 17677 -3552 -75 -729 -503
-8514 17117 -3384 -586 -559 -293
-8384 16902 -3373 -649 -488 -123
-8473 16680 -3393 -520 -433 -95
-8412 16520 -3420 -160 -492 -112
-8392 16424 -3420 291 -491 -48
-8454 16632 -3302 613 -460 54
-8473 16604 -3307 889 -418 215
-8510 16704 -3233 879 -291 453
-8488 16781 -3245 776 -247 506
-8547 16769 -3351 345 -461 598
-8586 16708 -3358 -139 -753 673
-8618 16632 -3357 -427 -1055 690
-8585 16607 -3281 -573 -1315 722
-8524 16415 -3226 -393 -1380 694
-8506 16457 -3185 -261 -1194 878
-8473 16485 -3053 -160 -1028 1001
-8554 16368 -3044 -113 -952 1089
-8518 16404 -3036 -193 -973 1176
-8537 16748 -3050 -501 -1107 1206
-8611 16685 -3066 -818 -1225 1097
-8580 16322 -3022 -1010 -1359 1006
-8537 16439 -2952 -1219 -1315 1074
-8420 16147 -3011 -1132 -1211 992
-8416 15888 -3033 -790 -1074 855
-8385 15836 -2953 -381 -1055 762
-8343 15792 -3056 53 -973 590
-8362 15862 -3049 370 -1012 471
-8412 15977 -3119 623 -1123 321
-8510 16046 -3146 746 -1312 260
-8460 15992 -3186 742 -1511 267
-8423 16273 -3146 640 -1661 230
-8401 16288 -3132 566 -1675 173
-8290 16094 -3048 420 -1598 54
-8201 16199 -2943 288 -1426 -216
-8208 16213 -3026 175 -1309 -396
-8325 16379 -3102 -184 -1306 -451
-8429 16499 -3239 -374 -1374 -591
-8506 16610 -3301 -242 -1449 -642
-8460 16286 -3276 -145 -1232 -487
-8441 16490 -3188 26 -828 -244
-8408 16588 -3176 167 -525 -133
-8460 16515 -3293 333 -234 -55
-8463 16605 -3322 369 -112 -15
-8454 16678 -3348 227 -193 -41
-8364 16693 -3249 29 -296 -44
-8311 16560 -3103 -226 -342 40
-8263 16368 -3032 -303 -294 93
-8297 16262 -3043 -312 -246 89
-8320 16165 -3015 -237 -184 71
-8382 16296 -3095 -211 -180 16
-8322 16354 -3054 -245 -196 -41
-8318 16469 -2979 -314 -157 14
-8372 16446 -2967 -445 -88 9
-8381 16496 -2926 -395 -40 -91
-8401 16456 -2916 -391 -4 -67
-8446 16425 -3014 -353 48 -9
-8496 16565 -2989 -242 102 -21
-8522 16653 -3045 -196 128 -3
-8558 16766 -2990 -207 139 37
-8585 16804 -3008 -207 214 76
-8596 16850 -3109 -153 319 146
-8498 16832 -3073 -149 450 278
-8505 16824 -3024 -104 628 403
-8472 16812 -3021 -81 729 523
-8440 16916 -2958 -168 779 592
-8418 16932 -3000 -189 779 611
-8409 17013 -2976 -359 717 630
-8361 17038 -2933 -501 741 686
-8268 17068 -2940 -667 855 742
-8282 16978 -2974 -696 923 810
-8332 16890 -3108 -603 977 828
-8270 17394 -3133 -533 1066 979
-8277 17582 -3173 -445 1254 1181
-8201 17904 -3206 -278 1452 1440
-8121 17973 -3141 -154 1736 1740
-7970 17885 -3165 -35 2074 2157
-7953 17577 -3292 19 2280 2526
-7902 17505 -3458 -160 2133 2879
-7830 17782 -3506 -453 1788 3101
-7834 17849 -3600 -700 1482 3253
-7712 17761 -3604 -810 1340 3450
-7689 17952 -3705 -890 1384 3575
-7700 18108 -3770 -953 1470 3630
-7556 18164 -3816 -855 1667 3676
-7438 18356 -3770 -888 1883 3843
-7491 18496 -3904 -1041 2089 4040
-7532 18569 -4132 -1045 2053 4190
-7340 18576 -4178 -944 2038 4144
-7378 18984 -4354 -1266 1903 4082
-7378 19218 -4378 -1601 1752 3948
-7342 19106 -4408 -1590 1506 3592
-7272 18976 -4472 -1508 1380 3477
-6985 18485 -4280 -634 1549 3400
-6860 18442 -4190 349 1987 3732
-6728 18927 -4224 1523 3054 3895
-6550 18686 -4341 3493 4463 3854
-6412 19066 -4278 4289 5165 3728
-6492 19495 -4292 3988 5527 3473
-6542 19933 -4369 2630 5126 3237
-6480 19422 -4537 1212 4761 3397
-6527 18578 -4728 201 4127 3601
-6376 18106 -4628 -811 3800 4072
-6081 17957 -4692 -1581 3901 5019
-6165 18136 -4688 -1726 4267 5685
-5850 17817 -4498 -1475 4915 6180
-5677 17829 -4620 -552 5844 6600
-5677 18418 -4676 137 6391 6386
-5502 18840 -4604 -263 6385 6214
-4975 18540 -4540 -1484 5644 5964
-5013 17894 -4716 -2216 5134 5996
-4681 17810 -4494 -2410 4530 6280
-4444 17485 -4296 -2308 4381 6550
-4420 17306 -4504 -1490 4299 6559
-4150 17013 -4326 -309 4488 6246
-3773 16764 -4056 744 4546 5698
-3450 16500 -4085 1589 4181 5088
-3064 15828 -3958 2477 3672 4629
-2858 15911 -3991 3317 3171 4249
-2686 16108 -3849 3701 2840 4205
-2680 16278 -3733 3242 2779 4249
-2365 15708 -3900 2837 3291 4582
-2652 16244 -3916 2966 4191 4871
-2536 16376 -4350 3073 5187 4892
-2728 16436 -4452 3554 5323 4670
-2179 16252 -4160 3457 5549 4345
-1961 16676 -3938 2393 5224 3983
-1440 16648 -3854 414 4913 3856
-1492 16489 -4024 -1061 4732 3933
-1494 16296 -4388 -1235 4615 3707
-1346 15557 -4632 -433 4666 3289
-1248 15428 -4629 452 4618 3032
-1033 15189 -4634 1451 4553 2679
-885 15298 -4638 2521 4453 2504
-756 15773 -4629 3305 4401 2434
-646 16665 -4613 3224 4440 2371
-774 17200 -4812 2775 4257 2179
-922 17662 -5178 2262 3873 1792
-876 17841 -5232 1663 3593 1529
-681 17946 -5030 670 3389 1272
-402 17808 -4801 -879 3476 1090
-154 17568 -4649 -2591 3544 992
208 16928 -4682 -3687 3620 1044
322 16590 -4766 -4252 3650 1129
408 16832 -4993 -4452 3586 1280
262 17242 -5266 -3911 3430 1082
480 17032 -5397 -2818 3404 737
514 16772 -5153 -2043 3624 380
781 17129 -4905 -1955 4004 412
717 17113 -4809 -1684 4486 384
681 16970 -4784 -1116 4898 517
560 17429 -4789 -762 5067 749
460 17866 -4836 -781 4926 938
326 18326 -4810 -1525 4599 903
294 18264 -4840 -2302 4046 725
514 17814 -4896 -2554 3625 620
681 17510 -4814 -2164 3408 471
717 17284 -4430 -1636 3388 379
998 17476 -4017 -1494 3467 459
1008 17586 -3944 -1581 3663 564
873 18048 -4029 -1814 3808 683
977 18208 -4092 -2165 3849 646
816 18382 -4088 -2584 3725 581
837 18248 -4165 -2590 3490 391
1068 18158 -3969 -2743 3191 405
1241 17388 -3778 -3036 3003 400
1493 16485 -3828 -3187 2975 619
1613 15349 -3948 -2482 2849 802
1356 14798 -4904 -615 2832 1095
297 15354 -5425 3352 3151 1076
-144 14837 -4361 7474 3050 75
1580 17701 -3982 8530 3045 -176
1424 17484 -4020 8783 3521 -596
1422 17206 -4345 8654 4349 -244
1102 17330 -4994 9075 5818 192
584 17421 -5449 9734 6131 34
592 18665 -6144 9552 5684 -55
616 19576 -6412 8911 4749 -742
449 19441 -5868 7101 3525 -1476
1210 19386 -5622 4591 2758 -1556
1481 18618 -5762 2254 3306 -1653
1689 18093 -5713 418 3654 -1209
1609 17462 -5793 -370 4315 -812
1513 16354 -5994 381 4760 -509