-17278 1006 2528 -9160 -347 1068
-17453 1140 2645 -7191 347 1398
-16326 864 2836 -6221 -374 1193
-16947 803 2597 -5939 375 1482
-16384 396 2535 -4637 44 1722
-16440 498 2422 -3642 -17 1841
-16053 86 2428 -2577 239 1482
-16171 252 2354 -1603 411 940
-16282 459 2380 -383 482 489
-16136 666 2297 657 600 -351
-16285 1076 2243 2490 1438 -920
-16334 1634 2221 4067 1755 -1325
-16419 2164 2149 4787 2090 -1605
-16430 2759 2072 5677 2156 -1815
-16641 3270 1932 5862 2616 -1914
-16697 3785 1794 5677 2651 -1818
-16865 4001 1670 5106 2647 -1701
-16821 4180 1670 4334 2398 -1568
-16781 4253 1810 3334 2130 -1334
-16582 4201 2024 2775 1915 -1125
-16440 4181 2184 2686 1943 -985
-16373 4232 2398 2744 1995 -678
-16318 4189 2508 2810 1888 -328
-16298 4176 2490 2761 1681 -66
-16308 4234 2658 2591 1442 202
-16344 4128 2594 2338 1231 417
-16464 4098 2582 2121 1052 580
-16564 3944 2449 1911 843 771
-16549 3808 2369 1766 684 921
-16505 3661 2247 1719 650 982
-16417 3673 2139 1770 663 1034
-16504 3596 2064 1861 697 1040
-16544 3582 2043 1995 708 1015
-16630 3564 1988 2066 691 988
-16639 3582 1988 2162 703 1023
-16676 3581 1995 2259 628 1029
-16701 3546 1976 2377 644 1086
-16650 3665 2061 2516 681 1108
-16649 3634 2138 2609 700 1174
-16601 3666 2213 2657 748 1228
-16660 3557 2276 2648 731 1272
-16705 3496 2336 2557 662 1352
-16710 3457 2418 2408 572 1392
-16689 3458 2512 2196 431 1362
-16681 3414 2569 2046 326 1301
-16773 3541 2529 1991 263 1213
-16841 3694 2509 2007 188 1083
-17069 3945 2373 1968 164 983
-17066 4030 2300 1896 97 933
-17081 4209 2118 1763 45 1056
-16985 4296 2025 1601 11 1208
-16936 4249 1897 1441 -33 1369
-16801 4292 1742 1317 -102 1439
-16773 4300 1674 1067 -175 1454
-16721 4341 1562 700 -287 1415
-16634 4293 1460 225 -460 1278
-16529 4268 1666 -219 -464 1143
-16381 4354 1741 -527 -427 973
-16061 4181 1908 -545 -147 690
-15942 4201 2024 -268 156 467
-15924 4244 2161 139 443 260
-15988 4357 2242 408 602 135
-15994 4441 2348 489 672 10
-16011 4783 2493 157 595 33
-15890 4998 2709 -678 480 120
-15932 5128 2928 -1677 411 174
-16025 5124 2990 -2730 284 256
-16100 5054 3193 -3685 201 366
-16240 4972 3297 -4526 151 423
-16298 4952 3432 -5233 170 447
-16402 4906 3546 -5825 251 399
-16413 4945 3629 -6292 359 295
-16558 5120 3633 -6806 483 218
-16560 5113 3637 -7461 590 131
-16649 5166 3708 -8008 617 62
-16706 4953 3688 -8361 725 58
-16566 4836 3769 -8380 722 -74
-16622 4841 3852 -7752 683 -104
-16417 4813 3970 -7070 443 -289
-16470 4658 4032 -6350 199 -307
-16337 4564 4026 -5507 -124 -292
-16422 4710 4012 -4687 -459 -177
-16456 4916 3934 -4188 -853 -64
-16440 4958 3878 -3999 -1331 2
-16444 4997 3830 -3964 -1786 119
-16434 4925 3730 -3974 -2208 254
-16412 4820 3576 -3931 -2610 299
-16322 4733 3481 -3834 -2925 261
-16333 4700 3313 -3660 -3137 190
-16310 4686 3261 -3427 -3256 149
-16297 4658 3188 -3239 -3317 131
-16282 4680 3060 -3114 -3334 86
-16257 4670 3021 -3078 -3331 59
-16316 4730 2920 -3065 -3325 12
-16309 4776 2882 -3105 -3276 -54
-16293 4838 2793 -3124 -3163 -160
-16290 4934 2786 -3157 -3005 -259
-16274 5057 2801 -3120 -2743 -398
-16450 5244 2818 -3144 -2411 -505
-16609 5612 2945 -3242 -1950 -578
-16785 5941 3036 -3402 -1403 -601
-16889 6212 3140 -3422 -909 -595
-16960 6508 3254 -3279 -464 -432
-17186 7004 3324 -3180 -20 -178
-17358 7478 3609 -3075 371 173
-17840 7881 3657 -2928 487 700
-18112 8336 3629 -2966 381 1540
-18170 8738 3696 -3251 -20 2579
-18230 8973 3782 -3444 -461 3667
-18269 9277 3838 -3563 -967 4797
-18142 9593 3948 -3653 -1259 5907
-18104 9708 3936 -3673 -1471 6797
-18037 9717 3872 -3844 -1618 8005
-18008 9940 3972 -4074 -1762 9262
-18074 10083 3989 -4409 -1861 10111
-18074 10130 3933 -4715 -1970 11032
-17970 10083 3838 -4902 -1952 11736
-18106 10399 3788 -5221 -1921 12383
-18142 10449 3700 -5621 -1967 12907
-18165 10664 3650 -6061 -2065 13336
-18117 10798 3536 -6516 -2240 13751
-17958 10776 3468 -6878 -2450 14279
-17678 10824 3448 -6996 -2490 14782
-17544 10922 3434 -7001 -2323 15061
-17490 11054 3290 -7017 -2103 15319
-17384 11174 3225 -7183 -1967 15574
-17315 11262 3209 -7461 -1922 15829
-17119 11316 3193 -7765 -1938 16075
-16984 11109 3092 -7877 -2065 16208
-16762 11124 3070 -7792 -2198 16317
-16597 11226 3120 -7708 -2052 16312
-16484 11278 3212 -7753 -1812 16295
-16316 11284 3302 -7766 -1333 16340
-16093 11241 3397 -7674 -852 16492
-15892 11000 3449 -7424 -737 16528
-15581 10746 3375 -7024 -781 16616
-15254 10533 3434 -6762 -807 16693
-14779 10374 3447 -6675 -706 16682
-14330 10308 3612 -6782 -544 16526
-13944 9976 3713 -6907 -330 16139
-13553 9652 3790 -6805 -81 15595
-13116 9554 3925 -6638 170 15146
-12627 9392 4145 -6173 697 14524
-12204 9410 4370 -5749 1095 13904
-11970 9252 4508 -5399 1384 13411
-11737 9353 4637 -5024 1619 12872
-11425 9353 4838 -4796 1837 12357
-11158 9370 4846 -4619 1935 11862
-10948 9594 4977 -4519 2173 11303
-10710 9756 5036 -4397 2544 10754
-10425 9869 5198 -4183 3084 10214
-10380 9992 5332 -4008 3488 9909
-10288 10105 5517 -3674 4174 9331
-10189 10150 5641 -3218 4679 8709
-10089 10372 5666 -3075 4837 8319
-9930 10481 5757 -3083 4952 7898
-9828 10713 5948 -3015 5224 7457
-9765 10869 6317 -2883 5582 6954
-9785 11310 6594 -2834 6088 6468
-9889 11834 6980 -3457 6460 6006
-9948 12154 7318 -4119 6679 5629
-10119 12525 7603 -5108 6905 5105
-10173 12662 7992 -6045 6873 4683
-10216 12633 8190 -6457 6676 4449
-10265 12694 8312 -6601 6183 4547
-10144 12724 8340 -6646 5660 4755
-10074 12803 8453 -6808 4869 5029
-9996 12626 8625 -6736 3794 5361
-9894 12393 8610 -6610 3246 5508
-9681 12301 8657 -6556 2723 5495
-9582 12146 8706 -6514 2208 5412
-9335 11868 8584 -6222 1553 5347
-8978 11636 8309 -5890 1320 5210
-8793 11437 8100 -5749 1400 4980
-8754 11376 7854 -6041 1528 4800
-8609 11245 7652 -6586 1631 4542
-8400 10994 7621 -7018 1555 4257
-8083 10820 7400 -7117 1712 3797
-7881 10798 7709 -7164 2022 3271
-7925 10750 7789 -7094 2573 2791
-8016 10838 8000 -7296 3154 2276
-8015 10826 7988 -7436 4184 1727
-8162 11050 8275 -7911 5374 1389
-8380 11446 8437 -8431 6163 1148
-8500 11678 8838 -8808 6633 952
-8450 11785 9149 -9165 7026 1035
-8485 11735 9401 -9588 7765 1365
-8772 11501 9684 -9932 8228 1619
-8820 11838 9416 -9932 9110 1614
-8913 12046 9744 -9776 10039 1649
-9125 11982 10166 -9699 10260 1905
-9350 11982 10284 -9818 10021 2343
-9635 11457 10276 -9464 9586 2822
-9719 11603 10451 -8546 9373 3266
-9324 12146 10684 -7994 9623 3452
-9194 12048 10986 -6989 9495 3355
-9352 11645 10969 -6336 8781 3119
-9342 11783 11042 -6358 8324 3295
-9432 11960 11019 -5072 8039 3910
-9764 12606 10703 -2938 8390 4711