-13256 10332 12190 -8069 8086 -3498
-13406 9554 12214 -8613 7990 -2410
-13302 8604 11970 -7950 7396 -1344
-13218 8353 11837 -6492 6802 -834
-13293 8356 11724 -5067 5948 -410
-13491 8573 11624 -3664 4896 44
-13490 8606 11516 -2512 3876 686
-13526 8724 11760 -1782 2776 1371
-13468 8551 11583 -533 153 2700
-13010 8322 11126 990 -1749 3509
-12536 8332 10555 2131 -2637 3929
-12010 8257 10046 3153 -3100 4181
-11665 8113 9952 3637 -3345 4228
-11194 7909 9864 4109 -3381 4287
-10588 7834 9753 4722 -3557 4523
-9996 7694 9437 5568 -3598 4832
-9504 7586 9040 6550 -3234 4766
-9013 7426 8429 7569 -2365 4317
-8642 7501 8170 8499 -1320 3866
-8566 7772 8080 9001 -574 3463
-8419 8129 8016 9270 102 3164
-8184 8721 8252 9016 552 3037
-8070 9265 8558 8238 476 3023
-7977 9892 8897 7028 15 2878
-7902 10588 9315 4990 -870 2787
-7797 10822 9582 2499 -2086 2913
-7733 10789 9796 900 -2794 2991
-7658 10651 9957 83 -3055 2932
-7713 10595 10423 500 -3189 2888
-8110 11226 10448 1378 -3245 3345
-8246 11170 10436 2179 -3092 3602
-8218 11328 10423 3569 -2973 3936
-8348 11772 10178 4467 -2887 4115
-8399 12076 9945 4526 -2951 4230
-8519 12636 9796 3923 -3106 4176
-8773 13215 9888 2619 -3396 3751
-8821 13121 9770 1258 -3614 3487
-8756 12634 9700 278 -3773 3518
-8309 11548 9904 105 -3679 3539
-8020 10890 9873 917 -3375 3374
-7722 10797 9986 2180 -2784 3023
-7894 11436 9630 2372 -2160 2554
-7888 11920 9620 1590 -1516 2009
-7773 11892 9591 -79 -592 1194
-8052 12048 10496 -2649 -196 299
-8348 11865 10464 -3866 -73 -210
-8295 11574 10618 -4123 689 -211
-8597 11373 10772 -3824 1419 -28
-8850 11439 11305 -2908 1768 206
-9606 12480 11214 -2770 1238 811
-9647 11801 11040 -2307 1213 652
-10000 12311 11209 -2727 1013 534
-9769 11284 10936 -3628 1486 633
-9268 9702 11486 -3142 2439 303
-9269 10225 11432 -2708 2233 576
-9098 9890 11280 -2160 1955 900
-9266 9873 11338 -1538 1579 906
-9248 9430 11136 -683 1286 700
-8984 9341 11043 689 1051 304
-8886 9942 10866 2370 467 96
-8812 10536 10632 3243 14 -43
-8833 11293 10405 3569 -369 -398
-8976 11748 10216 3604 -573 -709
-9028 12192 10196 3376 -448 -925
-9152 12803 10132 2786 -105 -1089
-9203 13183 10250 1960 157 -1175
-9255 13213 10273 1085 462 -1130
-9192 13012 10244 517 789 -937
-9180 12767 10212 441 1116 -588
-9145 12525 10269 750 1247 -265
-9064 12288 10250 1152 1149 27
-9030 12164 10244 1551 1040 251
-8957 12238 10312 1801 941 381
-8876 12228 10299 1852 861 367
-8839 12253 10348 1637 962 214
-8802 12240 10350 1328 1131 23
-8805 12235 10459 1000 1253 -172
-8892 12219 10606 664 1346 -347
-8972 12066 10646 577 1162 -481
-9306 12404 10911 710 651 -606
-9416 13014 10977 -445 -620 -8
-9292 12134 11345 91 -1210 -96
-9318 12072 11546 780 -1769 -161
-9309 12696 11262 1922 -2223 376
-9583 13070 11264 3078 -2335 844
-9231 12867 11345 2971 -2707 906
-8880 12944 11044 2960 -2979 592
-8713 13006 10744 2533 -3075 395
-8547 12943 10367 1971 -2761 177
-8395 12815 10040 1372 -2098 -187
-8306 12814 9893 598 -1528 -610
-8125 12742 9776 -30 -1258 -793
-8408 12853 9595 -1987 -1055 -1000
-8288 12342 9697 -4036 -779 -1190
-8226 12018 9798 -4811 -317 -1158
-8408 12028 9833 -5425 60 -974
-8392 11900 9966 -6398 586 -762
-8514 12067 10147 -8018 1440 -730
-8462 11730 10269 -9982 2776 -1099
-8366 11252 10056 -12020 4775 -1085
-8700 11178 10016 -13308 7008 -1381
-8602 10224 10208 -13313 8805 -2159
-7944 9669 10376 -11668 9939 -2768
-8882 10533 9840 -10550 11808 -4146
-9189 10855 10406 -11687 11828 -5185
-9277 10868 10525 -12695 10150 -6219
-9184 11265 9737 -14398 8608 -7110
-8988 11213 9463 -18022 7224 -8185
-8747 10013 9520 -22441 4654 -9079
-8858 8055 10114 -24796 2769 -10030
-9210 6866 11580 -24673 299 -10858
-9692 6144 12305 -23451 -1742 -10664
-10136 4786 13286 -19962 -3633 -9687
-10174 4140 13820 -16359 -5206 -8607
-10214 3530 14299 -11847 -7341 -7081
-10422 3708 14589 -7150 -9729 -5316
-10521 4125 14699 -4327 -11268 -4031
-10510 4748 14448 -3236 -11886 -3836
-10678 5293 14446 -3549 -11401 -4097
-11030 5623 14953 -4419 -10498 -3838
-11384 5720 16052 -4546 -10661 -3206
-11832 5356 16715 -4229 -11496 -2322
-11626 4894 17397 -3534 -13200 -1542
-10873 4477 17470 -3161 -14884 -1074
-10305 3886 17370 -2414 -15731 -628
-9865 3603 17154 -1281 -15584 -177
-9030 5250 12376 -2265 -10512 972
-9186 6152 12236 -7157 -1996 2237
-9133 2040 16073 -5855 -671 694
-8376 1617 16176 -3960 -2275 -341
-8723 3161 14842 -3854 -2228 -210
-8268 2616 14880 -4355 -2144 320
-7724 1794 14357 -4910 -1298 612
-7281 1511 13496 -3375 343 920
-8492 3897 14473 -2391 470 1442
-9009 4830 15441 -3273 176 2198
-8550 4162 15725 -2735 475 1963
-8668 4765 15657 -2783 1420 2788
-8598 4266 15494 -2768 2493 2908
-8028 3469 14524 -2374 3286 1992
-7609 3241 13472 -1882 3279 675
-7614 2998 13222 -1825 2336 91
-7788 2951 13576 -1453 1330 -58
-8161 3118 14401 -1014 724 115
-8292 3425 15065 -437 809 229
-8396 3916 15418 57 1235 394
-8489 4195 15725 378 1913 608
-8556 4258 15652 529 2401 689
-8548 4248 15436 623 2637 546
-8381 4116 14909 643 2542 346
-8309 4173 14636 595 2092 214
-8301 4101 14704 406 1621 161
-8293 4241 14789 199 1281 215
-8141 4078 14882 118 1181 294
-8128 3942 14854 233 1378 361
-8166 3874 14777 266 1578 423
-8084 3803 14521 318 1843 398
-8102 3752 14314 389 2023 408
-8119 3839 14109 405 2027 530
-8170 4069 13973 389 1828 715
-8137 4066 14146 234 1549 796
-8183 4033 14272 175 1357 839
-8230 3988 14298 173 1301 910
-8224 4016 14276 159 1332 953
-8316 3859 14314 203 1437 1017
-8328 3718 14270 227 1520 1085
-8384 3611 14290 405 1606 1143
-8456 3749 14034 612 1608 1243
-8412 3696 13969 920 1562 1273
-8508 3749 14010 1110 1495 1160
-8632 3738 13989 1256 1374 1016
-8676 3816 14004 1329 1215 914
-8745 3914 14018 1383 961 803
-8754 3934 14148 1371 769 758
-8750 3988 14122 1327 629 727
-8788 4027 14172 1140 393 683
-8633 4090 14281 740 196 539
-8540 4082 14214 650 163 447
-8580 4197 14304 537 74 277
-8697 4352 14440 349 -44 141
-8741 4290 14534 199 -96 76
-8797 4356 14650 140 -90 71
-8849 4398 14625 -4 -88 138
-8981 4411 14483 -141 -48 123
-8938 4394 14343 -189 -35 65
-8850 4380 14346 -199 -60 -17
-8904 4460 14401 -338 -237 -56
-9000 4421 14606 -666 -691 12
-9004 4225 14830 -948 -986 29
-8968 4124 14928 -1141 -1193 0
-8851 3830 15154 -1174 -1294 -132
-8788 3455 15598 -1080 -1382 -289
-8766 2826 16138 -571 -1657 -365
-8748 2896 16252 -20 -1930 -226
-8266 3609 15980 584 -2471 409
-7272 4744 15537 1081 -3606 978
-6934 5358 15342 1017 -4306 1099
-6544 4924 15224 1402 -4740 1209
-6642 4626 14958 1961 -4700 1579
-6831 4090 15142 2785 -4384 1609