-6452 13494 10657 8941 -8471 4361
-6253 13848 10508 9959 -7840 5120
-6084 14201 10366 10734 -7526 5569
-5656 14522 9896 10735 -7251 5512
-5309 14769 9429 10323 -6870 4869
-5138 14936 9172 9780 -6703 4397
-4958 14870 8801 9200 -6441 3840
-4637 14921 8278 8274 -6001 3188
-4222 14982 7403 6670 -5028 2525
-3904 15128 6588 4501 -3497 2098
-3685 15416 5589 1247 -576 1773
-3670 15440 4516 -3636 5047 768
-3799 14815 4248 -7562 10219 -839
-3884 14482 3302 -10362 14019 -2171
-4427 14350 2724 -14246 19380 -3492
-5588 12494 3552 -18305 27443 -6911
-6900 11558 4374 -19600 32572 -10346
-7797 10649 5476 -18791 32767 -12619
-11546 16338 16875 -25220 27460 -13129
-15372 12865 12749 -32726 14608 -10434
-13525 10189 14538 -22019 12685 -11259
-16272 12181 13268 -11873 14413 -5424
-11078 5965 12937 -3316 13680 -4507
-12262 7522 12674 2150 13282 -3857
-11957 8370 12674 6338 11928 -2476
-11689 9975 11749 7401 8181 714
-11861 10883 11473 5783 2386 2973
-11489 11534 10951 5189 -2702 3781
-11142 11746 10862 5097 -6103 3975
-11040 12247 10764 5414 -9429 3938
-10889 12831 10596 6133 -12586 3791
-10437 13006 10394 6674 -13501 3648
-10135 13568 10332 6726 -13525 3435
-10059 14155 10476 5747 -13127 2919
-9690 14324 10478 5357 -12458 2362
-9301 14466 10629 4499 -12104 2274
-8806 14098 10547 4658 -11806 2257
-8338 14396 10388 5310 -11335 2585
-8068 14572 10334 5419 -11273 3055
-7761 14433 10293 5637 -11522 3647
-7636 14386 10517 6176 -11945 4022
-7460 14414 10496 6699 -12569 4049
-7163 14525 9909 7188 -13026 4212
-6856 14540 9492 7804 -12829 4474
-6628 14480 9248 8278 -12209 4612
-6032 14756 9220 8496 -11514 4585
-5476 14945 9073 8523 -10942 4447
-5331 15239 8781 8224 -10484 4518
-5003 15360 8265 7659 -10341 5064
-4553 14770 7087 8571 -9181 5839
-3986 14300 6843 8870 -8078 6265
-3885 13793 6350 10089 -7601 5799
-3384 13800 5843 10903 -6660 5407
-3280 13921 5352 10625 -5689 4355
-3140 14084 5142 9404 -5025 3409
-3091 13794 4934 7483 -4226 2053
-3068 13746 4598 3717 -2036 117
-3044 13443 5109 127 291 -1237
-3475 12845 5210 -2377 3035 -2247
-3544 11852 5793 -3791 6091 -3262
-3656 10928 6510 -3697 8024 -3841
-3929 10301 6810 -2422 9301 -4295
-4033 9635 7439 151 10465 -5597
-4579 9487 7994 4070 11379 -7595
-6075 11116 8589 7740 11965 -9248
-7238 12961 8973 9520 11415 -9185
-8184 14688 8977 10558 9739 -8149
-8978 16289 9362 10947 7980 -7368
-9578 18452 9610 10488 6427 -6373
-9881 20160 9992 9287 5321 -5885
-10453 21284 10212 7864 4291 -6104
-10760 22807 10064 7726 2681 -5745
-10862 25558 9227 8897 -160 -2835
-10204 24770 9176 9134 -1388 -1352
-9317 24201 8566 7624 -2053 -584
-8339 22534 8220 2867 -2790 -39
-7695 20522 7729 -5 -3116 597
-7293 19761 7661 -523 -3195 1186
-7088 19102 7617 -306 -3473 1410
-6944 18584 7552 142 -3817 1643
-6865 18333 7309 731 -4311 1923
-6651 17988 6931 1350 -4690 2247
-6342 17716 6646 1890 -4825 2442
-6313 17645 6276 2476 -4885 2756
-6136 17478 5806 2979 -4702 3034
-6108 17381 5532 3284 -4474 3078
-6097 17411 5178 3397 -4308 3149
-6160 17437 4969 3307 -4231 3264
-6165 17423 4645 3236 -4185 3363
-6001 17189 4257 3342 -4058 3512
-5916 16873 4081 3613 -3720 3700
-5747 16803 3765 4013 -3195 3902
-5578 16516 3577 4250 -2545 4050
-5540 16236 3414 4461 -2005 3963
-5499 15990 3223 4653 -1697 3706
-5288 15784 3089 4752 -1539 3491
-5082 15429 2832 4684 -1436 3238
-4685 14942 2580 4526 -1317 2671
-4105 14426 2356 4066 -1084 1995
-3590 13971 2050 3539 -678 1180
-3285 13633 1944 3126 -267 399
-2974 13424 1837 2541 240 -507
-2901 13271 1900 1601 975 -1780
-3040 13251 1975 352 1799 -3305
-3298 13217 2157 -675 2512 -4657
-3701 13277 2244 -1258 3228 -5848
-4093 13621 2350 -1501 4093 -7206
-4524 14002 2494 -1470 5116 -8612
-5010 14722 2580 -1417 6448 -10045
-5446 15276 2681 -1427 8184 -11557
-5926 15893 2853 -1694 10026 -12927
-6516 16446 3106 -2311 11805 -14230
-7204 16833 3324 -2995 13280 -15245
-7842 17174 3693 -3628 14340 -16006
-8697 17884 3944 -4313 15060 -16422
-9349 18484 4205 -5101 14845 -15943
-10028 18989 4492 -5722 13677 -14735
-10824 19817 5353 -6726 12148 -12614
-12984 25213 10062 -5388 5178 -4554
-14193 25948 6960 -891 -1797 3003
-12162 20024 6533 6467 -2553 4013
-10426 18418 6372 10199 -1065 1761
-9913 20066 5616 8469 125 -529
-9422 20908 5210 4095 263 -1557
-9098 20012 4942 -607 -118 -1693
-9170 18292 4622 -3198 -714 -1799
-8965 17016 4458 -3813 -1594 -1752
-8896 16257 4366 -2694 -2576 -1300
-9012 16308 4092 -600 -3444 -397
-9009 16593 3865 1131 -3812 282
-9002 16958 3686 1959 -3748 671
-9014 17226 3601 2185 -3492 915
-8934 17124 3532 2006 -3120 1087
-8869 17013 3448 1713 -2576 1114
-8992 16952 3364 1462 -2021 1003
-9076 17020 3258 1271 -1588 835
-9100 17110 3218 1046 -1392 791
-9074 17113 3205 761 -1331 808
-8932 16928 3182 424 -1366 902
-8850 16701 3224 237 -1370 914
-8750 16553 3105 121 -1372 879
-8778 16541 3186 -13 -1315 804
-8712 16504 3248 -157 -1270 758
-8660 16480 3321 -259 -1256 777
-8653 16362 3348 -330 -1324 848
-8630 16200 3488 -371 -1376 890
-8460 15995 3602 -537 -1571 1081
-8154 15954 3448 -919 -1721 1919
-8156 16390 3344 -1371 -1681 2678
-7900 15858 3341 -1872 -1496 3552
-7825 16010 3030 -2447 -1207 4664
-7884 15605 2809 -3152 -193 4757
-6978 15280 2938 -2847 106 3836
-6851 14820 2667 -2385 74 2993
-6478 14170 2845 -1391 63 1931
-6132 14162 2810 -736 -128 1207
-5912 14300 2757 -521 -573 389
-5678 14310 2712 -1012 -939 -251
-5728 14305 2712 -1954 -1191 -747
-5761 14453 2549 -3370 -1272 -1252
-5748 14338 2649 -5064 -1360 -1929
-5677 13696 2823 -6806 -1283 -3018
-5524 12976 2884 -7391 -991 -3905
-5322 11890 2968 -6544 44 -5003
-5521 11676 4025 -3710 2129 -6116
-8040 15838 5086 830 1803 -4762
-8820 17070 5944 3798 2202 -4138
-10757 20866 7181 1650 993 -3737
-11456 20329 7994 2542 262 -4107
-12142 21196 7588 4112 47 -4138
-11904 20174 6196 5410 1534 -5260
-11047 19857 4781 4875 4111 -6690
-10620 19912 4008 2371 5472 -6306
-10534 19906 3876 -85 5538 -5212
-10292 18880 3775 -2928 4634 -3135
-10116 17217 4118 -4094 2934 -1343
-10104 16608 4529 -2249 1080 -340
-10221 16908 4573 -633 -124 472
-10286 17129 4720 -12 -366 728
-10209 17381 4782 20 -404 929
-10116 17390 4865 -359 -321 1136
-9906 17173 4944 -703 -211 1287
-9853 17047 4918 -937 -56 1321
-9743 16845 4848 -844 57 1388
-9756 16792 4781 -757 20 1473
-9690 16840 4770 -777 -148 1732
-9472 16533 4626 -583 -388 2002
-9405 16564 4424 -199 -632 2599
-9262 16640 4304 30 -882 3116
-9136 16625 4360 69 -1103 3512
-9026 16520 4276 120 -1263 3863
-8760 16460 4250 105 -1421 4266
-8440 16196 4068 217 -1722 4756
-8085 16140 3869 348 -2631 5522
-7734 16433 3693 123 -4346 6697
-7366 16693 3710 -198 -6958 8389
-7162 16744 3669 -239 -9763 9485
-7135 17088 3615 -674 -13046 9413
-6208 17691 3014 -1862 -16556 8694
-4244 16956 2928 -3654 -17969 6888