11184 6074 -11566 -8311 -6980 32692
10981 5140 -10894 -7103 -6058 32506
11057 4585 -10098 -6214 -5525 32114
10597 4477 -9980 -5605 -5187 31773
10872 3714 -10328 -4771 -4855 30680
10488 2861 -10633 -3768 -4359 29489
10405 2212 -10874 -2724 -4078 28576
10905 908 -10734 -1119 -3740 27492
10893 281 -10130 751 -3977 26249
11248 206 -9646 1793 -4190 25403
11696 -608 -9076 2675 -4455 24513
12060 -1070 -8866 4108 -4357 23739
11586 -1214 -9076 4824 -4502 23155
11642 -2088 -8613 5208 -4783 22321
11590 -2541 -7825 6289 -5054 21007
12170 -3257 -7029 7474 -5354 19804
12721 -2669 -6840 6835 -6014 18202
12993 -3513 -6386 6835 -6632 16346
13441 -3837 -6152 7374 -6720 13676
12738 -4376 -6000 8146 -7278 10617
12320 -4778 -5890 9226 -8085 7253
11820 -5149 -5965 10780 -8144 4216
11702 -4970 -6049 11367 -8044 1484
11468 -4817 -6134 11913 -7255 -353
10942 -4474 -6254 11526 -6102 -1998
10558 -5449 -6557 12176 -5666 -3736
10632 -4409 -6858 12388 -4272 -4868
9609 -3650 -7277 12146 -3687 -6151
9602 -3944 -7597 12715 -3072 -7783
9773 -4381 -7576 13017 -2600 -8512
10704 -4934 -7708 12688 -1761 -8529
11137 -4389 -7461 10905 -1370 -8419
11969 -4794 -7412 8903 -168 -7909
12764 -5168 -7278 6531 229 -7902
13704 -4710 -6360 4628 1333 -7802
14901 -4553 -5844 3646 2406 -7941
15964 -4878 -5488 3972 3170 -8221
16889 -3876 -4796 5109 3614 -8446
16874 -3125 -4401 5944 3237 -8697
16725 -1730 -4637 5999 1944 -8716
16934 -618 -4785 5833 219 -8381
17185 226 -5138 5778 -1547 -7730
17804 1376 -5009 5840 -2999 -6419
18406 2245 -5294 4719 -3983 -4627
18442 2406 -5850 3834 -3602 -2541
17625 2358 -5877 3455 -2884 -268
16469 1906 -6130 2918 -2734 2127
15596 1273 -6474 2280 -2770 4617
14566 740 -6970 1530 -2624 7283
14038 -146 -7270 734 -2303 9765
13949 -1080 -7281 123 -1731 11767
13922 -2150 -7356 -4 -1265 13034
13842 -3345 -7517 116 -617 13582
13173 -4497 -7701 -33 -134 13553
12384 -5620 -7502 495 95 12802
11581 -6272 -7582 1186 -597 11759
10909 -6980 -7617 1767 -1413 10687
11734 -8102 -7878 1887 -2262 9510
11102 -8594 -8356 2379 -2725 8196
10382 -8854 -8908 2573 -3151 6752
11040 -9757 -9381 2651 -3379 4999
10212 -9493 -10345 2776 -3536 3584
9841 -9876 -10750 2606 -3446 3036
9674 -11288 -11172 2714 -3320 2241
9021 -12024 -12052 2481 -3035 1704
7934 -13365 -13002 2032 -3427 1445
7113 -15357 -14041 1763 -4144 1385
5302 -17293 -15434 1330 -4489 1161
5204 -19914 -16794 -83 -5284 1268
4648 -21884 -18198 -2192 -4967 657
3613 -22765 -19617 -5013 -3676 -1285
3118 -23186 -20817 -8918 -1857 -4171
2672 -23056 -21546 -12807 1489 -9064
1765 -21748 -21822 -16492 7913 -15604
2352 -20392 -20902 -19414 18277 -23940
2900 -18518 -18988 -20782 29262 -31670
4598 -17065 -17416 -18330 32767 -32768
1888 -7302 -13502 -21099 32767 -32768
7134 -1341 -6172 -28996 32767 -32768
-342 8704 1604 -32725 32767 -32768
-5593 11810 8634 -32768 32767 -32768
-17536 6240 23694 -13695 32767 -32768
-31354 24301 32490 7974 32767 -32768
-32768 32767 32767 14299 32767 -24666
-28296 32767 32767 5478 23527 -6669
-16381 32767 32539 -3993 8330 852
-2253 20025 29292 4402 4983 2142
1138 13928 23869 14611 1922 -2415
2153 9714 17077 17085 -1639 -5526
3990 6540 10885 16585 -1907 -6848
3162 4856 7284 14326 -1394 -7922
4594 2241 4916 14471 20 -10132
4912 2372 3412 14662 1329 -11721
5877 5086 716 13911 2726 -12645
8622 6920 -6950 12507 9066 -14334
5473 10697 -11861 5763 16521 -15139
2684 11500 -12046 1860 20103 -14986
4392 12546 -10629 1452 22874 -13985
6490 12988 -10164 2086 27425 -12893
8298 12628 -9097 1279 32260 -13224
8005 12890 -8012 190 32767 -14170
6890 13881 -5698 -225 32767 -15420
5393 13512 -3078 223 32767 -17193
3390 14389 -344 652 32767 -19567
1942 14056 3832 767 32767 -20008
-1229 15774 8437 -313 32767 -17219
-5860 19353 13866 -4397 32767 -13429
-8180 20804 18505 -8079 32767 -10710
-9181 21492 21002 -9728 32767 -9350
-9114 21934 21204 -9275 32767 -8328
-9844 23506 20529 -8526 32767 -6274
-9149 23509 22630 -8068 32767 -2901
-9346 22642 25630 -6806 32767 71
-11134 21593 27713 -4842 32767 1589
-11560 19794 28396 -978 30456 2369
-11474 19262 26837 4263 24803 2676
-10949 20668 24190 6937 19516 3594
-9361 21333 21122 7084 15972 4737
-6980 20477 18233 6244 14990 5431
-4668 17852 16390 5708 16388 5704
-3137 14945 15472 6022 19021 5382
-2597 12153 15024 6938 21025 4597
-2081 9229 14630 8408 22342 3254
-1741 7132 14002 10708 22717 1251
-1818 6533 12718 12375 22197 -671
-2269 7573 11196 11674 20819 -2272
-2837 8004 9936 8796 19221 -3688
-3096 7504 9136 6207 18284 -5331
-3644 6813 9197 4858 18215 -6720
-4553 6737 9222 4663 18595 -8190
-5718 7048 9024 5282 19189 -9813
-7093 7780 8809 6299 19764 -11507
-8348 8414 8566 7568 20300 -13206
-9805 9544 8134 8642 20287 -14582
-11146 10780 7712 8511 19487 -15740
-12748 12166 7477 7080 18314 -16521
-14057 13629 7278 4196 16933 -17382
-14550 13896 6966 528 15464 -17842
-14692 13265 6832 -2882 14477 -17982
-14904 12180 7033 -4911 13884 -18245
-14824 10965 7369 -5413 13223 -18921
-14914 9972 7668 -4762 12613 -19357
-15434 9510 8054 -3345 11846 -19304
-16053 9336 8320 -1974 10488 -18817
-16382 9585 8316 -871 8086 -18398
-16690 9673 7960 482 5632 -18450
-17796 10788 7640 1312 2662 -17208
-18566 11532 7081 1803 -451 -15309
-18705 12013 6680 3140 -3474 -13918
-17865 11662 6552 5820 -5471 -13357
-18052 12869 5525 8855 -5939 -13059
-18025 12753 3949 12198 -4931 -13187
-18124 12313 2061 16444 -2358 -13587
-19044 11906 204 20555 529 -13935
-19912 12021 -1072 23621 3215 -13817
-20409 13206 -1306 24187 5649 -13580
-21076 14661 -717 21429 7357 -13254
-20405 16145 -333 15638 8795 -12562
-19796 16917 122 7191 9731 -11250
-18989 16937 1060 -1265 10288 -10221
-18545 15268 2502 -8516 11159 -9335
-19118 12950 3541 -13756 11911 -8779
-20221 9478 4344 -15977 12382 -8490
-20790 6680 5133 -15754 12624 -7868
-20114 4460 6080 -14691 12395 -7464
-18712 3404 6737 -13202 12690 -7256
-16961 3314 7289 -12623 13895 -7414
-16353 2634 7789 -13162 14891 -8084
-16672 1410 8118 -13487 15202 -8913
-17200 922 8585 -13309 14637 -9796
-17804 1510 8617 -13628 13234 -10213
-18481 1941 8866 -14932 11321 -9633
-18358 1909 8834 -16324 9179 -8625
-18110 1304 7978 -15910 7574 -7759
-17649 782 7346 -13937 6564 -7199
-17124 1564 7073 -10361 5273 -5360
-18061 2752 6698 -5884 5298 -2473
-18880 4032 8985 2506 6446 2690
-16876 3996 9300 6266 7091 3881
-16250 3981 7966 9513 6699 2484
-15601 4342 5565 10445 7262 1358
-15397 5848 3958 7661 7607 1296
-15082 5992 2637 3736 7896 1423
-14917 6141 2118 224 8257 1556
-14994 6080 2316 -2461 7484 1516
-14756 5933 2602 -4013 5949 1577
-14662 6204 2361 -6541 3988 1540
-14800 5680 2208 -9410 2415 1285
-14638 4730 1834 -11832 1361 163
-14356 4006 1685 -13852 909 -1100
-14838 3813 1981 -14961 646 -2052
-15330 3413 2774 -15173 745 -2598
-15490 3432 3825 -14497 513 -2866
-15566 3454 4656 -13058 79 -2936
-15773 3342 4909 -11154 -383 -2924
-15582 3361 4890 -8929 -1023 -2722
-15533 3208 4092 -6518 -1801 -2095
-15818 3132 2952 -4019 -2252 -1261
-16405 3261 2141 -2262 -2247 -354
-16681 3733 2014 -1234 -1421 643