-9340 13964 8377 4710 673 -4127
-8993 14477 8406 4978 32 -3256
-8633 14954 8168 4756 -1348 -2772
-8370 15286 7928 3867 -2258 -3048
-8170 15492 7713 2769 -2873 -3497
-7932 15358 7665 1889 -3307 -3923
-7791 15239 7559 1386 -3738 -4205
-7642 15094 7530 1464 -4159 -4274
-7648 15075 7386 1810 -4531 -4291
-7680 15144 7218 2284 -5012 -4196
-7602 15213 7206 2776 -5508 -3994
-7634 15385 7108 3192 -5849 -3818
-7641 15490 7076 3497 -6123 -3609
-7718 15420 7098 3992 -6294 -3425
-7805 15348 7042 4952 -6602 -3059
-7877 15398 6934 6070 -7017 -2724
-7921 15434 6851 6866 -7432 -2653
-7974 15415 6667 7776 -7767 -2790
-8014 15334 6538 8556 -8009 -2979
-7948 15331 6474 9153 -8237 -3185
-7790 15192 6313 9473 -8453 -3375
-7797 15182 6185 9634 -8636 -3423
-7701 15061 5988 9668 -8813 -3500
-7705 15046 5769 9440 -8990 -3559
-7804 14918 5582 9082 -9155 -3604
-7814 14892 5418 8804 -9225 -3744
-7804 14880 5216 8665 -9064 -4066
-7791 14751 5172 8567 -8757 -4473
-7776 14602 5196 8481 -8365 -4818
-7743 14593 5254 8439 -7902 -5204
-7734 14517 5354 8380 -7421 -5586
-7769 14405 5329 8342 -7058 -5933
-7812 14271 5455 8260 -6755 -6308
-7853 14210 5502 8148 -6498 -6665
-7920 14539 5475 7864 -6244 -7095
-8080 14790 5476 7470 -6055 -7664
-8178 15027 5497 7002 -5743 -8271
-8406 15392 5508 6415 -5456 -8736
-8547 15505 5524 5806 -5124 -9111
-8866 15735 5586 5260 -4809 -9336
-9182 15912 5603 4634 -4787 -9346
-9298 15985 5664 4118 -4831 -9268
-9476 16220 5630 3998 -4812 -9340
-9757 16433 5635 4084 -4779 -9324
-10017 16670 5569 4707 -4651 -9255
-10372 17092 5538 5608 -4535 -9204
-10822 17736 5498 6871 -4376 -8925
-11382 18486 5470 8391 -4295 -8304
-11505 19295 5459 9029 -4200 -7348
-11362 19832 5522 8963 -4018 -6310
-11194 19876 5464 8473 -3800 -5488
-10854 19575 5411 7741 -3397 -4438
-10429 18847 5375 6884 -3091 -3027
-9990 17948 5314 6609 -3103 -2093
-9730 17380 5174 6648 -3291 -1545
-9244 16536 4946 6933 -3676 -1065
-8746 15762 4695 7515 -4221 -669
-8361 15303 4396 7867 -4572 -510
-8173 15008 4152 7911 -4851 -531
-7991 14664 3900 7681 -5214 -794
-7994 14421 3669 7158 -5464 -1136
-8012 14293 3601 6629 -5641 -1449
-8129 14145 3521 6106 -5884 -1806
-8282 13822 3368 5682 -6245 -2124
-8328 13498 3400 5475 -6617 -2335
-8409 13202 3292 5228 -7066 -2598
-8609 12971 3169 4832 -7645 -2946
-8600 12728 3120 4412 -8014 -3328
-8566 12467 3096 3963 -8293 -3770
-8538 12230 3174 3546 -8391 -4292
-8692 12185 3187 3646 -8246 -5066
-9044 12386 3092 4320 -7776 -6345
-9140 12518 2994 4940 -7350 -7128
-9564 13077 2978 5345 -7064 -7592
-10092 14084 2932 4122 -6735 -7873
-10333 14989 2902 1092 -6183 -7785
-10461 14981 3406 -844 -5682 -7962
-10480 14966 3622 -2911 -5145 -8140
-10602 14732 3882 -4279 -4271 -8433
-10946 14426 4233 -3952 -3091 -8940
-11389 14330 4386 -1757 -1906 -9264
-11684 14426 4480 666 -1098 -8978
-11888 14849 4556 2170 -699 -8305
-12001 15160 4582 2656 -506 -7460
-12014 15185 4705 2413 -477 -6715
-11850 14809 4781 1757 -589 -6185
-11676 14232 4768 1166 -793 -5891
-11572 13801 4921 1007 -1011 -5946
-11504 13369 4913 1136 -1327 -6179
-11462 12878 4656 1611 -1709 -6417
-11526 12658 4489 2283 -2015 -6616
-11566 12573 4298 2710 -2209 -6696
-11613 12499 4153 2971 -2300 -6719
-11909 12581 3980 3068 -2189 -7131
-12118 12534 3857 3004 -1877 -7592
-12310 12466 3720 2755 -1521 -7760
-12453 12392 3786 2200 -1143 -7775
-12514 12254 3820 1581 -826 -7720
-12738 12100 3856 900 -469 -7838
-13069 11845 3895 312 -67 -8058
-13284 11638 3910 -3 189 -8104
-13448 11528 4140 -248 552 -8142
-13632 11389 4362 -635 999 -8252
-13726 11158 4521 -996 1345 -8282
-13813 10752 4641 -1346 1558 -8285
-13894 10472 4576 -1734 1811 -8207
-13902 10112 4910 -2043 1820 -8274
-14007 9729 4838 -2408 1590 -8308
-14152 9217 4740 -3014 1232 -8395
-14348 8792 4748 -3456 666 -8593
-14658 8546 4673 -3802 5 -8787
-14918 8265 4598 -4254 -806 -9011
-15064 8100 4614 -4447 -1409 -9152
-15183 7836 4475 -4479 -1770 -9351
-15415 7671 4417 -4475 -1923 -9761
-15630 7559 4486 -4640 -1792 -10012
-16038 7639 4643 -5119 -1512 -10133
-16300 7661 4864 -5926 -1158 -10033
-16593 7654 5042 -6714 -812 -9919
-16768 7562 5124 -7460 -378 -9757
-16953 7513 5376 -8032 46 -9612
-17048 7324 5538 -8474 328 -9477
-17140 7352 5661 -8751 612 -9240
-17112 7316 5800 -8886 805 -8981
-17136 7231 5983 -8907 1087 -8556
-17218 7053 6186 -8726 1335 -7994
-17178 6870 6300 -8250 1572 -7325
-17202 6646 6457 -7500 1804 -6636
-17122 6502 6589 -6623 2032 -6002
-17136 6451 6664 -5500 2196 -5273
-17013 6321 6853 -4313 2313 -4513
-16956 6288 6814 -3319 2309 -3886
-16869 6146 6854 -2365 2253 -3207
-16786 6061 6861 -1436 2107 -2580
-16703 5887 6772 -411 1863 -1893
-16557 5814 6748 523 1596 -1341
-16361 5696 6710 1379 1331 -708
-16131 5501 6660 2156 1029 -141
-15954 5434 6537 2703 790 171
-15766 5338 6454 3174 566 372
-15717 5160 6278 3690 241 501
-15614 5129 6146 4191 -75 602
-15514 5122 5820 4453 -303 706
-15314 5070 5613 4710 -500 777
-15078 4994 5336 4768 -616 830
-14971 4983 5192 4720 -557 786
-14813 4977 4934 4415 -315 692
-14816 5001 4902 3905 -54 591
-14776 4992 4840 3369 100 441
-14843 5011 4742 2622 292 217
-14937 5061 4647 1425 420 -152
-15111 5055 4724 -174 559 -550
-15257 5188 4814 -1849 698 -895
-15294 5121 4958 -2976 791 -1154
-15334 5057 5016 -3597 887 -1292
-15328 5040 5073 -3954 966 -1328
-15421 5012 5106 -4043 982 -1334
-15489 4897 5209 -3942 954 -1302
-15513 4956 5217 -3695 897 -1252
-15488 4864 5234 -3404 813 -1114
-15472 4880 5306 -3037 811 -961
-15436 4849 5325 -2634 841 -856
-15444 4774 5382 -2265 813 -838
-15513 4758 5387 -1789 804 -835
-15693 4730 5354 -1304 688 -890
-15868 4769 5296 -1010 513 -992
-15914 4790 5296 -886 438 -1124
-15931 4852 5251 -763 404 -1217
-15963 4869 5231 -522 423 -1323
-15958 4920 5220 -254 447 -1375
-15942 5014 5214 -25 482 -1387
-15921 5100 5268 208 520 -1346
-15892 5166 5123 358 581 -1237
-15970 5220 5296 643 557 -1201
-16036 5202 5372 923 470 -1083
-16194 5391 5184 1070 415 -775
-16265 5333 5151 1152 341 -524
-16290 5304 5168 1184 282 -402
-16463 5256 5108 1330 255 -149
-16554 5328 4981 1405 201 162
-16553 5284 5009 1401 249 427
-16553 5222 4981 1365 286 632
-16578 5111 4881 1297 281 824
-16568 5089 4874 1148 297 995
-16544 5094 4854 999 363 1122
-16486 5033 4811 794 426 1226
-16317 4965 4876 573 541 1351
-16196 4857 4865 402 636 1462
-16154 4784 4858 358 721 1551
-15984 4730 4936 330 783 1609
-15862 4673 5001 314 811 1658
-15768 4550 5040 315 827 1665
-15640 4420 5115 343 803 1658
-15529 4390 5028 371 699 1600
-15446 4254 5079 446 631 1448
-15385 4238 4984 476 526 1253
-15259 4209 4896 466 481 1017
-15216 4181 4836 411 522 787
-15180 4190 4788 364 586 557
-15149 4217 4828 296 682 315