-19360 10790 -1392 20399 -6831 -14089
-18536 11116 -1693 18488 -8201 -13423
-17540 11580 -2133 16319 -9659 -12625
-16539 12311 -2633 14210 -10310 -11709
-16079 12848 -3001 11963 -9829 -10793
-16558 13005 -3382 10179 -8746 -9917
-16760 13366 -3386 9073 -7421 -9187
-17196 14016 -3483 7562 -5382 -8082
-17736 14330 -3402 5799 -2700 -6269
-18024 14590 -3190 4208 -184 -4349
-18100 14523 -2678 2333 3137 -1745
-18029 14173 -1816 716 7021 1184
-17620 13846 -900 -574 10864 4086
-17364 13760 -152 -1515 13624 6207
-16750 13526 1228 -3647 18462 9723
-16081 13061 3057 -6763 24377 13930
-16062 12558 3598 -8531 26889 15836
-16450 11373 4097 -10220 28738 17713
-17184 10532 4484 -11222 29522 18849
-18564 9771 4613 -12397 29018 19504
-21421 8765 4857 -14446 26845 20088
-23536 8418 5061 -17477 23307 20596
-25370 7682 5082 -20505 19683 20766
-26830 7089 5008 -23048 16305 21014
-28381 6333 5360 -25188 13522 21435
-29542 5608 5542 -26526 11561 22171
-30499 4359 5703 -26819 9784 23568
-30850 3270 5992 -25673 8896 25481
-30831 2563 6220 -23235 8824 27732
-30302 1784 6318 -20104 8953 29893
-29601 1352 6413 -17242 9086 31507
-28709 1010 6517 -14471 9355 32555
-28050 656 6528 -11953 9502 32767
-27326 629 6550 -9845 9521 32767
-26714 681 6540 -8347 9536 32767
-26100 856 6494 -7336 9408 32767
-25325 982 6378 -6761 9074 32767
-24356 965 6168 -6510 8590 32568
-23361 864 5926 -6303 7856 31718
-22348 717 5629 -5994 6947 30699
-21441 486 5296 -5525 5949 29623
-20434 274 5014 -4831 4893 28486
-19465 309 4740 -4311 3969 27273
-18610 328 4657 -3987 3289 26062
-17384 466 4856 -4033 3068 24820
-16561 776 4876 -4254 3189 23441
-15672 561 4890 -4469 3326 21914
-14748 380 4872 -4579 3483 20310
-13872 206 4773 -4382 3582 18746
-13054 -93 4601 -3946 3420 17039
-12252 -360 4552 -3150 3220 15332
-11461 -332 4417 -2444 2959 13522
-10773 -317 4241 -1841 2654 11608
-10349 -36 4180 -1625 2510 9688
-9953 328 4194 -1866 2558 7778
-9350 538 4121 -2511 2600 5765
-8892 1056 4406 -3691 2900 3558
-8421 1540 4578 -5451 3718 1405
-8120 1937 4806 -7412 4669 -681
-7900 1964 5113 -9108 5690 -2871
-7760 1888 5420 -10307 6846 -5117
-7816 1824 5613 -10805 7875 -7273
-8048 1754 5894 -10587 8877 -9418
-8374 1578 6352 -9840 9874 -11495
-8728 1820 6754 -9035 11042 -13555
-9298 1958 7120 -7953 12064 -15584
-9964 2049 7224 -6853 12571 -17723
-11176 2069 7121 -5665 12536 -19767
-12441 2325 6949 -4426 11813 -21880
-13872 2364 6774 -3210 10488 -23893
-15221 2348 6562 -1937 8814 -25738
-16734 2860 6309 -1070 6883 -27222
-18138 3510 6100 -878 5077 -28416
-19610 4038 6292 -1365 3598 -29415
-21082 4337 6406 -2263 2564 -30305
-22756 4329 6576 -3048 1693 -31164
-24420 3801 6392 -3164 733 -31981
-26226 3228 6017 -2158 -209 -32707
-27973 2836 5881 -360 -1207 -32768
-29333 2688 5685 2084 -2075 -32768
-30449 2750 5626 5093 -2678 -32768
-30220 3008 5364 8848 -3241 -32768
-29952 2657 4658 13637 -3694 -32765
-30532 1950 3778 19499 -4430 -32233
-31146 1957 2901 25501 -5444 -31222
-31149 2494 2214 31062 -6543 -29765
-30613 3361 1560 32767 -7295 -27752
-29226 4596 986 32767 -7630 -25698
-27020 5940 724 32767 -7684 -23797
-24636 7288 452 32767 -7545 -22060
-21958 8288 1 32767 -7324 -20530
-19706 8772 -210 32767 -6738 -19178
-17822 8921 -305 32767 -5818 -17781
-17298 8993 -352 30952 -4698 -15841
-16588 8921 -321 27500 -4232 -13977
-16761 8714 -217 23562 -3697 -12189
-16984 8445 80 19587 -3626 -10554
-17165 8314 186 15793 -4002 -9283
-17262 7809 525 12030 -4459 -8342
-17741 7188 584 8887 -4924 -7623
-17776 6722 777 6548 -5509 -7277
-17808 6336 885 4842 -5920 -7225
-17582 5966 981 3891 -5946 -7354
-17429 5698 1010 3734 -5616 -7569
-17190 5642 1132 3982 -4903 -7847
-16793 5738 1205 4456 -3881 -8179
-16544 5809 1241 5212 -2697 -8398
-16250 6074 1214 6078 -1455 -8444
-15941 6518 1181 6682 -236 -8443
-15697 6934 1242 6916 873 -8316
-15441 7506 1214 6698 1853 -8000
-15138 8120 1352 5926 2718 -7633
-15118 8772 1521 4466 3399 -7224
-15093 9406 1818 2264 4034 -6809
-15153 9902 2144 -417 4644 -6351
-15389 10384 2565 -3506 5336 -5870
-15629 10698 2821 -6678 6076 -5279
-15941 10681 3154 -9497 6727 -4698
-16106 10496 3541 -11719 7400 -4041
-16426 10456 3813 -13420 8033 -3091
-16709 10250 3969 -14727 8476 -2112
-17130 10065 4213 -15617 8802 -796
-17369 9812 4420 -16232 8983 561
-17602 9569 4589 -16495 8917 2121
-17897 9145 4665 -16706 8538 3777
-18342 8865 4706 -16836 7767 5418
-18761 8344 4633 -16942 6649 6981
-19273 7942 4533 -17053 5246 8430
-19792 7513 4372 -17206 3635 9714
-20228 7245 4185 -17610 1814 10820
-20554 6892 3938 -18299 -3 11814
-20661 6561 3610 -19140 -1779 12675
-20666 6108 3232 -20110 -3411 13551
-20664 5645 2929 -21021 -4836 14454
-20661 5166 2584 -21700 -6035 15310
-20764 4694 2261 -22231 -6889 16188
-20922 4229 2036 -22652 -7535 16986
-21310 3865 1898 -22961 -8101 17780
-21612 3428 1733 -23284 -8411 18287
-21932 3213 1552 -23731 -8809 18730
-22142 2905 1380 -24208 -9190 18977
-22136 2774 1202 -24733 -9483 19191
-21808 2673 1053 -25237 -9527 19310
-21229 2702 945 -25845 -9480 19203
-20828 2602 738 -26455 -9074 19107
-20318 2472 492 -26806 -8567 18998
-20025 2320 304 -26840 -7983 18824
-19649 2120 128 -26645 -7405 18618
-19252 1925 -108 -26219 -7015 18343
-19005 1770 -294 -25602 -6864 17970
-18764 1596 -498 -24852 -6811 17465
-18674 1430 -632 -24098 -6953 16836
-18444 1214 -818 -23278 -7198 16165
-18200 1113 -932 -22487 -7421 15520
-18244 1060 -1097 -21712 -7622 14762
-18600 900 -1289 -20941 -7951 13982
-18558 913 -1454 -20197 -8287 13103
-18542 1021 -1676 -19494 -8527 12215
-18606 1118 -1945 -18879 -8648 11246
-18473 1176 -2174 -18262 -8663 10335
-18269 1300 -2390 -17658 -8565 9445
-18000 1505 -2529 -17032 -8272 8671
-17708 1808 -2616 -16568 -7740 8004
-17537 2102 -2777 -16254 -6949 7413
-17276 2376 -2837 -16133 -5961 6925
-17070 2654 -2708 -16147 -4800 6619
-16998 2860 -2572 -16311 -3472 6449
-17136 2985 -2437 -16509 -2085 6397
-17306 2986 -2169 -16616 -648 6399
-17581 2957 -1942 -16556 638 6438
-17925 2928 -1681 -16354 1757 6454
-18154 3030 -1590 -16153 2661 6467
-18281 3133 -1374 -16057 3331 6524
-18325 3368 -1148 -16200 3949 6570
-18360 3629 -849 -16660 4485 6673
-18469 3848 -641 -17369 5032 6827
-18552 4042 -313 -18225 5610 7128
-18482 4265 -102 -19198 6138 7496
-18362 4434 181 -20205 6666 7928
-18496 4456 441 -21216 7183 8353
-18613 4421 741 -22097 7609 8800
-18581 4430 970 -22910 8018 9307
-18564 4424 1205 -23505 8300 9809
-18550 4349 1510 -23935 8484 10364
-18446 4226 1645 -24228 8697 10949
-18392 4153 1850 -24220 8870 11468
-18410 4080 2056 -24123 8950 11971
-18344 3980 2229 -23927 8971 12463
-18397 3856 2381 -23634 8926 12827
-18437 3681 2502 -23188 8766 13126
-18425 3508 2809 -22568 8482 13310
-18577 3382 2994 -21871 8109 13500
-18588 3350 3172 -20981 7643 13593
-18692 3142 3277 -19924 7111 13594
-18680 3033 3418 -18731 6506 13502
-18668 2885 3470 -17364 5920 13351
-18705 2700 3593 -15916 5256 13210
-18662 2576 3600 -14359 4639 13027
-18704 2512 3653 -12855 4067 12799
-18841 2385 3666 -11373 3595 12498