-6994 15621 9641 753 723 -3552
-7087 15522 9429 600 810 -2800
-7674 15544 9382 1484 286 -1892
-7882 16089 9189 1899 -705 -1064
-8114 16255 8989 1485 -1685 -469
-8008 16356 8609 262 -2160 -92
-7944 16148 8674 -147 -2719 223
-7721 16254 8837 -281 -3119 841
-8353 16577 10279 -1959 -4504 1656
-7716 14881 11768 -2009 -6203 2061
-7596 15018 11610 -2301 -7476 2142
-6754 14089 10974 -1579 -7437 2193
-6409 13689 10548 590 -6427 2018
-6490 14226 9874 3514 -5332 2118
-6467 15319 8638 5035 -3440 2115
-6273 16557 6918 4473 -453 2122
-6432 17096 6404 3426 1460 2483
-7208 16967 6412 1590 2970 2954
-7296 15979 7016 819 3990 3003
-6773 15992 7350 1150 4524 3395
-6570 16080 7422 1338 5025 4067
-6249 16201 7309 1383 6092 4688
-5976 16059 7232 1651 7816 5365
-5962 16150 6966 2343 9738 6098
-6144 16273 6938 2995 11102 6698
-6360 16304 6740 3967 12240 7188
-6359 16331 6606 5041 12697 7210
-6349 16346 6424 5737 12679 7004
-6286 16649 6325 6074 12394 6842
-6108 16788 6232 6052 12146 6767
-5840 16914 6033 5993 12084 6747
-5663 17110 5826 6088 12250 6358
-5473 17295 5581 6434 12360 5874
-5377 17440 5373 6535 12152 5427
-5254 17542 5276 6373 11743 5096
-5334 17585 5306 6042 11131 4705
-5207 17379 5216 5725 10275 4252
-4988 17458 5102 5679 9200 3801
-4874 17569 4922 5867 8397 3602
-5006 17794 4640 6008 7759 3565
-5055 18187 4317 5997 7006 3563
-5038 18474 4058 5737 6532 3593
-4703 18577 3764 4923 5983 3497
-4392 18533 3425 4188 5630 3313
-4318 18586 3173 3808 5503 3273
-4230 18620 3017 3504 5426 3307
-4122 18953 2812 3007 5369 3392
-4046 18990 2770 2390 5242 3375
-3866 18966 2569 1876 5370 3386
-3717 19037 2514 1222 5548 3411
-3744 18972 2660 943 5606 3520
-3748 18865 2576 706 5853 3633
-3714 19046 2490 795 6147 3831
-3759 18976 2525 979 5985 3956
-3619 19085 2536 870 5861 4082
-3609 19034 2680 485 5553 4403
-3442 18956 2720 301 5401 4545
-3393 18588 2802 244 5133 4461
-3285 18342 2690 566 4839 4274
-3306 18300 2670 870 4760 4253
-3452 18585 2716 1012 4698 4326
-3240 18501 2645 829 4420 4244
-3192 18416 2664 682 4098 4255
-3157 18146 2636 727 3711 4174
-3098 17954 2600 1029 3318 3999
-3018 17973 2620 1287 2932 3860
-3000 17960 2574 1640 2663 3785
-2988 17964 2536 1952 2496 3784
-2940 17997 2450 2349 2346 3877
-2920 17977 2442 2687 2107 3944
-2856 17997 2280 3006 1834 3996
-2781 17994 2194 3197 1469 3925
-2748 18028 2112 3300 1152 3850
-2712 18171 1907 3285 736 3838
-2588 18121 1813 3325 151 3851
-2420 18080 1612 3518 -202 3793
-2356 18118 1535 3767 -523 3649
-2210 18244 1234 4055 -983 3442
-2158 18386 996 3950 -1308 3339
-2028 18515 798 3544 -1623 3195
-1835 18548 692 2898 -1899 2819
-1770 18524 549 2280 -2007 2433
-1701 18518 513 1754 -2077 2073
-1558 18495 430 1191 -2138 1580
-1486 18564 400 656 -2114 1092
-1492 18565 397 274 -2108 821
-1456 18583 378 -94 -2139 605
-1417 18590 465 -274 -2149 475
-1443 18614 456 -310 -2212 406
-1435 18720 506 -230 -2264 540
-1419 18783 492 146 -2325 758
-1381 18953 557 520 -2476 932
-1373 19117 533 643 -2653 1000
-1328 19191 587 520 -2893 1042
-1213 19061 662 319 -3122 1018
-1166 18904 681 222 -3294 1006
-1081 18765 622 313 -3485 945
-1001 18661 581 507 -3657 969
-1026 18606 544 730 -3755 1075
-1002 18900 374 1095 -3877 1323
-876 19056 346 1319 -3940 1472
-760 18954 437 1418 -3789 1461
-671 18897 363 1641 -3552 1399
-688 18881 266 1960 -3461 1324
-681 18898 169 2154 -3526 1190
-684 18977 74 2223 -3672 1100
-706 19013 6 2098 -3824 1069
-717 19119 -82 1740 -3999 1132
-721 19031 -165 1392 -4027 1244
-620 18830 -248 1472 -3914 1308
-644 18616 -348 1893 -3828 1344
-556 18633 -484 2578 -3763 1483
-538 18675 -644 3349 -3816 1630
-550 18680 -712 3673 -3976 1695
-445 18613 -826 3808 -4179 1707
-358 18587 -990 3864 -4349 1664
-350 18522 -1004 3925 -4445 1531
-440 18653 -1180 3958 -4577 1381
-503 18932 -1337 3743 -4685 1267
-662 19275 -1667 3230 -4979 1233
-718 19376 -1806 2750 -5532 1478
-617 19233 -1881 2491 -5930 1611
-464 18876 -1900 2600 -6159 1389
-357 18854 -1906 2796 -5939 1140
-202 18892 -1939 2535 -5233 1198
-156 18992 -2066 2147 -4077 1429
-98 18872 -2036 1860 -3158 1502
-164 18687 -2085 1608 -2344 1396
-210 18612 -1966 1348 -1816 1124
-275 18502 -1916 1027 -1689 880
-300 18404 -1793 350 -1855 551
-273 18183 -1801 -1 -2171 265
-288 18084 -1855 117 -2338 52
-285 18096 -1947 406 -2461 39
-318 18261 -2080 685 -2467 -7
-236 18394 -2173 925 -2419 -70
-265 18421 -2196 1149 -2367 -124
-198 18430 -2233 1405 -2348 -240
-233 18408 -2332 1715 -2384 -390
-242 18589 -2453 1986 -2431 -440
-257 18760 -2588 2008 -2440 -398
-301 19043 -2781 1665 -2235 -222
-254 19191 -2893 1123 -1944 -141
-292 19178 -2977 715 -1693 -126
-289 19089 -3062 400 -1447 -129
-270 19116 -3017 179 -1199 -134
-272 19072 -2972 14 -1017 -158
-292 19065 -2987 8 -661 -193
-287 19091 -2981 162 -95 -131
-305 19026 -2983 265 401 -31
-296 18909 -2912 136 780 19
-304 18769 -2742 -149 1079 24
-293 18688 -2649 -441 1271 36
-292 18568 -2550 -669 1410 28
-330 18498 -2464 -893 1490 -44
-388 18356 -2412 -1199 1537 -208
-425 18254 -2366 -1702 1496 -353
-425 18220 -2357 -2225 1613 -521
-385 18190 -2384 -2797 1811 -748
-421 18238 -2309 -3527 2046 -1131
-457 18216 -2130 -4539 2252 -1566
-494 18192 -2009 -5846 2533 -2147
-526 18124 -1924 -7195 2801 -2879
-636 17942 -1746 -8519 2934 -3822
-732 17840 -1628 -9528 3128 -4511
-745 17864 -1499 -11250 3423 -5782
-846 17924 -1127 -14224 3980 -7833
-1081 17804 -790 -16844 4605 -9206
-1267 17712 -480 -19560 5563 -10899
-1625 17379 -7 -21613 6825 -12770
-1982 17369 455 -22719 8120 -14490
-2485 17297 933 -23077 9457 -15799
-3017 17466 1389 -23026 10341 -16697
-3466 17474 1804 -22694 10944 -17150
-4012 17577 2384 -21915 11695 -17451
-4573 17467 3187 -20596 12389 -17795
-5074 17384 3905 -19551 12806 -18004
-5772 17334 4460 -18513 12966 -17761
-6178 17301 4897 -17553 12871 -17312
-6832 17273 5349 -16322 12349 -16496
-7260 17332 5672 -15456 11707 -15752
-7747 17062 6064 -14315 10777 -14744
-8318 16837 6549 -12206 8956 -12787
-8893 16409 7070 -9715 6830 -10650
-9338 16182 7272 -6659 5188 -8885
-9617 15737 7535 -3956 3851 -7404
-9623 15265 7521 -643 2817 -5946
-9696 15350 7376 1771 2027 -4686
-9839 15681 7081 3577 1454 -3279
-9844 15831 6784 5412 676 -1440
-9810 16033 6598 6441 -127 -225
-9825 16102 6210 6919 -774 422
-9726 16166 5966 7018 -1400 897
-9593 16208 5649 6700 -1958 1183
-9451 16219 5353 6045 -2398 1126
-9225 16194 5157 5103 -2772 903
-9028 16004 5008 4303 -2879 754
-8864 15840 4974 3712 -2851 702
-8626 15615 4927 3207 -2604 645
-8462 15453 4913 2859 -2230 571