-14890 4318 6190 -9301 12122 178
-14974 4120 6749 -10267 12936 -190
-15101 3943 7116 -11103 13457 -568
-15314 3670 7444 -11707 13483 -920
-15581 3406 7590 -12145 12857 -1414
-15604 3134 7645 -12203 11637 -1958
-15632 2878 7724 -12019 10325 -2416
-15785 2597 7668 -11335 8588 -3064
-15780 2469 7648 -10352 6406 -3890
-15788 2524 7538 -9243 4146 -4817
-15773 2834 7521 -8366 2500 -5631
-15780 3016 7744 -8225 2318 -6066
-15359 3037 7853 -7752 2862 -6500
-15428 3172 8182 -6028 4667 -7345
-15665 3477 8151 -3170 6812 -8392
-16216 3663 8112 -764 7632 -9234
-16732 4271 8232 59 7327 -9773
-17176 2802 9879 625 4768 -9865
-18946 7969 10413 5291 -560 -6954
-17978 6872 10878 8951 -3451 -4572
-17706 7526 11372 14888 -5613 -2941
-17304 8329 10681 19538 -6550 -1321
-17293 9256 9934 22786 -7486 -416
-16326 9489 8888 23508 -7655 -286
-16287 9602 7788 22764 -7176 -678
-15792 8878 6657 20602 -6721 -1180
-15422 8648 5849 18075 -6548 -1929
-15326 8054 4981 15368 -6072 -2482
-15138 7524 4528 12663 -6050 -2550
-15233 6920 4112 9778 -5618 -2272
-14934 6288 3850 6812 -5211 -1886
-14625 5687 3749 4465 -4772 -2014
-14322 5145 3699 2592 -4162 -2606
-14194 4893 3766 1717 -3284 -3112
-14072 4884 3938 1336 -2480 -3384
-14049 5022 4295 1045 -1583 -3757
-14287 5384 4789 524 -717 -4200
-14404 5204 5138 129 -246 -4410
-14674 5486 5405 -159 129 -4523
-14862 5488 5830 -514 220 -4641
-15038 5405 6097 -716 219 -4790
-15256 5333 6388 -573 305 -5012
-15378 5102 6648 -256 592 -5135
-15333 4888 6939 292 1003 -5191
-15433 4763 6984 1333 1589 -5184
-15431 4593 7011 2421 2103 -5142
-15525 4398 7176 3563 2506 -5012
-15829 4213 7194 4594 2631 -4892
-16584 3860 7008 5284 2547 -4852
-17092 3368 7110 6213 2262 -4867
-17192 3483 7092 7457 1935 -4779
-17106 3648 6862 8307 1436 -4729
-16948 3660 6624 8757 1024 -4699
-16790 3586 6344 9718 15 -4731
-16485 3381 6025 9938 -514 -4584
-16672 3470 5996 10383 -1328 -4435
-16798 3344 5768 10750 -2021 -4359
-16834 3198 5531 11245 -2735 -4301
-16729 3101 5334 12087 -3275 -4180
-16534 3137 5054 12991 -3501 -4331
-16565 2880 4749 14694 -3194 -4819
-16913 2731 4480 16678 -2557 -5331
-17281 2815 4257 17691 -2292 -5728
-17285 3170 4033 18106 -2234 -5944
-17126 3366 3808 17976 -2380 -6195
-16720 3754 3388 17194 -2698 -6633
-16281 3912 2990 16168 -3206 -6739
-15948 3982 2892 15448 -3480 -6664
-15552 4175 2612 14174 -3893 -6874
-15207 4356 2300 12394 -4284 -7092
-14729 4550 2338 10855 -4222 -7125
-14664 4468 2408 9634 -3830 -7282
-14549 4621 2452 8417 -3009 -7508
-14632 4567 2631 6822 -1705 -7939
-14985 4752 2956 5311 -511 -8233
-15301 4652 3190 4043 327 -8409
-15645 4695 3416 2996 996 -8520
-16029 4762 3576 2250 1400 -8641
-16196 4872 3738 1922 1598 -8680
-16248 4956 3823 1822 1581 -8560
-16333 4917 3829 2173 1319 -8235
-16408 4945 3826 2736 1045 -7799
-16572 4930 3866 3472 804 -7204
-16792 4922 3867 4642 555 -6251
-17101 4872 3961 5929 330 -5127
-17414 4891 3923 6988 142 -4038
-17730 4901 3929 7786 -79 -3065
-17856 4856 3846 8195 -261 -2486
-17816 4756 3639 8646 -492 -1878
-17529 4713 3430 9223 -825 -1163
-17070 4828 3254 9596 -940 -736
-16644 5048 3135 10023 -736 -459
-16177 5598 3212 10487 -96 -390
-16312 6273 3317 10932 1078 -487
-16842 7313 3318 11083 2441 -391
-17370 8517 3332 10325 3351 391
-17924 9919 3272 8328 3870 2031
-18435 11329 3299 4791 3882 4583
-18736 12391 3203 1089 4161 7829
-18982 13652 2914 -2030 4879 10909
-19077 14146 2417 -3895 5716 13042
-19020 14575 2055 -5408 6959 15157
-19005 14536 1698 -6043 7961 16979
-19054 14374 1326 -6069 8427 18419
-18916 14504 873 -6298 8707 19807
-18878 14523 213 -6921 8538 20938
-18769 14588 -605 -8305 8132 21820
-18579 14309 -1481 -10250 7602 22514
-18320 13633 -2522 -12391 7294 22966
-17986 12828 -3224 -13932 7361 23046
-17567 12198 -3745 -14848 7989 22763
-17126 11910 -4162 -15074 9121 22538
-16996 12013 -4533 -15291 10237 22285
-16873 12053 -4794 -15615 11319 21705
-16874 11990 -5132 -16111 11955 21227
-16922 11945 -5334 -16438 12103 21082
-16669 11750 -5412 -16574 12118 20988
-16250 11515 -5478 -16426 12146 20927
-15876 11524 -5622 -16026 12361 20775
-15561 11612 -5733 -16010 12560 20550
-15039 11630 -5870 -16425 12939 20081
-14534 11355 -5789 -16990 13514 19326
-14189 11045 -5674 -17127 13962 18603
-13905 10946 -5431 -16631 14299 17811
-13644 10988 -5252 -15519 14619 17024
-13186 11347 -5089 -14457 14912 16415
-12618 11878 -4874 -13938 15170 15485
-12124 12347 -4740 -13971 15348 14328
-11497 12696 -4436 -14158 15464 13231
-11072 12813 -4197 -14284 15350 12505
-10542 12815 -3935 -14384 15044 11895
-10117 12710 -3585 -14479 14615 11126
-9611 12383 -3175 -14045 14348 10097
-9196 12286 -2752 -13065 14230 9020
-8988 12482 -2429 -12002 14036 8021
-8888 13077 -2145 -11144 13601 6667
-9269 14066 -1864 -11567 12637 5479
-9457 14342 -1716 -12581 11686 4893
-9596 14096 -1620 -13340 11072 4394
-9984 13378 -1451 -13473 10233 3607
-10007 11797 -1210 -12182 9359 2109
-10076 11004 -1248 -10871 9069 1066
-10182 10140 -924 -8914 9119 -498
-10538 8982 -398 -6718 9426 -3329
-11158 7475 136 -5244 9664 -6896
-12671 6562 1224 -3966 9482 -10627
-14215 6649 2203 -3418 9273 -13640
-15668 7078 3457 -3481 9515 -16094
-16456 7962 4492 -4834 9448 -16671
-16626 8066 5474 -6122 9425 -15612
-16871 7434 6586 -6794 8096 -13611
-17607 6434 7145 -5194 5227 -12065
-17777 5349 7844 -3251 1817 -11107
-18398 4944 8674 -2172 -891 -11077
-18368 6000 9412 -3163 -4888 -11869
-17781 5658 10173 -4929 -7372 -12094
-17457 6409 10213 -5640 -7814 -11508
-17273 6196 10055 -4325 -7286 -10652
-18077 7590 10306 -1295 -7745 -10098
-25262 10128 17991 692 -19455 -5338
-8130 8350 10213 1763 -16953 -7131
-15851 10976 10538 -1197 -12431 -6606
-16847 7724 14756 -2011 -12681 -5612
-17664 9240 15688 -416 -16906 -4801
-16530 6942 14593 3711 -19216 -3887
-15096 8704 13157 6264 -21082 -2573
-12180 9208 10134 6616 -18579 -2407
-11500 9260 9923 4655 -13764 -4042
-12434 9752 9976 3203 -11176 -5351
-11542 10424 10308 2689 -10666 -4531
-11348 10928 10328 702 -10093 -3579
-10142 10130 10201 722 -8677 -3636
-9720 9798 10520 1173 -7401 -3974
-9232 9504 10886 2060 -5859 -4689
-9137 10313 10512 3763 -3432 -4688
-8939 10344 10883 5382 -1615 -4378
-9573 10721 11177 7198 -471 -3831
-11190 11665 10946 5742 -1255 -4489
-10880 9758 10029 5968 -1420 -6180
-10931 10236 9089 6805 -130 -7594
-11466 11793 7865 6842 2789 -9208
-12198 12401 6718 5297 4692 -9383
-12808 12776 6614 3127 5349 -8098
-14209 12875 7051 -316 4846 -5770
-14942 11888 6985 -3770 2565 -3493
-14761 11384 6341 -4853 92 -2197
-13847 11262 5915 -4984 -1826 -952
-12846 11512 5525 -7088 -2058 -151
-12842 10768 5449 -8750 -1610 414
-12969 9497 6622 -8383 -1455 533
-14216 9328 9046 -6034 -3192 1126
-13628 9264 11968 -3855 -6020 1982
-12730 10721 13518 -2908 -9268 3312
-11654 11029 12721 -3943 -10879 4137
-10618 9022 11910 -3488 -9203 3212
-10187 7146 12009 -249 -6695 680
-10081 7981 11289 2950 -4448 -1398
-10996 9281 11134 4618 -3002 -2017
-12220 10609 11100 3636 -3243 -460
-12219 10810 10675 1792 -3199 1173