1606 19062 2150 2331 85 1467
1832 19231 1974 1600 362 978
1918 18999 1522 781 484 396
1930 18858 1358 254 750 511
1854 18653 1241 86 461 535
2112 18692 1306 109 505 382
2024 18845 1306 123 633 456
2110 18756 1234 155 1033 416
2004 18682 1302 86 1172 288
1594 19282 1944 -1185 944 132
2036 19042 2010 -3497 714 -554
1777 18214 1838 -3878 488 -906
2150 17710 1705 -3184 291 -770
1928 17482 1560 -1831 417 -512
1838 17308 1602 -135 749 -143
1788 18222 1652 1532 1315 351
1722 19218 1724 2027 1579 499
1873 19617 1609 1568 1826 203
1854 19432 1426 809 2017 -303
1708 19278 1412 184 1845 -525
1777 19109 1589 -398 1720 -332
1666 18804 1753 -714 1346 -181
1557 19041 2000 -1322 1274 -147
1377 19144 2128 -2413 1049 -490
1812 18584 2145 -2761 888 -787
1874 18229 1938 -2263 566 -1010
2217 17952 2004 -1532 255 -954
2036 17733 1944 -966 61 -710
1834 17605 1942 -153 -141 -278
1475 17334 2016 1404 -972 258
1713 19257 2246 2277 -992 -239
1828 19936 2864 923 -440 -414
1914 19494 2130 -246 -180 -522
1672 18312 1778 482 -401 -415
2170 18156 1694 1109 -402 151
2152 17792 1385 1457 -354 1194
1918 17565 1316 2089 -1005 2497
1808 18200 1256 2737 -1689 3095
2045 19086 1193 2763 -1840 3284
1972 19418 1293 2170 -1866 3110
1956 19504 1392 1778 -1854 2719
1764 19405 1629 3408 -1976 1893
2481 19501 2134 3588 -1735 1608
2822 20600 1586 1147 -1237 1456
2297 20301 677 -1721 -1029 1007
1816 19452 102 -3197 -1390 426
1448 16966 -84 -2581 -1918 -37
1840 16956 573 -323 -1929 -834
2364 19194 1742 -1150 -1546 -899
2906 18773 1521 -2777 -976 -877
2166 17094 1005 -1562 -725 -581
2462 16906 1124 264 -576 -209
2621 17520 1149 1538 -149 219
2336 18166 1064 2229 60 496
2286 18617 928 2520 -29 824
2377 19737 966 1465 -361 970
2149 18974 856 663 -805 992
2037 18996 969 585 -1354 896
2317 19138 1257 1186 -2155 573
2554 19336 1534 936 -2696 508
2856 19669 1746 -195 -3097 333
2868 19312 1341 -2029 -3556 265
2752 18656 852 -2887 -3848 326
2214 18790 625 -3483 -4532 339
2385 19105 768 -4230 -4643 162
2133 18937 934 -4369 -4624 37
2341 18960 1180 -3679 -4346 -261
2372 18377 1214 -2463 -2199 -617
2241 18612 1198 -1733 -501 -540
2284 18146 1653 -666 1424 -462
2829 18340 1101 -7 2785 -86
1712 18389 877 1606 3259 187
1602 19370 577 2125 3225 263
1741 20057 294 1831 3170 386
1654 19980 305 1096 2754 509
1844 19697 518 815 2344 386
1801 19488 978 801 2159 482
2105 18980 1590 1014 1958 597
2444 18981 1724 945 2019 694
2485 19161 1512 383 2111 620
2588 18852 1498 -261 2222 426
2228 19044 1554 -1543 2085 49
2589 18620 1501 -2183 2153 -607
2346 18240 1212 -2239 2429 -865
2449 18173 1148 -1591 2826 -790
2341 18262 1216 -613 3308 -661
2314 18352 1258 424 3891 -561
2117 18533 1357 1382 4303 -601
2034 18900 1385 1739 4617 -740
2181 18945 1422 1708 4703 -940
2156 19105 1274 1514 4550 -878
2370 19308 1113 915 4478 -1096
2480 19058 1022 418 4409 -1177
2662 18976 809 325 4625 -937
2528 18844 862 391 4698 -1028
2089 19173 1204 -80 4180 -1390
1953 19413 1542 -1611 3289 -1946
2245 19445 1542 -3211 2629 -2125
2337 18852 1376 -4090 2149 -2284
2112 18256 1440 -4176 1731 -2012
2097 17906 1408 -3843 1218 -1593
1918 17924 1486 -3190 731 -1149
2077 17996 1465 -2418 478 -892
2105 18172 1720 -1581 482 -851
1977 18229 1948 -832 681 -867
1944 18146 2088 -197 948 -945
1862 18173 2144 400 1023 -818
1845 18357 2233 936 904 -385
1817 18386 2242 1372 547 140
1764 18161 1996 1789 476 854
1886 18085 1757 2296 498 1678
1909 17858 1525 2950 657 2419
2041 18168 1549 3341 527 3041
2396 18764 1350 3473 280 3082
2310 19257 1061 3259 194 3039
2100 19273 1096 3423 156 2558
1968 18740 1681 4228 -68 1868
2328 18861 2005 4695 -77 1451
2438 19545 1848 4222 -49 1101
2436 19640 1493 3345 -232 823
2604 19924 896 1749 -521 793
2580 19941 382 -591 -719 451
1936 18972 144 -2249 -1554 -232
2388 18965 22 -3223 -2004 -872
2044 18217 310 -3186 -2395 -1307
1704 17588 62 -2280 -2396 -1808
2072 18169 1301 -1396 -1977 -2116
2428 19193 1872 -2580 -1205 -1827
2484 18587 1182 -2894 49 -1450
1851 17696 869 -976 1003 -600
2063 18255 673 1178 1751 200
1837 19342 629 2117 1762 572
1705 19972 706 2194 1257 449
1766 20212 1025 1251 1080 415
1913 19823 1111 109 715 347
2041 19529 1249 -407 408 305
2135 19286 1179 -1131 248 175
2082 18476 1246 -2114 -62 -161
2196 17968 861 -2158 -504 -227
2060 17556 818 -1149 -738 -464
1610 17317 1281 89 -889 -908
2320 18600 2026 -371 -387 -435
2306 18700 1609 -1288 212 -381
1882 17448 1086 -230 561 -35
2280 17662 948 1197 907 302
1976 18695 682 1496 857 415
1909 19066 677 1427 699 169
2157 19594 748 840 478 93
2029 19364 822 478 82 -64
2258 19615 926 199 -105 53
2310 19078 1097 -483 -179 4
2258 18616 954 -1457 -386 -75
1827 18062 48 -399 -943 -235
1744 17612 1250 1588 -1150 -1243
2444 19429 2054 -465 -937 -808
2713 18886 1222 -1752 -442 -834
2037 17588 770 -1224 -438 -401
2280 17510 621 -120 -496 -221
2529 17808 413 810 -429 99
2126 18970 32 1236 -1134 339
1790 19345 218 1549 -2158 -18
2029 20108 457 684 -3009 172
2112 19662 682 -257 -3793 -175
2198 19365 1024 -747 -4298 -252
2378 19520 1392 -1944 -4495 -38
2640 19753 1325 -4157 -4225 421
2385 19562 1018 -5742 -4198 410
2166 18366 954 -6441 -4454 431
2117 17818 896 -5964 -4616 315
1928 17816 1082 -5204 -4574 164
1914 18248 1290 -4228 -4122 13
1805 18656 1424 -3224 -3533 -110
1894 19006 1656 -2505 -2651 -322
1909 19440 1800 -2116 -1757 -346
1729 19506 1890 -1820 -1066 -540
1844 18626 1876 -1418 -207 -634
1698 18298 1850 -512 549 -318
1866 18557 1990 550 1270 -40
2114 18609 1733 987 1707 407
1553 19052 1122 1393 1979 702
1682 18980 962 1848 2206 854
1868 19474 1022 1943 2407 874
2000 19469 1089 2017 2488 683
1814 19058 1566 2550 2395 338
2250 19025 1861 2662 2344 480
2588 19497 1886 1911 2492 806
2166 19306 1513 1194 2533 804
2356 19042 1328 661 2639 945
2322 19029 1316 189 2573 929
2234 19224 1320 -880 2465 782
2349 18929 1296 -1559 2277 391
2352 18365 1137 -1538 2053 149
2738 18353 1046 -1203 2561 68
2430 18208 1024 -555 2763 55
2394 18041 994 244 2974 32
2366 18261 1078 938 3199 -39
2296 18353 1101 1403 3150 -89
2454 18606 1082 1634 3328 -279
2161 18766 1082 1500 3317 -444
2274 19038 993 1243 3102 -685