13164 7245 9492 -4028 -2152 3119
13372 7293 9354 -4410 -1986 3147
13593 6942 9265 -4817 -1980 3164
13980 6437 8965 -5008 -2133 3157
13590 6658 8956 -4843 -2213 2952
13296 7191 8778 -4383 -2411 2493
13300 8282 9239 -4416 -2554 2207
13084 8884 9546 -4972 -2572 2077
12869 9282 9673 -5886 -2661 1957
12564 8237 9391 -7302 -3050 2088
12628 6103 8552 -8002 -3658 2279
12985 4233 8065 -7506 -3955 1880
13304 3302 7690 -6638 -3798 1403
13636 3392 7519 -5169 -3252 870
14108 4337 7524 -3384 -2130 104
14237 5946 7898 -2396 -1049 -464
14270 7652 8274 -2317 -479 -720
14009 8962 8679 -3208 -582 -486
13571 9134 8925 -4564 -1258 -360
13420 8193 9160 -5838 -1828 -212
13373 7058 9101 -6796 -2095 -125
13413 5612 8954 -7174 -1906 -115
13399 4439 9000 -6584 -1612 -504
13529 3878 8838 -5902 -1498 -1082
13613 3913 8454 -5308 -1453 -1381
13806 4752 8284 -4737 -1176 -1625
13972 5915 8239 -4258 -763 -2045
14464 7646 8445 -4290 -287 -2463
14821 9016 8859 -5825 -187 -2532
15010 9334 8794 -7752 -400 -2588
15064 8662 8790 -9044 -615 -2550
15045 7588 8782 -9997 -870 -2357
14886 5749 8533 -10261 -1086 -2322
14677 4002 8480 -9161 -1279 -2559
14670 3192 8280 -7621 -1473 -2833
14640 3646 8243 -5992 -1213 -2957
14513 5244 8254 -5510 -726 -2716
14409 6093 8204 -5991 -644 -2379
14320 6357 7688 -7121 -702 -1959
14157 6245 7193 -7874 -865 -1644
14214 6418 7166 -8493 -994 -1277
14282 6475 6871 -9114 -1129 -1173
14210 6009 6542 -9483 -1343 -1045
14198 5338 6483 -9227 -1388 -935
14385 4804 6701 -8683 -1081 -895
14444 4668 6998 -8154 -597 -1056
14674 4845 7268 -7667 -160 -1372
14721 5138 7578 -7174 237 -1591
14541 5746 7863 -6581 572 -1781
14203 6261 7824 -6552 640 -1844
14042 6420 7642 -6948 383 -1628
13940 6224 7575 -7246 111 -1292
13953 5969 7571 -7337 -201 -867
13921 5816 7596 -7451 -506 -505
14042 5846 7576 -7363 -630 -511
14182 5647 7564 -7175 -557 -661
14419 5594 7450 -7126 -218 -716
14474 5400 7350 -7224 -12 -628
14208 5034 6931 -7430 -106 -516
13999 4723 6436 -7441 -622 -380
14096 4677 6472 -7595 -1035 -145
14189 4756 6580 -8132 -1442 -70
14020 4490 6554 -8411 -1575 -95
14004 3963 6373 -8220 -1768 -252
14258 3311 6514 -7549 -1997 -500
14749 2920 6668 -6855 -1767 -604
15186 2874 6884 -6271 -1503 -762
15690 2934 7001 -5619 -1081 -899
15712 3621 7542 -5473 -407 -781
15190 4204 7377 -5979 -30 -570
14968 4256 7270 -6269 136 -641
14662 3581 7041 -6693 -11 -528
14697 2717 6902 -7061 16 -212
14600 1636 6700 -6952 85 -134
14580 837 6438 -6585 189 -47
14711 632 6446 -5995 274 16
14876 1358 6540 -5045 447 -38
14726 2277 6757 -4473 409 -193
14461 3102 6941 -4487 105 -287
14307 3519 7099 -4682 -397 -389
14316 3564 7360 -4931 -800 -271
14146 3251 7452 -5234 -1063 -242
14086 2488 7474 -5829 -1416 -117
14104 1653 7449 -6054 -1510 -104
14329 1169 7703 -5847 -1277 -119
14435 1266 7874 -5226 -852 -144
14328 1818 7723 -4820 -470 -306
13962 2200 7432 -4576 -355 -500
13825 2717 7478 -4478 -454 -588
13842 2824 7448 -4794 -742 -426
13811 2030 7280 -5297 -1313 -127
14107 1372 7288 -5017 -1580 -251
14528 1022 7389 -4422 -1652 -447
14772 1330 7441 -3842 -1406 -633
14820 1593 7386 -3835 -1095 -636
14629 1686 7212 -4139 -1133 -514
14497 1404 7124 -4443 -1313 -472
14612 1241 7245 -4533 -1544 -452
14813 1226 7465 -4874 -1521 -480
15022 1065 7400 -5294 -1348 -499
15044 670 7202 -5382 -1200 -574
15112 557 7229 -5408 -900 -587
15177 508 6979 -5198 -355 -677
15118 409 6789 -4799 -79 -571
15048 158 6680 -4348 -30 -538
15069 161 6605 -3878 234 -586
15034 197 6432 -3218 474 -501
15209 637 6540 -2793 451 -198
15274 590 6518 -2548 519 -150
15276 784 6516 -2375 598 -259
15377 324 6626 -1704 798 -378
15389 28 6913 -1024 1254 -608
15412 172 6856 -604 1761 -637
15158 258 6790 -283 2045 -552
14951 739 6740 -469 1827 -232
14940 1029 6930 -772 1458 88
14921 1113 7037 -860 1256 119
15020 982 6952 -753 1101 14
14904 613 7197 -287 1117 -175
14893 681 7164 -52 1325 -311
14792 588 6996 -70 1287 -422
14678 466 6877 -211 1205 -286
14610 438 6893 -468 1045 -90
14740 779 7198 -792 1142 149
14818 916 7308 -881 1180 245
14888 814 7269 -150 889 66
15094 1020 7325 685 729 -99
15015 1068 7221 716 597 -25
14814 1019 6750 481 445 199
14568 1064 6476 263 208 362
14540 1020 6239 -57 -155 542
14702 1122 6381 -231 -524 693
14861 1146 6461 -262 -600 775
14966 1038 6522 -138 -624 862
14899 1089 6620 45 -377 924
14765 1370 6596 41 -302 1003
14684 1464 6550 33 -525 1010
14706 1249 6624 149 -735 904
14772 902 6738 732 -814 839
14938 993 6732 1189 -607 881
14930 1253 6630 1327 -398 937
14964 1893 6710 1226 -228 1132
15061 2249 6682 922 -19 1244
14974 2322 6910 695 80 1341
14927 2001 7022 374 65 1441
14548 1036 6730 345 -352 1261
14129 336 6352 707 -685 974
13984 132 6152 1030 -888 744
14220 243 6197 1197 -999 692
14408 417 6445 1235 -1008 582
14626 764 6724 1087 -1024 636
14784 1138 6962 954 -1040 732
14886 1578 7138 636 -1094 854
15012 1685 7216 564 -1113 964
15197 1670 7396 450 -924 894
15292 1327 7276 195 -614 900
15241 905 6981 159 -250 754
15060 602 6798 306 87 648
14932 632 6647 257 247 594
14975 736 6389 329 177 498
14936 879 6283 34 67 542
14878 724 6268 -476 -124 504
14869 548 6259 -711 -295 483
14946 845 6214 -807 -443 413
15104 1236 6201 -873 -548 429
15191 1361 6377 -1063 -403 524
15163 1114 6202 -1386 -287 669
15160 648 6170 -1542 -258 756
15102 348 6140 -1520 -225 822
15158 74 6140 -1298 -281 762
15347 -190 6426 -1260 -250 923
15326 -424 6403 -867 -84 873
15277 -428 6416 -440 25 791
15340 -314 6538 -264 -52 794
15310 -43 6493 -67 -117 799
15389 356 6474 -6 -147 869
15349 539 6211 -128 -340 768
15259 393 5932 -211 -651 825
15209 294 5742 -150 -897 831
15160 298 5774 -157 -1165 862
15314 137 5792 57 -1398 769
15450 181 6002 341 -1390 673
15552 309 6220 417 -1099 724
15492 558 6346 359 -881 779
15416 678 6194 357 -706 821
15325 313 6027 482 -684 817
15338 217 6067 608 -560 877
15234 -4 5951 724 -472 970
15172 -220 5806 846 -388 1045
15122 -157 5805 944 -286 1166
15177 222 5652 1028 -132 1237
15042 566 5621 984 11 1166
14937 678 5573 577 -158 1286
14954 670 5485 200 -343 1327
14945 405 5389 154 -547 1209
14977 164 5384 251 -691 1115
14886 -170 5352 401 -781 1048
14950 -386 5400 709 -827 1026
15069 -230 5386 1015 -686 1008
15152 -81 5557 1077 -526 952