3906 17874 5863 -2524 -3656 -5615
3756 18048 5766 -2933 -3737 -5993
3454 18362 5620 -2239 -3871 -6177
2823 18400 5252 -2172 -3642 -6130
2172 17638 4890 -2387 -3876 -5934
2355 16966 4548 -1807 -3801 -5917
2467 17024 4490 -315 -3052 -5957
2302 17698 4544 254 -2638 -5747
2092 18360 4636 -420 -2633 -5202
2223 18716 4613 -1015 -2316 -4261
2404 18672 4805 -1800 -1791 -3909
2185 17866 4716 -2264 -1993 -4458
2004 17844 4294 -1710 -2299 -5086
1878 18481 3728 -1426 -2581 -5641
1298 18984 3076 -1272 -3210 -6313
1003 18863 2714 -286 -3814 -6930
901 18542 3014 1222 -4201 -7465
839 19186 3819 2239 -4948 -7874
853 20413 4581 1882 -5669 -7808
1060 20610 4972 1216 -5911 -7652
952 20480 5271 209 -5778 -7202
1034 19955 5390 -1378 -5173 -6794
989 18596 5158 -2021 -4945 -6639
844 17339 4592 -1221 -5220 -7063
418 16785 4064 241 -5581 -7487
332 16903 3851 1154 -5966 -7555
426 16924 3856 1739 -6400 -7589
504 17040 4069 1905 -6835 -7439
880 17321 4492 1737 -7458 -7340
1058 17144 4858 1413 -7762 -7275
1237 16985 4882 1270 -7569 -7099
1172 17501 4810 1304 -7191 -7082
698 17698 4437 807 -7159 -7305
407 17733 4171 719 -7324 -7727
348 17686 4240 586 -7618 -8056
202 17704 4271 1031 -7727 -8319
226 18184 4957 774 -7659 -8143
136 18672 5409 30 -7534 -7677
30 18746 5888 -1179 -7224 -7235
-142 19102 6143 -2399 -6827 -6832
-550 19102 6046 -2133 -6824 -7092
-985 18852 5717 -1346 -6886 -7537
-1302 18456 5576 -822 -7148 -7675
-1618 17880 5510 -412 -7534 -7678
-1669 18085 5744 -152 -7940 -7400
-1357 18168 6388 -534 -8129 -6692
-1158 18550 6908 -788 -7946 -6140
-833 18993 7667 -1240 -7399 -5757
-1224 19848 7968 -2045 -7011 -5897
-1774 19524 7580 -2242 -7153 -6254
-2261 18595 7257 -2304 -7368 -6386
-2284 17892 7242 -2610 -7560 -6126
-2042 17512 7021 -2542 -7406 -5594
-2162 17690 7301 -2388 -7288 -5223
-2085 18898 7665 -3310 -7374 -4943
-2112 19242 7916 -4543 -8017 -5030
-2120 18141 7481 -4261 -8114 -5592
-2369 17196 6862 -3021 -7742 -6249
-3165 17229 6558 -2201 -7327 -6809
-3828 17814 6185 -1999 -7466 -7299
-3880 18520 6062 -1896 -7837 -7743
-3394 18782 6153 -2079 -8155 -8049
-3185 18042 6208 -1944 -8388 -8152
-2776 17444 6032 -1125 -8169 -8296
-3056 16960 5901 468 -7856 -8404
-2935 17109 6296 1992 -7533 -8198
-2625 17355 6869 1282 -6931 -6898
-2678 16511 6940 -697 -6014 -5042
-3103 16192 6675 -1770 -5417 -3787
-3889 16912 6110 -1479 -5659 -3802
-4642 16962 5653 -1167 -6423 -3772
-5081 16405 5493 -767 -6979 -3808
-5434 15869 5504 -184 -7472 -3912
-5338 16009 5892 739 -7521 -4289
-5232 16810 6282 2080 -7247 -4983
-4978 17259 6460 3220 -6745 -5327
-5401 17127 6485 4105 -6301 -5571
-5655 16792 6265 4769 -5970 -5382
-5144 17387 6570 4895 -5410 -4561
-4606 18110 6670 4155 -4685 -3770
-4312 18620 6422 2825 -4028 -3001
-4558 18130 5524 1843 -3665 -2465
-4830 17025 4974 1851 -3288 -2232
-4641 16548 4913 1901 -2657 -1797
-4088 16348 5182 1884 -2215 -1432
-3835 16379 5522 1600 -1404 -926
-3452 16530 5838 815 85 -353
-3822 16633 5630 -309 1315 131
-4481 16530 5342 -1220 2078 507
-5529 15616 4405 -1853 2665 623
-5793 15866 4646 -2263 3041 629
-5932 16553 5384 -2563 3181 521
-6180 16908 5664 -2526 3503 363
-6740 16972 5872 -2266 3647 167
-7277 16560 5963 -1781 3968 -154
-8049 16548 6006 -1414 4157 -420
-8197 16777 5785 -1149 4151 -495
-8319 16495 5789 -728 4118 -328
-8188 16412 6212 -332 4378 -55
-7904 16733 6654 -184 4967 84
-7994 17201 6652 -170 5779 75
-8478 17733 6322 47 6446 -371
-9186 18364 6016 -32 6478 -605
-9934 18608 5549 -754 5822 -866
-10071 18092 5354 -1557 4958 -1242
-9867 18014 5428 -1535 4404 -1829
-8958 18078 6195 -1611 3910 -2054
-8214 17974 6897 -2240 3795 -1755
-7869 17334 7290 -3008 3815 -1081
-7505 16868 7584 -3675 4164 -355
-7137 17026 7948 -4523 4804 383
-6909 17024 7932 -4863 5216 658
-7063 17165 7801 -4427 5458 473
-7681 17118 7325 -4094 5262 100
-8090 16658 7034 -3179 4545 -672
-7807 15962 7419 -2161 3439 -1453
-7210 15625 7744 -1029 3181 -2003
-6886 15809 8077 -310 3010 -2128
-6666 15932 8342 194 2961 -2193
-6410 16202 8282 513 2961 -2285
-6586 16196 8160 696 3032 -2530
-6656 16264 8057 926 3060 -2894
-6882 16130 7854 1126 2917 -3116
-6980 15890 7622 1347 2896 -3263
-6966 15925 7633 1227 2869 -3202
-6854 15778 7553 583 2784 -2735
-6806 15612 7326 49 2942 -2258
-6726 15809 7345 -436 3011 -1966
-6592 16134 7272 -1028 3161 -1597
-6709 16294 7086 -1521 3174 -1171
-6705 16153 6571 -1927 3149 -1083
-7085 15770 6160 -1490 2998 -1394
-7416 15702 5978 -1018 2450 -1644
-7524 15512 6000 -1071 2026 -1500
-7388 15429 6234 -988 1840 -1355
-7256 15728 6434 -1092 1785 -1153
-7245 15762 6393 -1457 1740 -880
-7304 15491 6231 -1361 1676 -647
-7754 15676 5978 -998 1535 -496
-7951 15921 6044 -677 1067 -350
-7936 16311 5990 -206 854 -526
-7906 16572 5926 -13 749 -737
-8677 15925 6609 863 57 -952
-10712 21162 6036 -1127 -1290 2567
-6287 18307 5814 10 -736 264
-7420 18862 5773 832 -1322 498
-7629 14688 6405 1361 -705 210
-7829 16630 5736 949 -562 858
-7482 15940 6433 1007 -249 763
-7238 18014 6125 -256 -73 696
-7180 16912 6331 -470 -205 682
-7123 16203 6291 -990 -199 914
-6999 16410 6256 -1156 -102 627
-7022 15820 6448 -977 -10 503
-7049 15663 6709 -889 284 330
-7131 16078 6972 -1235 583 618
-7444 15872 6789 -1985 571 809
-7809 15254 6780 -2119 558 716
-7884 15148 6702 -2000 525 581
-7810 15343 6788 -1850 527 566
-7992 15873 6834 -1575 421 25
-7867 16496 6915 -1806 257 -410
-7496 16248 7034 -2303 91 -583
-6977 14960 7013 -2300 3 -607
-6842 14320 7157 -2437 195 -386
-7088 14072 7681 -2028 89 85
-6912 16429 7872 -2996 314 1741
-6393 14265 7800 -2263 788 1079
-5905 15472 7841 -856 1097 521
-6313 17946 7892 -1802 1035 992
-7062 17420 7390 -3530 963 1650
-6556 16138 7373 -2802 1043 1515
-6984 15776 7354 -2059 1089 836
-7025 15899 7082 -1533 1458 413
-7028 15986 7088 -1788 1658 310
-6773 15510 7175 -1702 1938 271
-6213 15304 7080 -1688 2898 25
-6148 14914 7254 -1557 4152 -656
-6396 15316 7601 -1263 4506 -1710
-6909 14428 7849 -512 3772 -2606
-7173 14636 7374 510 4233 -2591
-7274 16511 7562 41 4917 -1905
-7976 17881 7526 -1955 5485 -1555
-7526 14230 6740 -3735 7908 -3615
-10984 12526 7686 2221 6556 -4428
-11917 17629 8029 2962 3957 -4068
-11385 15857 9694 -1438 2996 -5834
-11984 14426 8678 -89 3091 -6282
-13347 13692 8156 2182 3454 -6974
-14172 15149 6978 3636 3243 -7153
-14752 14760 6593 4136 1709 -6698
-14641 14316 5945 3901 227 -5895
-14498 14414 5969 3215 -612 -4942
-14512 14404 6192 2209 -1296 -4576
-13424 14542 6210 361 -1438 -4020
-12188 14034 6741 -2486 -797 -3756
-11637 13136 7169 -4166 177 -3307
-11338 12217 7150 -5193 740 -2677
-11492 12032 7017 -5507 658 -1898
-11782 12294 7048 -5321 -116 -1202