-4628 9534 10014 -3210 18667 -9021
-4760 9925 10089 -4509 17819 -9813
-5165 9640 9324 -6514 16165 -10410
-4760 7985 8232 -7394 13267 -10829
-4656 6910 7370 -8268 12961 -12316
-5065 6045 6428 -7099 11521 -13234
-4985 5246 5482 -4426 10450 -13821
-5129 4433 4797 -893 9220 -14604
-5586 3930 4512 3286 8546 -15292
-6210 5256 4714 7005 8994 -16465
-7197 8938 5062 8974 10566 -18276
-7820 11909 4890 8527 12675 -20377
-8448 13626 4620 5884 14578 -22892
-9010 14368 3788 1221 16077 -25603
-9527 13679 2821 -2848 16744 -27646
-10201 13361 1940 -3987 17567 -28045
-10938 13549 1017 -2953 18389 -27550
-11789 12925 639 -1599 19431 -26654
-12917 13890 744 -740 20840 -25659
-14336 14419 674 -2102 21786 -24928
-15374 14083 316 -5330 22271 -24203
-16308 13656 -174 -8904 22494 -23023
-17588 12769 -937 -9838 22678 -21559
-18482 11266 -1183 -7966 23230 -19983
-19602 11001 -1165 -5636 23942 -18686
-20574 11029 -1130 -3815 24417 -17741
-21734 11212 -912 -2463 24664 -16950
-22766 11516 -586 -2204 24633 -16658
-23305 11718 -361 -2393 24778 -16560
-23640 11868 -130 -2727 25123 -16525
-23772 12307 361 -3487 25596 -16421
-23605 12709 634 -4896 25819 -16366
-23294 13090 641 -6548 25579 -16248
-22667 13282 204 -8931 24491 -15841
-21786 13069 -373 -11055 22883 -15057
-21562 12802 -850 -12124 21332 -14083
-20786 12209 -1424 -13132 19245 -12473
-20201 11260 -2018 -13923 16452 -10240
-19750 10542 -2398 -14079 14027 -8443
-19596 9744 -2665 -13968 10983 -5719
-19342 8598 -2916 -13321 7478 -2962
-19174 8250 -3120 -12022 4490 -137
-19189 7533 -3208 -10128 1296 2689
-19237 7253 -3072 -8090 -1561 5379
-19185 6970 -2758 -6288 -3453 7466
-19238 6958 -2500 -5069 -4440 8733
-19187 6834 -2089 -3770 -5139 10045
-19008 6626 -1750 -2693 -5451 10938
-18641 6679 -1510 -2219 -5661 11544
-18306 6513 -1127 -2173 -5686 11759
-17948 6145 -534 -2135 -5361 11559
-16897 6020 794 -2549 -4529 9673
-17118 7417 1449 -5077 -3237 7884
-16818 4702 4285 -11032 -5829 2111
-18128 -5210 -1906 -14323 -5359 -6085
-17424 -4144 -728 -17547 -1334 -10883
-16048 846 -3214 -20522 4087 -12592
-15257 1726 -3082 -20069 7093 -10898
-14702 2222 -4301 -15834 7649 -7798
-15220 1568 -3838 -10345 6294 -5926
-15208 2184 -3876 -6081 4514 -4114
-15660 3600 -3708 -1659 2325 -1997
-16133 5244 -3948 2117 592 437
-16389 5538 -3950 4192 -262 1652
-16724 5734 -4170 5784 -710 2433
-16680 6154 -4113 6365 -798 2700
-16404 7178 -4145 5665 -865 2756
-16126 7605 -4165 3843 -953 2390
-15785 7734 -4247 1772 -1122 1724
-15454 7703 -4258 33 -1462 997
-15236 7502 -4293 -1012 -1620 256
-15077 7218 -4344 -1389 -1579 -302
-14925 6997 -4406 -1518 -1566 -810
-14800 6793 -4606 -1270 -1499 -1200
-14813 6545 -4769 -750 -1303 -1703
-14794 6478 -4908 -293 -1193 -1978
-14883 6511 -5096 559 -938 -2289
-15139 6782 -5043 1048 -796 -2551
-15302 7042 -5129 1167 -985 -2547
-15442 7274 -5366 1109 -1034 -2714
-15502 7466 -5400 937 -1142 -2804
-15472 7494 -5658 777 -1162 -2840
-15357 7604 -5657 474 -1096 -2707
-15318 7646 -5566 -135 -1092 -2245
-15304 7648 -5590 -651 -1183 -1811
-15337 7370 -5616 -1064 -1224 -1324
-15409 7213 -5638 -1204 -1270 -700
-15378 6973 -5549 -925 -1215 -77
-15349 6778 -5394 -567 -1231 482
-15345 6581 -5360 -265 -1313 1006
-15237 6293 -5213 181 -1395 1529
-15317 6165 -5102 669 -1446 1888
-15453 6148 -5100 1102 -1537 2156
-15449 6230 -4986 1373 -1516 2313
-15432 6301 -4756 1352 -1454 2371
-15474 6313 -4654 1243 -1324 2372
-15384 6180 -4560 1154 -1084 2405
-15197 5984 -4421 984 -854 2381
-15134 5610 -4404 940 -618 2331
-15109 5497 -4249 838 -397 2271
-15128 5598 -4021 529 -301 2104
-15173 5149 -3641 436 -253 1883
-15290 5054 -3505 156 -289 1806
-15365 4916 -3472 -106 -203 1732
-15572 4940 -3425 -9 -150 1588
-15901 4652 -3030 395 -132 1348
-16196 4481 -2298 544 -40 1254
-16764 5190 -1806 16 -657 928
-16934 3457 -1394 322 -1649 -153
-17276 3522 -1213 751 -2273 -278
-17084 3952 -1137 1196 -2560 -290
-17166 3881 -928 1572 -2704 -236
-17120 4293 -865 1504 -3089 -168
-17053 4168 -1109 1327 -3337 -374
-17105 4246 -1312 1052 -3666 -571
-17097 4362 -1557 596 -3835 -825
-17113 4258 -1690 242 -3711 -1084
-16980 4416 -1721 16 -3426 -1163
-16992 4572 -1704 -94 -2927 -1170
-16873 4718 -1554 -248 -2364 -1178
-16866 4800 -1445 -472 -1838 -1158
-16662 4814 -1309 -738 -1300 -1103
-16605 4828 -1354 -998 -851 -1085
-16608 4693 -1389 -977 -392 -1026
-16530 4756 -1396 -942 -15 -1008
-16624 4754 -1348 -974 141 -1072
-16621 4757 -1278 -1086 164 -1152
-16596 4776 -1358 -1099 71 -1184
-16545 4856 -1376 -1039 15 -1205
-16452 4925 -1344 -904 -66 -1183
-16388 5070 -1326 -739 -89 -1099
-16349 5077 -1400 -535 -158 -1019
-16313 5097 -1493 -328 -229 -898
-16284 5122 -1502 -172 -413 -760
-16385 5198 -1436 -82 -622 -610
-16398 5236 -1452 82 -856 -390
-16442 5265 -1326 283 -1164 -213
-16497 5232 -1266 560 -1284 -85
-16530 5321 -1336 705 -1411 -57
-16570 5230 -1424 816 -1545 33
-16613 5168 -1526 841 -1794 147
-16528 5044 -1669 1010 -2096 335
-16445 4988 -1857 1226 -2383 573
-16286 4945 -1948 1471 -2630 832
-16276 4822 -2073 1702 -2845 1115
-16177 4757 -2177 1963 -3017 1369
-16201 4694 -2205 2299 -3164 1569
-16201 4720 -2154 2594 -3237 1680
-16133 4797 -2198 2767 -3258 1690
-16054 4848 -2116 2839 -3239 1600
-15840 4722 -2024 2842 -3091 1488
-15666 4829 -1984 2895 -2786 1309
-15600 5060 -1710 2731 -2264 956
-15570 5245 -1469 2359 -1703 557
-15598 5602 -1326 1785 -1162 170
-15496 5778 -1282 1100 -613 -349
-15586 5916 -1128 240 -170 -816
-15662 5944 -1170 -679 145 -1128
-15689 5696 -1166 -1392 272 -1295
-15708 5386 -1309 -1675 404 -1283
-15721 5290 -1297 -1731 538 -1174
-15812 5093 -1176 -1645 610 -1031
-15945 4934 -1097 -1345 592 -819
-16025 4849 -870 -928 556 -637
-16212 4847 -793 -434 412 -457
-16359 4723 -785 219 99 -215
-16601 4696 -832 806 -417 53
-16826 4652 -1050 1346 -1069 303
-16958 4515 -1173 1930 -1836 683
-16928 4229 -1417 2740 -2650 1168
-16840 4031 -1552 3813 -3255 1580
-16695 4073 -1645 4886 -3652 1890
-16645 4220 -1688 5673 -3729 2128
-16574 4366 -1508 5969 -3485 2266
-16585 4509 -1444 5955 -3133 2298
-16660 4664 -1270 5583 -2839 2204
-16694 4621 -1061 5016 -2625 1948
-16745 4704 -761 3917 -2649 1658
-16601 3972 -794 3116 -2680 1147
-16429 3546 -788 2824 -2712 915
-16502 3022 -756 3045 -2583 739
-16607 2656 -609 3703 -2516 766
-16626 2504 -517 4653 -2727 832
-16661 2424 -342 5586 -3001 876
-16694 2356 -354 6571 -3283 911
-16620 2490 -361 7724 -3426 973
-16648 2722 -378 8648 -3472 1060
-16638 2993 -373 9317 -3362 1050
-16602 3266 -490 9807 -3223 1098
-16644 3478 -649 10150 -3149 1169
-16566 3618 -686 10338 -3140 1204
-16440 3761 -894 10595 -3229 1291
-16344 3793 -882 10981 -3297 1413
-16186 3880 -806 11517 -3317 1534
-16009 3958 -710 12273 -3251 1735
-15880 4081 -621 13053 -3027 1820
-15810 4334 -496 13767 -2865 1701
-15785 4700 -446 14266 -2686 1582
-15732 5024 -220 14456 -2554 1271
-15717 5329 -228 14284 -2414 857