-16618 9879 1036 5612 -818 -1854
-17937 9944 1036 6082 -716 -2065
-19316 9904 1002 6596 -523 -2409
-22130 9638 1002 7249 -664 -3056
-24473 9218 753 8360 -1459 -3945
-24678 9504 112 9558 -2343 -4619
-23566 10204 -576 11138 -2886 -5524
-21769 10896 -976 12538 -2782 -6115
-19720 11561 -1068 13693 -1961 -5382
-18337 12254 -626 13680 -792 -3357
-17016 12885 408 12009 1238 -1471
-16325 13201 1833 8001 3835 312
-15728 12202 3694 2764 6407 1751
-16389 7518 6297 -420 7673 2685
-18806 5106 10802 -1465 3777 1440
-17352 1073 12445 -3456 160 428
-15869 -1530 13097 -1520 -837 -137
-17037 -3065 13577 1279 -2729 -743
-16812 -4058 14276 2894 -5643 -2088
-15853 -2937 12620 2094 -6913 -3743
-14821 -2752 10452 1737 -6754 -4189
-14608 -1560 8200 2957 -6081 -4110
-14337 485 6212 4615 -5433 -3489
-14228 3532 4793 5733 -4597 -2960
-14806 4097 4046 6826 -4025 -3143
-14813 5770 3738 7553 -3838 -3003
-15373 7557 3822 6925 -3317 -3146
-15646 8764 3970 5821 -2785 -2919
-16017 9366 4040 4146 -2236 -2563
-16000 9294 3924 2580 -1843 -2457
-15945 8976 3714 1362 -1423 -2342
-15582 8729 3452 605 -1179 -2031
-15344 8704 3306 -22 -1023 -1652
-15088 8509 3372 -580 -1117 -1423
-14708 7988 3436 -1023 -1245 -1318
-14407 7492 3674 -1323 -1214 -1123
-14132 6981 3965 -1589 -717 -911
-14068 6756 4192 -1713 -376 -795
-14032 6280 4379 -1990 290 -824
-14268 5517 4682 -2182 933 -831
-14592 4763 4892 -2521 721 -1350
-14780 4101 5076 -2354 326 -1716
-14921 3594 5186 -1627 154 -2140
-15213 3294 5232 -481 166 -2593
-15381 3353 5044 696 255 -2631
-15574 3408 5006 1573 249 -2654
-15717 3514 4765 2164 214 -2851
-15849 3738 4345 2747 -78 -3158
-15893 4284 3936 3526 -103 -3422
-15824 4917 3637 4001 88 -3346
-15608 5524 3469 4249 459 -3260
-15504 5990 3302 4243 748 -3209
-15348 6473 3078 4164 1068 -3191
-15049 7104 2933 3965 1373 -2740
-14748 7585 3073 3715 1877 -2026
-14579 8047 3073 3270 2522 -1194
-14352 8282 3170 2624 3089 -458
-14248 8498 3386 1453 3474 329
-14047 8614 3519 -241 3903 1037
-13928 8358 3390 -1330 4328 1393
-13603 8219 3386 -2237 4805 1710
-13396 8066 3171 -3537 5559 2053
-13569 7846 2842 -4325 6448 2340
-14216 7666 2537 -4012 7246 2798
-16030 7964 2464 -2822 7721 3066
-18145 8400 3049 -2699 7831 3015
-19470 8608 3562 -3788 7325 2827
-20144 9570 4044 -6247 6011 3115
-19623 8048 3452 -7516 5028 1762
-18518 6428 2619 -9790 2116 -251
-16712 5254 1425 -11041 917 -1462
-15693 4388 490 -12167 1145 -2016
-14797 3644 -321 -12908 1960 -2678
-14321 2940 -864 -12690 3071 -2879
-14383 2246 -814 -11174 4256 -1902
-15426 1889 -217 -6779 5636 601
-16520 2393 453 -2755 6498 1770
-17293 3549 1095 -1172 6681 3375
-17920 4958 1352 -1690 5739 5696
-18280 4763 868 -1088 3079 4568
-17909 5100 60 664 -97 2720
-17234 6153 -648 1635 -1613 1736
-16326 7278 -1668 1894 -1834 1175
-15724 7912 -2408 1952 -1510 891
-15626 8075 -2675 1774 -1034 813
-15534 8195 -2434 1060 17 729
-15684 7893 -1814 -3 866 398
-15909 7076 -871 -1181 1219 202
-15885 5781 232 -2160 810 243
-15914 4056 966 -1823 151 34
-16064 3040 985 -689 -701 305
-16280 3128 436 555 -1759 1002
-16618 3848 -305 1923 -2524 1659
-17389 4876 -1324 3978 -3313 1874
-17837 6045 -1853 6494 -4180 1961
-17622 7272 -2126 7913 -4538 2124
-17216 8153 -2195 8920 -4930 2098
-16865 8791 -1753 9068 -5849 2685
-16598 8492 -1400 8406 -6845 2992
-16086 7143 -1001 7666 -7453 2570
-15450 5194 -481 7663 -7055 1783
-15428 3909 296 8668 -6029 1055
-15828 3074 940 10477 -5081 219
-16265 3168 1656 12337 -4574 -394
-16742 4157 2488 14929 -4441 -973
-17153 5520 3339 16877 -4641 -971
-17224 6402 3814 17808 -5114 -822
-17058 6788 4152 18554 -5203 -841
-16864 7324 4473 18987 -5334 -1002
-16444 8458 4611 18687 -5209 -1494
-16407 9337 4533 16691 -5335 -1912
-16205 9218 4120 14454 -5783 -1796
-16061 8128 3273 13257 -6613 -1493
-15569 6885 2404 13510 -7379 -918
-14915 5757 1854 15021 -7261 -993
-14112 5925 1938 16186 -5505 -1976
-14029 6865 2100 14977 -3684 -2733
-13932 7692 1985 11911 -2536 -2872
-13718 8072 1758 9259 -1701 -2774
-13936 8384 1892 3552 -755 -3665
-13886 8497 1257 -2959 274 -4981
-13869 7850 845 -7855 1374 -6113
-14017 6808 671 -11774 2065 -7600
-14431 5625 1044 -12908 2367 -9229
-14581 4401 1829 -11321 3450 -10173
-15352 4470 2666 -9390 4643 -10069
-18001 5770 3838 -8158 4984 -9809
-20731 6494 5174 -7949 4110 -9304
-21288 5642 4825 -7103 2225 -8519
-20966 4608 4061 -4486 -562 -7877
-19580 3695 3318 1081 -3679 -7320
-18668 3432 2816 6100 -5960 -6480
-16930 3561 2645 10355 -6755 -5059
-15511 4137 2844 13060 -6196 -3919
-14724 5017 3452 12513 -4910 -3305
-14412 5542 3968 9738 -3548 -3251
-14524 5968 4226 6820 -2768 -3233
-14926 5976 4096 3139 -2416 -3281
-15294 5413 3528 -580 -2761 -3114
-15510 4554 3031 -1661 -3109 -2265
-15697 3701 2994 -1175 -3772 -1606
-15761 3560 3245 -639 -4280 -1388
-15654 3377 3458 -620 -4583 -1371
-15581 2943 3466 -313 -4748 -1250
-15661 3170 3202 851 -4809 -1251
-15833 3830 3085 1474 -5251 -816
-16162 4249 2977 1520 -5725 -206
-16509 4593 3028 1460 -6679 420
-16717 4869 3074 1591 -7706 1031
-16640 4897 3196 1672 -8325 1850
-16470 4501 3052 2251 -8462 2670
-16838 4214 3092 2992 -8550 3291
-16689 3916 3274 3335 -8382 3150
-16700 4134 3569 2840 -7848 2571
-16609 4343 3640 1759 -7483 2285
-16223 4733 3758 754 -6857 2450
-15884 5137 3835 18 -5788 2684
-15797 5390 4298 -953 -4981 3263
-15628 5238 4626 -1954 -4605 3637
-15271 4978 5070 -3041 -4041 3649
-15217 5070 5853 -4988 -3429 3483
-14810 4710 6297 -6809 -2985 3337
-14926 4246 6316 -6827 -2408 3191
-15046 4184 6462 -6157 -2183 2956
-15381 4378 6696 -5138 -2250 2836
-16012 4669 7016 -4172 -2891 3130
-15470 4226 7228 -3384 -3307 3121
-15983 4239 7216 -2199 -3640 3262
-15857 4298 7453 -1142 -4203 3187
-15754 4104 7322 -23 -4411 3064
-16028 4360 7299 939 -4786 2899
-15557 4471 7238 1816 -5251 2895
-15508 4929 7106 2176 -5035 3005
-15490 5339 7287 1532 -5222 3584
-14997 5116 7262 711 -5264 3941
-14981 5006 7397 -192 -5329 4273
-14403 4558 7572 -743 -4977 4219
-14557 4844 7838 -1046 -4484 4064
-14101 5052 8039 -1280 -4203 4192
-14044 5505 8299 -972 -3682 3980
-13974 5800 8536 -1000 -4059 4112
-14106 5400 8510 -490 -4377 4024
-14321 5456 8656 -52 -5357 4188
-14125 5417 8446 546 -6084 3828
-14060 5354 8344 832 -6599 3562
-13470 5256 8140 1260 -6099 3439
-13049 5724 8237 1462 -5336 2875
-12852 5944 8240 1315 -4564 2289
-13132 6361 8639 937 -3601 2040
-13637 6757 8932 433 -3266 2647
-13549 7225 9198 7 -3498 3404
-13128 6664 9188 192 -3475 3459
-13233 6584 9281 739 -3212 3466
-13216 6764 9453 920 -3071 3582
-12917 6544 9406 1206 -2519 3327
-12936 6660 9391 1323 -2251 2968
-13049 7214 9753 1333 -2016 2965
-12654 7380 9786 1246 -1792 3018
-12636 7552 9744 1076 -1614 2521
-12570 7394 9748 956 -1228 1748