-2838 16337 8965 -329 685 391
-2897 16288 8849 -376 614 423
-2970 16252 8770 -323 534 367
-3040 16217 8625 -194 446 351
-3008 16200 8644 -58 379 321
-2980 16168 8730 60 280 278
-2916 16226 8792 82 205 261
-2881 16392 8929 1 230 254
-2840 16498 9013 -148 226 248
-2859 16503 9039 -279 262 204
-2904 16474 8888 -321 229 196
-2949 16380 8733 -321 137 146
-2938 16353 8721 -262 52 119
-2914 16289 8664 -190 -7 84
-2893 16234 8657 -114 -46 43
-2848 16414 8658 -127 -104 5
-2782 16432 8710 -128 -191 -21
-2811 16415 8723 -141 -239 -32
-2825 16381 8763 -87 -325 -62
-2863 16324 8765 -24 -399 -90
-2917 16268 8777 -3 -480 -108
-2825 16310 8868 93 -548 -163
-2708 16445 8859 125 -644 -168
-2621 16397 8973 91 -581 -174
-2552 16348 9078 33 -571 -142
-2516 16306 9073 -53 -557 -89
-2540 16353 9000 -68 -498 -48
-2657 16389 8841 -56 -503 -76
-2697 16449 8734 32 -500 -59
-2812 16520 8682 6 -519 -69
-2811 16508 8663 25 -496 -89
-2774 16435 8717 19 -503 -129
-2716 16338 8770 63 -501 -149
-2698 16287 8828 54 -508 -153
-2542 16215 8927 139 -458 -168
-2368 16189 9009 198 -445 -179
-2286 16253 9094 163 -449 -153
-2316 16178 9146 194 -415 -192
-2349 16248 9136 202 -374 -153
-2501 16322 9004 159 -378 -159
-2695 16371 8942 160 -451 -221
-2762 16427 8922 184 -488 -285
-2911 16438 8932 211 -463 -369
-2807 16535 9122 257 -394 -496
-2526 16568 9306 243 -345 -594
-2387 16622 9480 117 -327 -636
-2282 16387 9568 42 -260 -673
-2277 16172 9685 -20 -183 -730
-2358 16104 9776 -163 -131 -746
-2486 16032 9742 -264 -62 -793
-2578 15951 9734 -358 -1 -910
-2556 15957 9705 -389 138 -1010
-2476 16112 9781 -495 246 -1061
-2430 16220 9816 -614 356 -1072
-2390 16433 9914 -821 497 -1098
-2512 16668 10020 -999 600 -1054
-2602 16788 10086 -1280 682 -983
-2700 16910 9921 -1653 882 -955
-2800 17064 9792 -1988 959 -970
-2802 17037 9714 -2203 974 -1084
-2819 16904 9654 -2363 1062 -1165
-2708 16750 9512 -2437 1185 -1264
-2388 16611 9499 -2438 1333 -1408
-2104 16234 9435 -2415 1531 -1399
-2066 15934 9373 -2364 1675 -1240
-2121 15660 9401 -2312 1693 -1004
-2201 15481 9452 -2328 1594 -840
-2224 15405 9447 -2328 1502 -658
-2220 15326 9474 -2247 1440 -474
-2229 15300 9158 -2030 1355 -164
-2240 15438 9098 -1821 1191 202
-2267 15361 9025 -1596 1069 465
-2454 15371 9089 -1232 950 734
-2556 15531 9188 -924 908 920
-2542 15792 9415 -784 912 1014
-2526 15950 9578 -705 971 1113
-2621 16017 9712 -683 1163 1144
-2531 16083 9875 -759 1357 1218
-2513 16093 9836 -841 1513 1242
-2494 15984 9658 -825 1647 1274
-2570 15992 9552 -776 1847 1303
-2665 15948 9298 -699 2007 1370
-2716 16068 9200 -714 2079 1459
-2844 16064 9085 -716 2052 1576
-2824 16036 9009 -658 1996 1652
-2860 16040 9024 -548 1976 1733
-2869 16034 8982 -407 2011 1724
-2966 16234 9032 -354 1964 1853
-2889 16082 9231 -330 1990 1860
-2921 16105 9350 -234 1958 1838
-2887 16097 9460 -261 1750 1832
-2797 16144 9596 -237 1671 1816
-2644 16300 9688 -252 1710 1818
-2524 16457 9714 -355 1755 1788
-2482 16436 9769 -473 1753 1763
-2492 16392 9809 -508 1731 1749
-2558 16401 9757 -512 1762 1749
-2594 16471 9704 -512 1805 1744
-2663 16529 9613 -517 1846 1648
-2712 16580 9382 -504 1858 1570
-2752 16556 9238 -424 1874 1430
-2891 16472 9201 -358 1945 1294
-3062 16322 9306 -288 2044 1160
-3196 16132 9176 -334 2108 1071
-3344 15997 9233 -358 2027 982
-3496 15884 8965 -231 1873 801
-3592 15882 8853 -231 1565 636
-3584 15822 8704 -128 1487 580
-3459 15776 8606 3 1342 427
-3421 15814 8593 132 1224 322
-3345 15854 8676 229 1141 226
-3348 15894 8780 259 900 71
-3290 15935 8928 273 708 -55
-3228 16021 9049 184 629 -136
-3240 16011 9054 22 596 -167
-3220 15934 9061 -37 618 -246
-3281 15938 9076 -20 605 -322
-3343 15961 9199 7 645 -387
-3348 16274 9514 -46 853 -506
-3286 16890 10060 -325 1234 -629
-3253 17017 10298 -713 1519 -754
-3261 17022 10472 -1026 1856 -865
-3470 17045 10526 -1415 2421 -925
-3613 17242 10481 -1439 2882 -1255
-3796 17045 10161 -1748 3350 -1373
-3757 16685 9704 -1830 3167 -1518
-3552 16313 9282 -1511 2899 -1549
-3408 16152 8849 -1223 2653 -1393
-3190 15926 8756 -1106 2446 -1097
-3138 15453 8626 -998 2088 -716
-3320 15120 8772 -864 1879 -502
-3136 14733 8657 -541 1137 -103
-3224 14664 8614 -115 494 190
-3387 14585 8525 94 6 530
-3488 14276 8384 764 -404 751
-3643 14424 8494 1502 -873 850
-3677 14564 8652 1834 -1222 915
-3742 14736 8838 1840 -1604 1257
-3638 15038 9024 2204 -1527 1376
-3700 15264 9087 2168 -1740 1188
-3774 15889 9138 1962 -1836 1246
-3804 16160 9170 1655 -1861 1181
-3917 16535 9280 1691 -1614 1081
-4097 16846 9309 1661 -1406 824
-4221 16909 9397 1670 -1209 598
-4356 16876 9494 1698 -1196 334
-4457 16803 9816 1704 -1178 -81
-4448 16836 9992 1495 -1186 -367
-4279 16547 9912 1233 -1264 -732
-3641 16364 9748 969 -1062 -1071
-3018 16196 9642 905 -898 -1327
-2697 16054 9798 546 -823 -1420
-2557 15667 9883 230 -831 -1328
-2736 15324 9794 -2 -924 -1203
-3090 15157 9809 -320 -1245 -1097
-3333 15046 9910 -380 -1420 -1021
-3400 15172 9866 -303 -1549 -1038
-3399 15784 9899 -220 -1624 -1102
-3202 16504 10064 -283 -1411 -1317
-3004 17201 10294 -575 -1031 -1549
-2817 17303 10560 -1166 -394 -1678
-3094 17024 10553 -1793 -76 -1908
-2769 16112 10272 -2072 234 -1960
-2622 15376 9966 -1992 481 -2079
-2448 15052 9852 -2199 503 -2037
-2089 14867 9593 -2235 439 -1728
-1756 14658 9301 -2117 350 -1250
-1707 14713 9106 -1931 410 -918
-1818 14776 8996 -1673 359 -603
-1953 14992 9063 -1428 284 -277
-2059 15305 9001 -1080 380 26
-2257 15596 9082 -948 467 287
-2495 15802 9127 -712 364 463
-2633 16184 9232 -547 229 698
-2580 16510 9341 -451 189 847
-2502 16878 9541 -394 159 994
-2468 16984 9869 -464 291 1071
-2396 16916 10029 -559 458 1119
-2260 16834 10112 -683 654 1161
-2221 16718 10099 -866 756 1236
-2245 16521 9794 -1025 784 1428
-2347 16249 9324 -1148 590 1779
-2372 16098 8996 -1100 528 1955
-2415 15998 8705 -981 476 2051
-2627 16137 8567 -806 253 2155
-2800 16321 8501 -680 141 2195
-3016 16297 8545 -505 197 2093
-3223 16216 8765 -323 316 1953
-3259 16074 8805 -147 409 1689
-3154 16021 8900 -150 397 1510
-2867 16053 8843 -233 350 1447
-2592 15877 8960 -353 378 1455
-2388 15527 8909 -276 418 1467
-2234 15330 9069 -175 416 1487
-2174 15238 9100 -128 405 1488
-2126 15309 9281 -55 291 1504
-1911 15286 9309 126 171 1569
-1712 15426 9296 403 175 1674
-1674 15813 9165 554 237 1785
-1596 15986 9076 660 302 1910