-3477 15693 9209 120 -403 -1624
-3360 15817 9279 240 -318 -1664
-3172 15782 9496 263 -115 -1690
-2989 15749 9636 242 46 -1693
-2906 15793 9776 129 81 -1684
-2853 15774 9734 79 127 -1595
-2845 15685 9742 17 195 -1537
-2969 15634 9608 -31 208 -1457
-3114 15570 9414 -9 215 -1351
-3311 15557 9320 -1 215 -1318
-3481 15663 9113 46 158 -1276
-3607 15831 9121 65 121 -1197
-3551 15913 9125 139 105 -1187
-3444 15913 9434 196 95 -1181
-3376 15897 9748 250 -8 -1156
-3186 15706 9976 265 -13 -1134
-3058 15710 10162 373 -78 -1108
-2794 15813 10256 304 -23 -1047
-2801 16102 10175 78 176 -1005
-2946 16242 10126 -127 306 -964
-3205 16156 9934 -287 458 -896
-3589 16041 9604 -434 640 -813
-3765 15973 9382 -568 833 -729
-3714 15886 9197 -574 821 -729
-3569 15841 9109 -435 805 -698
-3402 15808 9156 -284 734 -652
-3258 15705 9356 -155 782 -570
-3139 15616 9489 -92 738 -429
-3212 15469 9525 -99 646 -310
-3210 15466 9492 -70 603 -257
-3261 15522 9494 -63 657 -208
-3385 15576 9505 -86 770 -143
-3542 15646 9424 -151 866 -84
-3628 15600 9445 -151 859 -115
-3602 15627 9299 -55 772 -45
-3618 15685 9226 7 734 -5
-3598 15752 9226 77 719 23
-3685 15768 9294 -31 637 83
-3693 15765 9362 -48 591 113
-3701 15807 9444 -91 591 153
-3713 15803 9484 -169 563 175
-3692 15728 9488 -158 552 136
-3722 15735 9525 -76 428 183
-3628 15831 9489 -97 364 173
-3559 15814 9566 -187 401 210
-3614 15818 9584 -228 455 211
-3611 15842 9661 -328 412 210
-3699 15874 9724 -356 488 214
-3808 15888 9728 -418 574 141
-3731 15968 9592 -497 533 83
-3701 15930 9547 -611 525 24
-3744 15822 9470 -612 533 20
-3693 15770 9313 -556 542 30
-3704 15713 9279 -479 490 -16
-3659 15661 9269 -363 410 19
-3648 15719 9261 -314 407 0
-3654 15668 9272 -316 406 17
-3640 15683 9296 -330 469 59
-3692 15692 9324 -399 432 119
-3712 15725 9338 -431 429 155
-3670 15770 9362 -415 398 234
-3651 15702 9338 -386 342 198
-3616 15691 9351 -329 383 249
-3630 15712 9317 -382 449 244
-3728 15628 9299 -430 443 263
-3905 15568 9302 -464 408 260
-3952 15583 9398 -461 330 266
-4077 15507 9429 -460 303 216
-4201 15587 9604 -392 259 170
-4321 15868 9850 -415 190 60
-4265 16068 10012 -499 189 -116
-4374 16088 10208 -565 194 -201
-4379 16018 10209 -656 188 -317
-4393 15899 10177 -674 200 -445
-4272 15940 10128 -727 164 -503
-4096 16021 10055 -728 30 -583
-3802 16200 10246 -728 135 -637
-3744 16344 10543 -970 522 -699
-3700 16188 10712 -1220 650 -641
-3637 16148 10534 -1490 810 -664
-3502 15821 10224 -1693 1075 -668
-3581 15445 9764 -1784 1304 -556
-3651 15141 9343 -1670 1605 -408
-3756 15208 9024 -1536 1794 -372
-3820 15231 8874 -1571 1905 -294
-4029 15294 8750 -1423 2026 -98
-4228 15397 8850 -1304 2063 23
-4168 15262 8997 -1125 2202 168
-4026 15204 9161 -1045 2177 288
-3953 15016 9149 -1029 2140 571
-3879 14847 9015 -933 2081 761
-3946 14812 9000 -693 1821 1066
-4008 15052 8938 -569 1556 1259
-4105 15250 9054 -438 1464 1398
-4248 15669 9412 -479 1444 1467
-4350 15870 9699 -555 1333 1581
-4370 15749 9881 -777 1251 1565
-4398 15601 9751 -835 1295 1511
-4398 15449 9801 -823 1319 1351
-4354 15406 9898 -902 1311 1253
-4465 15472 9821 -1034 1108 1239
-4434 15374 9932 -1185 1017 1172
-4585 15717 10032 -1351 1069 1098
-4716 16184 10130 -1707 1110 1001
-4630 16984 10308 -2707 1135 965
-4612 17100 10308 -3743 1161 829
-4924 17037 10060 -4242 1644 337
-5752 16981 10196 -4587 2341 -295
-6125 17018 10891 -5466 3113 -911
-6097 16069 10740 -6264 2939 -1422
-5586 14913 10588 -6111 2710 -1363
-4814 14222 10776 -5537 3047 -1025
-4144 13867 11274 -5541 3390 -834
-3904 14076 11716 -5951 3602 -766
-3569 14164 11928 -6429 3614 -618
-3487 14332 12391 -7184 3776 -365
-3598 13733 11884 -6536 3743 -443
-4486 14120 12122 -7258 4190 -505
-4825 13237 12264 -7161 4132 -300
-5652 12662 12112 -6793 4011 -166
-6480 12554 12492 -7024 3880 141
-7608 12291 13016 -8844 2586 437
-8499 11746 13089 -11934 24 522
-8274 10318 12524 -14548 -2048 -307
-7724 10318 12170 -15427 -5459 -568
-7365 11161 10150 -14669 -8449 -1385
-7000 10609 8744 -12587 -9607 -2826
-6542 8918 8206 -10197 -10251 -4020
-5857 8889 8104 -6897 -10890 -4370
-5584 9986 9029 -4794 -11471 -4142
-5556 11012 11837 -3156 -12830 -3184
-5940 12555 14348 -4872 -16026 -1525
-3499 13213 14464 -5750 -18544 -705
-973 14448 15216 -8609 -21303 -1838
566 13566 15529 -8755 -21691 -4108
2648 12186 15518 -2740 -20992 -4655
3238 11816 14270 3450 -19550 -6806
2328 7770 13905 10824 -16160 -9185
1229 12669 14441 10864 -15551 -8742
738 16532 15208 7872 -16594 -7853
1161 15649 14023 5503 -16961 -6712
1922 14745 11865 3351 -14804 -4467
2816 14058 11098 2120 -11605 -3408
3325 13556 10570 1505 -9222 -3912
2572 11463 10438 1489 -6394 -4702
1457 11285 10329 1404 -2797 -4618
698 11210 10584 747 -505 -4063
183 10750 10986 -684 886 -3489
-76 10286 11212 -2336 1240 -3127
-208 9469 10628 -3956 793 -3425
-405 7394 9980 -2745 -657 -4530
-516 6806 9970 -235 -1347 -5623
-497 6810 10225 2565 -2345 -7050
-720 7225 10490 5076 -3186 -9014
-778 7422 10510 5869 -3587 -10343
-940 7627 10975 6155 -3935 -11966
-1105 8737 11573 5669 -4408 -13035
-958 9398 11722 4460 -4784 -13723
-669 9937 10999 3044 -4944 -14598
76 9238 10132 2156 -4407 -15975
316 8740 9430 1747 -3028 -17701
148 8660 8804 2445 -1266 -19470
-920 7964 8643 3741 656 -21734
-1928 8849 8772 6358 2239 -24355
-3300 10581 9200 7508 2768 -25108
-3453 12460 9308 7702 2978 -24880
-2984 13116 9316 7176 3402 -24846
-2787 12924 8393 5451 5313 -26054
-4314 12100 7660 6102 9130 -29673
-6129 11675 7639 9258 12130 -30921
-9180 14114 9045 13494 13224 -29216
-10584 17073 9814 15193 10901 -25416
-9554 19104 9620 10658 8755 -21425
-10753 14846 8630 6941 9018 -23024
-11780 15371 7465 7014 9936 -24769
-11697 14884 7221 8608 11491 -27030
-12386 14174 6864 11137 13095 -28014
-14060 14224 6640 17763 15011 -26415
-16119 16221 6469 22318 14299 -20898
-17149 17046 5708 21908 12324 -19218
-17176 16614 5011 21244 10372 -19890
-17226 16014 4445 19359 9288 -21517
-16868 15866 4437 18036 10019 -23014
-16870 15853 4292 17487 11872 -23986
-16774 15592 4389 17411 13377 -24002
-17927 16073 4355 16162 13785 -21633
-18750 15135 4764 12760 13939 -16809
-19176 14329 4834 9260 14926 -11998
-18432 14358 4855 4418 16069 -7641
-18176 14141 5316 -1271 17020 -4511
-17964 13746 5477 -5081 17992 -2620
-17876 12952 5238 -9248 18675 -435
-17892 12061 4665 -13424 18524 2293
-18332 10270 3890 -14808 15614 5134
-18497 8396 3469 -13275 11224 6150
-17801 7328 3432 -11281 7797 5949
-17504 6592 3528 -8565 4743 5757
-17078 6128 3488 -5163 2083 5576
-16659 5725 3379 -1421 -203 5456
-16023 5682 3299 2284 -2131 5190