-15399 7739 -550 -629 447 388
-15296 7692 -508 -680 586 392
-15320 7667 -517 -670 705 374
-15450 7534 -460 -605 773 289
-15558 7493 -498 -527 789 234
-15729 7542 -445 -391 825 117
-15853 7576 -465 -233 835 4
-15940 7664 -486 -134 859 -134
-15961 7834 -376 -69 908 -229
-15938 7922 -380 40 950 -225
-15977 7932 -319 148 992 -192
-15935 7843 -177 375 1040 -55
-15862 7993 -13 418 1036 55
-15821 7884 138 344 992 141
-15826 7820 304 265 860 157
-15737 7828 244 163 685 210
-15712 7820 164 35 458 203
-15769 7859 101 -143 231 234
-15756 7820 -88 -169 107 246
-15774 7906 -221 -166 72 198
-15719 7963 -353 -171 132 182
-15505 7980 -421 -162 229 184
-15464 8056 -381 -182 391 182
-15445 8129 -453 -248 506 130
-15474 8106 -469 -332 549 148
-15498 8034 -490 -468 572 155
-15466 7998 -507 -535 589 135
-15536 7928 -478 -663 600 75
-15524 7846 -390 -749 630 23
-15506 7793 -388 -815 665 -24
-15453 7723 -420 -914 709 -41
-15358 7635 -500 -1034 726 -58
-15340 7522 -497 -1173 684 -63
-15460 7520 -597 -1290 682 -98
-15705 7505 -666 -1401 591 -156
-15993 7390 -702 -1342 453 -293
-16340 7474 -880 -1164 404 -380
-16520 7532 -882 -1086 382 -459
-16762 7604 -929 -1014 439 -505
-16749 7620 -990 -863 479 -562
-16718 7704 -1065 -763 446 -575
-16568 7657 -1198 -561 382 -573
-16504 7754 -1169 -282 279 -446
-16405 7572 -1246 33 120 -280
-16327 7543 -1323 485 -45 -32
-16294 7540 -1300 896 -184 178
-16284 7542 -1250 1169 -271 330
-16216 7441 -1112 1385 -344 320
-16113 7520 -1072 1575 -364 243
-15930 7533 -1038 1682 -358 171
-15762 7501 -918 1802 -377 125
-15529 7501 -938 2012 -413 80
-15426 7653 -972 2083 -456 124
-15332 7681 -997 2146 -516 137
-15264 7780 -945 2053 -535 158
-15244 7810 -964 1938 -499 110
-15206 7894 -910 1827 -409 7
-15185 8092 -980 1600 -196 -81
-15197 8084 -977 1259 47 -259
-15209 8253 -906 889 275 -394
-15273 8306 -1005 464 493 -514
-15266 8357 -1014 96 675 -604
-15274 8413 -962 -180 840 -667
-15337 8392 -922 -391 1023 -657
-15461 8338 -857 -542 1138 -665
-15580 8269 -841 -634 1250 -615
-15758 8228 -738 -650 1239 -519
-15900 8216 -694 -680 1144 -455
-15978 8141 -634 -747 1044 -405
-15966 8014 -576 -766 964 -348
-15969 7948 -521 -823 868 -280
-15933 7860 -502 -884 768 -188
-15816 7677 -492 -922 679 -151
-15759 7534 -444 -896 581 -85
-15794 7399 -446 -820 448 -59
-15865 7386 -469 -724 360 -78
-15923 7422 -648 -650 303 -117
-15953 7601 -737 -628 309 -160
-15976 7676 -694 -660 272 -163
-15932 7772 -770 -734 336 -186
-15925 7836 -756 -798 437 -187
-15858 7938 -764 -887 544 -204
-15845 7960 -757 -968 635 -178
-15750 7980 -722 -1081 680 -157
-15685 8028 -690 -1173 680 -107
-15722 7912 -637 -1285 644 -42
-15721 7888 -625 -1359 539 -31
-15709 7709 -642 -1350 456 23
-15634 7681 -543 -1302 390 20
-15550 7689 -504 -1397 303 15
-15533 7660 -600 -1494 320 -52
-15444 7582 -650 -1595 374 -120
-15464 7572 -662 -1623 419 -166
-15495 7534 -770 -1517 494 -215
-15646 7693 -758 -1452 605 -253
-15762 7700 -712 -1471 612 -270
-15807 7720 -762 -1536 590 -336
-15844 7788 -781 -1644 601 -393
-15830 7838 -798 -1789 614 -413
-15813 7853 -742 -1965 700 -409
-15710 7852 -796 -2072 832 -352
-15704 7724 -672 -2237 900 -344
-15701 7644 -569 -2363 1054 -301
-15755 7563 -506 -2453 1163 -252
-15831 7515 -447 -2553 1183 -259
-15857 7542 -556 -2703 1030 -304
-15810 7527 -630 -2673 825 -319
-15745 7550 -780 -2553 614 -232
-15616 7626 -946 -2367 488 -171
-15549 7630 -980 -2080 416 -119
-15504 7674 -1009 -1750 459 -11
-15410 7817 -1049 -1619 571 133
-15442 7842 -984 -1614 716 209
-15385 7880 -1026 -1737 869 270
-15398 7886 -940 -1875 924 290
-15392 7782 -935 -2064 1070 317
-15341 7724 -869 -2213 1207 286
-15336 7580 -867 -2238 1283 290
-15322 7520 -832 -2046 1266 289
-15400 7560 -731 -1772 1198 350
-15501 7649 -655 -1528 1063 447
-15606 7758 -682 -1453 1005 529
-15637 7902 -576 -1531 1008 616
-15675 7890 -391 -1794 1038 711
-15702 7795 -324 -1973 1065 799
-15719 7764 -306 -2000 1103 878
-15702 7680 -154 -1992 1167 1047
-15718 7545 -66 -1952 1064 1169
-15804 7475 18 -1718 848 1230
-15870 7425 39 -1336 548 1279
-15958 7368 74 -874 319 1280
-16050 7405 72 -459 173 1308
-16205 7497 164 20 -2 1316
-16339 7565 154 483 -245 1300
-16374 7611 86 927 -503 1308
-16460 7802 70 1238 -628 1357
-16559 7748 0 1612 -834 1387
-16821 7842 -62 2089 -1061 1450
-16920 7758 70 2391 -1253 1492
-17097 7810 -23 2927 -1516 1498
-17288 8124 10 3487 -1750 1688
-17430 8154 131 3778 -2176 1884
-17400 8065 51 4254 -2684 2148
-17192 8050 -38 4614 -3099 2382
-16922 7969 -145 5044 -3619 2730
-16844 7864 -258 5437 -4129 3154
-16938 7796 -354 5765 -4588 3500
-17168 7659 -464 6118 -5126 3790
-17356 7602 -488 6296 -5532 3896
-17506 7561 -462 6420 -5751 3847
-17514 7558 -608 6417 -5843 3715
-17379 7532 -494 6216 -5906 3452
-17184 7466 -465 5925 -5901 3104
-16964 7492 -558 5721 -5845 2892
-16869 7429 -619 5501 -5780 2628
-16703 7270 -705 5317 -5752 2255
-16660 7136 -850 5301 -5689 1946
-16561 7064 -732 5324 -5642 1627
-16570 7026 -728 5392 -5571 1230
-16570 6964 -622 5374 -5498 885
-16510 7008 -562 5330 -5338 224
-16369 7002 -460 5167 -5171 -524
-16310 6985 -562 5009 -5067 -1075
-16194 7000 -500 4888 -4980 -1578
-15998 6942 -541 4831 -4904 -2060
-15708 6959 -572 4873 -4764 -2673
-15385 6966 -610 4962 -4672 -3269
-15264 6946 -772 5065 -4597 -3572
-15058 6952 -831 5420 -4386 -3973
-14928 7090 -766 5863 -4024 -4443
-14821 7254 -652 6155 -3576 -4865
-14722 7470 -480 6284 -3075 -5194
-14705 7691 -385 6183 -2565 -5570
-14647 7865 -331 5926 -2070 -5927
-14645 7865 -378 5729 -1769 -6147
-14603 7864 -404 5789 -1577 -6226
-14660 7954 -425 6033 -1394 -6228
-14727 8019 -300 6255 -1240 -6168
-14734 8145 -196 6352 -1106 -6123
-14820 8264 -228 6370 -1004 -6030
-14795 8268 -30 6438 -851 -5971
-14806 8305 96 6446 -605 -5813
-14854 8261 261 6532 -349 -5686
-15009 8279 396 6723 -126 -5521
-15308 8283 624 6962 -29 -5338
-15578 8402 726 7135 -226 -5155
-15624 8401 678 7259 -527 -4936
-15553 8477 649 7293 -908 -4715
-15444 8452 424 7508 -1380 -4256
-15297 8322 122 8101 -1854 -3667
-15049 8169 42 8928 -2158 -2980
-14915 8123 83 9780 -2149 -2327
-14716 8144 111 10433 -1931 -1909
-14617 8151 155 10850 -1528 -1681
-14609 8168 322 11033 -1052 -1622
-14614 8220 496 10965 -597 -1577
-14532 8289 825 10578 -31 -1688
-14524 8554 1072 9857 474 -1779
-14536 8520 1196 8896 900 -1958
-14649 8408 1178 8103 1403 -1949