-14973 6746 126 8239 -807 1921
-14578 7327 131 7462 -1173 1925
-14408 8011 424 6203 -1266 2276
-14328 8463 693 4374 -784 2623
-14262 8789 1085 2621 -363 2664
-14342 8248 1146 919 -470 2173
-14258 7861 935 -397 -637 1487
-14205 7246 686 -1114 -960 960
-14193 6696 502 -1131 -1163 580
-14332 6469 404 -677 -1229 256
-14510 6392 392 -60 -1297 167
-14621 6261 364 1185 -1280 -23
-14685 6397 618 2562 -1228 -323
-14680 6498 726 3260 -1087 -476
-14673 6773 950 3821 -827 -667
-14727 7191 1268 4038 -425 -900
-14716 7402 1474 3887 -103 -1008
-14764 7500 1607 3494 -28 -1213
-14808 7507 1498 2957 -220 -1407
-14927 7528 1520 2751 -400 -1468
-15036 7525 1554 2641 -479 -1440
-15050 7554 1836 2511 -472 -1403
-15219 7601 1756 2374 -594 -1411
-15448 7534 1697 2267 -750 -1429
-15834 7597 1553 2423 -722 -1326
-16172 7664 1522 2596 -814 -1262
-16345 7707 1470 2731 -955 -1207
-16518 7796 1438 2678 -1272 -1213
-16362 7940 1483 2559 -1446 -1171
-16284 7968 1388 2482 -1499 -1113
-16268 8008 1288 2357 -1530 -1023
-16315 8042 1254 2203 -1550 -923
-16518 8013 1353 2110 -1515 -939
-16544 8096 1364 1967 -1442 -1025
-16529 8095 1534 1765 -1330 -1142
-16597 8164 1581 1635 -1200 -1238
-16934 8110 1566 1703 -1164 -1306
-17935 8089 1107 2173 -1553 -1366
-20738 7940 -215 3787 -2636 -1408
-22945 8025 -832 5855 -3570 -1431
-23957 9177 -861 7661 -4231 -1588
-24312 9630 -1092 9069 -4511 -1707
-23087 10700 -906 10587 -4025 -1753
-19642 12052 -364 11713 -2237 -830
-17230 12676 -92 11465 -566 835
-14872 12766 354 9592 882 3548
-12340 12695 571 4895 2500 8219
-11614 12581 1088 -147 2111 11739
-11522 12122 1052 -3141 1598 13400
-11864 11354 988 -6012 1034 15166
-12597 9879 621 -8409 650 17251
-14204 8014 303 -9468 641 18801
-15755 6915 -278 -8304 1385 19882
-16972 6256 -354 -6429 2278 20291
-17741 6772 -793 -4632 3659 20265
-18540 7016 -1019 -1927 5800 19641
-18677 7857 -761 559 7906 18140
-17856 8638 -834 2437 9861 16163
-17514 9105 -748 3413 11638 14023
-16564 10241 -1059 3399 13285 11806
-14975 10549 -1675 1559 14781 9853
-13684 10573 -2139 -1618 15311 7602
-13433 9940 -1793 -4259 16022 5652
-13745 7929 -652 -3374 14426 5558
-13797 1989 1116 879 10869 3219
-14396 9144 -388 3243 12121 5163
-16028 7970 3058 501 9477 2691
-15537 10510 4732 -2938 5390 2074
-12694 7208 4702 -4052 3758 977
-12613 9048 3097 -4615 5214 329
-11559 12412 1892 -6862 7658 -695
-11078 13406 954 -7807 7689 -1769
-10409 14025 674 -7154 7790 -2627
-10536 15992 -77 -6729 7939 -2542
-10022 17156 -545 -6822 8686 -1708
-9853 17745 -1193 -8206 9626 -517
-9772 17314 -2054 -10460 9776 -307
-9575 16419 -3193 -12863 9989 -456
-10185 15458 -3808 -14826 10344 -1017
-11239 14645 -2284 -16917 10107 -1938
-11932 13966 -1224 -19281 8879 -2814
-11870 13017 -1134 -20683 7882 -3523
-11612 12162 -1136 -21380 7529 -4120
-11426 11428 -1441 -21263 7704 -4480
-11072 10552 -1716 -20701 7990 -4527
-10693 9936 -2494 -18736 9133 -4203
-10224 9596 -3632 -16401 10739 -3941
-9954 9123 -4556 -13845 12116 -3858
-10098 9597 -5006 -10943 13427 -3486
-10352 10376 -5702 -9262 14432 -3003
-11082 10897 -5997 -8366 15154 -2823
-12644 11306 -5932 -8311 14659 -2690
-14044 12106 -6004 -8212 13519 -2465
-14646 12242 -5752 -7785 12741 -2560
-14750 13738 -4920 -8077 12808 -3338
-13989 15180 -4996 -9997 14037 -4657
-12515 14305 -5513 -12059 16140 -6149
-12029 13767 -5022 -13494 16551 -6473
-12185 13474 -4774 -14178 16427 -5853
-12270 12061 -4525 -14693 15762 -5620
-12290 11098 -4060 -15667 15021 -5349
-11497 9653 -4788 -15232 14821 -4287
-11398 7580 -5976 -10901 15686 -3991
-12328 7774 -6405 -7204 16679 -3477
-13210 7641 -6846 -4848 17031 -3620
-14385 7613 -7105 -2522 17261 -4088
-15198 7769 -6862 -720 17290 -4651
-16382 8172 -6882 1220 16750 -5072
-17698 8858 -6564 4024 15580 -4432
-18594 11619 -6344 5473 12931 -1868
-20084 14233 -5816 4484 9283 362
-19210 15440 -6966 1739 5951 901
-16736 15332 -8712 -973 4617 526
-15115 13880 -9381 -2012 4276 226
-13826 12805 -9514 -1919 4194 139
-12812 12710 -9250 -2066 4391 511
-12113 11573 -8836 -1989 4322 879
-11454 10497 -8067 -1236 3371 3112
-10670 10198 -8041 889 3016 5522
-10716 10036 -7672 2425 2909 6529
-10499 10734 -7233 4920 3225 8195
-10648 11628 -5964 7058 3112 8553
-10335 12315 -5745 6760 2658 7088
-9600 13126 -6270 5502 2700 5285
-8890 13317 -7128 3367 2202 3724
-8533 13032 -7502 2290 1747 2915
-8572 13428 -7680 1714 1781 2705
-8526 12979 -7518 1455 1891 2285
-8557 12912 -7554 1421 1686 1947
-8554 13262 -7449 1525 1375 2067
-8646 13594 -7416 1448 1340 1968
-8442 13546 -7584 826 1226 1320
-8502 13380 -7532 -295 1246 -90
-8652 13480 -7308 -1248 1176 -615
-8795 13074 -7091 -1695 1209 -1061
-9138 12600 -6680 -1957 1052 -1465
-9361 12330 -6538 -2134 1301 -1550
-9510 12308 -6436 -2328 1505 -1702
-9633 12133 -6509 -2461 1568 -1826
-9668 11890 -6550 -2495 1653 -1974
-9621 12406 -6629 -3154 1714 -2507
-9462 13141 -6762 -4728 1837 -3209
-8992 12319 -7338 -5662 2064 -4077
-8968 12282 -7772 -5369 2649 -4435
-8956 12812 -8018 -4293 3577 -4432
-9154 12821 -7786 -2816 4525 -4768
-9520 13456 -7693 -2274 5052 -4927
-9892 14038 -7241 -2639 5427 -5215
-10038 14923 -6863 -4447 5564 -6284
-10012 14150 -6876 -5783 5195 -7646
-9977 13412 -6864 -6388 4619 -8264
-10063 13970 -6798 -8040 4236 -8714
-10107 12115 -6810 -9279 4000 -10798
-10029 11013 -6734 -9618 3620 -11679
-10044 10465 -6510 -8877 3238 -11488
-10324 10232 -6380 -7780 2741 -10942
-10856 9944 -6508 -6950 1617 -10267
-11611 9435 -6845 -6605 476 -10088
-12020 9486 -6745 -6770 524 -10829
-12173 8417 -6675 -6044 1350 -12235
-12276 7980 -6590 -4553 1936 -13020
-12454 8352 -6350 -3783 1573 -13323
-12208 7902 -6260 -2655 124 -13483
-13076 8452 -6324 -1864 -1877 -12620
-13676 8385 -6628 -647 -4691 -11799
-14596 8247 -6576 1071 -7797 -10706
-14608 9622 -6803 1397 -9689 -9384
-15186 9544 -6204 1984 -11539 -9418
-15341 9621 -6186 2198 -12071 -8893
-15532 9970 -5969 2708 -12724 -9084
-15522 10194 -5641 1960 -13244 -9053
-15544 10838 -5414 1149 -13638 -8841
-16072 10750 -4784 734 -13534 -9078
-16620 10533 -3969 828 -13034 -9650
-16373 9984 -3344 655 -12466 -10240
-15940 9966 -2938 227 -11804 -10302
-15669 9853 -2753 103 -11159 -9820
-15320 10014 -2696 309 -9945 -9116
-15540 9820 -2800 368 -8613 -7898
-16370 9549 -2849 536 -7025 -6418
-17337 9017 -2832 700 -5470 -4894
-18035 8590 -2602 323 -4309 -2700
-17988 8381 -2469 577 -3728 -992
-17570 8827 -2073 1477 -3558 -254
-17558 9216 -1650 2147 -3437 228
-17520 9384 -1226 2203 -3321 938
-17864 9558 -922 2319 -3259 1630
-18323 9435 -751 2699 -3007 2133
-18800 9458 -358 3001 -2627 2356
-19198 9795 205 2476 -2252 2415
-19137 10521 1217 1193 -1970 2441
-18637 10956 1905 -365 -2126 2576
-18096 11324 2110 -1894 -2555 2791
-17373 11256 2081 -3489 -3226 3371
-16619 11239 2024 -4783 -4154 4587
-16200 10957 1941 -5931 -5062 5881
-16313 11069 1945 -6542 -6255 7198
-16532 10537 2086 -7106 -7406 8867
-17380 10373 2442 -6998 -8243 10798
-18061 10466 2512 -6587 -8948 11778