-13780 7968 2353 -1402 -2165 -2226
-14693 7817 2234 -195 -2669 -2431
-15554 7956 2250 943 -2682 -3126
-16456 8345 2298 1878 -2340 -4206
-17090 8532 2308 2345 -1922 -5394
-17653 9180 2504 2479 -1001 -7163
-17870 10089 2811 1918 502 -9374
-17624 10881 3011 868 2186 -10824
-16505 11178 3112 -1261 3695 -11422
-14989 10915 3420 -3709 5042 -10393
-14272 10632 3524 -4735 5552 -9123
-14046 10504 3616 -5594 5661 -7343
-13881 10073 3701 -5831 5180 -4723
-13828 9553 3703 -5001 4159 -2749
-13942 9204 3672 -3457 2316 -1336
-14079 9145 3553 -1683 467 -717
-14368 9086 3362 -448 -1164 -134
-14406 9318 3346 458 -2620 400
-14590 9382 3410 670 -3549 881
-14552 9493 3708 77 -4427 1645
-14964 9622 4076 -907 -4933 1971
-15226 9662 4026 -1508 -5148 1784
-15786 9344 3484 -1658 -5825 1526
-16384 7873 2660 1593 -6868 1288
-16916 6944 2384 7565 -7569 1333
-17501 7703 2495 13365 -7902 1956
-17778 8708 2497 18818 -8849 3537
-17796 9581 2414 22748 -9698 5009
-17592 11118 2420 24829 -10401 6283
-17344 12345 2286 25340 -11306 7149
-17084 13204 2300 25025 -11627 7431
-16620 13825 2520 23645 -11556 7983
-16101 14298 2906 20952 -10680 8469
-17984 15042 2682 17977 -9477 8239
-21524 15326 921 14860 -9520 7485
-22153 14227 129 11468 -10304 6388
-20169 13780 341 8327 -11137 5133
-18070 13665 869 6597 -10305 4559
-15758 13229 1761 5673 -8186 4480
-13372 12820 3093 4641 -5096 4568
-11864 12946 3854 3498 -2289 4631
-10040 12752 4819 1900 1898 4640
-8561 12842 5540 -82 5733 4720
-7330 13216 5954 -1196 7319 4774
-7901 13217 5654 -2365 8509 4712
-9552 13633 4836 -3596 8869 4632
-11150 13756 3728 -4469 8309 4570
-13944 13216 1951 -5051 6523 4996
-15584 12430 909 -5208 2842 5968
-15790 11842 381 -4684 -257 6769
-15513 11046 305 -3535 -3073 7654
-14908 10740 180 -2181 -4769 8417
-13439 10298 357 -122 -5674 9370
-11828 10001 925 1276 -5112 9885
-10292 9889 1344 1589 -3671 9646
-9282 10102 1311 829 -1379 8595
-8879 10173 1041 -375 580 6872
-8988 10420 704 -1187 1818 5473
-8793 10706 517 -1851 2941 4037
-8741 10913 370 -2430 3983 2718
-8714 11122 234 -3063 4869 1594
-8582 11272 44 -3724 5595 741
-8364 11318 -206 -4586 6169 152
-8124 11482 -368 -5521 6627 -178
-8050 11670 -437 -6665 7101 -340
-7690 11710 -448 -7841 7480 -392
-7628 12010 -539 -9872 7843 -444
-7594 12304 -664 -13204 8430 -494
-7580 12234 -680 -15643 9137 -370
-7845 11909 -703 -17251 9885 -231
-8038 11268 -790 -18115 10778 -100
-8257 10826 -912 -17952 11511 126
-8614 10046 -1033 -16862 12187 395
-9009 9742 -1009 -15376 12786 702
-9475 9995 -998 -13823 13029 1312
-9650 10037 -920 -13018 12721 1830
-9669 9992 -1062 -12874 12054 2182
-9645 9557 -1192 -12955 11158 2455
-9810 9260 -1428 -12845 10384 2707
-9976 8750 -1178 -12402 9932 2956
-10558 8545 -1131 -11841 9393 2939
-11504 8540 -1214 -11577 8536 2425
-12233 8269 -1481 -11216 7620 1738
-12242 7540 -1543 -9871 7145 998
-12316 6881 -1183 -7449 7069 665
-13015 7234 -973 -5318 7027 876
-13874 8305 -277 -4323 7218 1243
-14912 9089 276 -4499 6920 1176
-15020 9546 969 -5259 6294 585
-15016 9297 1269 -6067 5415 -344
-15452 9061 1252 -6174 4439 -992
-16262 8909 1065 -5631 3245 -1686
-17446 8881 928 -4694 1742 -2236
-18387 8770 1611 -3299 251 -1383
-18678 9377 2857 -2000 -444 -592
-18753 10997 3861 -1775 -435 -459
-19094 11802 4600 -2166 -268 -951
-20213 12142 4600 -2577 -694 -1787
-21233 12098 4581 -2945 -1967 -2271
-21094 11888 4805 -2281 -3501 -2219
-20842 11640 5176 -1171 -5000 -1619
-20950 12296 5770 646 -7863 -404
-20782 12856 5601 2640 -11389 529
-20290 11410 5126 5435 -13167 1045
-18545 10111 5412 9588 -13605 1772
-17451 12261 6802 9574 -12806 2332
-16612 13506 6890 7789 -12051 1121
-15872 11617 5924 7172 -10866 -118
-15817 10028 5910 5152 -10204 -1641
-15988 10521 5740 1291 -10228 -3916
-14658 9092 6234 -1118 -8729 -5752
-15163 9694 6171 -2407 -7280 -7423
-13951 9465 6649 -1796 -5129 -8628
-16020 10102 6221 -898 -4426 -9437
-17149 10812 6360 -460 -3506 -9416
-17833 12800 6822 741 -3449 -9442
-18005 13189 8213 430 -3913 -9464
-16650 14586 9949 -1699 -4851 -8804
-14973 13680 10362 -3051 -4900 -7416
-14776 13026 10146 -3664 -5890 -6101
-15809 12041 9597 -3950 -7374 -5064
-15226 9501 9158 -4826 -7763 -4048
-14998 9256 9964 -5487 -7161 -2998
-15249 8760 10025 -5390 -6461 -1181
-15506 10569 11356 -5488 -6601 -1989
-13080 5160 10008 -7085 -4155 -2637
-14624 3482 9365 -1994 -1454 -4010
-15468 6938 9690 1140 -817 -4078
-17071 10175 10228 1598 -2090 -3367
-17002 11378 9757 2682 -3789 -1830
-16765 12309 9524 1395 -4826 -966
-15192 10210 8864 141 -3528 107
-15765 7310 8554 480 -3026 -231
-16242 5192 9645 2556 -4015 -1723
-15102 1454 11365 6631 -4845 -2387
-13617 4294 10604 7531 -3564 -717
-14771 3649 9237 8516 -1849 130
-12986 300 9058 14544 2468 3052
-12348 634 9088 23393 7257 6471
-15284 3750 8334 29398 8443 6893
-14358 10774 9376 27205 9069 7980
-13724 9997 6804 25963 12789 10062
-13212 12716 5280 21989 14246 12177
-15266 14691 4265 16965 16672 8843
-15908 16433 5951 8781 18310 6382
-16525 15032 5472 821 19392 4267
-16452 17710 2292 -3082 21509 4403
-18199 11630 3395 -2862 22616 2285
-16985 8881 204 2281 27265 2369
-17692 6728 -1741 10163 32212 -1989
-18160 2572 -1776 21731 32767 -9236
-21451 8753 -2480 23287 32767 -10442
-18370 18904 -3198 13042 32767 -5183
-21042 11806 -6280 5045 32767 -2078
-22664 15336 -7400 -2060 32767 1011
-22066 15360 -7814 -5704 32767 228
-20474 16270 -9862 -13891 31326 -251
-19285 13938 -12288 -16919 29229 -13
-18130 11065 -13210 -15167 27808 -361
-17504 9596 -13136 -13177 27671 115
-16568 11155 -12239 -12507 28194 2088
-14029 11268 -13153 -7901 29395 2230
-13504 13121 -12933 -3506 28559 1251
-12085 14396 -12804 -1991 28262 768
-11792 14906 -12034 -1908 27681 693
-10689 14650 -11600 -1615 26242 1174
-8706 14862 -10180 -1890 25698 1309
-7949 16586 -8501 -4181 25369 972
-6889 17783 -7936 -7334 25207 134
-6406 17321 -8365 -9674 26000 -1117
-6104 17309 -8677 -11865 27184 -1888
-6166 17397 -9770 -14519 27733 -2181
-6546 16218 -11552 -15987 27069 -2226
-6488 14908 -12340 -15705 25992 -1986
-5256 13998 -12593 -14310 25323 -968
-5257 13556 -11678 -10608 25489 -142
-5329 15324 -9314 -9645 25322 533
-4354 15330 -8689 -8869 26156 -552
-4360 15706 -8046 -8842 28148 -646
-4645 16101 -7356 -8818 30996 -1535
-5064 17476 -6186 -10490 31776 -1719
-4738 17892 -6467 -13523 30811 -2062
-4576 16333 -7336 -16226 27947 -2099
-4040 14330 -8370 -16820 26406 -1738
-3753 12868 -8873 -15705 25638 -1653
-3631 11465 -9174 -12736 25095 -1282
-3357 11243 -9107 -7910 26159 -152
-4020 13395 -7411 -5030 25262 618
-4040 14336 -6434 -4951 23725 247
-3703 15493 -5942 -4770 22974 125
-3589 15780 -5242 -4823 21907 -67
-3837 15590 -4677 -5633 20734 -125
-3631 14709 -4805 -6288 19797 -195
-3617 13368 -5016 -5973 18768 -175
-3276 12380 -4882 -5204 17510 76
-3167 11947 -4889 -3305 15372 1301
-2822 12344 -4428 -1906 13334 2532
-2373 13217 -4675 -1828 12376 1905
-2152 13175 -4931 -293 12807 319
-2029 13933 -4365 905 12806 758