7613 5325 13606 -4706 -4102 -9229
7859 5549 13451 -5271 -3595 -9787
8048 5724 13284 -5830 -3046 -10338
8062 5812 13234 -6232 -2170 -10966
7950 6118 13236 -6515 -1119 -11494
7701 6268 13145 -6648 -592 -11734
7382 6173 13061 -6803 -425 -11773
7260 6372 13006 -6884 -734 -11854
7449 6412 13035 -6796 -1081 -11906
7887 6506 13218 -6629 -1286 -11936
8258 6744 13462 -6805 -1126 -11982
8690 6890 13852 -7240 -721 -12132
8803 6994 14133 -7794 -249 -12328
8849 7074 14488 -8358 74 -12631
8784 6860 14604 -8597 194 -12890
8846 6644 14590 -8359 145 -13033
8699 6332 14766 -7699 -42 -12993
8480 6469 15134 -7250 -31 -13028
8380 6620 15616 -7458 143 -13282
8333 6422 15902 -7849 234 -13548
8061 5977 15930 -8272 284 -13768
7669 5619 15615 -8365 348 -13938
7420 5041 15270 -7733 241 -14033
7262 4818 15031 -6705 151 -14166
7340 4916 14876 -5819 418 -14284
7348 5030 14857 -5337 895 -14238
7172 5302 14745 -5283 1381 -14033
7017 5509 14701 -5500 1852 -13853
6968 5729 14682 -5764 2484 -13558
6609 5856 14798 -6292 2904 -12878
6101 6246 15092 -7113 2946 -12163
5679 6135 15192 -7489 2180 -11810
5553 5665 15188 -7134 1464 -11442
5693 5372 15187 -6044 1209 -11013
5962 5188 15138 -4701 1160 -10503
6216 5158 15090 -3911 1268 -9961
6216 5250 15264 -3725 1484 -9526
6210 5381 15556 -4544 1856 -9039
6269 5073 15726 -5885 2111 -8973
6217 4610 15702 -6401 2392 -8910
6115 4159 15488 -6545 2856 -8969
6113 3782 15434 -6135 3679 -9038
6045 3634 15666 -5378 4563 -9335
5721 3854 15942 -4889 5397 -9511
5337 4058 16218 -4642 6044 -9443
4503 4422 16503 -4436 5887 -9316
4030 4544 16281 -4179 5078 -9140
3398 4687 16490 -3806 3715 -8885
3284 4794 16510 -3261 2115 -8474
3342 4898 16856 -2748 939 -8067
3629 4886 17006 -2497 56 -7675
3738 5138 17205 -2590 -431 -7195
3712 5404 17369 -2966 -706 -6713
3589 5578 17373 -3681 -966 -6161
3409 5598 17180 -4375 -1353 -5725
3185 5285 16901 -4780 -1986 -5684
3029 4624 16578 -4773 -2827 -5816
2933 4246 16249 -4295 -3680 -6128
3085 3698 15885 -3462 -4409 -6315
3345 3346 15494 -2520 -4998 -6460
3628 3124 15296 -1953 -5264 -6598
3981 3205 15236 -1191 -5414 -6786
4610 3529 15162 -910 -5273 -7062
5177 3847 15060 -1109 -4610 -7320
5776 4164 15068 -1398 -3931 -7479
6235 4267 15000 -1970 -3034 -7661
6950 4453 14849 -3063 -1629 -7649
7312 4594 14777 -3710 -1059 -7473
7518 4680 14845 -3798 -538 -7253
7564 4876 14986 -3668 -193 -7113
7556 4872 14988 -3424 7 -7112
7495 5012 15362 -2755 580 -7084
7114 5368 15646 -2166 935 -6537
6622 5596 15637 -1971 551 -5870
6472 5558 15482 -1733 -243 -5217
6354 5289 15233 -1840 -1394 -4780
6348 4926 14790 -1830 -2198 -4564
6667 4447 14581 -1425 -2942 -4387
7050 3957 14463 -357 -3304 -4376
7344 3857 14623 527 -2738 -4454
7395 4393 14997 291 -1787 -4577
7237 4676 15216 -696 -998 -4541
7033 4652 15142 -1675 -672 -4272
6961 4709 15032 -2070 -495 -4002
6914 4553 14960 -1980 -535 -3730
7060 4540 14956 -1708 -629 -3548
7151 4642 15048 -1161 -762 -3118
7309 4935 15140 -333 -647 -2511
7396 5014 15154 73 -429 -2278
7415 5203 15158 264 -284 -2062
7419 5414 15130 276 -21 -1747
7267 5708 15111 -91 140 -1369
7057 5540 14984 -494 81 -1032
6736 5668 15024 -735 -195 -673
6605 5407 14866 -742 -573 -365
6481 5224 14886 -579 -933 -212
6385 5180 15081 -487 -1257 -146
6466 5046 14960 -489 -1566 -141
6956 4712 14741 -486 -1823 -201
7350 4600 14626 -406 -1759 -223
7649 4774 14848 -461 -1172 -393
7644 5204 15109 -911 -135 -786
7301 5403 15423 -1595 691 -1141
7012 5148 15470 -2124 1110 -1404
6609 5163 15505 -2334 1100 -1502
6236 4770 15089 -1673 407 -1657
6372 4732 15208 -683 -112 -1582
6586 4920 15132 -414 -71 -1495
6866 4905 15248 -366 303 -1268
6885 5266 15382 -527 848 -1083
7010 5321 15330 -849 1308 -1105
6968 5250 15390 -1324 1929 -1228
6800 5464 15596 -1851 2576 -1391
6722 5473 15676 -2511 3286 -1549
6468 5272 15670 -2923 3680 -1532
6224 4878 15399 -2803 3722 -1410
6068 4456 15090 -2115 3464 -1208
5936 4432 14980 -1538 3205 -1094
6003 4641 15059 -629 2902 -963
6100 5155 15497 149 2825 -674
6018 5638 15968 177 2997 -553
5909 5905 16003 -70 3135 -571
5621 6030 16065 -520 3220 -571
5449 5728 16044 -804 3031 -366
5230 5404 15865 -817 2621 -149
5064 5104 15741 -553 2043 156
4990 4900 15728 -199 1164 420
4958 4850 15822 198 358 495
5021 4866 15804 443 -187 472
5142 4891 15840 553 -486 357
5375 4942 15732 462 -339 94
5463 4842 15709 174 7 -223
5419 4875 15654 -200 413 -600
5400 4806 15522 -637 557 -863
5346 4604 15410 -847 549 -818
5258 4550 15306 -712 346 -760
5300 4794 15353 -326 161 -639
5421 5033 15558 -82 27 -709
5498 5199 15581 -33 -61 -871
5588 5309 15489 -5 -3 -860
5576 5270 15478 16 63 -865
5632 5297 15533 34 222 -818
5597 5236 15550 -37 302 -690
5560 5216 15722 -72 279 -591
5441 5197 15760 -69 257 -547
5397 4986 15813 14 320 -451
5346 4940 15970 84 389 -454
5325 4960 15975 -66 538 -448
5240 4898 16028 -284 472 -405
5292 4840 16041 -391 311 -366
5260 4802 16077 -475 222 -345
5373 4650 15977 -471 131 -314
5421 4582 15952 -390 97 -342
5486 4552 15833 -205 151 -442
5552 4646 15841 -70 226 -595
5550 4758 15838 -146 394 -642
5558 4801 15693 -269 526 -666
5533 4845 15670 -370 544 -641
5530 4881 15584 -409 401 -611
5552 4840 15586 -317 186 -579
5686 4869 15488 -159 154 -593
5704 5026 15615 -159 442 -624
5620 5141 15508 -395 750 -693
5600 5172 15580 -497 923 -717
5546 5124 15487 -473 1141 -648
5450 5168 15499 -357 1164 -519
5376 5198 15590 -298 1052 -435
5465 5188 15460 -279 969 -328
5521 5112 15508 -75 924 -113
5538 5320 15644 104 956 -39
5513 5372 15842 30 873 34
5499 5149 15919 -24 871 203
5414 4993 15965 25 866 329
5207 4809 16141 -184 697 521
5004 4696 16234 -148 330 607
4932 4744 16240 -50 5 447
4928 4859 16230 -147 -63 190
4995 4960 16274 -451 -42 71
5017 4950 16199 -682 6 -31
4952 4948 15994 -751 -75 -99
4994 4888 15806 -633 -132 -180
4987 4880 15806 -522 -193 -72
4958 5137 15750 -432 -308 138
4888 5340 15876 -503 -472 319
4748 5521 15821 -619 -854 620
4768 5482 15756 -475 -1556 800
4893 5353 15658 -340 -1980 842
4965 5209 15458 -246 -2242 920
4962 5232 15356 -132 -2417 1075
5061 4900 15288 35 -2789 1122
5173 4751 15253 349 -3142 1131
5216 4660 15182 447 -3650 1009
5257 4393 15161 656 -3940 712
5357 4328 15200 812 -4039 523
5456 4356 15344 814 -4142 382
5537 4198 15188 693 -4272 77
5767 3991 14947 741 -4313 -440
6069 3941 14821 1031 -4173 -864
6406 4008 14734 1286 -3874 -1107
6540 4084 14760 1401 -3632 -1236