3381 6597 15603 247 684 2138
3024 7005 15804 262 509 2201
2906 7000 15894 145 418 2255
2800 7430 15884 248 226 2578
2911 7440 15861 668 -114 3220
3074 7614 16382 951 -632 3940
3028 7924 17056 -362 -2045 3901
2754 8170 16880 -2411 -3844 3264
2994 7039 16532 -3521 -5416 3068
3248 5617 15920 -2220 -7082 2559
3688 5314 15658 -664 -7734 2698
4180 5828 15728 508 -7899 2638
4932 6216 16006 920 -7735 2273
5521 6401 15874 688 -6667 1932
6269 6425 15765 216 -5294 1626
6557 6630 15541 -64 -3917 1524
6483 6968 15276 -223 -2028 1638
6039 7343 14655 -45 -575 1859
5926 7573 14321 816 -272 1913
6172 7577 14413 1881 230 2130
6533 7822 15237 1384 1151 2410
6688 7665 15549 255 2010 2575
6554 6760 15637 -751 2899 2692
5861 5846 15426 -1070 3689 2854
5292 5260 15422 -972 4118 3247
4295 5156 15423 -906 4334 4000
3415 5593 15813 -1676 3227 4298
3210 5666 16150 -2398 1848 3819
3375 5455 16401 -2633 935 3151
3905 4824 16270 -1465 683 2364
4082 4708 16134 231 980 1869
3736 5006 16129 1346 1007 1397
3356 5312 16101 1611 625 1297
2939 5967 16378 1047 -426 1059
2761 6490 16929 -463 -2000 623
3116 6128 16884 -1517 -2856 113
3655 5397 16785 -1945 -3364 -294
4777 4540 16433 -1092 -3125 -792
5788 4644 16200 304 -1745 -1342
6074 5133 15622 917 -869 -1825
6170 5566 15193 1184 -16 -2158
6288 5908 15088 1074 735 -2371
6034 6157 14984 784 1390 -2512
5690 6265 14626 291 1345 -2709
5320 6444 15162 -173 722 -2830
5480 6405 15512 -257 147 -2920
5516 6352 15522 86 -188 -3044
5698 6191 15430 1171 -379 -3206
5738 6472 15318 2221 -657 -3596
6058 6874 15343 2800 -206 -4191
6074 6725 15532 2982 405 -4456
5812 6674 15421 2438 863 -4362
5396 6693 15568 1215 1322 -4142
5146 6680 15800 405 1417 -3942
4933 6247 15931 -445 1043 -3693
4829 6328 16007 -711 188 -3822
5009 6430 15998 -682 -88 -4003
5236 6475 16070 -852 237 -4310
5278 6403 15844 -458 802 -4800
5160 6452 15668 334 1455 -5127
4934 7010 15804 498 1763 -5233
4726 7277 15772 720 1771 -4977
4333 7477 15641 551 1249 -4492
4165 7760 15341 415 488 -4276
4065 7972 15054 229 -58 -4014
3964 8232 14953 -34 -543 -3709
3937 8288 15056 -237 -994 -3269
4066 8334 15121 -241 -1205 -2722
4128 8386 15340 -412 -1298 -2138
4156 8409 15616 -672 -1337 -1436
4038 8614 15546 -503 -1343 -813
4068 8818 15536 -117 -1143 -408
4023 9201 15367 195 -960 139
3848 9124 15200 293 -1018 1035
3788 9210 14879 584 -1199 1723
4067 9170 14755 722 -1491 2532
4537 8891 14801 303 -1609 3115
4956 8379 14632 67 -1169 3576
5176 7982 14574 138 -793 4069
5283 7701 14413 367 -414 4709
5568 7478 14433 797 450 5576
5993 7393 14405 1147 1517 6266
6080 7453 14517 898 2549 6806
6262 7510 14384 418 3415 7315
6240 7722 14536 404 4488 7585
6340 7845 14490 232 6061 8386
6324 7952 14510 -77 7229 9059
6077 8188 14228 -711 8601 9712
5601 8154 14144 -1456 8755 9865
4949 7880 14313 -2269 7411 9328
4566 8313 14537 -3224 5522 7845
4540 7574 14628 -3556 4428 7025
4374 6502 14440 -3134 3163 6078
4194 5289 14979 -1425 1396 4989
4270 5096 15874 383 739 4506
4367 5170 16568 879 1120 3813
4268 5304 17009 560 1827 3017
4065 5328 17109 -189 2059 2314
3638 5304 17033 -1078 2003 1739
3430 4988 16840 -1618 1975 1681
3201 4845 16854 -1883 1515 1495
3845 5048 16810 -2130 400 1140
3160 4948 16850 -2495 -513 511
3553 5405 16901 -1787 -563 83
3620 5284 17094 -801 -517 -604
3668 5357 17111 187 -652 -1165
3603 5862 17125 1228 -564 -1450
3338 6272 16890 1432 -1055 -1433
2944 6155 16723 990 -1935 -1672
3181 6674 16699 573 -2803 -1757
3291 6210 16534 -50 -4110 -2144
3896 5981 16214 375 -4780 -2458
4596 5915 15689 1371 -4303 -2462
5083 6456 15337 2636 -3141 -1781
5364 7337 15125 2438 -2151 -1037
5526 7600 14810 1532 -1544 -601
5795 7665 14730 490 -706 -208
5837 7619 14617 -479 289 293
5810 7112 14624 -1316 902 415
5868 6967 14827 -1459 1665 77
5924 6445 14816 -1326 2134 -158
5978 6286 14956 -882 2373 -449
5772 6216 15238 -233 2697 -381
5584 6372 15414 140 2901 -245
5262 6841 15786 -190 2752 46
4746 7505 16107 -1766 1617 -259
4828 7142 15936 -1945 790 -803
4910 6735 15768 -1061 273 -1178
4860 6492 15568 173 404 -1300
4716 6659 15650 1034 1216 -914
4015 6989 15576 827 1573 -302
3730 7037 15450 254 1119 -234
3796 6652 15169 -553 267 -541
3936 6123 15123 -1034 -312 -1033
4421 5680 15262 -740 44 -1485
4874 5402 15383 -223 1428 -2029
5428 5399 15501 468 4359 -2829
5224 6085 15448 754 8107 -3687
4732 5990 15354 376 10407 -4095
3698 6470 15405 -391 10884 -4388
3270 6428 15384 -839 10351 -4596
2572 6349 15689 -310 8294 -4680
1129 6991 16452 2207 4035 -2172
2004 8252 17340 2736 946 -144
1196 8827 17862 1059 -2052 1776
953 9174 18908 -1141 -7059 3608
1628 9329 18801 -922 -9438 4120
2361 8513 18558 828 -10920 3925
3048 8002 18080 2904 -10999 3725
3791 7036 16838 5482 -10608 3574
4398 6409 15530 6914 -10172 2704
4830 6109 14620 7376 -8758 2029
4900 5741 13848 6646 -6961 1434
4958 5577 13175 4696 -5059 568
5073 5678 13005 2202 -3756 -613
4902 5554 12818 486 -2976 -1390
5159 5059 12666 -773 -1487 -2440
5541 4990 12554 -526 448 -3473
5857 5345 12793 -17 2317 -4532
6056 5950 13244 436 3549 -5132
6272 6625 13640 596 4385 -5538
6127 7845 14091 92 4666 -5885
5407 8833 14175 -759 4626 -5955
5920 9514 14397 -1940 3402 -5547
6538 9889 15238 -2669 3107 -5259
5134 10104 16237 -2526 3024 -4357
6012 10067 16397 -1561 2771 -3696
5531 9351 16147 -1308 941 -3156
5486 8937 15941 -1105 -1097 -3240
5648 8996 15899 453 -1898 -3229
5402 8702 15593 2312 -2234 -3030
5340 8288 14610 3562 -2286 -3168
5178 8441 14675 4115 -2813 -3407
4901 8768 14578 3608 -3392 -3208
4997 9020 14841 2620 -3036 -3447
4856 8690 15002 1464 -2643 -3481
5205 9050 15398 1017 -1247 -3788
5088 8616 15106 999 70 -4011
4930 8825 14972 881 1549 -4033
4565 8780 14946 753 2056 -4248
4194 8885 14876 1283 2640 -4339
3430 8872 14834 1447 2838 -4423
3285 9052 15097 2248 2275 -4385
2916 8862 15316 3368 1178 -4055
2870 8946 15892 4327 285 -3731
2780 9340 16069 4440 76 -3585
2801 9308 15804 4367 110 -3590
2653 9739 15294 4556 318 -3479
2563 9916 15071 4647 357 -3323
2584 10236 14834 4667 -41 -3412
2500 10362 14883 4846 -664 -2832
2389 10734 15129 4690 -1354 -1843
2506 11996 15426 3008 -1480 -1340
2602 13012 15537 -269 -1716 -1201
2414 12537 15412 -2391 -2352 -1037
2510 12052 15353 -3676 -3042 -774
2694 11653 15269 -4138 -3704 -581
2930 11216 15372 -4203 -4127 -341
3542 11175 15321 -4170 -4037 -58
3761 10969 15126 -4206 -4093 214