5572 10786 14808 2212 -1268 853
5318 9925 15077 3556 -2289 556
5541 10413 15227 5900 -3284 859
6230 10907 15445 7939 -4611 1070
6700 11548 15332 9276 -5579 600
7448 11483 14812 11186 -6110 -262
7618 11345 14294 14086 -6599 -1730
7902 11758 13304 18031 -6678 -4959
7364 11504 11973 21352 -5651 -8409
7626 11197 10873 25138 -3909 -9943
7721 11732 11784 26134 -1165 -10096
6417 16395 10201 23873 6387 -8197
6316 10086 11005 22425 10999 -8740
3196 14338 10529 16219 11320 -7594
2292 13126 9205 14197 12513 -6196
1501 14013 9744 12767 10192 -4901
1673 13814 9758 11010 7449 -4030
1885 13974 10065 8896 5073 -3660
2494 14918 9960 5899 4269 -3381
2441 14594 9838 3749 3488 -2571
2104 14292 9614 2690 2627 -1687
1932 14514 9573 2381 1712 -1504
1904 14766 9464 2633 1127 -1731
1974 15106 9604 2411 452 -1906
2035 15837 9780 1634 -357 -2701
2785 16215 9874 429 327 -3344
2851 16058 9815 -444 1385 -3306
2910 15892 9702 -467 2771 -3061
2801 15673 9429 -293 3484 -2825
2644 15188 9220 319 3617 -2623
2734 15244 9279 1441 3169 -1874
2512 15738 9430 2539 2154 -898
2386 16568 9848 2949 1424 -398
2168 17372 10326 2360 786 38
1963 18098 10407 954 141 288
1724 18008 10388 -67 -252 424
1835 17768 10418 -1042 -661 884
1703 17448 10122 -2022 -1234 1978
1652 17061 10041 -2313 -1710 2898
1788 16972 9962 -2584 -1957 3487
1803 16833 10057 -3322 -2386 4146
2302 16521 9981 -5147 -2684 5085
2742 16748 10038 -7590 -2283 5947
2993 16802 9998 -10711 -1954 7193
3224 17136 9897 -15250 -1544 9101
3316 17461 9626 -21116 -207 11847
2369 15275 8671 -24787 2000 12857
2062 13516 8510 -24096 2601 11130
2833 11629 8720 -19333 2010 8228
3328 10750 9853 -14209 -997 5328
4178 12654 10530 -11463 -2326 5813
4784 11929 11300 -10257 -1437 7716
5777 11486 11376 -9430 1399 8245
6356 10664 11086 -8690 3590 7373
6068 9732 11239 -8346 2793 3191
6019 9898 12449 -6237 1015 -1505
6085 10989 13451 -6225 14 -2145
6444 11312 13885 -7142 -281 -1531
6828 10628 14118 -6453 282 131
6842 10088 14314 -5459 250 484
6688 9866 14397 -5109 -349 -782
6308 10164 14787 -3742 14 -1584
6048 10654 15145 -2489 973 -1371
5616 10857 15162 -2130 1416 -680
5177 10840 15079 -2888 738 -666
4976 10610 14848 -3665 -359 -860
5044 9945 14502 -3534 -1096 -1057
5065 9636 14255 -1971 -876 -723
5001 9674 14082 -272 -663 -171
4897 9989 14090 716 -921 153
4832 10590 14066 803 -1716 -91
4914 10650 14064 456 -2447 -352
5266 10610 14001 115 -2000 -443
5462 10264 13642 -166 -682 -351
5203 10070 13432 -201 -212 -316
5086 10052 13370 -398 -154 -150
5131 9969 13320 -276 -88 30
5218 9951 13317 47 150 115
5322 10033 13465 199 293 -37
5424 10080 13572 192 306 -22
5422 10194 13652 -17 366 145
5464 10284 13802 -61 529 403
5489 10490 13880 -60 659 798
5489 10629 13962 -7 717 1228
5584 10744 14037 459 938 1761
5586 10866 14030 643 1169 2580
5644 10805 13956 749 1478 3196
5760 10624 13904 956 1839 3545
5608 10501 13784 1180 2248 3760
5501 10354 13686 1314 2459 3865
5316 10233 13742 1374 2333 4035
5282 10218 13716 1538 1994 4253
5254 10020 13772 2163 1559 4229
5172 10048 13932 2664 1141 4162
5246 10268 14100 2727 900 4124
5225 10641 14157 2458 691 4111
5281 10754 14304 1805 349 3990
5412 10888 14372 1260 145 3686
5430 10668 14116 741 -75 3420
5558 10355 13957 320 -410 3130
5682 10169 13780 245 -663 2690
5654 10042 13693 305 -860 2448
5762 10116 13728 419 -979 2244
5774 10131 13633 350 -1198 2054
5941 10097 13642 206 -1647 2049
6097 10265 13556 115 -2005 1988
6304 10156 13503 225 -2043 1783
6559 10224 13492 276 -1700 1556
6588 10324 13357 133 -1462 1488
6613 10217 13338 174 -1333 1381
6626 10335 13344 80 -1177 1156
6739 10265 13315 -122 -843 678
6796 10042 13260 -258 -333 183
6653 10054 13143 -578 84 17
6414 9848 13112 -1090 79 118
6483 9676 13180 -957 112 111
6530 9815 13344 -635 53 207
6605 10030 13505 -475 170 45
6618 10232 13629 -411 238 -57
6585 10296 13593 -329 116 -39
6626 10368 13532 -213 -79 51
6550 10446 13486 -135 -317 290
6572 10548 13533 -106 -569 513
6608 10730 13550 -109 -776 681
6657 10615 13541 -149 -986 838
6839 10723 13650 -249 -1015 882
6878 10664 13581 -390 -981 847
6865 10472 13505 -610 -913 895
6896 10264 13388 -634 -846 948
6917 10002 13286 -478 -943 903
6868 9854 13217 -379 -948 756
6957 9905 13314 -364 -1008 575
6906 9923 13386 -592 -965 369
6875 9956 13348 -933 -859 307
6895 9896 13238 -1143 -927 364
6868 9701 13140 -1076 -1104 260
6869 9638 13016 -870 -1217 91
6996 9474 12938 -534 -1237 -106
7080 9504 12908 -313 -1156 -305
7109 9708 12880 -239 -883 -375
7130 9810 12874 -360 -791 -354
7106 9864 12890 -593 -808 -473
7093 9993 12858 -755 -876 -524
7128 9930 12756 -816 -973 -527
7268 10040 12808 -696 -937 -495
7370 10173 12810 -588 -778 -413
7472 10040 12733 -548 -610 -463
7549 10100 12757 -449 -288 -498
7518 10194 12792 -504 -6 -575
7525 10236 12830 -669 243 -664
7390 10216 12910 -958 393 -633
7378 10318 12976 -1150 450 -647
7304 10098 12947 -1285 544 -727
7298 9852 12977 -1307 693 -945
7278 9658 12888 -1166 788 -1046
7229 9400 12845 -877 832 -1040
7249 9389 12841 -438 1063 -1037
7184 9732 13009 -283 1325 -916
7065 9989 13268 -571 1420 -641
7112 10272 13486 -843 1384 -525
7133 10272 13696 -1181 1231 -395
7138 10176 13597 -1458 1085 -371
7132 9872 13584 -1261 896 -346
7036 9814 13540 -871 776 -262
6902 9785 13482 -666 509 -70
6892 9830 13580 -395 320 164
6896 10076 13732 -291 237 390
6991 10206 13795 -492 31 511
7124 10244 13718 -686 -109 462
7129 9952 13638 -725 -266 379
7033 9913 13528 -700 -492 516
6874 9880 13464 -677 -841 788
6774 9836 13372 -625 -1322 1131
6793 9674 13353 -413 -1759 1375
6900 9633 13345 -232 -2226 1613
7098 9622 13358 -104 -2641 1671
7296 9690 13302 42 -2803 1519
7544 9633 13166 113 -2715 1401
7648 9641 13145 -2 -2671 1343
7764 9538 13056 -129 -2611 1289
7887 9536 12921 -28 -2521 1138
7936 9557 12802 9 -2234 934
7973 9623 12849 -228 -1888 872
7972 9676 12841 -484 -1522 712
8033 9686 12844 -662 -1122 519
8004 9564 12876 -771 -883 436
7919 9550 12752 -697 -667 375
7832 9460 12733 -502 -513 308
7820 9516 12736 -455 -538 371
7844 9413 12694 -379 -526 391
7925 9437 12765 -201 -529 421
7926 9565 12921 -136 -571 515
7986 9624 12968 -148 -591 481
8040 9778 13051 -236 -604 492
8052 9801 13119 -542 -769 487
8012 9814 13197 -744 -911 611
8084 9612 13165 -803 -1009 609
8136 9550 13080 -709 -1024 572
8180 9313 13005 -596 -1049 501
8224 9181 12989 -439 -1024 444