1648 13241 -10521 -53 -29 7704
2178 13880 -11037 241 496 6762
1377 14297 -11916 -236 841 5490
1474 13733 -12754 -1459 1019 5742
1713 14124 -13370 -1018 -176 4755
1402 13721 -13877 -1413 -1235 4151
1857 14017 -13684 -1750 -2020 3567
1684 14502 -13421 -1806 -2003 2913
1145 15217 -13085 -2436 -1453 2294
1156 15470 -13337 -3489 -1170 1915
902 15593 -12708 -4626 -64 1318
473 15245 -12127 -5388 125 1012
221 14566 -11033 -5459 277 783
1316 12437 -10378 -1852 1471 -638
954 12515 -9888 1087 2557 -10
848 14545 -9294 1082 3491 1180
1301 15374 -9586 -1121 4304 1705
1059 15398 -9967 -2992 4657 1322
1277 14674 -9495 -3145 3443 434
1820 16291 -9644 -7743 2502 -509
2002 14174 -10894 -8498 2043 -1293
1469 13410 -10872 -7696 250 -962
2770 14217 -10934 -5992 -1146 -750
1868 13900 -11121 -4999 -2057 -189
1644 13738 -11144 -3212 -3267 728
1916 14628 -10617 -2979 -4113 1384
1666 15220 -10118 -4117 -5319 1202
1854 15922 -10585 -5722 -5269 2027
1672 15076 -10778 -5613 -5416 2427
1604 14848 -10725 -4943 -5379 2610
1712 15140 -10816 -3910 -5050 2951
1727 14891 -10491 -2788 -5238 3371
1780 15417 -9620 -2155 -4617 3150
1941 15614 -9537 -3270 -3849 3286
2225 14441 -9750 -1913 -3522 4348
2057 14966 -9501 -1013 -3729 4976
2472 15394 -8894 -1226 -4138 4889
2376 15338 -9029 -1952 -4259 5208
2693 15804 -8898 -2441 -4423 5879
2916 15640 -8709 -3801 -4075 5299
3213 15365 -8673 -3919 -4645 4932
2922 15345 -8506 -4992 -4168 4716
3212 15645 -8697 -4920 -4556 4789
3026 15516 -8756 -5074 -4800 4361
3164 15280 -8868 -4920 -5111 4164
3224 15244 -8949 -4242 -5361 4130
3317 15346 -8917 -3422 -5389 4087
3286 15432 -8938 -2928 -5458 4167
3609 15793 -8936 -2706 -5420 4253
3473 15692 -9014 -2769 -5696 4356
3688 15870 -9033 -3104 -5799 4344
3689 15924 -9138 -3495 -6210 4245
3557 15700 -9382 -3898 -6662 4050
3636 15717 -9672 -4230 -6896 3910
3665 15652 -9668 -4384 -7165 3795
3662 15677 -9968 -4780 -7091 4542
3593 15461 -9657 -4502 -7650 5103
3234 15638 -9881 -4434 -7863 5268
3482 15405 -9470 -4253 -7496 5287
3409 15521 -9242 -4116 -7113 5087
3344 15473 -8925 -4005 -6768 4828
3240 15629 -8756 -4014 -6560 4738
2346 15305 -8510 -4086 -7037 5391
3345 15204 -8505 -4093 -7520 5956
3557 15529 -8297 -4170 -7462 5555
3272 15641 -8509 -4243 -7923 5370
3221 16380 -8934 -3877 -8970 5006
2482 17848 -10200 -3357 -9502 3637
804 18197 -11269 -3662 -10667 4503
1492 18896 -11598 -4220 -11195 5016
1384 18105 -11209 -4517 -11046 4862
1752 15981 -10016 -4140 -10294 6313
1628 15565 -9166 -3740 -9589 5833
1301 14509 -7768 -3745 -9237 6191
2084 14373 -7277 -4118 -9313 6480
2372 14942 -7224 -3731 -8858 5904
2048 15073 -7176 -3651 -8886 5302
1764 15810 -7281 -3821 -9855 4826
1505 16448 -7606 -4184 -10905 4653
1380 17380 -7856 -5067 -11489 4473
1446 17377 -8094 -6134 -11841 4149
1037 17156 -7885 -6834 -11781 3805
892 17082 -7596 -7104 -11311 3500
870 16705 -7428 -7100 -10790 3254
844 16452 -7170 -6874 -10450 3192
878 16166 -7172 -6515 -9683 3249
858 15896 -6952 -5706 -9551 3288
838 16141 -6853 -4986 -9334 3652
690 16494 -6872 -4677 -9193 3690
732 17005 -6872 -4461 -9355 3449
677 17314 -6850 -4494 -9360 3236
521 17530 -6912 -4632 -9197 2982
420 17454 -6944 -4405 -9244 2731
634 17580 -6950 -4124 -9165 2571
361 17306 -6973 -4028 -9310 2588
457 17270 -7022 -3550 -9279 2549
593 17186 -7040 -2943 -9008 2589
478 16960 -6888 -2339 -8953 2660
769 17008 -6792 -1817 -8541 2655
736 17066 -6670 -1420 -8323 2642
820 17236 -6628 -1198 -8053 2684
1005 17393 -6469 -1112 -7915 2634
930 17608 -6372 -1231 -7844 2675
944 17593 -6476 -1424 -7827 2656
1072 17829 -6430 -1449 -7730 2630
990 17734 -6197 -1569 -7715 2564
1046 17825 -6057 -1582 -7681 2471
1193 18074 -5984 -1610 -7503 2478
1128 18294 -5840 -2389 -7339 2299
837 17652 -5822 -3064 -7357 2148
744 17656 -6336 -3775 -6842 3025
853 17654 -5834 -2681 -6128 2518
1072 17220 -5693 -2409 -5318 3321
818 17142 -5766 -2110 -4487 3036
766 16752 -5670 -1861 -3818 3477
4 17781 -5453 -2612 -4297 3497
1216 18518 -5988 -3630 -5352 3287
1164 18625 -6776 -2591 -5892 2740
1057 19056 -6985 -879 -7013 2252
1252 19668 -6544 511 -7535 1882
1414 19181 -5905 790 -7493 2704
1533 18634 -5413 777 -7191 2599
2004 17436 -5356 1663 -6315 2264
1536 16737 -5289 1681 -4850 2440
1932 17338 -5486 855 -3107 2580
1989 16698 -5557 -85 -2524 3417
1805 16906 -5865 -1255 -2598 4456
1909 16886 -6377 -1778 -3174 3724
1525 16886 -6477 -2075 -4107 2642
1884 17178 -6418 -2628 -5193 2023
1964 17773 -6196 -3156 -5767 1031
1954 18181 -6146 -3683 -7096 -132
2260 17397 -6706 -3996 -7694 -428
1480 17673 -6016 -5132 -7989 739
1792 18001 -6133 -6580 -8896 906
241 16533 -6404 -7510 -9785 2457
2189 16930 -6509 -6443 -10229 3592
1393 16936 -6256 -6274 -10567 3004
1160 16729 -5697 -7293 -10899 3560
1218 16908 -5181 -8078 -11036 3566
1136 17354 -4562 -8896 -11792 1898
1365 17362 -4517 -10221 -12028 1709
1581 18000 -4109 -11516 -12524 412
2209 18080 -4388 -14727 -13654 -795
2441 20660 -4968 -16406 -13964 -2563
730 17664 -3505 -19371 -13942 -1230
1129 18941 -4116 -20036 -15315 -1067
1601 19270 -3677 -21251 -15463 152
1404 20052 -3430 -21772 -14605 1237
1932 20054 -2849 -21385 -14398 2046
873 19808 -2690 -21454 -12440 2248
1346 19992 -2749 -19367 -11652 1777
840 19065 -2556 -17581 -10313 1090
496 19445 -2852 -15671 -8257 1416
1660 20380 -2484 -14019 -6439 605
664 19192 -1873 -13558 -6481 -505
650 20188 -1276 -13159 -6390 -1426
1656 20612 -133 -13036 -4671 -4052
-294 18630 -437 -14070 -5004 -4071
1156 19014 428 -12305 -3666 -4242
344 17410 314 -11133 -3413 -860
635 17622 621 -9574 -3143 -213
267 17234 918 -8716 -3667 -694
218 17920 1479 -7275 -4028 -910
149 18685 1940 -6445 -3490 -1210
347 19182 2226 -5783 -2370 -1054
694 19178 2744 -5573 -1161 -783
804 18734 3163 -5719 360 -824
636 18681 3141 -5324 1604 -1097
922 18300 3352 -4486 2733 -1394
585 18146 3733 -3018 2997 -1607
-397 16593 3484 -3069 1523 32
-64 19449 3592 -1761 1848 -3212
-216 17376 3696 4 776 -1549
293 18737 3881 334 784 -59
533 18661 4080 1059 473 -191
238 18381 4016 1370 247 645
-114 18599 3800 1299 72 575
206 18412 3881 891 -1384 -64
289 18373 3805 29 -3104 -471
636 18370 3872 -910 -3890 -739
501 18537 3796 -2095 -4441 -1009
750 18505 3718 -2993 -5072 -1445
1185 18108 3658 -3208 -5691 -1513
1173 18138 3592 -3187 -5875 -1442
1232 18346 3656 -3182 -5737 -1390
767 18106 3734 -3461 -5569 -1135
498 17770 3872 -3636 -5392 -881
375 17540 3975 -3363 -5148 -757
246 17370 3910 -2525 -4675 -751
281 17381 3913 -1615 -4058 -705
428 17596 3840 -1109 -3523 -467
206 18247 3948 -278 -2284 -60
-381 18574 4109 187 -1002 -163
-441 18957 3983 244 -177 -215
-510 19452 3942 339 977 -164
-551 19810 3988 -34 2226 -157
-214 19757 4030 -730 3501 -141
280 20078 3685 -2453 5423 309
-1099 17447 3652 -1221 6318 -94