8992 9194 12546 -186 203 203
8942 9284 12597 -468 265 108
8859 9129 12472 -683 303 78
8718 8962 12360 -551 256 187
8670 8961 12414 -372 209 307
8737 8835 12288 -68 16 343
8795 8895 12296 303 -165 397
8865 9190 12514 334 -234 365
8928 9339 12494 62 -169 272
9053 9268 12469 -103 -48 137
9048 9169 12289 -169 54 -61
8913 9108 12310 -156 138 -100
8828 9143 12285 -158 259 -50
8865 9115 12298 -142 300 -40
8908 9132 12236 -107 241 -88
8916 9136 12322 -90 212 -103
8988 9144 12328 -97 270 -133
9021 9226 12420 -72 387 -136
8963 9198 12412 -144 432 -174
8909 9240 12507 -255 379 -150
8885 9241 12484 -273 320 -42
8873 9298 12628 -220 229 101
8892 9264 12638 -61 99 121
8949 9334 12698 62 -87 187
8999 9356 12634 39 -271 216
9029 9244 12517 -27 -383 155
9034 9129 12350 -118 -408 146
9086 9030 12311 -174 -281 81
9126 9016 12232 -206 13 -124
9068 9040 12224 -381 317 -302
9038 9170 12194 -583 551 -412
8925 9138 12269 -782 602 -431
8985 9224 12332 -919 772 -398
8796 9398 12240 -1161 725 -307
8853 9110 12301 -1102 614 -208
8876 9125 12304 -790 479 -166
8974 9173 12386 -486 460 -243
9004 9136 12483 -237 437 -294
8998 9260 12522 -187 375 -315
9023 9356 12606 -355 408 -261
8992 9157 12553 -573 309 -157
9026 9094 12494 -590 279 -140
9005 8967 12612 -424 276 -182
8982 9117 12667 -371 290 -187
8973 9154 12642 -520 250 -200
8989 9056 12606 -602 185 -218
8990 8969 12506 -608 174 -195
8966 9020 12487 -610 140 -123
8973 9056 12477 -593 140 -100
8988 9066 12515 -493 142 -60
8985 9188 12501 -514 106 -91
9002 9165 12373 -591 75 -145
9000 9026 12258 -609 31 -177
9022 8937 12170 -471 111 -209
9070 8952 12204 -300 189 -187
9054 9064 12369 -262 320 -163
9100 9316 12433 -412 400 -169
9025 9309 12522 -617 375 -124
9030 9330 12542 -758 421 -87
8986 9227 12542 -858 371 -29
8866 9126 12509 -727 325 97
8935 8927 12429 -415 229 155
8999 8810 12462 -112 193 84
9057 8890 12536 -90 327 22
9029 9067 12631 -341 484 -71
9004 9068 12648 -669 578 -90
8946 9071 12672 -890 633 -77
8852 8837 12508 -863 479 67
8912 8722 12493 -589 421 116
8908 8817 12523 -209 441 32
8828 8967 12573 -203 392 15
8873 9025 12623 -443 319 6
8948 8904 12512 -528 307 -39
8977 8729 12392 -433 322 -86
8962 8750 12372 -300 431 -121
8941 8874 12362 -273 579 -164
8901 9064 12513 -486 754 -271
8886 8954 12412 -783 746 -363
8864 8821 12310 -911 715 -370
8898 8589 12318 -802 846 -435
8945 8709 12269 -745 1026 -505
8919 8736 12384 -866 1289 -541
8920 8902 12466 -1147 1412 -489
8944 8960 12488 -1470 1498 -426
8957 8904 12531 -1677 1600 -447
8950 8938 12678 -1646 1753 -420
8941 8976 12762 -1632 1782 -373
8849 8999 12932 -1619 1785 -243
8754 9123 13132 -1549 1779 -95
8683 9221 13357 -1719 1734 -25
8482 9111 13358 -1928 1528 107
8409 8901 13281 -1842 1250 145
8265 8510 13128 -1182 744 152
8273 8330 13076 -315 429 161
8267 8506 13170 26 395 121
8365 8678 13160 -63 420 64
8306 8658 13157 -377 378 -62
8321 8692 13122 -660 450 -124
8360 8676 13042 -815 537 -201
8344 8519 13068 -917 566 -240
8264 8296 12876 -791 435 -238
8263 8300 12899 -440 399 -184
8314 8507 13001 -169 363 -188
8404 8524 12968 -264 375 -193
8492 8544 12967 -291 424 -331
8581 8494 12884 -403 541 -432
8564 8436 12828 -435 677 -504
8578 8386 12830 -377 780 -535
8548 8362 12828 -363 785 -526
8513 8417 12866 -296 803 -552
8498 8428 12822 -233 845 -512
8550 8470 12890 -265 828 -456
8570 8620 13004 -337 764 -518
8707 8605 13031 -471 842 -590
8757 8666 13121 -535 1053 -647
8846 8696 13289 -615 1379 -761
8932 8781 13360 -700 1805 -899
9018 8717 13446 -856 2212 -1100
9158 8416 13416 -1087 3005 -1656
9222 7866 13438 -855 4327 -2672
9424 7873 13220 -634 5754 -3370
9349 8029 13273 -736 7327 -3928
8864 8181 13484 -987 8731 -4150
8277 8552 13688 -1854 10344 -4122
7892 8945 13904 -2701 12321 -4138
7162 8626 14112 -3126 13196 -4478
6254 8346 13988 -3099 13814 -4757
5728 8208 13945 -2964 14409 -4589
5276 7838 13842 -2650 14633 -4467
4887 7499 13673 -2419 14795 -4704
4287 6700 13464 -1203 15162 -5530
3889 6218 13502 1649 15970 -6690
3318 6397 13592 3506 17294 -7765
2553 7766 13592 3331 18295 -7765
2345 7902 13557 2391 18493 -7574
1637 7906 13551 2158 18352 -8087
894 8546 14058 1443 18061 -8801
236 9329 14398 88 17543 -9976
-464 9873 14988 -1670 16903 -11312
-456 10240 15108 -3187 16414 -12135
-1252 9876 15202 -5448 15303 -12928
-1230 9942 15240 -7984 14013 -13707
-1738 9985 15510 -10250 12436 -13175
-2098 8645 15396 -11481 9477 -12247
-2609 7640 15546 -10422 7296 -11829
-2588 7834 15772 -9546 6657 -11226
-3169 8698 16404 -9790 6386 -10454
-3404 9069 16898 -10509 5817 -9624
-3672 8286 17018 -11055 5080 -9103
-3495 8146 16778 -11561 3573 -8351
-3244 7097 16444 -11611 1534 -7126
-2861 6232 15993 -11013 -260 -5515
-2374 4970 15316 -9481 -843 -4114
-1956 3790 14987 -6318 -79 -2662
-1929 4441 15275 -3098 2763 -1127
-2324 5364 15740 -2635 4692 -315
-3334 6512 16698 -4084 6081 865
-4941 6970 17663 -6919 5813 2594
-6278 5569 17936 -7200 3160 3493
-6834 5507 18772 -6194 -173 3740
-6583 5364 19350 -5390 -3214 3949
-6214 5478 19433 -5452 -4654 4060
-5836 5062 19134 -5478 -5067 3484
-5198 4278 18628 -5116 -4215 2629
-4572 4183 17989 -5016 -2965 1832
-4290 3713 17373 -4987 -2383 1080
-4385 3792 17062 -5140 -2604 696
-4478 3734 17068 -5190 -3616 711
-3992 3484 17114 -4542 -3724 260
-3532 3736 17330 -3913 -2672 -365
-3127 4295 17085 -3811 -1256 -1070
-3093 4148 16701 -4103 -869 -1403
-3162 4037 16617 -4300 -1152 -1309
-3174 4080 16476 -4574 -1858 -973
-2927 3428 16556 -4255 -2421 -759
-2798 3380 16744 -3925 -2309 -872
-2600 3325 16805 -3742 -1764 -1016
-2428 3196 16952 -3471 -902 -1390
-2564 3364 16937 -3640 -593 -1524
-2798 3110 16710 -3816 -1305 -1247
-2910 2714 16586 -3455 -2199 -827
-2810 2360 16497 -2781 -3090 -392
-2690 2418 16676 -2075 -3475 -70
-2404 2746 16922 -1776 -3382 -51
-1903 2807 16948 -1537 -2360 -397
-1585 3254 17022 -1989 -707 -1387
-1846 2730 16520 -2525 -205 -2405
-1849 1878 16093 -2123 -270 -2626
-1818 1572 15796 -1207 -392 -2236
-1788 1677 15884 -400 -598 -1790
-1885 2072 16093 -80 -754 -1639
-1768 2468 16354 -351 -591 -1874
-1697 2691 16583 -1089 -206 -2202
-1767 2103 16429 -1011 44 -2515
-1986 1807 16407 -149 -42 -2566
-2065 2249 16670 240 -62 -2419
-2110 2644 16734 -175 -364 -2175
-2225 2426 16612 -590 -1165 -1829
-2078 1862 16512 -143 -1599 -1570
-1813 2114 16552 387 -1414 -1317