1343 18978 1161 -471 -45 276
1377 18754 1141 -308 239 420
1364 18665 1230 -119 315 524
1388 18716 1222 -116 389 540
1377 18822 1324 -162 430 555
1332 18790 1366 -198 398 504
1411 18785 1385 -277 395 365
1423 18789 1327 -166 405 255
1486 18686 1244 -108 461 174
1481 18648 1218 -99 424 174
1521 18433 1198 85 355 242
1541 18313 1124 360 311 334
1487 18415 1276 605 122 467
1498 18536 1216 758 -106 571
1569 18760 1194 736 -195 533
1582 18860 1233 550 -158 476
1645 18849 1172 419 -199 416
1575 18924 1045 485 -222 271
1667 18931 1165 486 -242 52
1520 19013 1274 60 -290 -68
1484 18794 1498 -675 -675 33
1496 18174 1361 -693 -1240 18
1506 18422 1212 -450 -1620 109
1469 18412 1473 -223 -1695 73
1678 18230 1416 -48 -1753 146
1682 17846 1144 592 -1653 375
1582 17961 1026 1237 -1610 837
1678 18473 1097 1623 -1582 1050
1612 18996 882 1401 -1253 1183
1610 18945 598 1378 -1130 1612
1692 18705 382 1495 -878 1588
1721 18954 396 1692 -806 1567
1778 19342 294 1159 -840 1553
1710 19425 253 291 -956 1664
1662 19242 345 -932 -1370 1885
1493 18617 529 -1080 -2353 1744
1450 18668 753 -315 -3319 1860
1826 19521 728 249 -2847 1559
2008 19754 788 172 -1958 1459
1932 19548 650 177 -1148 1416
1981 19406 753 187 -566 1244
1757 19216 766 253 -434 1052
1949 19224 550 217 -302 971
2023 18989 567 -34 -211 953
2026 18762 481 -84 -275 881
2246 18704 462 -156 -268 669
2311 18743 466 -358 -129 482
2296 18854 551 -857 -51 319
2305 19026 501 -1446 5 149
2170 18829 577 -2052 -43 35
2161 18778 672 -2216 -260 -189
2196 18781 804 -2448 -306 -221
2161 18869 781 -2585 -334 -221
2128 18700 869 -2686 -290 -58
2053 18754 950 -2725 -311 -24
2298 18790 1128 -2974 79 37
1932 18730 1248 -3075 -148 -155
1740 18825 1364 -3128 -668 -447
1894 18981 1534 -3510 -1184 -668
2065 19130 1598 -4223 -1302 -551
1582 19130 1726 -4878 -1905 -756
1929 19006 1872 -5732 -2537 -836
1888 19276 1877 -6809 -2946 -1005
2160 19136 2282 -7713 -2966 -668
1854 19001 2025 -8251 -3171 -674
2038 18709 2377 -8687 -3070 -673
1898 18596 2437 -8771 -3317 -871
1934 18804 2790 -9237 -3582 -1119
1910 18820 3206 -9910 -4040 -1303
2192 19170 3509 -10819 -4128 -1225
1980 19122 3708 -11800 -4292 -1174
2125 18837 3818 -12875 -4429 -883
2081 19112 3857 -13739 -4448 -574
1936 18880 3884 -14610 -4437 -212
2025 18749 3949 -15207 -4493 -347
2234 18585 4025 -15474 -4440 -483
2382 18418 4201 -15547 -4484 -479
2406 18386 4592 -15354 -4844 -134
2337 18605 4865 -15163 -4982 10
2345 18992 5281 -15559 -5036 -75
2392 19002 5661 -16317 -5175 -323
2649 18822 5780 -17180 -4980 -389
2538 18449 5956 -17718 -4464 -319
2704 18002 6121 -17672 -4153 -337
2694 17520 6221 -17484 -3639 -34
2632 17282 6586 -16911 -3456 261
2664 16936 6956 -16077 -3298 557
2516 17100 7357 -15472 -3402 950
2636 16957 7556 -15520 -3441 1054
3286 16777 8046 -16122 -2903 1569
3021 16250 8932 -16149 -2843 1580
2934 15606 8861 -15685 -3131 2020
3285 15400 8917 -14865 -3020 2160
3792 14916 9384 -13877 -2092 2529
3560 14516 10277 -12799 -1849 2639
3573 14334 10633 -11609 -1576 2549
3604 14165 10756 -10274 -1235 2280
3608 14077 10954 -8806 -618 2248
3196 14276 10661 -7853 -351 2115
3170 14780 10612 -7556 -173 1947
3488 14838 11018 -7882 280 1956
3318 14554 11656 -8730 292 2108
3080 14433 11950 -9832 -621 2665
2994 13631 12300 -11419 -941 3632
2820 13556 12332 -12554 -2108 3668
3149 12578 12828 -11598 -2436 4423
3569 11412 13625 -9830 -3375 5308
3854 12040 14793 -9502 -4635 6950
3836 12937 15114 -11252 -5471 8212
4083 11606 13851 -11201 -5138 8159
4833 10265 12910 -9097 -4227 7841
5045 11349 13313 -6991 -3603 8625
5448 12105 13804 -5985 -3287 9474
5526 13326 12962 -7273 -2679 9439
4956 13260 12558 -9448 -3215 7568
5706 11620 12446 -12308 -3369 5718
6325 10597 12501 -13041 -3456 4450
6902 8933 12362 -10734 -2743 3601
7228 7594 12309 -7652 -1755 3703
7388 7549 12438 -4678 -699 4198
7214 7821 12636 -2436 -6 4610
7246 8258 12745 -631 716 5046
7657 8462 12901 900 1692 5781
7521 8916 12897 725 2528 6425
7044 10046 12805 -743 2711 6193
6816 10398 13118 -2903 2377 5766
6829 10236 13488 -4416 1921 5325
6884 9450 13496 -5340 1618 5367
7145 9053 13586 -5465 2147 5686
7305 8284 13841 -5171 2715 6329
7476 7874 14368 -4476 2836 6770
7286 7994 14417 -4068 2834 6425
6774 8578 14048 -4369 2336 5558
6585 9268 13832 -4221 1532 4131
6605 8870 13814 -3536 990 2805
6529 8442 14189 -3019 854 1994
6725 7881 14685 -2939 848 2023
7144 7869 15146 -2969 906 2310
7174 7640 15282 -3167 825 2494
7090 7548 15017 -3633 442 2530
6652 7302 14114 -3766 80 2480
6628 7582 13274 -3327 487 2593
6504 7320 13648 -2621 971 2252
6058 7317 14620 -2929 178 1803
6973 6829 15062 -3865 -336 1922
7080 7008 15416 -3930 -284 1231
7508 6084 15146 -3378 450 1003
7510 5714 15006 -2727 1615 610
7278 5796 14800 -1833 2626 542
6866 5864 14281 -1609 2892 285
6462 6228 14173 -1938 2735 196
5940 7070 14506 -2243 2374 469
5728 7161 14830 -2951 1363 947
5709 6698 15248 -2939 374 934
6213 6064 15186 -2556 -264 832
6529 5997 15385 -2074 -448 531
6833 6292 15501 -1657 -225 231
6965 6472 15433 -1538 280 -82
6780 6621 15045 -1585 834 -77
6825 6236 14818 -1565 1027 -92
6713 6429 14918 -1454 923 13
6592 6788 15028 -1500 490 233
6492 6801 15153 -1390 141 279
6689 6610 15114 -1088 -27 346
6748 6625 15312 -931 -99 261
6880 6969 15374 -1078 -215 -8
6870 7062 15306 -1415 -175 -476
6988 6845 14816 -1934 122 -775
6832 6190 14521 -2160 399 -859
6765 6030 14157 -2022 693 -819
6614 5606 14166 -1488 696 -598
6569 5525 14202 -864 694 -337
6544 5524 14248 -378 638 -140
6661 5760 14393 -164 608 -41
6747 6035 14499 -47 724 -129
6757 6168 14458 -256 996 -281
6641 6342 14618 -651 1280 -403
6649 6234 14652 -1104 1374 -521
6420 6174 14577 -1228 1399 -439
6354 5928 14593 -1008 1231 -420
6206 5864 14656 -614 1077 -256
6260 5838 14898 -171 825 -90
6280 6148 15168 231 652 -42
6405 6406 15414 274 582 -96
6384 6332 15380 -25 545 -157
6402 6576 15421 -421 522 -150
6404 6238 15288 -533 398 -208
6296 6124 15150 -503 500 -149
6232 6218 15344 -469 453 28
6268 6105 15424 -290 207 180
6384 6153 15453 -47 29 271
6523 6284 15508 43 -122 160
6634 6375 15543 -196 -14 -6
6666 6388 15408 -452 95 -84
6546 6250 15309 -599 47 -2
6594 6042 15041 -648 -144 136
6620 5830 14757 -409 -334 208
6761 5757 14552 -177 -405 215
7032 5621 14232 103 -45 158
7260 5553 13829 164 792 0