4022 10561 15325 -1680 -671 -1264
3761 10497 15298 -2215 -539 -1576
3658 10076 15101 -2756 -694 -1877
3592 9665 14888 -3000 -1148 -2111
3597 9487 14541 -2820 -2102 -2415
3957 9203 14462 -2146 -3143 -2795
4252 9289 14792 -1513 -3454 -3124
4908 9590 15048 -1274 -2664 -3452
5435 9913 15328 -1662 -1270 -4093
5480 10405 15156 -2382 -151 -4498
5390 10492 14870 -2836 515 -4587
5318 10651 14493 -2779 827 -4465
5273 10767 14274 -2340 868 -4007
5457 10778 14354 -2060 990 -3282
5742 10677 14364 -1928 1379 -2613
6110 10483 14041 -1940 1910 -1802
6272 10093 13681 -1676 2659 -832
6096 10078 13306 -1330 3047 -322
5660 10334 13074 -1138 2328 -1066
5290 10040 13276 -1835 743 -3023
5245 9322 13466 -2272 67 -3819
5153 9008 13941 -2451 301 -3617
4882 8902 14166 -2666 408 -3206
4434 8823 14414 -2924 84 -2696
3980 8496 14504 -2715 -1311 -2414
3793 8307 14639 -1474 -2684 -2865
3858 8352 14862 -876 -3312 -3327
3894 8243 14804 -694 -3880 -4135
4068 8354 14977 -856 -4144 -5325
4260 8721 15037 -1821 -3982 -5877
4217 8981 15190 -2974 -4072 -6153
4017 9381 15428 -4082 -4381 -6416
3965 9546 15462 -5078 -4907 -6707
3888 9564 15464 -5783 -5412 -7018
3759 9451 15316 -6629 -6446 -7550
3692 9075 15080 -6953 -7799 -8472
3745 8785 14898 -6413 -8745 -9115
4146 8728 14648 -6360 -8910 -8760
4310 8605 14559 -6330 -9224 -8203
4860 8524 14311 -6071 -9117 -7961
5536 8585 14117 -5900 -8393 -8236
5714 8798 14016 -6129 -7818 -8468
5738 9098 13895 -6621 -7209 -8815
5725 9393 13913 -6693 -6446 -9283
5934 9082 13650 -6464 -5865 -9403
6185 8517 13576 -5824 -4972 -9356
6592 8198 13382 -4934 -3326 -9285
7252 8385 13580 -4232 276 -9243
7141 8937 13879 -5118 4279 -9408
5738 9352 13982 -6815 7244 -10241
4262 8397 13582 -8123 7857 -10177
2517 6413 13701 -7192 5876 -8435
500 7160 15044 -6066 1319 -3873
3496 8094 16885 -4648 -3415 -644
310 7802 17437 -6212 -10434 3102
454 8966 19430 -5333 -17540 5318
1884 9692 21366 -2582 -22511 6230
4375 9667 22064 237 -27700 5458
6942 10082 21377 2410 -28742 3439
7748 9240 19848 3459 -27901 2750
7942 8598 17677 4943 -27703 2532
7950 8321 15052 6600 -28613 1833
8024 8189 13009 6513 -29176 942
8590 7546 11678 6641 -28500 -56
9328 6625 10043 6882 -27018 -958
9488 5400 8419 7907 -22861 -2484
10113 5454 7518 7880 -18259 -3666
10061 5660 6829 6964 -14207 -4471
10364 5622 6592 5972 -10670 -5239
10167 5787 6544 3050 -6499 -5930
10278 6194 6696 -771 -2512 -6403
10110 6557 6823 -4947 1200 -6835
10068 6672 7170 -9238 5349 -7496
10022 6853 7728 -11415 7978 -8158
9948 7285 8480 -12559 10200 -8422
9987 7777 9818 -12746 12568 -8701
10140 8262 11305 -11347 14834 -8743
10136 8644 12880 -8869 16937 -8510
9557 9250 14409 -7646 17904 -7825
8430 9789 15188 -7686 17633 -7511
7749 9653 15436 -7203 16956 -7689
7156 9146 15341 -5444 15825 -8510
6624 8764 15044 -3750 15191 -8915
5907 7997 15227 -1018 14111 -8746
5651 8235 15788 2395 13122 -8137
5716 8616 16114 3604 12384 -7573
5547 8891 15922 3216 11700 -7005
5301 9552 15649 1568 10771 -6256
4876 9721 15668 -1129 8980 -5104
4269 9546 15756 -3153 6819 -4137
4068 9660 15869 -3782 5028 -3526
4157 9304 15754 -3626 3415 -3318
4198 8542 15458 -2788 2004 -3381
4457 8122 15440 -1249 1078 -3579
4766 7945 15588 732 1065 -3940
5065 8029 15568 2359 1612 -4401
5298 8358 15285 3137 3213 -4782
5144 8462 14916 2433 5076 -5173
4940 8586 14836 1474 5934 -5248
4255 8799 14915 -481 6212 -4670
3717 9365 15016 -2768 5657 -3725
3532 9324 15288 -4105 4930 -3372
3066 9397 15500 -4990 4101 -2897
2732 9068 15486 -4916 3135 -2485
2706 8946 15532 -4105 2079 -1434
2480 9163 15808 -2329 402 814
2720 9981 16276 -1258 -557 2770
3051 10243 16650 -1085 -783 4082
3206 10732 16924 -1996 -703 4397
3194 10636 16845 -3877 -592 4313
2940 10730 16950 -5516 -1246 4144
2549 10244 16451 -6478 -3091 3727
2526 9153 15594 -6163 -6146 3234
3071 7554 14486 -4479 -8664 2892
4054 6354 13786 -1783 -9520 2346
5275 6354 13540 497 -8890 1498
6365 7399 13608 1438 -6634 -139
6698 8736 13901 -617 -3946 -1482
6805 9265 14094 -3370 -2290 -1851
6518 9062 14130 -5546 -1566 -1715
6495 8907 14367 -7376 -1360 -1423
6464 8460 14275 -8421 -1900 -1230
6718 7785 14044 -7705 -2714 -1311
7245 7147 13547 -5152 -2676 -1355
7730 7106 13268 -1831 -1742 -1268
8020 7680 13109 944 -449 -937
7881 8662 13243 1579 615 -289
7804 9156 13414 719 1058 145
7936 9262 13609 -225 1556 416
8131 9015 13897 -1575 2892 453
8318 8113 14264 -2354 4923 398
7872 7673 14708 -2225 5845 501
7400 7764 15024 -2049 6387 629
7116 7617 15294 -1733 7110 878
6401 7552 15349 -1434 7589 1036
6196 7158 15456 -1715 7361 1331
5637 7388 15516 -1885 7648 1197
4841 7153 15453 -803 8276 1859
3960 6496 15597 -921 8349 2589
3750 6868 15317 -596 8065 3068
3382 6646 15166 -368 5909 2920
3452 5984 15398 -2464 3313 2760
3726 5929 15358 -2584 2565 2440
3547 5952 16516 -1623 3443 2464
3190 6590 17292 -3121 3236 2514
3192 6578 17258 -3874 2421 2317
3357 5766 16509 -2730 1332 2260
3400 6181 16058 -1161 528 2670
3596 6586 15988 -532 191 2908
4084 6600 15732 82 75 2719
4725 6590 15466 862 596 2266
4944 6386 15076 960 851 1840
5089 6756 15148 571 1272 1143
5058 6984 14789 -543 2204 -211
5374 6181 14534 -1186 3737 -1546
5629 5936 14770 -1492 6012 -2395
5625 5962 14942 -1833 8471 -3291
5310 5913 14862 -1769 10487 -4245
4068 5630 14772 -1945 11976 -4247
421 3913 15906 1300 8346 -1963
1276 8196 17985 3283 4086 2243
496 10220 18313 706 916 4637
346 9716 19512 -2266 -3129 6247
82 7710 20368 -1843 -8462 6814
-218 6888 20242 867 -14627 7438
426 7582 20165 4810 -20347 7673
1084 7798 20170 7720 -24478 7343
2048 8127 19559 9789 -28379 6574
4082 8377 18125 9880 -30365 5334
7046 7018 16262 8829 -27911 4653
8937 6376 13687 7131 -22662 2723
9144 5784 11707 4591 -18105 1093
8613 5998 10212 2282 -14752 -415
8460 5938 9340 92 -12647 -1621
8617 6428 8946 -2426 -10438 -2673
8788 6053 7918 -4725 -6974 -3337
9268 5318 7519 -5399 -2232 -3440
9616 5134 7720 -5262 1399 -3568
9552 5360 8330 -5197 3552 -3852
9406 6130 9034 -5048 4961 -4020
9189 6638 9943 -4712 6209 -3573
9253 8366 11810 -4447 7656 -2343
9354 9357 13302 -4677 8786 -1609
9426 9646 14070 -5430 9236 -1373
9338 9154 14476 -5883 8919 -1310
8744 8551 14710 -5832 7858 -765
7998 8091 15126 -4614 6599 147
7608 7737 15196 -2890 5807 858
7554 7168 15349 -1119 4928 1396
7306 6998 15329 208 3404 1471
7868 6854 15573 605 1845 1409
7697 7385 15686 247 963 1022
7516 7110 15690 742 2880 1845
6866 7014 15302 1286 5133 3019
6984 6582 14861 1413 4989 3534
6649 6362 14672 718 4071 3542
7204 6854 14622 526 3001 3107
7056 6405 14724 162 2600 2660
7003 6237 14658 595 3058 2550
6754 6446 14774 1254 3571 2612