6508 8658 14112 -377 -621 -963
6529 8490 14137 -318 -656 -1121
6662 8538 14224 -91 -542 -1195
6572 8521 14340 -210 -336 -974
6542 8498 14332 -167 -180 -937
6492 8491 14461 -189 -101 -867
6449 8632 14547 -307 18 -779
6413 8536 14656 -542 -127 -718
6341 8285 14598 -495 -313 -528
6372 8229 14580 -275 -337 -473
6481 8111 14638 -59 -387 -564
6497 8092 14597 -143 -260 -630
6548 8096 14617 -281 -142 -700
6552 8158 14626 -316 -55 -712
6630 8216 14612 -394 68 -736
6593 8363 14628 -573 152 -749
6605 8369 14624 -708 207 -623
6644 8348 14517 -574 217 -557
6700 8389 14386 -306 119 -583
6587 8274 14416 29 -17 -742
6912 8391 14084 573 367 -671
6866 8464 14224 391 538 -950
7026 8612 14130 377 980 -1065
6881 8387 14204 490 1688 -907
6743 8789 14364 213 2330 -582
6509 8780 14320 -81 2487 -553
6354 8786 14309 -65 2699 -549
6151 8532 14329 143 2873 -605
6118 8597 14376 545 3169 -550
5996 8556 14504 881 3204 -650
5376 8648 15032 1182 2584 -527
5364 8712 15128 1772 2085 105
5259 8584 15049 680 1630 -122
5434 8913 14929 415 942 -891
5580 8732 14578 809 784 -1503
5857 8960 14583 934 1227 -1612
6030 8256 14493 1004 1596 -1552
5616 8269 14159 1231 986 -1127
5589 8944 13824 1243 600 -1034
5473 8934 13766 1076 5 -1032
5673 8901 13788 970 -317 -1053
5833 9373 13824 1074 72 -778
5769 9649 14427 248 565 127
5629 9884 14636 -591 596 647
5405 9995 14552 -847 0 589
5424 9705 14353 -244 -838 296
5277 8930 13988 197 -1563 -100
5354 8578 13845 1272 -2263 -458
5418 8400 13582 2614 -2877 -523
5554 7823 13227 4088 -3097 -845
5928 7546 12804 6551 -3257 -1248
5873 7720 12454 8532 -3329 -2552
6045 7886 12316 11671 -3183 -4584
6062 7557 11633 15473 -3432 -6922
6532 7094 11186 19016 -1549 -8016
6382 7233 11281 22662 -917 -8718
6641 7662 10970 26225 -372 -9597
7359 9043 10870 30220 4529 -8528
6497 11653 11320 31320 8544 -6802
5304 13384 11556 30348 9380 -6055
4525 15488 11750 27917 10963 -4756
2654 18094 11081 22499 9561 -4786
2370 17475 10297 18710 7371 -4065
2469 17736 9570 15940 5724 -3242
2253 17769 9099 13798 5322 -2267
1973 18038 9038 12860 5118 -1121
1940 18113 9131 13252 4965 164
1786 18270 9197 13310 4744 712
1690 18344 8752 12965 4421 696
1906 18045 8022 12837 4372 705
2340 17391 7526 13362 4354 882
2393 17052 7112 13766 4365 1008
2631 17107 7017 13734 4766 1153
2508 17524 7019 12266 4405 858
2859 17372 6611 9814 4046 436
3010 16440 6526 9441 3714 488
3278 17509 6449 9019 3338 781
2960 18024 6605 7471 2788 239
2830 17758 6372 6260 2258 -517
2710 18216 6014 5608 1864 -401
2852 18549 5577 5074 1572 -256
2827 18607 5259 4780 1517 -286
2840 18154 4888 4965 1530 -659
2963 17717 4675 5546 1464 -755
3092 17446 4482 6144 1200 -753
3154 17353 4341 6515 806 -636
3092 17433 4050 6710 431 -479
2970 17432 3913 6277 -44 112
2896 18760 3910 5472 -196 185
2536 19240 4019 3542 -1352 -450
2836 19856 4416 2405 -2257 -1070
2868 19879 4311 1091 -3015 -809
2950 19801 4133 -500 -3855 -304
3046 19520 4053 -1628 -4302 122
3308 19251 3884 -2423 -4363 511
3084 19080 3949 -2511 -4221 523
2908 19144 3940 -2465 -3953 330
2836 19246 3978 -2547 -3552 -70
2828 19034 3844 -2756 -2990 -329
2714 18796 3672 -2817 -2797 -191
2660 18244 3545 -2534 -2073 -131
2548 18094 3260 -1837 -2126 -163
2573 17832 3340 -1029 -2349 92
2440 18068 3342 -5 -2090 106
2697 18248 3218 344 -1255 37
2362 18444 3188 473 -704 78
2251 18874 3042 217 71 26
2083 18783 2909 180 837 -200
2249 18682 2934 353 1552 -557
2354 18232 2844 476 1911 -783
2521 18043 2758 586 2053 -720
2706 17949 2713 642 2081 -699
2760 17865 2870 598 1938 -491
2724 17964 2932 504 1823 -342
2881 18112 3099 337 1745 -391
3068 18429 3393 -221 1669 -632
2976 18530 3678 -682 1623 -802
3351 18394 3865 -1071 1534 -1025
3556 18232 3967 -1505 1327 -1368
3534 18060 4076 -1537 1451 -1134
3650 18073 4171 -1289 1422 -938
3568 18236 4344 -698 1583 -673
3448 18390 4432 -303 1738 -278
3316 18765 4593 -95 2065 83
2916 19419 4694 -498 2412 224
2380 19462 4430 -1294 2116 -158
2677 19133 4372 -1726 1622 -524
2816 18740 4100 -2015 1176 -307
2906 18409 4018 -1770 987 80
3054 18066 3941 -1168 984 93
3028 18017 3764 -510 1366 -12
3061 18007 3866 190 1651 -191
3063 18053 3961 245 1610 -171
3158 18036 4188 -63 1215 -175
3182 17974 4494 -680 768 -262
3421 17707 4761 -1335 111 -580
3574 17323 5140 -1940 -812 -1088
3728 17168 5361 -2109 -1704 -1535
3948 17388 5560 -2159 -1812 -1675
3456 17612 5761 -2412 -2531 -2224
3202 18350 5890 -2828 -3141 -2933
2905 19805 6215 -4664 -3755 -2949
2933 21948 6602 -8841 -4869 -2403
2452 22696 6409 -15108 -6131 -632
2096 22971 5610 -22246 -9500 -787
2048 21441 4988 -26108 -12332 -1272
2448 19988 4980 -27977 -13484 -1106
3529 17911 5702 -27285 -14306 -628
4198 15928 7072 -23868 -13464 491
4522 15476 7704 -20676 -12412 812
5432 14137 7872 -16753 -10530 866
5501 12756 8119 -10338 -7625 1189
5242 12493 8345 -4607 -4899 1140
5154 12276 8120 -843 -2603 416
4679 12013 7748 2501 -61 -407
4360 12541 7938 4954 1397 -866
3665 13848 8169 6012 2135 -660
2954 15222 8391 5583 2332 -593
2344 17257 8552 3167 2042 -1867
3311 18376 8561 -769 2324 -2714
2734 18742 8334 -3362 2566 -2978
2772 18562 8010 -5879 2779 -2117
2127 17684 7721 -5578 1735 -113
2392 17546 8051 -3399 662 1027
2961 17411 8798 -2005 114 530
3098 17200 9584 -2748 378 -281
2983 15502 10018 -4107 228 -1822
3416 14468 9948 -5126 105 -1996
2939 14181 9817 -5197 -476 -1770
2932 14140 9544 -4401 -1020 -1692
2955 14090 9652 -3339 -1104 -1238
2653 14561 9706 -1967 -692 -1239
2854 15145 9767 -1154 -12 -1552
3229 15701 9736 -1118 705 -1604
3106 16352 9484 -1344 1049 -1577
3008 16625 9400 -1755 873 -1385
2753 16394 9088 -2469 240 -541
3032 17116 9328 -2978 -42 -457
2916 16431 9523 -3583 -230 -196
2804 16690 10072 -4614 -613 460
2632 16186 10380 -5854 -668 845
2568 15237 10142 -6115 -810 810
2012 12340 10480 -2838 -1253 380
3925 12849 11344 410 -622 74
3744 13626 11500 1190 573 41
2888 14045 11200 1420 787 -344
2810 14086 11032 1921 711 -543
2940 14570 10940 1988 940 -437
2400 14878 10649 2711 1111 -443
2562 14964 10402 4112 1140 -496
2820 15009 10416 4909 1313 -309
2812 15296 10353 5352 1560 -152
2884 15460 10218 5775 1836 -157
3146 15051 10321 6974 2044 -151
3396 15220 10251 8482 2333 420
3056 16029 9925 9055 2660 273
2805 16298 9674 8835 2712 -283
2856 16470 9218 8321 2723 -788
2846 16536 8865 7570 2566 -901
2884 16737 8646 6996 2481 -847