418 6278 6568 -11609 -20009 -15259
-164 5296 6347 -8852 -20104 -18041
-578 5065 5037 -4508 -26484 -19448
182 4606 4400 -1313 -26896 -17557
450 5694 3590 730 -26809 -16642
1110 5990 3269 2810 -22392 -15541
705 6384 2343 3385 -12796 -17852
-2438 9425 1855 5943 -11126 -22794
-3513 15196 2133 7587 -9989 -25432
-3960 18557 1881 6887 -8855 -25724
-4634 23140 2310 4046 -9045 -24479
-4388 25962 2330 914 -8955 -23823
-5394 29834 2497 -1949 -8740 -23079
-6338 32767 3566 -5876 -9088 -20927
-6794 32767 3965 -8376 -11469 -19107
-6253 32767 3257 -8270 -12471 -15786
-5990 32767 2570 -4271 -12483 -11557
-5149 32767 2008 3067 -10780 -6589
-3796 32767 926 9753 -9388 -1235
-2808 32767 92 12676 -8603 1785
-1845 32767 -655 14809 -7827 4654
-796 32767 -1152 13989 -5495 9431
-1484 32767 -1432 7970 -3509 12030
-1555 32736 -2809 2427 -3152 13801
-856 30044 -3734 1701 -1996 15772
185 27160 -3770 3705 -542 17372
1538 23735 -3634 7178 2311 19498
2373 21712 -3529 11044 6190 19486
1866 19670 -3859 12062 10252 19202
3040 16938 -2866 13329 10832 18479
2378 14761 -4020 17315 12506 17322
2506 14364 -3444 20396 14878 16973
-2058 15803 -4934 12961 20493 13555
-3160 12524 -11292 -23347 32767 17869
-10934 7362 -1314 6323 5984 11557
-17053 -4586 -7937 27524 16914 27324
26936 19804 -5184 19984 -2946 27000
13067 7634 3637 32767 20562 -7127
5228 11389 3956 21274 32767 -4599
-4970 15149 7357 -3687 32767 -10855
-1409 5474 7393 -11470 32767 -14154
-4332 8268 7736 -14235 32767 -12956
-3971 7712 8244 -13114 32767 -12524
-7406 6877 7817 -7878 32767 -11088
-8114 9034 10852 -8064 24080 -2644
-4802 15301 13921 7277 30507 -3424
-4961 20380 17405 13297 27175 -2418
-2076 24636 17156 15353 32767 -4616
-6132 28976 19136 9390 28897 -2405
-6306 32551 21090 -1772 17965 -615
-4725 32752 21801 -7619 11667 740
-3886 31576 21716 -9763 8722 1964
-2613 27657 21356 -8171 6600 3977
-2594 25308 20922 -5145 4845 5016
-2794 24496 20262 -1995 1634 3921
-2992 23394 19020 -1 -3188 3181
-3091 22693 17521 726 -8385 2712
-2365 20916 15988 1731 -13869 3403
-2116 19482 14888 2398 -16831 3335
-1568 18521 13557 3103 -19362 2417
-1521 18064 11485 2405 -22120 1288
-1693 16913 9993 1533 -24516 17
-1901 15138 8133 1162 -26669 -271
-1536 12976 7160 1529 -27716 -56
-1851 10753 5664 2350 -28631 628
-1920 7670 3634 3320 -29541 825
-1682 6164 3036 3333 -29841 613
-1405 4807 2305 2794 -30035 207
-886 3620 1234 2079 -29385 -495
-61 3012 720 2303 -27609 -1103
180 2338 -108 2601 -25441 -2113
568 1878 -864 2694 -23423 -3436
528 2442 -1489 2265 -21889 -4961
354 4646 -2214 1551 -20328 -7299
-29 7944 -3008 -555 -19848 -10423
-506 11386 -4774 -3586 -20500 -12712
-858 14465 -6393 -6368 -21002 -12339
-492 18748 -7870 -7309 -20956 -11835
593 21530 -9299 -6244 -18936 -11549
494 26759 -11288 -2940 -14432 -8398
-242 32434 -12324 -1786 -12649 -5043
-796 32767 -12844 -2612 -11208 -3805
-787 32767 -13156 -3553 -7879 -4861
-3712 32767 -15238 -5354 -8876 -7968
-1958 32767 -16067 -1307 -8906 -8081
-1768 32767 -16332 2947 -8734 -3077
527 32425 -14881 7407 -5782 4369
2314 30094 -12384 7596 -1187 8604
3064 27972 -10693 3535 2972 8624
3634 26424 -10032 778 5776 7472
4458 22843 -9433 -244 10759 6226
4498 19430 -7830 -957 18695 7195
4468 18470 -5604 -2456 24204 8248
4402 19083 -3767 -5844 27219 8654
4629 18081 -1867 -13222 30849 9351
4686 15975 -868 -19734 32767 9670
4566 14280 -692 -21498 32767 8460
3902 12128 -666 -19731 32767 6472
2128 10911 -364 -12697 32767 2764
153 12185 620 -5726 32767 27
-1728 13980 2080 -2670 32767 -1419
-2905 15938 3489 -3073 32767 -798
-3652 15166 5045 -4705 32767 3379
-4208 13392 6188 -5687 32767 5708
-4872 10180 6869 -4740 32767 5075
-5329 8039 7535 -2684 32767 3750
-5619 7786 8382 -96 32209 2828
-5717 9030 9576 1585 29712 3594
-5405 10361 11072 1632 27620 5369
-5121 11100 12158 863 25254 6737
-5013 11269 12765 626 22696 7106
-4836 11792 13572 1071 20145 6723
-4724 13054 14296 1305 17697 5540
-4630 14430 15134 1013 15638 4810
-5044 16295 16239 -823 13107 4080
-5286 17296 17184 -4175 9705 3029
-4716 17080 17473 -6427 6552 1555
-4176 16664 17484 -7288 4396 466
-4011 15723 17836 -7153 1291 -1257
-4581 16256 18950 -5701 -2554 -3571
-6673 20119 20165 -5736 -6362 -6484
-8557 22577 20677 -7916 -10067 -9156
-9405 20517 19874 -9099 -13666 -10765
-9517 16750 18076 -5782 -17743 -10933
-9001 13778 15804 2405 -22060 -10215
-7938 12101 13401 9969 -25804 -9285
-7377 11724 12030 14132 -28811 -8523
-6400 14167 11652 12317 -32215 -7860
-5803 14919 10931 4497 -32768 -8764
-5414 12946 9998 -2265 -32768 -9852
-5288 9004 8036 -9369 -32768 -11996
-5954 4877 5082 -13431 -32768 -16390
-6398 2292 2794 -12757 -32768 -20580
-7672 1499 987 -11132 -32768 -23599
-7923 1846 -607 -8015 -32768 -25666
-8144 2629 -1654 -4388 -32768 -27210
-8038 3278 -1990 -1681 -32536 -28281
-7663 5068 -2019 715 -29136 -29265
-7196 7758 -1590 1599 -25411 -30767
-7613 11604 -1073 415 -22613 -31963
-7214 13910 -481 -1681 -20131 -32724
-7474 16136 -522 -4761 -18027 -32768
-8340 20771 70 -8961 -15600 -32761
-9498 25293 1093 -12613 -12757 -32348
-10282 25368 1798 -10745 -9660 -30607
-11743 26625 2280 -2721 -4767 -28063
-14348 30751 3793 9016 -187 -24652
-14920 32767 5617 15899 970 -19764
-14869 32767 6278 15071 -2744 -13848
-13192 32767 6583 8760 -6146 -7457
-11700 32767 5788 -380 -6578 -3741
-11474 32688 4867 -3064 -6199 -4253
-11198 31952 5041 -1123 -4749 -5788
-10876 31956 4992 438 -3318 -5808
-9364 32693 6088 870 792 -3571
-8392 32767 5770 -1221 2811 2045
-8728 32767 5270 -3597 2882 5713
-8531 32196 4276 -5929 2785 9132
-8104 29984 3457 -7029 3355 12630
-7514 27618 3088 -6504 5306 15659
-6786 25792 2904 -6349 7027 18252
-5866 24662 2522 -7102 8505 20480
-5222 22866 2290 -7571 10214 23123
-4499 21115 2194 -8263 11967 26449
-5120 20112 2056 -9013 14220 28561
-5137 20552 2212 -10551 16564 31161
-5465 18498 2097 -13310 19565 32767
-6046 16729 2213 -16200 21883 32767
-6741 13933 2649 -17811 24308 32767
-7433 12294 3220 -17573 25904 32767
-8602 11513 3892 -17544 28404 32767
-11102 8960 4413 -17092 29467 32767
-11625 8497 5345 -13832 26293 32767
-11097 4741 6402 -9155 24068 32767
-10690 3693 7078 -5772 21995 32767
-9536 3006 9286 -4812 20758 32767
-8413 3916 11466 -5818 20671 32767
-7410 3077 12950 -7153 21269 32767
-6646 1020 14392 -10136 20942 32651
-6074 440 15980 -11598 18181 27964
-5366 -1342 17606 -10813 16474 22334
-5084 -1628 18998 -10366 15195 17682
-4292 -1636 20992 -10824 14809 12283
-3976 -2340 21946 -11040 14863 8111
-4340 -3716 22401 -10556 14340 5241
-5206 -4728 22079 -8727 11868 1169
-5505 -6732 20549 -5219 6453 -3027
-5566 -7419 18959 -216 672 -6796
-5361 -6581 17776 3765 -3105 -9852
-5008 -3008 17677 7278 -4887 -14459
-4936 2253 17908 6504 -3829 -19425
-4920 4702 17305 2979 -2168 -22728
-4866 5709 16062 -696 -563 -25783
-5044 4949 14046 -2882 667 -28378
-5533 3410 11637 -2903 1372 -30285
-6158 2346 9700 -1603 1241 -30940
-6742 768 7233 2434 -319 -30927
-7292 340 5460 6491 -2387 -30546
-7785 600 4351 11293 -4717 -30383
-8616 1842 3433 17450 -6776 -30643