-1638 14776 -13974 -1186 652 -1356
-2692 15316 -12805 -2140 -1134 787
-3498 15902 -11415 -3662 -1965 2086
-3776 16024 -10090 -5222 -2314 2644
-4555 15796 -8579 -7874 -2239 2881
-5658 14666 -7654 -10314 -1950 3097
-6280 13357 -7270 -11161 -1605 3331
-7108 12019 -7408 -11651 -2061 3036
-7867 10253 -8365 -9661 -2763 2325
-8214 9388 -9804 -5888 -3878 1519
-8009 9102 -11423 -2129 -5101 1167
-7233 9857 -12186 -223 -6645 1853
-6113 10421 -12620 -134 -8455 2845
-5152 10792 -12658 -867 -10253 3513
-4362 11013 -12803 -2195 -11893 3974
-3563 11064 -13214 -3496 -13495 3994
-3209 11249 -14006 -4315 -14569 4062
-3454 11332 -15426 -4967 -16608 3724
-3313 11236 -17325 -6038 -20262 3624
-2902 11272 -19407 -6282 -23993 3272
-1889 10612 -20662 -5170 -25742 2616
-1337 10246 -21040 -3910 -25740 1837
-297 10801 -20910 -3585 -24436 2226
926 12324 -19880 -4024 -21421 3170
818 13016 -18239 -5786 -18150 4042
156 13478 -16980 -7665 -16330 4467
-898 13134 -16900 -8322 -16231 3788
-1404 12594 -17408 -8284 -17106 3045
-1611 12118 -17611 -7615 -18370 2479
-720 11938 -17206 -7018 -18640 2736
-600 12270 -15227 -6156 -17500 3773
82 13094 -12693 -5879 -15261 4867
26 12800 -10058 -7007 -12832 5124
-527 12299 -7843 -9683 -12001 4568
-655 11985 -6133 -12140 -11730 3238
-894 10708 -4912 -13130 -11837 1911
-974 9590 -4178 -13334 -11675 1296
-936 8961 -3408 -13348 -10997 1097
-1362 8752 -2424 -13652 -10643 945
-1859 9464 -1388 -14042 -11344 772
-2950 8518 -280 -16929 -10854 -823
-4846 8908 -116 -19510 -11458 -1988
-7377 9888 -2382 -22604 -12713 -4244
-10333 11784 -5749 -24203 -14802 -8984
-11292 12856 -7356 -24215 -15719 -12292
-11897 13968 -8028 -22974 -16760 -16725
-13235 14710 -7524 -19414 -20687 -23479
-13208 14261 -7061 -14895 -23902 -26742
-12398 13277 -5705 -10683 -23137 -26829
-11962 12625 -4254 -7090 -20888 -24790
-12204 12110 -3074 -3585 -17654 -21566
-13778 11598 -2232 700 -15461 -17234
-16086 11864 -2084 3732 -16534 -15379
-17632 13464 -1753 3346 -20527 -16732
-17585 15641 -3375 2118 -19006 -19080
-16953 16478 -3556 39 -12440 -21324
-16100 15189 -3383 -1916 -11198 -23636
-15230 13805 -2898 -3548 -9692 -25313
-15012 13596 -2520 -3397 -9081 -25963
-14804 12916 -2147 -2635 -8077 -25358
-14782 12433 -1904 -959 -5618 -22408
-15454 12209 -1653 22 -3297 -19952
-16482 12238 -1694 634 -1735 -18270
-18027 12359 -1671 1964 -2372 -16980
-19230 12481 -1954 4546 -4541 -16232
-19403 12612 -2174 7796 -6699 -15368
-18670 13027 -2088 10252 -7140 -13902
-17681 13395 -1732 10748 -5660 -11975
-16996 13357 -1253 10091 -4353 -10191
-16927 13053 -752 8954 -2836 -7963
-17106 12836 -304 7718 -1755 -5893
-17400 12152 -97 6684 -627 -4088
-17536 11973 328 6226 369 -2864
-17054 12038 630 5779 1507 -2077
-16658 11638 505 5303 2339 -1398
-16309 11314 300 4898 2647 -785
-16216 11028 114 4432 2553 -50
-16106 10672 76 3928 2153 689
-15813 10284 -198 3341 1450 1426
-15753 9732 -349 2896 295 2091
-15538 9104 -504 2622 -793 2382
-15480 8942 -546 2684 -2096 2343
-15234 8904 -632 3007 -3137 1961
-15226 9196 -724 3457 -4110 1209
-15552 9507 -826 3831 -4850 324
-15905 9834 -725 3964 -5168 -262
-16000 10225 -662 3767 -5306 -678
-16026 10435 -692 3165 -5273 -890
-15852 10383 -699 2371 -5037 -833
-15656 10214 -829 2077 -4539 -573
-15651 10054 -708 1375 -3768 51
-15616 9840 -712 1078 -3167 712
-15620 9571 -536 772 -2674 1384
-15645 9266 -468 804 -2243 2188
-15733 9040 -457 1176 -1961 2883
-15644 8698 -377 1749 -1767 3521
-15572 8505 -387 2555 -1703 4075
-15477 8216 -432 3512 -1802 4475
-15277 8279 -538 4606 -2092 4735
-14958 8385 -449 5196 -2444 4839
-14701 8401 -404 5291 -2537 4746
-14376 8457 -228 4906 -2486 4465
-14102 8398 -224 4313 -2320 4000
-13944 8342 -236 3902 -2111 3343
-13828 8362 -288 3595 -1864 2748
-13720 8380 -256 3468 -1650 2083
-13790 8212 -428 3206 -1375 1392
-13678 8320 -432 3088 -1057 690
-13609 8488 -396 3003 -588 37
-13738 8617 -404 2861 -175 -704
-13716 8804 -454 2705 279 -1289
-13877 9122 -338 2372 1071 -2077
-14087 9546 -69 1526 2434 -3088
-14327 9863 101 397 3726 -3860
-14498 9974 266 -439 4713 -4456
-14688 10287 424 -1487 5885 -5123
-15001 10564 606 -2813 7210 -5730
-15231 10730 795 -4244 8301 -6159
-15404 10906 1034 -5813 9160 -6393
-15576 10838 1104 -6889 9631 -6418
-15594 10785 1168 -7763 10215 -6366
-15534 10696 1376 -8510 10578 -6246
-15622 10628 1498 -9089 10832 -6106
-15659 10667 1484 -9706 10882 -5887
-15784 10464 1418 -10103 10780 -5629
-16060 10230 1358 -10269 10475 -5253
-16197 10118 1205 -10192 10009 -4867
-16574 9829 981 -9988 9223 -4372
-16578 9714 861 -9655 8398 -3922
-16592 9677 740 -9341 7352 -3493
-16578 9696 522 -8924 5780 -2650
-16716 9656 433 -8530 4186 -1843
-16682 9524 188 -8613 3407 -1251
-16584 9541 175 -8817 2272 -718
-16616 9457 55 -9149 1080 -182
-16509 9452 -40 -9390 327 231
-16373 9338 -38 -9597 -207 483
-16298 9278 -176 -9711 -486 718
-16096 9256 -205 -9896 -639 953
-15841 9183 -330 -10180 -696 1205
-15736 9062 -394 -10309 -589 1414
-15648 8877 -517 -10573 -519 1584
-15486 8676 -613 -10516 -280 1764
-15308 8741 -442 -10510 -11 1831
-14981 8769 -424 -10675 267 1790
-14674 8741 -497 -10957 462 1619
-14425 8681 -564 -11297 667 1444
-14276 8622 -648 -11743 937 1275
-14197 8502 -806 -12181 1037 1014
-14185 8461 -997 -12343 1002 709
-14296 8520 -1097 -12180 966 232
-14476 8737 -1164 -11656 982 -359
-14525 9009 -1106 -10962 1331 -925
-14765 9493 -1065 -10158 1659 -1458
-15018 9906 -1164 -9353 1875 -1939
-15256 10434 -1443 -7824 2065 -2568
-15705 11465 -1830 -5410 2154 -3304
-15898 12525 -2352 -2503 1983 -3905
-15557 13976 -2705 620 1659 -4340
-15405 15240 -3028 1890 1285 -4179
-15084 16348 -3413 1837 1189 -3704
-14894 17182 -3636 590 684 -2878
-14626 17798 -4006 -1497 180 -1476
-14896 17976 -4963 -4178 -622 909
-15751 17374 -5791 -7548 -1629 3858
-16206 16870 -6158 -9482 -2823 5972
-16272 16656 -6428 -10888 -3935 8397
-15869 16706 -6246 -12024 -4748 10998
-15548 16940 -5859 -12272 -3775 13510
-15237 16688 -5577 -12722 -1020 16159
-15972 15893 -5769 -13148 2111 18827
-17597 15529 -6216 -12833 4998 21110
-19429 15134 -6625 -12805 6364 22676
-21345 14972 -7097 -12913 7665 23875
-23212 15538 -7022 -13222 7953 24485
-24111 16904 -6767 -14835 7654 24861
-24848 19588 -6115 -19656 6442 25291
-24767 20673 -5972 -25741 4710 24685
-24508 19081 -6318 -30735 3714 24265
-24334 17848 -6737 -32768 2750 24642
-23854 16760 -6806 -32768 2419 25379
-23510 15873 -6489 -32768 2001 26942
-23064 15302 -5946 -32768 1866 28888
-22842 14870 -5379 -31746 1972 31404
-22669 14585 -4618 -29907 2661 32767
-22277 14146 -4037 -28849 3394 32767
-21693 14184 -3564 -28444 4111 32767
-20847 13975 -3359 -28269 5102 32767
-20076 13914 -2986 -28111 5696 32767
-19514 14279 -2744 -27868 6191 32767
-18498 14095 -2453 -26976 6926 32767
-17629 13275 -1987 -24709 8171 32767
-16769 13116 -1094 -21817 10224 32767
-16298 13320 -570 -19954 12027 32767
-15978 12592 -96 -18697 13378 32767
-15130 11822 414 -17323 15498 32767
-15000 10926 936 -15900 16817 32767
-15082 9960 1578 -13667 15431 32767
-15020 9430 2193 -10138 14091 31876
-14816 9376 2988 -6570 11788 30616