-15480 8063 -381 7866 -2376 -1808
-15446 8049 -394 8103 -2594 -1677
-15461 8041 -480 8333 -2859 -1574
-15542 8033 -557 8526 -3070 -1548
-15718 8009 -652 8742 -3329 -1533
-16025 7985 -798 9037 -3659 -1571
-16476 7984 -1030 9576 -4234 -1739
-16929 8035 -1360 10338 -4910 -1983
-17172 8148 -1594 10891 -5308 -2128
-17197 8312 -1775 11476 -5635 -2272
-17188 8485 -1933 12113 -6071 -2517
-17096 8624 -1976 12392 -6228 -2617
-16878 8901 -2071 12639 -6473 -2758
-16500 9185 -2140 12844 -6632 -2741
-16140 9332 -2074 12775 -6486 -2647
-15814 9456 -1953 12588 -6188 -2353
-15534 9428 -1882 12342 -5891 -2128
-15275 9429 -1689 11906 -5383 -1748
-14976 9391 -1514 11315 -4505 -1160
-14806 9258 -1366 10751 -3728 -631
-14686 9082 -1293 10345 -3121 -213
-14669 8940 -1202 9991 -2703 81
-14704 8741 -1205 9763 -2494 298
-14730 8538 -1229 9660 -2413 494
-14837 8296 -1183 9698 -2507 680
-14928 8099 -1220 9852 -2726 753
-15016 7977 -1158 10048 -2961 732
-15162 7877 -1290 10267 -3107 646
-15172 7805 -1208 10598 -3216 480
-15194 7748 -1336 10970 -3255 276
-15309 7792 -1382 11419 -3212 36
-15403 7909 -1554 12059 -3062 -265
-15418 7972 -1534 12446 -2880 -420
-15487 8165 -1651 12685 -2718 -574
-15497 8334 -1601 12719 -2435 -743
-15450 8485 -1646 12580 -2184 -867
-15420 8652 -1589 12323 -1852 -947
-15378 8725 -1600 11991 -1462 -987
-15293 8776 -1454 11571 -1011 -1041
-15320 8757 -1461 11081 -547 -1093
-15293 8654 -1298 10523 -60 -1152
-15301 8436 -1208 9989 435 -1330
-15284 8404 -1128 9698 755 -1491
-15313 8334 -1093 9428 1020 -1741
-15325 8333 -925 9050 1436 -2155
-15375 8289 -811 8719 1797 -2509
-15440 8289 -681 8426 2143 -2888
-15509 8245 -622 8246 2441 -3171
-15556 8256 -488 8157 2761 -3457
-15606 8278 -318 8147 3011 -3721
-15638 8322 -277 8197 3228 -3955
-15653 8356 -90 8328 3460 -4154
-15686 8408 32 8507 3635 -4281
-15693 8482 205 8663 3800 -4359
-15710 8592 357 8739 3887 -4402
-15774 8752 490 8708 3949 -4338
-15872 8794 690 8597 3990 -4181
-16279 8668 758 8520 3878 -3953
-17705 8238 137 8976 3284 -3608
-19052 7928 -116 9649 2991 -3399
-19930 8318 112 10642 1956 -3221
-20154 8882 116 11468 336 -3286
-19940 9010 -120 11995 -302 -3163
-18757 9478 -249 13022 -754 -2427
-17148 9682 6 13399 -1071 -1380
-16010 9666 80 12665 -1305 -121
-15257 9417 356 11535 -1272 1693
-14898 8865 658 10659 -1194 3393
-14786 8454 1025 9815 -1168 4673
-14958 7815 1399 8495 -1131 5539
-15396 6984 1762 7172 -1080 5982
-15741 6442 1794 6703 -1112 6082
-16029 6109 1816 6556 -1241 5966
-16250 5720 1792 6445 -1467 5773
-16663 5314 1519 6602 -2019 5355
-17093 5006 1214 7244 -2860 4779
-17266 5064 1104 7838 -3492 4363
-17314 5008 1015 8306 -4181 3870
-17288 5168 953 8519 -4810 3307
-17316 5330 876 8442 -5062 3041
-17280 5432 823 8079 -5279 2799
-17204 5414 810 7569 -5328 2627
-17214 5419 665 7027 -5258 2533
-17204 5171 667 6519 -5103 2445
-17356 5084 642 6312 -4940 2379
-17415 4942 654 6228 -4800 2301
-17481 4807 566 6310 -4612 2315
-17462 4849 450 6394 -4625 2389
-17365 4869 309 6417 -4740 2559
-17253 4822 229 6368 -4969 2930
-17080 4940 304 6164 -5199 3264
-16959 5016 223 5817 -5389 3426
-16880 5120 347 5089 -5407 3579
-16829 5284 462 4446 -5286 3578
-16926 5282 548 3947 -5062 3454
-16872 5412 532 3648 -4938 3338
-16896 5591 687 3198 -4694 3127
-16832 5812 740 2630 -4430 2839
-16700 5916 836 2158 -4181 2626
-16408 5962 915 1636 -3902 2399
-16178 5821 922 1401 -3790 2228
-15824 5657 881 1434 -3801 2121
-15622 5524 884 1690 -3843 2020
-15225 5357 900 2247 -3893 1953
-14920 5157 877 3139 -3936 1832
-14746 5050 908 3787 -3929 1730
-14484 5042 931 4598 -3905 1525
-14066 5142 960 5617 -3822 1169
-13650 5256 893 6387 -3556 718
-13320 5400 1026 6712 -3338 226
-13121 5544 985 6776 -3049 -246
-12953 5612 962 6736 -2720 -809
-12782 5634 990 6525 -2209 -1471
-12721 5798 1069 6300 -1481 -2340
-12800 6011 1307 6059 -345 -3432
-12949 6081 1356 5855 770 -4387
-12942 6308 1362 5759 1749 -5206
-13153 6483 1424 5586 2980 -6272
-13382 6728 1408 5416 4115 -7102
-13569 6912 1314 5344 4869 -7582
-13773 7061 1340 5271 5479 -7980
-14060 7288 1332 5082 6090 -8397
-14408 7482 1336 4751 6745 -8674
-14754 7686 1420 4505 7199 -8740
-15124 7854 1509 4283 7730 -8712
-15288 7952 1596 4083 8194 -8671
-15718 8271 1719 3661 8614 -8626
-16092 8591 1720 3075 9213 -8379
-16344 8778 1644 2763 9433 -7973
-16869 8869 1234 2611 9359 -7463
-17781 8648 788 2598 9037 -6804
-18929 8432 504 2800 8793 -5953
-19846 8457 618 3033 8323 -5181
-20186 8790 902 3007 7739 -4511
-20408 9088 951 2598 6648 -3872
-20068 9330 1060 2355 5775 -2956
-19317 9729 1234 2280 5150 -1942
-18314 9802 1046 2064 4451 -1000
-17782 9569 750 1529 3383 85
-17117 9069 464 1045 2214 1391
-16853 8525 78 921 1055 3019
-16983 7882 -116 1170 -406 5139
-17401 7131 -349 1823 -2694 7660
-17864 6649 -396 2622 -5109 9216
-18001 6541 -390 3248 -6638 9916
-18061 6560 -474 3905 -7603 10411
-17864 6616 -450 4824 -8477 10696
-17429 7136 -296 5345 -8828 10596
-17018 7474 -56 5139 -8545 10403
-16677 7756 415 4285 -7562 10086
-16416 8008 865 2835 -6116 9707
-16530 8000 1210 1271 -4590 9412
-16678 8254 1656 -650 -3384 9064
-17090 7575 1676 -3333 -2685 8479
-17426 6978 1321 -6057 -2108 7711
-17758 5954 941 -7214 -2505 7232
-17848 5914 116 -6712 -2877 7163
-17780 5644 -328 -5472 -3293 7530
-17900 5381 -358 -3615 -4140 8001
-18408 5390 -57 -1145 -6094 8574
-18623 5283 -202 -222 -7827 8860
-18337 5454 -534 512 -8894 8671
-18016 5560 -459 1285 -9594 8076
-17749 5727 -138 1968 -10001 7146
-17532 5806 -84 2293 -10025 6470
-17233 5921 -273 2664 -9982 6008
-16846 5918 -404 3128 -9756 5243
-16247 5818 -655 3622 -9750 4443
-15817 5798 -834 4026 -9693 3841
-15413 5824 -969 4525 -9624 3371
-14981 5870 -1054 5098 -9380 2900
-14812 5904 -978 5589 -9031 2403
-14840 5986 -1008 5826 -8642 1909
-14810 6154 -930 5455 -8208 1409
-14643 6422 -1185 4603 -7821 724
-14538 6678 -1489 3193 -7844 177
-14261 6826 -1745 1860 -7812 -267
-14492 7066 -1167 283 -8993 -932
-14254 7289 -61 -437 -10349 -1645
-14976 7341 372 -1006 -11025 -2541
-14434 7249 236 -951 -10023 -3566
-14195 6800 515 299 -8201 -4690
-14254 6643 781 2357 -7011 -5936
-14342 7455 1250 4361 -6036 -7324
-14285 8052 1614 6123 -4469 -8722
-14204 8074 1449 7705 -2204 -10002
-14468 7869 1296 9332 -223 -11214
-14668 8044 1056 10226 820 -11906
-14822 8316 998 10924 1885 -12574
-15000 8559 766 11709 3424 -13436
-15264 8682 714 12136 4469 -13958
-15379 8904 638 12298 5683 -14351
-15542 9012 484 12233 7072 -14724
-15529 9013 66 12155 8530 -15069
-15541 8966 -340 11967 10089 -15405
-15570 9216 -904 11339 11776 -15354
-15682 9528 -1488 9964 12716 -15205
-15860 9517 -1836 9032 12788 -14869
-16033 9601 -2307 7673 12729 -14304
-17468 9315 -3134 6635 11916 -13506