-15524 6721 280 8254 -6337 830
-15392 6889 273 8449 -6020 980
-15248 7086 326 8225 -5649 1042
-15213 7262 369 7716 -5193 979
-15040 7280 417 6984 -4730 840
-15062 7290 498 6206 -4212 611
-15033 7348 522 5467 -3593 363
-15093 7326 565 4870 -2897 79
-15144 7332 609 4381 -2162 -173
-15164 7232 752 3905 -1270 -503
-15240 7122 780 3660 -589 -668
-15312 7028 782 3547 51 -644
-15462 7020 868 3522 630 -476
-15616 7020 906 3530 781 -311
-15647 6943 954 3465 746 -154
-15852 6989 1113 3299 594 48
-15988 6674 1266 3133 243 275
-15995 6474 1310 2879 -181 527
-16065 6229 1227 2900 -668 759
-16104 5967 1203 3168 -1183 978
-16161 5968 1310 3360 -1625 1162
-16240 5642 1233 3725 -1981 1100
-16226 5404 1126 4144 -2200 1095
-16121 5417 1060 4570 -2389 1168
-16005 5329 966 5071 -2456 1215
-15896 5390 966 5590 -2410 1252
-15864 5373 911 6414 -2335 1169
-15692 5529 949 7128 -2048 1085
-15580 5713 1138 7569 -1791 984
-15460 5764 1114 7846 -1473 888
-15335 5960 1284 8113 -1143 671
-15173 6272 1384 8240 -721 345
-14993 6537 1521 8261 -310 39
-14956 6705 1724 8109 187 -167
-14845 6841 1949 7727 741 -313
-14802 7086 2100 7125 1265 -451
-14841 6998 2276 6201 1618 -638
-14740 6976 2222 5145 1847 -878
-14640 6848 2221 4349 1802 -1171
-14615 6502 2411 4079 1487 -1540
-14650 6541 2618 4020 910 -1888
-14612 6476 2620 4060 556 -1991
-14517 6448 2665 4288 159 -2217
-14246 6467 2684 5141 -107 -2517
-14087 6871 2677 6302 98 -2836
-14096 7393 2713 7048 434 -3214
-14187 8200 2665 7283 999 -3606
-14428 9892 2904 6612 1919 -4144
-15005 11431 2873 4796 2697 -4556
-15685 12058 2625 2716 3148 -4283
-16205 12289 2834 1301 3769 -3431
-16680 12634 3070 349 4284 -2475
-17052 13050 3270 -418 4604 -1528
-17369 13213 3436 -1256 4245 -380
-17643 13483 3431 -1700 3328 1365
-17636 13724 3396 -1614 2627 2606
-18006 13780 3266 -1296 1322 4830
-18430 13759 3063 -549 -814 8145
-18841 13925 3026 -370 -2698 10235
-19076 13862 2891 -786 -4921 11881
-19210 13784 2670 -1292 -6947 13289
-19250 13757 2637 -1612 -8315 14381
-18871 13528 2440 -1956 -9593 15550
-18432 13394 2353 -2581 -10304 16429
-18124 13358 2298 -3348 -10512 16754
-17816 13098 2101 -4405 -10631 17002
-17233 12392 1749 -5758 -10561 17376
-16885 11690 1352 -6752 -10353 17639
-16680 10958 964 -7240 -10236 17790
-16618 9978 725 -7463 -10062 17738
-16686 9223 515 -7209 -9601 17399
-16713 8890 609 -6562 -8849 16679
-16824 9136 898 -6033 -7935 15785
-16600 9366 1268 -5729 -6656 14224
-16038 9390 1480 -5623 -4875 12126
-15536 9318 1460 -5784 -3244 10374
-15080 9101 1516 -5963 -2093 9139
-14552 8833 1344 -6071 -1271 8171
-14138 8517 1189 -6094 -607 7482
-13844 8198 1020 -6034 -319 7074
-13495 7794 865 -5790 -199 6715
-13184 7233 676 -5312 -288 6350
-12962 6864 658 -4856 -497 6096
-12895 6543 628 -4307 -809 5720
-12808 6138 563 -3353 -1214 5065
-12866 5820 530 -2455 -1360 4451
-12929 5725 701 -1323 -1319 3542
-12980 5763 920 -6 -1099 2058
-12988 5766 942 829 -795 706
-12973 5810 951 1610 -385 -695
-12918 5722 884 2386 31 -2131
-12985 5613 767 3245 294 -3532
-13052 5469 538 4369 428 -5020
-13142 5362 280 5474 397 -6300
-13253 5260 86 6786 286 -7508
-13465 5274 -56 8351 136 -8893
-13700 5396 -268 9840 -11 -10107
-14035 5577 -455 11545 -98 -11527
-14438 5868 -690 12918 -164 -12803
-14872 6203 -841 14066 -190 -14115
-15569 6765 -1206 15267 -258 -15736
-16118 7218 -1366 15926 -348 -16842
-16618 7751 -1686 16604 -260 -18175
-17517 8652 -2104 17258 -162 -19973
-18315 9416 -2288 17538 134 -21184
-18805 10080 -2277 17453 712 -21993
-19304 10684 -2164 17029 1505 -22522
-19598 10854 -2102 16388 2205 -22783
-19947 11509 -1825 14863 3996 -22762
-20381 11877 -1669 12656 6325 -22067
-20506 12056 -1556 11527 7400 -21430
-20601 11984 -1455 10479 8363 -20475
-20586 11936 -1414 9429 9357 -19220
-20481 11756 -1304 8701 9980 -18037
-20224 11622 -1224 7939 10368 -16250
-20408 11241 -1669 7632 9889 -14223
-22369 10598 -2813 8216 8854 -12557
-23623 10179 -2937 9553 7410 -10548
-22902 10469 -2408 10721 5131 -8933
-21636 10868 -2341 11521 3164 -7771
-20848 10938 -2285 12412 1534 -6488
-19361 10870 -2119 14168 405 -4372
-17486 10810 -1738 15273 -226 -2202
-16090 10581 -1658 15221 -1093 355
-15632 9441 -2082 14750 -2457 4181
-15845 8785 -2012 15960 -4365 8100
-15956 8963 -843 17483 -5880 11106
-16172 10050 834 17459 -6638 12704
-16632 11887 2528 15615 -7801 14535
-16209 12404 3077 14571 -8886 15855
-15772 12368 2834 14613 -10692 16486
-15094 13104 2387 15319 -13295 17646
-15122 13187 3074 16300 -16831 19583
-15515 13944 4320 16325 -19792 21504
-16111 13645 5637 16646 -22087 21989
-16672 12652 6202 18467 -23500 21456
-16818 11417 7354 21182 -23500 20905
-16558 11096 8238 23627 -22393 20727
-17013 10965 8243 26685 -21702 20548
-16858 11382 7341 28930 -22999 21125
-15840 11688 6072 29807 -26322 21232
-14034 12319 4984 29613 -28934 20215
-12833 12734 4497 27430 -29773 18720
-11245 12883 4357 23541 -29421 16634
-9676 12649 4416 19022 -27539 14377
-8000 12304 5086 14588 -24606 12164
-6784 12100 5652 10904 -22360 9815
-5985 11480 6386 6756 -20596 7857
-4032 10181 6652 2665 -19880 6152
-3662 10704 6480 1659 -19790 4777
-1721 8689 2331 829 -12663 3489
-1585 8655 3415 225 -6516 3476
-2630 8497 1413 1393 -2452 1784
-4622 11392 902 -2018 3441 3274
-8319 17862 -1612 -20614 8444 6135
-13619 6648 807 -15314 -9958 2183
-22802 -1065 9761 3749 -18395 9643
-6012 4734 -4902 -661 -7543 16834
-8284 17693 3901 8251 -10326 5726
-16415 17586 7831 4681 2149 -2457
-13722 25496 5978 -6474 13272 -3686
-15619 25631 4565 -18249 23282 -8856
-19349 23761 1797 -26729 25972 -8336
-20040 21992 1384 -29880 26528 -4188
-19740 20334 613 -31552 26323 5050
-19688 18082 82 -30454 24962 15329
-18224 16573 878 -26419 24604 18923
-17352 14380 2668 -22843 25078 20818
-16262 13684 3712 -21617 26957 20381
-15064 11839 5346 -21073 29244 19078
-13384 8857 7889 -18957 32310 18459
-13592 7227 11061 -18116 32767 19137
-14873 6887 14286 -21978 29862 18087
-14164 4794 16764 -24144 21547 14197
-13666 630 17905 -22095 12669 9899
-12383 -3726 17919 -15162 5084 5302
-10866 -4384 16049 -7256 893 244
-10217 -5969 15704 2188 -2943 -4106
-9876 -2966 14574 9465 -7530 -5261
-8937 200 12772 13803 -11893 -6297
-8130 2216 10842 16316 -14471 -7795
-7562 4236 9488 16964 -15892 -8985
-6945 5273 7775 15268 -17207 -11125
-6774 6908 4664 11636 -17603 -13558
-7835 8446 2044 10166 -17289 -15499
-9532 8758 -861 11251 -17166 -16354
-11521 12921 -2600 12212 -16008 -15385
-16348 15153 -4403 12954 -16450 -14576
-17754 18808 -4552 10835 -15014 -13903
-18472 21348 -4460 8252 -13108 -13412
-19310 22864 -4440 3874 -9088 -11744
-19806 24586 -5163 -2885 -799 -7522
-20012 25026 -5158 -6671 5286 -3972
-19468 24576 -4805 -11432 12059 1836
-19163 22989 -3609 -18494 18555 9567
-18865 19913 -1712 -23147 20898 13282
-17606 16192 2072 -25482 23085 14951
-16544 14314 7518 -25683 24241 14217
-15226 12418 12314 -24060 24486 12988
-14829 11424 16106 -21209 23228 12558