-2877 15027 10042 -5922 10254 22841
-2704 14761 9970 -4164 9561 23206
-2730 14662 9817 -2800 9179 23542
-2666 14640 9836 -1928 8989 23839
-2463 14300 10030 -1078 8830 23932
-2216 13914 10369 -108 8624 23618
-1996 13946 10728 547 8632 23068
-2136 13768 10741 1189 8969 22040
-2566 13695 10724 1974 9624 20405
-2734 13520 10744 2922 10049 19204
-3000 13490 10460 3659 10697 18003
-3238 12946 10208 4435 10468 17360
-3065 13096 10348 5611 9922 17150
-2779 13172 10420 7504 9830 15905
-2569 13068 10292 8135 10145 15314
-2368 13222 10458 7991 10844 14990
-2337 13337 10532 6729 11099 14906
-2294 13028 10586 4620 10487 14774
-2211 12856 10538 2921 9132 14417
-1760 12734 10562 2225 7952 13602
-1325 12498 10813 2225 7405 12642
-1002 12442 11116 2211 7251 11903
-680 12553 11302 2069 7068 11011
-368 12500 11484 2024 6836 10246
-139 12479 11520 2014 6735 9559
52 12776 11736 1731 6455 8780
250 12920 11800 1679 6002 8232
493 12962 11799 1674 5407 7368
946 13056 11668 1669 4913 6521
1124 13552 11756 2118 4636 5660
1145 14279 11905 2433 4738 4372
1030 14660 11694 2295 4730 3575
974 14940 11646 1550 4310 2720
1146 14466 11000 998 3560 2291
1407 13486 10198 894 2501 2255
1968 12872 9333 1487 1171 2158
2538 12654 8984 2329 469 1943
3187 12742 8677 3560 196 1403
3704 13144 8584 4749 417 566
4068 13796 8546 5502 1168 -418
4074 15124 8738 5438 2415 -1481
3902 16544 9064 4571 3203 -2160
3477 17952 9308 2867 4187 -3044
3212 18776 9544 910 4908 -3534
2868 18683 9295 -991 5129 -3498
2585 18089 9019 -3232 4895 -3115
2324 17250 8365 -3646 4456 -2760
2314 16228 8068 -3406 4144 -2545
2257 15265 7930 -2661 3942 -2360
2212 14984 7878 -1834 3927 -2254
2127 14553 7835 -1244 4073 -2316
2097 13823 7562 -539 4236 -2458
2087 13648 7227 755 4434 -2864
2119 13879 7041 2240 4331 -3007
2157 14437 7077 3182 4209 -2910
2160 15334 7218 3831 4232 -2855
2160 16846 7713 3876 4844 -3093
2162 18300 8300 2323 5900 -3676
1828 19552 8830 -33 6909 -4429
1702 19702 8712 -1933 7798 -4703
1510 19908 9018 -3784 9138 -4867
1054 19630 8934 -4602 10387 -4667
503 19156 8950 -5204 10706 -4110
81 19310 9017 -5220 10302 -3179
-124 18906 8919 -4946 9737 -2436
-417 18309 8938 -4697 8908 -1879
-332 17840 8933 -4513 8259 -1655
-272 16620 8499 -3802 7127 -1490
-89 15359 8176 -1729 6182 -1296
188 14552 8012 837 5826 -948
456 14237 7896 2820 5851 -657
474 14173 7926 3916 6019 -544
416 13949 7813 4459 6270 -719
364 13637 7656 4340 6557 -1221
170 13154 7305 3800 6902 -1702
92 12622 7060 3312 7276 -2086
138 11072 6478 2363 7786 -2665
46 8970 5657 1679 8066 -3289
-273 7729 5120 1853 8060 -3741
-570 6553 4556 2366 7925 -4290
-984 5757 4088 3119 7852 -5042
-1641 5144 3754 3948 7901 -5977
-2352 4889 3756 4701 8353 -7269
-3206 5330 4001 5078 9064 -8893
-4202 6132 4276 4819 10074 -11041
-5233 7025 4649 3701 11230 -13656
-6283 7489 4675 1615 12794 -16841
-7807 7984 4670 -1068 14723 -20423
-8712 8288 4672 -2639 15988 -22467
-9769 8567 4663 -3746 17383 -24036
-11525 9817 4773 -4895 19858 -26092
-13497 11353 5208 -6073 22255 -27352
-15788 13380 5753 -7406 24383 -28554
-19088 15690 5895 -9703 26863 -30166
-21638 16296 5600 -11023 27956 -31451
-23298 14944 5219 -10027 28200 -31902
-25025 13842 4763 -6283 28106 -30608
-25374 14125 4616 -1923 27267 -27859
-25124 14036 4384 338 26423 -25981
-24715 13439 4015 2343 24488 -23785
-23525 12710 3513 5712 21087 -20471
-23261 12873 3306 8554 18651 -17836
-23432 12918 3206 10291 17715 -15854
-23734 13216 3358 11009 17172 -14650
-23835 13664 3765 10424 16674 -13795
-23632 14420 4378 8029 16277 -13665
-23093 14850 4684 5340 16185 -13893
-22194 15088 4737 2318 16066 -14127
-20948 14954 4349 -1332 15612 -14234
-19606 14537 3560 -4437 14758 -14072
-18550 13636 2682 -6239 13934 -13561
-17695 12825 1938 -7451 12710 -12500
-16704 11745 1250 -8003 11087 -10428
-16188 10745 782 -7845 9261 -7873
-16074 10130 597 -7243 8068 -5749
-16271 9654 519 -6283 7121 -3704
-16784 9466 620 -5123 6111 -1451
-17278 9568 957 -4307 5482 110
-17481 9769 1237 -3967 5454 818
-17653 9972 1582 -4109 5615 1190
-17637 10334 1843 -4823 6020 1514
-17534 10490 2049 -6119 6409 1740
-17381 10369 2110 -7596 6617 1985
-17157 10078 2000 -9127 6731 2283
-16996 9753 2081 -10609 6625 2666
-16884 9426 2036 -11721 6361 3091
-16911 8835 1859 -12960 5746 3750
-16945 8145 1669 -13898 4719 4508
-17158 7501 1472 -14232 3652 4874
-17272 7292 1488 -14291 2877 5076
-17320 6773 1472 -14222 1552 5286
-17262 6102 1246 -13724 -262 5586
-17076 5604 1178 -12712 -1995 5801
-16632 5376 1002 -11550 -3455 5885
-16289 5326 904 -10519 -4464 5811
-16061 5378 837 -9950 -5011 5684
-15817 6700 674 -11216 -4101 5491
-15549 7950 1360 -14362 -3125 5289
-15861 6006 676 -18531 -3388 3592
-15762 5036 -177 -21006 -2949 1549
-15598 4806 -256 -21512 -2575 176
-15509 4158 -239 -20067 -2342 -1728
-15229 3726 -476 -16198 -1764 -3095
-15294 3586 -244 -12541 -1496 -3057
-15372 3663 -316 -8134 -2017 -2905
-15314 4638 -554 -1216 -2978 -2057
-15412 6034 -334 3660 -3602 -664
-15556 6630 -24 5031 -4143 19
-15584 7220 165 5547 -4747 482
-15517 8329 186 5032 -5642 795
-15349 9104 33 3207 -6368 615
-15150 9432 -98 1388 -6653 291
-14879 9632 -295 -1199 -6904 -114
-14746 9453 -609 -3431 -6991 -304
-15084 9124 -964 -4201 -6973 -307
-16421 8180 -1644 -4276 -7203 -111
-18561 7152 -2116 -2959 -7616 127
-18003 8017 -1589 -1596 -7610 -132
-16881 9049 -976 -955 -7247 -781
-15807 9774 -607 -719 -6310 -1527
-14957 10273 -488 -554 -4920 -1812
-14628 10512 -476 -702 -3663 -1617
-14584 10241 -713 -1597 -2741 -1120
-14569 9878 -965 -2968 -2179 -432
-15049 9415 -1246 -4318 -1716 728
-15948 9003 -1568 -4917 -1391 2302
-16856 8828 -1714 -4470 -1481 3349
-17214 8750 -1700 -4099 -1617 3568
-17353 8825 -1616 -3786 -1767 3421
-17204 8926 -1537 -3521 -1711 3104
-16892 9140 -1486 -3361 -1408 2943
-16417 9306 -1480 -3373 -754 2995
-15905 9373 -1460 -3649 3 3295
-15686 9360 -1432 -4044 498 3647
-15428 9238 -1392 -4840 1204 4261
-15381 9088 -1133 -5956 2326 5101
-15588 8971 -808 -6949 3426 5714
-15849 8727 -388 -8165 4514 6066
-16244 8470 -210 -9241 5320 6201
-16505 8190 -109 -9928 5735 6167
-16615 7932 -128 -10451 5890 6025
-16577 7566 -180 -10636 5832 5807
-16490 7372 -200 -10536 5665 5609
-16407 7106 -188 -10129 5333 5317
-16502 6783 -157 -9461 4832 4932
-16600 6605 -77 -8781 4446 4599
-16701 6511 -11 -7981 4144 4224
-16832 6436 154 -6821 3847 3633
-16829 6490 277 -5643 3604 2926
-16662 6605 222 -4855 3348 2375
-16393 6722 174 -4320 3102 1955
-16049 6745 157 -3919 2811 1630
-15654 6855 119 -3712 2534 1385
-15296 6865 105 -3697 2341 1195
-14998 6841 150 -3747 2299 900
-14693 6777 251 -3823 2534 381
-14464 6812 312 -3872 2937 -106
-14439 6860 426 -3855 3416 -585
-14437 6892 552 -3834 4066 -1485
-14502 6959 523 -3848 4529 -2413