-15597 7673 -18 -625 279 -50
-15625 7707 -48 -620 339 -48
-15623 7652 -13 -582 404 -59
-15631 7569 59 -462 508 -71
-15676 7595 94 -322 561 -83
-15768 7629 165 -212 524 -94
-15817 7667 105 -171 404 -132
-15852 7746 90 -159 280 -127
-15881 7788 78 -164 243 -132
-15860 7782 88 -135 261 -106
-15824 7776 49 -109 334 -85
-15818 7722 108 -60 418 -44
-15793 7741 168 -83 515 -12
-15788 7603 283 -195 531 -65
-15792 7482 398 -235 493 -138
-15786 7470 313 -222 444 -238
-15810 7500 410 -139 447 -320
-15760 7663 388 -56 476 -393
-15789 7799 348 -33 523 -438
-15758 7969 308 -57 525 -450
-15733 8105 313 -135 517 -387
-15696 8154 271 -257 524 -307
-15737 8220 282 -396 500 -238
-15833 8193 222 -502 473 -198
-15815 8175 236 -570 421 -172
-15815 8084 241 -681 427 -129
-15785 8081 167 -766 428 -115
-15715 7990 196 -859 467 -101
-15682 7935 162 -888 439 -66
-15648 7821 70 -866 421 6
-15611 7782 43 -883 423 31
-15648 7766 0 -921 434 36
-15651 7732 38 -996 472 -17
-15659 7660 6 -1022 499 -78
-15709 7657 -6 -991 541 -127
-15757 7667 93 -948 621 -135
-15741 7704 72 -936 686 -159
-15816 7763 111 -957 672 -194
-15882 7838 182 -1002 665 -216
-15869 7844 141 -1022 640 -203
-15842 7820 130 -1034 613 -174
-15871 7881 177 -1100 560 -139
-15754 7826 120 -1181 474 -115
-15719 7784 63 -1228 442 -114
-15714 7764 35 -1192 482 -182
-15672 7792 48 -1165 477 -269
-15606 7846 2 -1135 676 -259
-15630 7922 21 -1207 846 -278
-15685 7943 17 -1331 848 -284
-15711 7922 137 -1449 837 -265
-15787 7846 122 -1444 775 -197
-15800 7841 114 -1363 721 -106
-15827 7756 120 -1314 614 -3
-15799 7742 171 -1353 551 93
-15810 7726 62 -1377 539 131
-15833 7681 66 -1397 553 147
-15911 7544 20 -1379 481 171
-15908 7500 -20 -1338 408 179
-15918 7413 -32 -1252 350 183
-15905 7524 -30 -1195 352 209
-15923 7497 -34 -1130 335 228
-15845 7580 -37 -1080 329 270
-15859 7617 24 -1134 370 351
-15936 7558 118 -1162 398 436
-16100 7480 90 -1217 318 528
-16360 7243 -24 -1151 7 581
-16546 7112 -212 -859 -348 558
-16474 6965 -381 -573 -562 489
-16365 6996 -504 -311 -621 314
-16108 7158 -532 -132 -460 11
-15774 7209 -640 -135 -107 -370
-15521 7286 -600 -89 435 -698
-15368 7429 -421 -161 995 -1076
-15314 7481 -180 -230 1360 -1433
-15304 7518 -14 -241 1463 -1640
-15292 7536 133 -126 1514 -1754
-15384 7641 266 58 1522 -1800
-15430 7841 400 246 1452 -1813
-15504 8099 542 303 1354 -1804
-15639 8353 644 132 1252 -1764
-15679 8706 595 -313 1170 -1650
-15800 8768 680 -615 1125 -1519
-15814 8744 574 -889 1030 -1319
-15894 8658 540 -1138 908 -944
-15998 8596 492 -1301 800 -637
-16036 8560 530 -1458 768 -436
-16059 8463 604 -1889 722 -156
-16106 8199 625 -2459 622 128
-16030 7860 508 -2904 447 332
-15945 7569 441 -3086 273 578
-15893 7284 376 -3027 108 808
-15823 6967 299 -2670 8 1000
-15862 6752 249 -2108 -106 1111
-15929 6897 345 -1589 -68 1257
-16124 6954 438 -1234 -110 1376
-16382 7054 382 -864 -307 1590
-16604 7024 208 -493 -784 1797
-16787 6973 -101 -241 -1444 1953
-16767 6872 -597 153 -2290 2106
-16567 6767 -789 565 -2891 2008
-16206 6824 -894 845 -2854 1691
-15874 6928 -1020 1020 -2343 1343
-15590 7044 -969 975 -1641 861
-15210 7145 -869 591 -679 222
-14941 7336 -579 123 417 -402
-14822 7284 -748 -153 1160 -869
-14640 6905 -572 -184 1869 -1285
-14704 7321 -130 -143 2184 -1520
-14765 7053 -20 65 1974 -1783
-14957 7084 164 560 1714 -1910
-15108 7453 311 1135 1290 -1887
-15252 7900 450 1365 1030 -1878
-15376 8078 426 1360 892 -1856
-15520 8257 531 1097 847 -1912
-15624 8492 457 765 895 -1812
-15770 8560 445 703 1007 -1597
-15798 8614 470 662 1035 -1355
-15981 8737 532 599 1024 -898
-16156 8744 694 454 927 -434
-16314 8756 902 218 784 -7
-16427 8751 1153 -456 555 454
-16400 8400 1116 -1386 304 700
-16240 7949 949 -2089 185 850
-16054 7762 857 -2442 95 936
-15894 7326 734 -2543 -41 1011
-15840 7100 576 -2344 -178 1082
-15824 6925 329 -1729 -393 1293
-15918 6893 192 -684 -635 1523
-15973 7141 -17 -137 -785 1623
-16061 7291 -132 -119 -900 1514
-16048 7423 -359 -213 -916 1273
-15912 7407 -588 -207 -808 966
-15782 7428 -664 -159 -697 717
-15583 7382 -786 -164 -544 454
-15246 7414 -844 -141 -195 106
-15064 7508 -806 -128 244 -176
-14976 7583 -678 -215 737 -576
-14940 7850 -389 -416 1228 -984
-14904 7863 -291 -646 1594 -1282
-15013 7960 -125 -769 1896 -1487
-15176 7953 28 -578 1953 -1513
-15305 8075 215 -371 1729 -1465
-15484 8178 356 -187 1314 -1351
-15591 8426 357 -175 902 -1136
-15746 8614 370 -433 661 -902
-15910 8638 275 -758 563 -654
-16144 8581 145 -1151 492 -424
-16248 8425 101 -1409 487 -176
-16455 8352 79 -1701 482 79
-16573 8168 85 -1963 446 273
-16595 7990 87 -2244 382 401
-16681 7702 114 -2480 351 442
-16587 7460 117 -2781 351 491
-16462 7157 74 -2910 345 496
-16412 7000 -38 -2883 231 514
-16275 6713 -86 -2629 118 506
-16068 6488 -137 -1952 0 483
-16004 6484 -246 -1315 -62 431
-15970 6664 -232 -947 -73 387
-15844 6860 -316 -692 -45 239
-15660 7015 -423 -542 124 -114
-15512 7294 -371 -389 384 -412
-15398 7474 -312 -249 523 -532
-15347 7658 -251 -81 630 -604
-15362 7984 -200 -169 739 -653
-15333 8111 -89 -413 967 -765
-15310 8453 76 -1181 1291 -986
-15322 8388 180 -1842 1490 -1195
-15368 8415 152 -2368 1574 -1318
-15406 8169 166 -2668 1630 -1416
-15377 8102 84 -2610 1595 -1360
-15506 8014 74 -2395 1555 -1273
-15420 8069 85 -2223 1514 -1168
-15440 8282 132 -2163 1446 -1027
-15378 8273 101 -2199 1408 -938
-15441 8416 124 -2371 1445 -795
-15528 8546 64 -2636 1537 -709
-15604 8530 94 -2837 1625 -595
-15632 8426 17 -3215 1731 -429
-15828 8176 29 -3494 1810 -159
-16058 7860 -2 -3389 1673 -8
-16486 7635 -44 -2911 1369 292
-17096 7357 -102 -2239 987 519
-17560 7216 -55 -1578 676 631
-17865 7432 72 -1095 474 580
-17759 7535 254 -1029 660 444
-17520 7501 466 -1123 993 392
-17069 7380 821 -1239 1290 436
-16660 7026 1200 -1308 1428 514
-16294 6493 1526 -1098 1187 534
-15892 6014 1930 -294 401 491
-15587 6290 2073 89 -195 275
-15440 6724 2093 -796 -363 -294
-15329 6994 1724 -1999 -166 -1001
-15337 6970 1404 -2630 202 -1546
-15258 6984 1114 -2971 615 -2058
-15086 6989 796 -3040 1082 -2421
-14922 6901 544 -2835 1234 -2696
-14805 6700 414 -2290 1160 -2812
-14690 6777 324 -1505 1024 -2792