-1446 20837 9712 19341 7105 2308
-697 21002 8376 17447 -23 2133
1640 19158 11402 13952 2165 203
-2188 22663 8576 14180 -3270 -3883
-686 21764 9456 11553 -4535 -4523
-610 21133 8941 11507 -5805 -3294
-825 20625 8470 10531 -8077 -326
196 20792 7982 9090 -9086 1039
-436 20645 7648 7127 -9734 462
-722 21030 8422 4578 -10273 -139
-2326 19765 8485 2559 -12475 -1882
-2106 16276 8206 1689 -15012 -3649
-652 16180 7770 114 -17185 -3911
-425 16313 6624 699 -19474 -4365
-548 15674 6373 1832 -20274 -4380
190 17500 6238 2583 -21640 -4126
167 17646 6233 2077 -23292 -4315
465 19148 6120 1101 -25236 -4975
1350 17980 4742 2073 -26138 -6305
52 18375 4602 1622 -25926 -5884
1929 18126 4625 760 -24930 -6312
642 18166 5436 -544 -23204 -6331
-294 19341 5610 -2612 -23759 -6555
-464 19503 6540 -6680 -22505 -6574
-1362 19366 6672 -9718 -22733 -5825
-784 19616 7108 -10656 -21465 -6073
-1688 18762 7288 -10005 -19913 -7268
-2317 17235 7035 -6486 -18371 -8401
-2048 16208 6598 -967 -16885 -8539
-3160 16973 6192 5065 -15308 -8882
-861 16414 5638 12076 -12730 -3703
-2165 17268 5146 11753 -14662 8
-2494 19554 4381 8231 -14106 -952
-1199 21525 3947 5183 -14087 -6434
-453 20608 3425 2749 -10796 -6543
-673 21025 3286 614 -9556 -5981
-232 20562 3156 -510 -9329 -4880
-205 19721 3398 -1240 -9453 -4221
64 19157 3530 -1406 -9996 -4927
432 18148 3840 -1175 -10084 -5089
868 17404 4178 -997 -9236 -4248
1061 17183 4627 -306 -8328 -3487
1142 17298 5405 446 -7886 -2822
1150 17654 5930 184 -7598 -2425
1076 17824 6262 -601 -7388 -2095
894 17850 6544 -1560 -7260 -2072
826 17938 6911 -2831 -7612 -2338
910 17934 7176 -4083 -8029 -2447
964 17836 7234 -4880 -8365 -2623
1108 17449 7334 -5093 -8629 -2871
974 17050 7387 -4553 -8646 -2966
636 16765 7330 -3396 -8355 -3168
476 16672 7307 -2545 -7679 -3186
-218 16421 7228 -2460 -7169 -3543
-552 16426 7230 -2696 -6906 -4119
-856 16529 7312 -2743 -6675 -4432
-1261 16374 7406 -2816 -6273 -4792
-1722 16421 7552 -2488 -5785 -5121
-1816 16302 7696 -1885 -5392 -5438
-2028 16033 7736 -1273 -5309 -5744
-2196 15798 7641 -716 -6370 -6380
-1739 16184 7350 -213 -8104 -6438
-1560 16724 7188 -383 -8660 -6257
-1447 17293 7172 -808 -8503 -6206
-1581 18123 7209 -1492 -8053 -6277
-1483 18442 6968 -1721 -7426 -6340
-950 18564 6625 -1085 -6696 -6211
-544 18862 6252 -508 -5896 -6228
-410 19285 6128 -235 -5366 -6289
-817 19712 6021 -233 -5141 -6337
-1596 20396 5570 -504 -5051 -6615
-2414 20781 5044 -334 -4537 -8164
-1213 19386 4308 1739 -6049 -5526
-681 19214 3581 3053 -6860 -5225
-509 18056 3144 3908 -7445 -6130
578 17665 2765 5253 -7552 -5087
708 17154 2741 6595 -7897 -3290
654 17454 2782 7453 -8289 -2662
556 17804 3008 7355 -8476 -2367
944 17938 3268 7122 -8650 -1823
1131 17903 3395 6186 -8907 -1332
1436 17608 3376 5081 -9008 -1237
1552 17305 3257 4365 -9189 -1209
1679 17264 3136 4555 -9598 -1512
1879 17512 2976 6129 -10131 -2081
1797 18921 2686 7033 -9857 -2403
1124 19560 2700 7269 -9737 -2966
1101 20161 2189 7026 -9055 -3448
989 21245 1850 6471 -7608 -3443
906 21364 1330 5848 -6346 -3096
1059 21372 1105 5234 -4454 -3071
900 20352 822 4893 -3220 -2745
1184 19413 568 5859 -2631 -2424
1558 18925 665 7421 -2150 -1491
1220 18232 1317 9481 -1730 -1010
798 17760 2076 10968 -2582 -276
376 17708 2919 10698 -3622 541
116 18294 3316 9973 -4993 256
365 17577 3526 9109 -5917 1125
799 17072 3436 9337 -6617 1456
1424 17220 2920 10187 -6406 1485
2031 17240 2259 11471 -5744 1580
2254 18332 1102 12072 -3474 1450
2341 19214 433 11427 -1664 1516
2333 19985 -50 10262 -665 1838
2111 21144 -241 7605 46 2098
799 21022 -244 4745 -215 1094
2342 20099 -644 3753 -949 1725
2252 19776 -652 3409 -516 2276
2456 19060 -904 3080 427 2952
1897 17722 -1018 4035 1211 2094
2048 17018 -1134 5753 1458 1706
2316 17714 -1490 8359 1651 2838
2112 18507 -1209 10414 1098 4953
2485 19913 -775 11193 322 4446
2933 19795 -1108 9066 1858 5972
2490 19681 -1030 6471 2290 4318
3014 18460 -1254 5121 3086 4318
3141 18380 -1890 4342 4649 3527
3474 17992 -1636 3679 5792 2446
3203 18833 -1434 2349 5044 2457
2862 18498 -1396 1068 3293 2104
2691 18509 -1403 82 1423 2001
3003 18084 -1953 -1079 -108 1361
3205 17585 -2540 -875 -290 890
3249 17350 -2461 115 123 1232
2922 17594 -2194 824 534 1508
2510 17962 -2049 1308 497 1673
2864 17925 -1625 799 -46 1607
2670 17620 -1227 -503 116 606
2241 16261 -1150 -929 620 -1465
1642 14985 -1130 -142 808 -3335
449 14441 -1620 1350 614 -5190
-1048 14390 -2242 3144 -1166 -6814
25 15586 -3496 4505 148 -9562
-2596 14708 -3934 5673 -4639 -10127
-1308 15256 -4102 6477 -5963 -10250
-3604 15902 -4737 6642 -9759 -10531
-3031 16496 -4854 5677 -12312 -10461
-3413 16173 -4850 4368 -12307 -11569
-3179 15616 -3577 3504 -13111 -12478
-2613 15788 -2634 1545 -12079 -14320
-2794 15210 -1718 -237 -10450 -14983
-2488 13772 -1014 -2912 -8055 -13196
-5011 12302 -1324 -5581 -7681 -12142
-5858 13645 -1612 -7864 -7574 -16783
-6068 12402 -2289 -8670 -6620 -18481
-7313 12221 -3082 -6642 -6875 -19224
-7889 13004 -3465 -2419 -8127 -19001
-9112 13441 -3953 1260 -9238 -17309
-10296 14954 -4268 3115 -10048 -16266
-11614 16556 -4776 4127 -10835 -16499
-12691 17856 -5752 4743 -12015 -17788
-12872 18966 -6420 4839 -13269 -18780
-12173 18904 -6189 4423 -13648 -18349
-11872 17990 -5870 3681 -12480 -17032
-12120 17613 -5429 2283 -11155 -15661
-12126 16677 -5170 850 -10010 -15033
-12776 15722 -5308 654 -9425 -15062
-12423 15377 -5389 1379 -8460 -14735
-12038 15902 -5473 2961 -7265 -13516
-11489 16430 -5180 4590 -5995 -11657
-11794 17806 -4828 5654 -5004 -9752
-11588 19378 -4361 5376 -4114 -8409
-11456 20176 -4389 4424 -3784 -7652
-11448 20857 -4592 3541 -3734 -7291
-11256 21382 -4878 2965 -3942 -6996
-10743 21070 -5600 3804 -4247 -6012
-9976 20874 -5874 6138 -4284 -4060
-9356 21184 -5664 8268 -3822 -2802
-8706 21840 -5203 10051 -2751 -1490
-7884 23217 -4763 10494 -1078 326
-7650 24482 -4780 9851 388 1695
-7793 25576 -5518 8124 1808 3401
-7683 26448 -6944 6433 2707 5868
-7613 27053 -7545 6039 3364 7569
-7377 28222 -7640 5577 4267 9463
-6953 28981 -7914 4273 5321 11788
-6846 29054 -8059 1707 6485 14668
-6667 27541 -8159 -1185 7063 17844
-6922 24781 -8226 -1994 7253 19197
-6516 22158 -8598 -1414 7607 20715
-6734 20484 -9386 -121 8247 21508
-8666 17859 -10888 4246 9760 21316
-8720 16532 -11652 11060 12131 20611
-8474 17361 -11348 15506 14991 19444
-10625 18764 -11464 16682 19333 16632
-12372 21682 -10790 9586 24596 13820
-14049 19870 -11040 4707 24529 9800
-14017 17550 -13069 -1105 26498 8107
-15412 16114 -11805 -7286 25998 5282
-14680 14856 -11572 -13008 26033 4357
-13318 10878 -10142 -14998 26058 1854
-12261 5785 -7933 -17801 25067 1426
-12090 2590 -7410 -17661 23139 2024
-11558 1159 -6832 -15655 21715 2866
-11936 422 -6474 -13404 20721 2379
-12104 1152 -6177 -11184 18501 915
-11933 1989 -6191 -9577 14465 -1377
-11297 2736 -6242 -9342 11133 -3025