-13172 5785 10032 -400 -427 144
-13164 5938 10078 -295 -425 223
-12946 6064 10157 -229 -292 279
-12647 6177 10236 -345 -5 131
-12696 5997 10211 -580 280 -154
-12642 6104 10253 -869 604 -352
-12638 6216 10273 -1034 1011 -565
-12730 6105 10137 -1163 1296 -833
-12900 5861 10061 -1173 1553 -1010
-12885 5882 10109 -1206 1777 -1216
-12885 5993 10073 -1249 2028 -1429
-12716 6016 10164 -1236 2314 -1542
-12968 5824 10125 -1303 2346 -1586
-12911 5715 10060 -1219 2539 -2003
-13142 5308 9974 -1168 2484 -2291
-13158 5306 9954 -1327 2569 -2220
-12962 5668 10033 -1573 3377 -2215
-12644 5856 9868 -1845 3736 -2480
-12603 5829 9860 -2050 4359 -3154
-12918 5753 9700 -2704 5547 -3842
-13162 5396 9718 -2964 6387 -4354
-13435 5376 9622 -3161 6872 -4662
-13543 4560 9488 -3137 8232 -4857
-14089 4504 9363 -3026 9611 -4460
-14265 4382 8984 -2690 10671 -3962
-14534 4288 9018 -2040 11150 -3670
-15108 4418 8866 -865 12239 -3101
-15178 4230 8614 88 13014 -2794
-16815 4823 8205 1347 12370 -1440
-17048 4716 7596 1840 8905 -610
-16743 4624 7039 1962 8135 1342
-16732 5294 8061 1825 7389 2718
-16212 5024 7288 2067 7104 4472
-15668 5929 7921 1529 7598 5755
-16446 7072 7630 879 7439 6013
-16461 6228 6804 600 6513 5976
-16761 6044 6376 521 6241 6491
-16843 5895 5736 -396 6022 8145
-16660 6146 6121 -4300 7000 8944
-18364 1350 4565 -7447 8019 8943
-16334 4858 4442 -9980 6748 6496
-17176 3024 3932 -6181 5845 348
-15138 7540 4886 -6808 5500 3786
-15532 5758 4311 -8031 7406 3603
-15817 5093 3154 -9331 8828 3927
-15889 6188 2592 -10602 8151 3462
-15734 5581 2482 -11264 7628 2863
-15661 4959 2527 -11929 7748 2281
-15600 5848 2818 -12167 7998 1877
-15470 5728 2958 -11952 7931 1416
-15356 4866 2920 -11234 7153 181
-15459 4694 3004 -10331 6478 -1032
-15545 4859 2372 -9920 5857 -2437
-15413 5205 2446 -9825 5431 -3775
-15328 4773 2657 -9651 4866 -4782
-15232 4337 2947 -8887 3730 -5807
-15292 4090 3266 -7895 2588 -6176
-15448 3721 3661 -5894 674 -5949
-16092 4220 6005 -856 -4241 -4156
-16159 6432 4756 1782 -5233 -3940
-14944 5464 5362 2043 -4536 -4191
-14771 6847 5364 845 -3858 -4111
-14824 6823 5551 -1894 -4379 -4667
-14454 5869 5114 -2194 -4424 -4485
-14472 5312 5036 -1545 -4438 -4058
-14149 4715 4548 337 -3532 -2941
-14018 3978 3938 2524 -2495 -1795
-14255 3828 3635 3371 -1901 -1219
-14582 3707 3658 4387 -1252 -869
-14734 3568 4046 5164 -449 -618
-14858 3769 4059 5885 239 -160
-15154 3324 4104 7105 665 279
-16230 2872 5173 8490 888 694
-17184 4081 7579 3827 -690 1043
-16140 3436 6570 1832 -931 1303
-15975 1713 6041 1266 -1376 1086
-15788 1272 5744 1950 -1652 856
-15759 1999 5892 3103 -1206 838
-15794 3830 6477 4438 -199 1242
-16066 4412 7036 4675 -62 1393
-16025 4429 6826 4298 -161 1340
-15661 4969 6193 3592 493 1118
-15419 5504 5364 2798 1731 917
-15633 5340 5053 1510 2325 489
-16069 5182 4682 788 2133 227
-15910 4876 4108 719 2271 118
-15927 4742 3661 1122 2535 184
-15882 4622 3522 1476 2598 119
-16105 4439 3671 1517 2083 204
-16158 4296 3676 1291 1709 299
-15926 4230 3417 959 1918 265
-15833 4082 3412 748 2073 299
-16017 4426 3529 404 1936 539
-16169 4285 3614 261 1512 780
-16132 4208 3460 342 1188 914
-16174 4246 3324 531 998 1077
-16120 4458 3344 700 846 1153
-16270 4500 3493 875 606 1161
-16356 4609 3803 1398 212 1146
-16202 4782 3977 1779 -93 1213
-16169 5339 4056 1261 -76 1094
-16057 5020 4220 893 -249 909
-15927 5157 4199 722 -286 1027
-15817 5090 4230 712 97 982
-15842 5097 4215 891 570 968
-15934 5140 4278 987 631 938
-15988 5220 4270 1211 723 916
-16044 5540 4379 1178 1045 835
-16108 5693 4486 673 1211 614
-16066 5612 4510 334 1216 489
-16090 5634 4437 122 1206 327
-15960 5529 4294 -114 1282 270
-15914 5472 4060 -232 1473 128
-15925 5536 4065 -358 1653 20
-16100 5436 3856 -235 1733 -99
-16135 5105 3527 598 1701 -239
-16136 5062 3464 1621 1832 -295
-16192 5660 3853 2012 2038 -371
-16186 5881 4086 1534 2190 -510
-15912 5648 3900 1091 2255 -496
-15956 5557 3456 472 2366 -544
-16052 5212 3220 -189 2160 -522
-16023 5008 2998 -431 1876 -386
-16071 4656 2865 -468 1445 -114
-16090 4729 2730 -313 1088 199
-16115 4822 2663 77 850 290
-16157 5206 2978 338 758 337
-16208 5373 3373 416 700 369
-16186 5309 3537 515 710 356
-16078 5272 3577 549 860 299
-16022 5443 3618 357 1053 315
-16005 5526 3568 -46 1099 330
-15918 5481 3565 -368 1109 370
-15978 5273 3486 -470 1196 368
-16027 5170 3358 -322 1475 354
-16150 5413 3318 19 1978 219
-16354 5692 3383 -11 2132 -15
-16345 5694 3186 222 2346 -265
-16369 5705 3204 579 2613 -630
-16389 5878 3049 500 2696 -759
-16377 5822 2818 274 2683 -945
-16209 5345 2543 598 2588 -1070
-16254 5457 2302 911 2360 -994
-16106 5514 1971 804 2171 -755
-16320 5141 1956 597 1757 -525
-16262 4972 2052 581 1264 -276
-16308 4854 2153 607 853 -60
-16274 4872 2218 617 603 77
-16106 4906 2249 490 327 302
-16156 4890 2286 427 162 479
-16064 4709 2377 357 -67 658
-16103 4784 2375 284 -292 937
-16126 5013 2353 211 -484 1162
-16258 5298 2224 406 -444 1082
-16249 5587 2672 916 -164 868
-16163 6127 3186 1037 252 681
-16048 6205 3313 702 576 539
-16024 5799 3275 452 844 459
-15954 5438 3096 301 1146 447
-15989 5288 2910 312 1499 504
-15989 5153 2760 481 1833 616
-16085 5222 2736 661 2003 687
-16143 5608 2492 447 2045 716
-16218 5672 2341 171 2052 688
-16108 5752 2206 -36 2035 737
-16084 5734 1996 -121 2062 847
-16054 5672 1880 -62 2037 966
-16035 5385 1800 50 1994 1139
-15966 4917 1677 233 1664 1524
-16147 5026 1508 790 1253 1761
-16166 5448 1512 1102 924 2031
-16168 5534 1514 1392 764 2042
-16060 5229 1531 2236 393 2290
-16308 5456 2049 3030 136 2586
-16208 6288 2080 1459 -138 2436
-16245 6123 1682 77 -712 2507
-16104 5158 979 821 -1199 2743
-16375 6245 1528 1668 -1425 2772
-16389 7088 1782 2144 -1387 2690
-16081 6909 2875 2879 -1349 2862
-16014 7916 2370 1240 -1046 2081
-16073 5984 2085 693 -1336 1649
-16009 6354 1721 845 -1719 2109
-15952 5785 1389 1424 -2184 2249
-16064 6674 1528 1761 -2228 2464
-15919 6427 2456 3148 -2315 2910
-15965 8334 3058 1973 -1436 2155
-15876 7414 3324 1506 -1324 1259
-15633 8386 3093 1170 -893 1195
-15661 7689 2553 1045 -603 810
-15934 7254 2337 1386 -256 705
-16046 7487 2330 1480 78 910
-15704 7344 2384 1613 226 850
-15809 7298 2550 1503 211 641
-15767 7598 2526 983 164 539
-15767 7445 2329 711 162 413
-15848 7346 2338 745 369 376
-15790 7512 2265 728 396 429
-15774 7176 2340 607 339 379
-15780 7441 2505 302 337 380