-15613 7637 2437 -197 -27 441
-15679 7793 2349 -278 -104 313
-15655 7810 2356 -275 18 264
-15676 7480 2405 65 1 316
-15723 7576 2575 308 -19 313
-15603 7665 2553 276 -154 299
-15664 7652 2472 221 -176 323
-15602 8095 2547 185 71 274
-15597 7701 2514 256 186 167
-15632 7832 2497 311 302 153
-15550 7853 2674 387 357 154
-15599 7467 2680 713 288 255
-15597 8154 2675 245 596 78
-15650 7800 2506 127 575 -58
-15600 7843 2298 -55 619 63
-15664 7574 2138 -183 356 -18
-15705 7801 2255 -252 381 43
-15660 7598 2238 -331 216 34
-15751 7522 2302 -66 64 158
-15585 8097 2581 39 227 131
-15508 8196 2640 36 338 -22
-15535 8176 2780 -12 550 -167
-15538 8266 2848 -83 775 -386
-15551 7601 2520 -85 771 -415
-15793 7048 2210 136 667 -261
-15740 7710 2062 92 681 -125
-15603 7841 2144 -59 634 -79
-15618 7725 2336 -262 416 -37
-15589 7454 2541 -221 270 151
-15666 7308 2352 64 238 265
-15686 7438 2078 332 150 338
-15673 7911 2097 502 165 426
-15612 7222 2023 1414 -77 671
-15854 8577 2544 1176 391 1001
-15462 7194 1994 520 -365 403
-15708 7689 2149 510 -438 471
-15456 7790 2201 578 -392 651
-15605 7760 2266 963 -639 611
-15641 7956 2738 1333 -354 718
-15412 7404 2637 2258 -383 841
-15626 8484 3097 2847 100 946
-15372 7854 2720 2576 194 496
-15547 8063 2382 2731 234 506
-15507 7862 2321 3870 164 664
-15323 8922 2467 3389 444 250
-15456 8200 2394 3078 474 -55
-15411 7748 1930 3571 -57 159
-15653 8723 2321 4051 -22 264
-15492 7673 2173 3693 96 -45
-15442 8272 1606 3805 178 118
-15626 7621 2080 3753 -159 406
-15507 8688 1420 2786 -408 230
-15575 7694 1384 2711 -601 295
-15780 7756 2364 2952 -223 774
-15396 8921 1852 2148 -52 476
-15481 7939 1906 1950 -520 433
-15617 8184 2329 1993 -182 766
-15424 8349 1946 1955 -215 478
-15454 8508 1700 2368 -243 614
-15549 8528 2248 2309 40 835
-15452 7936 2013 2216 -186 539
-15513 8374 1946 2912 -282 675
-15465 8604 2156 3097 120 901
-15409 7913 1993 2960 54 423
-15556 8282 1954 3160 44 560
-15347 9056 2017 2554 784 704
-15401 8649 2104 2168 1162 407
-15333 8642 1956 2394 1431 575
-15402 9296 2093 1987 2023 563
-15329 8732 1956 1790 2242 170
-15282 9063 1614 1276 2538 102
-15480 7921 1275 1067 2223 -23
-15541 8325 1015 1492 1913 265
-15362 9139 1141 1080 1996 241
-15256 8876 1019 504 1884 -177
-15202 9286 910 295 1666 -429
-15183 9114 908 99 1292 -837
-15302 8510 802 438 707 -1055
-15318 8385 921 879 482 -971
-15468 8380 936 1102 480 -933
-15544 8588 882 1027 354 -888
-15551 8243 813 733 -1 -805
-15476 8377 792 589 -255 -815
-15430 8465 645 402 -364 -695
-15437 8340 499 -129 -351 -576
-15646 8140 680 -545 -442 -382
-15649 8260 964 -809 -508 -225
-15674 8094 941 -897 -643 -102
-15606 7989 1025 -761 -883 75
-15584 8352 1066 -748 -863 206
-15477 8411 1037 -728 -810 221
-15422 8685 1390 -746 -538 159
-15380 8820 1694 -943 -193 3
-15396 8113 1660 -786 -260 9
-15620 8084 1399 -236 -382 132
-15506 8672 1298 -221 -104 171
-15366 8868 1479 -398 117 -12
-15320 9064 1693 -549 319 -258
-15277 8996 1821 -515 409 -496
-15328 8780 1780 -203 695 -737
-15516 8254 1465 216 801 -787
-15659 7990 983 285 631 -603
-15581 8325 933 105 564 -453
-15486 8442 1068 -97 530 -479
-15432 8668 1351 -191 613 -544
-15348 8776 1596 -215 721 -681
-15455 8691 1689 -215 872 -827
-15436 8628 1587 -267 1171 -948
-15580 8164 1270 -417 1258 -955
-15605 8251 1080 -383 1253 -900
-15675 7746 836 -512 1011 -687
-15665 7865 755 -532 734 -448
-15638 8261 948 -621 651 -330
-15568 8343 1100 -798 547 -299
-15559 8160 1130 -898 420 -267
-15662 7832 814 -813 217 -86
-15740 7688 609 -683 -211 210
-15794 7938 698 -681 -435 365
-15700 8234 845 -776 -500 440
-15521 8387 1136 -799 -523 377
-15521 8361 1422 -687 -562 198
-15476 8200 1443 -591 -506 137
-15590 7977 1253 -261 -604 216
-15550 8284 1291 -108 -638 201
-15485 8541 1461 -218 -441 107
-15437 8572 1620 -278 -201 -52
-15354 8546 1692 -248 -107 -185
-15480 8100 1563 -112 -168 -228
-15577 8093 1384 28 -202 -190
-15598 7920 1322 164 -325 -120
-15600 8009 1184 228 -485 -27
-15549 8539 1496 21 -444 -32
-15341 8631 1898 -70 -241 -173
-15334 8558 2082 131 -1 -389
-15356 8510 2091 429 225 -619
-15484 8384 1815 752 527 -756
-15531 8399 1539 813 825 -809
-15610 8304 1352 508 940 -847
-15588 8096 1266 226 834 -842
-15625 8057 1211 38 668 -725
-15650 8098 1144 -232 511 -594
-15753 7829 964 -396 139 -440
-15811 7772 861 -336 -109 -196
-15641 8070 1122 -172 -44 -100
-15496 8494 1377 -239 152 -194
-15509 8607 1643 -628 297 -398
-15520 8293 1629 -921 353 -477
-15641 8087 1524 -1150 484 -492
-15658 7860 1210 -1081 589 -359
-15882 7197 863 -809 300 -24
-15973 7409 870 -831 -141 329
-15704 7988 989 -1295 -347 537
-15574 8010 1081 -1564 -554 617
-15542 8151 1390 -1520 -646 570
-15443 8457 1853 -1308 -386 307
-15348 8603 2107 -1187 -116 -28
-15385 8416 2141 -998 43 -207
-15476 8300 1994 -786 189 -321
-15495 8247 1962 -518 436 -381
-15520 8338 1904 -313 766 -453
-15550 8220 1706 -282 864 -564
-15608 7948 1595 -311 804 -582
-15680 8077 1540 -308 815 -524
-15618 8018 1385 -372 796 -480
-15629 8107 1449 -449 735 -438
-15642 8084 1390 -567 740 -420
-15626 7920 1382 -609 720 -368
-15767 7511 1209 -517 440 -216
-15796 7817 1175 -526 184 -25
-15600 8111 1252 -713 98 33
-15568 8244 1541 -919 153 29
-15636 7762 1580 -741 97 20
-15709 7679 1432 -418 -18 190
-15717 7952 1354 -454 -53 292
-15600 8137 1464 -431 -86 303
-15563 8180 1640 -438 -66 254
-15484 8253 1805 -440 21 149
-15582 7992 1783 -330 125 63
-15576 8039 1763 -155 218 -27
-15637 7992 1698 -35 224 -23
-15614 8274 1712 -64 312 -60
-15522 8347 1707 -121 478 -127
-15551 8162 1669 -100 580 -200
-15771 7610 1320 -10 324 -75
-15710 7880 1273 53 219 105
-15533 8275 1507 80 312 74
-15434 8526 1785 0 454 -132
-15483 8491 1923 -133 577 -321
-15564 8070 1772 -12 556 -441
-15688 7592 1493 241 468 -353
-15733 7673 1284 454 456 -184
-15722 7993 1179 374 562 -24
-15634 8112 1400 66 516 31
-15554 8102 1539 -191 418 -21
-15584 8024 1587 6 369 -156
-15560 8172 1723 283 602 -267
-15576 8516 1808 386 939 -519
-15536 8445 1844 323 1059 -749
-15573 8262 1824 351 1194 -946
-15517 8232 1750 460 1514 -1135