-15520 420 5234 552 2049 231
-15513 412 5184 517 1925 439
-15525 396 4993 443 1753 622
-15534 401 4978 283 1608 824
-15590 218 4969 100 1472 993
-15557 138 4880 -77 1321 1141
-15577 77 4856 -235 1187 1231
-15614 9 4716 -397 1095 1276
-15634 -97 4664 -567 1026 1287
-15630 -153 4705 -696 999 1224
-15632 -220 4694 -758 1054 1164
-15622 -257 4650 -766 1147 1039
-15625 -322 4598 -767 1257 925
-15716 -269 4605 -806 1436 810
-15673 -301 4728 -840 1621 714
-15702 -364 4656 -828 1808 590
-15760 -234 4734 -861 1983 486
-15762 -193 4777 -952 2128 442
-15800 -109 4765 -1117 2274 394
-15860 -16 4966 -1348 2384 367
-16004 164 5198 -1852 2446 244
-15970 972 6065 -3307 2355 -167
-16094 1726 7108 -5478 1771 -1444
-16797 857 8113 -6949 901 -4025
-16581 -74 9446 -6943 -399 -7085
-15714 -1216 9882 -5767 -990 -9689
-14540 -4008 9748 -3399 -1125 -10919
-13266 -5812 8969 -1017 -236 -10754
-12678 -6546 9308 1508 729 -9198
-11814 -6528 9308 4748 2036 -6884
-11758 -6417 9941 8469 3778 -5159
-11965 -5744 10657 12112 5271 -3976
-12620 -4856 11569 14655 6520 -3512
-13108 -4169 13357 15646 7284 -3361
-13842 -4469 15537 15370 8208 -3536
-14633 -5004 17846 14482 8744 -3952
-15333 -5636 19146 13515 8977 -4360
-16273 -5952 19476 12774 8446 -4695
-16634 -6325 19470 12423 7412 -4798
-17044 -6556 19366 12592 5978 -4899
-17317 -6484 19145 13404 4317 -4689
-17876 -6364 18928 14444 2503 -4400
-18624 -6070 18640 15632 308 -3941
-19284 -5704 18298 16675 -2090 -3503
-20248 -5561 17908 17705 -4173 -2895
-21056 -5261 17381 18812 -6282 -2190
-22141 -5094 16666 19890 -8138 -1423
-23048 -4501 16005 20554 -9228 -554
-23820 -4366 15250 21287 -9814 310
-24316 -3720 14342 22242 -10502 1314
-24609 -3040 13481 23048 -11120 2484
-25156 -2330 12646 23714 -11627 3668
-25525 -1678 12098 24248 -12120 4908
-25636 -1322 11162 24997 -11755 6109
-26006 -166 10589 26194 -11529 7502
-25020 572 9346 27743 -11103 9069
-25328 1224 8245 29845 -10228 10897
-23928 2141 7748 31984 -8871 12897
-24520 3196 6762 32767 -6705 14252
-27013 6240 6082 32767 -4022 15448
-28824 8204 5125 32767 -125 16042
-30953 10578 2625 32767 1990 17427
-31661 14041 -1257 32767 3101 19675
-32494 17956 -4333 32423 3250 23225
-32768 20333 -4654 27951 2083 28205
-32768 20836 -3177 21135 -967 32369
-32768 19614 -2717 14746 -1508 32767
-32768 17333 -2085 10917 -2111 32767
-32108 13873 -2282 8514 -4495 32767
-31166 10404 -2453 7201 -8093 32767
-29653 7510 -2488 6634 -11265 32767
-27870 5741 -1609 6072 -13209 32767
-25990 4618 -589 5446 -14354 32767
-24674 4580 277 5132 -15288 32767
-23282 4406 226 5106 -13434 32767
-21488 3787 836 4122 -11278 32767
-18528 3101 996 2764 -9159 32767
-16959 2760 1006 684 -7391 32767
-15051 1938 958 -1499 -5793 32767
-12976 1502 1165 -2828 -4321 32767
-11418 1393 1342 -2968 -2261 32767
-9691 1567 1365 -2321 -1004 32767
-7623 1650 1456 -1747 938 32767
-5954 1776 1948 -2198 2583 32767
-5440 1804 2254 -2861 3736 32767
-5012 1989 2349 -3298 4570 32767
-4544 2097 2429 -3594 5487 32767
-4249 2153 2480 -3961 6359 32058
-3986 1998 2534 -4251 7245 31062
-3778 2205 2860 -4824 8241 30052
-4028 2640 3404 -5871 8993 29188
-4106 2753 3601 -7255 9651 28438
-3785 3012 3922 -9099 10386 28118
-3730 2961 4264 -11546 11577 28052
-4114 2678 4802 -14202 12734 28132
-4082 2194 5433 -16655 13633 28569
-3837 1341 4880 -18967 14364 29032
-3632 669 4024 -20601 15352 29763
-3246 -593 4166 -20708 16029 30392
-2461 -1378 4762 -18958 16571 30638
-1393 -2198 6296 -17010 16495 30917
-250 -3341 7552 -14867 16292 31358
1456 -5006 9716 -13164 16606 32281
2908 -6340 11204 -11732 18151 32767
3277 -7213 12401 -10199 19426 32677
3750 -7169 13349 -9319 21325 31751
3261 -6852 13985 -8921 22273 29797
3313 -7098 15505 -9126 23274 27909
3310 -7709 17113 -9877 23432 26333
3238 -8296 18260 -10521 23499 24671
3457 -8609 19288 -10918 23170 23657
4820 -10740 19572 -9786 23150 23236
4858 -10968 19568 -7262 23172 23051
4457 -10722 20102 -4946 23211 23128
4278 -10501 20600 -2852 23604 22981
3418 -10190 21144 -1327 24630 22346
2322 -9966 21724 -342 26570 21903
1712 -10232 21441 783 29126 21248
621 -8938 21072 1354 31693 20190
-297 -8002 20940 1239 32767 19064
-1438 -7622 21138 1125 32767 17592
-2626 -6918 21356 1383 32767 15733
-4316 -5870 21512 1587 32767 13708
-5472 -4864 21353 1270 31928 11542
-6748 -4193 21330 538 28916 9758
-7552 -3758 21092 71 25485 8249
-8322 -3340 21104 -237 22334 7002
-8869 -3758 21390 314 19483 6056
-8976 -4102 21638 1316 17040 5059
-9269 -3850 21345 2535 15131 4341
-9406 -3805 20809 3810 13837 3514
-9560 -3621 19832 5236 13233 2577
-9372 -3589 18792 6711 12893 1576
-8988 -3522 17536 8192 12786 415
-8349 -3561 16257 9473 13024 -770
-8002 -3674 14852 10905 13499 -1982
-7601 -3637 13397 12566 14130 -2824
-7057 -3645 12033 14075 14854 -3731
-7085 -3269 10782 15584 15198 -4407
-7009 -2752 9604 16630 15124 -4907
-6774 -2398 8561 17464 14693 -5170
-6809 -1564 7457 18144 13505 -4992
-6513 -1040 6468 18648 11575 -4728
-6237 -584 5702 19230 9466 -4508
-6341 -442 5274 20028 7609 -4111
-6004 -638 5057 21287 6221 -3606
-5472 -897 4504 23261 5194 -3229
-5216 -992 4012 25703 4471 -2931
-4976 -957 3665 28254 3980 -2621
-4457 -429 3030 30748 3776 -2450
-4282 210 2521 32583 3781 -2520
-4770 1238 1968 32767 4275 -2977
-6206 2642 1712 32767 4028 -3551
-7408 4501 1099 32767 3182 -4533
-7698 6009 394 32767 2347 -5988
-8214 7237 397 32767 1776 -6841
-8088 7864 -90 32767 1982 -7279
-8644 8572 685 32767 2549 -7959
-9993 9274 933 32767 3634 -8524
-11424 10722 1128 32202 5025 -9425
-13208 12321 1705 29987 5650 -9640
-13861 12776 2462 27048 5890 -9755
-14065 12258 3228 24809 6382 -10195
-14498 10913 3165 24545 7446 -11241
-15724 10230 2564 26952 8484 -12497
-17180 10306 1689 29891 8734 -13849
-18546 11406 1104 31705 8062 -14724
-19954 13090 1253 31055 6737 -14739
-21109 14873 2224 27770 5786 -14581
-22360 15722 3069 23030 4590 -14075
-23330 14833 3652 18363 4007 -13707
-24401 14057 4401 14615 2950 -13548
-24164 13170 4721 11048 1354 -13343
-23873 12141 5132 7973 -567 -13044
-23749 11568 5874 5075 -2943 -12920
-24005 11101 6674 2656 -4623 -13299
-24613 10734 7470 1656 -4825 -14419
-25997 11402 8388 1714 -4079 -16523
-26796 12213 9140 1559 -3473 -18599
-26149 11574 9526 1120 -1805 -19964
-25565 10353 9765 1519 1239 -21080
-26105 9773 9469 2178 3458 -21084
-25928 9092 8681 2686 5518 -20453
-25744 9448 7728 3284 7073 -19000
-24861 10069 6541 3427 8310 -16944
-24137 10170 5853 2789 8742 -14180
-22650 9372 4753 1440 7812 -10870
-21682 8666 4374 907 6485 -6635
-21356 8514 4704 -525 3568 -2763
-21125 8453 5257 -3276 264 3
-21420 8556 5886 -6210 -2749 1717
-21881 7974 6453 -9207 -5801 2393
-21777 6861 6630 -11683 -8435 2443
-21077 5114 6844 -13057 -9850 1652
-20468 3968 6856 -13358 -10254 684
-19914 3476 6905 -13205 -10073 -220
-19398 3186 7345 -12910 -9869 -762
-18586 2894 7749 -12376 -9948 -1277
-18301 3061 7920 -11571 -10123 -1548
-18241 3621 7984 -11292 -10405 -1742